-7.000,1.000,0.001,1.000,0.000,0.000,0.000,-0.000,-0.000,0.000,-0.000,0.000,0.000,0.000,-0.000,-0.000,0.000,-0.000,-0.000,-0.000,0.000,0.000,-0.000,0.000,-0.000,-0.000,-0.000
-7.000,1.000,0.001,1.000,-0.000,-0.000,-0.000,0.424,0.336,0.000,0.308,0.000,0.005,0.004,0.040,0.000,0.006,-0.001,-0.063,-0.026,63.920,50.532,0.161,47.172,0.157,0.871,0.773
-6.999,1.000,0.001,1.000,0.000,-0.000,0.000,0.842,0.697,0.005,0.629,0.007,0.015,0.015,0.057,0.012,0.002,0.011,-0.031,0.075,20.520,18.158,0.892,16.475,1.171,1.108,1.379
-6.999,1.000,0.001,1.000,0.000,-0.001,0.001,0.921,0.777,0.018,0.705,0.023,0.027,0.031,0.072,0.026,0.000,0.016,-0.011,0.156,-1.978,-0.363,1.565,0.417,2.044,1.267,1.886
-6.998,1.001,0.001,1.000,0.000,-0.001,0.002,0.847,0.721,0.036,0.666,0.047,0.041,0.053,0.090,0.036,-0.001,0.011,-0.005,0.212,-11.102,-9.604,2.128,-7.044,2.781,1.486,2.373
-6.997,1.001,0.001,1.000,0.000,-0.001,0.003,0.734,0.624,0.060,0.590,0.078,0.057,0.079,0.111,0.043,-0.001,0.003,-0.005,0.247,-10.392,-8.712,2.541,-7.370,3.384,1.816,2.884
-6.996,1.001,0.001,1.000,0.000,-0.001,0.004,0.647,0.551,0.087,0.526,0.114,0.077,0.111,0.135,0.047,-0.001,-0.003,-0.005,0.269,-6.963,-5.888,2.909,-5.356,3.906,2.218,3.410
-6.994,1.002,0.001,1.000,0.000,-0.001,0.005,0.594,0.504,0.118,0.481,0.156,0.102,0.147,0.159,0.050,-0.001,-0.005,-0.003,0.287,-3.797,-3.695,3.278,-3.649,4.397,2.643,3.931
-6.992,1.002,0.001,1.000,0.000,-0.001,0.007,0.568,0.475,0.152,0.451,0.202,0.130,0.189,0.183,0.053,-0.002,-0.003,-0.001,0.304,-1.568,-2.185,3.653,-2.394,4.876,3.066,4.439
-6.990,1.003,0.001,1.000,0.000,-0.001,0.008,0.559,0.458,0.191,0.432,0.253,0.163,0.236,0.205,0.057,-0.002,0.000,0.001,0.323,-0.313,-1.238,4.031,-1.536,5.350,3.473,4.933
-6.988,1.004,0.001,1.000,0.000,-0.001,0.010,0.559,0.449,0.233,0.420,0.309,0.200,0.288,0.226,0.061,-0.003,0.004,0.003,0.343,0.231,-0.686,4.407,-0.978,5.823,3.859,5.414
-6.986,1.004,0.000,1.000,0.000,-0.001,0.012,0.562,0.444,0.279,0.412,0.370,0.240,0.344,0.247,0.066,-0.003,0.007,0.004,0.365,0.358,-0.384,4.779,-0.626,6.294,4.226,5.881
-6.983,1.005,0.000,1.000,0.000,-0.001,0.014,0.565,0.441,0.329,0.407,0.435,0.284,0.405,0.266,0.071,-0.004,0.009,0.005,0.388,0.299,-0.225,5.142,-0.407,6.761,4.574,6.336
-6.981,1.006,0.000,1.000,0.000,-0.001,0.016,0.568,0.439,0.382,0.403,0.505,0.331,0.471,0.285,0.076,-0.004,0.011,0.006,0.411,0.190,-0.142,5.497,-0.269,7.222,4.907,6.778
-6.978,1.006,0.000,1.000,0.000,-0.001,0.018,0.569,0.438,0.438,0.401,0.580,0.382,0.541,0.303,0.081,-0.005,0.013,0.006,0.434,0.097,-0.095,5.842,-0.181,7.674,5.225,7.209
-6.975,1.007,0.000,1.000,0.000,-0.001,0.020,0.570,0.437,0.499,0.400,0.658,0.436,0.615,0.320,0.087,-0.006,0.014,0.006,0.458,0.039,-0.065,6.177,-0.123,8.118,5.531,7.627
-6.971,1.008,0.000,1.000,0.000,-0.000,0.022,0.570,0.437,0.562,0.399,0.742,0.493,0.693,0.337,0.093,-0.007,0.015,0.006,0.480,0.009,-0.044,6.501,-0.083,8.551,5.825,8.034
-6.968,1.009,0.000,1.000,0.001,-0.000,0.025,0.570,0.436,0.629,0.398,0.829,0.552,0.776,0.353,0.099,-0.008,0.016,0.005,0.502,-0.004,-0.030,6.816,-0.057,8.974,6.109,8.430
-6.964,1.010,0.000,1.000,0.001,-0.000,0.027,0.570,0.436,0.698,0.398,0.921,0.615,0.862,0.368,0.105,-0.009,0.016,0.005,0.524,-0.007,-0.019,7.122,-0.038,9.387,6.383,8.815
-6.960,1.011,-0.000,1.000,0.001,-0.000,0.030,0.570,0.436,0.771,0.397,1.017,0.680,0.952,0.382,0.111,-0.009,0.016,0.005,0.545,-0.007,-0.012,7.418,-0.026,9.789,6.648,9.188
-6.957,1.012,-0.000,0.999,0.001,-0.000,0.033,0.570,0.436,0.847,0.397,1.117,0.748,1.046,0.396,0.117,-0.010,0.015,0.005,0.565,-0.005,-0.008,7.705,-0.018,10.179,6.904,9.551
-6.953,1.014,-0.000,0.999,0.001,-0.000,0.036,0.570,0.436,0.925,0.397,1.221,0.818,1.143,0.409,0.123,-0.011,0.013,0.005,0.584,-0.003,-0.005,7.982,-0.012,10.559,7.152,9.903
-6.948,1.015,-0.000,0.999,0.001,-0.000,0.039,0.570,0.436,1.006,0.397,1.328,0.891,1.244,0.422,0.130,-0.011,0.011,0.004,0.603,-0.002,-0.003,8.251,-0.009,10.926,7.391,10.244
-6.944,1.016,-0.000,0.999,0.001,-0.000,0.042,0.570,0.436,1.090,0.397,1.439,0.966,1.348,0.434,0.136,-0.011,0.008,0.004,0.621,-0.001,-0.002,8.511,-0.006,11.282,7.623,10.575
-6.940,1.018,-0.001,0.999,0.001,-0.000,0.045,0.570,0.436,1.176,0.397,1.554,1.043,1.455,0.445,0.142,-0.011,0.004,0.003,0.638,-0.000,-0.001,8.763,-0.004,11.626,7.847,10.894
-6.935,1.019,-0.001,0.999,0.001,-0.000,0.048,0.570,0.436,1.265,0.397,1.672,1.123,1.566,0.455,0.149,-0.010,-0.001,0.002,0.655,0.000,-0.000,9.007,-0.002,11.957,8.064,11.202
-6.931,1.020,-0.001,0.999,0.001,-0.000,0.051,0.570,0.436,1.356,0.397,1.793,1.204,1.679,0.466,0.155,-0.010,-0.006,0.001,0.671,0.000,-0.000,9.243,-0.000,12.275,8.274,11.499
-6.926,1.022,-0.001,0.998,0.001,-0.000,0.055,0.570,0.436,1.450,0.397,1.917,1.288,1.795,0.475,0.162,-0.009,-0.011,-0.001,0.686,0.001,0.000,9.470,0.001,12.581,8.477,11.784
-6.921,1.024,-0.001,0.998,0.001,-0.000,0.058,0.570,0.436,1.546,0.397,2.044,1.374,1.915,0.484,0.169,-0.008,-0.016,-0.002,0.701,0.001,-0.000,9.691,0.003,12.874,8.674,12.058
-6.916,1.025,-0.001,0.998,0.001,-0.000,0.062,0.570,0.436,1.644,0.397,2.175,1.462,2.037,0.493,0.175,-0.007,-0.021,-0.003,0.716,0.001,-0.000,9.904,0.004,13.154,8.866,12.321
-6.911,1.027,-0.001,0.998,0.001,-0.000,0.065,0.570,0.436,1.744,0.397,2.307,1.551,2.161,0.501,0.182,-0.005,-0.025,-0.004,0.729,0.000,-0.001,10.110,0.004,13.423,9.051,12.572
-6.906,1.029,-0.001,0.998,0.001,-0.000,0.069,0.570,0.436,1.846,0.397,2.443,1.643,2.288,0.509,0.189,-0.004,-0.028,-0.005,0.743,0.000,-0.001,10.309,0.005,13.679,9.232,12.814
-6.901,1.031,-0.001,0.997,0.000,-0.000,0.073,0.570,0.436,1.950,0.397,2.581,1.736,2.417,0.516,0.196,-0.003,-0.029,-0.006,0.756,0.000,-0.001,10.501,0.005,13.924,9.407,13.046
-6.896,1.033,-0.001,0.997,0.000,-0.000,0.077,0.570,0.436,2.056,0.397,2.721,1.831,2.549,0.524,0.203,-0.002,-0.030,-0.007,0.768,0.000,-0.002,10.689,0.005,14.156,9.579,13.270
-6.891,1.035,-0.001,0.997,0.000,-0.001,0.081,0.570,0.436,2.164,0.397,2.864,1.927,2.683,0.530,0.210,-0.001,-0.029,-0.008,0.780,-0.000,-0.002,10.871,0.004,14.377,9.748,13.486
-6.885,1.037,-0.001,0.996,-0.000,-0.001,0.084,0.570,0.436,2.273,0.397,3.009,2.026,2.819,0.537,0.217,-0.000,-0.026,-0.008,0.792,-0.000,-0.002,11.047,0.003,14.588,9.912,13.696
-6.880,1.039,-0.001,0.996,-0.000,-0.001,0.088,0.570,0.436,2.385,0.397,3.156,2.126,2.957,0.544,0.225,0.000,-0.021,-0.008,0.803,-0.000,-0.003,11.218,0.003,14.793,10.072,13.899
-6.874,1.042,-0.001,0.996,-0.000,-0.001,0.092,0.570,0.435,2.498,0.397,3.305,2.227,3.097,0.550,0.232,0.001,-0.015,-0.007,0.814,-0.001,-0.003,11.383,0.002,14.992,10.227,14.096
-6.869,1.044,-0.001,0.995,-0.000,-0.001,0.097,0.570,0.435,2.612,0.397,3.456,2.330,3.238,0.555,0.240,0.001,-0.009,-0.005,0.825,-0.001,-0.003,11.542,0.001,15.187,10.377,14.288
-6.863,1.047,-0.001,0.995,-0.000,-0.001,0.101,0.570,0.435,2.729,0.397,3.609,2.435,3.382,0.561,0.247,0.001,-0.003,-0.004,0.835,-0.001,-0.003,11.697,0.001,15.378,10.522,14.475
-6.858,1.049,-0.001,0.994,-0.000,-0.001,0.105,0.570,0.435,2.846,0.397,3.763,2.541,3.528,0.566,0.255,0.001,0.000,-0.003,0.845,-0.000,-0.002,11.846,0.000,15.565,10.661,14.658
-6.852,1.052,-0.001,0.994,-0.000,-0.001,0.109,0.570,0.435,2.965,0.397,3.920,2.648,3.675,0.571,0.263,0.001,0.001,-0.003,0.856,-0.000,-0.002,11.991,0.001,15.747,10.794,14.837
-6.846,1.054,-0.001,0.994,-0.000,-0.001,0.113,0.570,0.435,3.086,0.397,4.078,2.757,3.825,0.576,0.271,0.001,-0.002,-0.003,0.866,-0.000,-0.002,12.131,0.001,15.925,10.922,15.011
-6.840,1.057,-0.001,0.993,-0.000,-0.001,0.118,0.570,0.435,3.208,0.397,4.238,2.866,3.976,0.580,0.279,0.002,-0.007,-0.005,0.878,0.000,-0.001,12.271,0.002,16.096,11.043,15.180
-6.835,1.060,-0.001,0.993,-0.000,-0.001,0.122,0.570,0.435,3.331,0.397,4.400,2.977,4.128,0.583,0.288,0.003,-0.014,-0.009,0.890,0.000,-0.001,12.407,0.003,16.263,11.157,15.344
-6.829,1.063,-0.001,0.992,-0.001,-0.001,0.127,0.570,0.435,3.456,0.397,4.564,3.089,4.283,0.587,0.297,0.005,-0.023,-0.013,0.904,0.000,-0.001,12.540,0.004,16.423,11.264,15.502
-6.823,1.066,-0.001,0.991,-0.001,-0.001,0.131,0.570,0.435,3.582,0.397,4.729,3.203,4.438,0.590,0.306,0.007,-0.033,-0.017,0.919,0.001,-0.001,12.670,0.006,16.574,11.367,15.653
-6.817,1.069,-0.001,0.991,-0.001,-0.001,0.136,0.570,0.435,3.710,0.397,4.895,3.317,4.596,0.593,0.315,0.008,-0.045,-0.019,0.933,0.001,-0.001,12.796,0.007,16.714,11.467,15.794
-6.811,1.072,-0.001,0.990,-0.001,-0.001,0.140,0.570,0.435,3.838,0.397,5.063,3.432,4.754,0.596,0.324,0.010,-0.057,-0.019,0.947,0.001,-0.001,12.919,0.007,16.842,11.567,15.925
-6.805,1.075,-0.001,0.989,-0.001,-0.001,0.145,0.570,0.435,3.968,0.397,5.232,3.548,4.914,0.598,0.333,0.011,-0.068,-0.019,0.961,0.000,-0.002,13.040,0.007,16.958,11.669,16.045
-6.799,1.079,-0.001,0.989,-0.002,-0.001,0.150,0.570,0.435,4.099,0.397,5.402,3.665,5.075,0.601,0.343,0.012,-0.077,-0.017,0.972,0.000,-0.002,13.159,0.006,17.061,11.777,16.155
-6.793,1.082,-0.001,0.988,-0.002,-0.002,0.155,0.570,0.435,4.231,0.397,5.573,3.784,5.237,0.604,0.352,0.012,-0.083,-0.015,0.981,-0.000,-0.003,13.276,0.005,17.152,11.892,16.254
-6.787,1.086,-0.000,0.987,-0.003,-0.002,0.159,0.570,0.435,4.365,0.397,5.745,3.903,5.400,0.607,0.360,0.012,-0.083,-0.012,0.986,-0.001,-0.003,13.391,0.003,17.232,12.017,16.343
-6.781,1.089,-0.000,0.986,-0.003,-0.002,0.164,0.570,0.435,4.499,0.398,5.918,4.024,5.564,0.610,0.369,0.012,-0.076,-0.009,0.986,-0.001,-0.004,13.503,0.000,17.301,12.154,16.423
-6.775,1.093,-0.000,0.986,-0.003,-0.002,0.169,0.570,0.435,4.635,0.397,6.091,4.146,5.729,0.613,0.377,0.011,-0.058,-0.005,0.985,-0.002,-0.005,13.603,-0.003,17.372,12.296,16.502
-6.769,1.097,-0.000,0.985,-0.004,-0.002,0.174,0.570,0.435,4.771,0.397,6.265,4.270,5.894,0.616,0.385,0.009,-0.025,-0.001,0.985,-0.002,-0.005,13.701,-0.005,17.454,12.429,16.582
-6.762,1.101,0.000,0.984,-0.004,-0.002,0.179,0.570,0.435,4.909,0.397,6.440,4.395,6.060,0.618,0.394,0.007,0.015,0.003,0.986,-0.002,-0.005,13.793,-0.008,17.547,12.549,16.668
-6.756,1.105,0.000,0.983,-0.003,-0.002,0.184,0.570,0.435,5.047,0.397,6.616,4.521,6.227,0.620,0.402,0.005,0.056,0.007,0.989,-0.002,-0.004,13.875,-0.009,17.653,12.651,16.762
-6.750,1.109,0.000,0.982,-0.003,-0.002,0.189,0.570,0.435,5.186,0.397,6.793,4.648,6.395,0.621,0.411,0.002,0.094,0.010,0.992,-0.002,-0.004,13.945,-0.010,17.771,12.736,16.866
-6.744,1.113,0.000,0.981,-0.003,-0.002,0.193,0.570,0.435,5.326,0.397,6.971,4.776,6.565,0.622,0.419,0.000,0.127,0.012,0.995,-0.002,-0.003,14.004,-0.010,17.901,12.803,16.980
-6.738,1.117,0.000,0.980,-0.002,-0.001,0.198,0.570,0.435,5.466,0.397,7.151,4.904,6.735,0.621,0.428,-0.002,0.153,0.014,0.999,-0.001,-0.002,14.051,-0.009,18.041,12.852,17.104
-6.731,1.122,0.000,0.979,-0.001,-0.001,0.203,0.570,0.435,5.607,0.397,7.332,5.033,6.907,0.620,0.436,-0.004,0.173,0.015,1.003,-0.001,-0.002,14.087,-0.009,18.190,12.885,17.236
-6.725,1.126,0.000,0.978,-0.000,-0.001,0.208,0.570,0.435,5.748,0.397,7.515,5.161,7.080,0.619,0.445,-0.005,0.183,0.017,1.008,-0.001,-0.001,14.113,-0.008,18.343,12.902,17.374
-6.719,1.131,-0.000,0.977,0.001,-0.001,0.213,0.570,0.435,5.889,0.397,7.699,5.291,7.254,0.616,0.453,-0.006,0.182,0.018,1.013,-0.000,-0.000,14.132,-0.007,18.499,12.906,17.514
-6.713,1.135,-0.000,0.976,0.002,-0.000,0.218,0.570,0.435,6.030,0.397,7.885,5.420,7.430,0.613,0.461,-0.006,0.169,0.017,1.019,0.000,0.001,14.146,-0.005,18.656,12.896,17.655
-6.707,1.140,-0.000,0.975,0.002,-0.000,0.223,0.570,0.435,6.172,0.397,8.072,5.548,7.607,0.610,0.469,-0.005,0.143,0.013,1.027,0.000,0.002,14.157,-0.004,18.811,12.876,17.790
-6.701,1.144,-0.000,0.974,0.003,0.000,0.228,0.570,0.435,6.314,0.397,8.261,5.677,7.786,0.605,0.478,-0.004,0.112,0.007,1.036,0.001,0.004,14.178,-0.002,18.958,12.846,17.919
-6.695,1.149,-0.000,0.972,0.003,0.000,0.233,0.570,0.435,6.455,0.397,8.451,5.805,7.966,0.601,0.486,-0.002,0.081,0.003,1.047,0.002,0.005,14.211,0.000,19.094,12.810,18.037
-6.689,1.154,-0.000,0.971,0.004,0.000,0.238,0.570,0.435,6.598,0.397,8.643,5.933,8.147,0.595,0.495,-0.001,0.055,0.002,1.061,0.002,0.007,14.240,0.002,19.220,12.773,18.149
-6.683,1.159,-0.000,0.970,0.004,0.000,0.243,0.570,0.435,6.740,0.397,8.836,6.061,8.329,0.590,0.503,-0.001,0.032,0.006,1.077,0.003,0.008,14.270,0.003,19.338,12.735,18.252
-6.677,1.164,-0.000,0.969,0.004,0.000,0.249,0.570,0.435,6.883,0.397,9.030,6.188,8.512,0.584,0.512,-0.002,0.010,0.015,1.094,0.003,0.008,14.306,0.004,19.449,12.697,18.344
-6.671,1.169,-0.000,0.967,0.004,0.001,0.254,0.570,0.435,7.026,0.397,9.225,6.315,8.695,0.577,0.522,-0.003,-0.010,0.027,1.113,0.002,0.008,14.353,0.004,19.553,12.662,18.426
-6.665,1.175,-0.000,0.966,0.004,0.001,0.260,0.570,0.435,7.170,0.397,9.421,6.441,8.880,0.571,0.531,-0.005,-0.028,0.038,1.129,0.002,0.008,14.411,0.003,19.651,12.641,18.498
-6.660,1.180,-0.000,0.964,0.004,0.001,0.265,0.570,0.435,7.315,0.397,9.618,6.568,9.065,0.566,0.539,-0.007,-0.044,0.043,1.140,0.002,0.008,14.479,0.002,19.747,12.644,18.561
-6.654,1.185,-0.000,0.963,0.003,0.001,0.270,0.570,0.435,7.460,0.397,9.816,6.694,9.251,0.560,0.548,-0.008,-0.057,0.041,1.148,0.001,0.007,14.558,0.002,19.837,12.671,18.617
-6.648,1.191,-0.001,0.961,0.003,0.001,0.276,0.570,0.436,7.606,0.397,10.014,6.821,9.438,0.556,0.556,-0.009,-0.065,0.034,1.153,0.001,0.006,14.645,0.002,19.918,12.719,18.671
-6.643,1.197,-0.001,0.960,0.003,0.001,0.282,0.570,0.436,7.753,0.397,10.214,6.949,9.625,0.551,0.564,-0.008,-0.071,0.022,1.156,0.001,0.005,14.738,0.002,19.988,12.783,18.724
-6.637,1.202,-0.001,0.958,0.002,0.001,0.287,0.570,0.436,7.901,0.397,10.414,7.077,9.812,0.546,0.572,-0.007,-0.074,0.006,1.158,0.001,0.003,14.832,0.003,20.047,12.860,18.778
-6.632,1.208,-0.001,0.956,0.002,0.001,0.293,0.570,0.436,8.049,0.397,10.615,7.206,10.000,0.542,0.580,-0.005,-0.077,-0.011,1.160,0.001,0.002,14.924,0.004,20.094,12.946,18.832
-6.627,1.214,-0.001,0.954,0.002,0.001,0.298,0.570,0.436,8.199,0.397,10.816,7.336,10.189,0.537,0.588,-0.003,-0.081,-0.027,1.163,0.000,0.000,15.011,0.006,20.127,13.034,18.887
-6.621,1.220,-0.001,0.953,0.001,0.000,0.304,0.570,0.436,8.350,0.397,11.017,7.467,10.378,0.532,0.596,-0.000,-0.087,-0.040,1.167,0.000,-0.001,15.090,0.008,20.147,13.122,18.939
-6.616,1.226,-0.001,0.951,0.001,-0.000,0.309,0.570,0.436,8.501,0.397,11.219,7.598,10.568,0.527,0.604,0.002,-0.095,-0.048,1.172,0.000,-0.002,15.163,0.009,20.153,13.207,18.986
-6.611,1.232,-0.001,0.949,0.000,-0.000,0.315,0.570,0.436,8.653,0.397,11.420,7.731,10.758,0.521,0.612,0.005,-0.104,-0.051,1.177,0.000,-0.003,15.230,0.009,20.145,13.291,19.025
-6.606,1.238,-0.001,0.947,-0.000,-0.001,0.321,0.570,0.436,8.805,0.397,11.622,7.864,10.948,0.516,0.620,0.007,-0.113,-0.048,1.183,0.000,-0.003,15.294,0.008,20.123,13.374,19.053
-6.600,1.244,-0.001,0.945,-0.001,-0.001,0.326,0.570,0.436,8.959,0.397,11.823,7.998,11.139,0.510,0.629,0.009,-0.120,-0.039,1.187,-0.000,-0.003,15.359,0.007,20.088,13.458,19.068
-6.595,1.251,-0.001,0.943,-0.001,-0.002,0.332,0.570,0.435,9.113,0.397,12.024,8.133,11.329,0.505,0.637,0.009,-0.123,-0.026,1.190,-0.000,-0.003,15.425,0.005,20.043,13.546,19.068
-6.590,1.257,-0.000,0.941,-0.002,-0.002,0.337,0.570,0.435,9.267,0.397,12.224,8.269,11.520,0.500,0.644,0.009,-0.123,-0.012,1.188,-0.001,-0.003,15.495,0.002,20.002,13.640,19.051
-6.585,1.263,-0.000,0.939,-0.002,-0.002,0.343,0.570,0.435,9.423,0.397,12.424,8.406,11.710,0.496,0.651,0.009,-0.119,-0.000,1.182,-0.001,-0.003,15.569,-0.002,19.968,13.743,19.020
-6.580,1.270,-0.000,0.937,-0.003,-0.002,0.348,0.570,0.435,9.579,0.397,12.623,8.544,11.900,0.492,0.658,0.008,-0.106,0.008,1.173,-0.001,-0.003,15.635,-0.005,19.950,13.852,18.983
-6.576,1.277,-0.000,0.935,-0.003,-0.002,0.354,0.570,0.435,9.735,0.397,12.823,8.683,12.090,0.488,0.665,0.006,-0.082,0.018,1.161,-0.002,-0.003,15.688,-0.007,19.944,13.967,18.945
-6.571,1.283,-0.000,0.933,-0.004,-0.002,0.359,0.570,0.435,9.892,0.397,13.022,8.823,12.279,0.485,0.671,0.001,-0.047,0.032,1.144,-0.002,-0.003,15.731,-0.009,19.941,14.090,18.910
-6.566,1.290,-0.000,0.931,-0.004,-0.002,0.365,0.570,0.435,10.050,0.397,13.221,8.965,12.468,0.481,0.677,-0.003,-0.001,0.042,1.130,-0.002,-0.003,15.778,-0.009,19.954,14.200,18.890
-6.561,1.297,-0.000,0.929,-0.004,-0.002,0.370,0.570,0.435,10.208,0.397,13.421,9.107,12.657,0.476,0.684,-0.007,0.045,0.043,1.121,-0.002,-0.004,15.829,-0.009,19.991,14.282,18.893
-6.556,1.304,-0.000,0.927,-0.004,-0.002,0.375,0.570,0.435,10.366,0.397,13.621,9.250,12.846,0.470,0.690,-0.009,0.084,0.037,1.117,-0.002,-0.004,15.875,-0.008,20.049,14.337,18.919
-6.552,1.311,-0.000,0.925,-0.003,-0.001,0.380,0.570,0.435,10.525,0.397,13.822,9.394,13.036,0.464,0.696,-0.011,0.112,0.025,1.114,-0.002,-0.004,15.909,-0.007,20.124,14.372,18.967
-6.547,1.318,-0.001,0.923,-0.003,-0.001,0.385,0.570,0.435,10.685,0.397,14.024,9.538,13.226,0.457,0.702,-0.011,0.131,0.009,1.113,-0.001,-0.005,15.927,-0.006,20.210,14.392,19.034
-6.543,1.325,-0.001,0.921,-0.002,-0.001,0.390,0.570,0.435,10.844,0.397,14.226,9.682,13.416,0.449,0.708,-0.011,0.138,-0.012,1.113,-0.001,-0.005,15.929,-0.004,20.302,14.400,19.116
-6.538,1.332,-0.001,0.918,-0.001,-0.000,0.396,0.570,0.435,11.003,0.397,14.430,9.826,13.608,0.441,0.713,-0.008,0.133,-0.034,1.113,-0.001,-0.005,15.911,-0.002,20.397,14.399,19.209
-6.534,1.339,-0.001,0.916,-0.001,-0.000,0.401,0.570,0.435,11.162,0.397,14.634,9.970,13.801,0.433,0.718,-0.005,0.121,-0.054,1.114,-0.001,-0.005,15.877,-0.000,20.487,14.392,19.306
-6.529,1.346,-0.001,0.914,-0.000,-0.000,0.406,0.570,0.435,11.321,0.397,14.840,10.114,13.994,0.424,0.723,-0.002,0.105,-0.069,1.115,-0.001,-0.005,15.828,0.001,20.564,14.383,19.404
-6.525,1.353,-0.001,0.912,0.001,-0.001,0.411,0.570,0.435,11.479,0.397,15.046,10.257,14.189,0.416,0.728,0.001,0.090,-0.074,1.116,-0.000,-0.004,15.769,0.002,20.621,14.377,19.498
-6.521,1.361,-0.001,0.909,0.001,-0.001,0.416,0.301,0.129,11.638,0.229,15.251,10.400,14.385,0.413,0.732,0.004,0.086,-0.073,1.132,-47.928,-54.895,16.119,-31.446,20.377,14.380,19.667
-6.517,1.368,-0.001,0.907,0.002,-0.001,0.420,-0.184,-0.408,11.800,-0.128,15.452,10.549,14.578,0.485,0.679,0.048,0.027,-0.299,0.566,-38.110,-41.792,16.268,-31.730,19.819,15.535,18.871
-6.511,1.374,0.000,0.907,0.003,-0.003,0.421,-0.295,-0.583,11.963,-0.220,15.650,10.709,14.759,0.531,0.606,0.076,0.073,-0.409,0.017,15.738,6.158,16.249,15.631,19.823,16.250,17.393
-6.506,1.380,0.001,0.907,0.004,-0.004,0.421,0.048,-0.332,12.125,0.119,15.848,10.873,14.930,0.529,0.597,0.021,0.071,-0.090,-0.081,44.003,38.045,16.258,43.349,19.854,16.475,16.748
-6.501,1.386,0.001,0.907,0.004,-0.004,0.421,0.373,0.006,12.288,0.450,16.047,11.037,15.096,0.513,0.599,-0.034,0.090,0.253,-0.008,15.603,22.729,16.303,18.460,19.835,16.256,16.565
-6.496,1.392,-0.000,0.907,0.003,-0.001,0.421,0.323,0.028,12.451,0.466,16.245,11.197,15.261,0.498,0.603,-0.076,0.100,0.521,0.082,-22.959,-17.140,16.371,-13.569,19.817,15.935,16.560
-6.491,1.398,-0.000,0.907,0.003,-0.000,0.422,0.019,-0.228,12.615,0.240,16.439,11.357,15.430,0.502,0.629,0.004,0.051,0.008,0.158,-30.838,-26.743,16.377,-26.385,18.812,16.099,17.068
-6.486,1.405,-0.000,0.907,0.004,-0.001,0.422,-0.149,-0.373,12.779,0.065,16.623,11.521,15.600,0.534,0.614,0.055,0.060,-0.298,-0.054,-0.456,-0.449,16.426,-5.327,18.061,16.633,16.882
-6.480,1.411,0.000,0.907,0.004,-0.001,0.421,-0.004,-0.243,12.943,0.149,16.803,11.688,15.767,0.538,0.600,0.013,0.054,-0.021,-0.154,24.646,23.206,16.444,18.229,18.011,16.702,16.525
-6.475,1.417,0.000,0.907,0.004,-0.001,0.421,0.221,-0.001,13.108,0.321,16.983,11.854,15.931,0.522,0.604,-0.031,0.057,0.257,-0.061,15.758,20.418,16.500,12.266,17.939,16.384,16.512
-6.470,1.423,-0.000,0.907,0.004,0.000,0.421,0.251,0.086,13.273,0.347,17.161,12.014,16.100,0.472,0.644,-0.012,-0.001,0.133,0.326,-9.086,-3.223,16.419,-6.722,17.756,15.541,17.238
-6.465,1.429,-0.000,0.906,0.004,0.001,0.423,0.089,-0.026,13.436,0.215,17.339,12.167,16.275,0.450,0.662,0.004,-0.051,0.026,0.500,-19.213,-15.388,16.277,-16.976,17.912,15.062,17.666
-6.461,1.436,-0.000,0.905,0.003,0.001,0.425,-0.043,-0.135,13.599,0.078,17.518,12.317,16.452,0.461,0.659,-0.005,-0.127,0.069,0.434,-5.120,-4.235,16.349,-7.992,17.766,15.145,17.685
-6.456,1.443,-0.000,0.904,0.003,0.001,0.427,0.004,-0.091,13.762,0.084,17.694,12.471,16.628,0.488,0.651,-0.001,-0.106,0.029,0.253,12.497,11.519,16.300,7.750,17.411,15.659,17.523
-6.451,1.449,-0.000,0.904,0.002,0.000,0.428,0.141,0.047,13.925,0.180,17.868,12.628,16.803,0.482,0.659,-0.001,-0.090,0.024,0.296,11.862,13.411,16.301,8.926,17.431,15.683,17.602
-6.447,1.456,-0.000,0.903,0.002,0.000,0.430,0.191,0.123,14.089,0.220,18.044,12.783,16.980,0.453,0.674,-0.004,-0.098,0.037,0.472,-2.268,0.955,16.375,-1.403,17.799,15.266,17.803
-6.442,1.463,-0.000,0.902,0.001,0.000,0.432,0.113,0.074,14.252,0.160,18.223,12.935,17.159,0.447,0.682,0.001,-0.101,0.001,0.512,-11.041,-8.746,16.222,-9.176,18.031,15.211,17.929
-6.438,1.469,-0.000,0.901,0.001,-0.000,0.434,0.022,-0.003,14.414,0.075,18.403,13.089,17.338,0.463,0.677,-0.001,-0.149,0.007,0.407,-5.415,-4.944,16.278,-6.140,17.848,15.529,17.830
-6.433,1.476,-0.000,0.900,0.000,-0.000,0.436,0.026,-0.002,14.578,0.061,18.579,13.246,17.515,0.484,0.670,-0.001,-0.155,0.001,0.261,5.455,4.594,16.451,2.925,17.444,16.012,17.628
-6.428,1.483,-0.000,0.900,-0.001,-0.001,0.437,0.101,0.068,14.743,0.112,18.753,13.408,17.691,0.486,0.672,-0.003,-0.146,0.016,0.237,7.738,7.845,16.590,5.859,17.293,16.221,17.550
-6.423,1.490,-0.000,0.899,-0.001,-0.001,0.438,0.146,0.121,14.909,0.149,18.926,13.570,17.867,0.476,0.681,-0.005,-0.129,0.032,0.302,0.618,2.054,16.537,0.859,17.469,16.194,17.603
-6.418,1.496,-0.000,0.898,-0.002,-0.001,0.439,0.114,0.104,15.074,0.127,19.102,13.732,18.043,0.470,0.687,-0.005,-0.113,0.036,0.336,-5.867,-4.591,16.457,-4.590,17.666,16.210,17.639
-6.414,1.503,-0.000,0.898,-0.003,-0.001,0.441,0.058,0.056,15.239,0.078,19.279,13.895,18.219,0.476,0.686,-0.005,-0.095,0.031,0.286,-4.265,-4.013,16.587,-4.137,17.621,16.403,17.547
-6.409,1.510,-0.000,0.897,-0.003,-0.001,0.442,0.047,0.042,15.406,0.061,19.454,14.060,18.394,0.485,0.682,-0.005,-0.066,0.027,0.218,1.894,1.280,16.854,0.701,17.440,16.641,17.400
-6.404,1.517,-0.000,0.897,-0.003,-0.001,0.443,0.084,0.074,15.575,0.085,19.628,14.227,18.567,0.485,0.683,-0.006,-0.026,0.026,0.206,4.566,4.256,17.013,3.410,17.396,16.762,17.343
-6.399,1.524,-0.001,0.896,-0.003,-0.001,0.444,0.116,0.107,15.745,0.112,19.803,14.395,18.741,0.478,0.690,-0.007,0.013,0.026,0.246,1.403,1.921,16.981,1.435,17.548,16.754,17.401
-6.395,1.531,-0.001,0.895,-0.003,-0.001,0.445,0.108,0.106,15.915,0.109,19.979,14.562,18.915,0.473,0.695,-0.008,0.040,0.024,0.280,-2.602,-1.914,16.901,-1.813,17.737,16.733,17.481
-6.390,1.538,-0.001,0.895,-0.003,-0.001,0.446,0.078,0.080,16.084,0.085,20.157,14.730,19.090,0.474,0.696,-0.009,0.054,0.020,0.269,-2.740,-2.533,16.930,-2.397,17.816,16.790,17.504
-6.385,1.545,-0.001,0.894,-0.003,-0.000,0.448,0.065,0.066,16.254,0.071,20.335,14.898,19.265,0.477,0.695,-0.009,0.066,0.013,0.234,0.236,-0.225,17.051,-0.234,17.818,16.891,17.487
-6.380,1.552,-0.001,0.894,-0.003,-0.000,0.449,0.079,0.076,16.425,0.079,20.513,15.068,19.440,0.478,0.695,-0.009,0.080,0.002,0.218,2.209,1.862,17.145,1.565,17.853,16.957,17.505
-6.376,1.559,-0.001,0.893,-0.002,0.000,0.450,0.098,0.093,16.596,0.094,20.692,15.237,19.616,0.474,0.699,-0.008,0.092,-0.011,0.233,1.207,1.330,17.146,1.099,17.958,16.958,17.596
-6.371,1.566,-0.001,0.893,-0.002,0.000,0.451,0.100,0.098,16.767,0.097,20.873,15.407,19.792,0.470,0.703,-0.007,0.095,-0.027,0.256,-0.772,-0.412,17.105,-0.405,18.078,16.936,17.721
-6.366,1.573,-0.001,0.892,-0.001,0.000,0.452,0.087,0.088,16.938,0.088,21.054,15.576,19.970,0.469,0.705,-0.005,0.091,-0.041,0.259,-1.421,-1.206,17.090,-1.143,18.155,16.946,17.827
-6.361,1.580,-0.001,0.892,-0.001,0.000,0.453,0.077,0.079,17.109,0.080,21.236,15.746,20.149,0.470,0.706,-0.003,0.084,-0.052,0.244,-0.399,-0.491,17.106,-0.485,18.189,16.995,17.898
-6.357,1.587,-0.001,0.891,-0.000,0.000,0.454,0.080,0.080,17.281,0.080,21.418,15.916,20.328,0.471,0.707,-0.001,0.079,-0.060,0.231,0.745,0.578,17.114,0.446,18.214,17.047,17.966
-6.352,1.594,-0.001,0.891,0.000,0.000,0.455,0.088,0.088,17.452,0.086,21.600,16.087,20.508,0.469,0.709,0.001,0.077,-0.064,0.233,0.771,0.753,17.086,0.589,18.252,17.072,18.057
-6.347,1.601,-0.001,0.890,0.001,-0.000,0.456,0.093,0.093,17.622,0.090,21.783,16.257,20.689,0.467,0.712,0.003,0.074,-0.063,0.244,0.075,0.212,17.033,0.165,18.298,17.074,18.164
-6.343,1.608,-0.001,0.889,0.001,-0.000,0.457,0.090,0.092,17.792,0.089,21.966,16.428,20.871,0.464,0.715,0.004,0.069,-0.057,0.252,-0.491,-0.344,16.979,-0.330,18.332,17.078,18.262
-6.338,1.615,-0.001,0.889,0.002,-0.000,0.458,0.085,0.088,17.962,0.085,22.149,16.599,21.054,0.464,0.717,0.005,0.063,-0.048,0.251,-0.367,-0.318,16.935,-0.323,18.353,17.097,18.334
-6.333,1.622,-0.001,0.888,0.002,-0.000,0.459,0.084,0.086,18.131,0.083,22.333,16.770,21.238,0.464,0.718,0.006,0.058,-0.036,0.246,-0.019,-0.087,16.899,-0.096,18.367,17.123,18.389
-6.329,1.630,-0.001,0.888,0.002,-0.000,0.460,0.085,0.086,18.300,0.083,22.517,16.941,21.422,0.463,0.720,0.007,0.055,-0.022,0.243,0.192,0.128,16.866,0.077,18.385,17.141,18.437
-6.324,1.637,-0.001,0.887,0.003,-0.000,0.462,0.086,0.087,18.468,0.084,22.701,17.113,21.607,0.462,0.723,0.007,0.051,-0.008,0.243,0.140,0.124,16.838,0.061,18.409,17.145,18.484
-6.320,1.644,-0.001,0.887,0.003,-0.000,0.463,0.087,0.088,18.637,0.084,22.885,17.284,21.792,0.461,0.726,0.007,0.046,0.006,0.245,0.037,0.052,16.820,0.020,18.438,17.138,18.530
-6.315,1.651,-0.001,0.886,0.003,-0.000,0.464,0.087,0.089,18.805,0.084,23.069,17.456,21.977,0.460,0.728,0.007,0.037,0.017,0.248,-0.012,0.019,16.814,0.001,18.469,17.124,18.571
-6.310,1.659,-0.001,0.885,0.003,0.000,0.465,0.087,0.089,18.973,0.084,23.254,17.627,22.163,0.459,0.731,0.007,0.025,0.026,0.249,-0.024,0.007,16.822,-0.005,18.498,17.105,18.609
-6.306,1.666,-0.001,0.885,0.003,0.000,0.466,0.087,0.089,19.141,0.084,23.439,17.798,22.349,0.458,0.734,0.007,0.009,0.031,0.251,-0.020,0.004,16.843,-0.006,18.521,17.083,18.642
-6.301,1.673,-0.000,0.884,0.003,0.000,0.467,0.087,0.089,19.310,0.084,23.624,17.968,22.536,0.458,0.737,0.007,-0.010,0.034,0.252,-0.010,0.005,16.877,-0.006,18.536,17.060,18.669
-6.297,1.681,-0.000,0.884,0.003,0.001,0.468,0.087,0.089,19.479,0.084,23.810,18.139,22.723,0.457,0.739,0.006,-0.030,0.035,0.254,-0.002,0.006,16.922,-0.004,18.541,17.038,18.689
-6.292,1.688,-0.000,0.883,0.003,0.001,0.469,0.087,0.089,19.648,0.084,23.995,18.309,22.910,0.456,0.742,0.006,-0.053,0.036,0.255,0.003,0.007,16.978,-0.003,18.535,17.020,18.700
-6.287,1.696,-0.000,0.882,0.002,0.001,0.470,0.087,0.089,19.818,0.084,24.181,18.479,23.097,0.455,0.745,0.005,-0.076,0.036,0.256,0.004,0.008,17.042,-0.002,18.521,17.011,18.702
-6.283,1.703,-0.000,0.882,0.002,0.001,0.472,0.087,0.089,19.989,0.084,24.366,18.649,23.284,0.454,0.747,0.004,-0.097,0.035,0.257,0.004,0.008,17.113,-0.001,18.502,17.012,18.694
-6.278,1.710,-0.000,0.881,0.001,0.000,0.473,0.087,0.089,20.161,0.084,24.551,18.820,23.470,0.453,0.750,0.003,-0.114,0.035,0.259,0.003,0.009,17.190,-0.001,18.481,17.025,18.675
-6.274,1.718,-0.000,0.881,0.001,0.000,0.474,0.087,0.089,20.333,0.084,24.735,18.990,23.657,0.451,0.752,0.002,-0.126,0.035,0.260,0.003,0.009,17.272,0.000,18.461,17.051,18.646
-6.269,1.726,-0.000,0.880,-0.000,0.000,0.475,0.087,0.089,20.506,0.084,24.920,19.161,23.843,0.450,0.755,0.000,-0.132,0.036,0.261,0.002,0.009,17.356,0.001,18.446,17.089,18.607
-6.265,1.733,-0.000,0.879,-0.001,0.000,0.476,0.087,0.089,20.680,0.084,25.104,19.332,24.029,0.449,0.757,-0.001,-0.130,0.035,0.262,0.002,0.008,17.441,0.001,18.437,17.137,18.559
-6.260,1.741,-0.000,0.879,-0.001,-0.000,0.477,0.087,0.090,20.855,0.084,25.289,19.503,24.215,0.447,0.759,-0.003,-0.120,0.033,0.263,0.001,0.008,17.525,0.002,18.436,17.194,18.505
-6.256,1.748,-0.000,0.878,-0.002,-0.000,0.478,0.087,0.090,21.031,0.084,25.473,19.676,24.399,0.445,0.761,-0.004,-0.100,0.029,0.263,0.001,0.007,17.602,0.003,18.445,17.255,18.448
-6.251,1.756,-0.000,0.878,-0.002,-0.000,0.480,0.087,0.090,21.207,0.084,25.658,19.848,24.584,0.444,0.763,-0.005,-0.076,0.023,0.263,0.001,0.006,17.667,0.004,18.461,17.318,18.392
-6.247,1.764,-0.000,0.877,-0.003,-0.000,0.481,0.087,0.090,21.384,0.084,25.842,20.022,24.767,0.442,0.764,-0.006,-0.050,0.019,0.262,0.001,0.004,17.718,0.004,18.485,17.376,18.343
-6.243,1.771,-0.000,0.876,-0.003,-0.000,0.482,0.087,0.090,21.561,0.084,26.027,20.196,24.950,0.440,0.765,-0.007,-0.024,0.014,0.261,0.000,0.003,17.756,0.004,18.517,17.430,18.305
-6.238,1.779,-0.000,0.876,-0.003,-0.000,0.483,0.087,0.090,21.739,0.084,26.213,20.371,25.133,0.438,0.766,-0.009,0.002,0.009,0.261,0.000,0.002,17.783,0.004,18.557,17.478,18.280
-6.234,1.787,-0.001,0.875,-0.003,-0.000,0.484,0.087,0.090,21.917,0.084,26.398,20.546,25.316,0.435,0.767,-0.010,0.026,0.003,0.260,0.000,0.001,17.802,0.003,18.602,17.519,18.272
-6.230,1.794,-0.001,0.874,-0.003,-0.000,0.485,0.087,0.090,22.095,0.084,26.585,20.721,25.499,0.433,0.768,-0.011,0.046,-0.003,0.259,-0.000,0.000,17.813,0.003,18.651,17.551,18.282
-6.225,1.802,-0.001,0.874,-0.003,-0.000,0.486,0.087,0.090,22.273,0.084,26.771,20.897,25.682,0.431,0.769,-0.011,0.062,-0.010,0.258,-0.000,-0.001,17.818,0.002,18.701,17.576,18.308
-6.221,1.810,-0.001,0.873,-0.002,-0.000,0.488,0.087,0.090,22.451,0.084,26.959,21.072,25.865,0.429,0.769,-0.010,0.073,-0.018,0.257,-0.000,-0.002,17.817,0.002,18.750,17.593,18.349
-6.217,1.817,-0.001,0.872,-0.002,0.000,0.489,0.087,0.090,22.629,0.084,27.146,21.248,26.049,0.426,0.770,-0.009,0.077,-0.027,0.256,-0.001,-0.002,17.810,0.001,18.793,17.605,18.403
-6.212,1.825,-0.001,0.872,-0.001,0.000,0.490,0.087,0.090,22.807,0.084,27.335,21.424,26.233,0.424,0.770,-0.007,0.077,-0.036,0.255,-0.001,-0.003,17.797,0.001,18.830,17.611,18.465
-6.208,1.833,-0.001,0.871,-0.001,0.000,0.491,0.087,0.090,22.985,0.084,27.523,21.601,26.418,0.422,0.771,-0.005,0.075,-0.043,0.255,-0.001,-0.003,17.777,0.001,18.859,17.615,18.534
-6.204,1.840,-0.001,0.871,-0.001,0.000,0.492,0.087,0.090,23.163,0.084,27.712,21.777,26.604,0.420,0.772,-0.003,0.071,-0.048,0.254,-0.001,-0.004,17.750,0.000,18.879,17.618,18.604
-6.200,1.848,-0.001,0.870,-0.000,0.000,0.493,0.087,0.090,23.340,0.084,27.901,21.953,26.790,0.418,0.773,-0.001,0.066,-0.050,0.254,-0.001,-0.004,17.716,-0.000,18.893,17.621,18.673
-6.196,1.856,-0.001,0.869,0.000,0.000,0.494,0.087,0.090,23.517,0.084,28.090,22.129,26.977,0.416,0.774,0.001,0.061,-0.051,0.254,-0.001,-0.004,17.675,-0.001,18.903,17.626,18.739
-6.191,1.864,-0.001,0.869,0.001,-0.000,0.495,0.087,0.090,23.694,0.084,28.279,22.305,27.165,0.414,0.775,0.003,0.057,-0.050,0.254,-0.001,-0.004,17.629,-0.002,18.911,17.632,18.799
-6.187,1.871,-0.001,0.868,0.001,-0.000,0.496,0.087,0.090,23.870,0.084,28.468,22.482,27.353,0.412,0.776,0.004,0.054,-0.047,0.254,-0.001,-0.004,17.578,-0.002,18.917,17.639,18.853
-6.183,1.879,-0.001,0.867,0.001,-0.000,0.497,0.087,0.090,24.045,0.084,28.657,22.658,27.542,0.411,0.778,0.006,0.052,-0.042,0.254,-0.001,-0.004,17.524,-0.003,18.923,17.646,18.900
-6.179,1.887,-0.001,0.867,0.002,-0.000,0.499,0.087,0.089,24.220,0.084,28.846,22.835,27.731,0.409,0.780,0.007,0.050,-0.037,0.255,-0.001,-0.003,17.471,-0.004,18.930,17.651,18.941
-6.175,1.895,-0.001,0.866,0.002,-0.000,0.500,0.087,0.089,24.395,0.084,29.036,23.011,27.921,0.408,0.781,0.008,0.049,-0.030,0.255,-0.001,-0.003,17.419,-0.004,18.938,17.654,18.978
-6.171,1.903,-0.001,0.866,0.002,-0.000,0.501,0.087,0.089,24.569,0.084,29.225,23.188,28.111,0.406,0.783,0.008,0.046,-0.023,0.256,-0.001,-0.003,17.374,-0.005,18.945,17.654,19.012
-6.167,1.910,-0.001,0.865,0.002,-0.000,0.502,0.087,0.089,24.742,0.084,29.414,23.364,28.301,0.405,0.786,0.009,0.041,-0.016,0.256,-0.001,-0.002,17.336,-0.005,18.952,17.649,19.045
-6.163,1.918,-0.001,0.864,0.003,-0.000,0.503,0.087,0.089,24.915,0.084,29.604,23.541,28.492,0.404,0.788,0.009,0.033,-0.009,0.257,-0.001,-0.001,17.309,-0.005,18.955,17.637,19.075
-6.159,1.926,-0.001,0.864,0.003,-0.000,0.504,0.087,0.089,25.088,0.084,29.794,23.717,28.683,0.402,0.790,0.009,0.021,-0.001,0.258,-0.000,-0.001,17.292,-0.005,18.952,17.620,19.103
-6.155,1.934,-0.001,0.863,0.003,-0.000,0.505,0.087,0.089,25.261,0.084,29.983,23.893,28.874,0.401,0.792,0.010,0.006,0.007,0.258,-0.000,0.000,17.287,-0.004,18.942,17.596,19.126
-6.151,1.942,-0.000,0.862,0.003,-0.000,0.506,0.087,0.089,25.434,0.084,30.172,24.069,29.065,0.399,0.795,0.010,-0.011,0.016,0.259,0.000,0.001,17.295,-0.004,18.923,17.566,19.142
-6.147,1.950,-0.000,0.862,0.003,-0.000,0.507,0.087,0.089,25.607,0.084,30.361,24.244,29.256,0.398,0.797,0.009,-0.031,0.026,0.261,0.000,0.002,17.314,-0.003,18.896,17.533,19.146
-6.143,1.958,-0.000,0.861,0.002,-0.000,0.509,0.087,0.089,25.781,0.084,30.550,24.420,29.448,0.396,0.799,0.009,-0.052,0.037,0.262,0.001,0.003,17.346,-0.002,18.864,17.500,19.139
-6.139,1.966,-0.000,0.860,0.002,0.000,0.510,0.087,0.089,25.954,0.084,30.739,24.594,29.639,0.395,0.801,0.007,-0.073,0.049,0.263,0.001,0.004,17.390,-0.001,18.830,17.470,19.117
-6.135,1.974,-0.000,0.860,0.002,0.000,0.511,0.087,0.090,26.128,0.084,30.927,24.769,29.830,0.393,0.803,0.006,-0.092,0.060,0.264,0.001,0.005,17.446,-0.001,18.799,17.447,19.081
-6.131,1.982,-0.000,0.859,0.001,0.000,0.512,0.087,0.090,26.303,0.084,31.115,24.943,30.021,0.392,0.805,0.004,-0.107,0.069,0.265,0.002,0.006,17.514,0.000,18.774,17.433,19.032
-6.127,1.990,-0.000,0.858,0.000,0.000,0.513,0.087,0.090,26.479,0.084,31.302,25.118,30.211,0.390,0.807,0.002,-0.115,0.075,0.266,0.002,0.007,17.591,0.002,18.760,17.430,18.972
-6.123,1.998,-0.000,0.858,-0.000,0.000,0.514,0.087,0.090,26.655,0.084,31.490,25.292,30.400,0.388,0.809,-0.001,-0.116,0.077,0.267,0.002,0.007,17.675,0.003,18.757,17.439,18.903
-6.119,2.006,-0.000,0.857,-0.001,0.000,0.515,0.087,0.090,26.832,0.084,31.678,25.467,30.589,0.386,0.811,-0.004,-0.107,0.072,0.267,0.002,0.007,17.765,0.004,18.767,17.459,18.831
-6.115,2.014,-0.000,0.856,-0.002,0.000,0.517,0.087,0.090,27.010,0.084,31.865,25.641,30.777,0.384,0.813,-0.006,-0.090,0.062,0.268,0.001,0.006,17.853,0.004,18.789,17.488,18.759
-6.112,2.022,-0.000,0.856,-0.002,0.000,0.518,0.087,0.090,27.189,0.084,32.053,25.816,30.964,0.382,0.814,-0.007,-0.067,0.047,0.267,0.001,0.005,17.932,0.005,18.819,17.525,18.692
-6.108,2.031,-0.000,0.855,-0.003,0.000,0.519,0.087,0.090,27.369,0.084,32.242,25.992,31.151,0.380,0.815,-0.009,-0.043,0.031,0.267,0.001,0.004,17.995,0.005,18.856,17.564,18.636
-6.104,2.039,-0.000,0.854,-0.003,0.000,0.520,0.087,0.090,27.549,0.084,32.430,26.168,31.337,0.377,0.815,-0.010,-0.021,0.016,0.266,0.001,0.003,18.040,0.005,18.896,17.605,18.593
-6.100,2.047,-0.000,0.853,-0.003,0.000,0.521,0.087,0.090,27.730,0.084,32.620,26.344,31.523,0.375,0.816,-0.012,0.001,0.001,0.265,0.000,0.002,18.069,0.005,18.938,17.645,18.567
-6.097,2.055,-0.001,0.853,-0.003,0.000,0.522,0.087,0.090,27.910,0.084,32.809,26.521,31.708,0.372,0.816,-0.012,0.020,-0.013,0.264,0.000,0.001,18.084,0.004,18.980,17.684,18.560
-6.093,2.063,-0.001,0.852,-0.003,0.000,0.523,0.087,0.090,28.091,0.084,32.999,26.698,31.894,0.370,0.816,-0.013,0.036,-0.026,0.263,0.000,0.001,18.087,0.004,19.019,17.719,18.570
-6.089,2.071,-0.001,0.851,-0.002,0.000,0.525,0.087,0.090,28.272,0.084,33.190,26.875,32.080,0.367,0.816,-0.012,0.048,-0.036,0.262,-0.000,-0.000,18.080,0.003,19.053,17.750,18.597
-6.086,2.080,-0.001,0.851,-0.002,0.000,0.526,0.087,0.090,28.453,0.084,33.380,27.053,32.266,0.364,0.815,-0.011,0.056,-0.043,0.261,-0.000,-0.001,18.064,0.003,19.079,17.774,18.637
-6.082,2.088,-0.001,0.850,-0.002,0.000,0.527,0.087,0.090,28.633,0.084,33.571,27.230,32.452,0.362,0.815,-0.010,0.059,-0.047,0.260,-0.000,-0.002,18.042,0.002,19.097,17.792,18.687
-6.078,2.096,-0.001,0.849,-0.001,0.000,0.528,-0.042,-0.013,28.813,-0.010,33.761,27.409,32.640,0.373,0.815,-0.008,0.041,-0.052,0.196,-20.698,-17.073,17.923,-16.082,18.878,18.032,18.735
-6.074,2.104,-0.001,0.849,-0.001,-0.000,0.528,-0.215,-0.167,28.994,-0.164,33.948,27.592,32.825,0.410,0.792,-0.004,0.001,-0.056,-0.070,-10.652,-10.919,18.418,-11.214,18.401,18.537,18.251
-6.070,2.112,-0.001,0.850,-0.001,-0.000,0.527,-0.217,-0.197,29.182,-0.181,34.130,27.780,33.004,0.443,0.765,0.000,0.017,-0.057,-0.332,9.374,4.164,19.059,7.603,18.060,18.970,17.585
-6.066,2.119,-0.001,0.851,-0.001,-0.000,0.526,-0.079,-0.109,29.374,-0.056,34.310,27.970,33.179,0.445,0.761,0.002,0.061,-0.054,-0.362,14.771,11.042,19.297,14.166,17.952,19.086,17.409
-6.061,2.127,-0.001,0.851,-0.000,-0.001,0.524,0.010,-0.033,29.566,0.037,34.489,28.161,33.354,0.427,0.776,0.004,0.065,-0.061,-0.214,1.702,2.559,19.025,3.003,17.942,18.934,17.759
-6.057,2.135,-0.001,0.852,0.000,-0.001,0.524,-0.047,-0.070,29.754,-0.002,34.669,28.349,33.534,0.416,0.786,0.005,0.051,-0.056,-0.115,-10.944,-8.360,18.755,-9.276,17.912,18.803,18.084
-6.053,2.143,-0.001,0.852,0.001,-0.001,0.523,-0.153,-0.156,29.942,-0.104,34.847,28.538,33.714,0.430,0.778,0.005,0.035,-0.043,-0.200,-8.092,-7.060,18.851,-8.890,17.792,18.927,17.979
-6.048,2.150,-0.001,0.853,0.001,-0.001,0.522,-0.176,-0.183,30.132,-0.142,35.025,28.728,33.892,0.453,0.762,0.007,0.034,-0.045,-0.356,3.448,1.760,19.079,1.496,17.707,19.170,17.628
-6.044,2.158,-0.001,0.854,0.001,-0.001,0.520,-0.105,-0.132,30.323,-0.088,35.201,28.921,34.068,0.462,0.756,0.008,0.031,-0.046,-0.414,8.777,7.010,19.170,7.584,17.681,19.304,17.465
-6.039,2.165,-0.001,0.855,0.001,-0.001,0.519,-0.042,-0.075,30.514,-0.030,35.378,29.113,34.243,0.454,0.765,0.008,0.051,-0.039,-0.331,2.864,3.412,19.004,3.029,17.709,19.230,17.664
-6.035,2.173,-0.001,0.856,0.002,-0.001,0.517,-0.058,-0.077,30.703,-0.040,35.556,29.305,34.421,0.444,0.773,0.006,0.067,-0.022,-0.237,-5.219,-3.336,18.824,-4.437,17.750,19.090,17.927
-6.030,2.181,-0.001,0.856,0.002,-0.001,0.516,-0.118,-0.121,30.891,-0.097,35.733,29.496,34.601,0.449,0.771,0.005,0.061,-0.006,-0.252,-5.487,-4.340,18.798,-5.713,17.759,19.095,17.965
-6.026,2.189,-0.001,0.857,0.002,-0.001,0.515,-0.144,-0.144,31.080,-0.130,35.911,29.687,34.780,0.464,0.764,0.006,0.046,0.003,-0.334,0.606,0.096,18.876,-0.493,17.711,19.222,17.829
-6.021,2.196,-0.001,0.858,0.002,-0.001,0.514,-0.112,-0.121,31.269,-0.108,36.088,29.880,34.958,0.472,0.761,0.007,0.038,0.007,-0.370,4.821,3.818,18.904,3.997,17.695,19.297,17.774
-6.016,2.204,-0.001,0.859,0.003,-0.000,0.512,-0.071,-0.085,31.457,-0.071,36.265,30.073,35.136,0.468,0.766,0.008,0.031,0.011,-0.322,2.613,2.669,18.830,2.619,17.767,19.220,17.900
-6.012,2.212,-0.000,0.860,0.003,-0.000,0.511,-0.069,-0.078,31.645,-0.066,36.443,30.264,35.316,0.463,0.771,0.009,0.012,0.018,-0.261,-2.049,-1.054,18.755,-1.514,17.871,19.079,18.062
-6.007,2.219,-0.000,0.860,0.003,-0.000,0.510,-0.100,-0.099,31.833,-0.093,36.622,30.455,35.497,0.466,0.771,0.009,-0.017,0.027,-0.256,-3.324,-2.506,18.776,-3.183,17.893,19.017,18.108
-6.002,2.227,-0.000,0.861,0.002,-0.000,0.509,-0.121,-0.116,32.021,-0.116,36.801,30.645,35.678,0.475,0.768,0.008,-0.048,0.039,-0.297,-0.603,-0.679,18.871,-1.056,17.814,19.050,18.039
-5.998,2.235,-0.000,0.862,0.002,-0.000,0.507,-0.111,-0.110,32.210,-0.111,36.978,30.836,35.857,0.482,0.766,0.007,-0.071,0.052,-0.326,2.183,1.558,18.971,1.682,17.725,19.083,17.967
-5.993,2.242,-0.000,0.863,0.002,-0.000,0.506,-0.089,-0.092,32.400,-0.092,37.155,31.026,36.037,0.483,0.767,0.006,-0.085,0.062,-0.313,1.813,1.627,19.021,1.740,17.714,19.049,17.964
-5.988,2.250,-0.000,0.863,0.001,-0.000,0.505,-0.082,-0.084,32.591,-0.083,37.333,31.216,36.217,0.481,0.769,0.004,-0.098,0.068,-0.283,-0.439,-0.032,19.051,-0.063,17.765,18.981,17.989
-5.983,2.258,-0.000,0.864,0.000,0.000,0.503,-0.094,-0.091,32.781,-0.092,37.511,31.406,36.397,0.483,0.770,0.001,-0.113,0.072,-0.271,-1.607,-1.129,19.110,-1.404,17.801,18.950,17.974
-5.978,2.265,-0.000,0.865,-0.000,0.000,0.502,-0.106,-0.101,32.973,-0.104,37.688,31.596,36.576,0.488,0.768,-0.002,-0.123,0.071,-0.284,-0.724,-0.629,19.222,-0.852,17.780,18.982,17.902
-5.973,2.273,-0.000,0.866,-0.001,0.000,0.501,-0.106,-0.102,33.166,-0.107,37.866,31.786,36.755,0.492,0.766,-0.004,-0.120,0.065,-0.300,0.632,0.383,19.356,0.368,17.745,19.040,17.812
-5.968,2.281,-0.000,0.866,-0.002,-0.000,0.500,-0.097,-0.095,33.360,-0.100,38.044,31.976,36.932,0.495,0.765,-0.006,-0.104,0.052,-0.301,0.949,0.751,19.465,0.809,17.746,19.088,17.745
-5.963,2.288,-0.000,0.867,-0.002,-0.000,0.498,-0.091,-0.090,33.555,-0.094,38.221,32.167,37.110,0.496,0.765,-0.007,-0.081,0.038,-0.292,0.215,0.279,19.533,0.293,17.788,19.124,17.703
-5.958,2.296,-0.000,0.868,-0.003,-0.000,0.497,-0.093,-0.090,33.751,-0.095,38.399,32.359,37.287,0.498,0.764,-0.008,-0.059,0.025,-0.286,-0.502,-0.298,19.580,-0.378,17.835,19.166,17.666
-5.953,2.304,-0.000,0.868,-0.003,-0.000,0.496,-0.099,-0.094,33.947,-0.099,38.578,32.551,37.463,0.500,0.762,-0.009,-0.040,0.015,-0.288,-0.473,-0.343,19.629,-0.459,17.865,19.222,17.620
-5.948,2.311,-0.000,0.869,-0.003,-0.000,0.495,-0.101,-0.096,34.143,-0.102,38.757,32.743,37.639,0.503,0.760,-0.010,-0.018,0.006,-0.295,-0.064,-0.095,19.678,-0.144,17.883,19.286,17.576
-5.943,2.319,-0.001,0.870,-0.003,-0.000,0.493,-0.100,-0.096,34.340,-0.102,38.935,32.936,37.815,0.505,0.757,-0.011,0.004,-0.002,-0.299,0.242,0.139,19.713,0.144,17.906,19.344,17.550
-5.938,2.326,-0.001,0.871,-0.003,-0.000,0.492,-0.098,-0.094,34.537,-0.101,39.115,33.130,37.990,0.507,0.755,-0.011,0.026,-0.008,-0.299,0.196,0.124,19.727,0.144,17.941,19.389,17.548
-5.933,2.334,-0.001,0.871,-0.003,-0.000,0.491,-0.097,-0.094,34.735,-0.100,39.294,33.324,38.166,0.509,0.753,-0.011,0.045,-0.013,-0.298,0.045,0.044,19.728,0.051,17.981,19.423,17.567
-5.928,2.341,-0.001,0.872,-0.003,-0.000,0.489,-0.097,-0.093,34.932,-0.099,39.474,33.519,38.341,0.510,0.751,-0.011,0.060,-0.019,-0.296,-0.030,0.007,19.724,0.005,18.022,19.449,17.602
-5.923,2.349,-0.001,0.873,-0.002,-0.000,0.488,-0.097,-0.093,35.129,-0.100,39.655,33.713,38.518,0.512,0.749,-0.009,0.069,-0.025,-0.296,-0.042,-0.004,19.717,-0.018,18.059,19.468,17.648
-5.918,2.356,-0.001,0.874,-0.002,0.000,0.487,-0.097,-0.093,35.326,-0.100,39.836,33.908,38.694,0.514,0.748,-0.008,0.074,-0.032,-0.296,-0.029,-0.007,19.707,-0.017,18.093,19.481,17.704
-5.913,2.364,-0.001,0.874,-0.001,0.000,0.485,-0.097,-0.094,35.523,-0.100,40.017,34.103,38.872,0.516,0.746,-0.006,0.075,-0.039,-0.297,-0.014,-0.008,19.693,-0.013,18.121,19.491,17.766
-5.908,2.371,-0.001,0.875,-0.001,0.000,0.484,-0.098,-0.094,35.720,-0.100,40.198,34.298,39.050,0.518,0.744,-0.003,0.075,-0.046,-0.297,-0.005,-0.008,19.671,-0.010,18.144,19.499,17.833
-5.902,2.379,-0.001,0.876,-0.001,0.000,0.483,-0.098,-0.094,35.917,-0.100,40.379,34.493,39.228,0.521,0.743,-0.001,0.073,-0.052,-0.298,-0.001,-0.008,19.640,-0.009,18.162,19.508,17.902
-5.897,2.386,-0.001,0.876,-0.000,-0.000,0.482,-0.098,-0.094,36.113,-0.100,40.561,34.688,39.408,0.523,0.741,0.001,0.071,-0.056,-0.298,-0.000,-0.008,19.600,-0.009,18.176,19.517,17.970
-5.892,2.394,-0.001,0.877,0.000,-0.000,0.480,-0.098,-0.094,36.309,-0.100,40.743,34.883,39.588,0.525,0.740,0.003,0.069,-0.058,-0.299,-0.001,-0.008,19.551,-0.009,18.187,19.529,18.035
-5.887,2.401,-0.001,0.878,0.001,-0.000,0.479,-0.098,-0.094,36.504,-0.100,40.925,35.078,39.768,0.528,0.739,0.005,0.067,-0.057,-0.299,-0.002,-0.008,19.493,-0.009,18.196,19.541,18.094
-5.881,2.408,-0.001,0.879,0.001,-0.000,0.478,-0.098,-0.094,36.698,-0.100,41.107,35.274,39.950,0.531,0.738,0.006,0.064,-0.053,-0.300,-0.003,-0.008,19.430,-0.009,18.204,19.552,18.147
-5.876,2.416,-0.001,0.879,0.002,-0.000,0.476,-0.098,-0.094,36.892,-0.101,41.289,35.470,40.131,0.533,0.737,0.007,0.062,-0.045,-0.300,-0.003,-0.007,19.365,-0.009,18.211,19.560,18.192
-5.871,2.423,-0.001,0.880,0.002,-0.000,0.475,-0.098,-0.094,37.086,-0.101,41.471,35.665,40.314,0.536,0.736,0.008,0.059,-0.033,-0.301,-0.003,-0.007,19.302,-0.009,18.219,19.562,18.232
-5.865,2.430,-0.001,0.881,0.002,-0.000,0.474,-0.098,-0.094,37.279,-0.101,41.653,35.861,40.496,0.539,0.735,0.008,0.055,-0.019,-0.302,-0.003,-0.006,19.248,-0.009,18.228,19.557,18.265
-5.860,2.438,-0.001,0.881,0.003,-0.000,0.472,-0.098,-0.094,37.471,-0.101,41.836,36.056,40.679,0.542,0.735,0.008,0.048,-0.004,-0.302,-0.003,-0.005,19.206,-0.009,18.239,19.543,18.294
-5.855,2.445,-0.001,0.882,0.003,-0.000,0.471,-0.098,-0.094,37.663,-0.101,42.018,36.252,40.862,0.545,0.734,0.008,0.038,0.010,-0.303,-0.002,-0.003,19.179,-0.008,18.249,19.519,18.319
-5.849,2.453,-0.001,0.883,0.003,-0.000,0.470,-0.098,-0.094,37.854,-0.101,42.201,36.447,41.045,0.548,0.733,0.008,0.023,0.022,-0.303,-0.002,-0.002,19.171,-0.008,18.257,19.485,18.340
-5.844,2.460,-0.001,0.884,0.003,0.000,0.468,-0.098,-0.094,38.046,-0.101,42.383,36.641,41.229,0.551,0.733,0.007,0.005,0.031,-0.303,-0.001,0.000,19.179,-0.007,18.260,19.444,18.355
-5.838,2.467,-0.000,0.884,0.003,0.000,0.467,-0.098,-0.094,38.238,-0.101,42.566,36.835,41.412,0.554,0.732,0.007,-0.015,0.038,-0.303,-0.000,0.002,19.204,-0.006,18.255,19.398,18.364
-5.833,2.474,-0.000,0.885,0.003,0.000,0.466,-0.098,-0.094,38.430,-0.101,42.748,37.029,41.596,0.557,0.731,0.006,-0.038,0.042,-0.303,0.000,0.004,19.244,-0.005,18.242,19.352,18.365
-5.827,2.482,-0.000,0.886,0.002,0.000,0.464,-0.098,-0.094,38.623,-0.101,42.931,37.222,41.780,0.560,0.730,0.005,-0.062,0.043,-0.302,0.001,0.006,19.297,-0.004,18.220,19.311,18.357
-5.821,2.489,-0.000,0.886,0.002,0.001,0.463,-0.098,-0.094,38.816,-0.101,43.113,37.415,41.963,0.562,0.729,0.004,-0.085,0.042,-0.301,0.001,0.007,19.359,-0.004,18.193,19.281,18.341
-5.816,2.496,-0.000,0.887,0.001,0.000,0.462,-0.098,-0.094,39.010,-0.101,43.294,37.608,42.146,0.565,0.728,0.003,-0.105,0.038,-0.300,0.001,0.007,19.429,-0.003,18.163,19.267,18.316
-5.810,2.504,-0.000,0.888,0.001,0.000,0.460,-0.098,-0.094,39.205,-0.101,43.476,37.801,42.329,0.568,0.727,0.001,-0.121,0.033,-0.300,0.001,0.007,19.503,-0.003,18.130,19.270,18.283
-5.804,2.511,-0.000,0.888,0.000,0.000,0.459,-0.098,-0.094,39.400,-0.101,43.657,37.994,42.512,0.570,0.726,-0.000,-0.131,0.028,-0.299,0.001,0.007,19.580,-0.002,18.099,19.290,18.241
-5.799,2.518,-0.000,0.889,-0.001,0.000,0.458,-0.098,-0.094,39.596,-0.101,43.838,38.187,42.694,0.573,0.725,-0.002,-0.134,0.024,-0.298,0.001,0.006,19.656,-0.001,18.070,19.327,18.189
-5.793,2.525,-0.000,0.890,-0.001,-0.000,0.456,-0.098,-0.094,39.793,-0.101,44.019,38.380,42.876,0.575,0.723,-0.003,-0.129,0.019,-0.298,0.001,0.005,19.729,0.000,18.045,19.377,18.128
-5.787,2.533,-0.000,0.890,-0.002,-0.000,0.455,-0.098,-0.094,39.991,-0.101,44.199,38.574,43.057,0.577,0.721,-0.004,-0.114,0.015,-0.298,0.001,0.004,19.793,0.002,18.025,19.436,18.061
-5.781,2.540,-0.000,0.891,-0.002,-0.001,0.454,-0.098,-0.094,40.189,-0.101,44.379,38.769,43.237,0.579,0.719,-0.004,-0.094,0.013,-0.299,0.001,0.003,19.843,0.003,18.011,19.498,17.990
-5.776,2.547,-0.000,0.892,-0.003,-0.001,0.452,-0.098,-0.094,40.388,-0.101,44.559,38.964,43.416,0.581,0.717,-0.004,-0.072,0.014,-0.299,0.001,0.001,19.879,0.004,18.003,19.556,17.921
-5.770,2.554,-0.000,0.893,-0.003,-0.001,0.451,-0.098,-0.094,40.587,-0.101,44.739,39.160,43.595,0.582,0.715,-0.005,-0.047,0.017,-0.300,0.001,-0.000,19.903,0.004,18.005,19.608,17.859
-5.764,2.561,-0.000,0.893,-0.003,-0.001,0.450,-0.098,-0.094,40.786,-0.101,44.919,39.356,43.774,0.584,0.713,-0.007,-0.020,0.020,-0.300,0.000,-0.001,19.919,0.005,18.016,19.652,17.808
-5.758,2.568,-0.001,0.894,-0.003,-0.001,0.448,-0.098,-0.094,40.985,-0.101,45.099,39.553,43.952,0.586,0.710,-0.008,0.008,0.022,-0.300,-0.000,-0.002,19.930,0.004,18.039,19.685,17.771
-5.752,2.576,-0.001,0.895,-0.003,-0.001,0.447,-0.098,-0.094,41.184,-0.101,45.280,39.750,44.129,0.587,0.708,-0.009,0.034,0.021,-0.301,-0.001,-0.004,19.938,0.004,18.071,19.707,17.751
-5.746,2.583,-0.001,0.895,-0.003,-0.000,0.446,-0.098,-0.094,41.384,-0.101,45.461,39.947,44.307,0.589,0.705,-0.009,0.057,0.017,-0.301,-0.001,-0.005,19.944,0.003,18.112,19.720,17.750
-5.740,2.590,-0.001,0.896,-0.003,-0.000,0.444,-0.098,-0.094,41.583,-0.101,45.642,40.144,44.484,0.591,0.703,-0.009,0.075,0.007,-0.302,-0.001,-0.006,19.946,0.002,18.159,19.724,17.767
-5.734,2.597,-0.001,0.897,-0.002,-0.000,0.443,-0.098,-0.094,41.783,-0.101,45.824,40.342,44.662,0.592,0.701,-0.008,0.088,-0.006,-0.302,-0.001,-0.007,19.943,0.001,18.208,19.724,17.801
-5.729,2.604,-0.001,0.897,-0.002,0.000,0.442,-0.098,-0.094,41.982,-0.101,46.006,40.539,44.840,0.594,0.699,-0.006,0.095,-0.024,-0.303,-0.001,-0.007,19.932,-0.000,18.255,19.722,17.852
-5.723,2.611,-0.001,0.898,-0.001,0.000,0.440,-0.098,-0.094,42.181,-0.101,46.189,40.736,45.019,0.597,0.697,-0.004,0.098,-0.042,-0.303,-0.001,-0.007,19.908,-0.001,18.297,19.721,17.915
-5.717,2.618,-0.001,0.899,-0.001,0.000,0.439,-0.098,-0.094,42.380,-0.101,46.372,40.933,45.199,0.599,0.695,-0.002,0.098,-0.058,-0.304,-0.001,-0.008,19.869,-0.002,18.330,19.722,17.987
-5.711,2.625,-0.001,0.899,-0.000,0.000,0.437,-0.098,-0.094,42.579,-0.101,46.556,41.131,45.379,0.601,0.694,0.000,0.097,-0.071,-0.304,-0.001,-0.008,19.816,-0.002,18.353,19.725,18.063
-5.705,2.631,-0.001,0.900,0.000,-0.000,0.436,-0.098,-0.094,42.777,-0.101,46.739,41.328,45.560,0.603,0.692,0.002,0.093,-0.077,-0.305,-0.001,-0.007,19.748,-0.003,18.368,19.730,18.140
-5.699,2.638,-0.001,0.901,0.001,-0.000,0.435,-0.098,-0.094,42.974,-0.101,46.923,41.525,45.742,0.606,0.690,0.004,0.089,-0.076,-0.305,-0.001,-0.007,19.670,-0.003,18.374,19.735,18.213
-5.692,2.645,-0.001,0.901,0.001,-0.000,0.433,-0.098,-0.094,43.170,-0.101,47.107,41.722,45.924,0.608,0.689,0.005,0.083,-0.067,-0.306,-0.001,-0.007,19.586,-0.003,18.376,19.737,18.278
-5.686,2.652,-0.001,0.902,0.002,-0.000,0.432,-0.098,-0.095,43.365,-0.101,47.291,41.920,46.107,0.610,0.687,0.006,0.076,-0.052,-0.306,-0.001,-0.006,19.502,-0.003,18.375,19.732,18.334
-5.680,2.659,-0.001,0.903,0.002,-0.000,0.431,-0.098,-0.095,43.560,-0.101,47.474,42.117,46.291,0.613,0.685,0.007,0.069,-0.032,-0.307,-0.001,-0.005,19.426,-0.004,18.374,19.719,18.378
-5.674,2.666,-0.001,0.903,0.003,-0.000,0.429,-0.098,-0.095,43.754,-0.101,47.658,42.314,46.475,0.615,0.684,0.007,0.061,-0.008,-0.307,-0.001,-0.004,19.363,-0.004,18.377,19.694,18.412
-5.668,2.673,-0.001,0.904,0.003,-0.000,0.428,-0.098,-0.095,43.947,-0.101,47.842,42.511,46.659,0.617,0.682,0.006,0.050,0.015,-0.307,-0.001,-0.003,19.319,-0.004,18.384,19.659,18.436
-5.662,2.679,-0.001,0.905,0.003,-0.000,0.426,-0.098,-0.095,44.140,-0.101,48.026,42.707,46.843,0.620,0.681,0.006,0.037,0.035,-0.307,-0.000,-0.001,19.296,-0.005,18.396,19.612,18.452
-5.656,2.686,-0.001,0.905,0.003,0.000,0.425,-0.098,-0.095,44.333,-0.101,48.210,42.903,47.028,0.623,0.679,0.005,0.020,0.049,-0.307,-0.000,0.001,19.296,-0.005,18.411,19.558,18.462
-5.649,2.693,-0.001,0.906,0.003,0.000,0.424,-0.098,-0.095,44.526,-0.101,48.394,43.098,47.213,0.625,0.678,0.005,0.001,0.057,-0.307,0.000,0.003,19.316,-0.004,18.424,19.500,18.465
-5.643,2.700,-0.001,0.906,0.003,0.001,0.422,-0.098,-0.095,44.720,-0.102,48.578,43.293,47.397,0.628,0.677,0.004,-0.020,0.058,-0.306,0.001,0.005,19.355,-0.004,18.431,19.442,18.463
-5.637,2.707,-0.000,0.907,0.003,0.001,0.421,-0.098,-0.095,44.913,-0.102,48.763,43.487,47.582,0.630,0.675,0.003,-0.042,0.053,-0.305,0.001,0.006,19.409,-0.004,18.431,19.391,18.456
-5.630,2.713,-0.000,0.908,0.002,0.001,0.420,-0.098,-0.095,45.108,-0.102,48.947,43.681,47.766,0.633,0.674,0.002,-0.065,0.043,-0.304,0.001,0.007,19.472,-0.003,18.421,19.352,18.446
-5.624,2.720,-0.000,0.908,0.002,0.001,0.418,-0.098,-0.094,45.303,-0.102,49.131,43.874,47.951,0.635,0.673,0.001,-0.087,0.028,-0.303,0.001,0.008,19.542,-0.003,18.399,19.330,18.433
-5.618,2.727,-0.000,0.909,0.001,0.001,0.417,-0.098,-0.094,45.499,-0.102,49.315,44.068,48.135,0.638,0.671,0.001,-0.106,0.012,-0.302,0.001,0.008,19.612,-0.003,18.368,19.328,18.417
-5.611,2.734,-0.000,0.910,0.001,0.001,0.415,-0.098,-0.094,45.695,-0.102,49.498,44.261,48.319,0.640,0.670,0.000,-0.121,-0.003,-0.302,0.001,0.008,19.681,-0.002,18.327,19.347,18.396
-5.605,2.740,-0.000,0.910,0.000,0.000,0.414,-0.098,-0.094,45.892,-0.102,49.681,44.455,48.503,0.643,0.668,-0.000,-0.132,-0.015,-0.301,0.000,0.007,19.745,-0.002,18.279,19.386,18.369
-5.599,2.747,-0.000,0.911,-0.000,0.000,0.413,-0.098,-0.094,46.090,-0.102,49.864,44.649,48.686,0.645,0.666,-0.001,-0.136,-0.022,-0.300,0.000,0.006,19.801,-0.001,18.227,19.440,18.333
-5.592,2.754,-0.000,0.912,-0.001,-0.000,0.411,-0.098,-0.094,46.288,-0.102,50.046,44.844,48.870,0.647,0.664,-0.001,-0.135,-0.023,-0.300,0.001,0.005,19.849,-0.001,18.173,19.506,18.286
-5.586,2.760,-0.000,0.912,-0.002,-0.001,0.410,-0.098,-0.094,46.487,-0.102,50.227,45.039,49.052,0.648,0.662,-0.001,-0.127,-0.018,-0.300,0.001,0.004,19.887,0.000,18.121,19.578,18.229
-5.579,2.767,-0.000,0.913,-0.002,-0.001,0.409,-0.098,-0.094,46.686,-0.102,50.408,45.235,49.234,0.650,0.660,-0.001,-0.112,-0.008,-0.300,0.001,0.003,19.915,0.002,18.075,19.648,18.162
-5.573,2.773,-0.000,0.913,-0.002,-0.001,0.407,-0.098,-0.094,46.885,-0.102,50.589,45.432,49.415,0.651,0.658,-0.001,-0.092,0.005,-0.300,0.001,0.002,19.934,0.003,18.037,19.712,18.090
-5.566,2.780,-0.000,0.914,-0.003,-0.001,0.406,-0.098,-0.094,47.085,-0.102,50.769,45.629,49.596,0.653,0.655,-0.002,-0.068,0.020,-0.301,0.001,0.001,19.948,0.004,18.013,19.765,18.017
-5.560,2.786,-0.001,0.915,-0.003,-0.001,0.404,-0.098,-0.094,47.284,-0.102,50.949,45.827,49.776,0.654,0.653,-0.003,-0.040,0.033,-0.301,0.001,-0.000,19.961,0.005,18.004,19.805,17.948
-5.553,2.793,-0.001,0.915,-0.003,-0.001,0.403,-0.098,-0.094,47.484,-0.102,51.129,46.025,49.955,0.656,0.650,-0.004,-0.011,0.043,-0.302,0.000,-0.002,19.974,0.005,18.012,19.831,17.889
-5.546,2.799,-0.001,0.916,-0.003,-0.001,0.402,-0.098,-0.094,47.684,-0.101,51.309,46.224,50.134,0.657,0.648,-0.005,0.019,0.047,-0.303,-0.000,-0.003,19.987,0.005,18.038,19.843,17.844
-5.540,2.806,-0.001,0.916,-0.003,-0.001,0.400,-0.098,-0.094,47.884,-0.101,51.490,46.422,50.312,0.659,0.645,-0.006,0.048,0.045,-0.303,-0.001,-0.004,20.000,0.005,18.079,19.845,17.817
-5.533,2.812,-0.001,0.917,-0.003,-0.000,0.399,-0.098,-0.094,48.084,-0.101,51.671,46.621,50.490,0.661,0.643,-0.006,0.073,0.035,-0.304,-0.001,-0.006,20.010,0.004,18.132,19.840,17.810
-5.527,2.819,-0.001,0.918,-0.003,-0.000,0.397,-0.464,-0.344,48.282,-0.425,51.853,46.820,50.667,0.682,0.611,0.011,-0.050,-0.055,-0.479,-50.987,-35.670,19.955,-44.514,18.101,20.006,17.466
-5.520,2.824,-0.000,0.919,-0.003,-0.001,0.394,-0.769,-0.573,48.486,-0.692,52.032,47.021,50.836,0.713,0.525,0.035,-0.091,-0.126,-0.940,-13.636,-11.617,20.682,-12.865,17.767,20.212,16.196
-5.512,2.829,-0.000,0.921,-0.003,-0.002,0.389,-0.798,-0.617,48.695,-0.726,52.209,47.223,50.991,0.727,0.450,0.049,0.048,-0.209,-1.244,6.187,1.901,21.255,5.681,17.721,20.111,14.775
-5.505,2.834,0.000,0.924,-0.002,-0.003,0.383,-0.679,-0.553,48.910,-0.599,52.386,47.423,51.133,0.735,0.407,0.033,0.157,-0.218,-1.433,15.466,9.590,21.587,17.352,17.685,20.054,13.666
-5.498,2.837,0.001,0.927,-0.001,-0.003,0.376,-0.542,-0.462,49.126,-0.447,52.563,47.624,51.266,0.738,0.388,-0.004,0.172,-0.076,-1.502,10.534,7.585,21.563,11.336,17.645,20.025,13.064
-5.490,2.841,0.000,0.929,-0.000,-0.003,0.369,-0.473,-0.407,49.341,-0.375,52.739,47.824,51.395,0.737,0.384,-0.030,0.177,0.063,-1.478,3.356,3.500,21.432,2.873,17.605,19.954,12.907
-5.483,2.845,0.000,0.932,0.000,-0.002,0.362,-0.463,-0.385,49.554,-0.377,52.915,48.023,51.525,0.737,0.386,-0.037,0.199,0.120,-1.413,-0.725,1.186,21.219,-2.086,17.575,19.892,13.060
-5.476,2.849,-0.000,0.935,0.001,-0.001,0.356,-0.477,-0.380,49.765,-0.403,53.091,48.222,51.657,0.738,0.387,-0.032,0.221,0.111,-1.355,-1.923,-0.134,21.044,-3.114,17.555,19.848,13.302
-5.468,2.853,-0.001,0.937,0.002,-0.000,0.350,-0.493,-0.383,49.976,-0.424,53.264,48.420,51.792,0.748,0.392,-0.017,0.133,0.029,-1.284,-1.148,-0.453,20.984,-1.218,16.989,19.900,13.738
-5.461,2.857,-0.001,0.939,0.002,-0.000,0.344,-0.500,-0.386,50.185,-0.430,53.432,48.619,51.931,0.755,0.392,-0.005,0.068,-0.018,-1.240,-0.469,-0.215,20.906,-0.289,16.594,19.924,14.062
-5.453,2.861,-0.001,0.941,0.003,-0.000,0.338,-0.503,-0.388,50.394,-0.431,53.596,48.819,52.073,0.759,0.388,0.002,0.044,-0.023,-1.213,-0.090,-0.084,20.801,0.109,16.389,19.902,14.257
-5.445,2.865,-0.001,0.943,0.003,-0.000,0.332,-0.503,-0.388,50.601,-0.429,53.760,49.017,52.216,0.762,0.382,0.006,0.039,-0.008,-1.193,0.074,-0.021,20.703,0.241,16.273,19.844,14.375
-5.438,2.868,-0.001,0.945,0.003,-0.000,0.327,-0.502,-0.388,50.808,-0.427,53.922,49.215,52.360,0.765,0.375,0.007,0.043,0.011,-1.174,0.112,0.007,20.642,0.250,16.200,19.755,14.454
-5.430,2.872,-0.001,0.947,0.003,0.000,0.321,-0.501,-0.388,51.014,-0.424,54.084,49.412,52.505,0.767,0.369,0.006,0.044,0.028,-1.154,0.093,0.017,20.603,0.211,16.150,19.648,14.516
-5.422,2.876,-0.000,0.949,0.003,0.000,0.316,-0.500,-0.388,51.220,-0.422,54.245,49.608,52.650,0.769,0.363,0.004,0.030,0.046,-1.132,0.060,0.015,20.561,0.161,16.121,19.535,14.575
-5.415,2.879,-0.000,0.951,0.003,0.001,0.310,-0.500,-0.388,51.425,-0.421,54.406,49.803,52.796,0.772,0.357,0.001,0.002,0.057,-1.115,0.033,0.012,20.527,0.117,16.110,19.434,14.619
-5.407,2.883,-0.000,0.952,0.003,0.001,0.305,-0.499,-0.388,51.630,-0.420,54.567,49.997,52.943,0.775,0.350,-0.001,-0.027,0.056,-1.103,0.015,0.008,20.510,0.083,16.109,19.351,14.641
-5.399,2.886,-0.000,0.954,0.003,0.001,0.300,-0.499,-0.388,51.835,-0.419,54.728,50.190,53.089,0.778,0.342,-0.002,-0.052,0.044,-1.096,0.005,0.005,20.507,0.058,16.107,19.292,14.648
-5.391,2.890,-0.000,0.956,0.003,0.001,0.295,-0.499,-0.388,52.041,-0.419,54.889,50.383,53.236,0.781,0.334,-0.003,-0.073,0.023,-1.090,0.000,0.003,20.513,0.040,16.098,19.257,14.643
-5.384,2.893,-0.000,0.957,0.002,0.001,0.289,-0.499,-0.388,52.246,-0.419,55.050,50.576,53.382,0.784,0.325,-0.003,-0.089,-0.001,-1.086,-0.002,0.001,20.519,0.028,16.079,19.246,14.632
-5.376,2.896,-0.001,0.959,0.002,0.001,0.284,-0.499,-0.388,52.451,-0.418,55.211,50.768,53.528,0.787,0.317,-0.003,-0.102,-0.027,-1.083,-0.002,-0.001,20.523,0.020,16.046,19.257,14.618
-5.368,2.899,-0.001,0.960,0.001,0.001,0.279,-0.499,-0.388,52.656,-0.418,55.371,50.961,53.674,0.790,0.308,-0.003,-0.109,-0.049,-1.081,-0.001,-0.002,20.521,0.015,15.998,19.287,14.601
-5.360,2.902,-0.001,0.962,0.001,0.000,0.274,-0.499,-0.388,52.861,-0.418,55.531,51.154,53.820,0.792,0.299,-0.003,-0.112,-0.066,-1.079,-0.001,-0.003,20.516,0.011,15.936,19.330,14.581
-5.352,2.905,-0.001,0.963,0.000,-0.000,0.269,-0.499,-0.388,53.066,-0.418,55.690,51.347,53.966,0.794,0.289,-0.002,-0.111,-0.076,-1.078,-0.000,-0.003,20.507,0.009,15.861,19.382,14.558
-5.344,2.908,-0.001,0.965,-0.000,-0.001,0.264,-0.499,-0.388,53.271,-0.418,55.848,51.541,54.111,0.796,0.280,-0.002,-0.106,-0.077,-1.076,0.000,-0.003,20.493,0.006,15.778,19.436,14.531
-5.336,2.911,-0.001,0.966,-0.000,-0.001,0.258,-0.499,-0.388,53.476,-0.418,56.005,51.736,54.257,0.797,0.270,-0.001,-0.099,-0.069,-1.076,0.000,-0.002,20.474,0.004,15.690,19.488,14.500
-5.328,2.914,-0.001,0.967,-0.001,-0.002,0.253,-0.499,-0.388,53.681,-0.418,56.162,51.931,54.401,0.799,0.261,-0.001,-0.089,-0.055,-1.075,-0.000,-0.001,20.453,0.002,15.604,19.533,14.465
-5.320,2.916,-0.001,0.969,-0.001,-0.002,0.248,-0.499,-0.388,53.885,-0.418,56.317,52.127,54.546,0.800,0.252,0.000,-0.076,-0.035,-1.075,-0.000,-0.001,20.432,0.001,15.523,19.566,14.425
-5.312,2.919,-0.001,0.970,-0.001,-0.002,0.243,-0.499,-0.388,54.090,-0.418,56.472,52.322,54.690,0.801,0.242,0.001,-0.060,-0.014,-1.076,-0.001,-0.001,20.414,-0.001,15.453,19.588,14.380
-5.304,2.921,-0.001,0.971,-0.002,-0.002,0.237,-0.499,-0.388,54.294,-0.418,56.627,52.518,54.834,0.802,0.233,0.002,-0.042,0.006,-1.077,-0.001,-0.001,20.402,-0.003,15.395,19.596,14.329
-5.296,2.923,-0.001,0.973,-0.002,-0.002,0.232,-0.499,-0.388,54.498,-0.418,56.780,52.714,54.977,0.803,0.223,0.003,-0.022,0.020,-1.082,-0.002,-0.003,20.397,-0.004,15.352,19.593,14.268
-5.288,2.925,-0.001,0.974,-0.002,-0.002,0.227,-0.499,-0.388,54.702,-0.418,56.934,52.910,55.119,0.805,0.212,0.005,-0.005,0.026,-1.092,-0.002,-0.005,20.407,-0.005,15.322,19.585,14.190
-5.280,2.928,-0.001,0.975,-0.002,-0.002,0.222,-0.499,-0.388,54.906,-0.418,57.087,53.106,55.260,0.806,0.200,0.007,0.008,0.025,-1.106,-0.003,-0.007,20.424,-0.006,15.303,19.574,14.098
-5.272,2.929,-0.000,0.976,-0.002,-0.002,0.216,-0.499,-0.388,55.110,-0.418,57.240,53.302,55.401,0.808,0.188,0.008,0.018,0.020,-1.122,-0.003,-0.009,20.440,-0.007,15.292,19.561,13.999
-5.264,2.931,-0.000,0.978,-0.002,-0.002,0.211,-0.500,-0.388,55.315,-0.418,57.393,53.497,55.540,0.810,0.176,0.009,0.019,0.015,-1.143,-0.003,-0.010,20.454,-0.006,15.310,19.548,13.885
-5.256,2.933,-0.000,0.979,-0.002,-0.002,0.205,-0.500,-0.388,55.519,-0.418,57.546,53.693,55.678,0.811,0.162,0.009,0.014,0.013,-1.169,-0.002,-0.009,20.471,-0.005,15.340,19.538,13.754
-5.248,2.935,-0.000,0.980,-0.002,-0.002,0.199,-0.500,-0.388,55.724,-0.418,57.700,53.888,55.815,0.813,0.148,0.009,0.007,0.010,-1.193,-0.001,-0.007,20.481,-0.003,15.378,19.532,13.629
-5.239,2.936,-0.000,0.981,-0.002,-0.002,0.193,-0.500,-0.388,55.929,-0.418,57.853,54.083,55.951,0.814,0.133,0.005,0.029,0.029,-1.232,0.002,-0.001,20.517,0.003,15.401,19.534,13.456
-5.231,2.937,-0.000,0.982,-0.001,-0.002,0.187,-0.500,-0.388,56.134,-0.418,58.008,54.279,56.085,0.815,0.119,0.002,0.047,0.043,-1.257,0.003,0.002,20.542,0.005,15.422,19.535,13.330
-5.223,2.938,-0.000,0.983,-0.001,-0.001,0.181,-0.500,-0.388,56.340,-0.418,58.162,54.474,56.217,0.816,0.107,-0.001,0.059,0.055,-1.273,0.002,0.004,20.557,0.005,15.444,19.528,13.248
-5.215,2.939,-0.000,0.985,-0.001,-0.001,0.175,-0.499,-0.388,56.545,-0.418,58.316,54.669,56.350,0.818,0.095,-0.004,0.069,0.072,-1.283,0.002,0.005,20.571,0.004,15.466,19.510,13.195
-5.207,2.940,-0.000,0.986,-0.001,-0.000,0.168,-0.499,-0.388,56.751,-0.418,58.471,54.864,56.481,0.819,0.084,-0.007,0.082,0.094,-1.289,0.002,0.005,20.591,0.003,15.487,19.478,13.160
-5.199,2.941,-0.000,0.987,-0.000,0.000,0.162,-0.499,-0.388,56.957,-0.418,58.626,55.059,56.613,0.822,0.079,-0.005,0.048,0.074,-1.255,0.001,0.007,20.563,0.001,15.468,19.431,13.275
-5.190,2.942,-0.000,0.988,-0.000,0.000,0.156,-0.499,-0.388,57.163,-0.418,58.781,55.253,56.747,0.824,0.073,-0.003,0.033,0.064,-1.225,0.001,0.010,20.531,0.000,15.469,19.360,13.384
-5.182,2.943,-0.000,0.989,-0.000,0.001,0.150,-0.499,-0.388,57.368,-0.418,58.935,55.446,56.881,0.825,0.067,-0.003,0.040,0.063,-1.198,0.001,0.011,20.498,0.001,15.489,19.270,13.479
-5.174,2.943,-0.000,0.990,0.000,0.001,0.144,-0.499,-0.388,57.572,-0.418,59.091,55.638,57.016,0.825,0.062,-0.002,0.052,0.058,-1.169,0.002,0.011,20.464,0.001,15.523,19.169,13.575
-5.166,2.944,-0.000,0.990,0.000,0.001,0.138,-0.499,-0.388,57.777,-0.418,59.246,55.829,57.153,0.826,0.056,-0.001,0.060,0.046,-1.141,0.002,0.010,20.433,0.002,15.565,19.064,13.672
-5.157,2.944,-0.000,0.991,0.001,0.002,0.133,-0.499,-0.388,57.981,-0.418,59.402,56.019,57.290,0.827,0.050,-0.001,0.066,0.026,-1.119,0.001,0.008,20.394,0.002,15.611,18.971,13.764
-5.149,2.945,-0.000,0.992,0.001,0.002,0.127,-0.499,-0.388,58.185,-0.418,59.558,56.209,57.428,0.828,0.044,-0.001,0.069,0.006,-1.102,0.001,0.004,20.348,0.002,15.655,18.896,13.847
-5.141,2.945,-0.000,0.993,0.001,0.002,0.122,-0.499,-0.388,58.388,-0.418,59.715,56.397,57.567,0.828,0.037,-0.002,0.060,-0.007,-1.087,-0.000,0.001,20.314,0.001,15.687,18.829,13.921
-5.133,2.945,-0.000,0.993,0.002,0.002,0.116,-0.499,-0.388,58.591,-0.418,59.872,56.585,57.706,0.828,0.029,-0.005,0.039,-0.014,-1.077,-0.001,-0.002,20.303,0.001,15.706,18.777,13.979
-5.124,2.946,-0.000,0.994,0.002,0.002,0.111,-0.499,-0.388,58.794,-0.418,60.029,56.773,57.846,0.827,0.021,-0.008,0.015,-0.021,-1.070,-0.001,-0.004,20.305,0.001,15.714,18.745,14.023
-5.116,2.946,-0.001,0.994,0.002,0.002,0.106,-0.499,-0.388,58.997,-0.418,60.186,56.960,57.987,0.827,0.012,-0.009,-0.006,-0.031,-1.066,-0.001,-0.005,20.306,0.001,15.717,18.736,14.055
-5.108,2.946,-0.001,0.995,0.002,0.001,0.100,-0.499,-0.388,59.200,-0.418,60.343,57.148,58.127,0.826,0.003,-0.010,-0.021,-0.043,-1.065,-0.001,-0.006,20.305,0.001,15.713,18.749,14.077
-5.099,2.946,-0.001,0.995,0.001,0.001,0.095,-0.499,-0.388,59.403,-0.418,60.500,57.335,58.268,0.825,-0.006,-0.009,-0.033,-0.055,-1.065,-0.000,-0.006,20.301,0.001,15.700,18.777,14.088
-5.091,2.946,-0.001,0.996,0.001,0.001,0.090,-0.499,-0.388,59.606,-0.418,60.657,57.523,58.409,0.823,-0.016,-0.008,-0.042,-0.064,-1.065,-0.000,-0.005,20.295,0.001,15.676,18.816,14.092
-5.083,2.946,-0.001,0.996,0.001,0.001,0.085,-0.499,-0.388,59.809,-0.418,60.814,57.712,58.550,0.822,-0.025,-0.006,-0.051,-0.070,-1.067,0.000,-0.004,20.288,0.002,15.640,18.863,14.087
-5.075,2.945,-0.001,0.997,0.001,0.000,0.079,-0.499,-0.388,60.012,-0.418,60.970,57.901,58.691,0.820,-0.034,-0.004,-0.059,-0.072,-1.068,0.001,-0.003,20.277,0.002,15.593,18.913,14.077
-5.067,2.945,-0.001,0.997,0.001,-0.000,0.074,-0.499,-0.388,60.215,-0.418,61.126,58.090,58.832,0.818,-0.043,-0.002,-0.063,-0.070,-1.068,0.001,-0.002,20.263,0.003,15.539,18.962,14.067
-5.058,2.944,-0.001,0.998,0.000,-0.001,0.069,-0.499,-0.388,60.417,-0.418,61.281,58.280,58.972,0.816,-0.052,-0.000,-0.063,-0.066,-1.067,0.001,-0.002,20.244,0.003,15.481,19.006,14.057
-5.050,2.944,-0.001,0.998,0.000,-0.001,0.063,-0.499,-0.388,60.620,-0.418,61.435,58.470,59.113,0.815,-0.060,0.002,-0.057,-0.062,-1.065,0.001,-0.002,20.218,0.003,15.422,19.045,14.049
-5.042,2.943,-0.001,0.998,-0.000,-0.001,0.058,-0.499,-0.388,60.822,-0.418,61.589,58.661,59.253,0.813,-0.069,0.005,-0.047,-0.060,-1.064,0.000,-0.003,20.187,0.003,15.364,19.079,14.043
-5.034,2.943,-0.001,0.999,-0.000,-0.002,0.053,-0.499,-0.388,61.023,-0.418,61.743,58.852,59.394,0.812,-0.077,0.008,-0.033,-0.060,-1.063,-0.000,-0.004,20.151,0.003,15.306,19.108,14.038
-5.026,2.942,-0.001,0.999,-0.000,-0.002,0.047,-0.499,-0.388,61.225,-0.418,61.895,59.043,59.534,0.811,-0.086,0.010,-0.019,-0.061,-1.063,-0.000,-0.006,20.111,0.002,15.251,19.131,14.035
-5.018,2.941,-0.001,0.999,-0.001,-0.002,0.042,-0.499,-0.388,61.426,-0.418,62.048,59.234,59.674,0.811,-0.095,0.011,-0.005,-0.063,-1.065,-0.001,-0.007,20.070,0.001,15.196,19.150,14.033
-5.010,2.940,-0.001,0.999,-0.000,-0.002,0.037,-0.499,-0.388,61.626,-0.417,62.199,59.426,59.815,0.810,-0.104,0.012,0.005,-0.065,-1.069,-0.001,-0.008,20.025,0.000,15.143,19.167,14.031
-5.002,2.939,-0.000,1.000,-0.000,-0.003,0.031,-0.499,-0.388,61.826,-0.417,62.350,59.618,59.955,0.809,-0.113,0.012,0.013,-0.065,-1.073,-0.001,-0.008,19.978,-0.001,15.093,19.183,14.028
-4.994,2.938,-0.000,1.000,-0.000,-0.003,0.026,-0.499,-0.388,62.026,-0.418,62.501,59.809,60.095,0.809,-0.123,0.011,0.016,-0.061,-1.079,-0.002,-0.007,19.929,-0.002,15.045,19.198,14.026
-4.985,2.936,-0.000,1.000,-0.000,-0.003,0.021,-0.499,-0.388,62.225,-0.418,62.651,60.002,60.235,0.808,-0.132,0.010,0.017,-0.053,-1.084,-0.002,-0.004,19.877,-0.004,15.003,19.212,14.023
-4.977,2.935,-0.000,1.000,-0.000,-0.004,0.015,-0.499,-0.388,62.423,-0.418,62.801,60.194,60.376,0.806,-0.142,0.007,0.016,-0.038,-1.090,-0.001,-0.001,19.827,-0.005,14.966,19.224,14.017
-4.969,2.933,-0.000,1.000,-0.000,-0.004,0.010,-0.499,-0.388,62.621,-0.418,62.951,60.386,60.516,0.805,-0.152,0.004,0.013,-0.016,-1.096,-0.001,0.003,19.784,-0.006,14.939,19.230,14.004
-4.961,2.932,-0.000,1.000,0.000,-0.004,0.004,-0.499,-0.388,62.819,-0.418,63.100,60.578,60.656,0.802,-0.161,0.001,0.010,0.011,-1.100,-0.000,0.007,19.752,-0.007,14.919,19.227,13.986
-4.953,2.930,-0.000,1.000,0.000,-0.004,-0.001,-0.499,-0.388,63.016,-0.418,63.249,60.770,60.795,0.800,-0.170,-0.002,0.008,0.042,-1.103,-0.000,0.011,19.734,-0.008,14.910,19.212,13.965
-4.945,2.928,-0.000,1.000,0.000,-0.003,-0.007,-0.499,-0.388,63.214,-0.418,63.398,60.962,60.935,0.797,-0.179,-0.004,0.007,0.072,-1.104,0.000,0.014,19.729,-0.008,14.916,19.183,13.943
-4.937,2.927,-0.000,1.000,0.000,-0.003,-0.012,-0.499,-0.388,63.411,-0.418,63.548,61.154,61.074,0.795,-0.187,-0.005,0.009,0.098,-1.101,0.001,0.016,19.730,-0.007,14.941,19.139,13.925
-4.929,2.925,-0.000,1.000,0.000,-0.002,-0.018,-0.499,-0.388,63.608,-0.418,63.697,61.345,61.213,0.793,-0.194,-0.005,0.013,0.119,-1.095,0.001,0.016,19.736,-0.006,14.985,19.080,13.911
-4.921,2.923,-0.000,1.000,0.000,-0.002,-0.023,-0.499,-0.388,63.806,-0.418,63.847,61.536,61.353,0.790,-0.201,-0.005,0.016,0.134,-1.087,0.001,0.014,19.750,-0.005,15.043,19.007,13.900
-4.914,2.921,-0.000,1.000,0.001,-0.001,-0.029,-0.499,-0.388,64.003,-0.418,63.998,61.725,61.491,0.788,-0.208,-0.004,0.018,0.142,-1.079,0.001,0.011,19.773,-0.004,15.111,18.924,13.886
-4.906,2.919,-0.000,0.999,0.001,-0.000,-0.034,-0.499,-0.388,64.201,-0.418,64.149,61.914,61.630,0.786,-0.216,-0.002,0.017,0.143,-1.073,0.001,0.008,19.810,-0.002,15.179,18.836,13.865
-4.898,2.916,-0.000,0.999,0.001,0.000,-0.039,-0.499,-0.387,64.400,-0.418,64.302,62.102,61.769,0.784,-0.223,-0.001,0.013,0.137,-1.069,0.000,0.004,19.860,-0.000,15.243,18.750,13.835
-4.890,2.914,-0.000,0.999,0.001,0.001,-0.045,-0.499,-0.387,64.598,-0.418,64.454,62.289,61.907,0.782,-0.232,0.000,0.009,0.123,-1.067,0.000,0.001,19.918,0.001,15.303,18.670,13.797
-4.882,2.912,-0.000,0.999,0.001,0.002,-0.050,-0.499,-0.387,64.798,-0.418,64.608,62.475,62.045,0.779,-0.240,0.001,0.003,0.102,-1.067,0.000,-0.002,19.979,0.002,15.356,18.599,13.755
-4.874,2.909,-0.000,0.998,0.001,0.002,-0.055,-0.499,-0.387,64.998,-0.418,64.761,62.661,62.182,0.777,-0.249,0.002,-0.004,0.076,-1.068,0.000,-0.005,20.040,0.003,15.395,18.543,13.710
-4.867,2.907,-0.000,0.998,0.001,0.002,-0.061,-0.499,-0.388,65.199,-0.418,64.915,62.846,62.319,0.774,-0.258,0.002,-0.015,0.046,-1.072,-0.000,-0.007,20.100,0.004,15.417,18.508,13.664
-4.859,2.904,-0.000,0.998,0.001,0.002,-0.066,-0.499,-0.388,65.400,-0.418,65.070,63.031,62.455,0.771,-0.268,0.002,-0.028,0.016,-1.077,-0.000,-0.008,20.154,0.005,15.426,18.492,13.617
-4.851,2.901,-0.000,0.997,0.001,0.003,-0.071,-0.499,-0.388,65.602,-0.418,65.224,63.216,62.591,0.767,-0.278,0.002,-0.045,-0.014,-1.085,0.000,-0.008,20.202,0.005,15.435,18.497,13.567
-4.844,2.899,-0.000,0.997,0.000,0.002,-0.077,-0.499,-0.388,65.804,-0.418,65.378,63.401,62.727,0.763,-0.287,0.001,-0.063,-0.039,-1.094,0.000,-0.008,20.244,0.005,15.437,18.521,13.515
-4.836,2.896,-0.000,0.997,-0.000,0.002,-0.082,-0.499,-0.388,66.007,-0.418,65.533,63.587,62.861,0.758,-0.297,-0.001,-0.077,-0.056,-1.105,0.000,-0.006,20.282,0.004,15.425,18.561,13.460
-4.828,2.893,-0.000,0.996,-0.001,0.002,-0.088,-0.499,-0.388,66.210,-0.418,65.687,63.773,62.996,0.753,-0.308,-0.004,-0.083,-0.061,-1.117,0.000,-0.004,20.321,0.004,15.399,18.613,13.397
-4.821,2.890,-0.000,0.996,-0.001,0.002,-0.094,-0.499,-0.388,66.413,-0.418,65.841,63.959,63.129,0.747,-0.318,-0.007,-0.078,-0.059,-1.131,0.000,-0.003,20.358,0.003,15.363,18.674,13.330
-4.814,2.886,-0.000,0.995,-0.001,0.001,-0.099,-0.499,-0.388,66.617,-0.418,65.994,64.146,63.262,0.741,-0.328,-0.008,-0.064,-0.056,-1.143,0.000,-0.002,20.380,0.002,15.325,18.742,13.277
-4.806,2.883,-0.001,0.994,-0.002,0.001,-0.105,-0.499,-0.388,66.821,-0.418,66.147,64.334,63.395,0.735,-0.337,-0.009,-0.043,-0.052,-1.151,-0.000,-0.002,20.388,0.001,15.288,18.809,13.244
-4.799,2.880,-0.001,0.994,-0.002,0.001,-0.111,-0.499,-0.388,67.024,-0.418,66.300,64.522,63.527,0.730,-0.346,-0.009,-0.018,-0.050,-1.156,-0.001,-0.003,20.386,0.000,15.255,18.870,13.230
-4.792,2.876,-0.001,0.993,-0.002,0.001,-0.116,-0.499,-0.388,67.228,-0.418,66.452,64.711,63.660,0.725,-0.354,-0.007,0.009,-0.050,-1.158,-0.001,-0.005,20.373,-0.000,15.229,18.923,13.232
-4.784,2.872,-0.001,0.993,-0.002,0.000,-0.122,-0.499,-0.388,67.432,-0.418,66.604,64.901,63.792,0.720,-0.363,-0.005,0.033,-0.053,-1.161,-0.001,-0.006,20.348,-0.001,15.209,18.968,13.248
-4.777,2.869,-0.001,0.992,-0.002,0.000,-0.128,-0.499,-0.388,67.635,-0.418,66.756,65.091,63.925,0.716,-0.371,-0.002,0.054,-0.058,-1.162,-0.001,-0.008,20.312,-0.001,15.196,19.004,13.274
-4.770,2.865,-0.001,0.991,-0.001,-0.000,-0.134,-0.499,-0.388,67.838,-0.418,66.908,65.281,64.058,0.711,-0.380,0.001,0.068,-0.064,-1.164,-0.001,-0.009,20.265,-0.001,15.189,19.033,13.309
-4.763,2.861,-0.001,0.990,-0.001,-0.001,-0.139,-0.499,-0.388,68.040,-0.418,67.060,65.471,64.191,0.707,-0.388,0.003,0.075,-0.070,-1.166,-0.001,-0.009,20.209,-0.000,15.185,19.056,13.351
-4.756,2.857,-0.001,0.989,-0.001,-0.001,-0.145,-0.499,-0.388,68.242,-0.418,67.212,65.662,64.325,0.703,-0.397,0.005,0.074,-0.075,-1.168,-0.001,-0.007,20.145,0.001,15.182,19.074,13.396
-4.749,2.853,-0.001,0.989,-0.000,-0.002,-0.151,-0.499,-0.389,68.443,-0.418,67.364,65.853,64.459,0.699,-0.405,0.007,0.065,-0.076,-1.168,0.000,-0.005,20.079,0.001,15.178,19.088,13.443
