-7.000,-7.000,0.001,1.000,0.000,0.000,0.000,-0.000,-0.000,0.000,-0.000,0.000,0.000,0.000,-0.000,-0.000,0.000,-0.000,-0.000,-0.000,0.000,0.000,-0.000,0.000,-0.000,-0.000,-0.000
-7.000,-7.000,0.001,1.000,0.000,-0.000,0.000,-0.337,-0.242,0.006,-0.275,0.007,0.002,0.002,0.015,-0.001,0.000,-0.001,-0.012,0.011,-48.789,-36.659,0.991,-41.807,1.128,0.363,0.409
-7.000,-7.000,0.001,1.000,-0.000,-0.000,-0.000,-0.690,-0.522,0.018,-0.612,0.020,0.009,0.008,0.047,-0.012,0.001,-0.011,-0.027,-0.072,-16.328,-14.679,1.541,-16.917,1.392,1.136,0.875
-6.999,-7.000,0.001,1.000,-0.000,-0.000,-0.001,-0.707,-0.570,0.037,-0.636,0.034,0.024,0.019,0.077,-0.026,0.001,-0.019,-0.031,-0.163,11.446,4.732,2.111,12.678,1.512,1.923,1.281
-6.998,-7.001,0.001,1.000,-0.000,-0.000,-0.002,-0.509,-0.455,0.060,-0.402,0.050,0.047,0.034,0.106,-0.032,0.001,-0.012,-0.028,-0.197,24.583,15.887,2.600,29.793,1.707,2.606,1.770
-6.997,-7.001,0.001,1.000,-0.000,-0.001,-0.002,-0.309,-0.314,0.088,-0.159,0.070,0.075,0.055,0.130,-0.027,0.001,0.009,-0.018,-0.160,11.951,9.823,3.036,14.690,2.280,3.049,2.312
-6.996,-7.001,0.001,1.000,-0.000,-0.001,-0.003,-0.321,-0.305,0.121,-0.165,0.097,0.107,0.080,0.147,-0.024,0.000,0.015,-0.007,-0.129,-12.910,-7.412,3.579,-14.658,3.092,3.361,2.741
-6.994,-7.001,0.001,1.000,-0.000,-0.001,-0.004,-0.454,-0.390,0.160,-0.338,0.130,0.143,0.109,0.168,-0.030,-0.000,0.007,-0.004,-0.165,-10.000,-7.167,4.106,-15.838,3.540,3.842,3.100
-6.992,-7.002,0.001,1.000,-0.000,-0.001,-0.005,-0.510,-0.432,0.204,-0.447,0.167,0.185,0.142,0.189,-0.041,-0.001,-0.003,-0.001,-0.233,-1.638,-1.767,4.660,-5.815,3.798,4.402,3.392
-6.990,-7.002,0.001,1.000,-0.000,-0.001,-0.006,-0.503,-0.434,0.253,-0.475,0.206,0.231,0.177,0.209,-0.051,-0.002,-0.008,0.003,-0.293,2.395,1.084,5.217,-0.678,4.091,4.934,3.661
-6.988,-7.003,0.000,1.000,-0.000,-0.001,-0.008,-0.473,-0.417,0.308,-0.471,0.249,0.283,0.215,0.228,-0.059,-0.003,-0.009,0.005,-0.336,3.085,2.077,5.742,1.214,4.422,5.431,3.952
-6.986,-7.003,0.000,1.000,-0.000,-0.001,-0.010,-0.446,-0.396,0.368,-0.456,0.295,0.340,0.256,0.248,-0.064,-0.003,-0.009,0.007,-0.364,2.235,1.822,6.239,1.569,4.773,5.900,4.273
-6.983,-7.004,0.000,1.000,-0.000,-0.001,-0.011,-0.429,-0.381,0.433,-0.441,0.344,0.401,0.301,0.267,-0.068,-0.004,-0.009,0.007,-0.384,1.228,1.220,6.711,1.371,5.131,6.347,4.610
-6.980,-7.005,0.000,1.000,-0.000,-0.001,-0.013,-0.421,-0.372,0.502,-0.429,0.397,0.467,0.349,0.286,-0.072,-0.005,-0.010,0.007,-0.401,0.476,0.651,7.163,1.039,5.487,6.778,4.950
-6.977,-7.005,0.000,1.000,-0.000,-0.000,-0.015,-0.418,-0.367,0.576,-0.420,0.454,0.537,0.400,0.304,-0.077,-0.006,-0.011,0.007,-0.418,0.056,0.265,7.600,0.738,5.835,7.196,5.282
-6.974,-7.006,0.000,1.000,-0.000,-0.000,-0.018,-0.419,-0.366,0.654,-0.414,0.514,0.611,0.454,0.322,-0.081,-0.006,-0.013,0.007,-0.436,-0.114,0.087,8.024,0.510,6.173,7.603,5.602
-6.971,-7.007,0.000,1.000,-0.000,-0.000,-0.020,-0.420,-0.365,0.736,-0.410,0.577,0.689,0.512,0.338,-0.086,-0.007,-0.015,0.007,-0.453,-0.141,0.024,8.437,0.350,6.500,7.998,5.909
-6.967,-7.008,0.000,1.000,-0.001,-0.000,-0.022,-0.421,-0.365,0.823,-0.407,0.644,0.771,0.572,0.354,-0.091,-0.008,-0.016,0.007,-0.471,-0.103,0.000,8.842,0.243,6.816,8.383,6.203
-6.964,-7.009,0.000,1.000,-0.001,-0.000,-0.025,-0.422,-0.365,0.913,-0.405,0.714,0.856,0.636,0.369,-0.097,-0.009,-0.016,0.006,-0.489,-0.060,-0.004,9.238,0.168,7.121,8.756,6.486
-6.960,-7.010,-0.000,1.000,-0.001,-0.000,-0.027,-0.423,-0.365,1.007,-0.403,0.786,0.946,0.702,0.384,-0.102,-0.009,-0.015,0.005,-0.506,-0.030,-0.003,9.623,0.116,7.416,9.119,6.757
-6.956,-7.011,-0.000,1.000,-0.001,-0.000,-0.030,-0.423,-0.365,1.106,-0.402,0.862,1.039,0.771,0.398,-0.107,-0.010,-0.014,0.004,-0.524,-0.011,-0.001,9.998,0.080,7.700,9.472,7.019
-6.952,-7.012,-0.000,0.999,-0.001,-0.000,-0.032,-0.423,-0.365,1.207,-0.402,0.940,1.135,0.842,0.411,-0.113,-0.011,-0.013,0.004,-0.541,-0.002,0.000,10.363,0.054,7.976,9.814,7.271
-6.948,-7.013,-0.000,0.999,-0.001,-0.000,-0.035,-0.423,-0.365,1.313,-0.401,1.021,1.235,0.916,0.423,-0.119,-0.011,-0.011,0.003,-0.557,0.002,0.001,10.716,0.036,8.241,10.146,7.513
-6.944,-7.014,-0.000,0.999,-0.001,-0.000,-0.038,-0.423,-0.365,1.422,-0.401,1.105,1.338,0.993,0.435,-0.125,-0.011,-0.008,0.003,-0.573,0.003,0.001,11.058,0.024,8.498,10.467,7.748
-6.939,-7.016,-0.001,0.999,-0.001,-0.000,-0.041,-0.423,-0.365,1.534,-0.401,1.191,1.444,1.071,0.447,-0.130,-0.011,-0.005,0.002,-0.588,0.002,-0.000,11.388,0.016,8.747,10.777,7.974
-6.935,-7.017,-0.001,0.999,-0.001,-0.000,-0.044,-0.423,-0.365,1.649,-0.401,1.280,1.553,1.152,0.457,-0.136,-0.010,-0.001,0.001,-0.603,0.001,-0.002,11.706,0.012,8.986,11.077,8.192
-6.930,-7.018,-0.001,0.999,-0.001,-0.000,-0.047,-0.423,-0.365,1.768,-0.400,1.371,1.666,1.235,0.468,-0.142,-0.010,0.004,0.001,-0.618,0.001,-0.004,12.012,0.009,9.218,11.365,8.404
-6.925,-7.020,-0.001,0.999,-0.001,-0.000,-0.050,-0.423,-0.365,1.890,-0.400,1.464,1.781,1.320,0.477,-0.148,-0.009,0.009,-0.000,-0.632,0.000,-0.006,12.306,0.007,9.442,11.643,8.608
-6.921,-7.021,-0.001,0.999,-0.001,-0.000,-0.053,-0.423,-0.366,2.014,-0.400,1.560,1.898,1.407,0.487,-0.154,-0.008,0.013,-0.001,-0.645,-0.000,-0.008,12.587,0.006,9.658,11.909,8.805
-6.916,-7.023,-0.001,0.998,-0.001,-0.000,-0.056,-0.423,-0.366,2.141,-0.400,1.658,2.019,1.496,0.495,-0.161,-0.007,0.018,-0.002,-0.658,-0.001,-0.010,12.857,0.005,9.867,12.165,8.997
-6.911,-7.025,-0.001,0.998,-0.001,-0.000,-0.060,-0.423,-0.366,2.271,-0.400,1.757,2.142,1.587,0.504,-0.167,-0.006,0.021,-0.003,-0.671,-0.001,-0.013,13.115,0.005,10.068,12.410,9.182
-6.906,-7.026,-0.001,0.998,-0.001,-0.000,-0.063,-0.423,-0.366,2.404,-0.400,1.859,2.267,1.680,0.512,-0.173,-0.004,0.024,-0.004,-0.683,-0.002,-0.017,13.363,0.004,10.262,12.644,9.361
-6.900,-7.028,-0.001,0.998,-0.000,-0.000,-0.066,-0.423,-0.366,2.538,-0.400,1.962,2.395,1.774,0.520,-0.180,-0.003,0.025,-0.005,-0.695,-0.002,-0.020,13.600,0.004,10.450,12.869,9.534
-6.895,-7.030,-0.001,0.998,-0.000,-0.000,-0.070,-0.423,-0.366,2.675,-0.400,2.068,2.524,1.870,0.527,-0.186,-0.002,0.025,-0.005,-0.707,-0.002,-0.021,13.829,0.004,10.631,13.085,9.702
-6.890,-7.032,-0.001,0.997,-0.000,-0.000,-0.073,-0.423,-0.366,2.815,-0.400,2.175,2.656,1.968,0.534,-0.193,-0.001,0.023,-0.005,-0.718,-0.002,-0.020,14.049,0.004,10.805,13.293,9.864
-6.884,-7.034,-0.001,0.997,-0.000,-0.000,-0.077,-0.423,-0.367,2.956,-0.400,2.284,2.790,2.068,0.541,-0.199,-0.000,0.020,-0.005,-0.729,-0.001,-0.017,14.262,0.004,10.973,13.493,10.021
-6.879,-7.036,-0.001,0.997,-0.000,-0.000,-0.081,-0.423,-0.367,3.100,-0.400,2.395,2.926,2.169,0.547,-0.206,0.000,0.016,-0.005,-0.739,-0.001,-0.014,14.469,0.004,11.136,13.688,10.172
-6.874,-7.038,-0.001,0.996,0.000,-0.000,-0.084,-0.423,-0.367,3.246,-0.400,2.507,3.064,2.271,0.553,-0.213,0.000,0.011,-0.004,-0.750,-0.000,-0.012,14.670,0.004,11.292,13.876,10.318
-6.868,-7.040,-0.001,0.996,0.000,-0.001,-0.088,-0.423,-0.367,3.393,-0.400,2.620,3.204,2.375,0.559,-0.220,0.001,0.006,-0.003,-0.760,-0.000,-0.011,14.867,0.003,11.444,14.060,10.459
-6.862,-7.042,-0.001,0.996,0.000,-0.001,-0.092,-0.423,-0.367,3.543,-0.400,2.736,3.345,2.480,0.565,-0.227,0.001,0.002,-0.003,-0.770,-0.000,-0.010,15.058,0.003,11.590,14.241,10.595
-6.857,-7.045,-0.001,0.995,0.000,-0.001,-0.096,-0.423,-0.367,3.695,-0.400,2.852,3.488,2.587,0.570,-0.234,0.001,-0.000,-0.002,-0.779,-0.001,-0.010,15.243,0.003,11.732,14.417,10.726
-6.851,-7.047,-0.001,0.995,0.000,-0.001,-0.100,-0.423,-0.367,3.848,-0.400,2.970,3.633,2.695,0.575,-0.242,0.001,-0.001,-0.002,-0.789,-0.001,-0.011,15.423,0.002,11.870,14.591,10.854
-6.845,-7.049,-0.001,0.995,0.000,-0.001,-0.104,-0.423,-0.367,4.003,-0.400,3.090,3.780,2.804,0.580,-0.249,0.001,0.001,-0.003,-0.798,-0.001,-0.013,15.597,0.002,12.005,14.760,10.977
-6.839,-7.052,-0.001,0.994,0.000,-0.001,-0.108,-0.423,-0.368,4.160,-0.400,3.210,3.929,2.914,0.584,-0.256,0.002,0.006,-0.004,-0.808,-0.003,-0.019,15.765,0.001,12.135,14.924,11.096
-6.834,-7.055,-0.001,0.994,0.000,-0.001,-0.112,-0.423,-0.368,4.318,-0.400,3.332,4.079,3.026,0.588,-0.264,0.003,0.013,-0.005,-0.818,-0.004,-0.029,15.927,0.000,12.260,15.084,11.211
-6.828,-7.057,-0.001,0.993,0.000,-0.001,-0.116,-0.423,-0.368,4.478,-0.400,3.455,4.230,3.138,0.592,-0.272,0.004,0.022,-0.008,-0.828,-0.006,-0.042,16.082,-0.001,12.383,15.238,11.322
-6.822,-7.060,-0.001,0.993,0.000,-0.001,-0.120,-0.423,-0.369,4.640,-0.400,3.580,4.383,3.252,0.596,-0.280,0.005,0.032,-0.010,-0.839,-0.007,-0.066,16.229,-0.001,12.506,15.385,11.429
-6.816,-7.063,-0.001,0.992,0.001,-0.001,-0.124,-0.423,-0.370,4.803,-0.400,3.706,4.538,3.367,0.599,-0.288,0.007,0.044,-0.013,-0.851,-0.008,-0.090,16.365,-0.001,12.628,15.523,11.534
-6.810,-7.066,-0.001,0.992,0.001,-0.001,-0.128,-0.423,-0.370,4.967,-0.400,3.832,4.694,3.483,0.603,-0.296,0.008,0.056,-0.016,-0.862,-0.010,-0.074,16.489,-0.002,12.749,15.653,11.637
-6.804,-7.069,-0.001,0.991,0.001,-0.001,-0.133,-0.423,-0.371,5.133,-0.400,3.960,4.851,3.600,0.606,-0.304,0.010,0.067,-0.018,-0.873,-0.009,-0.061,16.602,-0.001,12.867,15.773,11.741
-6.798,-7.072,-0.001,0.991,0.001,-0.001,-0.137,-0.423,-0.372,5.299,-0.400,4.090,5.009,3.718,0.609,-0.313,0.012,0.076,-0.019,-0.883,-0.007,-0.050,16.701,-0.001,12.983,15.883,11.848
-6.791,-7.075,-0.001,0.990,0.002,-0.001,-0.141,-0.423,-0.372,5.467,-0.400,4.220,5.169,3.837,0.612,-0.321,0.013,0.082,-0.019,-0.891,-0.004,-0.036,16.789,0.000,13.097,15.983,11.959
-6.785,-7.078,-0.000,0.989,0.002,-0.001,-0.146,-0.423,-0.372,5.635,-0.400,4.352,5.329,3.957,0.615,-0.329,0.013,0.084,-0.019,-0.898,-0.001,-0.021,16.866,0.001,13.209,16.074,12.075
-6.779,-7.082,-0.000,0.989,0.003,-0.002,-0.150,-0.423,-0.372,5.804,-0.400,4.484,5.490,4.078,0.618,-0.337,0.013,0.079,-0.017,-0.902,0.001,-0.010,16.934,0.002,13.319,16.156,12.196
-6.773,-7.085,-0.000,0.988,0.003,-0.002,-0.155,-0.423,-0.373,5.974,-0.400,4.618,5.652,4.201,0.621,-0.345,0.013,0.066,-0.013,-0.903,0.002,-0.001,16.997,0.003,13.424,16.232,12.322
-6.767,-7.089,-0.000,0.987,0.003,-0.002,-0.159,-0.423,-0.372,6.144,-0.400,4.753,5.815,4.325,0.624,-0.353,0.011,0.039,-0.008,-0.905,0.004,0.009,17.067,0.003,13.524,16.308,12.444
-6.760,-7.092,-0.000,0.986,0.003,-0.002,-0.164,-0.423,-0.372,6.315,-0.400,4.889,5.978,4.450,0.627,-0.360,0.009,0.003,-0.002,-0.906,0.006,0.028,17.145,0.004,13.617,16.385,12.557
-6.754,-7.096,0.000,0.986,0.003,-0.002,-0.168,-0.423,-0.372,6.487,-0.400,5.025,6.142,4.576,0.629,-0.368,0.007,-0.037,0.005,-0.908,0.009,0.049,17.235,0.004,13.701,16.468,12.658
-6.748,-7.099,0.000,0.985,0.003,-0.002,-0.173,-0.423,-0.371,6.660,-0.400,5.162,6.308,4.703,0.631,-0.376,0.004,-0.076,0.011,-0.910,0.011,0.066,17.337,0.004,13.774,16.559,12.745
-6.742,-7.103,0.000,0.984,0.003,-0.001,-0.177,-0.423,-0.371,6.834,-0.400,5.301,6.474,4.831,0.632,-0.384,0.002,-0.111,0.015,-0.913,0.012,0.076,17.450,0.004,13.837,16.661,12.816
-6.735,-7.107,0.000,0.983,0.002,-0.001,-0.182,-0.423,-0.370,7.009,-0.400,5.439,6.641,4.959,0.632,-0.392,-0.001,-0.140,0.018,-0.916,0.011,0.080,17.575,0.003,13.890,16.772,12.871
-6.729,-7.111,0.000,0.983,0.001,-0.001,-0.186,-0.423,-0.369,7.185,-0.400,5.578,6.809,5.088,0.632,-0.399,-0.003,-0.162,0.019,-0.919,0.010,0.092,17.709,0.002,13.933,16.891,12.911
-6.723,-7.115,0.000,0.982,0.000,-0.001,-0.191,-0.423,-0.368,7.363,-0.400,5.718,6.979,5.217,0.632,-0.407,-0.004,-0.176,0.021,-0.923,0.008,0.105,17.851,0.002,13.967,17.016,12.936
-6.716,-7.119,0.000,0.981,-0.000,-0.001,-0.195,-0.423,-0.367,7.542,-0.400,5.858,7.149,5.347,0.630,-0.415,-0.006,-0.180,0.021,-0.928,0.008,0.074,17.998,0.001,13.993,17.146,12.948
-6.710,-7.123,-0.000,0.980,-0.001,-0.000,-0.200,-0.423,-0.366,7.723,-0.400,5.998,7.322,5.476,0.628,-0.423,-0.006,-0.171,0.019,-0.933,0.005,0.052,18.149,-0.000,14.014,17.277,12.949
-6.704,-7.128,-0.000,0.979,-0.002,0.000,-0.204,-0.423,-0.366,7.905,-0.400,6.138,7.495,5.606,0.626,-0.430,-0.006,-0.152,0.015,-0.940,0.003,0.033,18.298,-0.001,14.030,17.406,12.940
-6.698,-7.132,-0.000,0.978,-0.003,0.000,-0.209,-0.423,-0.366,8.089,-0.400,6.278,7.670,5.735,0.623,-0.438,-0.005,-0.125,0.012,-0.947,-0.000,0.018,18.439,-0.003,14.047,17.530,12.926
-6.691,-7.136,-0.000,0.977,-0.003,0.000,-0.214,-0.423,-0.366,8.274,-0.400,6.419,7.846,5.864,0.620,-0.446,-0.005,-0.096,0.009,-0.955,-0.002,0.008,18.569,-0.004,14.074,17.645,12.908
-6.685,-7.141,-0.000,0.976,-0.004,0.000,-0.218,-0.423,-0.366,8.460,-0.400,6.560,8.022,5.993,0.616,-0.454,-0.004,-0.067,0.008,-0.965,-0.003,0.001,18.687,-0.006,14.111,17.751,12.890
-6.679,-7.145,-0.000,0.975,-0.004,0.001,-0.223,-0.423,-0.366,8.648,-0.400,6.701,8.200,6.122,0.612,-0.462,-0.004,-0.042,0.009,-0.976,-0.004,-0.005,18.797,-0.007,14.145,17.850,12.872
-6.673,-7.150,-0.000,0.974,-0.004,0.001,-0.228,-0.423,-0.366,8.836,-0.400,6.843,8.379,6.251,0.607,-0.470,-0.004,-0.018,0.013,-0.989,-0.004,-0.010,18.898,-0.007,14.182,17.939,12.856
-6.667,-7.155,-0.000,0.973,-0.004,0.001,-0.233,-0.423,-0.366,9.026,-0.400,6.985,8.559,6.379,0.603,-0.478,-0.005,0.005,0.021,-1.002,-0.005,-0.016,18.992,-0.007,14.227,18.018,12.846
-6.661,-7.160,-0.000,0.971,-0.004,0.001,-0.238,-0.423,-0.366,9.216,-0.400,7.127,8.740,6.508,0.598,-0.487,-0.006,0.027,0.029,-1.015,-0.005,-0.020,19.079,-0.007,14.280,18.087,12.844
-6.655,-7.165,-0.000,0.970,-0.004,0.001,-0.243,-0.423,-0.366,9.407,-0.400,7.270,8.921,6.636,0.594,-0.495,-0.007,0.047,0.034,-1.024,-0.004,-0.022,19.164,-0.007,14.342,18.146,12.859
-6.649,-7.170,-0.001,0.969,-0.003,0.001,-0.248,-0.423,-0.366,9.599,-0.400,7.414,9.103,6.765,0.590,-0.502,-0.008,0.063,0.034,-1.031,-0.004,-0.021,19.243,-0.006,14.414,18.199,12.893
-6.643,-7.175,-0.001,0.968,-0.003,0.001,-0.253,-0.423,-0.367,9.792,-0.400,7.559,9.285,6.894,0.586,-0.510,-0.009,0.073,0.029,-1.035,-0.003,-0.020,19.313,-0.005,14.495,18.248,12.945
-6.637,-7.180,-0.001,0.966,-0.003,0.001,-0.258,-0.423,-0.367,9.985,-0.400,7.704,9.468,7.024,0.583,-0.517,-0.009,0.078,0.020,-1.037,-0.003,-0.021,19.373,-0.004,14.581,18.296,13.013
-6.631,-7.185,-0.001,0.965,-0.002,0.001,-0.263,-0.423,-0.367,10.179,-0.400,7.850,9.651,7.154,0.580,-0.525,-0.008,0.080,0.007,-1.037,-0.003,-0.025,19.426,-0.002,14.670,18.345,13.091
-6.626,-7.190,-0.001,0.964,-0.002,0.001,-0.268,-0.423,-0.367,10.374,-0.400,7.997,9.835,7.286,0.576,-0.532,-0.006,0.080,-0.007,-1.038,-0.004,-0.032,19.471,-0.001,14.757,18.394,13.177
-6.620,-7.196,-0.001,0.962,-0.001,0.001,-0.273,-0.423,-0.368,10.569,-0.400,8.145,10.019,7.418,0.573,-0.539,-0.005,0.080,-0.021,-1.038,-0.006,-0.043,19.509,-0.000,14.839,18.445,13.263
-6.614,-7.201,-0.001,0.961,-0.001,0.000,-0.278,-0.423,-0.368,10.764,-0.400,8.294,10.203,7.551,0.569,-0.547,-0.002,0.081,-0.033,-1.041,-0.007,-0.056,19.537,0.001,14.913,18.496,13.347
-6.608,-7.207,-0.001,0.959,-0.001,0.000,-0.283,-0.423,-0.369,10.960,-0.400,8.444,10.389,7.685,0.565,-0.554,0.000,0.083,-0.043,-1.044,-0.008,-0.086,19.555,0.002,14.979,18.547,13.425
-6.603,-7.212,-0.001,0.958,-0.000,-0.000,-0.288,-0.423,-0.370,11.155,-0.400,8.594,10.574,7.819,0.561,-0.562,0.003,0.086,-0.048,-1.050,-0.009,-0.104,19.563,0.002,15.036,18.595,13.497
-6.597,-7.218,-0.001,0.956,-0.000,-0.001,-0.293,-0.423,-0.371,11.351,-0.400,8.744,10.761,7.955,0.556,-0.570,0.006,0.092,-0.050,-1.056,-0.010,-0.083,19.560,0.002,15.086,18.637,13.562
-6.592,-7.224,-0.001,0.955,0.000,-0.001,-0.298,-0.423,-0.372,11.546,-0.400,8.895,10.947,8.091,0.551,-0.578,0.008,0.098,-0.046,-1.063,-0.008,-0.065,19.549,0.002,15.131,18.669,13.623
-6.586,-7.229,-0.001,0.953,0.001,-0.001,-0.303,-0.424,-0.372,11.742,-0.400,9.047,11.134,8.227,0.547,-0.585,0.010,0.104,-0.038,-1.069,-0.005,-0.046,19.529,0.002,15.175,18.689,13.680
-6.581,-7.235,-0.001,0.951,0.001,-0.002,-0.308,-0.424,-0.372,11.937,-0.400,9.199,11.321,8.364,0.542,-0.593,0.011,0.109,-0.026,-1.074,-0.001,-0.025,19.505,0.003,15.221,18.694,13.739
-6.575,-7.241,-0.001,0.950,0.002,-0.002,-0.313,-0.424,-0.373,12.132,-0.400,9.351,11.508,8.502,0.538,-0.600,0.011,0.110,-0.013,-1.076,0.001,-0.011,19.480,0.002,15.272,18.686,13.801
-6.570,-7.247,-0.000,0.948,0.002,-0.002,-0.318,-0.424,-0.373,12.326,-0.400,9.504,11.694,8.640,0.534,-0.608,0.010,0.107,0.001,-1.075,0.002,0.000,19.456,0.002,15.330,18.666,13.869
-6.565,-7.253,-0.000,0.946,0.003,-0.002,-0.323,-0.424,-0.373,12.521,-0.400,9.658,11.881,8.779,0.530,-0.614,0.009,0.097,0.012,-1.070,0.004,0.015,19.438,0.002,15.393,18.637,13.945
-6.559,-7.260,-0.000,0.945,0.003,-0.002,-0.328,-0.423,-0.372,12.715,-0.400,9.812,12.067,8.919,0.527,-0.621,0.006,0.078,0.021,-1.062,0.008,0.040,19.429,0.002,15.447,18.607,14.030
-6.554,-7.266,-0.000,0.943,0.004,-0.002,-0.333,-0.423,-0.372,12.910,-0.400,9.967,12.253,9.060,0.524,-0.627,0.002,0.048,0.031,-1.049,0.011,0.063,19.427,0.003,15.492,18.579,14.126
-6.549,-7.272,-0.000,0.941,0.004,-0.002,-0.338,-0.423,-0.371,13.104,-0.400,10.122,12.439,9.202,0.521,-0.633,-0.002,0.008,0.039,-1.036,0.013,0.078,19.437,0.003,15.539,18.561,14.219
-6.544,-7.278,-0.000,0.939,0.004,-0.002,-0.343,-0.423,-0.370,13.298,-0.400,10.278,12.624,9.344,0.517,-0.639,-0.005,-0.035,0.040,-1.028,0.013,0.084,19.469,0.004,15.593,18.562,14.292
-6.539,-7.285,-0.000,0.938,0.004,-0.002,-0.348,-0.423,-0.370,13.493,-0.400,10.434,12.810,9.487,0.513,-0.646,-0.008,-0.073,0.035,-1.023,0.011,0.083,19.520,0.004,15.642,18.583,14.346
-6.534,-7.291,-0.000,0.936,0.003,-0.001,-0.353,-0.423,-0.369,13.689,-0.400,10.591,12.996,9.631,0.508,-0.652,-0.010,-0.103,0.024,-1.020,0.009,0.098,19.588,0.004,15.680,18.625,14.383
-6.528,-7.298,-0.000,0.934,0.003,-0.001,-0.357,-0.423,-0.368,13.885,-0.400,10.748,13.183,9.775,0.502,-0.657,-0.011,-0.124,0.009,-1.018,0.007,0.077,19.667,0.004,15.705,18.684,14.406
-6.523,-7.305,-0.001,0.932,0.002,-0.001,-0.362,-0.423,-0.367,14.082,-0.400,10.905,13.370,9.919,0.496,-0.663,-0.010,-0.136,-0.010,-1.018,0.005,0.045,19.753,0.004,15.713,18.759,14.420
-6.519,-7.311,-0.001,0.930,0.001,-0.001,-0.367,-0.423,-0.367,14.280,-0.400,11.062,13.558,10.063,0.489,-0.669,-0.009,-0.137,-0.029,-1.018,0.002,0.023,19.841,0.004,15.705,18.845,14.425
-6.514,-7.318,-0.001,0.928,0.001,-0.000,-0.372,-0.423,-0.367,14.479,-0.400,11.219,13.747,10.208,0.482,-0.674,-0.006,-0.131,-0.046,-1.018,0.001,0.011,19.924,0.004,15.680,18.936,14.423
-6.509,-7.325,-0.001,0.927,0.000,-0.000,-0.376,-0.423,-0.367,14.679,-0.400,11.375,13.937,10.352,0.475,-0.679,-0.003,-0.121,-0.058,-1.019,-0.000,0.003,19.994,0.004,15.642,19.028,14.418
-6.504,-7.332,-0.001,0.925,-0.001,-0.000,-0.381,-0.245,-0.248,14.881,-0.209,11.530,14.128,10.496,0.473,-0.682,-0.003,-0.117,-0.047,-1.008,30.826,21.566,20.364,33.678,15.378,19.144,14.472
-6.499,-7.338,-0.001,0.923,-0.001,-0.001,-0.385,0.053,-0.016,15.083,0.119,11.685,14.317,10.645,0.522,-0.648,0.015,-0.064,-0.141,-0.618,22.407,19.689,19.936,25.469,15.601,18.690,15.431
-6.494,-7.344,-0.000,0.922,-0.002,-0.002,-0.387,0.103,0.041,15.279,0.216,11.844,14.500,10.804,0.569,-0.598,0.044,-0.070,-0.280,-0.167,-11.932,-8.709,19.369,-5.714,16.323,17.811,16.380
-6.488,-7.350,-0.000,0.922,-0.003,-0.003,-0.387,-0.119,-0.142,15.471,0.045,12.010,14.675,10.971,0.582,-0.573,0.027,-0.106,-0.148,0.041,-26.399,-22.807,19.286,-23.884,16.721,17.150,16.792
-6.482,-7.356,-0.000,0.922,-0.003,-0.002,-0.387,-0.301,-0.310,15.665,-0.149,12.177,14.845,11.138,0.568,-0.582,-0.011,-0.144,0.112,-0.036,-7.277,-8.421,19.347,-11.217,16.560,17.121,16.648
-6.477,-7.362,-0.000,0.922,-0.004,-0.001,-0.387,-0.247,-0.294,15.858,-0.135,12.339,15.019,11.303,0.546,-0.611,-0.022,-0.183,0.203,-0.241,15.824,10.208,19.344,12.545,16.002,17.588,16.364
-6.471,-7.368,-0.000,0.921,-0.004,-0.000,-0.389,-0.060,-0.153,16.050,0.028,12.498,15.197,11.466,0.549,-0.624,-0.003,-0.072,0.083,-0.279,17.248,14.873,19.020,15.719,15.900,17.937,16.371
-6.466,-7.374,-0.000,0.921,-0.004,-0.000,-0.390,0.019,-0.067,16.238,0.105,12.659,15.376,11.632,0.569,-0.618,0.013,-0.047,-0.012,-0.161,-2.167,0.900,18.464,-1.223,16.288,17.920,16.673
-6.460,-7.381,-0.000,0.921,-0.005,-0.000,-0.390,-0.085,-0.131,16.420,0.012,12.824,15.555,11.799,0.573,-0.620,0.013,-0.041,-0.008,-0.136,-15.372,-11.174,18.078,-14.783,16.604,17.950,16.774
-6.454,-7.387,-0.000,0.920,-0.005,0.000,-0.391,-0.213,-0.229,16.601,-0.127,12.990,15.736,11.966,0.556,-0.636,0.005,-0.020,0.038,-0.265,-7.822,-6.446,18.118,-10.447,16.554,18.197,16.505
-6.449,-7.393,-0.000,0.920,-0.005,0.000,-0.393,-0.214,-0.236,16.783,-0.158,13.154,15.919,12.129,0.533,-0.654,-0.002,0.011,0.075,-0.425,6.919,4.736,18.410,3.991,16.354,18.482,16.092
-6.444,-7.400,-0.000,0.919,-0.004,0.001,-0.395,-0.111,-0.156,16.969,-0.078,13.317,16.105,12.289,0.525,-0.661,-0.007,0.042,0.093,-0.476,11.001,9.339,18.660,9.529,16.285,18.616,15.906
-6.438,-7.406,-0.000,0.918,-0.004,0.001,-0.397,-0.044,-0.090,17.155,-0.017,13.480,16.291,12.449,0.540,-0.656,-0.006,0.072,0.066,-0.375,1.510,2.931,18.566,1.730,16.385,18.565,16.157
-6.433,-7.413,-0.000,0.917,-0.003,0.001,-0.398,-0.083,-0.106,17.340,-0.050,13.645,16.476,12.612,0.551,-0.653,-0.007,0.104,0.054,-0.294,-7.915,-5.238,18.437,-7.326,16.589,18.481,16.407
-6.427,-7.420,-0.000,0.917,-0.003,0.001,-0.400,-0.162,-0.164,17.525,-0.130,13.812,16.661,12.776,0.544,-0.661,-0.007,0.117,0.043,-0.338,-6.172,-4.884,18.535,-7.095,16.669,18.557,16.396
-6.422,-7.426,-0.000,0.916,-0.002,0.001,-0.402,-0.182,-0.183,17.711,-0.164,13.978,16.848,12.939,0.530,-0.674,-0.005,0.124,0.023,-0.438,2.144,1.170,18.749,0.542,16.652,18.731,16.239
-6.417,-7.433,-0.000,0.915,-0.002,0.001,-0.404,-0.133,-0.147,17.899,-0.128,14.145,17.036,13.101,0.526,-0.682,-0.002,0.144,0.002,-0.471,6.414,5.090,18.839,5.502,16.688,18.833,16.234
-6.411,-7.440,-0.000,0.914,-0.001,0.000,-0.406,-0.084,-0.104,18.087,-0.083,14.312,17.224,13.265,0.534,-0.680,-0.002,0.178,-0.006,-0.406,2.514,2.782,18.738,2.639,16.831,18.773,16.471
-6.406,-7.447,-0.000,0.913,0.000,-0.000,-0.407,-0.091,-0.102,18.274,-0.086,14.482,17.411,13.431,0.543,-0.677,-0.002,0.196,-0.002,-0.333,-3.452,-2.048,18.612,-2.894,17.012,18.649,16.754
-6.400,-7.453,-0.000,0.913,0.001,-0.001,-0.409,-0.134,-0.132,18.460,-0.126,14.652,17.597,13.599,0.542,-0.681,-0.001,0.178,-0.003,-0.337,-4.157,-3.194,18.600,-4.260,17.117,18.623,16.889
-6.395,-7.460,-0.000,0.912,0.002,-0.001,-0.411,-0.156,-0.151,18.646,-0.153,14.824,17.784,13.768,0.533,-0.690,-0.000,0.147,-0.003,-0.391,-0.027,-0.317,18.657,-0.748,17.177,18.680,16.896
-6.390,-7.467,-0.000,0.911,0.002,-0.001,-0.412,-0.137,-0.138,18.833,-0.140,14.996,17.971,13.937,0.529,-0.697,0.001,0.121,-0.001,-0.419,3.337,2.522,18.678,2.795,17.269,18.708,16.933
-6.385,-7.474,-0.000,0.910,0.003,-0.001,-0.414,-0.106,-0.112,19.019,-0.112,15.169,18.158,14.107,0.531,-0.698,0.001,0.098,0.004,-0.390,2.125,2.005,18.637,2.247,17.381,18.647,17.087
-6.379,-7.481,-0.000,0.909,0.003,-0.001,-0.416,-0.102,-0.105,19.206,-0.104,15.344,18.343,14.279,0.535,-0.697,-0.000,0.067,0.013,-0.349,-1.145,-0.500,18.602,-0.655,17.468,18.555,17.272
-6.374,-7.488,-0.000,0.909,0.003,-0.001,-0.418,-0.122,-0.118,19.392,-0.120,15.518,18.529,14.452,0.534,-0.700,-0.002,0.027,0.021,-0.342,-2.297,-1.677,18.628,-2.151,17.515,18.518,17.379
-6.369,-7.495,-0.000,0.908,0.003,-0.001,-0.419,-0.137,-0.130,19.578,-0.137,15.694,18.714,14.626,0.530,-0.706,-0.004,-0.012,0.029,-0.365,-0.600,-0.659,18.709,-0.878,17.553,18.541,17.392
-6.363,-7.502,-0.001,0.907,0.003,-0.001,-0.421,-0.133,-0.129,19.766,-0.135,15.870,18.900,14.800,0.525,-0.710,-0.006,-0.043,0.032,-0.384,1.298,0.797,18.799,0.961,17.601,18.578,17.389
-6.358,-7.509,-0.001,0.906,0.003,-0.001,-0.423,-0.118,-0.119,19.954,-0.123,16.046,19.086,14.974,0.524,-0.712,-0.008,-0.067,0.031,-0.378,1.244,1.044,18.870,1.147,17.653,18.597,17.427
-6.353,-7.516,-0.001,0.906,0.003,-0.001,-0.424,-0.112,-0.112,20.143,-0.117,16.223,19.272,15.149,0.525,-0.714,-0.009,-0.085,0.024,-0.360,-0.048,0.179,18.932,0.129,17.700,18.615,17.490
-6.348,-7.524,-0.001,0.905,0.003,-0.000,-0.426,-0.118,-0.115,20.333,-0.121,16.400,19.458,15.324,0.524,-0.716,-0.010,-0.099,0.013,-0.351,-0.934,-0.582,19.011,-0.818,17.732,18.659,17.534
-6.342,-7.531,-0.001,0.904,0.002,-0.000,-0.427,-0.127,-0.121,20.524,-0.129,16.577,19.645,15.499,0.521,-0.719,-0.010,-0.107,-0.002,-0.357,-0.569,-0.426,19.116,-0.630,17.749,18.741,17.539
-6.337,-7.538,-0.001,0.903,0.002,0.000,-0.429,-0.128,-0.122,20.715,-0.132,16.755,19.833,15.675,0.517,-0.722,-0.009,-0.107,-0.020,-0.367,0.175,0.061,19.229,0.015,17.754,18.843,17.528
-6.332,-7.545,-0.001,0.902,0.001,0.000,-0.431,-0.124,-0.120,20.908,-0.129,16.932,20.022,15.850,0.515,-0.725,-0.007,-0.102,-0.036,-0.370,0.511,0.356,19.321,0.395,17.752,18.946,17.530
-6.327,-7.553,-0.001,0.902,0.001,0.000,-0.432,-0.121,-0.117,21.102,-0.126,17.110,20.212,16.025,0.513,-0.727,-0.005,-0.094,-0.050,-0.366,0.204,0.192,19.381,0.196,17.746,19.042,17.553
-6.322,-7.560,-0.001,0.901,0.000,0.000,-0.434,-0.120,-0.116,21.296,-0.125,17.287,20.403,16.201,0.512,-0.730,-0.002,-0.087,-0.059,-0.362,-0.088,0.001,19.421,-0.014,17.732,19.135,17.582
-6.317,-7.567,-0.001,0.900,-0.000,0.000,-0.436,-0.122,-0.117,21.490,-0.126,17.464,20.594,16.377,0.510,-0.732,0.001,-0.080,-0.062,-0.360,-0.184,-0.079,19.455,-0.148,17.704,19.227,17.608
-6.311,-7.574,-0.001,0.899,-0.001,-0.000,-0.437,-0.123,-0.117,21.685,-0.128,17.641,20.787,16.553,0.508,-0.735,0.003,-0.076,-0.060,-0.361,-0.085,-0.034,19.487,-0.093,17.662,19.317,17.625
-6.306,-7.582,-0.001,0.899,-0.001,-0.000,-0.439,-0.124,-0.117,21.880,-0.128,17.818,20.981,16.729,0.506,-0.738,0.005,-0.072,-0.053,-0.364,-0.010,-0.010,19.514,-0.038,17.614,19.398,17.637
-6.301,-7.589,-0.001,0.898,-0.002,-0.000,-0.441,-0.123,-0.117,22.075,-0.128,17.993,21.175,16.906,0.503,-0.741,0.007,-0.070,-0.041,-0.366,0.019,-0.000,19.540,-0.014,17.563,19.470,17.644
-6.296,-7.597,-0.001,0.897,-0.002,-0.000,-0.442,-0.123,-0.117,22.271,-0.129,18.169,21.370,17.082,0.501,-0.744,0.008,-0.069,-0.026,-0.367,0.023,0.002,19.565,-0.006,17.516,19.531,17.645
-6.291,-7.604,-0.001,0.896,-0.003,-0.000,-0.444,-0.123,-0.117,22.466,-0.129,18.344,21.566,17.259,0.500,-0.747,0.009,-0.067,-0.010,-0.368,0.016,0.001,19.593,-0.003,17.476,19.584,17.639
-6.286,-7.612,-0.001,0.895,-0.003,0.000,-0.445,-0.123,-0.117,22.662,-0.129,18.518,21.762,17.435,0.498,-0.750,0.009,-0.064,0.006,-0.370,0.008,0.000,19.625,-0.003,17.446,19.631,17.625
-6.281,-7.619,-0.001,0.894,-0.003,0.000,-0.447,-0.123,-0.117,22.859,-0.129,18.693,21.958,17.611,0.496,-0.753,0.009,-0.057,0.019,-0.371,0.001,-0.001,19.662,-0.003,17.429,19.673,17.604
-6.276,-7.627,-0.001,0.894,-0.003,0.000,-0.449,-0.123,-0.117,23.056,-0.129,18.867,22.155,17.787,0.494,-0.757,0.008,-0.045,0.029,-0.373,-0.002,-0.003,19.699,-0.002,17.426,19.712,17.578
-6.271,-7.634,-0.001,0.893,-0.003,0.001,-0.450,-0.123,-0.117,23.253,-0.129,19.041,22.352,17.963,0.493,-0.760,0.007,-0.027,0.034,-0.374,-0.002,-0.004,19.734,-0.001,17.437,19.747,17.549
-6.267,-7.642,-0.000,0.892,-0.003,0.001,-0.452,-0.123,-0.117,23.450,-0.129,19.216,22.550,18.138,0.491,-0.764,0.007,-0.003,0.037,-0.376,-0.002,-0.004,19.762,0.000,17.463,19.778,17.522
-6.262,-7.649,-0.000,0.891,-0.003,0.001,-0.454,-0.123,-0.118,23.648,-0.129,19.391,22.748,18.313,0.489,-0.767,0.006,0.026,0.036,-0.378,-0.001,-0.005,19.779,0.001,17.502,19.803,17.500
-6.257,-7.657,-0.000,0.890,-0.003,0.001,-0.456,-0.123,-0.118,23.846,-0.129,19.566,22.946,18.488,0.487,-0.771,0.005,0.059,0.034,-0.379,-0.000,-0.006,19.783,0.002,17.555,19.819,17.486
-6.252,-7.665,-0.000,0.889,-0.003,0.001,-0.457,-0.123,-0.118,24.044,-0.129,19.742,23.144,18.663,0.485,-0.774,0.004,0.092,0.032,-0.381,-0.000,-0.006,19.774,0.002,17.619,19.824,17.485
-6.247,-7.673,-0.000,0.888,-0.002,0.001,-0.459,-0.123,-0.118,24.241,-0.129,19.918,23.343,18.838,0.483,-0.777,0.003,0.123,0.029,-0.382,-0.000,-0.006,19.753,0.002,17.693,19.816,17.499
-6.242,-7.680,-0.000,0.888,-0.001,0.001,-0.461,-0.123,-0.118,24.439,-0.129,20.096,23.541,19.013,0.481,-0.781,0.002,0.148,0.027,-0.384,-0.001,-0.006,19.726,0.001,17.775,19.795,17.529
-6.237,-7.688,-0.000,0.887,-0.001,0.000,-0.462,-0.123,-0.118,24.636,-0.129,20.274,23.738,19.189,0.479,-0.784,0.001,0.165,0.026,-0.386,-0.001,-0.006,19.695,-0.000,17.864,19.761,17.574
-6.233,-7.696,-0.000,0.886,0.000,0.000,-0.464,-0.123,-0.118,24.833,-0.129,20.453,23.936,19.365,0.476,-0.787,-0.000,0.170,0.026,-0.387,-0.001,-0.005,19.665,-0.001,17.958,19.714,17.632
-6.228,-7.704,-0.000,0.885,0.001,-0.000,-0.466,-0.123,-0.118,25.029,-0.129,20.633,24.133,19.541,0.474,-0.790,-0.002,0.162,0.024,-0.388,-0.001,-0.004,19.640,-0.001,18.053,19.658,17.701
-6.223,-7.712,-0.000,0.884,0.002,-0.000,-0.467,-0.123,-0.118,25.225,-0.129,20.814,24.329,19.719,0.471,-0.793,-0.003,0.142,0.021,-0.389,-0.001,-0.003,19.623,-0.002,18.144,19.595,17.776
-6.218,-7.720,-0.000,0.883,0.002,-0.001,-0.469,-0.123,-0.118,25.422,-0.129,20.996,24.525,19.897,0.469,-0.796,-0.004,0.112,0.018,-0.389,-0.000,-0.001,19.616,-0.001,18.225,19.531,17.852
-6.214,-7.728,-0.000,0.882,0.003,-0.001,-0.471,-0.123,-0.118,25.618,-0.129,21.178,24.720,20.076,0.466,-0.798,-0.005,0.077,0.015,-0.389,0.001,0.001,19.620,-0.001,18.291,19.472,17.924
-6.209,-7.736,-0.000,0.881,0.003,-0.001,-0.473,-0.123,-0.118,25.814,-0.129,21.362,24.914,20.255,0.463,-0.800,-0.007,0.040,0.013,-0.388,0.001,0.003,19.636,-0.000,18.341,19.423,17.988
-6.205,-7.744,-0.000,0.880,0.003,-0.001,-0.474,-0.123,-0.118,26.011,-0.129,21.545,25.108,20.435,0.459,-0.802,-0.009,0.004,0.011,-0.387,0.002,0.005,19.665,0.000,18.376,19.390,18.042
-6.200,-7.752,-0.001,0.879,0.003,-0.001,-0.476,-0.123,-0.118,26.207,-0.129,21.729,25.302,20.616,0.456,-0.803,-0.010,-0.030,0.008,-0.385,0.002,0.006,19.706,0.001,18.400,19.375,18.084
-6.195,-7.760,-0.001,0.879,0.003,-0.001,-0.478,-0.123,-0.118,26.405,-0.129,21.913,25.496,20.797,0.453,-0.804,-0.011,-0.059,0.003,-0.384,0.002,0.008,19.756,0.001,18.413,19.379,18.115
-6.191,-7.768,-0.001,0.878,0.003,-0.000,-0.479,-0.123,-0.118,26.603,-0.129,22.097,25.690,20.978,0.449,-0.805,-0.012,-0.080,-0.002,-0.382,0.002,0.008,19.811,0.001,18.417,19.404,18.134
-6.186,-7.776,-0.001,0.877,0.002,-0.000,-0.481,-0.123,-0.118,26.801,-0.129,22.282,25.884,21.160,0.446,-0.806,-0.012,-0.093,-0.010,-0.381,0.001,0.008,19.869,0.001,18.415,19.446,18.143
-6.182,-7.784,-0.001,0.876,0.002,-0.000,-0.483,-0.123,-0.118,27.000,-0.129,22.466,26.079,21.341,0.443,-0.807,-0.011,-0.096,-0.019,-0.379,0.001,0.008,19.924,0.001,18.407,19.503,18.145
-6.178,-7.792,-0.001,0.875,0.001,0.000,-0.484,-0.123,-0.117,27.199,-0.129,22.650,26.274,21.523,0.439,-0.808,-0.009,-0.092,-0.028,-0.378,0.000,0.007,19.972,0.000,18.393,19.571,18.142
-6.173,-7.800,-0.001,0.874,0.001,0.000,-0.486,-0.123,-0.117,27.399,-0.129,22.833,26.470,21.704,0.436,-0.809,-0.007,-0.084,-0.036,-0.377,-0.000,0.006,20.011,-0.001,18.374,19.643,18.137
-6.169,-7.808,-0.001,0.873,0.000,0.000,-0.488,-0.123,-0.117,27.600,-0.129,23.017,26.667,21.885,0.433,-0.811,-0.005,-0.074,-0.041,-0.377,-0.000,0.005,20.039,-0.001,18.349,19.716,18.132
-6.165,-7.816,-0.001,0.872,0.000,0.000,-0.489,-0.123,-0.117,27.800,-0.129,23.200,26.864,22.067,0.430,-0.812,-0.002,-0.064,-0.045,-0.376,-0.001,0.003,20.058,-0.002,18.318,19.787,18.130
-6.160,-7.825,-0.001,0.871,-0.000,0.000,-0.491,-0.123,-0.117,28.001,-0.129,23.383,27.063,22.248,0.427,-0.813,0.000,-0.055,-0.046,-0.376,-0.001,0.002,20.071,-0.003,18.283,19.852,18.131
-6.156,-7.833,-0.001,0.870,-0.001,0.000,-0.493,-0.123,-0.117,28.202,-0.129,23.566,27.261,22.429,0.424,-0.815,0.002,-0.049,-0.045,-0.377,-0.001,0.001,20.079,-0.004,18.243,19.910,18.135
-6.152,-7.841,-0.001,0.869,-0.001,-0.000,-0.494,-0.123,-0.117,28.402,-0.129,23.748,27.461,22.611,0.421,-0.817,0.004,-0.047,-0.042,-0.377,-0.001,0.000,20.087,-0.004,18.199,19.960,18.142
-6.148,-7.849,-0.001,0.868,-0.001,-0.000,-0.496,-0.123,-0.117,28.603,-0.129,23.930,27.660,22.792,0.418,-0.819,0.006,-0.048,-0.038,-0.378,-0.001,-0.001,20.095,-0.004,18.151,20.003,18.149
-6.143,-7.857,-0.001,0.867,-0.002,-0.000,-0.498,-0.123,-0.117,28.804,-0.129,24.111,27.861,22.974,0.415,-0.822,0.008,-0.051,-0.034,-0.378,-0.001,-0.001,20.105,-0.004,18.101,20.041,18.154
-6.139,-7.866,-0.001,0.867,-0.002,-0.000,-0.499,-0.123,-0.117,29.005,-0.129,24.292,28.061,23.155,0.413,-0.824,0.009,-0.055,-0.028,-0.379,-0.001,-0.002,20.116,-0.004,18.052,20.077,18.156
-6.135,-7.874,-0.001,0.866,-0.002,-0.000,-0.501,-0.123,-0.117,29.207,-0.129,24.472,28.262,23.337,0.410,-0.827,0.010,-0.056,-0.022,-0.380,-0.001,-0.003,20.129,-0.004,18.005,20.113,18.152
-6.131,-7.882,-0.001,0.865,-0.002,-0.000,-0.502,-0.123,-0.117,29.408,-0.129,24.652,28.464,23.518,0.408,-0.830,0.010,-0.054,-0.016,-0.381,-0.001,-0.003,20.141,-0.003,17.963,20.148,18.142
-6.127,-7.890,-0.001,0.864,-0.003,0.000,-0.504,-0.123,-0.117,29.609,-0.129,24.832,28.665,23.699,0.405,-0.833,0.011,-0.047,-0.009,-0.382,-0.001,-0.004,20.149,-0.002,17.929,20.183,18.125
-6.123,-7.899,-0.001,0.863,-0.003,0.000,-0.506,-0.123,-0.117,29.811,-0.129,25.011,28.867,23.881,0.403,-0.836,0.011,-0.033,-0.002,-0.383,-0.001,-0.005,20.150,-0.001,17.905,20.215,18.100
-6.119,-7.907,-0.000,0.862,-0.003,0.000,-0.507,-0.123,-0.117,30.012,-0.129,25.190,29.070,24.061,0.400,-0.839,0.012,-0.013,0.006,-0.385,-0.000,-0.005,20.142,-0.000,17.892,20.242,18.070
-6.115,-7.915,-0.000,0.861,-0.003,0.000,-0.509,-0.123,-0.118,30.214,-0.129,25.369,29.272,24.242,0.398,-0.842,0.012,0.012,0.016,-0.386,-0.000,-0.005,20.123,0.001,17.892,20.259,18.036
-6.111,-7.924,-0.000,0.860,-0.003,0.000,-0.511,-0.123,-0.118,30.415,-0.129,25.548,29.475,24.422,0.395,-0.844,0.011,0.041,0.028,-0.388,-0.000,-0.005,20.096,0.002,17.907,20.262,18.002
-6.107,-7.932,-0.000,0.859,-0.002,0.000,-0.512,-0.123,-0.118,30.616,-0.129,25.727,29.677,24.602,0.393,-0.847,0.010,0.071,0.040,-0.390,-0.000,-0.005,20.062,0.002,17.937,20.248,17.973
-6.103,-7.941,-0.000,0.858,-0.002,0.000,-0.514,-0.123,-0.118,30.816,-0.129,25.906,29.880,24.782,0.390,-0.850,0.008,0.099,0.053,-0.391,-0.000,-0.005,20.026,0.002,17.983,20.215,17.950
-6.099,-7.949,0.000,0.857,-0.001,0.000,-0.516,-0.123,-0.118,31.016,-0.129,26.087,30.081,24.961,0.387,-0.853,0.006,0.122,0.066,-0.393,-0.000,-0.005,19.993,0.002,18.045,20.166,17.939
-6.095,-7.958,0.000,0.856,-0.001,0.000,-0.517,-0.123,-0.118,31.216,-0.129,26.267,30.283,25.140,0.384,-0.856,0.003,0.137,0.075,-0.394,-0.000,-0.004,19.969,0.002,18.122,20.101,17.940
-6.092,-7.966,0.000,0.855,0.000,0.000,-0.519,-0.123,-0.118,31.416,-0.129,26.449,30.483,25.320,0.381,-0.858,-0.001,0.141,0.079,-0.396,-0.000,-0.003,19.956,0.002,18.211,20.025,17.954
-6.088,-7.975,0.000,0.854,0.001,0.000,-0.521,-0.123,-0.118,31.615,-0.129,26.632,30.683,25.500,0.378,-0.861,-0.004,0.131,0.076,-0.396,0.000,-0.002,19.957,0.001,18.310,19.945,17.980
-6.084,-7.984,0.000,0.853,0.002,0.000,-0.523,-0.123,-0.118,31.815,-0.129,26.815,30.882,25.680,0.374,-0.863,-0.007,0.109,0.065,-0.396,0.000,-0.000,19.972,0.001,18.411,19.866,18.017
-6.080,-7.992,-0.000,0.852,0.002,0.000,-0.524,-0.123,-0.118,32.015,-0.129,27.000,31.081,25.860,0.371,-0.865,-0.009,0.079,0.049,-0.396,0.001,0.001,19.999,0.001,18.504,19.794,18.061
-6.077,-8.001,-0.000,0.851,0.003,0.000,-0.526,-0.123,-0.118,32.215,-0.129,27.185,31.278,26.041,0.368,-0.866,-0.011,0.047,0.031,-0.395,0.001,0.003,20.034,0.001,18.580,19.736,18.107
-6.073,-8.010,-0.000,0.850,0.003,0.000,-0.528,-0.123,-0.118,32.415,-0.129,27.371,31.475,26.222,0.364,-0.867,-0.013,0.016,0.014,-0.393,0.001,0.005,20.074,0.002,18.635,19.696,18.153
-6.069,-8.018,-0.000,0.848,0.003,0.000,-0.529,-0.123,-0.118,32.616,-0.129,27.558,31.672,26.404,0.360,-0.867,-0.014,-0.012,-0.003,-0.392,0.002,0.006,20.118,0.002,18.670,19.677,18.196
-6.066,-8.027,-0.001,0.847,0.003,0.000,-0.531,-0.123,-0.118,32.818,-0.129,27.745,31.869,26.586,0.356,-0.868,-0.015,-0.036,-0.019,-0.390,0.002,0.007,20.162,0.002,18.686,19.679,18.235
-6.062,-8.036,-0.001,0.846,0.002,0.000,-0.533,-0.123,-0.118,33.019,-0.129,27.932,32.066,26.769,0.352,-0.868,-0.015,-0.055,-0.033,-0.388,0.001,0.007,20.203,0.003,18.686,19.702,18.269
-6.059,-8.044,-0.001,0.845,0.002,0.000,-0.534,-0.123,-0.118,33.222,-0.129,28.118,32.263,26.951,0.348,-0.868,-0.014,-0.066,-0.043,-0.387,0.001,0.007,20.237,0.002,18.673,19.741,18.295
-6.055,-8.053,-0.001,0.844,0.002,0.000,-0.536,-0.123,-0.117,33.424,-0.129,28.305,32.461,27.134,0.345,-0.867,-0.012,-0.071,-0.048,-0.385,0.001,0.007,20.261,0.002,18.649,19.793,18.312
-6.052,-8.062,-0.001,0.843,0.001,0.000,-0.537,-0.123,-0.117,33.627,-0.129,28.491,32.659,27.318,0.341,-0.867,-0.010,-0.069,-0.050,-0.384,0.000,0.006,20.276,0.002,18.618,19.851,18.322
-6.048,-8.070,-0.001,0.842,0.001,0.000,-0.539,-0.123,-0.117,33.830,-0.129,28.677,32.858,27.501,0.337,-0.867,-0.007,-0.063,-0.047,-0.383,0.000,0.005,20.282,0.001,18.584,19.912,18.324
-6.045,-8.079,-0.001,0.841,0.000,0.000,-0.541,-0.123,-0.117,34.032,-0.129,28.863,33.057,27.684,0.333,-0.867,-0.005,-0.054,-0.042,-0.382,-0.000,0.004,20.280,0.000,18.548,19.970,18.321
-6.042,-8.088,-0.001,0.840,0.000,0.000,-0.542,-0.123,-0.117,34.235,-0.129,29.048,33.257,27.867,0.330,-0.867,-0.003,-0.044,-0.035,-0.381,-0.000,0.003,20.275,-0.001,18.515,20.022,18.316
-6.038,-8.096,-0.001,0.839,-0.000,-0.000,-0.544,0.095,0.042,34.440,0.046,29.235,33.456,28.050,0.341,-0.852,0.000,-0.004,-0.030,-0.280,34.979,27.313,20.467,28.960,18.881,19.743,18.364
-6.035,-8.105,-0.001,0.839,-0.000,-0.000,-0.544,0.388,0.309,34.641,0.305,29.427,33.650,28.237,0.403,-0.820,0.019,0.073,-0.110,0.142,18.372,20.052,19.730,18.270,19.404,18.971,19.134
-6.030,-8.113,-0.001,0.840,-0.000,-0.001,-0.543,0.408,0.348,34.834,0.369,29.624,33.835,28.433,0.462,-0.783,0.041,0.058,-0.227,0.569,-13.218,-12.339,18.869,-5.015,20.018,17.931,19.922
-6.026,-8.120,-0.001,0.842,-0.001,-0.002,-0.540,0.186,0.121,35.021,0.237,29.826,34.010,28.634,0.480,-0.763,0.022,-0.039,-0.120,0.738,-26.075,-27.684,18.762,-18.113,20.272,17.152,20.216
-6.021,-8.128,-0.001,0.844,-0.001,-0.002,-0.537,0.006,-0.080,35.209,0.094,30.027,34.181,28.835,0.462,-0.771,-0.007,-0.121,0.051,0.609,-6.827,-9.355,18.782,-7.370,20.043,17.210,20.046
-6.016,-8.136,-0.001,0.845,-0.001,-0.001,-0.535,0.074,-0.042,35.397,0.129,30.225,34.356,29.034,0.437,-0.791,-0.010,-0.120,0.072,0.386,17.433,14.782,18.740,12.599,19.555,17.740,19.762
-6.012,-8.144,-0.001,0.846,-0.002,-0.001,-0.533,0.264,0.146,35.584,0.275,30.420,34.534,29.232,0.450,-0.789,0.004,-0.048,-0.021,0.430,16.395,18.634,18.554,13.152,19.536,17.800,19.835
-6.007,-8.152,-0.001,0.847,-0.002,-0.001,-0.531,0.336,0.252,35.767,0.342,30.618,34.710,29.432,0.486,-0.766,0.020,-0.053,-0.108,0.653,-2.417,1.331,18.146,-0.267,19.958,17.322,20.155
-6.002,-8.159,-0.000,0.849,-0.003,-0.002,-0.528,0.235,0.179,35.947,0.277,30.819,34.881,29.635,0.505,-0.752,0.023,-0.062,-0.119,0.769,-15.116,-13.488,17.779,-11.006,20.310,16.991,20.339
-5.997,-8.167,-0.000,0.851,-0.003,-0.002,-0.524,0.103,0.054,36.124,0.169,31.022,35.051,29.838,0.501,-0.754,0.005,-0.083,0.010,0.717,-8.774,-8.748,17.721,-8.553,20.203,17.031,20.232
-5.992,-8.174,-0.000,0.853,-0.003,-0.001,-0.522,0.096,0.042,36.301,0.143,31.222,35.224,30.038,0.480,-0.774,0.005,-0.046,0.019,0.515,6.699,5.816,17.685,3.266,19.715,17.578,19.946
-5.988,-8.182,-0.000,0.854,-0.003,-0.001,-0.520,0.199,0.143,36.478,0.209,31.417,35.401,30.237,0.478,-0.780,0.005,-0.026,0.034,0.452,11.246,12.096,17.669,7.979,19.463,17.842,19.805
-5.983,-8.190,-0.000,0.856,-0.003,-0.001,-0.518,0.271,0.233,36.654,0.264,31.612,35.579,30.435,0.496,-0.769,0.006,-0.002,0.046,0.549,2.135,4.509,17.573,2.000,19.586,17.686,19.883
-5.978,-8.197,0.000,0.857,-0.003,-0.001,-0.515,0.238,0.221,36.829,0.243,31.810,35.754,30.635,0.513,-0.757,0.006,0.035,0.059,0.647,-7.494,-5.974,17.494,-5.395,19.843,17.426,19.970
-5.973,-8.205,0.000,0.859,-0.003,-0.001,-0.512,0.157,0.148,37.004,0.179,32.008,35.929,30.834,0.511,-0.760,0.005,0.052,0.069,0.601,-6.952,-6.739,17.520,-6.092,19.887,17.477,19.872
-5.968,-8.213,0.000,0.860,-0.002,-0.000,-0.510,0.128,0.117,37.180,0.147,32.207,36.105,31.032,0.501,-0.770,0.005,0.062,0.071,0.482,1.424,0.863,17.585,-0.118,19.740,17.739,19.666
-5.963,-8.220,0.000,0.861,-0.002,-0.000,-0.508,0.175,0.160,37.356,0.173,32.403,36.283,31.228,0.502,-0.773,0.003,0.094,0.075,0.443,6.534,6.546,17.583,4.422,19.675,17.855,19.582
-5.958,-8.228,0.000,0.862,-0.001,-0.000,-0.506,0.228,0.219,37.531,0.212,32.601,36.461,31.424,0.517,-0.765,-0.001,0.141,0.089,0.517,3.118,4.169,17.520,2.546,19.818,17.669,19.674
-5.952,-8.236,0.000,0.864,-0.000,-0.000,-0.504,0.227,0.229,37.706,0.214,32.800,36.636,31.621,0.531,-0.753,-0.006,0.171,0.102,0.599,-2.977,-2.006,17.484,-1.860,20.063,17.388,19.790
-5.947,-8.243,0.000,0.865,0.001,-0.000,-0.501,0.184,0.192,37.881,0.183,33.002,36.809,31.820,0.535,-0.750,-0.010,0.166,0.100,0.604,-4.506,-4.280,17.496,-3.556,20.240,17.256,19.829
-5.942,-8.251,-0.000,0.867,0.002,-0.000,-0.499,0.156,0.163,38.056,0.158,33.205,36.982,32.018,0.533,-0.752,-0.011,0.137,0.081,0.556,-0.692,-1.026,17.523,-1.084,20.311,17.280,19.816
-5.936,-8.258,-0.000,0.868,0.002,-0.000,-0.496,0.172,0.175,38.231,0.165,33.408,37.155,32.216,0.535,-0.752,-0.011,0.104,0.055,0.530,3.172,2.954,17.530,2.043,20.402,17.283,19.834
-5.931,-8.266,-0.000,0.870,0.003,-0.000,-0.494,0.204,0.208,38.407,0.188,33.613,37.327,32.415,0.542,-0.746,-0.011,0.079,0.034,0.557,2.587,2.938,17.515,2.023,20.558,17.165,19.925
-5.925,-8.273,-0.000,0.871,0.003,-0.000,-0.491,0.214,0.223,38.582,0.197,33.819,37.498,32.615,0.551,-0.737,-0.011,0.053,0.019,0.600,-0.661,-0.114,17.509,-0.164,20.702,17.001,20.046
-5.920,-8.280,-0.000,0.872,0.003,-0.000,-0.489,0.196,0.209,38.757,0.186,34.027,37.667,32.816,0.556,-0.732,-0.011,0.020,0.007,0.613,-2.444,-2.212,17.533,-1.742,20.766,16.919,20.134
-5.914,-8.288,-0.001,0.874,0.003,-0.000,-0.486,0.176,0.190,38.933,0.171,34.234,37.836,33.017,0.557,-0.730,-0.011,-0.013,-0.002,0.592,-1.100,-1.267,17.582,-1.025,20.764,16.941,20.166
-5.909,-8.295,-0.001,0.875,0.003,-0.000,-0.484,0.177,0.188,39.109,0.169,34.442,38.006,33.219,0.558,-0.729,-0.011,-0.039,-0.008,0.569,1.059,0.777,17.639,0.579,20.751,16.994,20.176
-5.903,-8.302,-0.001,0.877,0.003,-0.000,-0.481,0.191,0.201,39.285,0.179,34.649,38.176,33.421,0.562,-0.724,-0.010,-0.054,-0.011,0.571,1.487,1.513,17.679,1.086,20.760,17.011,20.207
-5.897,-8.310,-0.001,0.878,0.003,-0.000,-0.479,0.201,0.212,39.462,0.186,34.857,38.346,33.623,0.568,-0.718,-0.010,-0.064,-0.014,0.589,0.287,0.530,17.696,0.366,20.785,17.000,20.260
-5.892,-8.317,-0.001,0.879,0.002,-0.000,-0.476,0.197,0.210,39.639,0.185,35.065,38.516,33.826,0.574,-0.713,-0.009,-0.072,-0.019,0.603,-0.903,-0.701,17.711,-0.517,20.800,17.010,20.305
-5.886,-8.324,-0.001,0.881,0.002,0.000,-0.473,0.187,0.202,39.816,0.179,35.273,38.687,34.029,0.577,-0.710,-0.007,-0.078,-0.026,0.600,-0.795,-0.759,17.749,-0.623,20.786,17.069,20.320
-5.880,-8.331,-0.001,0.882,0.002,0.000,-0.471,0.183,0.197,39.994,0.175,35.481,38.858,34.232,0.580,-0.708,-0.005,-0.079,-0.034,0.589,-0.009,-0.101,17.803,-0.136,20.752,17.158,20.314
-5.874,-8.338,-0.001,0.884,0.001,0.000,-0.468,0.187,0.200,40.172,0.176,35.688,39.030,34.435,0.583,-0.705,-0.003,-0.077,-0.043,0.583,0.589,0.478,17.851,0.341,20.717,17.245,20.311
-5.869,-8.345,-0.001,0.885,0.001,0.000,-0.465,0.192,0.205,40.351,0.179,35.895,39.203,34.638,0.588,-0.702,-0.001,-0.073,-0.050,0.587,0.356,0.379,17.874,0.243,20.690,17.312,20.325
-5.863,-8.352,-0.001,0.886,0.000,-0.000,-0.463,0.194,0.207,40.530,0.181,36.102,39.376,34.842,0.593,-0.698,0.001,-0.071,-0.057,0.593,-0.030,0.061,17.883,0.037,20.662,17.371,20.348
-5.857,-8.359,-0.001,0.888,-0.000,-0.000,-0.460,0.192,0.206,40.709,0.180,36.308,39.550,35.045,0.598,-0.694,0.003,-0.070,-0.060,0.597,-0.257,-0.183,17.890,-0.152,20.619,17.432,20.370
-5.851,-8.366,-0.001,0.889,-0.001,-0.000,-0.458,0.190,0.204,40.888,0.179,36.514,39.725,35.249,0.603,-0.692,0.005,-0.071,-0.060,0.597,-0.153,-0.120,17.904,-0.121,20.555,17.498,20.385
-5.845,-8.373,-0.001,0.891,-0.001,-0.000,-0.455,0.189,0.204,41.067,0.178,36.719,39.900,35.453,0.607,-0.689,0.007,-0.072,-0.055,0.595,-0.026,-0.041,17.920,-0.047,20.480,17.563,20.393
-5.839,-8.380,-0.001,0.892,-0.002,-0.000,-0.452,0.189,0.203,41.246,0.178,36.924,40.076,35.657,0.612,-0.687,0.008,-0.072,-0.045,0.595,0.029,-0.008,17.935,-0.015,20.403,17.621,20.395
-5.832,-8.387,-0.001,0.893,-0.002,-0.000,-0.450,0.189,0.203,41.426,0.177,37.127,40.252,35.861,0.616,-0.684,0.009,-0.071,-0.030,0.595,0.038,0.002,17.949,-0.003,20.331,17.670,20.388
-5.826,-8.393,-0.001,0.895,-0.002,-0.000,-0.447,0.190,0.203,41.605,0.177,37.330,40.429,36.065,0.621,-0.681,0.009,-0.068,-0.013,0.595,0.026,0.004,17.963,-0.001,20.269,17.712,20.369
-5.820,-8.400,-0.001,0.896,-0.003,-0.000,-0.444,0.190,0.203,41.785,0.177,37.533,40.607,36.268,0.626,-0.678,0.009,-0.060,0.005,0.596,0.011,0.004,17.979,-0.001,20.224,17.746,20.339
-5.814,-8.407,-0.001,0.897,-0.003,-0.000,-0.442,0.190,0.203,41.965,0.177,37.735,40.784,36.472,0.631,-0.676,0.009,-0.046,0.022,0.597,0.001,0.002,17.995,-0.001,20.199,17.774,20.296
-5.807,-8.414,-0.001,0.899,-0.003,0.000,-0.439,0.190,0.203,42.145,0.177,37.937,40.962,36.674,0.636,-0.673,0.008,-0.027,0.034,0.597,-0.003,0.001,18.009,-0.001,20.196,17.797,20.245
-5.801,-8.420,-0.000,0.900,-0.003,0.000,-0.436,0.190,0.203,42.325,0.177,38.139,41.140,36.876,0.641,-0.670,0.007,-0.003,0.042,0.598,-0.004,-0.000,18.018,-0.001,20.214,17.812,20.189
-5.795,-8.427,-0.000,0.901,-0.003,0.001,-0.434,0.190,0.203,42.505,0.177,38.341,41.318,37.078,0.646,-0.667,0.005,0.024,0.045,0.597,-0.002,-0.001,18.018,-0.001,20.251,17.820,20.135
-5.788,-8.434,-0.000,0.902,-0.003,0.001,-0.431,0.190,0.203,42.685,0.177,38.544,41.496,37.279,0.651,-0.664,0.004,0.053,0.043,0.597,-0.001,-0.001,18.009,-0.001,20.306,17.820,20.087
-5.782,-8.440,-0.000,0.904,-0.002,0.001,-0.428,0.190,0.203,42.865,0.177,38.747,41.675,37.480,0.655,-0.661,0.002,0.082,0.037,0.596,-0.000,-0.001,17.989,-0.001,20.373,17.813,20.054
-5.775,-8.447,-0.000,0.905,-0.002,0.001,-0.425,0.190,0.203,43.045,0.177,38.952,41.853,37.680,0.660,-0.658,0.001,0.107,0.028,0.595,0.000,-0.001,17.961,-0.001,20.449,17.799,20.039
-5.768,-8.454,-0.000,0.906,-0.001,0.001,-0.423,0.190,0.203,43.224,0.177,39.156,42.031,37.881,0.664,-0.654,-0.001,0.128,0.016,0.594,0.000,-0.000,17.924,-0.001,20.530,17.778,20.046
-5.762,-8.460,-0.000,0.907,-0.000,0.000,-0.420,0.190,0.203,43.403,0.177,39.362,42.208,38.081,0.668,-0.651,-0.002,0.142,0.005,0.592,0.000,0.000,17.880,-0.001,20.612,17.748,20.076
-5.755,-8.467,-0.000,0.909,0.000,0.000,-0.417,0.190,0.203,43.582,0.177,39.569,42.385,38.282,0.672,-0.647,-0.003,0.147,-0.004,0.592,0.000,0.000,17.832,-0.001,20.692,17.709,20.125
-5.748,-8.473,-0.000,0.910,0.001,-0.000,-0.415,0.190,0.203,43.760,0.177,39.776,42.562,38.484,0.676,-0.643,-0.003,0.144,-0.010,0.591,0.000,0.000,17.783,-0.001,20.766,17.659,20.190
-5.741,-8.479,-0.000,0.911,0.001,-0.001,-0.412,0.190,0.203,43.938,0.177,39.984,42.739,38.686,0.679,-0.639,-0.003,0.132,-0.012,0.591,0.000,0.000,17.735,-0.001,20.830,17.597,20.264
-5.735,-8.486,-0.000,0.912,0.002,-0.001,-0.409,0.190,0.203,44.115,0.177,40.193,42.914,38.889,0.683,-0.634,-0.003,0.114,-0.008,0.592,0.000,0.001,17.691,-0.001,20.878,17.527,20.341
-5.728,-8.492,-0.000,0.914,0.002,-0.001,-0.407,0.190,0.203,44.291,0.177,40.401,43.089,39.093,0.686,-0.629,-0.002,0.093,0.002,0.592,0.000,0.001,17.653,-0.001,20.912,17.451,20.414
-5.721,-8.498,-0.001,0.915,0.003,-0.001,-0.404,0.190,0.203,44.468,0.177,40.611,43.263,39.297,0.689,-0.625,-0.002,0.070,0.016,0.593,0.000,0.001,17.627,-0.001,20.933,17.375,20.476
-5.714,-8.505,-0.001,0.916,0.003,-0.001,-0.401,0.190,0.203,44.644,0.177,40.820,43.437,39.502,0.692,-0.620,-0.003,0.043,0.029,0.594,0.001,0.002,17.615,-0.001,20.948,17.304,20.526
-5.707,-8.511,-0.001,0.917,0.003,-0.001,-0.398,0.190,0.203,44.820,0.177,41.030,43.609,39.708,0.695,-0.615,-0.003,0.015,0.041,0.594,0.001,0.003,17.620,-0.002,20.961,17.241,20.561
-5.700,-8.517,-0.001,0.918,0.003,-0.001,-0.396,0.190,0.203,44.996,0.177,41.239,43.782,39.914,0.698,-0.611,-0.004,-0.012,0.048,0.595,0.001,0.004,17.643,-0.002,20.974,17.192,20.582
-5.693,-8.523,-0.001,0.920,0.003,-0.001,-0.393,0.190,0.204,45.173,0.177,41.449,43.953,40.119,0.702,-0.606,-0.005,-0.039,0.050,0.595,0.002,0.005,17.682,-0.003,20.987,17.160,20.591
-5.686,-8.529,-0.001,0.921,0.003,-0.000,-0.390,0.190,0.204,45.350,0.177,41.659,44.125,40.325,0.705,-0.602,-0.006,-0.062,0.043,0.596,0.002,0.006,17.735,-0.003,20.999,17.147,20.591
-5.679,-8.535,-0.001,0.922,0.003,-0.000,-0.388,0.190,0.204,45.528,0.177,41.869,44.296,40.531,0.709,-0.598,-0.006,-0.081,0.028,0.596,0.002,0.007,17.798,-0.003,21.007,17.155,20.587
-5.672,-8.541,-0.001,0.923,0.003,0.000,-0.385,0.190,0.204,45.706,0.177,42.079,44.468,40.737,0.712,-0.594,-0.005,-0.095,0.007,0.597,0.002,0.007,17.866,-0.003,21.005,17.184,20.582
-5.665,-8.547,-0.001,0.924,0.002,0.000,-0.382,0.190,0.204,45.885,0.177,42.289,44.640,40.943,0.716,-0.590,-0.004,-0.104,-0.019,0.598,0.002,0.007,17.933,-0.002,20.989,17.233,20.581
-5.658,-8.553,-0.001,0.925,0.002,0.000,-0.379,0.190,0.204,46.065,0.177,42.499,44.813,41.149,0.720,-0.586,-0.002,-0.110,-0.045,0.598,0.001,0.007,17.994,-0.002,20.955,17.298,20.583
-5.650,-8.559,-0.001,0.926,0.001,0.000,-0.376,0.190,0.204,46.245,0.177,42.708,44.986,41.355,0.724,-0.582,-0.001,-0.114,-0.066,0.599,0.001,0.007,18.044,-0.001,20.901,17.375,20.588
-5.643,-8.564,-0.001,0.928,0.000,0.000,-0.374,0.190,0.204,46.426,0.177,42.917,45.160,41.560,0.728,-0.578,0.001,-0.115,-0.080,0.600,0.001,0.007,18.082,-0.001,20.829,17.460,20.594
-5.636,-8.570,-0.001,0.929,-0.000,-0.000,-0.371,0.190,0.204,46.607,0.177,43.125,45.335,41.766,0.732,-0.574,0.003,-0.114,-0.084,0.600,0.001,0.006,18.107,-0.001,20.744,17.547,20.598
-5.628,-8.576,-0.001,0.930,-0.001,-0.000,-0.368,0.190,0.204,46.788,0.177,43.332,45.511,41.972,0.736,-0.570,0.004,-0.111,-0.076,0.601,0.000,0.005,18.121,-0.001,20.651,17.631,20.593
-5.621,-8.582,-0.001,0.931,-0.002,-0.000,-0.365,0.190,0.204,46.969,0.177,43.538,45.688,42.178,0.740,-0.565,0.005,-0.105,-0.058,0.602,0.000,0.004,18.129,-0.000,20.558,17.708,20.577
-5.614,-8.587,-0.001,0.932,-0.002,-0.000,-0.363,0.190,0.204,47.150,0.177,43.743,45.865,42.384,0.743,-0.561,0.005,-0.096,-0.033,0.603,0.000,0.003,18.135,0.000,20.476,17.774,20.547
-5.606,-8.593,-0.001,0.933,-0.003,-0.000,-0.360,0.190,0.204,47.332,0.177,43.947,46.043,42.589,0.747,-0.557,0.005,-0.082,-0.003,0.604,0.000,0.002,18.142,0.001,20.410,17.827,20.500
-5.599,-8.598,-0.001,0.934,-0.003,-0.000,-0.357,0.190,0.204,47.513,0.177,44.151,46.222,42.794,0.751,-0.552,0.005,-0.064,0.025,0.604,0.000,0.001,18.154,0.002,20.368,17.866,20.439
-5.591,-8.604,-0.001,0.935,-0.003,0.000,-0.354,0.190,0.204,47.695,0.177,44.355,46.401,42.998,0.754,-0.548,0.004,-0.042,0.049,0.604,-0.000,-0.001,18.171,0.002,20.352,17.891,20.367
-5.584,-8.609,-0.001,0.936,-0.003,0.001,-0.351,0.190,0.204,47.877,0.177,44.558,46.580,43.201,0.758,-0.544,0.003,-0.018,0.066,0.604,-0.000,-0.002,18.191,0.003,20.364,17.904,20.291
-5.576,-8.615,-0.001,0.937,-0.003,0.001,-0.348,0.190,0.204,48.059,0.177,44.762,46.759,43.404,0.761,-0.539,0.001,0.007,0.074,0.603,-0.000,-0.003,18.212,0.003,20.401,17.906,20.217
-5.568,-8.620,-0.001,0.938,-0.003,0.001,-0.346,0.190,0.204,48.241,0.177,44.966,46.938,43.606,0.765,-0.535,-0.000,0.033,0.071,0.602,-0.001,-0.004,18.231,0.003,20.459,17.901,20.153
-5.561,-8.625,-0.001,0.939,-0.003,0.001,-0.343,0.190,0.204,48.423,0.177,45.171,47.117,43.807,0.769,-0.531,-0.002,0.058,0.059,0.601,-0.001,-0.005,18.243,0.003,20.532,17.891,20.106
-5.553,-8.631,-0.001,0.940,-0.002,0.002,-0.340,0.190,0.204,48.606,0.177,45.377,47.295,44.008,0.772,-0.526,-0.003,0.081,0.038,0.599,-0.001,-0.005,18.245,0.002,20.615,17.879,20.081
-5.545,-8.636,-0.001,0.941,-0.002,0.002,-0.337,0.190,0.204,48.788,0.177,45.584,47.474,44.209,0.776,-0.522,-0.003,0.100,0.011,0.598,-0.001,-0.005,18.233,0.002,20.699,17.868,20.083
-5.538,-8.641,-0.001,0.942,-0.001,0.001,-0.334,0.190,0.204,48.970,0.177,45.791,47.653,44.409,0.779,-0.518,-0.003,0.113,-0.018,0.597,-0.001,-0.005,18.205,0.002,20.779,17.858,20.111
-5.530,-8.646,-0.001,0.943,-0.001,0.001,-0.332,0.190,0.204,49.152,0.177,45.999,47.831,44.611,0.782,-0.513,-0.003,0.122,-0.045,0.595,-0.000,-0.004,18.159,0.001,20.848,17.849,20.163
-5.522,-8.651,-0.001,0.944,-0.000,0.001,-0.329,0.190,0.204,49.333,0.177,46.208,48.010,44.813,0.785,-0.508,-0.002,0.125,-0.066,0.594,-0.000,-0.004,18.097,0.001,20.901,17.838,20.234
-5.514,-8.656,-0.001,0.945,0.000,-0.000,-0.326,0.190,0.204,49.514,0.177,46.417,48.188,45.016,0.788,-0.504,-0.001,0.125,-0.076,0.594,-0.000,-0.003,18.021,0.001,20.937,17.822,20.319
-5.506,-8.661,-0.001,0.946,0.001,-0.001,-0.323,0.190,0.204,49.694,0.177,46.627,48.366,45.219,0.790,-0.499,-0.000,0.121,-0.075,0.593,-0.001,-0.003,17.937,0.000,20.956,17.799,20.410
-5.498,-8.666,-0.001,0.947,0.001,-0.001,-0.320,0.190,0.204,49.873,0.177,46.836,48.544,45.424,0.793,-0.494,0.001,0.115,-0.062,0.593,-0.001,-0.003,17.850,-0.001,20.962,17.766,20.499
-5.490,-8.671,-0.001,0.948,0.002,-0.002,-0.317,0.190,0.204,50.051,0.177,47.046,48.721,45.629,0.795,-0.488,0.002,0.105,-0.040,0.593,-0.001,-0.003,17.768,-0.001,20.961,17.721,20.580
-5.482,-8.676,-0.001,0.949,0.002,-0.002,-0.315,0.190,0.204,50.228,0.177,47.255,48.898,45.835,0.797,-0.483,0.003,0.092,-0.013,0.594,-0.001,-0.003,17.696,-0.003,20.959,17.665,20.648
-5.474,-8.681,-0.001,0.950,0.002,-0.002,-0.312,0.190,0.204,50.405,0.177,47.465,49.075,46.042,0.800,-0.478,0.003,0.073,0.015,0.595,-0.001,-0.002,17.641,-0.004,20.960,17.601,20.700
-5.466,-8.686,-0.001,0.951,0.003,-0.002,-0.309,0.190,0.204,50.581,0.177,47.675,49.250,46.249,0.802,-0.473,0.003,0.051,0.039,0.596,-0.001,-0.001,17.607,-0.005,20.966,17.531,20.735
-5.458,-8.690,-0.001,0.952,0.003,-0.002,-0.306,0.190,0.204,50.757,0.177,47.884,49.425,46.457,0.805,-0.469,0.003,0.027,0.058,0.597,-0.000,-0.000,17.597,-0.005,20.978,17.462,20.755
-5.450,-8.695,-0.001,0.953,0.003,-0.002,-0.303,0.190,0.204,50.933,0.177,48.094,49.600,46.664,0.807,-0.464,0.002,0.002,0.068,0.598,-0.000,0.001,17.611,-0.005,20.992,17.398,20.761
-5.442,-8.700,-0.001,0.954,0.003,-0.001,-0.300,0.190,0.204,51.109,0.177,48.304,49.773,46.872,0.811,-0.459,0.001,-0.023,0.068,0.599,0.000,0.002,17.646,-0.005,21.005,17.344,20.759
-5.434,-8.704,-0.001,0.955,0.003,-0.001,-0.298,0.190,0.204,51.286,0.177,48.514,49.947,47.079,0.814,-0.455,0.001,-0.049,0.059,0.600,0.001,0.003,17.699,-0.004,21.010,17.305,20.751
-5.426,-8.709,-0.001,0.956,0.003,-0.001,-0.295,0.190,0.204,51.463,0.177,48.724,50.120,47.287,0.817,-0.450,0.000,-0.073,0.042,0.601,0.001,0.004,17.764,-0.003,21.004,17.284,20.741
-5.418,-8.713,-0.001,0.956,0.003,-0.000,-0.292,0.190,0.204,51.641,0.177,48.934,50.292,47.494,0.821,-0.446,0.000,-0.093,0.020,0.601,0.001,0.005,17.836,-0.002,20.982,17.283,20.731
-5.409,-8.718,-0.001,0.957,0.002,-0.000,-0.289,0.190,0.204,51.820,0.177,49.144,50.465,47.702,0.824,-0.441,0.000,-0.109,-0.004,0.602,0.001,0.006,17.909,-0.001,20.944,17.302,20.722
-5.401,-8.722,-0.001,0.958,0.002,0.000,-0.286,0.190,0.204,51.999,0.177,49.353,50.638,47.909,0.828,-0.437,0.000,-0.120,-0.025,0.603,0.001,0.007,17.979,0.000,20.891,17.340,20.714
-5.393,-8.726,-0.001,0.959,0.001,0.000,-0.283,0.190,0.204,52.180,0.177,49.562,50.812,48.116,0.831,-0.432,0.000,-0.127,-0.039,0.604,0.001,0.007,18.042,0.001,20.827,17.394,20.704
-5.385,-8.731,-0.001,0.960,0.000,0.000,-0.280,0.203,0.215,52.360,0.186,49.769,50.986,48.322,0.830,-0.424,-0.000,-0.127,-0.041,0.608,2.098,1.941,17.981,1.484,20.619,17.328,20.562
-5.376,-8.735,-0.001,0.961,-0.000,0.000,-0.277,0.221,0.234,52.539,0.200,49.974,51.158,48.527,0.829,-0.411,-0.001,-0.121,-0.036,0.634,1.215,1.435,17.875,1.075,20.492,17.215,20.446
-5.368,-8.739,-0.001,0.962,-0.001,0.000,-0.274,0.223,0.239,52.717,0.204,50.179,51.330,48.731,0.829,-0.399,-0.001,-0.114,-0.023,0.662,-0.656,-0.371,17.739,-0.252,20.407,17.093,20.332
-5.360,-8.743,-0.001,0.963,-0.002,0.000,-0.271,0.211,0.229,52.894,0.197,50.382,51.501,48.934,0.827,-0.390,-0.001,-0.107,-0.006,0.667,-1.419,-1.339,17.628,-0.956,20.289,17.024,20.184
-5.351,-8.747,-0.001,0.963,-0.002,0.000,-0.268,0.201,0.219,53.070,0.189,50.585,51.671,49.135,0.824,-0.384,-0.001,-0.094,0.012,0.652,-0.489,-0.596,17.572,-0.430,20.118,17.009,19.995
-5.343,-8.751,-0.001,0.964,-0.002,0.000,-0.265,0.203,0.219,53.245,0.190,50.785,51.841,49.334,0.821,-0.379,-0.001,-0.072,0.028,0.636,0.677,0.512,17.532,0.413,19.955,16.994,19.794
-5.335,-8.754,-0.001,0.965,-0.003,0.001,-0.262,0.211,0.226,53.420,0.195,50.984,52.010,49.531,0.819,-0.371,-0.002,-0.045,0.043,0.634,0.792,0.791,17.466,0.571,19.850,16.939,19.609
-5.327,-8.758,-0.001,0.966,-0.003,0.001,-0.259,0.216,0.232,53.595,0.199,51.182,52.179,49.726,0.817,-0.362,-0.003,-0.020,0.053,0.640,0.135,0.251,17.374,0.178,19.798,16.852,19.444
-5.319,-8.762,-0.001,0.967,-0.003,0.001,-0.255,0.214,0.231,53.768,0.198,51.380,52.347,49.919,0.815,-0.354,-0.004,0.003,0.056,0.643,-0.480,-0.387,17.283,-0.247,19.761,16.763,19.290
-5.311,-8.765,-0.001,0.968,-0.003,0.002,-0.252,0.209,0.226,53.940,0.195,51.577,52.515,50.112,0.813,-0.347,-0.005,0.023,0.052,0.637,-0.404,-0.399,17.214,-0.280,19.717,16.688,19.143
-5.302,-8.769,-0.001,0.968,-0.002,0.002,-0.249,0.207,0.224,54.112,0.194,51.774,52.681,50.302,0.811,-0.341,-0.005,0.042,0.041,0.627,-0.039,-0.128,17.156,-0.078,19.670,16.620,19.012
-5.294,-8.772,-0.001,0.969,-0.002,0.002,-0.246,0.208,0.224,54.283,0.194,51.971,52.847,50.492,0.809,-0.335,-0.006,0.058,0.024,0.619,0.188,0.103,17.095,0.084,19.630,16.550,18.907
-5.286,-8.775,-0.001,0.970,-0.002,0.002,-0.243,0.209,0.225,54.454,0.195,52.167,53.012,50.681,0.807,-0.328,-0.006,0.070,0.001,0.614,0.140,0.120,17.022,0.070,19.598,16.473,18.831
-5.278,-8.778,-0.001,0.971,-0.001,0.002,-0.240,0.210,0.226,54.624,0.195,52.363,53.177,50.869,0.806,-0.322,-0.005,0.078,-0.023,0.612,0.037,0.049,16.937,0.026,19.566,16.394,18.781
-5.270,-8.782,-0.001,0.971,-0.001,0.001,-0.237,0.210,0.226,54.793,0.195,52.558,53.340,51.056,0.804,-0.315,-0.004,0.084,-0.045,0.609,-0.012,0.017,16.840,0.007,19.526,16.317,18.751
-5.262,-8.785,-0.001,0.972,-0.001,0.001,-0.234,0.210,0.226,54.961,0.195,52.753,53.503,51.244,0.802,-0.309,-0.003,0.088,-0.064,0.606,-0.024,0.005,16.732,-0.001,19.474,16.245,18.736
-5.254,-8.788,-0.001,0.973,-0.000,0.001,-0.231,0.210,0.226,55.127,0.195,52.948,53.665,51.431,0.801,-0.302,-0.001,0.090,-0.075,0.603,-0.020,0.002,16.613,-0.004,19.411,16.176,18.732
-5.246,-8.791,-0.001,0.974,0.000,0.000,-0.229,0.210,0.226,55.293,0.195,53.141,53.826,51.618,0.799,-0.296,-0.000,0.091,-0.080,0.601,-0.011,0.002,16.485,-0.005,19.339,16.110,18.734
-5.238,-8.794,-0.001,0.974,0.000,-0.000,-0.226,0.210,0.226,55.457,0.195,53.334,53.987,51.806,0.797,-0.290,0.001,0.090,-0.078,0.598,-0.004,0.003,16.350,-0.005,19.262,16.044,18.738
-5.230,-8.797,-0.001,0.975,0.001,-0.001,-0.223,0.210,0.226,55.620,0.195,53.527,54.147,51.993,0.796,-0.284,0.002,0.086,-0.070,0.596,-0.000,0.003,16.212,-0.006,19.182,15.978,18.738
-5.222,-8.799,-0.001,0.976,0.001,-0.001,-0.220,0.210,0.226,55.781,0.195,53.718,54.307,52.180,0.794,-0.278,0.003,0.079,-0.057,0.594,0.001,0.003,16.077,-0.006,19.103,15.909,18.733
-5.214,-8.802,-0.001,0.976,0.001,-0.002,-0.217,0.210,0.226,55.941,0.195,53.909,54.465,52.368,0.792,-0.273,0.004,0.071,-0.042,0.592,0.001,0.003,15.949,-0.006,19.027,15.839,18.719
-5.206,-8.805,-0.001,0.977,0.002,-0.002,-0.214,0.210,0.226,56.100,0.195,54.098,54.623,52.555,0.791,-0.267,0.005,0.060,-0.025,0.590,0.001,0.003,15.831,-0.007,18.954,15.766,18.698
-5.198,-8.808,-0.001,0.977,0.002,-0.002,-0.211,0.210,0.226,56.258,0.195,54.288,54.781,52.742,0.790,-0.261,0.006,0.048,-0.010,0.589,0.001,0.004,15.727,-0.007,18.886,15.691,18.668
-5.191,-8.810,-0.001,0.978,0.002,-0.002,-0.208,0.210,0.227,56.415,0.195,54.476,54.937,52.928,0.789,-0.256,0.006,0.035,0.004,0.588,0.001,0.004,15.639,-0.006,18.822,15.614,18.633
-5.183,-8.813,-0.001,0.979,0.002,-0.002,-0.205,0.210,0.227,56.571,0.195,54.664,55.093,53.114,0.789,-0.251,0.007,0.020,0.014,0.587,0.001,0.004,15.568,-0.006,18.758,15.536,18.592
-5.175,-8.815,-0.001,0.979,0.002,-0.002,-0.203,0.210,0.227,56.726,0.195,54.851,55.248,53.300,0.788,-0.246,0.007,0.005,0.021,0.587,0.001,0.004,15.512,-0.005,18.693,15.457,18.548
-5.167,-8.818,-0.001,0.980,0.002,-0.002,-0.200,0.210,0.227,56.881,0.195,55.038,55.402,53.485,0.788,-0.241,0.007,-0.009,0.025,0.586,0.001,0.005,15.471,-0.004,18.624,15.380,18.500
-5.159,-8.820,-0.000,0.980,0.002,-0.002,-0.197,0.210,0.227,57.036,0.195,55.224,55.556,53.670,0.788,-0.235,0.007,-0.023,0.027,0.586,0.001,0.005,15.443,-0.003,18.549,15.303,18.450
-5.151,-8.822,-0.000,0.981,0.002,-0.001,-0.194,0.210,0.227,57.190,0.195,55.409,55.708,53.854,0.788,-0.230,0.007,-0.037,0.027,0.586,0.002,0.005,15.426,-0.003,18.468,15.230,18.396
-5.143,-8.825,-0.000,0.982,0.002,-0.001,-0.191,0.210,0.227,57.344,0.195,55.593,55.860,54.038,0.788,-0.225,0.006,-0.049,0.028,0.585,0.002,0.005,15.416,-0.002,18.382,15.160,18.339
-5.135,-8.827,-0.000,0.982,0.002,-0.001,-0.188,0.210,0.227,57.498,0.195,55.777,56.011,54.221,0.788,-0.220,0.005,-0.060,0.029,0.585,0.002,0.006,15.414,-0.001,18.294,15.096,18.278
-5.128,-8.829,-0.000,0.983,0.001,-0.001,-0.185,0.210,0.227,57.653,0.195,55.959,56.162,54.403,0.788,-0.215,0.004,-0.069,0.031,0.584,0.002,0.006,15.417,-0.000,18.208,15.040,18.213
-5.120,-8.831,-0.000,0.983,0.001,-0.001,-0.182,0.210,0.227,57.807,0.195,56.141,56.312,54.585,0.788,-0.210,0.003,-0.074,0.034,0.583,0.002,0.006,15.424,0.001,18.128,14.991,18.144
-5.112,-8.833,-0.000,0.984,0.001,-0.000,-0.180,0.210,0.227,57.961,0.195,56.322,56.462,54.766,0.788,-0.205,0.001,-0.078,0.038,0.583,0.002,0.006,15.436,0.001,18.058,14.952,18.070
-5.104,-8.835,-0.000,0.984,0.000,-0.000,-0.177,0.210,0.227,58.116,0.195,56.502,56.611,54.947,0.787,-0.200,-0.001,-0.080,0.044,0.582,0.002,0.006,15.452,0.002,17.998,14.920,17.990
-5.096,-8.837,-0.000,0.985,0.000,0.000,-0.174,0.210,0.227,58.270,0.195,56.682,56.760,55.126,0.787,-0.195,-0.003,-0.081,0.050,0.582,0.001,0.006,15.471,0.002,17.952,14.895,17.903
-5.088,-8.839,-0.000,0.985,-0.000,0.000,-0.171,0.210,0.227,58.425,0.195,56.861,56.909,55.305,0.787,-0.190,-0.004,-0.079,0.055,0.580,0.001,0.006,15.492,0.003,17.918,14.877,17.810
-5.080,-8.841,-0.000,0.986,-0.001,0.001,-0.168,0.210,0.227,58.580,0.195,57.040,57.058,55.482,0.786,-0.185,-0.005,-0.074,0.057,0.579,0.001,0.005,15.515,0.003,17.897,14.866,17.712
-5.072,-8.843,-0.000,0.986,-0.001,0.001,-0.165,0.210,0.227,58.735,0.195,57.219,57.207,55.659,0.786,-0.180,-0.005,-0.063,0.054,0.578,0.001,0.005,15.535,0.003,17.887,14.859,17.611
-5.065,-8.845,-0.000,0.987,-0.001,0.001,-0.162,0.210,0.227,58.891,0.195,57.398,57.355,55.835,0.785,-0.175,-0.005,-0.050,0.047,0.576,0.001,0.004,15.550,0.003,17.884,14.854,17.512
-5.057,-8.846,-0.000,0.987,-0.001,0.002,-0.160,0.210,0.227,59.046,0.195,57.577,57.504,56.009,0.784,-0.170,-0.005,-0.038,0.038,0.574,0.000,0.003,15.555,0.003,17.886,14.851,17.417
-5.049,-8.848,-0.000,0.988,-0.001,0.002,-0.157,0.210,0.227,59.202,0.195,57.756,57.652,56.183,0.783,-0.165,-0.006,-0.026,0.029,0.572,0.000,0.002,15.551,0.003,17.891,14.847,17.330
-5.041,-8.850,-0.001,0.988,-0.002,0.002,-0.154,0.210,0.227,59.357,0.195,57.935,57.801,56.356,0.782,-0.160,-0.007,-0.015,0.017,0.570,0.000,0.002,15.541,0.003,17.896,14.845,17.255
-5.033,-8.851,-0.001,0.989,-0.002,0.002,-0.151,0.210,0.227,59.513,0.195,58.114,57.949,56.528,0.781,-0.156,-0.007,-0.005,0.005,0.568,0.000,0.001,15.526,0.003,17.901,14.844,17.195
-5.025,-8.853,-0.001,0.989,-0.002,0.002,-0.148,0.210,0.227,59.668,0.195,58.293,58.098,56.700,0.780,-0.151,-0.008,0.005,-0.008,0.566,0.000,0.001,15.507,0.003,17.903,14.842,17.151
-5.018,-8.854,-0.001,0.989,-0.002,0.002,-0.146,0.210,0.227,59.823,0.195,58.472,58.246,56.871,0.779,-0.146,-0.008,0.013,-0.021,0.564,0.000,0.000,15.483,0.003,17.899,14.841,17.122
-5.010,-8.856,-0.001,0.990,-0.001,0.002,-0.143,0.210,0.227,59.977,0.195,58.650,58.394,57.042,0.778,-0.141,-0.008,0.022,-0.032,0.562,0.000,-0.000,15.455,0.003,17.890,14.838,17.107
-5.002,-8.857,-0.001,0.990,-0.001,0.002,-0.140,0.210,0.227,60.132,0.195,58.829,58.543,57.213,0.777,-0.136,-0.007,0.030,-0.041,0.561,-0.000,-0.001,15.422,0.002,17.874,14.833,17.106
-4.994,-8.858,-0.001,0.991,-0.001,0.001,-0.137,0.210,0.227,60.286,0.195,59.008,58.691,57.384,0.776,-0.132,-0.007,0.038,-0.047,0.559,-0.000,-0.001,15.385,0.002,17.851,14.825,17.115
-4.987,-8.860,-0.001,0.991,-0.001,0.001,-0.134,0.210,0.227,60.439,0.195,59.186,58.839,57.556,0.774,-0.127,-0.006,0.045,-0.050,0.557,-0.000,-0.002,15.343,0.001,17.823,14.813,17.132
-4.979,-8.861,-0.001,0.991,-0.001,0.001,-0.132,0.210,0.227,60.593,0.195,59.364,58.987,57.727,0.773,-0.122,-0.005,0.051,-0.051,0.556,-0.001,-0.002,15.296,0.000,17.792,14.799,17.155
-4.971,-8.862,-0.001,0.992,-0.001,0.001,-0.129,0.210,0.227,60.745,0.195,59.542,59.135,57.899,0.772,-0.118,-0.003,0.055,-0.050,0.554,-0.001,-0.002,15.244,-0.001,17.759,14.781,17.180
-4.963,-8.863,-0.001,0.992,-0.000,0.000,-0.126,0.210,0.227,60.898,0.195,59.720,59.283,58.071,0.771,-0.113,-0.002,0.058,-0.047,0.553,-0.001,-0.003,15.189,-0.001,17.727,14.761,17.207
-4.956,-8.864,-0.001,0.992,-0.000,0.000,-0.123,0.210,0.227,61.049,0.195,59.897,59.430,58.243,0.770,-0.109,-0.001,0.058,-0.044,0.551,-0.001,-0.003,15.131,-0.002,17.696,14.739,17.233
-4.948,-8.865,-0.001,0.993,0.000,-0.000,-0.121,0.210,0.227,61.200,0.195,60.074,59.578,58.415,0.769,-0.105,0.001,0.056,-0.041,0.550,-0.001,-0.003,15.070,-0.003,17.667,14.718,17.256
-4.940,-8.866,-0.001,0.993,0.000,-0.000,-0.118,0.210,0.227,61.351,0.195,60.250,59.725,58.588,0.769,-0.100,0.002,0.053,-0.038,0.549,-0.001,-0.003,15.008,-0.004,17.641,14.697,17.275
-4.933,-8.867,-0.001,0.993,0.001,-0.001,-0.115,0.210,0.227,61.500,0.195,60.426,59.872,58.761,0.768,-0.096,0.004,0.048,-0.037,0.548,-0.001,-0.003,14.946,-0.004,17.615,14.677,17.291
-4.925,-8.868,-0.001,0.994,0.001,-0.001,-0.113,0.210,0.227,61.649,0.195,60.602,60.018,58.934,0.768,-0.092,0.005,0.041,-0.037,0.548,-0.001,-0.003,14.884,-0.004,17.590,14.660,17.303
-4.917,-8.869,-0.001,0.994,0.001,-0.001,-0.110,0.210,0.227,61.798,0.195,60.778,60.165,59.107,0.768,-0.087,0.006,0.033,-0.038,0.548,-0.001,-0.002,14.824,-0.004,17.563,14.646,17.312
-4.910,-8.870,-0.001,0.994,0.001,-0.001,-0.107,0.210,0.227,61.946,0.195,60.954,60.311,59.280,0.768,-0.083,0.008,0.025,-0.041,0.547,-0.000,-0.002,14.767,-0.004,17.533,14.634,17.319
-4.902,-8.871,-0.001,0.995,0.001,-0.001,-0.104,0.210,0.227,62.093,0.195,61.129,60.457,59.453,0.768,-0.079,0.009,0.016,-0.043,0.548,-0.000,-0.001,14.713,-0.004,17.498,14.625,17.325
-4.894,-8.872,-0.001,0.995,0.001,-0.002,-0.102,0.210,0.227,62.240,0.195,61.304,60.604,59.626,0.769,-0.075,0.009,0.007,-0.044,0.548,-0.000,-0.001,14.664,-0.003,17.457,14.618,17.331
-4.886,-8.872,-0.001,0.995,0.001,-0.002,-0.099,0.210,0.227,62.387,0.195,61.478,60.750,59.800,0.770,-0.071,0.010,-0.001,-0.044,0.548,-0.000,-0.000,14.620,-0.003,17.410,14.610,17.336
-4.879,-8.873,-0.001,0.995,0.001,-0.002,-0.096,0.210,0.227,62.533,0.195,61.652,60.896,59.973,0.770,-0.067,0.010,-0.007,-0.041,0.549,0.000,-0.000,14.581,-0.002,17.356,14.602,17.340
-4.871,-8.874,-0.001,0.996,0.001,-0.002,-0.093,0.210,0.227,62.678,0.195,61.825,61.042,60.147,0.771,-0.062,0.010,-0.012,-0.034,0.549,0.000,0.000,14.548,-0.002,17.298,14.590,17.340
-4.863,-8.874,-0.000,0.996,0.001,-0.002,-0.091,0.210,0.227,62.824,0.195,61.998,61.188,60.320,0.771,-0.058,0.010,-0.016,-0.023,0.550,0.000,0.000,14.520,-0.002,17.238,14.573,17.337
-4.856,-8.875,-0.000,0.996,0.001,-0.003,-0.088,0.210,0.227,62.969,0.195,62.170,61.333,60.493,0.772,-0.054,0.009,-0.019,-0.008,0.551,0.000,0.001,14.500,-0.001,17.178,14.551,17.327
-4.848,-8.875,-0.000,0.996,0.001,-0.003,-0.085,0.210,0.227,63.114,0.195,62.341,61.479,60.667,0.772,-0.050,0.008,-0.021,0.010,0.552,0.000,0.001,14.486,-0.001,17.122,14.521,17.309
-4.840,-8.876,-0.000,0.997,0.001,-0.002,-0.082,0.210,0.227,63.258,0.195,62.512,61.624,60.839,0.772,-0.045,0.007,-0.023,0.031,0.552,0.000,0.001,14.481,-0.000,17.074,14.485,17.282
-4.833,-8.876,-0.000,0.997,0.001,-0.002,-0.080,0.210,0.227,63.403,0.195,62.683,61.768,61.012,0.772,-0.041,0.005,-0.025,0.054,0.553,0.000,0.002,14.484,-0.000,17.036,14.442,17.245
-4.825,-8.877,-0.000,0.997,0.000,-0.002,-0.077,0.210,0.227,63.548,0.195,62.853,61.913,61.184,0.772,-0.037,0.003,-0.028,0.077,0.553,0.001,0.002,14.498,0.000,17.012,14.396,17.196
-4.817,-8.877,-0.000,0.997,0.000,-0.001,-0.074,0.210,0.227,63.693,0.195,63.023,62.056,61.356,0.772,-0.032,0.002,-0.030,0.098,0.554,0.001,0.003,14.521,0.001,17.004,14.347,17.138
-4.809,-8.877,-0.000,0.997,0.000,-0.001,-0.071,0.210,0.227,63.839,0.195,63.193,62.199,61.527,0.772,-0.028,-0.000,-0.031,0.114,0.554,0.001,0.003,14.555,0.001,17.012,14.297,17.071
-4.802,-8.878,-0.000,0.998,0.000,-0.000,-0.069,0.210,0.227,63.984,0.195,63.363,62.342,61.697,0.771,-0.024,-0.002,-0.030,0.124,0.554,0.001,0.003,14.598,0.002,17.036,14.250,16.997
-4.794,-8.878,-0.000,0.998,0.000,0.000,-0.066,0.210,0.227,64.131,0.195,63.534,62.484,61.867,0.771,-0.019,-0.003,-0.028,0.126,0.554,0.001,0.003,14.649,0.002,17.073,14.206,16.920
-4.786,-8.878,-0.000,0.998,-0.000,0.001,-0.063,0.210,0.227,64.277,0.195,63.705,62.626,62.036,0.771,-0.015,-0.004,-0.024,0.121,0.553,0.001,0.003,14.704,0.002,17.121,14.168,16.843
-4.779,-8.878,-0.000,0.998,-0.000,0.002,-0.060,0.210,0.227,64.425,0.195,63.876,62.768,62.204,0.771,-0.011,-0.005,-0.019,0.108,0.552,0.001,0.003,14.760,0.003,17.176,14.136,16.770
-4.771,-8.878,-0.000,0.998,-0.000,0.002,-0.058,0.210,0.227,64.573,0.195,64.048,62.909,62.371,0.771,-0.007,-0.005,-0.014,0.090,0.552,0.001,0.003,14.812,0.003,17.233,14.111,16.703
-4.763,-8.878,-0.000,0.998,-0.000,0.002,-0.055,0.210,0.227,64.721,0.195,64.221,63.050,62.538,0.770,-0.002,-0.006,-0.011,0.068,0.551,0.001,0.003,14.857,0.003,17.288,14.093,16.646
-4.755,-8.878,-0.000,0.999,-0.000,0.003,-0.052,0.210,0.228,64.870,0.195,64.394,63.191,62.704,0.770,0.002,-0.007,-0.009,0.044,0.549,0.001,0.003,14.895,0.003,17.338,14.083,16.601
-4.748,-8.878,-0.000,0.999,-0.000,0.003,-0.049,0.210,0.228,65.019,0.195,64.568,63.332,62.870,0.769,0.006,-0.007,-0.007,0.018,0.548,0.001,0.003,14.923,0.003,17.379,14.082,16.569
-4.740,-8.878,-0.000,0.999,-0.000,0.003,-0.047,0.210,0.228,65.168,0.195,64.742,63.473,63.036,0.769,0.010,-0.008,-0.005,-0.008,0.547,0.001,0.002,14.941,0.003,17.410,14.089,16.552
-4.732,-8.878,-0.001,0.999,-0.000,0.003,-0.044,0.210,0.228,65.318,0.195,64.916,63.614,63.201,0.768,0.015,-0.008,-0.003,-0.031,0.546,0.001,0.002,14.949,0.003,17.429,14.104,16.548
-4.725,-8.878,-0.001,0.999,-0.000,0.003,-0.041,0.210,0.228,65.467,0.195,65.090,63.755,63.367,0.767,0.019,-0.009,-0.001,-0.050,0.545,0.001,0.002,14.947,0.003,17.436,14.124,16.558
-4.717,-8.878,-0.001,0.999,-0.000,0.002,-0.039,0.210,0.228,65.616,0.195,65.265,63.896,63.532,0.765,0.023,-0.009,0.002,-0.065,0.544,0.000,0.002,14.936,0.003,17.430,14.148,16.578
-4.709,-8.877,-0.001,0.999,-0.000,0.002,-0.036,0.210,0.228,65.766,0.195,65.439,64.038,63.698,0.764,0.027,-0.009,0.004,-0.074,0.543,0.000,0.002,14.918,0.003,17.414,14.174,16.606
-4.702,-8.877,-0.001,0.999,-0.000,0.002,-0.033,0.210,0.228,65.915,0.195,65.613,64.180,63.864,0.763,0.031,-0.009,0.007,-0.076,0.542,0.000,0.001,14.892,0.002,17.389,14.201,16.639
-4.694,-8.877,-0.001,1.000,-0.000,0.001,-0.030,0.210,0.228,66.064,0.195,65.787,64.322,64.031,0.761,0.036,-0.008,0.010,-0.074,0.541,-0.000,0.001,14.863,0.001,17.359,14.225,16.676
-4.686,-8.876,-0.001,1.000,-0.000,0.001,-0.028,0.210,0.228,66.212,0.195,65.960,64.464,64.198,0.759,0.040,-0.008,0.012,-0.067,0.540,-0.000,0.000,14.830,0.001,17.326,14.246,16.712
-4.679,-8.876,-0.001,1.000,-0.000,0.001,-0.025,0.210,0.228,66.360,0.195,66.133,64.607,64.365,0.757,0.044,-0.007,0.014,-0.058,0.539,-0.000,-0.000,14.797,-0.000,17.293,14.263,16.746
-4.671,-8.876,-0.001,1.000,-0.000,0.000,-0.022,0.210,0.228,66.508,0.195,66.306,64.749,64.533,0.756,0.048,-0.006,0.014,-0.047,0.538,-0.001,-0.001,14.764,-0.001,17.262,14.276,16.776
-4.664,-8.875,-0.001,1.000,0.000,0.000,-0.020,0.210,0.228,66.655,0.195,66.478,64.892,64.701,0.754,0.052,-0.004,0.013,-0.036,0.538,-0.001,-0.001,14.733,-0.002,17.234,14.284,16.802
-4.656,-8.874,-0.001,1.000,0.000,-0.000,-0.017,0.210,0.228,66.803,0.195,66.651,65.035,64.869,0.753,0.055,-0.002,0.012,-0.027,0.537,-0.001,-0.002,14.705,-0.003,17.209,14.289,16.822
-4.649,-8.874,-0.001,1.000,0.000,-0.000,-0.014,0.210,0.228,66.950,0.195,66.822,65.178,65.037,0.752,0.059,-0.001,0.010,-0.021,0.537,-0.001,-0.002,14.679,-0.003,17.187,14.292,16.837
-4.641,-8.873,-0.001,1.000,0.000,-0.000,-0.012,0.210,0.228,67.096,0.195,66.994,65.321,65.206,0.751,0.063,0.001,0.007,-0.019,0.536,-0.001,-0.003,14.656,-0.003,17.166,14.294,16.849
-4.634,-8.873,-0.001,1.000,0.000,-0.000,-0.009,0.210,0.228,67.243,0.195,67.166,65.464,65.374,0.750,0.067,0.004,0.004,-0.021,0.536,-0.001,-0.003,14.635,-0.003,17.146,14.297,16.858
-4.626,-8.872,-0.001,1.000,0.000,-0.001,-0.006,0.210,0.228,67.389,0.195,67.337,65.607,65.543,0.750,0.071,0.006,0.001,-0.027,0.536,-0.001,-0.003,14.614,-0.003,17.124,14.301,16.867
-4.619,-8.871,-0.001,1.000,0.000,-0.001,-0.004,0.210,0.228,67.535,0.195,67.508,65.750,65.711,0.750,0.075,0.007,-0.002,-0.035,0.536,-0.001,-0.003,14.592,-0.003,17.098,14.309,16.877
-4.611,-8.870,-0.001,1.000,0.000,-0.001,-0.001,0.210,0.227,67.681,0.195,67.679,65.893,65.880,0.750,0.079,0.009,-0.004,-0.045,0.536,-0.000,-0.003,14.568,-0.003,17.067,14.319,16.889
