3.000,9.000,0.001,1.000,0.000,0.000,0.000,-0.000,-0.000,0.000,-0.000,0.000,0.000,0.000,-0.000,-0.000,0.000,-0.000,-0.000,-0.000,0.000,0.000,-0.000,0.000,-0.000,-0.000,-0.000
3.000,9.000,0.001,1.000,0.000,-0.000,-0.000,0.338,0.276,0.000,0.243,0.001,0.005,0.004,0.040,0.002,0.001,0.003,-0.030,-0.007,48.942,41.919,0.162,36.740,0.226,0.835,0.802
3.001,9.000,0.001,1.000,0.000,-0.000,0.000,0.692,0.614,0.005,0.523,0.007,0.015,0.016,0.061,0.011,0.001,0.010,-0.023,0.072,16.373,16.944,0.896,14.698,1.189,1.171,1.434
3.001,9.000,0.001,1.000,0.000,-0.000,0.001,0.710,0.638,0.019,0.571,0.024,0.028,0.033,0.077,0.022,0.000,0.013,-0.014,0.145,-11.462,-12.735,1.775,-4.751,2.142,1.386,1.963
3.002,9.001,0.001,1.000,0.000,-0.000,0.001,0.511,0.403,0.040,0.456,0.049,0.043,0.055,0.098,0.028,0.000,0.007,-0.012,0.172,-24.668,-29.952,2.515,-15.956,2.900,1.729,2.462
3.003,9.001,0.001,1.000,0.000,-0.000,0.002,0.309,0.157,0.067,0.313,0.081,0.063,0.082,0.128,0.026,0.000,-0.006,-0.017,0.146,-12.068,-14.864,2.831,-9.928,3.329,2.318,2.989
3.005,9.001,0.001,1.000,0.000,-0.001,0.003,0.321,0.163,0.096,0.304,0.115,0.090,0.115,0.160,0.024,0.001,-0.012,-0.023,0.125,12.914,14.639,2.937,7.382,3.596,2.974,3.565
3.007,9.001,0.001,1.000,0.000,-0.001,0.004,0.454,0.336,0.127,0.389,0.154,0.122,0.153,0.183,0.031,0.000,-0.004,-0.013,0.169,10.132,15.982,3.275,7.254,4.148,3.378,4.126
3.009,9.002,0.001,1.000,0.000,-0.001,0.005,0.511,0.446,0.162,0.431,0.199,0.157,0.197,0.201,0.042,-0.001,0.006,-0.002,0.241,1.700,5.895,3.763,1.820,4.829,3.616,4.654
3.011,9.002,0.001,1.000,0.000,-0.001,0.006,0.504,0.475,0.202,0.433,0.250,0.194,0.246,0.219,0.053,-0.002,0.011,0.004,0.304,-2.375,0.718,4.213,-1.129,5.472,3.850,5.166
3.013,9.003,0.001,1.000,0.000,-0.001,0.008,0.475,0.470,0.246,0.416,0.308,0.234,0.300,0.239,0.061,-0.003,0.012,0.007,0.348,-3.097,-1.197,4.627,-2.087,6.049,4.132,5.666
3.015,9.003,0.000,1.000,0.000,-0.001,0.009,0.448,0.456,0.295,0.395,0.371,0.277,0.359,0.259,0.067,-0.004,0.012,0.008,0.379,-2.258,-1.563,5.020,-1.818,6.568,4.459,6.153
3.018,9.004,0.000,1.000,0.000,-0.001,0.011,0.430,0.441,0.347,0.380,0.439,0.323,0.423,0.280,0.071,-0.005,0.011,0.008,0.401,-1.249,-1.369,5.400,-1.208,7.052,4.813,6.627
3.021,9.005,0.000,1.000,0.000,-0.001,0.014,0.422,0.429,0.403,0.371,0.512,0.373,0.492,0.300,0.076,-0.005,0.011,0.007,0.420,-0.488,-1.037,5.770,-0.635,7.515,5.172,7.086
3.024,9.006,0.000,1.000,0.000,-0.001,0.016,0.419,0.420,0.462,0.367,0.590,0.427,0.565,0.319,0.080,-0.006,0.013,0.007,0.438,-0.062,-0.736,6.130,-0.249,7.966,5.524,7.531
3.027,9.006,0.000,1.000,0.000,-0.000,0.018,0.420,0.414,0.525,0.365,0.671,0.484,0.643,0.337,0.085,-0.007,0.014,0.007,0.456,0.116,-0.507,6.479,-0.082,8.408,5.862,7.963
3.031,9.007,0.000,1.000,0.001,-0.000,0.020,0.421,0.410,0.592,0.365,0.758,0.544,0.724,0.355,0.091,-0.008,0.016,0.007,0.475,0.139,-0.348,6.818,0.001,8.843,6.186,8.382
3.034,9.008,0.000,1.000,0.001,-0.000,0.023,0.422,0.407,0.661,0.365,0.848,0.607,0.810,0.372,0.096,-0.009,0.016,0.006,0.494,0.105,-0.240,7.147,0.019,9.270,6.497,8.789
3.038,9.009,0.000,1.000,0.001,-0.000,0.025,0.423,0.405,0.734,0.365,0.943,0.674,0.900,0.387,0.102,-0.009,0.015,0.005,0.512,0.061,-0.166,7.465,0.014,9.687,6.795,9.183
3.042,9.010,-0.000,1.000,0.001,-0.000,0.028,0.424,0.403,0.811,0.365,1.042,0.743,0.994,0.403,0.107,-0.010,0.014,0.005,0.531,0.031,-0.114,7.773,0.010,10.095,7.081,9.567
3.046,9.011,-0.000,1.000,0.001,-0.000,0.030,0.424,0.402,0.890,0.365,1.145,0.815,1.091,0.417,0.113,-0.011,0.013,0.004,0.549,0.012,-0.078,8.071,0.007,10.491,7.356,9.939
3.051,9.012,-0.000,0.999,0.001,-0.000,0.033,0.424,0.402,0.972,0.366,1.252,0.890,1.193,0.431,0.119,-0.011,0.011,0.003,0.567,0.003,-0.052,8.359,0.005,10.875,7.621,10.300
3.055,9.014,-0.000,0.999,0.001,-0.000,0.036,0.424,0.401,1.057,0.366,1.362,0.968,1.297,0.444,0.125,-0.011,0.008,0.003,0.584,-0.001,-0.034,8.638,0.005,11.248,7.876,10.650
3.059,9.015,-0.001,0.999,0.001,-0.000,0.039,0.424,0.401,1.145,0.366,1.477,1.048,1.405,0.456,0.132,-0.011,0.005,0.002,0.601,-0.001,-0.022,8.908,0.006,11.609,8.123,10.989
3.064,9.016,-0.001,0.999,0.001,-0.000,0.042,0.424,0.401,1.235,0.366,1.594,1.130,1.517,0.468,0.138,-0.011,0.001,0.002,0.617,-0.001,-0.014,9.169,0.008,11.957,8.361,11.316
3.069,9.018,-0.001,0.999,0.001,-0.000,0.045,0.424,0.401,1.328,0.366,1.716,1.215,1.632,0.479,0.144,-0.010,-0.004,0.001,0.632,-0.000,-0.010,9.422,0.010,12.292,8.591,11.631
3.074,9.019,-0.001,0.999,0.001,-0.000,0.048,0.424,0.401,1.424,0.366,1.840,1.302,1.750,0.490,0.151,-0.009,-0.009,0.000,0.647,0.001,-0.007,9.666,0.012,12.614,8.814,11.935
3.079,9.021,-0.001,0.999,0.001,-0.000,0.052,0.424,0.401,1.521,0.366,1.968,1.391,1.870,0.500,0.157,-0.008,-0.014,-0.001,0.662,0.002,-0.005,9.902,0.018,12.923,9.030,12.226
3.084,9.022,-0.001,0.998,0.001,-0.000,0.055,0.424,0.401,1.622,0.366,2.099,1.482,1.994,0.509,0.164,-0.007,-0.019,-0.002,0.676,0.003,-0.004,10.130,0.025,13.220,9.238,12.506
3.089,9.024,-0.001,0.998,0.001,-0.000,0.058,0.424,0.401,1.724,0.367,2.232,1.576,2.120,0.518,0.170,-0.006,-0.023,-0.003,0.690,0.004,-0.003,10.351,0.031,13.504,9.440,12.774
3.094,9.026,-0.001,0.998,0.001,-0.000,0.062,0.424,0.400,1.829,0.367,2.369,1.671,2.250,0.527,0.177,-0.005,-0.026,-0.004,0.703,0.004,-0.002,10.563,0.034,13.776,9.636,13.031
3.099,9.028,-0.001,0.998,0.000,-0.000,0.065,0.424,0.400,1.935,0.367,2.508,1.769,2.381,0.535,0.184,-0.003,-0.028,-0.005,0.716,0.004,-0.002,10.769,0.035,14.037,9.826,13.277
3.105,9.029,-0.001,0.998,0.000,-0.000,0.069,0.424,0.400,2.044,0.368,2.649,1.868,2.515,0.543,0.191,-0.002,-0.028,-0.005,0.729,0.004,-0.002,10.968,0.033,14.287,10.010,13.513
3.110,9.031,-0.001,0.997,0.000,-0.000,0.073,0.424,0.400,2.155,0.368,2.794,1.969,2.651,0.551,0.198,-0.001,-0.026,-0.006,0.741,0.003,-0.002,11.160,0.029,14.528,10.187,13.740
3.116,9.033,-0.001,0.997,0.000,-0.000,0.076,0.424,0.400,2.267,0.368,2.940,2.071,2.790,0.558,0.205,-0.000,-0.023,-0.005,0.753,0.001,-0.003,11.345,0.023,14.761,10.360,13.959
3.121,9.036,-0.001,0.997,-0.000,-0.001,0.080,0.424,0.400,2.381,0.368,3.089,2.176,2.930,0.565,0.212,0.000,-0.019,-0.005,0.764,0.000,-0.003,11.524,0.016,14.986,10.526,14.171
3.127,9.038,-0.001,0.996,-0.000,-0.001,0.084,0.424,0.400,2.498,0.368,3.240,2.282,3.073,0.572,0.220,0.001,-0.014,-0.005,0.775,-0.000,-0.003,11.697,0.012,15.202,10.688,14.377
3.133,9.040,-0.001,0.996,-0.000,-0.001,0.088,0.424,0.400,2.615,0.369,3.393,2.390,3.218,0.578,0.227,0.001,-0.009,-0.004,0.786,-0.000,-0.003,11.865,0.010,15.410,10.846,14.579
3.139,9.042,-0.001,0.996,-0.000,-0.001,0.092,0.424,0.400,2.735,0.369,3.548,2.499,3.365,0.585,0.235,0.001,-0.004,-0.004,0.797,-0.000,-0.002,12.028,0.008,15.612,10.999,14.776
3.144,9.045,-0.001,0.995,-0.000,-0.001,0.096,0.424,0.400,2.856,0.369,3.705,2.610,3.514,0.590,0.242,0.001,-0.001,-0.003,0.807,0.000,-0.002,12.186,0.007,15.809,11.147,14.968
3.150,9.047,-0.001,0.995,-0.000,-0.001,0.100,0.424,0.400,2.979,0.369,3.864,2.722,3.664,0.596,0.250,0.001,-0.000,-0.003,0.817,0.000,-0.002,12.339,0.007,16.000,11.290,15.156
3.156,9.050,-0.001,0.995,-0.000,-0.001,0.104,0.424,0.400,3.103,0.369,4.025,2.835,3.817,0.601,0.258,0.001,-0.002,-0.003,0.827,0.001,-0.002,12.488,0.008,16.186,11.427,15.338
3.162,9.052,-0.001,0.994,-0.000,-0.001,0.108,0.424,0.400,3.228,0.369,4.188,2.950,3.971,0.606,0.266,0.002,-0.007,-0.004,0.838,0.001,-0.001,12.631,0.009,16.366,11.560,15.516
3.168,9.055,-0.001,0.994,-0.000,-0.001,0.112,0.424,0.400,3.355,0.369,4.352,3.067,4.127,0.611,0.275,0.003,-0.015,-0.006,0.849,0.002,-0.001,12.770,0.013,16.540,11.688,15.688
3.175,9.058,-0.001,0.993,-0.000,-0.001,0.117,0.424,0.400,3.484,0.369,4.518,3.184,4.285,0.615,0.283,0.004,-0.025,-0.009,0.861,0.003,-0.000,12.908,0.025,16.706,11.810,15.853
3.181,9.061,-0.001,0.993,-0.001,-0.001,0.121,0.424,0.400,3.613,0.370,4.686,3.303,4.444,0.619,0.292,0.006,-0.036,-0.012,0.874,0.005,-0.000,13.045,0.045,16.863,11.928,16.010
3.187,9.064,-0.001,0.992,-0.001,-0.001,0.125,0.424,0.400,3.745,0.370,4.856,3.423,4.605,0.623,0.301,0.008,-0.048,-0.015,0.887,0.006,-0.000,13.179,0.070,17.007,12.043,16.157
3.193,9.067,-0.001,0.992,-0.001,-0.001,0.130,0.424,0.400,3.877,0.371,5.026,3.544,4.767,0.627,0.310,0.010,-0.061,-0.017,0.900,0.008,-0.000,13.311,0.068,17.139,12.158,16.294
3.200,9.070,-0.001,0.991,-0.001,-0.001,0.134,0.424,0.400,4.011,0.371,5.198,3.666,4.931,0.630,0.319,0.011,-0.072,-0.019,0.912,0.008,-0.000,13.441,0.053,17.258,12.274,16.420
3.206,9.073,-0.001,0.990,-0.002,-0.001,0.139,0.425,0.400,4.146,0.372,5.372,3.789,5.095,0.634,0.328,0.013,-0.080,-0.019,0.923,0.006,-0.001,13.567,0.040,17.363,12.393,16.535
3.212,9.076,-0.001,0.990,-0.002,-0.001,0.143,0.425,0.400,4.282,0.372,5.546,3.914,5.261,0.637,0.337,0.014,-0.084,-0.019,0.932,0.002,-0.002,13.691,0.025,17.457,12.516,16.640
3.219,9.080,-0.000,0.989,-0.003,-0.002,0.148,0.425,0.400,4.420,0.372,5.721,4.039,5.428,0.641,0.346,0.014,-0.082,-0.017,0.938,0.000,-0.003,13.811,0.014,17.540,12.645,16.735
3.225,9.083,-0.000,0.988,-0.003,-0.002,0.153,0.425,0.400,4.558,0.373,5.896,4.167,5.596,0.645,0.355,0.013,-0.073,-0.013,0.940,-0.002,-0.004,13.927,0.005,17.613,12.782,16.821
3.231,9.087,-0.000,0.988,-0.003,-0.002,0.157,0.425,0.400,4.698,0.373,6.073,4.295,5.765,0.648,0.363,0.012,-0.050,-0.008,0.941,-0.003,-0.005,14.036,-0.003,17.689,12.919,16.905
3.238,9.090,-0.000,0.987,-0.003,-0.002,0.162,0.425,0.400,4.839,0.372,6.250,4.425,5.934,0.652,0.371,0.010,-0.015,-0.003,0.942,-0.005,-0.005,14.140,-0.016,17.775,13.046,16.990
3.245,9.094,0.000,0.986,-0.003,-0.002,0.167,0.424,0.400,4.981,0.372,6.428,4.556,6.104,0.654,0.380,0.008,0.027,0.004,0.944,-0.007,-0.006,14.234,-0.033,17.873,13.161,17.081
3.251,9.098,0.000,0.985,-0.003,-0.002,0.171,0.424,0.400,5.124,0.372,6.608,4.688,6.276,0.657,0.389,0.005,0.070,0.010,0.947,-0.009,-0.005,14.316,-0.049,17.985,13.259,17.181
3.258,9.102,0.000,0.984,-0.003,-0.002,0.176,0.424,0.400,5.267,0.371,6.788,4.821,6.448,0.658,0.397,0.002,0.110,0.014,0.950,-0.010,-0.005,14.387,-0.059,18.110,13.339,17.292
3.264,9.106,0.000,0.984,-0.002,-0.001,0.181,0.424,0.400,5.411,0.371,6.970,4.955,6.622,0.659,0.406,-0.000,0.143,0.017,0.953,-0.010,-0.004,14.445,-0.064,18.248,13.400,17.414
3.271,9.110,0.000,0.983,-0.001,-0.001,0.185,0.424,0.400,5.556,0.370,7.153,5.089,6.796,0.659,0.414,-0.002,0.169,0.020,0.957,-0.008,-0.003,14.492,-0.073,18.397,13.444,17.547
3.277,9.114,0.000,0.982,-0.001,-0.001,0.190,0.424,0.400,5.701,0.369,7.338,5.224,6.973,0.659,0.423,-0.004,0.184,0.021,0.961,-0.007,-0.003,14.528,-0.087,18.556,13.471,17.688
3.284,9.119,0.000,0.981,0.000,-0.001,0.195,0.424,0.400,5.847,0.368,7.524,5.358,7.150,0.658,0.431,-0.006,0.189,0.022,0.966,-0.006,-0.002,14.555,-0.062,18.721,13.483,17.834
3.291,9.123,0.000,0.980,0.001,-0.000,0.199,0.424,0.400,5.992,0.368,7.712,5.493,7.329,0.656,0.440,-0.007,0.180,0.020,0.972,-0.004,-0.001,14.575,-0.042,18.891,13.480,17.983
3.297,9.127,-0.000,0.979,0.002,-0.000,0.204,0.424,0.400,6.138,0.368,7.902,5.628,7.510,0.653,0.448,-0.006,0.158,0.015,0.979,-0.002,0.001,14.591,-0.025,19.061,13.468,18.130
3.304,9.132,-0.000,0.978,0.003,0.000,0.209,0.424,0.400,6.284,0.367,8.094,5.763,7.692,0.650,0.457,-0.006,0.127,0.011,0.987,0.000,0.003,14.610,-0.014,19.222,13.449,18.271
3.310,9.137,-0.000,0.977,0.003,0.000,0.214,0.424,0.400,6.430,0.367,8.287,5.897,7.875,0.646,0.465,-0.005,0.095,0.007,0.996,0.002,0.005,14.643,-0.006,19.372,13.424,18.403
3.317,9.141,-0.000,0.976,0.004,0.000,0.219,0.424,0.400,6.577,0.367,8.481,6.031,8.060,0.642,0.474,-0.004,0.065,0.005,1.008,0.003,0.006,14.678,0.001,19.512,13.398,18.527
3.323,9.146,-0.000,0.975,0.004,0.000,0.224,0.424,0.400,6.724,0.367,8.677,6.165,8.246,0.637,0.483,-0.003,0.037,0.006,1.022,0.004,0.008,14.713,0.006,19.641,13.373,18.643
3.329,9.151,-0.000,0.973,0.004,0.001,0.229,0.424,0.400,6.871,0.367,8.874,6.299,8.433,0.632,0.492,-0.004,0.010,0.013,1.037,0.004,0.008,14.754,0.010,19.759,13.352,18.747
3.336,9.156,-0.000,0.972,0.004,0.001,0.234,0.424,0.400,7.019,0.367,9.072,6.432,8.621,0.627,0.501,-0.005,-0.014,0.022,1.052,0.004,0.009,14.804,0.013,19.867,13.337,18.838
3.342,9.161,-0.000,0.971,0.004,0.001,0.239,0.424,0.400,7.167,0.368,9.271,6.565,8.809,0.622,0.510,-0.007,-0.037,0.031,1.066,0.004,0.009,14.866,0.013,19.966,13.337,18.918
3.348,9.166,-0.000,0.970,0.004,0.001,0.244,0.424,0.400,7.316,0.368,9.471,6.699,8.999,0.617,0.519,-0.008,-0.056,0.036,1.076,0.003,0.008,14.940,0.012,20.059,13.358,18.988
3.354,9.171,-0.001,0.968,0.003,0.001,0.249,0.424,0.400,7.466,0.368,9.672,6.833,9.189,0.613,0.527,-0.009,-0.069,0.035,1.083,0.003,0.007,15.025,0.011,20.143,13.402,19.049
3.360,9.177,-0.001,0.967,0.003,0.001,0.255,0.424,0.400,7.617,0.368,9.874,6.967,9.380,0.609,0.535,-0.009,-0.078,0.028,1.086,0.002,0.006,15.120,0.010,20.216,13.469,19.107
3.366,9.182,-0.001,0.966,0.002,0.001,0.260,0.424,0.400,7.769,0.368,10.077,7.102,9.571,0.606,0.543,-0.009,-0.082,0.016,1.087,0.002,0.005,15.222,0.010,20.279,13.554,19.162
3.372,9.187,-0.001,0.964,0.002,0.001,0.265,0.424,0.400,7.921,0.368,10.280,7.238,9.763,0.602,0.551,-0.008,-0.083,0.000,1.087,0.002,0.004,15.325,0.012,20.333,13.651,19.216
3.378,9.193,-0.001,0.963,0.002,0.001,0.270,0.424,0.400,8.075,0.368,10.483,7.375,9.956,0.599,0.559,-0.006,-0.083,-0.015,1.087,0.003,0.002,15.425,0.018,20.377,13.752,19.271
3.384,9.199,-0.001,0.961,0.001,0.000,0.276,0.424,0.401,8.230,0.369,10.687,7.513,10.149,0.595,0.567,-0.003,-0.083,-0.029,1.089,0.004,0.001,15.519,0.030,20.410,13.853,19.326
3.390,9.204,-0.001,0.960,0.001,0.000,0.281,0.424,0.401,8.385,0.369,10.891,7.652,10.342,0.591,0.576,-0.001,-0.085,-0.041,1.092,0.006,-0.000,15.604,0.044,20.430,13.950,19.380
3.396,9.210,-0.001,0.958,0.001,-0.000,0.286,0.424,0.400,8.542,0.369,11.096,7.792,10.536,0.586,0.584,0.002,-0.088,-0.048,1.098,0.007,-0.001,15.680,0.062,20.438,14.041,19.431
3.402,9.216,-0.001,0.957,0.000,-0.001,0.291,0.424,0.400,8.699,0.370,11.300,7.933,10.731,0.582,0.593,0.005,-0.094,-0.050,1.104,0.008,-0.002,15.747,0.093,20.434,14.125,19.475
3.408,9.222,-0.001,0.955,-0.000,-0.001,0.297,0.425,0.400,8.857,0.371,11.504,8.075,10.926,0.577,0.601,0.008,-0.101,-0.047,1.112,0.008,-0.002,15.809,0.080,20.420,14.204,19.509
3.414,9.228,-0.001,0.953,-0.001,-0.001,0.302,0.425,0.400,9.015,0.372,11.708,8.217,11.121,0.572,0.610,0.010,-0.108,-0.040,1.119,0.007,-0.002,15.867,0.055,20.398,14.278,19.529
3.419,9.234,-0.001,0.952,-0.001,-0.002,0.307,0.425,0.400,9.174,0.372,11.912,8.360,11.316,0.567,0.618,0.011,-0.114,-0.028,1.125,0.003,-0.003,15.926,0.031,20.372,14.352,19.534
3.425,9.240,-0.001,0.950,-0.002,-0.002,0.313,0.425,0.400,9.334,0.372,12.116,8.504,11.511,0.562,0.627,0.012,-0.116,-0.014,1.128,0.000,-0.003,15.988,0.015,20.344,14.429,19.523
3.431,9.247,-0.000,0.948,-0.002,-0.002,0.318,0.425,0.400,9.494,0.373,12.319,8.649,11.707,0.558,0.635,0.011,-0.113,-0.001,1.128,-0.002,-0.003,16.056,0.003,20.320,14.512,19.499
3.436,9.253,-0.000,0.946,-0.003,-0.002,0.323,0.425,0.400,9.655,0.373,12.522,8.794,11.901,0.554,0.643,0.009,-0.103,0.011,1.123,-0.003,-0.003,16.130,-0.008,20.301,14.602,19.466
3.442,9.260,-0.000,0.944,-0.003,-0.002,0.329,0.425,0.400,9.816,0.372,12.725,8.941,12.096,0.550,0.650,0.006,-0.082,0.023,1.113,-0.006,-0.003,16.196,-0.027,20.292,14.703,19.429
3.447,9.266,-0.000,0.943,-0.004,-0.002,0.334,0.424,0.400,9.979,0.372,12.928,9.088,12.290,0.548,0.657,0.002,-0.049,0.034,1.099,-0.009,-0.004,16.248,-0.046,20.291,14.817,19.397
3.453,9.273,-0.000,0.941,-0.004,-0.002,0.339,0.424,0.400,10.141,0.371,13.131,9.237,12.484,0.545,0.663,-0.002,-0.005,0.041,1.085,-0.010,-0.005,16.301,-0.057,20.307,14.925,19.379
3.458,9.279,-0.000,0.939,-0.004,-0.002,0.344,0.424,0.400,10.305,0.371,13.334,9.387,12.678,0.540,0.670,-0.006,0.043,0.040,1.075,-0.010,-0.005,16.358,-0.060,20.347,15.009,19.383
3.463,9.286,-0.000,0.937,-0.004,-0.002,0.349,0.424,0.400,10.469,0.370,13.538,9.537,12.872,0.535,0.677,-0.009,0.084,0.032,1.070,-0.008,-0.005,16.407,-0.060,20.409,15.070,19.412
3.469,9.293,-0.000,0.935,-0.003,-0.001,0.354,0.424,0.400,10.633,0.370,13.743,9.688,13.066,0.530,0.684,-0.011,0.116,0.020,1.067,-0.006,-0.005,16.442,-0.065,20.490,15.110,19.465
3.474,9.300,-0.001,0.933,-0.003,-0.001,0.359,0.424,0.400,10.797,0.369,13.948,9.839,13.261,0.523,0.690,-0.011,0.138,0.003,1.065,-0.004,-0.005,16.459,-0.054,20.582,15.134,19.539
3.479,9.307,-0.001,0.931,-0.002,-0.001,0.364,0.424,0.400,10.962,0.369,14.154,9.991,13.457,0.516,0.696,-0.011,0.148,-0.016,1.064,-0.003,-0.005,16.456,-0.028,20.681,15.146,19.630
3.484,9.314,-0.001,0.929,-0.001,-0.001,0.369,0.424,0.400,11.126,0.368,14.362,10.142,13.654,0.509,0.702,-0.008,0.147,-0.035,1.064,-0.002,-0.005,16.434,-0.014,20.781,15.146,19.732
3.489,9.321,-0.001,0.927,-0.000,-0.000,0.374,0.424,0.400,11.291,0.368,14.570,10.294,13.851,0.501,0.708,-0.005,0.137,-0.052,1.065,-0.001,-0.005,16.393,-0.006,20.876,15.138,19.839
3.494,9.328,-0.001,0.925,0.000,-0.001,0.379,0.424,0.400,11.454,0.368,14.779,10.445,14.050,0.493,0.713,-0.001,0.122,-0.062,1.066,-0.001,-0.005,16.338,-0.001,20.958,15.124,19.946
3.499,9.335,-0.001,0.923,0.001,-0.001,0.384,0.424,0.400,11.617,0.368,14.989,10.596,14.250,0.486,0.718,0.002,0.107,-0.064,1.068,0.000,-0.004,16.274,0.003,21.020,15.108,20.048
3.504,9.342,-0.001,0.921,0.002,-0.001,0.389,0.424,0.400,11.780,0.368,15.199,10.747,14.451,0.478,0.724,0.005,0.093,-0.056,1.069,0.001,-0.003,16.207,0.005,21.065,15.090,20.140
3.509,9.349,-0.001,0.919,0.002,-0.001,0.394,0.424,0.400,11.941,0.368,15.410,10.898,14.653,0.470,0.729,0.006,0.082,-0.041,1.070,0.001,-0.002,16.142,0.006,21.095,15.070,20.222
3.513,9.357,-0.001,0.917,0.002,-0.001,0.399,-0.037,-0.084,12.108,0.046,15.618,11.048,14.857,0.479,0.725,0.024,0.047,-0.121,1.045,-80.486,-83.485,17.084,-60.988,20.450,15.167,20.343
3.519,9.364,0.000,0.916,0.003,-0.002,0.402,-0.677,-0.730,12.279,-0.500,15.818,11.205,15.054,0.558,0.629,0.096,-0.069,-0.417,0.264,-36.042,-34.148,17.094,-37.965,19.660,16.283,19.053
3.524,9.370,0.001,0.916,0.003,-0.004,0.402,-0.784,-0.865,12.449,-0.628,16.015,11.370,15.239,0.563,0.607,0.054,-0.040,-0.186,0.040,12.746,5.794,16.981,14.448,19.724,16.662,18.052
3.530,9.376,0.001,0.916,0.003,-0.004,0.402,-0.476,-0.656,12.619,-0.248,16.212,11.538,15.416,0.565,0.600,-0.002,0.058,0.088,-0.049,44.056,32.569,16.991,55.140,19.777,16.833,17.398
3.536,9.382,0.001,0.916,0.003,-0.003,0.402,-0.061,-0.317,12.789,0.258,16.410,11.706,15.589,0.553,0.604,-0.057,0.146,0.399,0.014,30.330,28.798,17.029,36.732,19.788,16.627,17.191
3.541,9.388,-0.000,0.915,0.003,0.000,0.403,-0.014,-0.222,12.960,0.363,16.608,11.869,15.761,0.539,0.614,-0.078,0.165,0.519,0.145,-19.384,-9.920,17.045,-14.503,19.534,16.273,17.315
3.546,9.394,-0.000,0.915,0.003,0.001,0.403,-0.337,-0.433,13.130,0.045,16.798,12.034,15.936,0.561,0.618,0.027,0.154,-0.152,0.082,-34.858,-23.129,17.112,-39.573,18.485,16.617,17.520
3.552,9.400,0.000,0.915,0.004,0.000,0.403,-0.557,-0.568,13.302,-0.262,16.979,12.202,16.109,0.591,0.589,0.030,0.042,-0.164,-0.191,-8.546,-5.077,17.206,-19.065,17.863,17.090,17.059
3.558,9.406,0.000,0.916,0.004,-0.000,0.401,-0.509,-0.530,13.474,-0.296,17.155,12.376,16.277,0.622,0.560,0.007,-0.120,-0.004,-0.475,16.275,11.790,17.269,11.142,17.309,17.654,16.543
3.565,9.411,0.000,0.917,0.004,-0.000,0.399,-0.297,-0.369,13.647,-0.113,17.326,12.554,16.441,0.632,0.558,-0.016,-0.116,0.108,-0.522,21.917,17.697,17.333,20.527,16.916,17.920,16.344
3.571,9.417,0.000,0.918,0.003,0.000,0.397,-0.164,-0.244,13.821,0.009,17.495,12.732,16.606,0.606,0.586,-0.023,-0.098,0.123,-0.274,2.594,5.468,17.407,1.527,16.945,17.575,16.769
3.577,9.423,-0.000,0.918,0.002,0.001,0.396,-0.250,-0.276,13.995,-0.094,17.666,12.906,16.776,0.590,0.602,-0.021,-0.151,0.104,-0.111,-16.732,-10.010,17.484,-19.514,17.166,17.272,17.109
3.583,9.429,-0.000,0.918,0.001,0.001,0.395,-0.416,-0.385,14.171,-0.308,17.836,13.080,16.946,0.620,0.572,-0.006,-0.142,0.004,-0.340,-13.107,-9.131,17.766,-19.342,16.864,17.679,16.725
3.589,9.434,-0.000,0.920,0.001,0.000,0.393,-0.468,-0.425,14.352,-0.418,18.002,13.260,17.109,0.654,0.518,0.003,-0.226,0.002,-0.695,2.671,1.150,18.367,-2.100,16.254,18.194,16.009
3.596,9.439,-0.000,0.921,-0.001,-0.000,0.389,-0.381,-0.368,14.539,-0.360,18.161,13.443,17.266,0.673,0.487,0.002,-0.208,-0.008,-0.884,12.784,8.916,19.022,11.719,15.729,18.555,15.389
3.602,9.444,-0.000,0.923,-0.001,-0.001,0.385,-0.265,-0.280,14.731,-0.245,18.318,13.630,17.419,0.672,0.495,-0.001,-0.110,-0.051,-0.825,8.180,7.129,19.257,8.612,15.628,18.675,15.233
3.609,9.449,-0.000,0.924,-0.001,-0.001,0.382,-0.250,-0.254,14.923,-0.226,18.475,13.816,17.572,0.664,0.510,-0.001,-0.064,-0.065,-0.699,-4.728,-1.889,19.154,-4.679,15.841,18.627,15.380
3.616,9.454,-0.000,0.926,-0.002,-0.002,0.379,-0.334,-0.303,15.114,-0.319,18.634,14.003,17.726,0.669,0.504,-0.002,-0.092,-0.033,-0.709,-9.970,-6.616,19.127,-11.835,15.922,18.717,15.321
3.623,9.459,-0.000,0.927,-0.002,-0.002,0.375,-0.405,-0.354,15.307,-0.414,18.792,14.191,17.877,0.684,0.479,-0.003,-0.123,0.003,-0.850,-3.274,-2.800,19.464,-5.893,15.685,18.962,14.910
3.629,9.464,-0.000,0.929,-0.003,-0.002,0.371,-0.392,-0.353,15.504,-0.421,18.948,14.382,18.024,0.697,0.455,-0.003,-0.108,0.023,-0.970,5.028,2.924,19.926,3.951,15.375,19.178,14.489
3.636,9.468,-0.000,0.931,-0.003,-0.002,0.366,-0.327,-0.309,15.704,-0.359,19.101,14.574,18.168,0.701,0.449,-0.002,-0.069,0.035,-0.979,6.645,4.876,20.140,7.028,15.257,19.280,14.376
3.643,9.473,-0.000,0.932,-0.003,-0.002,0.362,-0.287,-0.275,15.906,-0.312,19.254,14.767,18.312,0.701,0.454,-0.002,-0.031,0.045,-0.918,0.958,1.458,20.055,1.554,15.381,19.293,14.503
3.651,9.478,-0.000,0.934,-0.004,-0.002,0.358,-0.309,-0.284,16.105,-0.333,19.408,14.960,18.458,0.704,0.454,-0.003,-0.006,0.055,-0.887,-4.722,-2.800,19.963,-4.951,15.546,19.308,14.597
3.658,9.482,-0.000,0.935,-0.004,-0.002,0.353,-0.359,-0.317,16.306,-0.389,19.564,15.154,18.603,0.712,0.442,-0.004,0.007,0.063,-0.927,-3.881,-2.854,20.094,-4.895,15.578,19.378,14.505
3.665,9.486,-0.001,0.937,-0.004,-0.001,0.349,-0.373,-0.331,16.508,-0.413,19.720,15.348,18.747,0.721,0.427,-0.004,0.025,0.063,-0.986,0.758,-0.047,20.339,-0.025,15.532,19.464,14.341
3.672,9.491,-0.001,0.939,-0.004,-0.001,0.344,-0.350,-0.318,16.712,-0.393,19.875,15.543,18.890,0.728,0.417,-0.005,0.053,0.053,-1.008,3.405,2.191,20.503,3.379,15.539,19.522,14.280
3.679,9.495,-0.001,0.941,-0.003,-0.001,0.339,-0.320,-0.297,16.917,-0.362,20.031,15.738,19.034,0.732,0.416,-0.005,0.082,0.036,-0.987,1.995,1.644,20.518,2.363,15.638,19.542,14.370
3.687,9.499,-0.001,0.942,-0.003,-0.000,0.335,-0.316,-0.291,17.122,-0.354,20.188,15.934,19.178,0.736,0.415,-0.004,0.102,0.016,-0.957,-1.147,-0.444,20.474,-0.792,15.773,19.550,14.515
3.694,9.503,-0.001,0.944,-0.003,-0.000,0.330,-0.336,-0.302,17.327,-0.374,20.346,16.129,19.324,0.742,0.410,-0.003,0.111,-0.004,-0.956,-2.330,-1.499,20.478,-2.581,15.879,19.579,14.601
3.702,9.507,-0.001,0.945,-0.002,0.000,0.326,-0.352,-0.314,17.532,-0.393,20.505,16.325,19.470,0.750,0.400,-0.002,0.116,-0.024,-0.981,-0.646,-0.620,20.536,-0.974,15.952,19.635,14.616
3.709,9.511,-0.001,0.947,-0.001,0.000,0.321,-0.350,-0.314,17.738,-0.393,20.665,16.522,19.616,0.757,0.390,-0.001,0.122,-0.041,-1.005,0.959,0.525,20.578,0.758,16.021,19.694,14.632
3.717,9.515,-0.001,0.949,-0.001,-0.000,0.316,-0.337,-0.306,17.943,-0.382,20.826,16.719,19.763,0.763,0.384,0.000,0.130,-0.053,-1.008,1.228,0.872,20.562,1.263,16.097,19.735,14.711
3.724,9.519,-0.001,0.950,0.000,-0.000,0.312,-0.329,-0.300,18.149,-0.373,20.987,16.917,19.910,0.768,0.380,0.002,0.133,-0.057,-0.996,0.286,0.328,20.503,0.388,16.169,19.757,14.841
3.732,9.522,-0.001,0.952,0.001,-0.000,0.307,-0.332,-0.300,18.353,-0.375,21.149,17.114,20.059,0.773,0.375,0.003,0.129,-0.051,-0.988,-0.694,-0.356,20.445,-0.721,16.226,19.768,14.968
3.740,9.526,-0.001,0.953,0.001,-0.000,0.302,-0.339,-0.304,18.558,-0.383,21.312,17.312,20.210,0.778,0.367,0.003,0.119,-0.037,-0.994,-0.569,-0.361,20.413,-0.668,16.276,19.778,15.051
3.748,9.530,-0.001,0.955,0.002,-0.000,0.297,-0.342,-0.306,18.762,-0.387,21.475,17.510,20.360,0.784,0.359,0.004,0.104,-0.018,-1.005,-0.060,-0.065,20.400,-0.158,16.323,19.779,15.107
3.755,9.533,-0.001,0.956,0.002,0.000,0.293,-0.341,-0.306,18.966,-0.386,21.638,17.707,20.512,0.789,0.351,0.003,0.085,0.003,-1.012,0.233,0.150,20.397,0.152,16.367,19.764,15.160
3.763,9.537,-0.001,0.958,0.003,0.000,0.288,-0.338,-0.304,19.170,-0.384,21.802,17.905,20.664,0.794,0.343,0.002,0.063,0.023,-1.014,0.229,0.182,20.403,0.195,16.410,19.735,15.215
3.771,9.540,-0.001,0.959,0.003,0.000,0.283,-0.337,-0.302,19.374,-0.383,21.966,18.102,20.816,0.799,0.336,0.001,0.038,0.041,-1.013,0.100,0.110,20.424,0.117,16.451,19.695,15.267
3.779,9.544,-0.001,0.961,0.003,0.001,0.278,-0.336,-0.301,19.578,-0.382,22.131,18.299,20.969,0.803,0.329,-0.001,0.013,0.054,-1.011,0.017,0.054,20.464,0.066,16.493,19.653,15.310
3.787,9.547,-0.001,0.962,0.003,0.001,0.273,-0.336,-0.301,19.783,-0.382,22.296,18.495,21.122,0.807,0.322,-0.003,-0.012,0.061,-1.010,-0.016,0.026,20.523,0.036,16.534,19.616,15.340
3.795,9.550,-0.001,0.963,0.003,0.001,0.268,-0.336,-0.301,19.989,-0.381,22.462,18.691,21.276,0.812,0.315,-0.005,-0.035,0.060,-1.008,-0.022,0.016,20.598,0.020,16.575,19.591,15.360
3.804,9.553,-0.001,0.965,0.002,0.002,0.263,-0.337,-0.301,20.195,-0.381,22.628,18.887,21.429,0.815,0.307,-0.006,-0.055,0.051,-1.007,-0.017,0.013,20.685,0.013,16.614,19.583,15.373
3.812,9.556,-0.001,0.966,0.002,0.002,0.259,-0.337,-0.301,20.402,-0.381,22.794,19.083,21.583,0.819,0.299,-0.007,-0.071,0.035,-1.005,-0.010,0.012,20.778,0.009,16.648,19.595,15.382
3.820,9.559,-0.001,0.967,0.002,0.002,0.254,-0.337,-0.301,20.611,-0.381,22.960,19.279,21.737,0.823,0.291,-0.008,-0.081,0.011,-1.004,-0.004,0.010,20.869,0.007,16.674,19.627,15.389
3.828,9.562,-0.001,0.969,0.001,0.002,0.249,-0.337,-0.300,20.820,-0.381,23.127,19.476,21.891,0.826,0.283,-0.007,-0.086,-0.015,-1.004,-0.000,0.008,20.953,0.005,16.690,19.680,15.396
3.837,9.565,-0.001,0.970,0.001,0.001,0.244,-0.337,-0.300,21.030,-0.381,23.294,19.673,22.045,0.830,0.275,-0.006,-0.089,-0.040,-1.003,0.001,0.006,21.024,0.004,16.693,19.751,15.405
3.845,9.567,-0.001,0.971,0.000,0.001,0.239,-0.337,-0.300,21.240,-0.381,23.461,19.871,22.199,0.833,0.267,-0.005,-0.090,-0.060,-1.002,0.001,0.004,21.078,0.003,16.682,19.835,15.415
3.853,9.570,-0.001,0.972,0.000,0.001,0.234,-0.337,-0.300,21.451,-0.381,23.628,20.069,22.353,0.836,0.259,-0.003,-0.091,-0.074,-1.002,0.001,0.003,21.114,0.002,16.655,19.927,15.426
3.862,9.573,-0.001,0.973,-0.000,0.000,0.229,-0.337,-0.300,21.663,-0.381,23.794,20.269,22.508,0.839,0.251,-0.001,-0.091,-0.079,-1.002,0.000,0.002,21.137,0.001,16.616,20.022,15.437
3.870,9.575,-0.001,0.974,-0.001,-0.000,0.225,-0.337,-0.300,21.874,-0.381,23.960,20.470,22.662,0.841,0.242,0.001,-0.090,-0.077,-1.003,0.000,0.001,21.151,0.000,16.565,20.115,15.447
3.878,9.577,-0.001,0.976,-0.001,-0.001,0.220,-0.337,-0.300,22.086,-0.381,24.125,20.671,22.816,0.844,0.234,0.003,-0.086,-0.068,-1.003,-0.000,0.000,21.159,0.000,16.508,20.201,15.454
3.887,9.580,-0.001,0.977,-0.001,-0.001,0.215,-0.337,-0.300,22.297,-0.381,24.290,20.874,22.971,0.847,0.225,0.004,-0.081,-0.055,-1.004,-0.000,-0.000,21.167,0.000,16.448,20.277,15.458
3.895,9.582,-0.001,0.978,-0.002,-0.002,0.210,-0.337,-0.300,22.509,-0.381,24.454,21.077,23.126,0.849,0.217,0.005,-0.073,-0.039,-1.006,-0.000,-0.001,21.176,-0.000,16.391,20.342,15.457
3.904,9.584,-0.001,0.979,-0.002,-0.002,0.205,-0.337,-0.300,22.721,-0.381,24.618,21.281,23.280,0.852,0.209,0.006,-0.063,-0.023,-1.007,-0.000,-0.001,21.189,-0.000,16.340,20.395,15.452
3.912,9.586,-0.001,0.980,-0.002,-0.002,0.200,-0.337,-0.300,22.933,-0.381,24.781,21.485,23.435,0.855,0.200,0.007,-0.051,-0.008,-1.009,-0.000,-0.003,21.204,-0.000,16.301,20.439,15.444
3.921,9.588,-0.001,0.981,-0.002,-0.002,0.195,-0.337,-0.300,23.145,-0.381,24.944,21.689,23.589,0.858,0.192,0.008,-0.037,0.003,-1.012,-0.001,-0.004,21.221,0.000,16.274,20.476,15.433
3.930,9.590,-0.001,0.982,-0.002,-0.002,0.190,-0.337,-0.300,23.357,-0.381,25.107,21.894,23.743,0.861,0.184,0.009,-0.021,0.011,-1.014,-0.001,-0.006,21.234,0.000,16.261,20.508,15.419
3.938,9.592,-0.001,0.983,-0.003,-0.002,0.185,-0.337,-0.300,23.569,-0.381,25.269,22.100,23.897,0.865,0.175,0.009,-0.003,0.016,-1.017,-0.001,-0.007,21.241,0.000,16.262,20.536,15.404
3.947,9.594,-0.000,0.984,-0.003,-0.002,0.180,-0.337,-0.301,23.782,-0.381,25.432,22.305,24.051,0.868,0.167,0.009,0.015,0.018,-1.020,-0.001,-0.008,21.237,0.000,16.276,20.560,15.388
3.955,9.595,-0.000,0.985,-0.002,-0.002,0.175,-0.337,-0.301,23.994,-0.381,25.595,22.511,24.205,0.871,0.158,0.009,0.033,0.020,-1.023,-0.001,-0.009,21.221,0.001,16.300,20.579,15.372
3.964,9.597,-0.000,0.985,-0.002,-0.002,0.170,-0.337,-0.301,24.206,-0.381,25.758,22.717,24.359,0.874,0.150,0.008,0.050,0.024,-1.026,-0.001,-0.009,21.195,0.001,16.334,20.591,15.357
3.973,9.598,-0.000,0.986,-0.002,-0.001,0.165,-0.337,-0.301,24.418,-0.381,25.922,22.922,24.512,0.877,0.141,0.007,0.066,0.030,-1.029,-0.000,-0.009,21.162,0.001,16.377,20.595,15.345
3.982,9.600,-0.000,0.987,-0.002,-0.001,0.160,-0.337,-0.301,24.629,-0.381,26.086,23.128,24.666,0.880,0.132,0.006,0.078,0.039,-1.032,-0.000,-0.008,21.129,0.000,16.427,20.588,15.336
3.991,9.601,-0.000,0.988,-0.001,-0.001,0.155,-0.337,-0.301,24.841,-0.381,26.250,23.334,24.819,0.883,0.123,0.004,0.086,0.051,-1.034,-0.000,-0.006,21.102,0.000,16.484,20.571,15.332
3.999,9.602,-0.000,0.989,-0.001,-0.001,0.150,-0.337,-0.301,25.052,-0.381,26.415,23.540,24.972,0.885,0.114,0.001,0.090,0.064,-1.036,-0.000,-0.004,21.088,0.000,16.549,20.541,15.333
4.008,9.603,-0.000,0.990,-0.000,-0.000,0.144,-0.337,-0.301,25.262,-0.381,26.581,23.745,25.126,0.887,0.105,-0.001,0.091,0.078,-1.038,0.000,-0.001,21.090,0.000,16.618,20.496,15.338
4.017,9.604,-0.000,0.990,-0.000,0.000,0.139,-0.337,-0.301,25.473,-0.381,26.748,23.950,25.279,0.889,0.095,-0.004,0.089,0.089,-1.039,0.001,0.002,21.111,0.000,16.693,20.439,15.349
4.026,9.605,-0.000,0.991,0.000,0.001,0.134,-0.337,-0.301,25.685,-0.381,26.915,24.154,25.433,0.891,0.086,-0.006,0.080,0.093,-1.040,0.001,0.005,21.150,0.000,16.773,20.372,15.366
4.035,9.606,-0.000,0.992,0.001,0.001,0.129,-0.337,-0.301,25.896,-0.381,27.083,24.357,25.587,0.892,0.077,-0.007,0.065,0.087,-1.039,0.001,0.008,21.207,0.000,16.853,20.300,15.389
4.044,9.607,-0.000,0.992,0.001,0.002,0.124,-0.337,-0.301,26.109,-0.381,27.252,24.560,25.741,0.894,0.068,-0.007,0.045,0.073,-1.038,0.001,0.010,21.274,0.000,16.926,20.231,15.415
4.053,9.607,-0.000,0.993,0.001,0.002,0.119,-0.337,-0.301,26.322,-0.381,27.422,24.762,25.895,0.895,0.058,-0.008,0.028,0.054,-1.037,0.001,0.011,21.346,0.000,16.987,20.169,15.443
4.062,9.608,-0.000,0.994,0.001,0.002,0.114,-0.337,-0.301,26.536,-0.381,27.592,24.963,26.049,0.895,0.049,-0.008,0.014,0.032,-1.035,0.001,0.011,21.418,0.000,17.034,20.123,15.472
4.071,9.608,-0.001,0.994,0.001,0.002,0.108,-0.337,-0.300,26.750,-0.381,27.762,25.164,26.204,0.896,0.040,-0.009,0.002,0.008,-1.034,0.001,0.009,21.484,0.000,17.068,20.096,15.504
4.080,9.608,-0.001,0.995,0.001,0.002,0.103,-0.337,-0.300,26.965,-0.381,27.933,25.365,26.360,0.896,0.031,-0.010,-0.007,-0.017,-1.032,0.000,0.007,21.539,0.000,17.091,20.091,15.538
4.089,9.609,-0.001,0.995,0.001,0.002,0.098,-0.337,-0.300,27.181,-0.381,28.104,25.566,26.515,0.896,0.022,-0.010,-0.014,-0.040,-1.031,0.000,0.005,21.582,-0.000,17.104,20.108,15.574
4.098,9.609,-0.001,0.996,0.001,0.002,0.093,-0.337,-0.300,27.397,-0.381,28.275,25.767,26.671,0.895,0.012,-0.010,-0.020,-0.058,-1.029,-0.000,0.003,21.608,-0.000,17.106,20.144,15.610
4.107,9.609,-0.001,0.996,0.001,0.002,0.088,-0.337,-0.300,27.613,-0.381,28.446,25.969,26.827,0.895,0.003,-0.010,-0.027,-0.070,-1.028,-0.000,0.001,21.618,-0.000,17.099,20.196,15.643
4.116,9.609,-0.001,0.997,0.001,0.001,0.083,-0.337,-0.300,27.829,-0.381,28.617,26.171,26.984,0.894,-0.006,-0.009,-0.033,-0.074,-1.027,-0.000,0.000,21.614,-0.000,17.084,20.258,15.672
4.124,9.609,-0.001,0.997,0.001,0.001,0.078,-0.337,-0.300,28.045,-0.381,28.788,26.374,27.141,0.893,-0.015,-0.008,-0.040,-0.071,-1.026,-0.000,-0.000,21.602,-0.000,17.062,20.325,15.694
4.133,9.609,-0.001,0.997,0.000,0.001,0.073,-0.337,-0.300,28.261,-0.381,28.958,26.578,27.298,0.892,-0.025,-0.006,-0.044,-0.063,-1.025,-0.000,-0.001,21.587,-0.000,17.036,20.394,15.710
4.142,9.608,-0.001,0.998,0.000,0.000,0.067,-0.337,-0.300,28.477,-0.381,29.129,26.782,27.455,0.891,-0.034,-0.005,-0.046,-0.052,-1.024,-0.000,-0.001,21.572,-0.000,17.007,20.458,15.720
4.151,9.608,-0.001,0.998,-0.000,0.000,0.062,-0.337,-0.300,28.693,-0.381,29.299,26.987,27.612,0.889,-0.043,-0.003,-0.045,-0.041,-1.023,-0.000,-0.002,21.562,-0.000,16.977,20.516,15.726
4.160,9.608,-0.001,0.998,-0.000,-0.000,0.057,-0.337,-0.300,28.908,-0.381,29.468,27.192,27.769,0.888,-0.052,-0.001,-0.041,-0.033,-1.023,-0.000,-0.003,21.557,-0.000,16.948,20.567,15.728
4.169,9.607,-0.001,0.999,-0.000,-0.000,0.052,-0.337,-0.300,29.124,-0.381,29.638,27.398,27.927,0.888,-0.061,0.002,-0.036,-0.029,-1.023,-0.001,-0.004,21.556,-0.001,16.921,20.609,15.731
4.178,9.606,-0.001,0.999,-0.001,-0.001,0.047,-0.337,-0.300,29.340,-0.381,29.807,27.605,28.084,0.888,-0.070,0.005,-0.028,-0.030,-1.024,-0.001,-0.005,21.557,-0.001,16.895,20.646,15.737
4.187,9.606,-0.001,0.999,-0.001,-0.001,0.042,-0.337,-0.300,29.555,-0.381,29.975,27.811,28.241,0.888,-0.079,0.007,-0.019,-0.037,-1.024,-0.001,-0.006,21.556,-0.001,16.870,20.681,15.747
4.196,9.605,-0.001,0.999,-0.001,-0.001,0.037,-0.337,-0.301,29.771,-0.381,30.144,28.018,28.399,0.888,-0.088,0.010,-0.010,-0.047,-1.026,-0.001,-0.008,21.547,-0.001,16.844,20.714,15.763
4.204,9.604,-0.001,0.999,-0.001,-0.001,0.032,-0.337,-0.301,29.986,-0.381,30.312,28.226,28.557,0.889,-0.097,0.012,-0.002,-0.060,-1.028,-0.001,-0.009,21.528,-0.001,16.818,20.750,15.785
4.213,9.603,-0.001,1.000,-0.001,-0.001,0.027,-0.337,-0.301,30.201,-0.381,30.480,28.433,28.715,0.889,-0.106,0.013,0.006,-0.070,-1.030,-0.001,-0.010,21.496,-0.001,16.790,20.788,15.813
4.222,9.602,-0.001,1.000,-0.001,-0.002,0.021,-0.337,-0.301,30.416,-0.381,30.648,28.641,28.873,0.890,-0.116,0.014,0.011,-0.076,-1.032,-0.001,-0.010,21.450,-0.000,16.759,20.828,15.843
4.231,9.600,-0.001,1.000,-0.001,-0.002,0.016,-0.337,-0.301,30.630,-0.381,30.816,28.850,29.032,0.891,-0.125,0.013,0.013,-0.075,-1.035,-0.001,-0.010,21.395,-0.000,16.727,20.868,15.873
4.240,9.599,-0.000,1.000,-0.001,-0.003,0.011,-0.337,-0.301,30.844,-0.381,30.983,29.059,29.190,0.891,-0.135,0.013,0.014,-0.064,-1.038,-0.001,-0.008,21.335,-0.000,16.694,20.902,15.900
4.249,9.598,-0.000,1.000,-0.000,-0.003,0.006,-0.337,-0.301,31.057,-0.381,31.149,29.268,29.350,0.891,-0.144,0.011,0.012,-0.043,-1.041,-0.000,-0.006,21.278,-0.000,16.662,20.927,15.919
4.258,9.596,-0.000,1.000,-0.000,-0.003,0.001,-0.337,-0.301,31.269,-0.381,31.316,29.477,29.509,0.890,-0.154,0.009,0.010,-0.013,-1.043,0.000,-0.003,21.229,0.000,16.636,20.937,15.927
4.267,9.595,-0.000,1.000,-0.000,-0.003,-0.005,-0.337,-0.301,31.481,-0.381,31.482,29.686,29.668,0.889,-0.163,0.007,0.006,0.024,-1.045,0.001,0.001,21.197,0.000,16.619,20.929,15.923
4.276,9.593,-0.000,1.000,-0.000,-0.003,-0.010,-0.337,-0.301,31.693,-0.381,31.648,29.896,29.827,0.888,-0.173,0.004,0.003,0.064,-1.047,0.001,0.005,21.186,0.001,16.614,20.899,15.905
4.285,9.591,-0.000,1.000,-0.000,-0.002,-0.015,-0.337,-0.301,31.905,-0.381,31.814,30.104,29.986,0.886,-0.182,0.002,0.001,0.103,-1.049,0.002,0.009,21.201,0.001,16.624,20.849,15.873
4.293,9.589,-0.000,1.000,-0.000,-0.002,-0.020,-0.337,-0.301,32.117,-0.381,31.981,30.313,30.145,0.884,-0.191,0.000,-0.002,0.136,-1.050,0.002,0.014,21.241,0.001,16.650,20.780,15.830
4.302,9.587,-0.000,1.000,-0.000,-0.001,-0.026,-0.337,-0.301,32.330,-0.381,32.148,30.520,30.303,0.882,-0.201,-0.002,-0.005,0.159,-1.050,0.003,0.021,21.307,0.002,16.693,20.697,15.778
4.311,9.585,-0.000,1.000,-0.000,-0.000,-0.031,-0.380,-0.326,32.544,-0.390,32.315,30.726,30.460,0.878,-0.213,-0.003,-0.008,0.170,-1.065,-6.994,-4.468,21.459,-1.577,16.745,20.604,15.657
4.320,9.583,-0.000,0.999,-0.000,0.001,-0.036,-0.442,-0.369,32.759,-0.404,32.482,30.932,30.616,0.873,-0.228,-0.001,0.007,0.150,-1.099,-4.644,-3.582,21.629,-1.063,16.779,20.543,15.487
4.328,9.581,-0.000,0.999,-0.000,0.001,-0.042,-0.474,-0.394,32.976,-0.412,32.650,31.137,30.770,0.868,-0.244,0.002,0.034,0.107,-1.135,-1.900,-1.369,21.769,-0.452,16.807,20.500,15.309
4.337,9.578,-0.000,0.999,0.000,0.002,-0.048,-0.484,-0.401,33.195,-0.414,32.818,31.342,30.922,0.863,-0.259,0.003,0.039,0.065,-1.162,-0.338,-0.241,21.884,-0.094,16.824,20.457,15.157
4.346,9.576,-0.000,0.999,0.000,0.002,-0.053,-0.483,-0.401,33.414,-0.414,32.987,31.546,31.073,0.858,-0.271,0.002,0.021,0.035,-1.176,0.322,0.211,21.970,0.066,16.848,20.409,15.046
4.354,9.573,-0.000,0.998,0.000,0.002,-0.059,-0.479,-0.398,33.634,-0.413,33.155,31.750,31.223,0.853,-0.282,-0.002,-0.009,0.016,-1.182,0.463,0.336,22.032,0.106,16.865,20.370,14.966
4.363,9.570,-0.000,0.998,0.000,0.002,-0.065,-0.475,-0.395,33.855,-0.412,33.324,31.954,31.372,0.848,-0.293,-0.005,-0.038,-0.005,-1.188,0.377,0.320,22.086,0.091,16.874,20.353,14.898
4.371,9.567,-0.000,0.997,-0.000,0.002,-0.071,-0.472,-0.392,34.076,-0.412,33.493,32.157,31.521,0.842,-0.305,-0.007,-0.061,-0.029,-1.198,0.234,0.256,22.139,0.060,16.874,20.366,14.827
4.380,9.564,-0.000,0.997,-0.000,0.002,-0.077,-0.470,-0.390,34.297,-0.411,33.662,32.361,31.669,0.835,-0.317,-0.008,-0.073,-0.053,-1.212,0.115,0.189,22.191,0.033,16.859,20.404,14.750
4.388,9.561,-0.000,0.997,-0.001,0.002,-0.083,-0.469,-0.388,34.520,-0.411,33.830,32.566,31.816,0.828,-0.329,-0.009,-0.074,-0.066,-1.226,0.043,0.134,22.233,0.017,16.828,20.458,14.674
4.396,9.557,-0.000,0.996,-0.001,0.001,-0.089,-0.469,-0.387,34.742,-0.411,33.998,32.771,31.962,0.820,-0.340,-0.010,-0.063,-0.069,-1.237,0.007,0.093,22.259,0.009,16.784,20.518,14.611
4.404,9.554,-0.001,0.995,-0.002,0.001,-0.096,-0.469,-0.386,34.965,-0.411,34.166,32.976,32.108,0.813,-0.350,-0.010,-0.044,-0.064,-1.243,-0.008,0.064,22.265,0.004,16.733,20.576,14.572
4.412,9.550,-0.001,0.995,-0.002,0.001,-0.102,-0.469,-0.385,35.187,-0.411,34.333,33.182,32.254,0.807,-0.360,-0.010,-0.019,-0.056,-1.244,-0.011,0.043,22.254,0.002,16.681,20.628,14.558
4.420,9.547,-0.001,0.994,-0.002,0.000,-0.108,-0.469,-0.385,35.410,-0.411,34.499,33.389,32.399,0.801,-0.369,-0.009,0.008,-0.047,-1.243,-0.010,0.028,22.231,0.001,16.634,20.669,14.564
4.428,9.543,-0.001,0.993,-0.002,0.000,-0.114,-0.470,-0.385,35.632,-0.411,34.665,33.595,32.545,0.795,-0.379,-0.007,0.034,-0.042,-1.241,-0.007,0.017,22.200,0.000,16.597,20.699,14.584
4.436,9.539,-0.001,0.993,-0.002,-0.000,-0.120,-0.470,-0.385,35.854,-0.411,34.831,33.802,32.691,0.789,-0.388,-0.005,0.055,-0.041,-1.240,-0.005,0.009,22.162,-0.000,16.572,20.719,14.615
4.444,9.535,-0.001,0.992,-0.001,-0.000,-0.126,-0.470,-0.385,36.075,-0.411,34.997,34.010,32.837,0.784,-0.397,-0.002,0.069,-0.046,-1.240,-0.003,0.003,22.116,-0.001,16.560,20.734,14.653
4.452,9.531,-0.001,0.991,-0.001,-0.001,-0.133,-0.470,-0.385,36.296,-0.411,35.162,34.217,32.984,0.779,-0.407,0.002,0.074,-0.054,-1.242,-0.002,-0.001,22.061,-0.001,16.557,20.746,14.691
4.460,9.527,-0.001,0.990,-0.001,-0.001,-0.139,-0.470,-0.385,36.516,-0.411,35.328,34.425,33.131,0.774,-0.418,0.005,0.071,-0.063,-1.246,-0.001,-0.003,21.997,-0.001,16.561,20.760,14.725
4.468,9.523,-0.001,0.989,-0.000,-0.001,-0.145,-0.470,-0.385,36.736,-0.411,35.494,34.632,33.279,0.769,-0.428,0.007,0.062,-0.069,-1.252,-0.001,-0.004,21.927,-0.000,16.565,20.777,14.754
4.475,9.518,-0.001,0.989,-0.000,-0.002,-0.151,-0.470,-0.385,36.955,-0.411,35.659,34.840,33.426,0.763,-0.439,0.008,0.048,-0.072,-1.259,0.000,-0.003,21.853,0.001,16.566,20.796,14.777
4.483,9.514,-0.001,0.988,0.000,-0.002,-0.157,-0.470,-0.385,37.173,-0.411,35.825,35.048,33.574,0.758,-0.449,0.009,0.031,-0.068,-1.264,0.001,-0.001,21.779,0.002,16.560,20.814,14.798
4.490,9.509,-0.001,0.987,0.000,-0.003,-0.164,-0.470,-0.385,37.390,-0.411,35.991,35.256,33.722,0.753,-0.459,0.008,0.016,-0.057,-1.266,0.001,0.003,21.711,0.002,16.546,20.826,14.818
4.498,9.505,-0.000,0.985,0.000,-0.003,-0.170,-0.470,-0.385,37.607,-0.411,36.156,35.465,33.871,0.748,-0.468,0.007,0.006,-0.041,-1.262,0.002,0.007,21.644,0.003,16.525,20.829,14.846
4.505,9.500,-0.000,0.984,0.000,-0.003,-0.176,-0.470,-0.385,37.823,-0.411,36.321,35.673,34.019,0.744,-0.476,0.006,0.006,-0.022,-1.251,0.003,0.010,21.569,0.004,16.501,20.820,14.894
4.513,9.495,-0.000,0.983,0.000,-0.003,-0.182,-0.470,-0.385,38.039,-0.411,36.486,35.881,34.168,0.740,-0.483,0.006,0.015,-0.004,-1.232,0.003,0.014,21.487,0.004,16.480,20.794,14.967
4.520,9.490,-0.000,0.982,0.000,-0.003,-0.188,-0.470,-0.384,38.253,-0.411,36.651,36.089,34.319,0.739,-0.488,0.006,0.030,0.011,-1.200,0.003,0.016,21.395,0.004,16.464,20.744,15.079
4.528,9.486,-0.000,0.981,0.001,-0.003,-0.194,-0.470,-0.384,38.466,-0.410,36.815,36.296,34.470,0.738,-0.492,0.006,0.028,0.023,-1.165,0.002,0.014,21.315,0.003,16.451,20.677,15.213
4.535,9.481,-0.000,0.980,0.001,-0.003,-0.200,-0.469,-0.384,38.679,-0.410,36.980,36.502,34.623,0.736,-0.498,0.007,0.013,0.031,-1.140,0.001,0.011,21.267,0.001,16.446,20.605,15.319
4.542,9.476,-0.000,0.979,0.001,-0.003,-0.205,-0.469,-0.384,38.892,-0.410,37.144,36.708,34.776,0.733,-0.502,0.002,-0.033,0.068,-1.115,-0.001,0.004,21.255,-0.002,16.433,20.511,15.403
4.550,9.471,-0.000,0.978,0.001,-0.002,-0.210,-0.470,-0.384,39.104,-0.410,37.308,36.913,34.931,0.730,-0.509,-0.001,-0.057,0.090,-1.104,-0.002,0.001,21.246,-0.003,16.430,20.439,15.453
4.557,9.465,-0.000,0.976,0.000,-0.002,-0.216,-0.470,-0.384,39.317,-0.411,37.473,37.117,35.085,0.726,-0.516,-0.003,-0.069,0.102,-1.100,-0.001,0.000,21.237,-0.003,16.435,20.389,15.487
4.564,9.460,-0.000,0.975,0.000,-0.001,-0.221,-0.470,-0.384,39.529,-0.411,37.637,37.320,35.241,0.721,-0.524,-0.004,-0.079,0.111,-1.100,-0.001,0.000,21.229,-0.002,16.446,20.349,15.533
4.571,9.455,-0.000,0.974,0.000,-0.000,-0.227,-0.470,-0.384,39.742,-0.411,37.802,37.524,35.396,0.715,-0.534,-0.002,-0.027,0.064,-1.105,-0.000,0.001,21.309,-0.001,16.476,20.331,15.500
4.578,9.450,-0.000,0.973,0.000,-0.000,-0.232,-0.470,-0.384,39.956,-0.411,37.967,37.727,35.551,0.708,-0.544,-0.001,0.025,0.015,-1.112,-0.000,0.000,21.413,-0.002,16.503,20.318,15.455
4.585,9.444,-0.000,0.971,0.000,-0.000,-0.237,-0.470,-0.384,40.170,-0.411,38.132,37.930,35.705,0.702,-0.552,-0.006,0.005,0.022,-1.110,-0.000,-0.001,21.447,-0.001,16.531,20.305,15.437
4.592,9.439,-0.000,0.970,0.000,-0.000,-0.243,-0.470,-0.384,40.385,-0.411,38.297,38.133,35.859,0.694,-0.561,-0.007,0.012,0.002,-1.117,-0.001,-0.002,21.511,-0.003,16.556,20.311,15.396
4.599,9.433,-0.000,0.969,0.000,-0.000,-0.248,-0.470,-0.384,40.600,-0.411,38.463,38.336,36.013,0.686,-0.569,-0.008,-0.009,0.006,-1.122,-0.001,-0.002,21.549,-0.004,16.575,20.323,15.349
4.606,9.427,-0.000,0.967,0.000,-0.000,-0.254,-0.470,-0.384,40.816,-0.411,38.629,38.540,36.166,0.678,-0.577,-0.010,-0.043,0.022,-1.127,-0.001,-0.002,21.570,-0.005,16.589,20.342,15.291
4.613,9.421,-0.001,0.966,-0.000,0.000,-0.259,-0.470,-0.384,41.031,-0.411,38.795,38.743,36.319,0.669,-0.585,-0.010,-0.070,0.034,-1.133,-0.001,-0.002,21.590,-0.005,16.602,20.370,15.218
4.619,9.415,-0.001,0.964,-0.000,0.000,-0.265,-0.470,-0.384,41.248,-0.411,38.961,38.947,36.470,0.658,-0.594,-0.007,-0.087,0.021,-1.151,-0.001,-0.001,21.647,-0.005,16.615,20.419,15.104
4.626,9.409,-0.001,0.963,-0.001,0.001,-0.270,-0.470,-0.384,41.464,-0.411,39.127,39.152,36.621,0.646,-0.603,-0.002,-0.101,-0.000,-1.176,-0.001,-0.001,21.734,-0.004,16.598,20.483,14.964
4.632,9.403,-0.001,0.961,-0.001,0.001,-0.276,-0.470,-0.384,41.682,-0.411,39.293,39.357,36.770,0.635,-0.613,0.002,-0.109,-0.013,-1.199,-0.000,-0.002,21.818,-0.002,16.560,20.547,14.820
4.639,9.397,-0.001,0.959,-0.002,0.001,-0.282,-0.470,-0.384,41.901,-0.411,39.458,39.563,36.917,0.623,-0.621,0.004,-0.101,-0.010,-1.223,-0.000,-0.003,21.904,-0.000,16.515,20.598,14.664
4.645,9.391,-0.001,0.958,-0.002,0.001,-0.288,-0.470,-0.384,42.120,-0.411,39.623,39.769,37.063,0.611,-0.630,0.005,-0.081,-0.003,-1.244,0.000,-0.004,21.986,0.001,16.469,20.637,14.516
4.651,9.385,-0.001,0.956,-0.003,0.001,-0.294,-0.470,-0.384,42.341,-0.411,39.788,39.975,37.207,0.597,-0.638,0.002,-0.016,0.027,-1.282,0.001,-0.004,22.064,0.004,16.487,20.660,14.308
4.657,9.378,-0.001,0.954,-0.002,0.001,-0.300,-0.470,-0.384,42.561,-0.411,39.953,40.182,37.349,0.585,-0.647,0.001,0.038,0.037,-1.307,0.001,-0.004,22.111,0.004,16.522,20.678,14.162
4.663,9.372,-0.001,0.952,-0.002,0.001,-0.306,-0.470,-0.384,42.783,-0.411,40.118,40.389,37.490,0.576,-0.656,0.003,0.062,0.017,-1.315,0.000,-0.005,22.127,0.003,16.541,20.697,14.110
4.668,9.365,-0.001,0.950,-0.002,0.001,-0.312,-0.470,-0.384,43.004,-0.411,40.283,40.596,37.632,0.569,-0.664,0.007,0.060,-0.016,-1.315,-0.000,-0.005,22.116,0.002,16.536,20.719,14.127
4.674,9.358,-0.000,0.948,-0.002,0.001,-0.319,-0.470,-0.384,43.225,-0.411,40.449,40.803,37.773,0.559,-0.674,0.006,0.078,-0.022,-1.332,0.000,-0.003,22.106,0.002,16.575,20.734,14.093
4.680,9.352,-0.000,0.946,-0.001,0.000,-0.325,-0.470,-0.384,43.446,-0.411,40.615,41.011,37.914,0.550,-0.683,0.004,0.084,-0.028,-1.343,0.000,-0.001,22.084,0.001,16.615,20.751,14.087
4.685,9.345,-0.000,0.944,-0.001,0.000,-0.331,-0.470,-0.384,43.667,-0.411,40.781,41.218,38.055,0.544,-0.691,0.004,0.051,-0.054,-1.333,0.000,-0.001,22.038,0.001,16.609,20.776,14.173
4.690,9.338,-0.000,0.941,-0.001,-0.000,-0.338,-0.470,-0.384,43.887,-0.411,40.947,41.426,38.197,0.533,-0.700,-0.001,0.062,-0.030,-1.347,0.000,0.002,22.012,0.001,16.647,20.789,14.166
4.696,9.331,-0.000,0.939,-0.001,-0.000,-0.344,-0.470,-0.384,44.107,-0.411,41.114,41.634,38.339,0.526,-0.707,-0.003,0.038,-0.030,-1.334,0.001,0.003,21.967,0.000,16.647,20.802,14.253
4.701,9.324,-0.000,0.937,-0.001,-0.001,-0.350,-0.470,-0.384,44.326,-0.411,41.280,41.842,38.482,0.520,-0.713,-0.003,0.005,-0.034,-1.308,0.001,0.007,21.900,-0.000,16.622,20.804,14.386
4.706,9.316,-0.000,0.934,-0.001,-0.001,-0.356,-0.470,-0.384,44.545,-0.411,41.446,42.050,38.626,0.514,-0.718,-0.005,0.009,-0.011,-1.288,0.001,0.010,21.821,-0.000,16.619,20.786,14.488
4.711,9.309,-0.001,0.932,-0.000,-0.001,-0.362,-0.470,-0.384,44.763,-0.411,41.613,42.258,38.772,0.507,-0.722,-0.007,0.036,0.022,-1.266,0.002,0.012,21.736,-0.000,16.640,20.743,14.578
4.716,9.302,-0.001,0.930,-0.000,-0.001,-0.368,-0.470,-0.384,44.980,-0.411,41.779,42.465,38.918,0.501,-0.726,-0.007,0.068,0.044,-1.240,0.002,0.013,21.681,0.000,16.660,20.677,14.681
4.721,9.295,-0.001,0.928,0.000,-0.001,-0.374,-0.470,-0.384,45.196,-0.411,41.946,42.671,39.065,0.497,-0.729,-0.004,0.094,0.040,-1.206,0.002,0.011,21.654,0.001,16.669,20.593,14.819
4.726,9.287,-0.001,0.925,0.001,-0.001,-0.379,-0.470,-0.384,45.413,-0.411,42.113,42.877,39.214,0.494,-0.733,0.002,0.107,0.018,-1.168,0.001,0.008,21.643,0.002,16.679,20.495,14.981
4.731,9.280,-0.001,0.923,0.001,-0.001,-0.385,-0.470,-0.384,45.629,-0.411,42.279,43.081,39.365,0.490,-0.737,0.006,0.095,0.004,-1.142,0.001,0.003,21.631,0.002,16.696,20.396,15.115
4.736,9.273,-0.001,0.921,0.002,-0.001,-0.390,-0.470,-0.384,45.845,-0.411,42.446,43.285,39.517,0.484,-0.741,0.007,0.068,-0.002,-1.126,-0.000,-0.001,21.615,0.002,16.710,20.308,15.216
4.741,9.265,-0.000,0.919,0.002,-0.001,-0.395,-0.470,-0.384,46.061,-0.411,42.614,43.487,39.669,0.479,-0.745,0.003,0.004,0.022,-1.107,-0.001,-0.004,21.602,-0.000,16.710,20.217,15.307
4.746,9.258,-0.000,0.917,0.002,-0.001,-0.400,-0.470,-0.384,46.277,-0.411,42.781,43.689,39.823,0.473,-0.750,0.000,-0.048,0.031,-1.097,-0.002,-0.005,21.591,-0.001,16.707,20.161,15.372
4.750,9.250,-0.000,0.914,0.002,-0.001,-0.405,-0.470,-0.384,46.493,-0.411,42.948,43.891,39.976,0.466,-0.756,0.000,-0.072,0.016,-1.096,-0.001,-0.004,21.584,-0.001,16.705,20.147,15.407
4.755,9.243,-0.000,0.912,0.001,-0.000,-0.410,-0.470,-0.384,46.709,-0.411,43.115,44.092,40.131,0.457,-0.764,0.005,-0.046,-0.037,-1.106,-0.000,-0.004,21.600,0.002,16.698,20.173,15.406
4.759,9.235,-0.000,0.910,0.001,-0.001,-0.415,-0.470,-0.384,46.925,-0.411,43.282,44.294,40.285,0.448,-0.769,0.005,-0.049,-0.060,-1.106,-0.000,-0.004,21.615,0.001,16.671,20.200,15.412
4.764,9.227,-0.000,0.907,0.001,-0.001,-0.420,-0.470,-0.384,47.141,-0.411,43.448,44.496,40.439,0.442,-0.774,-0.002,-0.104,-0.035,-1.097,-0.001,-0.003,21.608,-0.001,16.631,20.227,15.438
4.768,9.219,-0.000,0.905,0.000,-0.001,-0.425,-0.470,-0.384,47.357,-0.411,43.614,44.699,40.593,0.431,-0.780,-0.002,-0.090,-0.059,-1.107,-0.000,-0.002,21.607,0.001,16.596,20.302,15.427
4.772,9.212,-0.000,0.903,-0.000,-0.001,-0.430,-0.470,-0.384,47.574,-0.411,43.780,44.902,40.747,0.421,-0.786,-0.003,-0.074,-0.072,-1.112,0.000,-0.002,21.608,0.000,16.554,20.381,15.409
4.777,9.204,-0.000,0.900,-0.001,-0.001,-0.435,-0.470,-0.384,47.790,-0.411,43.945,45.106,40.901,0.411,-0.790,-0.004,-0.067,-0.067,-1.116,-0.000,-0.002,21.596,-0.000,16.508,20.458,15.390
4.781,9.196,-0.001,0.898,-0.001,-0.001,-0.440,-0.470,-0.384,48.005,-0.411,44.110,45.311,41.055,0.401,-0.794,-0.006,-0.062,-0.050,-1.118,-0.001,-0.002,21.568,-0.002,16.465,20.534,15.369
4.785,9.188,-0.001,0.895,-0.002,-0.001,-0.445,-0.470,-0.384,48.221,-0.411,44.275,45.517,41.209,0.391,-0.798,-0.008,-0.052,-0.029,-1.122,-0.001,-0.003,21.528,-0.003,16.430,20.604,15.347
4.788,9.180,-0.001,0.893,-0.002,-0.001,-0.450,-0.470,-0.384,48.436,-0.411,44.439,45.723,41.362,0.381,-0.802,-0.007,-0.029,-0.015,-1.126,-0.002,-0.004,21.505,-0.005,16.403,20.660,15.316
4.792,9.172,-0.001,0.890,-0.002,-0.001,-0.455,-0.470,-0.384,48.651,-0.411,44.603,45.930,41.515,0.369,-0.805,-0.004,0.003,-0.015,-1.139,-0.003,-0.007,21.508,-0.006,16.391,20.705,15.259
4.796,9.164,-0.001,0.888,-0.002,-0.001,-0.460,-0.470,-0.384,48.866,-0.411,44.767,46.137,41.667,0.356,-0.809,0.001,0.033,-0.021,-1.156,-0.003,-0.009,21.522,-0.007,16.392,20.738,15.184
4.799,9.156,-0.001,0.885,-0.002,-0.002,-0.465,-0.470,-0.384,49.081,-0.411,44.931,46.345,41.819,0.343,-0.813,0.005,0.052,-0.026,-1.174,-0.003,-0.011,21.528,-0.008,16.385,20.759,15.114
4.803,9.148,-0.001,0.882,-0.002,-0.002,-0.471,-0.470,-0.384,49.297,-0.411,45.094,46.553,41.970,0.330,-0.818,0.007,0.056,-0.026,-1.194,-0.003,-0.010,21.532,-0.007,16.360,20.775,15.046
4.806,9.139,-0.001,0.879,-0.001,-0.002,-0.476,-0.470,-0.385,49.512,-0.411,45.258,46.760,42.120,0.317,-0.822,0.008,0.050,-0.017,-1.217,-0.001,-0.007,21.540,-0.004,16.336,20.785,14.963
4.809,9.131,-0.000,0.876,-0.001,-0.002,-0.481,-0.470,-0.385,49.728,-0.411,45.421,46.968,42.269,0.303,-0.827,0.007,0.035,-0.003,-1.241,-0.000,-0.004,21.550,-0.002,16.319,20.792,14.875
4.812,9.123,-0.000,0.873,-0.001,-0.002,-0.487,-0.470,-0.385,49.943,-0.411,45.584,47.176,42.417,0.290,-0.831,0.006,0.012,0.010,-1.259,0.001,0.000,21.557,-0.000,16.306,20.796,14.799
4.815,9.114,-0.000,0.870,-0.001,-0.002,-0.492,-0.470,-0.385,50.159,-0.411,45.747,47.384,42.564,0.273,-0.835,0.000,0.018,0.054,-1.300,0.003,0.005,21.610,0.005,16.332,20.795,14.629
4.817,9.106,-0.000,0.867,-0.001,-0.002,-0.498,-0.470,-0.385,50.375,-0.411,45.911,47.592,42.710,0.258,-0.838,-0.005,0.018,0.089,-1.326,0.004,0.008,21.668,0.006,16.368,20.793,14.491
4.820,9.098,-0.000,0.864,-0.000,-0.001,-0.504,-0.470,-0.384,50.592,-0.411,46.075,47.800,42.855,0.249,-0.842,-0.004,-0.024,0.085,-1.316,0.003,0.010,21.684,0.004,16.398,20.780,14.484
4.822,9.089,-0.000,0.860,-0.000,-0.001,-0.509,-0.470,-0.384,50.809,-0.411,46.239,48.008,43.000,0.242,-0.845,-0.002,-0.068,0.075,-1.296,0.003,0.013,21.689,0.003,16.426,20.756,14.511
4.825,9.081,-0.000,0.857,-0.001,-0.001,-0.515,-0.470,-0.384,51.026,-0.411,46.403,48.215,43.145,0.233,-0.847,-0.002,-0.084,0.080,-1.281,0.003,0.015,21.702,0.003,16.456,20.722,14.513
4.827,9.072,-0.000,0.854,-0.001,0.000,-0.520,-0.470,-0.384,51.243,-0.411,46.568,48.422,43.290,0.224,-0.849,-0.001,-0.077,0.091,-1.267,0.003,0.015,21.724,0.004,16.477,20.678,14.500
4.829,9.064,-0.000,0.851,-0.001,0.001,-0.526,-0.470,-0.384,51.460,-0.411,46.733,48.629,43.435,0.215,-0.851,-0.001,-0.056,0.102,-1.253,0.002,0.014,21.757,0.003,16.486,20.625,14.485
4.831,9.055,-0.001,0.847,-0.001,0.001,-0.531,-0.470,-0.384,51.678,-0.411,46.898,48.835,43.580,0.207,-0.853,-0.000,-0.025,0.108,-1.240,0.001,0.010,21.795,0.003,16.494,20.560,14.474
4.833,9.047,-0.000,0.844,-0.000,0.002,-0.536,-0.469,-0.384,51.896,-0.411,47.063,49.040,43.724,0.198,-0.855,0.001,0.007,0.104,-1.226,0.001,0.007,21.831,0.002,16.509,20.486,14.475
4.835,9.038,-0.000,0.841,-0.000,0.002,-0.541,-0.469,-0.384,52.115,-0.411,47.228,49.244,43.869,0.191,-0.858,0.003,0.037,0.089,-1.211,-0.000,0.002,21.856,0.002,16.536,20.403,14.496
4.837,9.030,-0.000,0.837,0.000,0.002,-0.547,-0.469,-0.384,52.333,-0.411,47.393,49.448,44.014,0.183,-0.861,0.005,0.060,0.065,-1.195,-0.001,-0.002,21.869,0.001,16.575,20.318,14.534
4.839,9.021,-0.000,0.834,0.001,0.002,-0.551,-0.470,-0.384,52.552,-0.411,47.559,49.651,44.160,0.175,-0.864,0.006,0.076,0.038,-1.182,-0.001,-0.005,21.871,0.001,16.619,20.237,14.579
4.841,9.012,-0.000,0.831,0.001,0.002,-0.556,-0.470,-0.384,52.771,-0.411,47.726,49.853,44.306,0.166,-0.867,0.006,0.083,0.011,-1.173,-0.001,-0.008,21.866,0.001,16.663,20.166,14.628
4.842,9.004,-0.000,0.828,0.001,0.002,-0.561,-0.470,-0.384,52.989,-0.411,47.892,50.054,44.453,0.157,-0.870,0.004,0.080,-0.014,-1.165,-0.001,-0.009,21.850,0.001,16.703,20.111,14.683
4.844,8.995,-0.000,0.824,0.002,0.002,-0.566,-0.470,-0.384,53.208,-0.411,48.060,50.255,44.600,0.149,-0.872,0.001,0.067,-0.033,-1.156,-0.001,-0.008,21.822,0.001,16.738,20.072,14.752
4.845,8.986,-0.000,0.821,0.002,0.001,-0.571,-0.470,-0.384,53.426,-0.411,48.227,50.455,44.748,0.141,-0.875,-0.002,0.046,-0.048,-1.145,-0.000,-0.007,21.785,0.002,16.767,20.051,14.832
4.847,8.977,-0.000,0.818,0.002,0.001,-0.575,-0.470,-0.384,53.643,-0.411,48.395,50.656,44.896,0.132,-0.877,-0.005,0.019,-0.061,-1.135,0.000,-0.006,21.749,0.002,16.786,20.054,14.913
4.848,8.969,-0.000,0.815,0.002,0.001,-0.580,-0.470,-0.384,53.861,-0.411,48.563,50.857,45.046,0.123,-0.879,-0.008,-0.010,-0.075,-1.129,0.000,-0.004,21.725,0.003,16.788,20.082,14.984
4.849,8.960,-0.000,0.811,0.001,0.000,-0.585,-0.470,-0.384,54.078,-0.411,48.731,51.058,45.196,0.113,-0.880,-0.008,-0.035,-0.089,-1.125,0.001,-0.004,21.708,0.003,16.773,20.132,15.045
