291,-7.5000,5.0000,0.0005,0.7071,0.0000,0.0000,0.7071,-0.0000,-0.0000,0.0001,-0.0000,0.0001,0.0001,0.0001,-0.0000,-0.0000,0.0000,-0.0000,-0.0000,-0.0000,0.0000,0.0000,-0.0000,0.0000,-0.0000,-0.0000,-0.0000
289,-4.5000,-2.0000,0.0005,1.0000,0.0000,0.0000,0.0000,-0.0000,-0.0000,0.0001,-0.0000,0.0001,0.0001,0.0001,-0.0000,-0.0000,0.0000,-0.0000,-0.0000,-0.0000,0.0000,0.0000,-0.0000,0.0000,-0.0000,-0.0000,-0.0000
288,-4.5000,0.0000,0.0005,1.0000,0.0000,0.0000,0.0000,-0.0000,-0.0000,0.0001,-0.0000,0.0001,0.0001,0.0001,-0.0000,-0.0000,0.0000,-0.0000,-0.0000,-0.0000,0.0000,0.0000,-0.0000,0.0000,-0.0000,-0.0000,-0.0000
286,-7.5000,2.0000,0.0005,1.0000,0.0000,0.0000,0.0000,-0.0000,-0.0000,0.0001,-0.0000,0.0001,0.0001,0.0001,-0.0000,-0.0000,0.0000,-0.0000,-0.0000,-0.0000,0.0000,0.0000,-0.0000,0.0000,-0.0000,-0.0000,-0.0000
283,-4.5000,2.0000,0.0005,0.7071,0.0000,0.0000,0.7071,-0.0000,-0.0000,0.0001,-0.0000,0.0001,0.0001,0.0001,-0.0000,-0.0000,0.0000,-0.0000,-0.0000,-0.0000,0.0000,0.0000,-0.0000,0.0000,-0.0000,-0.0000,-0.0000
281,-1.5000,0.0000,0.0005,1.0000,0.0000,0.0000,0.0000,-0.0000,-0.0000,0.0001,-0.0000,0.0001,0.0001,0.0001,-0.0000,-0.0000,0.0000,-0.0000,-0.0000,-0.0000,0.0000,0.0000,-0.0000,0.0000,-0.0000,-0.0000,-0.0000
280,-9.0000,0.0000,0.0005,0.7071,0.0000,0.0000,0.7071,-0.0000,-0.0000,0.0001,-0.0000,0.0001,0.0001,0.0001,-0.0000,-0.0000,0.0000,-0.0000,-0.0000,-0.0000,0.0000,0.0000,-0.0000,0.0000,-0.0000,-0.0000,-0.0000
279,-7.5000,-3.0000,0.0005,1.0000,0.0000,0.0000,0.0000,-0.0000,-0.0000,0.0001,-0.0000,0.0001,0.0001,0.0001,-0.0000,-0.0000,0.0000,-0.0000,-0.0000,-0.0000,0.0000,0.0000,-0.0000,0.0000,-0.0000,-0.0000,-0.0000
278,3.0000,5.0000,0.0005,1.0000,0.0000,0.0000,0.0000,-0.0000,-0.0000,0.0001,-0.0000,0.0001,0.0001,0.0001,-0.0000,-0.0000,0.0000,-0.0000,-0.0000,-0.0000,0.0000,0.0000,-0.0000,0.0000,-0.0000,-0.0000,-0.0000
276,3.0000,1.0000,0.0005,-0.7071,0.0000,0.0000,0.7071,-0.0000,-0.0000,0.0001,-0.0000,0.0001,0.0001,0.0001,-0.0000,-0.0000,0.0000,-0.0000,-0.0000,-0.0000,0.0000,0.0000,-0.0000,0.0000,-0.0000,-0.0000,-0.0000
275,4.5000,3.0000,0.0005,0.7071,0.0000,0.0000,0.7071,-0.0000,-0.0000,0.0001,-0.0000,0.0001,0.0001,0.0001,-0.0000,-0.0000,0.0000,-0.0000,-0.0000,-0.0000,0.0000,0.0000,-0.0000,0.0000,-0.0000,-0.0000,-0.0000
274,4.5000,3.0000,0.0005,-0.7071,0.0000,0.0000,0.7071,-0.0000,-0.0000,0.0001,-0.0000,0.0001,0.0001,0.0001,-0.0000,-0.0000,0.0000,-0.0000,-0.0000,-0.0000,0.0000,0.0000,-0.0000,0.0000,-0.0000,-0.0000,-0.0000
272,4.5000,2.0000,0.0005,1.0000,0.0000,0.0000,0.0000,-0.0000,-0.0000,0.0001,-0.0000,0.0001,0.0001,0.0001,-0.0000,-0.0000,0.0000,-0.0000,-0.0000,-0.0000,0.0000,0.0000,-0.0000,0.0000,-0.0000,-0.0000,-0.0000
271,9.0000,2.0000,0.0005,1.0000,0.0000,0.0000,0.0000,-0.0000,-0.0000,0.0001,-0.0000,0.0001,0.0001,0.0001,-0.0000,-0.0000,0.0000,-0.0000,-0.0000,-0.0000,0.0000,0.0000,-0.0000,0.0000,-0.0000,-0.0000,-0.0000
269,-4.5000,3.0000,0.0005,1.0000,0.0000,0.0000,0.0000,-0.0000,-0.0000,0.0001,-0.0000,0.0001,0.0001,0.0001,-0.0000,-0.0000,0.0000,-0.0000,-0.0000,-0.0000,0.0000,0.0000,-0.0000,0.0000,-0.0000,-0.0000,-0.0000
268,-4.5000,5.0000,0.0005,1.0000,0.0000,0.0000,0.0000,-0.0000,-0.0000,0.0001,-0.0000,0.0001,0.0001,0.0001,-0.0000,-0.0000,0.0000,-0.0000,-0.0000,-0.0000,0.0000,0.0000,-0.0000,0.0000,-0.0000,-0.0000,-0.0000
265,-9.0000,2.0000,0.0005,1.0000,0.0000,0.0000,0.0000,-0.0000,-0.0000,0.0001,-0.0000,0.0001,0.0001,0.0001,-0.0000,-0.0000,0.0000,-0.0000,-0.0000,-0.0000,0.0000,0.0000,-0.0000,0.0000,-0.0000,-0.0000,-0.0000
264,3.0000,-1.0000,0.0005,1.0000,0.0000,0.0000,0.0000,-0.0000,-0.0000,0.0001,-0.0000,0.0001,0.0001,0.0001,-0.0000,-0.0000,0.0000,-0.0000,-0.0000,-0.0000,0.0000,0.0000,-0.0000,0.0000,-0.0000,-0.0000,-0.0000
263,-4.5000,4.0000,0.0005,1.0000,0.0000,0.0000,0.0000,-0.0000,-0.0000,0.0001,-0.0000,0.0001,0.0001,0.0001,-0.0000,-0.0000,0.0000,-0.0000,-0.0000,-0.0000,0.0000,0.0000,-0.0000,0.0000,-0.0000,-0.0000,-0.0000
262,3.0000,2.0000,0.0005,1.0000,0.0000,0.0000,0.0000,-0.0000,-0.0000,0.0001,-0.0000,0.0001,0.0001,0.0001,-0.0000,-0.0000,0.0000,-0.0000,-0.0000,-0.0000,0.0000,0.0000,-0.0000,0.0000,-0.0000,-0.0000,-0.0000
261,-1.5000,-4.0000,0.0005,1.0000,0.0000,0.0000,0.0000,-0.0000,-0.0000,0.0001,-0.0000,0.0001,0.0001,0.0001,-0.0000,-0.0000,0.0000,-0.0000,-0.0000,-0.0000,0.0000,0.0000,-0.0000,0.0000,-0.0000,-0.0000,-0.0000
260,6.0000,2.0000,0.0005,0.7071,0.0000,0.0000,0.7071,-0.0000,-0.0000,0.0001,-0.0000,0.0001,0.0001,0.0001,-0.0000,-0.0000,0.0000,-0.0000,-0.0000,-0.0000,0.0000,0.0000,-0.0000,0.0000,-0.0000,-0.0000,-0.0000
259,-9.0000,4.0000,0.0005,1.0000,0.0000,0.0000,0.0000,-0.0000,-0.0000,0.0001,-0.0000,0.0001,0.0001,0.0001,-0.0000,-0.0000,0.0000,-0.0000,-0.0000,-0.0000,0.0000,0.0000,-0.0000,0.0000,-0.0000,-0.0000,-0.0000
258,3.0000,-4.0000,0.0005,1.0000,0.0000,0.0000,0.0000,-0.0000,-0.0000,0.0001,-0.0000,0.0001,0.0001,0.0001,-0.0000,-0.0000,0.0000,-0.0000,-0.0000,-0.0000,0.0000,0.0000,-0.0000,0.0000,-0.0000,-0.0000,-0.0000
257,6.0000,-1.0000,0.0005,1.0000,0.0000,0.0000,0.0000,-0.0000,-0.0000,0.0001,-0.0000,0.0001,0.0001,0.0001,-0.0000,-0.0000,0.0000,-0.0000,-0.0000,-0.0000,0.0000,0.0000,-0.0000,0.0000,-0.0000,-0.0000,-0.0000
256,7.5000,-2.0000,0.0005,1.0000,0.0000,0.0000,0.0000,-0.0000,-0.0000,0.0001,-0.0000,0.0001,0.0001,0.0001,-0.0000,-0.0000,0.0000,-0.0000,-0.0000,-0.0000,0.0000,0.0000,-0.0000,0.0000,-0.0000,-0.0000,-0.0000
255,-7.5000,-5.0000,0.0005,1.0000,0.0000,0.0000,0.0000,-0.0000,-0.0000,0.0001,-0.0000,0.0001,0.0001,0.0001,-0.0000,-0.0000,0.0000,-0.0000,-0.0000,-0.0000,0.0000,0.0000,-0.0000,0.0000,-0.0000,-0.0000,-0.0000
252,6.0000,4.0000,0.0005,1.0000,0.0000,0.0000,0.0000,-0.0000,-0.0000,0.0001,-0.0000,0.0001,0.0001,0.0001,-0.0000,-0.0000,0.0000,-0.0000,-0.0000,-0.0000,0.0000,0.0000,-0.0000,0.0000,-0.0000,-0.0000,-0.0000
249,-1.5000,-3.0000,0.0005,-0.7071,0.0000,0.0000,0.7071,-0.0000,-0.0000,0.0001,-0.0000,0.0001,0.0001,0.0001,-0.0000,-0.0000,0.0000,-0.0000,-0.0000,-0.0000,0.0000,0.0000,-0.0000,0.0000,-0.0000,-0.0000,-0.0000
248,9.0000,1.0000,0.0005,0.0000,0.0000,0.0000,1.0000,-0.0000,-0.0000,0.0001,-0.0000,0.0001,0.0001,0.0001,-0.0000,-0.0000,0.0000,-0.0000,-0.0000,-0.0000,0.0000,0.0000,-0.0000,0.0000,-0.0000,-0.0000,-0.0000
246,4.5000,-2.0000,0.0005,1.0000,0.0000,0.0000,0.0000,-0.0000,-0.0000,0.0001,-0.0000,0.0001,0.0001,0.0001,-0.0000,-0.0000,0.0000,-0.0000,-0.0000,-0.0000,0.0000,0.0000,-0.0000,0.0000,-0.0000,-0.0000,-0.0000
245,9.0000,5.0000,0.0005,1.0000,0.0000,0.0000,0.0000,-0.0000,-0.0000,0.0001,-0.0000,0.0001,0.0001,0.0001,-0.0000,-0.0000,0.0000,-0.0000,-0.0000,-0.0000,0.0000,0.0000,-0.0000,0.0000,-0.0000,-0.0000,-0.0000
244,1.5000,3.0000,0.0005,0.7071,0.0000,0.0000,0.7071,-0.0000,-0.0000,0.0001,-0.0000,0.0001,0.0001,0.0001,-0.0000,-0.0000,0.0000,-0.0000,-0.0000,-0.0000,0.0000,0.0000,-0.0000,0.0000,-0.0000,-0.0000,-0.0000
243,6.0000,3.0000,0.0005,0.7071,0.0000,0.0000,0.7071,-0.0000,-0.0000,0.0001,-0.0000,0.0001,0.0001,0.0001,-0.0000,-0.0000,0.0000,-0.0000,-0.0000,-0.0000,0.0000,0.0000,-0.0000,0.0000,-0.0000,-0.0000,-0.0000
241,-1.5000,0.0000,0.0005,0.7071,0.0000,0.0000,0.7071,-0.0000,-0.0000,0.0001,-0.0000,0.0001,0.0001,0.0001,-0.0000,-0.0000,0.0000,-0.0000,-0.0000,-0.0000,0.0000,0.0000,-0.0000,0.0000,-0.0000,-0.0000,-0.0000
239,-1.5000,-2.0000,0.0005,1.0000,0.0000,0.0000,0.0000,-0.0000,-0.0000,0.0001,-0.0000,0.0001,0.0001,0.0001,-0.0000,-0.0000,0.0000,-0.0000,-0.0000,-0.0000,0.0000,0.0000,-0.0000,0.0000,-0.0000,-0.0000,-0.0000
237,-7.5000,-1.0000,0.0005,1.0000,0.0000,0.0000,0.0000,-0.0000,-0.0000,0.0001,-0.0000,0.0001,0.0001,0.0001,-0.0000,-0.0000,0.0000,-0.0000,-0.0000,-0.0000,0.0000,0.0000,-0.0000,0.0000,-0.0000,-0.0000,-0.0000
236,7.5000,3.0000,0.0005,-0.7071,0.0000,0.0000,0.7071,-0.0000,-0.0000,0.0001,-0.0000,0.0001,0.0001,0.0001,-0.0000,-0.0000,0.0000,-0.0000,-0.0000,-0.0000,0.0000,0.0000,-0.0000,0.0000,-0.0000,-0.0000,-0.0000
235,-7.5000,2.0000,0.0005,0.0000,0.0000,0.0000,1.0000,-0.0000,-0.0000,0.0001,-0.0000,0.0001,0.0001,0.0001,-0.0000,-0.0000,0.0000,-0.0000,-0.0000,-0.0000,0.0000,0.0000,-0.0000,0.0000,-0.0000,-0.0000,-0.0000
233,-1.5000,-3.0000,0.0005,1.0000,0.0000,0.0000,0.0000,-0.0000,-0.0000,0.0001,-0.0000,0.0001,0.0001,0.0001,-0.0000,-0.0000,0.0000,-0.0000,-0.0000,-0.0000,0.0000,0.0000,-0.0000,0.0000,-0.0000,-0.0000,-0.0000
232,-7.5000,2.0000,0.0005,-0.7071,0.0000,0.0000,0.7071,-0.0000,-0.0000,0.0001,-0.0000,0.0001,0.0001,0.0001,-0.0000,-0.0000,0.0000,-0.0000,-0.0000,-0.0000,0.0000,0.0000,-0.0000,0.0000,-0.0000,-0.0000,-0.0000
231,4.5000,1.0000,0.0005,0.7071,0.0000,0.0000,0.7071,-0.0000,-0.0000,0.0001,-0.0000,0.0001,0.0001,0.0001,-0.0000,-0.0000,0.0000,-0.0000,-0.0000,-0.0000,0.0000,0.0000,-0.0000,0.0000,-0.0000,-0.0000,-0.0000
230,7.5000,5.0000,0.0005,0.7071,0.0000,0.0000,0.7071,-0.0000,-0.0000,0.0001,-0.0000,0.0001,0.0001,0.0001,-0.0000,-0.0000,0.0000,-0.0000,-0.0000,-0.0000,0.0000,0.0000,-0.0000,0.0000,-0.0000,-0.0000,-0.0000
229,4.5000,-2.0000,0.0005,0.7071,0.0000,0.0000,0.7071,-0.0000,-0.0000,0.0001,-0.0000,0.0001,0.0001,0.0001,-0.0000,-0.0000,0.0000,-0.0000,-0.0000,-0.0000,0.0000,0.0000,-0.0000,0.0000,-0.0000,-0.0000,-0.0000
228,3.0000,3.0000,0.0005,0.7071,0.0000,0.0000,0.7071,-0.0000,-0.0000,0.0001,-0.0000,0.0001,0.0001,0.0001,-0.0000,-0.0000,0.0000,-0.0000,-0.0000,-0.0000,0.0000,0.0000,-0.0000,0.0000,-0.0000,-0.0000,-0.0000
227,4.5000,0.0000,0.0005,0.7071,0.0000,0.0000,0.7071,-0.0000,-0.0000,0.0001,-0.0000,0.0001,0.0001,0.0001,-0.0000,-0.0000,0.0000,-0.0000,-0.0000,-0.0000,0.0000,0.0000,-0.0000,0.0000,-0.0000,-0.0000,-0.0000
226,-9.0000,4.0000,0.0005,0.7071,0.0000,0.0000,0.7071,-0.0000,-0.0000,0.0001,-0.0000,0.0001,0.0001,0.0001,-0.0000,-0.0000,0.0000,-0.0000,-0.0000,-0.0000,0.0000,0.0000,-0.0000,0.0000,-0.0000,-0.0000,-0.0000
224,-4.5000,2.0000,0.0005,-0.7071,0.0000,0.0000,0.7071,-0.0000,-0.0000,0.0001,-0.0000,0.0001,0.0001,0.0001,-0.0000,-0.0000,0.0000,-0.0000,-0.0000,-0.0000,0.0000,0.0000,-0.0000,0.0000,-0.0000,-0.0000,-0.0000
221,6.0000,3.0000,0.0005,-0.7071,0.0000,0.0000,0.7071,-0.0000,-0.0000,0.0001,-0.0000,0.0001,0.0001,0.0001,-0.0000,-0.0000,0.0000,-0.0000,-0.0000,-0.0000,0.0000,0.0000,-0.0000,0.0000,-0.0000,-0.0000,-0.0000
220,1.5000,-3.0000,0.0005,1.0000,0.0000,0.0000,0.0000,-0.0000,-0.0000,0.0001,-0.0000,0.0001,0.0001,0.0001,-0.0000,-0.0000,0.0000,-0.0000,-0.0000,-0.0000,0.0000,0.0000,-0.0000,0.0000,-0.0000,-0.0000,-0.0000
219,4.5000,5.0000,0.0005,0.7071,0.0000,0.0000,0.7071,-0.0000,-0.0000,0.0001,-0.0000,0.0001,0.0001,0.0001,-0.0000,-0.0000,0.0000,-0.0000,-0.0000,-0.0000,0.0000,0.0000,-0.0000,0.0000,-0.0000,-0.0000,-0.0000
218,6.0000,-3.0000,0.0005,1.0000,0.0000,0.0000,0.0000,-0.0000,-0.0000,0.0001,-0.0000,0.0001,0.0001,0.0001,-0.0000,-0.0000,0.0000,-0.0000,-0.0000,-0.0000,0.0000,0.0000,-0.0000,0.0000,-0.0000,-0.0000,-0.0000
216,9.0000,-1.0000,0.0005,0.7071,0.0000,0.0000,0.7071,-0.0000,-0.0000,0.0001,-0.0000,0.0001,0.0001,0.0001,-0.0000,-0.0000,0.0000,-0.0000,-0.0000,-0.0000,0.0000,0.0000,-0.0000,0.0000,-0.0000,-0.0000,-0.0000
214,4.5000,-4.0000,0.0005,1.0000,0.0000,0.0000,0.0000,-0.0000,-0.0000,0.0001,-0.0000,0.0001,0.0001,0.0001,-0.0000,-0.0000,0.0000,-0.0000,-0.0000,-0.0000,0.0000,0.0000,-0.0000,0.0000,-0.0000,-0.0000,-0.0000
213,7.5000,5.0000,0.0005,-0.7071,0.0000,0.0000,0.7071,-0.0000,-0.0000,0.0001,-0.0000,0.0001,0.0001,0.0001,-0.0000,-0.0000,0.0000,-0.0000,-0.0000,-0.0000,0.0000,0.0000,-0.0000,0.0000,-0.0000,-0.0000,-0.0000
212,-4.5000,5.0000,0.0005,0.7071,0.0000,0.0000,0.7071,-0.0000,-0.0000,0.0001,-0.0000,0.0001,0.0001,0.0001,-0.0000,-0.0000,0.0000,-0.0000,-0.0000,-0.0000,0.0000,0.0000,-0.0000,0.0000,-0.0000,-0.0000,-0.0000
211,7.5000,2.0000,0.0005,1.0000,0.0000,0.0000,0.0000,-0.0000,-0.0000,0.0001,-0.0000,0.0001,0.0001,0.0001,-0.0000,-0.0000,0.0000,-0.0000,-0.0000,-0.0000,0.0000,0.0000,-0.0000,0.0000,-0.0000,-0.0000,-0.0000
209,-4.5000,-2.0000,0.0005,-0.7071,0.0000,0.0000,0.7071,-0.0000,-0.0000,0.0001,-0.0000,0.0001,0.0001,0.0001,-0.0000,-0.0000,0.0000,-0.0000,-0.0000,-0.0000,0.0000,0.0000,-0.0000,0.0000,-0.0000,-0.0000,-0.0000
208,-1.5000,1.0000,0.0005,-0.7071,0.0000,0.0000,0.7071,-0.0000,-0.0000,0.0001,-0.0000,0.0001,0.0001,0.0001,-0.0000,-0.0000,0.0000,-0.0000,-0.0000,-0.0000,0.0000,0.0000,-0.0000,0.0000,-0.0000,-0.0000,-0.0000
206,6.0000,4.0000,0.0005,0.7071,0.0000,0.0000,0.7071,-0.0000,-0.0000,0.0001,-0.0000,0.0001,0.0001,0.0001,-0.0000,-0.0000,0.0000,-0.0000,-0.0000,-0.0000,0.0000,0.0000,-0.0000,0.0000,-0.0000,-0.0000,-0.0000
205,9.0000,4.0000,0.0005,0.7071,0.0000,0.0000,0.7071,-0.0000,-0.0000,0.0001,-0.0000,0.0001,0.0001,0.0001,-0.0000,-0.0000,0.0000,-0.0000,-0.0000,-0.0000,0.0000,0.0000,-0.0000,0.0000,-0.0000,-0.0000,-0.0000
204,7.5000,-3.0000,0.0005,1.0000,0.0000,0.0000,0.0000,-0.0000,-0.0000,0.0001,-0.0000,0.0001,0.0001,0.0001,-0.0000,-0.0000,0.0000,-0.0000,-0.0000,-0.0000,0.0000,0.0000,-0.0000,0.0000,-0.0000,-0.0000,-0.0000
201,-1.5000,4.0000,0.0005,0.7071,0.0000,0.0000,0.7071,-0.0000,-0.0000,0.0001,-0.0000,0.0001,0.0001,0.0001,-0.0000,-0.0000,0.0000,-0.0000,-0.0000,-0.0000,0.0000,0.0000,-0.0000,0.0000,-0.0000,-0.0000,-0.0000
199,9.0000,4.0000,0.0005,1.0000,0.0000,0.0000,0.0000,-0.0000,-0.0000,0.0001,-0.0000,0.0001,0.0001,0.0001,-0.0000,-0.0000,0.0000,-0.0000,-0.0000,-0.0000,0.0000,0.0000,-0.0000,0.0000,-0.0000,-0.0000,-0.0000
198,-3.0000,-5.0000,0.0005,1.0000,0.0000,0.0000,0.0000,-0.0000,-0.0000,0.0001,-0.0000,0.0001,0.0001,0.0001,-0.0000,-0.0000,0.0000,-0.0000,-0.0000,-0.0000,0.0000,0.0000,-0.0000,0.0000,-0.0000,-0.0000,-0.0000
196,1.5000,-4.0000,0.0005,0.0000,0.0000,0.0000,1.0000,-0.0000,-0.0000,0.0001,-0.0000,0.0001,0.0001,0.0001,-0.0000,-0.0000,0.0000,-0.0000,-0.0000,-0.0000,0.0000,0.0000,-0.0000,0.0000,-0.0000,-0.0000,-0.0000
195,1.5000,3.0000,0.0005,0.0000,0.0000,0.0000,1.0000,-0.0000,-0.0000,0.0001,-0.0000,0.0001,0.0001,0.0001,-0.0000,-0.0000,0.0000,-0.0000,-0.0000,-0.0000,0.0000,0.0000,-0.0000,0.0000,-0.0000,-0.0000,-0.0000
194,4.5000,-1.0000,0.0005,0.7071,0.0000,0.0000,0.7071,-0.0000,-0.0000,0.0001,-0.0000,0.0001,0.0001,0.0001,-0.0000,-0.0000,0.0000,-0.0000,-0.0000,-0.0000,0.0000,0.0000,-0.0000,0.0000,-0.0000,-0.0000,-0.0000
193,7.5000,5.0000,0.0005,1.0000,0.0000,0.0000,0.0000,-0.0000,-0.0000,0.0001,-0.0000,0.0001,0.0001,0.0001,-0.0000,-0.0000,0.0000,-0.0000,-0.0000,-0.0000,0.0000,0.0000,-0.0000,0.0000,-0.0000,-0.0000,-0.0000
192,-4.5000,-1.0000,0.0005,1.0000,0.0000,0.0000,0.0000,-0.0000,-0.0000,0.0001,-0.0000,0.0001,0.0001,0.0001,-0.0000,-0.0000,0.0000,-0.0000,-0.0000,-0.0000,0.0000,0.0000,-0.0000,0.0000,-0.0000,-0.0000,-0.0000
191,1.5000,-2.0000,0.0005,1.0000,0.0000,0.0000,0.0000,-0.0000,-0.0000,0.0001,-0.0000,0.0001,0.0001,0.0001,-0.0000,-0.0000,0.0000,-0.0000,-0.0000,-0.0000,0.0000,0.0000,-0.0000,0.0000,-0.0000,-0.0000,-0.0000
188,6.0000,-4.0000,0.0005,1.0000,0.0000,0.0000,0.0000,-0.0000,-0.0000,0.0001,-0.0000,0.0001,0.0001,0.0001,-0.0000,-0.0000,0.0000,-0.0000,-0.0000,-0.0000,0.0000,0.0000,-0.0000,0.0000,-0.0000,-0.0000,-0.0000
187,1.5000,-3.0000,0.0005,0.7071,0.0000,0.0000,0.7071,-0.0000,-0.0000,0.0001,-0.0000,0.0001,0.0001,0.0001,-0.0000,-0.0000,0.0000,-0.0000,-0.0000,-0.0000,0.0000,0.0000,-0.0000,0.0000,-0.0000,-0.0000,-0.0000
186,7.5000,-5.0000,0.0005,1.0000,0.0000,0.0000,0.0000,-0.0000,-0.0000,0.0001,-0.0000,0.0001,0.0001,0.0001,-0.0000,-0.0000,0.0000,-0.0000,-0.0000,-0.0000,0.0000,0.0000,-0.0000,0.0000,-0.0000,-0.0000,-0.0000
185,1.5000,-3.0000,0.0005,0.0000,0.0000,0.0000,1.0000,-0.0000,-0.0000,0.0001,-0.0000,0.0001,0.0001,0.0001,-0.0000,-0.0000,0.0000,-0.0000,-0.0000,-0.0000,0.0000,0.0000,-0.0000,0.0000,-0.0000,-0.0000,-0.0000
184,4.5000,1.0000,0.0005,1.0000,0.0000,0.0000,0.0000,-0.0000,-0.0000,0.0001,-0.0000,0.0001,0.0001,0.0001,-0.0000,-0.0000,0.0000,-0.0000,-0.0000,-0.0000,0.0000,0.0000,-0.0000,0.0000,-0.0000,-0.0000,-0.0000
183,-9.0000,5.0000,0.0005,0.0000,0.0000,0.0000,1.0000,-0.0000,-0.0000,0.0001,-0.0000,0.0001,0.0001,0.0001,-0.0000,-0.0000,0.0000,-0.0000,-0.0000,-0.0000,0.0000,0.0000,-0.0000,0.0000,-0.0000,-0.0000,-0.0000
182,3.0000,3.0000,0.0005,1.0000,0.0000,0.0000,0.0000,-0.0000,-0.0000,0.0001,-0.0000,0.0001,0.0001,0.0001,-0.0000,-0.0000,0.0000,-0.0000,-0.0000,-0.0000,0.0000,0.0000,-0.0000,0.0000,-0.0000,-0.0000,-0.0000
180,9.0000,-2.0000,0.0005,1.0000,0.0000,0.0000,0.0000,-0.0000,-0.0000,0.0001,-0.0000,0.0001,0.0001,0.0001,-0.0000,-0.0000,0.0000,-0.0000,-0.0000,-0.0000,0.0000,0.0000,-0.0000,0.0000,-0.0000,-0.0000,-0.0000
179,7.5000,-1.0000,0.0005,1.0000,0.0000,0.0000,0.0000,-0.0000,-0.0000,0.0001,-0.0000,0.0001,0.0001,0.0001,-0.0000,-0.0000,0.0000,-0.0000,-0.0000,-0.0000,0.0000,0.0000,-0.0000,0.0000,-0.0000,-0.0000,-0.0000
177,-7.5000,-2.0000,0.0005,1.0000,0.0000,0.0000,0.0000,-0.0000,-0.0000,0.0001,-0.0000,0.0001,0.0001,0.0001,-0.0000,-0.0000,0.0000,-0.0000,-0.0000,-0.0000,0.0000,0.0000,-0.0000,0.0000,-0.0000,-0.0000,-0.0000
175,-9.0000,1.0000,0.0005,0.0000,0.0000,0.0000,1.0000,-0.0000,-0.0000,0.0001,-0.0000,0.0001,0.0001,0.0001,-0.0000,-0.0000,0.0000,-0.0000,-0.0000,-0.0000,0.0000,0.0000,-0.0000,0.0000,-0.0000,-0.0000,-0.0000
174,-1.5000,-1.0000,0.0005,-0.7071,0.0000,0.0000,0.7071,-0.0000,-0.0000,0.0001,-0.0000,0.0001,0.0001,0.0001,-0.0000,-0.0000,0.0000,-0.0000,-0.0000,-0.0000,0.0000,0.0000,-0.0000,0.0000,-0.0000,-0.0000,-0.0000
171,-9.0000,-4.0000,0.0005,1.0000,0.0000,0.0000,0.0000,-0.0000,-0.0000,0.0001,-0.0000,0.0001,0.0001,0.0001,-0.0000,-0.0000,0.0000,-0.0000,-0.0000,-0.0000,0.0000,0.0000,-0.0000,0.0000,-0.0000,-0.0000,-0.0000
170,-7.5000,5.0000,0.0005,1.0000,0.0000,0.0000,0.0000,-0.0000,-0.0000,0.0001,-0.0000,0.0001,0.0001,0.0001,-0.0000,-0.0000,0.0000,-0.0000,-0.0000,-0.0000,0.0000,0.0000,-0.0000,0.0000,-0.0000,-0.0000,-0.0000
169,-7.5000,-1.0000,0.0005,0.7071,0.0000,0.0000,0.7071,-0.0000,-0.0000,0.0001,-0.0000,0.0001,0.0001,0.0001,-0.0000,-0.0000,0.0000,-0.0000,-0.0000,-0.0000,0.0000,0.0000,-0.0000,0.0000,-0.0000,-0.0000,-0.0000
168,4.5000,0.0000,0.0005,1.0000,0.0000,0.0000,0.0000,-0.0000,-0.0000,0.0001,-0.0000,0.0001,0.0001,0.0001,-0.0000,-0.0000,0.0000,-0.0000,-0.0000,-0.0000,0.0000,0.0000,-0.0000,0.0000,-0.0000,-0.0000,-0.0000
167,3.0000,4.0000,0.0005,1.0000,0.0000,0.0000,0.0000,-0.0000,-0.0000,0.0001,-0.0000,0.0001,0.0001,0.0001,-0.0000,-0.0000,0.0000,-0.0000,-0.0000,-0.0000,0.0000,0.0000,-0.0000,0.0000,-0.0000,-0.0000,-0.0000
166,-4.5000,-1.0000,0.0005,0.7071,0.0000,0.0000,0.7071,-0.0000,-0.0000,0.0001,-0.0000,0.0001,0.0001,0.0001,-0.0000,-0.0000,0.0000,-0.0000,-0.0000,-0.0000,0.0000,0.0000,-0.0000,0.0000,-0.0000,-0.0000,-0.0000
165,3.0000,1.0000,0.0005,0.7071,0.0000,0.0000,0.7071,-0.0000,-0.0000,0.0001,-0.0000,0.0001,0.0001,0.0001,-0.0000,-0.0000,0.0000,-0.0000,-0.0000,-0.0000,0.0000,0.0000,-0.0000,0.0000,-0.0000,-0.0000,-0.0000
163,7.5000,3.0000,0.0005,1.0000,0.0000,0.0000,0.0000,-0.0000,-0.0000,0.0001,-0.0000,0.0001,0.0001,0.0001,-0.0000,-0.0000,0.0000,-0.0000,-0.0000,-0.0000,0.0000,0.0000,-0.0000,0.0000,-0.0000,-0.0000,-0.0000
158,1.5000,-1.0000,0.0005,0.7071,0.0000,0.0000,0.7071,-0.0000,-0.0000,0.0001,-0.0000,0.0001,0.0001,0.0001,-0.0000,-0.0000,0.0000,-0.0000,-0.0000,-0.0000,0.0000,0.0000,-0.0000,0.0000,-0.0000,-0.0000,-0.0000
157,3.0000,2.0000,0.0005,0.7071,0.0000,0.0000,0.7071,-0.0000,-0.0000,0.0001,-0.0000,0.0001,0.0001,0.0001,-0.0000,-0.0000,0.0000,-0.0000,-0.0000,-0.0000,0.0000,0.0000,-0.0000,0.0000,-0.0000,-0.0000,-0.0000
155,-1.5000,-1.0000,0.0005,0.7071,0.0000,0.0000,0.7071,-0.0000,-0.0000,0.0001,-0.0000,0.0001,0.0001,0.0001,-0.0000,-0.0000,0.0000,-0.0000,-0.0000,-0.0000,0.0000,0.0000,-0.0000,0.0000,-0.0000,-0.0000,-0.0000
153,6.0000,-4.0000,0.0005,0.7071,0.0000,0.0000,0.7071,-0.0000,-0.0000,0.0001,-0.0000,0.0001,0.0001,0.0001,-0.0000,-0.0000,0.0000,-0.0000,-0.0000,-0.0000,0.0000,0.0000,-0.0000,0.0000,-0.0000,-0.0000,-0.0000
150,1.5000,-1.0000,0.0005,1.0000,0.0000,0.0000,0.0000,-0.0000,-0.0000,0.0001,-0.0000,0.0001,0.0001,0.0001,-0.0000,-0.0000,0.0000,-0.0000,-0.0000,-0.0000,0.0000,0.0000,-0.0000,0.0000,-0.0000,-0.0000,-0.0000
149,-4.5000,-5.0000,0.0005,1.0000,0.0000,0.0000,0.0000,-0.0000,-0.0000,0.0001,-0.0000,0.0001,0.0001,0.0001,-0.0000,-0.0000,0.0000,-0.0000,-0.0000,-0.0000,0.0000,0.0000,-0.0000,0.0000,-0.0000,-0.0000,-0.0000
148,-7.5000,4.0000,0.0005,1.0000,0.0000,0.0000,0.0000,-0.0000,-0.0000,0.0001,-0.0000,0.0001,0.0001,0.0001,-0.0000,-0.0000,0.0000,-0.0000,-0.0000,-0.0000,0.0000,0.0000,-0.0000,0.0000,-0.0000,-0.0000,-0.0000
147,-7.5000,-2.0000,0.0005,-0.7071,0.0000,0.0000,0.7071,-0.0000,-0.0000,0.0001,-0.0000,0.0001,0.0001,0.0001,-0.0000,-0.0000,0.0000,-0.0000,-0.0000,-0.0000,0.0000,0.0000,-0.0000,0.0000,-0.0000,-0.0000,-0.0000
146,9.0000,3.0000,0.0005,0.7071,0.0000,0.0000,0.7071,-0.0000,-0.0000,0.0001,-0.0000,0.0001,0.0001,0.0001,-0.0000,-0.0000,0.0000,-0.0000,-0.0000,-0.0000,0.0000,0.0000,-0.0000,0.0000,-0.0000,-0.0000,-0.0000
142,1.5000,-4.0000,0.0005,1.0000,0.0000,0.0000,0.0000,-0.0000,-0.0000,0.0001,-0.0000,0.0001,0.0001,0.0001,-0.0000,-0.0000,0.0000,-0.0000,-0.0000,-0.0000,0.0000,0.0000,-0.0000,0.0000,-0.0000,-0.0000,-0.0000
140,6.0000,-1.0000,0.0005,-0.7071,0.0000,0.0000,0.7071,-0.0000,-0.0000,0.0001,-0.0000,0.0001,0.0001,0.0001,-0.0000,-0.0000,0.0000,-0.0000,-0.0000,-0.0000,0.0000,0.0000,-0.0000,0.0000,-0.0000,-0.0000,-0.0000
139,9.0000,-4.0000,0.0005,1.0000,0.0000,0.0000,0.0000,-0.0000,-0.0000,0.0001,-0.0000,0.0001,0.0001,0.0001,-0.0000,-0.0000,0.0000,-0.0000,-0.0000,-0.0000,0.0000,0.0000,-0.0000,0.0000,-0.0000,-0.0000,-0.0000
138,4.5000,5.0000,0.0005,1.0000,0.0000,0.0000,0.0000,-0.0000,-0.0000,0.0001,-0.0000,0.0001,0.0001,0.0001,-0.0000,-0.0000,0.0000,-0.0000,-0.0000,-0.0000,0.0000,0.0000,-0.0000,0.0000,-0.0000,-0.0000,-0.0000
132,-1.5000,-3.0000,0.0005,0.7071,0.0000,0.0000,0.7071,-0.0000,-0.0000,0.0001,-0.0000,0.0001,0.0001,0.0001,-0.0000,-0.0000,0.0000,-0.0000,-0.0000,-0.0000,0.0000,0.0000,-0.0000,0.0000,-0.0000,-0.0000,-0.0000
131,-1.5000,3.0000,0.0005,-0.7071,0.0000,0.0000,0.7071,-0.0000,-0.0000,0.0001,-0.0000,0.0001,0.0001,0.0001,-0.0000,-0.0000,0.0000,-0.0000,-0.0000,-0.0000,0.0000,0.0000,-0.0000,0.0000,-0.0000,-0.0000,-0.0000
128,7.5000,-4.0000,0.0005,1.0000,0.0000,0.0000,0.0000,-0.0000,-0.0000,0.0001,-0.0000,0.0001,0.0001,0.0001,-0.0000,-0.0000,0.0000,-0.0000,-0.0000,-0.0000,0.0000,0.0000,-0.0000,0.0000,-0.0000,-0.0000,-0.0000
127,4.5000,2.0000,0.0005,0.0000,0.0000,0.0000,1.0000,-0.0000,-0.0000,0.0001,-0.0000,0.0001,0.0001,0.0001,-0.0000,-0.0000,0.0000,-0.0000,-0.0000,-0.0000,0.0000,0.0000,-0.0000,0.0000,-0.0000,-0.0000,-0.0000
125,-7.5000,-2.0000,0.0005,0.7071,0.0000,0.0000,0.7071,-0.0000,-0.0000,0.0001,-0.0000,0.0001,0.0001,0.0001,-0.0000,-0.0000,0.0000,-0.0000,-0.0000,-0.0000,0.0000,0.0000,-0.0000,0.0000,-0.0000,-0.0000,-0.0000
124,-7.5000,4.0000,0.0005,-0.7071,0.0000,0.0000,0.7071,-0.0000,-0.0000,0.0001,-0.0000,0.0001,0.0001,0.0001,-0.0000,-0.0000,0.0000,-0.0000,-0.0000,-0.0000,0.0000,0.0000,-0.0000,0.0000,-0.0000,-0.0000,-0.0000
123,-1.5000,3.0000,0.0005,0.7071,0.0000,0.0000,0.7071,-0.0000,-0.0000,0.0001,-0.0000,0.0001,0.0001,0.0001,-0.0000,-0.0000,0.0000,-0.0000,-0.0000,-0.0000,0.0000,0.0000,-0.0000,0.0000,-0.0000,-0.0000,-0.0000
122,-4.5000,2.0000,0.0005,1.0000,0.0000,0.0000,0.0000,-0.0000,-0.0000,0.0001,-0.0000,0.0001,0.0001,0.0001,-0.0000,-0.0000,0.0000,-0.0000,-0.0000,-0.0000,0.0000,0.0000,-0.0000,0.0000,-0.0000,-0.0000,-0.0000
121,-4.5000,0.0000,0.0005,0.7071,0.0000,0.0000,0.7071,-0.0000,-0.0000,0.0001,-0.0000,0.0001,0.0001,0.0001,-0.0000,-0.0000,0.0000,-0.0000,-0.0000,-0.0000,0.0000,0.0000,-0.0000,0.0000,-0.0000,-0.0000,-0.0000
120,-4.5000,4.0000,0.0005,-0.7071,0.0000,0.0000,0.7071,-0.0000,-0.0000,0.0001,-0.0000,0.0001,0.0001,0.0001,-0.0000,-0.0000,0.0000,-0.0000,-0.0000,-0.0000,0.0000,0.0000,-0.0000,0.0000,-0.0000,-0.0000,-0.0000
119,-1.5000,-1.0000,0.0005,1.0000,0.0000,0.0000,0.0000,-0.0000,-0.0000,0.0001,-0.0000,0.0001,0.0001,0.0001,-0.0000,-0.0000,0.0000,-0.0000,-0.0000,-0.0000,0.0000,0.0000,-0.0000,0.0000,-0.0000,-0.0000,-0.0000
117,6.0000,-3.0000,0.0005,-0.7071,0.0000,0.0000,0.7071,-0.0000,-0.0000,0.0001,-0.0000,0.0001,0.0001,0.0001,-0.0000,-0.0000,0.0000,-0.0000,-0.0000,-0.0000,0.0000,0.0000,-0.0000,0.0000,-0.0000,-0.0000,-0.0000
116,9.0000,3.0000,0.0005,0.0000,0.0000,0.0000,1.0000,-0.0000,-0.0000,0.0001,-0.0000,0.0001,0.0001,0.0001,-0.0000,-0.0000,0.0000,-0.0000,-0.0000,-0.0000,0.0000,0.0000,-0.0000,0.0000,-0.0000,-0.0000,-0.0000
114,1.5000,3.0000,0.0005,1.0000,0.0000,0.0000,0.0000,-0.0000,-0.0000,0.0001,-0.0000,0.0001,0.0001,0.0001,-0.0000,-0.0000,0.0000,-0.0000,-0.0000,-0.0000,0.0000,0.0000,-0.0000,0.0000,-0.0000,-0.0000,-0.0000
113,4.5000,4.0000,0.0005,1.0000,0.0000,0.0000,0.0000,-0.0000,-0.0000,0.0001,-0.0000,0.0001,0.0001,0.0001,-0.0000,-0.0000,0.0000,-0.0000,-0.0000,-0.0000,0.0000,0.0000,-0.0000,0.0000,-0.0000,-0.0000,-0.0000
111,-7.5000,0.0000,0.0005,0.0000,0.0000,0.0000,1.0000,-0.0000,-0.0000,0.0001,-0.0000,0.0001,0.0001,0.0001,-0.0000,-0.0000,0.0000,-0.0000,-0.0000,-0.0000,0.0000,0.0000,-0.0000,0.0000,-0.0000,-0.0000,-0.0000
110,6.0000,-2.0000,0.0005,1.0000,0.0000,0.0000,0.0000,-0.0000,-0.0000,0.0001,-0.0000,0.0001,0.0001,0.0001,-0.0000,-0.0000,0.0000,-0.0000,-0.0000,-0.0000,0.0000,0.0000,-0.0000,0.0000,-0.0000,-0.0000,-0.0000
109,6.0000,5.0000,0.0005,-0.7071,0.0000,0.0000,0.7071,-0.0000,-0.0000,0.0001,-0.0000,0.0001,0.0001,0.0001,-0.0000,-0.0000,0.0000,-0.0000,-0.0000,-0.0000,0.0000,0.0000,-0.0000,0.0000,-0.0000,-0.0000,-0.0000
106,-7.5000,0.0000,0.0005,-0.7071,0.0000,0.0000,0.7071,-0.0000,-0.0000,0.0001,-0.0000,0.0001,0.0001,0.0001,-0.0000,-0.0000,0.0000,-0.0000,-0.0000,-0.0000,0.0000,0.0000,-0.0000,0.0000,-0.0000,-0.0000,-0.0000
105,-9.0000,-3.0000,0.0005,1.0000,0.0000,0.0000,0.0000,-0.0000,-0.0000,0.0001,-0.0000,0.0001,0.0001,0.0001,-0.0000,-0.0000,0.0000,-0.0000,-0.0000,-0.0000,0.0000,0.0000,-0.0000,0.0000,-0.0000,-0.0000,-0.0000
103,-9.0000,-5.0000,0.0005,1.0000,0.0000,0.0000,0.0000,-0.0000,-0.0000,0.0001,-0.0000,0.0001,0.0001,0.0001,-0.0000,-0.0000,0.0000,-0.0000,-0.0000,-0.0000,0.0000,0.0000,-0.0000,0.0000,-0.0000,-0.0000,-0.0000
102,-7.5000,-4.0000,0.0005,1.0000,0.0000,0.0000,0.0000,-0.0000,-0.0000,0.0001,-0.0000,0.0001,0.0001,0.0001,-0.0000,-0.0000,0.0000,-0.0000,-0.0000,-0.0000,0.0000,0.0000,-0.0000,0.0000,-0.0000,-0.0000,-0.0000
101,-1.5000,2.0000,0.0005,-0.7071,0.0000,0.0000,0.7071,-0.0000,-0.0000,0.0001,-0.0000,0.0001,0.0001,0.0001,-0.0000,-0.0000,0.0000,-0.0000,-0.0000,-0.0000,0.0000,0.0000,-0.0000,0.0000,-0.0000,-0.0000,-0.0000
100,-1.5000,-5.0000,0.0005,0.7071,0.0000,0.0000,0.7071,-0.0000,-0.0000,0.0001,-0.0000,0.0001,0.0001,0.0001,-0.0000,-0.0000,0.0000,-0.0000,-0.0000,-0.0000,0.0000,0.0000,-0.0000,0.0000,-0.0000,-0.0000,-0.0000
97,6.0000,-3.0000,0.0005,0.7071,0.0000,0.0000,0.7071,-0.0000,-0.0000,0.0001,-0.0000,0.0001,0.0001,0.0001,-0.0000,-0.0000,0.0000,-0.0000,-0.0000,-0.0000,0.0000,0.0000,-0.0000,0.0000,-0.0000,-0.0000,-0.0000
96,-1.5000,5.0000,0.0005,1.0000,0.0000,0.0000,0.0000,-0.0000,-0.0000,0.0001,-0.0000,0.0001,0.0001,0.0001,-0.0000,-0.0000,0.0000,-0.0000,-0.0000,-0.0000,0.0000,0.0000,-0.0000,0.0000,-0.0000,-0.0000,-0.0000
94,9.0000,2.0000,0.0005,0.7071,0.0000,0.0000,0.7071,-0.0000,-0.0000,0.0001,-0.0000,0.0001,0.0001,0.0001,-0.0000,-0.0000,0.0000,-0.0000,-0.0000,-0.0000,0.0000,0.0000,-0.0000,0.0000,-0.0000,-0.0000,-0.0000
93,3.0000,-3.0000,0.0005,0.7071,0.0000,0.0000,0.7071,-0.0000,-0.0000,0.0001,-0.0000,0.0001,0.0001,0.0001,-0.0000,-0.0000,0.0000,-0.0000,-0.0000,-0.0000,0.0000,0.0000,-0.0000,0.0000,-0.0000,-0.0000,-0.0000
92,-1.5000,-2.0000,0.0005,0.7071,0.0000,0.0000,0.7071,-0.0000,-0.0000,0.0001,-0.0000,0.0001,0.0001,0.0001,-0.0000,-0.0000,0.0000,-0.0000,-0.0000,-0.0000,0.0000,0.0000,-0.0000,0.0000,-0.0000,-0.0000,-0.0000
90,4.5000,-4.0000,0.0005,0.0000,0.0000,0.0000,1.0000,-0.0000,-0.0000,0.0001,-0.0000,0.0001,0.0001,0.0001,-0.0000,-0.0000,0.0000,-0.0000,-0.0000,-0.0000,0.0000,0.0000,-0.0000,0.0000,-0.0000,-0.0000,-0.0000
89,-7.5000,1.0000,0.0005,0.0000,0.0000,0.0000,1.0000,-0.0000,-0.0000,0.0001,-0.0000,0.0001,0.0001,0.0001,-0.0000,-0.0000,0.0000,-0.0000,-0.0000,-0.0000,0.0000,0.0000,-0.0000,0.0000,-0.0000,-0.0000,-0.0000
88,-1.5000,3.0000,0.0005,1.0000,0.0000,0.0000,0.0000,-0.0000,-0.0000,0.0001,-0.0000,0.0001,0.0001,0.0001,-0.0000,-0.0000,0.0000,-0.0000,-0.0000,-0.0000,0.0000,0.0000,-0.0000,0.0000,-0.0000,-0.0000,-0.0000
87,3.0000,-2.0000,0.0005,0.7071,0.0000,0.0000,0.7071,-0.0000,-0.0000,0.0001,-0.0000,0.0001,0.0001,0.0001,-0.0000,-0.0000,0.0000,-0.0000,-0.0000,-0.0000,0.0000,0.0000,-0.0000,0.0000,-0.0000,-0.0000,-0.0000
85,1.5000,-2.0000,0.0005,0.7071,0.0000,0.0000,0.7071,-0.0000,-0.0000,0.0001,-0.0000,0.0001,0.0001,0.0001,-0.0000,-0.0000,0.0000,-0.0000,-0.0000,-0.0000,0.0000,0.0000,-0.0000,0.0000,-0.0000,-0.0000,-0.0000
84,6.0000,4.0000,0.0005,-0.7071,0.0000,0.0000,0.7071,-0.0000,-0.0000,0.0001,-0.0000,0.0001,0.0001,0.0001,-0.0000,-0.0000,0.0000,-0.0000,-0.0000,-0.0000,0.0000,0.0000,-0.0000,0.0000,-0.0000,-0.0000,-0.0000
83,-4.5000,1.0000,0.0005,0.7071,0.0000,0.0000,0.7071,-0.0000,-0.0000,0.0001,-0.0000,0.0001,0.0001,0.0001,-0.0000,-0.0000,0.0000,-0.0000,-0.0000,-0.0000,0.0000,0.0000,-0.0000,0.0000,-0.0000,-0.0000,-0.0000
82,-1.5000,-4.0000,0.0005,0.0000,0.0000,0.0000,1.0000,-0.0000,-0.0000,0.0001,-0.0000,0.0001,0.0001,0.0001,-0.0000,-0.0000,0.0000,-0.0000,-0.0000,-0.0000,0.0000,0.0000,-0.0000,0.0000,-0.0000,-0.0000,-0.0000
81,4.5000,-1.0000,0.0005,0.0000,0.0000,0.0000,1.0000,-0.0000,-0.0000,0.0001,-0.0000,0.0001,0.0001,0.0001,-0.0000,-0.0000,0.0000,-0.0000,-0.0000,-0.0000,0.0000,0.0000,-0.0000,0.0000,-0.0000,-0.0000,-0.0000
80,3.0000,2.0000,0.0005,0.0000,0.0000,0.0000,1.0000,-0.0000,-0.0000,0.0001,-0.0000,0.0001,0.0001,0.0001,-0.0000,-0.0000,0.0000,-0.0000,-0.0000,-0.0000,0.0000,0.0000,-0.0000,0.0000,-0.0000,-0.0000,-0.0000
79,-4.5000,0.0000,0.0005,-0.7071,0.0000,0.0000,0.7071,-0.0000,-0.0000,0.0001,-0.0000,0.0001,0.0001,0.0001,-0.0000,-0.0000,0.0000,-0.0000,-0.0000,-0.0000,0.0000,0.0000,-0.0000,0.0000,-0.0000,-0.0000,-0.0000
78,6.0000,-2.0000,0.0005,0.7071,0.0000,0.0000,0.7071,-0.0000,-0.0000,0.0001,-0.0000,0.0001,0.0001,0.0001,-0.0000,-0.0000,0.0000,-0.0000,-0.0000,-0.0000,0.0000,0.0000,-0.0000,0.0000,-0.0000,-0.0000,-0.0000
75,9.0000,-1.0000,0.0005,1.0000,0.0000,0.0000,0.0000,-0.0000,-0.0000,0.0001,-0.0000,0.0001,0.0001,0.0001,-0.0000,-0.0000,0.0000,-0.0000,-0.0000,-0.0000,0.0000,0.0000,-0.0000,0.0000,-0.0000,-0.0000,-0.0000
73,7.5000,-4.0000,0.0005,0.0000,0.0000,0.0000,1.0000,-0.0000,-0.0000,0.0001,-0.0000,0.0001,0.0001,0.0001,-0.0000,-0.0000,0.0000,-0.0000,-0.0000,-0.0000,0.0000,0.0000,-0.0000,0.0000,-0.0000,-0.0000,-0.0000
72,-7.5000,-4.0000,0.0005,0.7071,0.0000,0.0000,0.7071,-0.0000,-0.0000,0.0001,-0.0000,0.0001,0.0001,0.0001,-0.0000,-0.0000,0.0000,-0.0000,-0.0000,-0.0000,0.0000,0.0000,-0.0000,0.0000,-0.0000,-0.0000,-0.0000
71,1.5000,0.0000,0.0005,1.0000,0.0000,0.0000,0.0000,-0.0000,-0.0000,0.0001,-0.0000,0.0001,0.0001,0.0001,-0.0000,-0.0000,0.0000,-0.0000,-0.0000,-0.0000,0.0000,0.0000,-0.0000,0.0000,-0.0000,-0.0000,-0.0000
70,-1.5000,5.0000,0.0005,0.7071,0.0000,0.0000,0.7071,-0.0000,-0.0000,0.0001,-0.0000,0.0001,0.0001,0.0001,-0.0000,-0.0000,0.0000,-0.0000,-0.0000,-0.0000,0.0000,0.0000,-0.0000,0.0000,-0.0000,-0.0000,-0.0000
69,4.5000,3.0000,0.0005,1.0000,0.0000,0.0000,0.0000,-0.0000,-0.0000,0.0001,-0.0000,0.0001,0.0001,0.0001,-0.0000,-0.0000,0.0000,-0.0000,-0.0000,-0.0000,0.0000,0.0000,-0.0000,0.0000,-0.0000,-0.0000,-0.0000
68,6.0000,-5.0000,0.0005,1.0000,0.0000,0.0000,0.0000,-0.0000,-0.0000,0.0001,-0.0000,0.0001,0.0001,0.0001,-0.0000,-0.0000,0.0000,-0.0000,-0.0000,-0.0000,0.0000,0.0000,-0.0000,0.0000,-0.0000,-0.0000,-0.0000
65,-4.5000,3.0000,0.0005,-0.7071,0.0000,0.0000,0.7071,-0.0000,-0.0000,0.0001,-0.0000,0.0001,0.0001,0.0001,-0.0000,-0.0000,0.0000,-0.0000,-0.0000,-0.0000,0.0000,0.0000,-0.0000,0.0000,-0.0000,-0.0000,-0.0000
63,9.0000,3.0000,0.0005,1.0000,0.0000,0.0000,0.0000,-0.0000,-0.0000,0.0001,-0.0000,0.0001,0.0001,0.0001,-0.0000,-0.0000,0.0000,-0.0000,-0.0000,-0.0000,0.0000,0.0000,-0.0000,0.0000,-0.0000,-0.0000,-0.0000
62,7.5000,-4.0000,0.0005,0.7071,0.0000,0.0000,0.7071,-0.0000,-0.0000,0.0001,-0.0000,0.0001,0.0001,0.0001,-0.0000,-0.0000,0.0000,-0.0000,-0.0000,-0.0000,0.0000,0.0000,-0.0000,0.0000,-0.0000,-0.0000,-0.0000
59,3.0000,-2.0000,0.0005,1.0000,0.0000,0.0000,0.0000,-0.0000,-0.0000,0.0001,-0.0000,0.0001,0.0001,0.0001,-0.0000,-0.0000,0.0000,-0.0000,-0.0000,-0.0000,0.0000,0.0000,-0.0000,0.0000,-0.0000,-0.0000,-0.0000
58,3.0000,-3.0000,0.0005,1.0000,0.0000,0.0000,0.0000,-0.0000,-0.0000,0.0001,-0.0000,0.0001,0.0001,0.0001,-0.0000,-0.0000,0.0000,-0.0000,-0.0000,-0.0000,0.0000,0.0000,-0.0000,0.0000,-0.0000,-0.0000,-0.0000
57,1.5000,4.0000,0.0005,0.0000,0.0000,0.0000,1.0000,-0.0000,-0.0000,0.0001,-0.0000,0.0001,0.0001,0.0001,-0.0000,-0.0000,0.0000,-0.0000,-0.0000,-0.0000,0.0000,0.0000,-0.0000,0.0000,-0.0000,-0.0000,-0.0000
53,7.5000,-3.0000,0.0005,0.0000,0.0000,0.0000,1.0000,-0.0000,-0.0000,0.0001,-0.0000,0.0001,0.0001,0.0001,-0.0000,-0.0000,0.0000,-0.0000,-0.0000,-0.0000,0.0000,0.0000,-0.0000,0.0000,-0.0000,-0.0000,-0.0000
52,-7.5000,3.0000,0.0005,-0.7071,0.0000,0.0000,0.7071,-0.0000,-0.0000,0.0001,-0.0000,0.0001,0.0001,0.0001,-0.0000,-0.0000,0.0000,-0.0000,-0.0000,-0.0000,0.0000,0.0000,-0.0000,0.0000,-0.0000,-0.0000,-0.0000
49,4.5000,-3.0000,0.0005,1.0000,0.0000,0.0000,0.0000,-0.0000,-0.0000,0.0001,-0.0000,0.0001,0.0001,0.0001,-0.0000,-0.0000,0.0000,-0.0000,-0.0000,-0.0000,0.0000,0.0000,-0.0000,0.0000,-0.0000,-0.0000,-0.0000
48,-1.5000,-4.0000,0.0005,0.7071,0.0000,0.0000,0.7071,-0.0000,-0.0000,0.0001,-0.0000,0.0001,0.0001,0.0001,-0.0000,-0.0000,0.0000,-0.0000,-0.0000,-0.0000,0.0000,0.0000,-0.0000,0.0000,-0.0000,-0.0000,-0.0000
45,9.0000,-5.0000,0.0005,0.7071,0.0000,0.0000,0.7071,-0.0000,-0.0000,0.0001,-0.0000,0.0001,0.0001,0.0001,-0.0000,-0.0000,0.0000,-0.0000,-0.0000,-0.0000,0.0000,0.0000,-0.0000,0.0000,-0.0000,-0.0000,-0.0000
44,4.5000,2.0000,0.0005,0.7071,0.0000,0.0000,0.7071,-0.0000,-0.0000,0.0001,-0.0000,0.0001,0.0001,0.0001,-0.0000,-0.0000,0.0000,-0.0000,-0.0000,-0.0000,0.0000,0.0000,-0.0000,0.0000,-0.0000,-0.0000,-0.0000
43,9.0000,1.0000,0.0005,0.7071,0.0000,0.0000,0.7071,-0.0000,-0.0000,0.0001,-0.0000,0.0001,0.0001,0.0001,-0.0000,-0.0000,0.0000,-0.0000,-0.0000,-0.0000,0.0000,0.0000,-0.0000,0.0000,-0.0000,-0.0000,-0.0000
42,9.0000,-2.0000,0.0005,0.7071,0.0000,0.0000,0.7071,-0.0000,-0.0000,0.0001,-0.0000,0.0001,0.0001,0.0001,-0.0000,-0.0000,0.0000,-0.0000,-0.0000,-0.0000,0.0000,0.0000,-0.0000,0.0000,-0.0000,-0.0000,-0.0000
40,6.0000,2.0000,0.0005,1.0000,0.0000,0.0000,0.0000,-0.0000,-0.0000,0.0001,-0.0000,0.0001,0.0001,0.0001,-0.0000,-0.0000,0.0000,-0.0000,-0.0000,-0.0000,0.0000,0.0000,-0.0000,0.0000,-0.0000,-0.0000,-0.0000
39,0.0000,-5.0000,0.0005,1.0000,0.0000,0.0000,0.0000,-0.0000,-0.0000,0.0001,-0.0000,0.0001,0.0001,0.0001,-0.0000,-0.0000,0.0000,-0.0000,-0.0000,-0.0000,0.0000,0.0000,-0.0000,0.0000,-0.0000,-0.0000,-0.0000
37,6.0000,-2.0000,0.0005,0.0000,0.0000,0.0000,1.0000,-0.0000,-0.0000,0.0001,-0.0000,0.0001,0.0001,0.0001,-0.0000,-0.0000,0.0000,-0.0000,-0.0000,-0.0000,0.0000,0.0000,-0.0000,0.0000,-0.0000,-0.0000,-0.0000
36,-4.5000,-5.0000,0.0005,0.7071,0.0000,0.0000,0.7071,-0.0000,-0.0000,0.0001,-0.0000,0.0001,0.0001,0.0001,-0.0000,-0.0000,0.0000,-0.0000,-0.0000,-0.0000,0.0000,0.0000,-0.0000,0.0000,-0.0000,-0.0000,-0.0000
32,9.0000,5.0000,0.0005,0.0000,0.0000,0.0000,1.0000,-0.0000,-0.0000,0.0001,-0.0000,0.0001,0.0001,0.0001,-0.0000,-0.0000,0.0000,-0.0000,-0.0000,-0.0000,0.0000,0.0000,-0.0000,0.0000,-0.0000,-0.0000,-0.0000
31,-7.5000,1.0000,0.0005,1.0000,0.0000,0.0000,0.0000,-0.0000,-0.0000,0.0001,-0.0000,0.0001,0.0001,0.0001,-0.0000,-0.0000,0.0000,-0.0000,-0.0000,-0.0000,0.0000,0.0000,-0.0000,0.0000,-0.0000,-0.0000,-0.0000
30,-7.5000,-5.0000,0.0005,0.7071,0.0000,0.0000,0.7071,-0.0000,-0.0000,0.0001,-0.0000,0.0001,0.0001,0.0001,-0.0000,-0.0000,0.0000,-0.0000,-0.0000,-0.0000,0.0000,0.0000,-0.0000,0.0000,-0.0000,-0.0000,-0.0000
28,-4.5000,4.0000,0.0005,0.0000,0.0000,0.0000,1.0000,-0.0000,-0.0000,0.0001,-0.0000,0.0001,0.0001,0.0001,-0.0000,-0.0000,0.0000,-0.0000,-0.0000,-0.0000,0.0000,0.0000,-0.0000,0.0000,-0.0000,-0.0000,-0.0000
27,1.5000,2.0000,0.0005,0.0000,0.0000,0.0000,1.0000,-0.0000,-0.0000,0.0001,-0.0000,0.0001,0.0001,0.0001,-0.0000,-0.0000,0.0000,-0.0000,-0.0000,-0.0000,0.0000,0.0000,-0.0000,0.0000,-0.0000,-0.0000,-0.0000
26,4.5000,4.0000,0.0005,0.0000,0.0000,0.0000,1.0000,-0.0000,-0.0000,0.0001,-0.0000,0.0001,0.0001,0.0001,-0.0000,-0.0000,0.0000,-0.0000,-0.0000,-0.0000,0.0000,0.0000,-0.0000,0.0000,-0.0000,-0.0000,-0.0000
24,6.0000,3.0000,0.0005,1.0000,0.0000,0.0000,0.0000,-0.0000,-0.0000,0.0001,-0.0000,0.0001,0.0001,0.0001,-0.0000,-0.0000,0.0000,-0.0000,-0.0000,-0.0000,0.0000,0.0000,-0.0000,0.0000,-0.0000,-0.0000,-0.0000
22,-9.0000,-2.0000,0.0005,1.0000,0.0000,0.0000,0.0000,-0.0000,-0.0000,0.0001,-0.0000,0.0001,0.0001,0.0001,-0.0000,-0.0000,0.0000,-0.0000,-0.0000,-0.0000,0.0000,0.0000,-0.0000,0.0000,-0.0000,-0.0000,-0.0000
20,3.0000,4.0000,0.0005,0.0000,0.0000,0.0000,1.0000,-0.0000,-0.0000,0.0001,-0.0000,0.0001,0.0001,0.0001,-0.0000,-0.0000,0.0000,-0.0000,-0.0000,-0.0000,0.0000,0.0000,-0.0000,0.0000,-0.0000,-0.0000,-0.0000
19,-9.0000,5.0000,0.0005,1.0000,0.0000,0.0000,0.0000,-0.0000,-0.0000,0.0001,-0.0000,0.0001,0.0001,0.0001,-0.0000,-0.0000,0.0000,-0.0000,-0.0000,-0.0000,0.0000,0.0000,-0.0000,0.0000,-0.0000,-0.0000,-0.0000
18,4.5000,5.0000,0.0005,-0.7071,0.0000,0.0000,0.7071,-0.0000,-0.0000,0.0001,-0.0000,0.0001,0.0001,0.0001,-0.0000,-0.0000,0.0000,-0.0000,-0.0000,-0.0000,0.0000,0.0000,-0.0000,0.0000,-0.0000,-0.0000,-0.0000
17,4.5000,-1.0000,0.0005,1.0000,0.0000,0.0000,0.0000,-0.0000,-0.0000,0.0001,-0.0000,0.0001,0.0001,0.0001,-0.0000,-0.0000,0.0000,-0.0000,-0.0000,-0.0000,0.0000,0.0000,-0.0000,0.0000,-0.0000,-0.0000,-0.0000
15,7.5000,-5.0000,0.0005,0.0000,0.0000,0.0000,1.0000,-0.0000,-0.0000,0.0001,-0.0000,0.0001,0.0001,0.0001,-0.0000,-0.0000,0.0000,-0.0000,-0.0000,-0.0000,0.0000,0.0000,-0.0000,0.0000,-0.0000,-0.0000,-0.0000
14,4.5000,-5.0000,0.0005,1.0000,0.0000,0.0000,0.0000,-0.0000,-0.0000,0.0001,-0.0000,0.0001,0.0001,0.0001,-0.0000,-0.0000,0.0000,-0.0000,-0.0000,-0.0000,0.0000,0.0000,-0.0000,0.0000,-0.0000,-0.0000,-0.0000
13,-3.0000,-4.0000,0.0005,1.0000,0.0000,0.0000,0.0000,-0.0000,-0.0000,0.0001,-0.0000,0.0001,0.0001,0.0001,-0.0000,-0.0000,0.0000,-0.0000,-0.0000,-0.0000,0.0000,0.0000,-0.0000,0.0000,-0.0000,-0.0000,-0.0000
10,4.5000,4.0000,0.0005,0.7071,0.0000,0.0000,0.7071,-0.0000,-0.0000,0.0001,-0.0000,0.0001,0.0001,0.0001,-0.0000,-0.0000,0.0000,-0.0000,-0.0000,-0.0000,0.0000,0.0000,-0.0000,0.0000,-0.0000,-0.0000,-0.0000
9,3.0000,-4.0000,0.0005,0.0000,0.0000,0.0000,1.0000,-0.0000,-0.0000,0.0001,-0.0000,0.0001,0.0001,0.0001,-0.0000,-0.0000,0.0000,-0.0000,-0.0000,-0.0000,0.0000,0.0000,-0.0000,0.0000,-0.0000,-0.0000,-0.0000
8,7.5000,4.0000,0.0005,1.0000,0.0000,0.0000,0.0000,-0.0000,-0.0000,0.0001,-0.0000,0.0001,0.0001,0.0001,-0.0000,-0.0000,0.0000,-0.0000,-0.0000,-0.0000,0.0000,0.0000,-0.0000,0.0000,-0.0000,-0.0000,-0.0000
7,4.5000,-2.0000,0.0005,0.0000,0.0000,0.0000,1.0000,-0.0000,-0.0000,0.0001,-0.0000,0.0001,0.0001,0.0001,-0.0000,-0.0000,0.0000,-0.0000,-0.0000,-0.0000,0.0000,0.0000,-0.0000,0.0000,-0.0000,-0.0000,-0.0000
3,6.0000,-1.0000,0.0005,0.7071,0.0000,0.0000,0.7071,-0.0000,-0.0000,0.0001,-0.0000,0.0001,0.0001,0.0001,-0.0000,-0.0000,0.0000,-0.0000,-0.0000,-0.0000,0.0000,0.0000,-0.0000,0.0000,-0.0000,-0.0000,-0.0000
2,-3.0000,-5.0000,0.0005,0.7071,0.0000,0.0000,0.7071,-0.0000,-0.0000,0.0001,-0.0000,0.0001,0.0001,0.0001,-0.0000,-0.0000,0.0000,-0.0000,-0.0000,-0.0000,0.0000,0.0000,-0.0000,0.0000,-0.0000,-0.0000,-0.0000
0,0.0000,-3.0000,0.0005,0.7071,0.0000,0.0000,0.7071,-0.0000,-0.0000,0.0001,-0.0000,0.0001,0.0001,0.0001,-0.0000,-0.0000,0.0000,-0.0000,-0.0000,-0.0000,0.0000,0.0000,-0.0000,0.0000,-0.0000,-0.0000,-0.0000

