    (0.00,0.00,0.00,0.00,0.00),(0.00,0.00,0.00,0.00,0.00),(0.12,5.27,-0.76,-0.32,0.80)
(0.02,-0.49,0.15,-0.05,0.80),(0.07,5.05,-1.12,-0.71,-0.14)
(0.02,-0.49,0.15,-0.05,0.80),(0.07,5.05,-1.12,-0.71,-0.14),0.649218, 0.649218
(0.10,0.39,0.81,-0.94,-0.30),(0.29,4.83,-0.89,-0.18,-0.27)
(0.10,0.39,0.81,-0.94,-0.30),(0.29,4.83,-0.89,-0.18,-0.27),0.102399, 0.649218
(-0.16,-0.19,-0.20,-0.01,-0.12),(0.07,4.87,-0.84,-0.27,-0.23)
(-0.16,-0.19,-0.20,-0.01,-0.12),(0.07,4.87,-0.84,-0.27,-0.23),0.414475, 0.649218
(0.03,0.48,1.74,0.93,0.51),(0.03,5.21,-1.20,5.13,-0.13)
(0.03,0.48,1.74,0.93,0.51),(0.03,5.21,-1.20,5.13,-0.13),2.57079, 2.57079
(0.15,-0.07,2.62,-0.64,0.27),(0.03,5.16,-1.19,-0.98,-0.11)
(0.15,-0.07,2.62,-0.64,0.27),(0.03,5.16,-1.19,-0.98,-0.11),0.336791, 2.57079
(0.06,0.34,0.91,-0.88,0.52),(0.06,5.06,-1.14,-0.74,-0.13)
(0.06,0.34,0.91,-0.88,0.52),(0.06,5.06,-1.14,-0.74,-0.13),0.463767, 2.57079
(0.01,0.12,0.59,0.56,-0.37),(0.18,4.87,-0.88,-0.38,-0.25)
(0.01,0.12,0.59,0.56,-0.37),(0.18,4.87,-0.88,-0.38,-0.25),0.195205, 2.57079
(0.23,0.23,-0.91,-0.49,-0.54),(0.06,4.82,-0.85,-0.17,-0.25)
(0.23,0.23,-0.91,-0.49,-0.54),(0.06,4.82,-0.85,-0.17,-0.25),0.0990665, 2.57079
(0.11,0.29,0.90,0.52,-0.94),(0.23,4.94,-0.85,-0.38,-0.23)
(0.11,0.29,0.90,0.52,-0.94),(0.23,4.94,-0.85,-0.38,-0.23),0.158769, 2.57079
(0.24,0.44,3.11,0.69,0.52),(-0.03,5.26,-0.92,4.94,-0.18)
(0.24,0.44,3.11,0.69,0.52),(-0.03,5.26,-0.92,4.94,-0.18),1.58626, 2.57079
(0.27,-0.00,-1.90,0.39,0.94),(0.02,5.20,-1.08,5.10,-0.11)
(0.27,-0.00,-1.90,0.39,0.94),(0.02,5.20,-1.08,5.10,-0.11),2.46112, 2.57079
(-0.16,0.07,2.40,-0.36,-0.68),(0.16,4.82,-0.86,-0.18,-0.25)
(-0.16,0.07,2.40,-0.36,-0.68),(0.16,4.82,-0.86,-0.18,-0.25),0.0242096, 2.57079
(0.18,0.06,2.53,0.48,-0.20),(0.33,4.84,-0.90,-0.18,-0.27)
(0.18,0.06,2.53,0.48,-0.20),(0.33,4.84,-0.90,-0.18,-0.27),0.0682293, 2.57079
(0.49,0.10,-1.54,0.57,0.44),(0.02,5.22,-1.19,5.12,-0.12)
(0.49,0.10,-1.54,0.57,0.44),(0.02,5.22,-1.19,5.12,-0.12),3.02779, 3.02779
(0.13,-0.05,-1.69,-0.35,-0.30),(0.14,4.84,-0.86,-0.20,-0.24)
(0.13,-0.05,-1.69,-0.35,-0.30),(0.14,4.84,-0.86,-0.20,-0.24),0.032865, 3.02779
(0.31,-0.18,2.17,0.33,-0.70),(0.26,4.90,-0.89,-0.20,-0.25)
(0.31,-0.18,2.17,0.33,-0.70),(0.26,4.90,-0.89,-0.20,-0.25),0.0624465, 3.02779
(0.03,0.10,-0.02,-0.31,0.29),(0.18,4.82,-0.87,-0.23,-0.25)
(0.03,0.10,-0.02,-0.31,0.29),(0.18,4.82,-0.87,-0.23,-0.25),0.0870176, 3.02779
(-0.10,-0.09,1.82,0.61,0.51),(0.04,5.18,-1.18,5.21,-0.12)
(-0.10,-0.09,1.82,0.61,0.51),(0.04,5.18,-1.18,5.21,-0.12),2.74587, 3.02779
(0.09,0.05,0.73,-0.83,-0.55),(0.30,4.93,-0.92,-0.21,-0.25)
(0.09,0.05,0.73,-0.83,-0.55),(0.30,4.93,-0.92,-0.21,-0.25),0.158191, 3.02779
(-0.13,0.06,-3.00,0.24,-0.90),(0.23,4.90,-0.84,-0.27,-0.24)
(-0.13,0.06,-3.00,0.24,-0.90),(0.23,4.90,-0.84,-0.27,-0.24),0.0451591, 3.02779
(0.18,-0.18,0.53,0.46,0.84),(0.04,5.07,-1.14,-0.71,-0.12)
(0.18,-0.18,0.53,0.46,0.84),(0.04,5.07,-1.14,-0.71,-0.12),0.567103, 3.02779
(0.20,-0.39,2.39,0.19,0.86),(0.03,5.22,-1.10,5.07,-0.11)
(0.20,-0.39,2.39,0.19,0.86),(0.03,5.22,-1.10,5.07,-0.11),2.05411, 3.02779
(0.00,-0.37,-2.07,-1.03,0.70),(-0.02,5.21,-1.13,5.08,-0.11)
(0.00,-0.37,-2.07,-1.03,0.70),(-0.02,5.21,-1.13,5.08,-0.11),2.18359, 3.02779
(0.41,-0.28,1.86,-0.28,-0.66),(0.17,4.80,-0.89,-0.12,-0.26)
(0.41,-0.28,1.86,-0.28,-0.66),(0.17,4.80,-0.89,-0.12,-0.26),0.048227, 3.02779
(0.46,0.03,1.99,0.45,0.88),(0.03,5.17,-1.11,5.21,-0.11)
(0.46,0.03,1.99,0.45,0.88),(0.03,5.17,-1.11,5.21,-0.11),2.40239, 3.02779
(0.13,-0.28,-2.22,-0.97,-0.80),(-0.03,4.86,-0.84,-0.17,-0.20)
(0.13,-0.28,-2.22,-0.97,-0.80),(-0.03,4.86,-0.84,-0.17,-0.20),0.0868881, 3.02779
(-0.21,-0.37,-0.48,0.13,-0.14),(0.12,4.82,-0.86,-0.24,-0.25)
(-0.21,-0.37,-0.48,0.13,-0.14),(0.12,4.82,-0.86,-0.24,-0.25),0.0848633, 3.02779
(-0.27,-0.28,-2.90,-0.46,0.31),(0.02,5.22,-1.08,5.07,-0.11)
(-0.27,-0.28,-2.90,-0.46,0.31),(0.02,5.22,-1.08,5.07,-0.11),1.78583, 3.02779
(0.29,-0.08,-1.73,0.55,0.14),(0.19,4.82,-0.87,-0.22,-0.25)
(0.29,-0.08,-1.73,0.55,0.14),(0.19,4.82,-0.87,-0.22,-0.25),0.0208257, 3.02779
(0.08,0.14,0.51,-0.41,-0.57),(0.16,4.87,-0.87,-0.41,-0.25)
(0.08,0.14,0.51,-0.41,-0.57),(0.16,4.87,-0.87,-0.41,-0.25),0.232697, 3.02779
(0.44,-0.13,-2.89,-0.05,-0.69),(0.26,4.85,-0.86,-0.26,-0.25)
(0.44,-0.13,-2.89,-0.05,-0.69),(0.26,4.85,-0.86,-0.26,-0.25),0.0382915, 3.02779
(-0.07,0.23,-1.33,0.63,0.29),(0.21,4.81,-0.88,-0.28,-0.26)
(-0.07,0.23,-1.33,0.63,0.29),(0.21,4.81,-0.88,-0.28,-0.26),0.0510756, 3.02779
(0.11,-0.24,-1.49,0.52,-0.51),(0.13,4.88,-0.84,-0.23,-0.22)
(0.11,-0.24,-1.49,0.52,-0.51),(0.13,4.88,-0.84,-0.23,-0.22),0.0624743, 3.02779
(-0.12,-0.10,1.70,-0.58,-0.38),(0.17,4.87,-0.85,-0.15,-0.23)
(-0.12,-0.10,1.70,-0.58,-0.38),(0.17,4.87,-0.85,-0.15,-0.23),0.0608727, 3.02779
(0.02,-0.36,-1.87,0.54,-0.91),(0.29,4.83,-0.92,-0.35,-0.27)
(0.02,-0.36,-1.87,0.54,-0.91),(0.29,4.83,-0.92,-0.35,-0.27),0.0844177, 3.02779
(-0.28,0.22,0.24,-0.26,0.63),(0.06,5.05,-1.18,-0.64,-0.13)
(-0.28,0.22,0.24,-0.26,0.63),(0.06,5.05,-1.18,-0.64,-0.13),0.744291, 3.02779
(0.37,0.23,0.23,-0.05,0.90),(0.05,5.02,-1.17,-0.54,-0.15)
(0.37,0.23,0.23,-0.05,0.90),(0.05,5.02,-1.17,-0.54,-0.15),0.491597, 3.02779
(0.31,-0.29,1.07,0.68,0.16),(0.03,5.11,-1.15,-0.86,-0.11)
(0.31,-0.29,1.07,0.68,0.16),(0.03,5.11,-1.15,-0.86,-0.11),0.581663, 3.02779
(0.46,0.13,-0.45,0.69,0.13),(0.16,4.83,-0.87,-0.20,-0.24)
(0.46,0.13,-0.45,0.69,0.13),(0.16,4.83,-0.87,-0.20,-0.24),0.0431357, 3.02779
(-0.28,0.38,2.69,-0.41,-0.03),(0.04,5.21,-1.17,5.13,-0.12)
(-0.28,0.38,2.69,-0.41,-0.03),(0.04,5.21,-1.17,5.13,-0.12),1.94781, 3.02779
(0.09,-0.07,-2.73,0.51,0.77),(0.01,5.24,-1.12,5.03,-0.12)
(0.09,-0.07,-2.73,0.51,0.77),(0.01,5.24,-1.12,5.03,-0.12),1.83057, 3.02779
(0.04,-0.10,0.98,0.22,-0.15),(0.20,4.81,-0.89,-0.32,-0.26)
(0.04,-0.10,0.98,0.22,-0.15),(0.20,4.81,-0.89,-0.32,-0.26),0.101781, 3.02779
(-0.19,0.26,-1.64,0.62,-0.29),(0.12,4.87,-0.84,-0.24,-0.22)
(-0.19,0.26,-1.64,0.62,-0.29),(0.12,4.87,-0.84,-0.24,-0.22),0.0601142, 3.02779
(0.20,-0.07,-2.97,0.23,-0.23),(0.26,4.83,-0.87,-0.23,-0.26)
(0.20,-0.07,-2.97,0.23,-0.23),(0.26,4.83,-0.87,-0.23,-0.26),0.0334167, 3.02779
(0.41,-0.19,-2.12,-0.42,-0.24),(0.20,4.81,-0.87,-0.23,-0.26)
(0.41,-0.19,-2.12,-0.42,-0.24),(0.20,4.81,-0.87,-0.23,-0.26),0.0211207, 3.02779
(0.21,-0.35,0.27,0.62,-0.28),(0.12,4.86,-0.85,-0.25,-0.23)
(0.21,-0.35,0.27,0.62,-0.28),(0.12,4.86,-0.85,-0.25,-0.23),0.116041, 3.02779
(-0.20,-0.26,1.45,0.87,-0.81),(0.24,4.86,-0.87,-0.19,-0.25)
(-0.20,-0.26,1.45,0.87,-0.81),(0.24,4.86,-0.87,-0.19,-0.25),0.0558069, 3.02779
(0.14,-0.12,-0.83,0.32,-0.79),(0.17,4.81,-0.89,-0.17,-0.26)
(0.14,-0.12,-0.83,0.32,-0.79),(0.17,4.81,-0.89,-0.17,-0.26),0.0471381, 3.02779
(0.02,0.03,-2.12,-0.28,-0.16),(0.17,4.84,-0.86,-0.22,-0.24)
(0.02,0.03,-2.12,-0.28,-0.16),(0.17,4.84,-0.86,-0.22,-0.24),0.0234887, 3.02779
(-0.23,-0.11,-0.32,0.73,-0.27),(0.15,4.79,-0.89,-0.24,-0.26)
(-0.23,-0.11,-0.32,0.73,-0.27),(0.15,4.79,-0.89,-0.24,-0.26),0.0231351, 3.02779
(-0.12,0.26,2.09,0.67,0.81),(-0.02,5.24,-1.13,5.05,-0.11)
(-0.12,0.26,2.09,0.67,0.81),(-0.02,5.24,-1.13,5.05,-0.11),2.24612, 3.02779
(0.38,-0.26,-0.53,0.30,0.62),(0.07,5.05,-1.18,-0.63,-0.14)
(0.38,-0.26,-0.53,0.30,0.62),(0.07,5.05,-1.18,-0.63,-0.14),0.598892, 3.02779
(0.23,0.42,2.64,0.79,-0.48),(0.31,4.84,-0.92,-0.14,-0.27)
(0.23,0.42,2.64,0.79,-0.48),(0.31,4.84,-0.92,-0.14,-0.27),0.0621686, 3.02779
(0.12,-0.12,0.93,0.44,0.40),(0.05,5.08,-1.18,-0.71,-0.12)
(0.12,-0.12,0.93,0.44,0.40),(0.05,5.08,-1.18,-0.71,-0.12),0.594968, 3.02779
(0.23,0.06,0.99,-0.35,0.95),(0.09,5.11,-1.22,-0.92,-0.12)
(0.23,0.06,0.99,-0.35,0.95),(0.09,5.11,-1.22,-0.92,-0.12),0.592459, 3.02779
(0.09,-0.41,-2.52,-0.34,-0.78),(0.22,4.83,-0.87,-0.26,-0.25)
(0.09,-0.41,-2.52,-0.34,-0.78),(0.22,4.83,-0.87,-0.26,-0.25),0.029392, 3.02779
(0.10,-0.33,-2.94,-0.76,0.41),(0.02,5.14,-1.17,-0.94,-0.11)
(0.10,-0.33,-2.94,-0.76,0.41),(0.02,5.14,-1.17,-0.94,-0.11),0.283923, 3.02779
(-0.44,0.16,-0.75,-0.53,-0.80),(0.13,4.83,-0.90,-0.33,-0.26)
(-0.44,0.16,-0.75,-0.53,-0.80),(0.13,4.83,-0.90,-0.33,-0.26),0.0950303, 3.02779
(-0.11,-0.37,-1.92,0.17,-0.62),(0.19,4.81,-0.88,-0.23,-0.26)
(-0.11,-0.37,-1.92,0.17,-0.62),(0.19,4.81,-0.88,-0.23,-0.26),0.017413, 3.02779
(-0.47,-0.08,-2.62,0.58,-0.15),(0.16,4.86,-0.84,-0.24,-0.23)
(-0.47,-0.08,-2.62,0.58,-0.15),(0.16,4.86,-0.84,-0.24,-0.23),0.0305088, 3.02779
(0.30,-0.30,0.98,0.48,-0.26),(0.15,4.88,-0.85,-0.33,-0.23)
(0.30,-0.30,0.98,0.48,-0.26),(0.15,4.88,-0.85,-0.33,-0.23),0.124335, 3.02779
(0.34,0.10,-0.14,0.77,0.09),(0.12,4.87,-0.85,-0.23,-0.22)
(0.34,0.10,-0.14,0.77,0.09),(0.12,4.87,-0.85,-0.23,-0.22),0.116494, 3.02779
(-0.20,0.11,2.57,0.65,-0.77),(0.28,4.90,-0.92,-0.20,-0.26)
(-0.20,0.11,2.57,0.65,-0.77),(0.28,4.90,-0.92,-0.20,-0.26),0.0580852, 3.02779
(-0.48,-0.08,0.46,0.56,0.51),(0.04,5.14,-1.13,-0.94,-0.10)
(-0.48,-0.08,0.46,0.56,0.51),(0.04,5.14,-1.13,-0.94,-0.10),0.84602, 3.02779
(-0.13,-0.27,0.63,0.85,-0.95),(0.30,4.84,-0.88,-0.24,-0.27)
(-0.13,-0.27,0.63,0.85,-0.95),(0.30,4.84,-0.88,-0.24,-0.27),0.101674, 3.02779
(0.27,-0.16,-1.85,0.53,-0.39),(0.19,4.86,-0.85,-0.28,-0.24)
(0.27,-0.16,-1.85,0.53,-0.39),(0.19,4.86,-0.85,-0.28,-0.24),0.0520182, 3.02779
(0.34,0.24,-2.14,-0.89,-0.39),(0.15,4.80,-0.86,-0.18,-0.25)
(0.34,0.24,-2.14,-0.89,-0.39),(0.15,4.80,-0.86,-0.18,-0.25),0.0193363, 3.02779
(-0.16,0.20,-0.14,-0.68,0.87),(-0.18,5.29,-1.15,-0.93,-0.08)
(-0.16,0.20,-0.14,-0.68,0.87),(-0.18,5.29,-1.15,-0.93,-0.08),0.857235, 3.02779
(0.39,0.18,-0.08,0.44,0.02),(0.11,4.87,-0.85,-0.22,-0.22)
(0.39,0.18,-0.08,0.44,0.02),(0.11,4.87,-0.85,-0.22,-0.22),0.166108, 3.02779
(0.49,-0.03,-1.04,0.92,0.90),(0.04,5.19,-1.14,5.15,-0.12)
(0.49,-0.03,-1.04,0.92,0.90),(0.04,5.19,-1.14,5.15,-0.12),3.12106, 3.12106
(0.48,0.01,-2.48,-0.20,0.76),(0.03,5.21,-1.06,5.02,-0.11)
(0.48,0.01,-2.48,-0.20,0.76),(0.03,5.21,-1.06,5.02,-0.11),1.99288, 3.12106
(-0.01,0.25,1.02,-0.97,0.37),(0.04,5.08,-1.10,-0.81,-0.12)
(-0.01,0.25,1.02,-0.97,0.37),(0.04,5.08,-1.10,-0.81,-0.12),0.481782, 3.12106
(-0.43,-0.09,-1.11,-0.74,0.01),(0.09,4.84,-0.85,-0.25,-0.24)
(-0.43,-0.09,-1.11,-0.74,0.01),(0.09,4.84,-0.85,-0.25,-0.24),0.0705701, 3.12106
(-0.46,0.00,-1.96,0.17,-0.89),(0.14,4.87,-0.85,-0.25,-0.23)
(-0.46,0.00,-1.96,0.17,-0.89),(0.14,4.87,-0.85,-0.25,-0.23),0.0424247, 3.12106
(0.47,0.13,1.02,0.79,-0.95),(0.32,4.89,-0.88,-0.20,-0.25)
(0.47,0.13,1.02,0.79,-0.95),(0.32,4.89,-0.88,-0.20,-0.25),0.109347, 3.12106
(0.42,0.26,-2.59,0.28,0.64),(0.02,5.20,-1.21,5.17,-0.13)
(0.42,0.26,-2.59,0.28,0.64),(0.02,5.20,-1.21,5.17,-0.13),1.98443, 3.12106
(0.49,0.05,-1.34,-0.42,-0.25),(0.11,4.87,-0.85,-0.21,-0.22)
(0.49,0.05,-1.34,-0.42,-0.25),(0.11,4.87,-0.85,-0.21,-0.22),0.0714601, 3.12106
(-0.17,-0.44,2.30,0.26,0.33),(0.02,5.24,-1.03,5.01,-0.11)
(-0.17,-0.44,2.30,0.26,0.33),(0.02,5.24,-1.03,5.01,-0.11),2.20321, 3.12106
(0.38,0.29,-1.91,0.41,0.55),(-0.02,5.26,-0.91,4.93,-0.18)
(0.38,0.29,-1.91,0.41,0.55),(-0.02,5.26,-0.91,4.93,-0.18),2.48161, 3.12106
(-0.04,-0.32,1.10,0.25,-0.50),(0.16,4.89,-0.86,-0.39,-0.24)
(-0.04,-0.32,1.10,0.25,-0.50),(0.16,4.89,-0.86,-0.39,-0.24),0.153672, 3.12106
(0.00,0.19,-1.41,0.19,-0.55),(0.14,4.83,-0.87,-0.21,-0.25)
(0.00,0.19,-1.41,0.19,-0.55),(0.14,4.83,-0.87,-0.21,-0.25),0.0289942, 3.12106
(-0.03,-0.21,-1.44,-1.02,-0.03),(0.13,4.82,-0.87,-0.21,-0.25)
(-0.03,-0.21,-1.44,-1.02,-0.03),(0.13,4.82,-0.87,-0.21,-0.25),0.0250448, 3.12106
(-0.46,-0.07,-2.25,0.20,0.83),(-0.02,5.26,-0.92,4.94,-0.18)
(-0.46,-0.07,-2.25,0.20,0.83),(-0.02,5.26,-0.92,4.94,-0.18),2.11596, 3.12106
(-0.25,-0.18,-1.21,-0.28,-0.12),(0.14,4.80,-0.88,-0.22,-0.26)
(-0.25,-0.18,-1.21,-0.28,-0.12),(0.14,4.80,-0.88,-0.22,-0.26),0.0185837, 3.12106
(-0.24,-0.33,2.54,-0.26,-0.79),(0.18,4.86,-0.85,-0.18,-0.24)
(-0.24,-0.33,2.54,-0.26,-0.79),(0.18,4.86,-0.85,-0.18,-0.24),0.0328575, 3.12106
(0.23,-0.11,-3.14,-0.03,-0.09),(0.23,4.85,-0.86,-0.24,-0.25)
(0.23,-0.11,-3.14,-0.03,-0.09),(0.23,4.85,-0.86,-0.24,-0.25),0.0281972, 3.12106
(0.25,0.24,0.29,0.26,0.88),(0.04,5.03,-1.18,-0.54,-0.14)
(0.25,0.24,0.29,0.26,0.88),(0.04,5.03,-1.18,-0.54,-0.14),0.509313, 3.12106
(0.22,-0.29,0.91,-0.60,-0.29),(0.29,4.84,-0.87,-0.16,-0.26)
(0.22,-0.29,0.91,-0.60,-0.29),(0.29,4.84,-0.87,-0.16,-0.26),0.124244, 3.12106
(-0.12,0.25,-0.60,0.26,0.95),(0.07,5.08,-1.10,-0.81,-0.12)
(-0.12,0.25,-0.60,0.26,0.95),(0.07,5.08,-1.10,-0.81,-0.12),0.596147, 3.12106
(0.01,0.39,-1.31,-0.71,0.08),(0.11,4.86,-0.86,-0.21,-0.22)
(0.01,0.39,-1.31,-0.71,0.08),(0.11,4.86,-0.86,-0.21,-0.22),0.0637334, 3.12106
(-0.28,0.22,0.45,1.03,-0.72),(0.26,4.89,-0.84,-0.20,-0.24)
(-0.28,0.22,0.45,1.03,-0.72),(0.26,4.89,-0.84,-0.20,-0.24),0.101552, 3.12106
(-0.10,0.25,1.04,0.32,-0.72),(0.23,4.88,-0.88,-0.39,-0.25)
(-0.10,0.25,1.04,0.32,-0.72),(0.23,4.88,-0.88,-0.39,-0.25),0.150403, 3.12106
(-0.17,-0.01,-0.67,-0.87,0.69),(0.11,5.05,-1.20,-0.74,-0.15)
(-0.17,-0.01,-0.67,-0.87,0.69),(0.11,5.05,-1.20,-0.74,-0.15),0.51001, 3.12106
(-0.47,0.02,2.52,0.15,-0.32),(0.30,4.97,-0.90,-0.25,-0.23)
(-0.47,0.02,2.52,0.15,-0.32),(0.30,4.97,-0.90,-0.25,-0.23),0.0867975, 3.12106
(0.17,0.18,-3.01,0.11,0.56),(0.02,5.20,-1.20,5.16,-0.12)
(0.17,0.18,-3.01,0.11,0.56),(0.02,5.20,-1.20,5.16,-0.12),1.76238, 3.12106
(0.03,0.33,-1.31,0.10,-0.09),(0.15,4.81,-0.88,-0.18,-0.25)
(0.03,0.33,-1.31,0.10,-0.09),(0.15,4.81,-0.88,-0.18,-0.25),0.0321773, 3.12106
(-0.01,-0.28,-2.20,-0.61,0.87),(-0.10,5.26,-1.07,5.10,-0.08)
(-0.01,-0.28,-2.20,-0.61,0.87),(-0.10,5.26,-1.07,5.10,-0.08),2.1783, 3.12106
(0.13,0.00,-1.43,-0.14,0.08),(0.12,4.87,-0.84,-0.23,-0.22)
(0.13,0.00,-1.43,-0.14,0.08),(0.12,4.87,-0.84,-0.23,-0.22),0.0691741, 3.12106
(0.09,0.26,2.98,-0.51,-0.37),(0.20,4.85,-0.85,-0.24,-0.24)
(0.09,0.26,2.98,-0.51,-0.37),(0.20,4.85,-0.85,-0.24,-0.24),0.0236096, 3.12106
(0.18,0.15,3.05,0.45,-0.33),(0.24,4.89,-0.85,-0.23,-0.24)
(0.18,0.15,3.05,0.45,-0.33),(0.24,4.89,-0.85,-0.23,-0.24),0.0411657, 3.12106
