-0.0023306804895401045,-0.001867250190116465,0.05117446041107174,0.9986233115196228,-0.0022968153934925795,0.0026263613253831863,-0.052337925881147385
0.012451524734497066,0.15104135870933533,0.09661120033264156,0.9986437559127808,0.0010157412616536021,0.003371671075001359,-0.05194279924035072
-0.0023597526550293013,-0.0018628601683303714,0.051175890922546347,0.9986262321472168,-0.0021549328230321407,0.00259775179438293,-0.05228940397500992
-0.0023177909851074263,-0.0015255437465384603,0.05117779827117916,0.9986286163330078,-0.0019746969919651747,0.00257473043166101,-0.05225225165486336
-0.0022763061523437544,-0.001456676167435944,0.05117446041107174,0.9986281991004944,-0.0022496546152979136,0.0026100941468030214,-0.052247121930122375
-0.002244834899902348,-0.0010759510332718492,0.05117195701599117,0.9986242651939392,-0.0019475900335237384,0.002527358941733837,-0.05233820900321007
-0.0027226257324218794,0.013391987420618534,0.05118733501434322,0.9986322522163391,-0.001921571441926062,0.002428693464025855,-0.05219072848558426
-0.0023373413085937544,-0.0018069087527692318,0.0511760101318359,0.9986267685890198,-0.002170801628381014,0.002606651745736599,-0.052278123795986176
-0.0022734451293945357,-0.0017739066388458014,0.051174102783203085,0.9986281991004944,-0.0022788250353187323,0.002613249933347106,-0.052246466279029846
-0.0012301254272460982,0.0130968252196908,0.05119293785095211,0.9986271858215332,-0.0018562949262559414,0.0024190254043787718,-0.05229219049215317
-0.007302169799804692,0.016193050891160965,0.051209269523620565,0.9986423254013062,-0.0023974128998816013,0.0023999284021556377,-0.05197913572192192
-0.0022505569458007857,-0.0013316799886524677,0.0511760101318359,0.9986246228218079,-0.002253101672977209,0.002606472698971629,-0.05231646075844765
-0.0022991943359375044,-0.0015044393949210644,0.051175652503967245,0.9986270070075989,-0.002182846888899803,0.0025970302522182465,-0.05227312818169594
-0.0022724914550781294,-0.0014494340866804123,0.05117934799194332,0.9986286163330078,-0.0017914711497724056,0.0025429618544876575,-0.05226128548383713
-0.0022610473632812544,-0.0011687465012073517,0.05117148017883297,0.9986258149147034,-0.002076948992908001,0.0026107991579920053,-0.052299823611974716
-0.0017498779296875044,0.014294048771262169,0.05118852710723873,0.9986304640769958,-0.001823477796278894,0.0024903183802962303,-0.05222651734948158
-0.0017131614685058638,-0.0003985166549682617,0.05110937213897701,0.9986280798912048,-0.001944597577676177,0.003090647282078862,-0.0522351898252964
-0.002308254241943364,-0.0017663240432739258,0.05117338752746578,0.9986297488212585,-0.00231912755407393,0.0025936432648450136,-0.0522150956094265
-0.002252464294433598,-0.0008788108825683594,0.051171122550964315,0.9986264705657959,-0.0020500696264207363,0.002564474008977413,-0.05229084938764572
-0.0023406791687011763,-0.0015680789947509766,0.0511764869689941,0.9986265301704407,-0.002034858101978898,0.002543536713346839,-0.05229055881500244
-0.02113235473632813,0.11521267890930176,0.04961114978790279,0.9986450672149658,-0.0021870778873562813,0.002581122564151883,-0.05192773789167404
-0.002282028198242192,-0.001431107521057129,0.051177202224731405,0.9986324906349182,-0.0020667719654738903,0.002614490920677781,-0.05217132344841957
-0.002332572937011723,-0.0015301704406738281,0.051175771713256796,0.9986277222633362,-0.002118614735081792,0.0025550308637320995,-0.052265383303165436
-0.002218132019042973,-0.0010443925857543945,0.05117016887664791,0.9986246824264526,-0.0022094999440014362,0.0026493568439036608,-0.05231409892439842
-0.002332572937011723,-0.002032041549682617,0.05117505645751949,0.9986276030540466,-0.0021796105429530144,0.0025977783370763063,-0.05226193368434906
-0.002323989868164067,-0.0018341541290283203,0.05117457962036129,0.9986270666122437,-0.002286230679601431,0.0026218933053314686,-0.05226666480302811
-0.002332572937011723,-0.0016388893127441406,0.05117493724822994,0.9986298680305481,-0.0021790876053273678,0.002574957674369216,-0.05221948400139809
-0.0022114562988281294,0.0057936906814575195,0.051267443656921347,0.9986180663108826,-0.0020260713063180447,0.0032969960011541843,-0.05241105332970619
-0.0043705749511718794,0.17276477813720703,0.06710332489013668,0.9986305236816406,0.001551032648421824,0.002157880226150155,-0.0522487536072731
-0.0023220825195312544,-0.0019751787185668945,0.0511767253875732,0.9986287355422974,-0.0019513407023623586,0.0025049331597983837,-0.052254464477300644
-0.002282028198242192,-0.0013806819915771484,0.051176963806152304,0.9986246228218079,-0.0020440840162336826,0.0025508683174848557,-0.05232563242316246
-0.0023154366016387984,-0.0019390583038330078,0.051176248550415,0.9986289739608765,-0.00201854738406837,0.002537339460104704,-0.05224524065852165
-0.0022653388977050826,-0.0013911724090576172,0.051177083015441854,0.9986288547515869,-0.002000687411054969,0.002517472021281719,-0.052249401807785034
-0.0022505569458007857,-0.0012464523315429688,0.0511692152023315,0.9986274838447571,-0.0022679108660668135,0.002645970555022359,-0.05225857347249985
-0.00227106094360352,-0.0016300678253173828,0.05117517566680904,0.9986317753791809,-0.002226765500381589,0.0026050875894725323,-0.052178800106048584
-0.03014410018920899,0.1747891902923584,0.061329065322875936,0.9986531734466553,0.00172432791441679,0.0026412501465529203,-0.051786188036203384
-0.0022567558288574263,-0.0015594959259033203,0.05117219543457027,0.9986315369606018,-0.0023040827363729477,0.0025574201717972755,-0.05218350142240524
-0.002339248657226567,-0.0019838809967041016,0.05117541408538814,0.9986340403556824,-0.002144036116078496,0.002588947769254446,-0.052140362560749054
-0.0023192214965820357,-0.001588582992553711,0.0511767253875732,0.9986286759376526,-0.0020429533906280994,0.002556870225816965,-0.05224839970469475
-0.0022162246704101607,-0.0015027523040771484,0.05117684459686275,0.9986313581466675,-0.0020227760542184114,0.0025948756374418736,-0.05219590291380882
-0.002294425964355473,-0.0015006065368652344,0.051175890922546347,0.9986339211463928,-0.002036026678979397,0.0025166424456983805,-0.052151087671518326
-0.002298240661621098,-0.0015149116516113281,0.05117529487609859,0.9986276626586914,-0.002205458004027605,0.0026034426409751177,-0.05225967615842819
-0.002244834899902348,-0.0014657974243164062,0.051175652503967245,0.9986303448677063,-0.002180386334657669,0.0025861875619739294,-0.05221020430326462
-0.0024555969238281294,-0.0021753311157226562,0.05117541408538814,0.998626708984375,-0.0021772466134279966,0.0026244267355650663,-0.052277419716119766
0.015959854125976558,0.1585693359375,0.049262104988098104,0.9986178278923035,0.0014077421510592103,0.0004089699068572372,-0.05253685638308525
-0.002335433959960942,-0.001882314682006836,0.05117446041107174,0.9986264705657959,-0.0022836090065538883,0.0026210916694253683,-0.052279043942689896
-0.006440048217773442,0.0164334774017334,0.05117803668975826,0.9986304640769958,-0.0019882090855389833,0.0025768494233489037,-0.05221603438258171
-0.0022771853208541915,-0.00159454345703125,0.0511760101318359,0.9986296892166138,-0.0020695622079074383,0.002554755425080657,-0.05222964659333229
-0.00227714061737061,-0.0012798309326171875,0.05117004966735836,0.998630940914154,-0.002058655023574829,0.0026053031906485558,-0.05220198631286621
-0.0023595142364501998,-0.002105712890625,0.051175771713256796,0.9986258745193481,-0.002249481389299035,0.002646560547873378,-0.0522887259721756
-0.002281551361083989,-0.0017452239990234375,0.051176963806152304,0.9986262917518616,-0.0020553928334265947,0.002586748218163848,-0.05229179561138153
-0.002285366058349614,-0.0014834403991699219,0.05117660617828365,0.9986270666122437,-0.002059255028143525,0.0025746868923306465,-0.052277643233537674
0.036691303253173824,0.16835451126098633,0.03783863639831539,0.9986200332641602,0.0013511322904378176,-0.0013578764628618956,-0.052481647580862045
0.023918266296386714,0.2076892852783203,0.05810099697113033,0.9986426830291748,0.0016382992034778,-0.00035591601044870913,-0.05205691233277321
-0.002332572937011723,-0.0016622543334960938,0.05117541408538814,0.9986231923103333,-0.002239684108644724,0.002623592037707567,-0.05234229937195778
-0.003041152954101567,0.015998363494873047,0.051175771713256796,0.9986328482627869,-0.0020440807566046715,0.0024386770091950893,-0.052175723016262054
-0.002236251831054692,-0.0010094642639160156,0.05117136096954342,0.9986283779144287,-0.002037264173850417,0.002567268442362547,-0.052254948765039444
-0.0022200393676757857,-0.001392364501953125,0.051173983573913534,0.9986270070075989,-0.002257216488942504,0.0025330460630357265,-0.052273306995630264
-0.002267723083496098,-0.0014090538024902344,0.0511767253875732,0.9986293315887451,-0.0020469326991587877,0.002557643922045827,-0.05223698914051056
-0.0045727539062500044,0.17083263397216797,0.062459646224975546,0.998645007610321,0.001710195792838931,0.0011745329247787595,-0.05199766904115677
-0.002213363647460942,-0.0013337135314941406,0.051178632736206014,0.9986280202865601,-0.001864238060079515,0.002505841199308634,-0.05227004364132881
-0.0022496032714843794,-0.001132965087890625,0.051171003341674764,0.9986311793327332,-0.0020147075410932302,0.002482765819877386,-0.0522058866918087
-0.0022953796386718794,-0.0014057159423828125,0.05117767906188961,0.9986328482627869,-0.0018670273711904883,0.0024970900267362595,-0.05217764154076576
-0.0023084926605224654,-0.0019617080688476562,0.05117541408538814,0.9986250996589661,-0.0021443036384880543,0.0025763404555618763,-0.05231224000453949
-0.0023280429840087935,-0.00197601318359375,0.05117517566680904,0.998630166053772,-0.0021887882612645626,0.002582972403615713,-0.05221379175782204
-0.0023564147949218794,-0.0021800994873046875,0.05117469882965084,0.9986330270767212,-0.0022031194530427456,0.00259011029265821,-0.052158500999212265
-0.002262954711914067,-0.0013051033020019531,0.05117314910888668,0.9986283183097839,-0.0018317338544875383,0.0025083771906793118,-0.052267368882894516
-0.0023454475402832076,-0.0015130043029785156,0.05117684459686275,0.9986250996589661,-0.0020545318257063627,0.0025758743286132812,-0.05231597647070885
-0.0023382949829101607,-0.0019383430480957031,0.05117684459686275,0.9986318945884705,-0.0019810048397630453,0.002537484746426344,-0.052190352231264114
-0.0022839355468750044,-0.0012717247009277344,0.05117028808593746,0.9986304044723511,-0.00214581610634923,0.0025806103367358446,-0.05221181735396385
-0.0022724914550781294,-0.0015091896057128906,0.051176963806152304,0.9986242651939392,-0.0019963402301073074,0.002541247522458434,-0.05233525112271309
-0.0021437454223632857,-0.0011763572692871094,0.05117040729522701,0.9986290335655212,-0.002041161060333252,0.002523100469261408,-0.05224362760782242
-0.0023459243774414107,-0.0019698143005371094,0.05117636775970455,0.9986306428909302,-0.0021476754918694496,0.002602488500997424,-0.052204679697752
-0.0021361160278320357,-0.0009407997131347656,0.05117028808593746,0.9986252784729004,-0.0020745627116411924,0.0025731550995260477,-0.05231267958879471
-0.004170303344726567,0.015832901000976562,0.051172553062438925,0.9986266493797302,-0.002379962708801031,0.002565887989476323,-0.05227353423833847
-0.0021961975097656294,-0.0006647109985351562,0.05112892246246334,0.998633086681366,-0.001866700709797442,0.0028671622276306152,-0.052155930548906326
0.0008212280273437456,0.01241445541381836,0.05117958641052242,0.998630166053772,-0.0019303822191432118,0.0024136241991072893,-0.05223224312067032
-0.002106552124023442,-0.0005335807800292969,0.05112415409088131,0.9986283183097839,-0.001621611532755196,0.0030653667636215687,-0.052242379635572433
-0.0022947835922241255,-0.0017991065979003906,0.05117446041107174,0.9986329078674316,-0.002201609779149294,0.0025745148304849863,-0.05216147005558014
-0.002374057769775395,-0.0017180442810058594,0.05117827510833736,0.998623788356781,-0.0018798516830429435,0.002521700691431761,-0.05234969034790993
-0.002240066528320317,-0.0013890266418457031,0.0511767253875732,0.9986277222633362,-0.0020460195373743773,0.0025553377345204353,-0.052267011255025864
-0.0022720146179199263,-0.0016102790832519531,0.05117684459686275,0.9986305236816406,-0.0019518401240929961,0.0025001545436680317,-0.052219271659851074
-0.005970363616943364,0.16444110870361328,0.022963343620300256,0.9984726905822754,-0.008108709007501602,-0.0032806741073727608,-0.054549440741539
-0.0022810745239257857,-0.0013208389282226562,0.05117934799194332,0.9986295700073242,-0.0019654440693557262,0.0026136755477637053,-0.0522315539419651
-0.002340202331542973,-0.0010361671447753906,0.05117076492309566,0.9986252188682556,-0.002080935752019286,0.0025790368672460318,-0.05231326445937157
-0.0023115921020507857,-0.0018091201782226562,0.05117374515533443,0.9986283779144287,-0.0022964479867368937,0.002613632008433342,-0.05224142596125603
-0.002332572937011723,-0.0012960433959960938,0.05116885757446285,0.9986270070075989,-0.0021622302010655403,0.0025627261493355036,-0.05227573961019516
-0.002336387634277348,-0.0017542839050292969,0.05117684459686275,0.9986282587051392,-0.0019921998027712107,0.002562348498031497,-0.05225766822695732
-0.0022887039184570357,-0.0015273094177246094,0.05117541408538814,0.9986276626586914,-0.0021454861853271723,0.0025375757832080126,-0.05226464197039604
0.015355224609374996,0.1565237045288086,0.04498034572601314,0.99863201379776,0.0012696005869656801,0.00041056671761907637,-0.052270885556936264
-0.002220993041992192,-0.0011610984802246094,0.05117159938812252,0.9986242055892944,-0.0020737566519528627,0.0026147656608372927,-0.052329543977975845
-0.002297286987304692,-0.0015611648559570312,0.0511764869689941,0.9986297488212585,-0.001975821563974023,0.002504283795133233,-0.05223342403769493
-0.002480392456054692,-0.002166748046875,0.05117446041107174,0.998626172542572,-0.0022616044152528048,0.0026135386433452368,-0.05228624865412712
-0.0023094612360000655,-0.0015048980712890625,0.051175890922546347,0.998625636100769,-0.0020762551575899124,0.0025362828746438026,-0.05230633169412613
-0.0023526000976562544,-0.001434326171875,0.051177202224731405,0.9986315369606018,-0.002043996937572956,0.002586665330454707,-0.05219380185008049
8.522987365722212e-05,0.0001678466796875,0.05035370445251461,0.998626708984375,-0.0017244576010853052,0.0026404913514852524,-0.052295297384262085
-0.027054672241210942,0.16562557220458984,0.069661675453186,0.9986470937728882,0.00128355307970196,0.002645244589075446,-0.0519157350063324
-0.0022577095031738326,-0.0012769699096679688,0.05117028808593746,0.9986275434494019,-0.002096227603033185,0.002600733656436205,-0.05226660892367363
0.010606403350830074,0.1077280044555664,0.03640776729583736,0.9986207485198975,-0.002475436544045806,0.0014337245374917984,-0.052424877882003784
-0.001999740600585942,-0.00045108795166015625,0.05112427330017086,0.998622715473175,-0.0014219762524589896,0.002996668452396989,-0.0523594506084919
-0.0022915649414062544,-0.0015125274658203125,0.05117493724822994,0.9986246824264526,-0.002237441251054406,0.0026562779676169157,-0.05231181159615517
-0.0023077774047851607,-0.0015382766723632812,0.05117338752746578,0.998626708984375,-0.0023876167833805084,0.0026448301505297422,-0.05226798355579376
-0.0038594055175781294,0.16746902465820312,0.05475956058502193,0.9986291527748108,0.0015679550124332309,0.0011122318683192134,-0.0523061640560627
-0.002214317321777348,-0.00189208984375,0.05117493724822994,0.9986261129379272,-0.0020846014376729727,0.002528255572542548,-0.05229801684617996
-0.0023573684692382857,-0.0015897750854492188,0.05117541408538814,0.9986264705657959,-0.0022146643605083227,0.002605309709906578,-0.0522809773683548
-0.002400283813476567,-0.0021533966064453125,0.05117469882965084,0.9986295104026794,-0.0022786343470215797,0.0026406391989439726,-0.05221876502037048
-0.0022686767578125044,-0.0012416839599609375,0.051171003341674764,0.9986278414726257,-0.0020909179002046585,0.0026060857344418764,-0.05226077511906624
-0.0017575073242187544,-0.0005512237548828125,0.0511081800460815,0.9986270666122437,-0.0017865264089778066,0.0031211203895509243,-0.052258964627981186
-0.00022399902343750444,0.00018024444580078125,0.05035906887054439,0.9986252784729004,-0.0013403447810560465,0.0028172803577035666,-0.05232348293066025
-0.0023152130842208907,-0.00150299072265625,0.051175890922546347,0.9986269474029541,-0.002159298863261938,0.002593692159280181,-0.052275463938713074
-0.0023666667938232466,-0.0016841888427734375,0.05117481803894039,0.998626172542572,-0.0022440063767135143,0.002582394750788808,-0.05228674039244652
-0.001916294097900395,0.0010995864868164062,0.05113082981109615,0.9986305236816406,-0.0016196329379454255,0.003060407005250454,-0.05220074579119682
-0.0023831176757812544,-0.002216339111328125,0.051173983573913534,0.9986279010772705,-0.0022805901244282722,0.002621881663799286,-0.05225064605474472
-0.002297286987304692,-0.0015764236450195312,0.051177202224731405,0.9986343383789062,-0.0019909110851585865,0.002528225304558873,-0.052143268287181854
-0.021628742218017583,0.10722064971923828,0.0267239198684692,0.9986233711242676,-0.002602595603093505,0.0019488026155158877,-0.05235280469059944
-0.0022887039184570357,-0.0018138885498046875,0.05117529487609859,0.9986330270767212,-0.0021048132330179214,0.0025546520482748747,-0.05216442793607712
-0.002275352478027348,-0.0014133453369140625,0.05117767906188961,0.9986313581466675,-0.0019385296618565917,0.002549778437241912,-0.0522029846906662
-0.002312545776367192,-0.0019521713256835938,0.05117636775970455,0.9986320734024048,-0.002073124749585986,0.002574138343334198,-0.052182387560606
-0.002252464294433598,-0.00189208984375,0.05117755985260006,0.998630940914154,-0.0019486368400976062,0.0025529840495437384,-0.05220939964056015
-0.002466087341308598,-0.0022745132446289062,0.051174221992492636,0.9986310601234436,-0.002323420252650976,0.002672197762876749,-0.05218702182173729
-0.0025242614746093794,-0.0024766921997070312,0.05117636775970455,0.9986299872398376,-0.0021555316634476185,0.002601133892312646,-0.052216872572898865
-0.001889114379882817,-0.0005750656127929688,0.051114617347717245,0.9986279010772705,-0.0018335907952859998,0.0031004894990473986,-0.05224299058318138
-0.002297286987304692,-0.001644134521484375,0.05117374515533443,0.9986265897750854,-0.0022910854313522577,0.002602202584967017,-0.05227627977728844
-0.002373580932617192,-0.002407073974609375,0.051174221992492636,0.9986279010772705,-0.002259113360196352,0.0026156026870012283,-0.05225319415330887
-0.0024708557128906294,-0.002437591552734375,0.051174341201782186,0.9986271262168884,-0.0022959811612963676,0.0026096925139427185,-0.05226661637425423
-0.0022000122070312544,-0.0009927749633789062,0.05117302989959713,0.9986266493797302,-0.0019337399862706661,0.002570982789620757,-0.05229145288467407
-0.002327208518981938,-0.0011806488037109375,0.051169572830200155,0.9986289143562317,-0.0021630241535604,0.002594855148345232,-0.05223747715353966
-0.0022457885742187544,-0.0012102127075195312,0.05117171859741207,0.9986273050308228,-0.002003072528168559,0.0025556429754942656,-0.05227714776992798
-0.0021017837524414107,-0.00034332275390625,0.0511232004165649,0.9986312389373779,-0.0017183237941935658,0.003074913751333952,-0.05218358710408211
-0.0023225593566894576,-0.0016641616821289062,0.05117529487609859,0.9986293315887451,-0.0021633754950016737,0.002575343009084463,-0.05223185196518898
-0.002340202331542973,-0.0020475387573242188,0.05117660617828365,0.9986348152160645,-0.0020683566108345985,0.0025848466902971268,-0.05212998390197754
-0.01313388824462891,0.18372821807861328,0.03473991012573238,0.998624324798584,0.0012233088491484523,0.0007993094623088837,-0.052414435893297195
-0.002275352478027348,-0.0013761520385742188,0.05117839431762691,0.99863201379776,-0.0018253617454320192,0.002509696874767542,-0.052196990698575974
0.024619216918945308,0.1650409698486328,0.06885522460937496,0.9986348748207092,0.0008835046319290996,0.000464321841718629,-0.0522238053381443
-0.0022810745239257857,-0.0014562606811523438,0.05117636775970455,0.9986269474029541,-0.0019736685790121555,0.0025544280651956797,-0.052284661680459976
0.019541854858398433,0.15690231323242188,0.06386440849304195,0.9986596703529358,0.0017213746905326843,0.0004304507456254214,-0.051726073026657104
0.00047027587890624556,0.18074703216552734,0.07444077587127682,0.9986407160758972,0.0007780604064464569,0.0012579804752022028,-0.05210122838616371
-0.002240066528320317,-0.00135040283203125,0.05117744064331051,0.9986274242401123,-0.0020292026456445456,0.00256507215090096,-0.052274323999881744
-0.002316360473632817,-0.0013904571533203125,0.05117899036407467,0.9986289739608765,-0.0019227138254791498,0.002598821185529232,-0.05224519595503807
-0.0035122680664062544,0.008744239807128906,0.051198659896850546,0.9986115097999573,-0.001180334948003292,0.0020819338969886303,-0.05262454226613045
-0.013136063814163212,0.1344738006591797,0.047664700508117636,0.9986212849617004,-0.0034606843255460262,0.0023741258773952723,-0.05232527107000351
-0.004387145042419438,0.017274856567382812,0.05117636775970455,0.9986297488212585,-0.0019332297379150987,0.00243619573302567,-0.05223824083805084
-0.016329889297485356,0.17900848388671875,0.039272247314453085,0.9986281991004944,0.001277482369914651,0.0010242845164611936,-0.05233408510684967
-0.002297286987304692,-0.001743316650390625,0.05117493724822994,0.998626708984375,-0.002188297687098384,0.00254916213452816,-0.05228137597441673
-0.0023573684692382857,-0.0013589859008789062,0.05117755985260006,0.9986300468444824,-0.001921654911711812,0.0025147751439362764,-0.05222932994365692
-0.004365806579589848,0.008844375610351562,0.05120831584930416,0.9986299276351929,-0.001620349707081914,0.0025183188263326883,-0.052241940051317215
-0.029103164672851567,0.18018436431884766,0.03892546749114986,0.9986600875854492,0.001651693950407207,0.0015220707282423973,-0.0516989640891552
-0.0022429275512695357,-0.0013532638549804688,0.05117660617828365,0.9986274838447571,-0.0020181327126920223,0.0024876738898456097,-0.05227505415678024
-0.002304916381835942,-0.0011663436889648438,0.05117446041107174,0.9986273050308228,-0.0016745206667110324,0.0025218750815838575,-0.05229087546467781
-0.0023192214965820357,-0.0017576217651367188,0.051173983573913534,0.9986287355422974,-0.0022598241921514273,0.002592243254184723,-0.05223770812153816
-0.002282028198242192,-0.0013551712036132812,0.05117922878265377,0.9986239671707153,-0.0017247396754100919,0.0024748551659286022,-0.0523533932864666
-0.002259140014648442,-0.0013208389282226562,0.051177083015441854,0.9986246228218079,-0.0020751403644680977,0.0025594825856387615,-0.052325040102005005
-0.0022915649414062544,-0.0017108917236328125,0.05117338752746578,0.9986301064491272,-0.002269830321893096,0.002619036938995123,-0.05221018195152283
-0.0023068237304687544,-0.0016679763793945312,0.05117839431762691,0.9986239671707153,-0.0018950236262753606,0.0025735904928296804,-0.05234486609697342
-0.002217178344726567,-0.0013637542724609375,0.051178513526916464,0.9986332058906555,-0.0017712739063426852,0.0024826377630233765,-0.052176766097545624
-0.0023014295101165816,-0.0014867782592773438,0.051173983573913534,0.9986314177513123,-0.0022570397704839706,0.0025830245576798916,-0.052187442779541016
-0.0023084926605224654,-0.0016498565673828125,0.051175533294677694,0.998627781867981,-0.002139716874808073,0.0025828646030277014,-0.05226070433855057
-0.0022374439239501998,-0.0015707015991210938,0.05117684459686275,0.9986281394958496,-0.002010582247748971,0.002567163435742259,-0.05226011201739311
-0.0022581863403320357,-0.0017557144165039062,0.05117457962036129,0.9986297488212585,-0.0022776834666728973,0.0025976579636335373,-0.05221661925315857
-0.0019511032104492232,0.0673818588256836,0.028386293411254846,0.9986149668693542,-0.0025070845149457455,0.0017658337019383907,-0.05252285674214363
-0.0022729682922363326,-0.001438140869140625,0.051175771713256796,0.9986241459846497,-0.002106141997501254,0.0025783097371459007,-0.052331097424030304
-0.0023754882812500044,-0.0015974044799804688,0.05117481803894039,0.9986284971237183,-0.002237883396446705,0.0025719276163727045,-0.05224304646253586
-0.0022925186157226607,-0.0014410018920898438,0.05117636775970455,0.9986265897750854,-0.0020659922156482935,0.002546546747907996,-0.05228954926133156
-0.0022877502441406294,-0.0016307830810546875,0.051174341201782186,0.9986317157745361,-0.002272483194246888,0.002586562652140856,-0.052179183810949326
-0.0021284866333007857,0.013865470886230469,0.05118745422363277,0.9986282587051392,-0.0020744779612869024,0.002488755853846669,-0.05225943773984909
-0.0023192214965820357,-0.0015668869018554688,0.051174102783203085,0.9986300468444824,-0.0022266970481723547,0.0026017583440989256,-0.05221410095691681
-0.0023487854003906294,-0.0016145706176757812,0.05117469882965084,0.9986281394958496,-0.0021847218740731478,0.0025940018240362406,-0.05225184187293053
-0.0022953796386718794,-0.0014858245849609375,0.05117612934112545,0.9986286163330078,-0.0020570449996739626,0.0025528953410685062,-0.05224915221333504
-0.0022114562988281294,-0.0012798309326171875,0.05117171859741207,0.9986252784729004,-0.0019872700795531273,0.002553568920120597,-0.05231638625264168
-0.0018795776367187544,-0.00028705596923828125,0.051114736557006796,0.9986345171928406,-0.0016374570550397038,0.003014259273186326,-0.05212806165218353
-0.002369766235351567,-0.001552581787109375,0.051175771713256796,0.9986291527748108,-0.0021852643694728613,0.00260947085916996,-0.05223134532570839
-0.0022953498363494917,-0.0011434555053710938,0.05117064571380611,0.9986302852630615,-0.002030914882197976,0.0025261235423386097,-0.052221402525901794
-0.0023062276840210005,-0.001834869384765625,0.05117541408538814,0.9986287355422974,-0.0020861614029854536,0.0025306022725999355,-0.05224672704935074
0.013887758255004878,0.16897106170654297,0.07076579189300533,0.9986341595649719,0.0016111814184114337,0.0009703221148811281,-0.052214059978723526
-0.0023263740539550826,-0.0012540817260742188,0.05117076492309566,0.9986327886581421,-0.002100106328725815,0.002589458366855979,-0.052167635411024094
-0.022506599426269536,0.1739788055419922,0.07312780475616451,0.9986457824707031,0.001786035019904375,0.0025672840420156717,-0.05193083733320236
-0.002231960296630864,-0.001087188720703125,0.05117028808593746,0.9986293911933899,-0.0021015566308051348,0.0025584085378795862,-0.05223224684596062
-0.0023793029785156294,-0.0023860931396484375,0.0511764869689941,0.9986256957054138,-0.0021681319922208786,0.002645978471264243,-0.05229785665869713
-0.002427940368652348,-0.0020904541015625,0.051175771713256796,0.998630166053772,-0.002115263370797038,0.0025669196620583534,-0.052216898649930954
-0.002552871704101567,0.0038242340087890625,0.05121022319793697,0.9986315369606018,-0.001645458280108869,0.0025487267412245274,-0.052208129316568375
-0.0037335205078125044,0.015656471252441406,0.05117803668975826,0.9986304044723511,-0.0019496986642479897,0.002539094304665923,-0.05222079157829285
-0.05508125305175782,0.18489837646484375,0.09281164264678951,0.9986530542373657,0.0021711387671530247,0.0046108318492770195,-0.05163401737809181
-0.002316360473632817,-0.0021724700927734375,0.0511760101318359,0.9986271262168884,-0.0021678705234080553,0.0025859472807496786,-0.05227186903357506
-0.0044125366210937544,0.04137134552001953,0.023291526794433557,0.9986075162887573,-0.002333433832973242,0.0018437813268974423,-0.05266973376274109
-0.0023716735839843794,-0.0017986297607421875,0.05117791748046871,0.9986255168914795,-0.001970927231013775,0.0025936744641512632,-0.05231063440442085
-0.0024479675292968794,-0.0020513534545898438,0.05117660617828365,0.9986311793327332,-0.002127966843545437,0.0026303227059543133,-0.05219458416104317
-0.002434616088867192,-0.0018262863159179688,0.05117457962036129,0.9986317753791809,-0.002170021180063486,0.0025701248086988926,-0.05218508094549179
-0.002296184301376347,0.016260147094726562,0.051172553062438925,0.9986311793327332,-0.00224418961443007,0.002448942745104432,-0.052197109907865524
-0.002295141220092778,-0.00165557861328125,0.051176248550415,0.998630702495575,-0.0020710425451397896,0.002554657869040966,-0.05220852419734001
-0.00551355361938477,0.015741348266601562,0.051174102783203085,0.9986310601234436,-0.0020504798740148544,0.0025245933793485165,-0.05220417678356171
-0.002220993041992192,-0.0012454986572265625,0.05117076492309566,0.9986230731010437,-0.002052905270829797,0.0025759341660887003,-0.05235504359006882
-0.002132778167724614,-0.00061798095703125,0.051122246742248495,0.9986287951469421,-0.0014456461649388075,0.0030519585125148296,-0.05224096402525902
-0.002296810150146489,-0.001712799072265625,0.05117529487609859,0.9986279010772705,-0.002205304801464081,0.0026043502148240805,-0.052255403250455856
-0.002316360473632817,-0.001773834228515625,0.051175890922546347,0.9986281394958496,-0.0020793394651263952,0.0025962244253605604,-0.052254945039749146
-0.002195243835449223,-0.0006237030029296875,0.051123677253723104,0.9986238479614258,-0.0015744614647701383,0.0030629204120486975,-0.052330028265714645
-0.0016688156127929732,0.031185150146484375,0.031925378799438436,0.9986150860786438,-0.002049543894827366,0.001914947759360075,-0.05253436043858528
-0.0023497390747070357,-0.0014286041259765625,0.05117779827117916,0.9986302852630615,-0.002046671463176608,0.002620324958115816,-0.052214764058589935
-0.002263908386230473,-0.0011463165283203125,0.05117076492309566,0.9986271858215332,-0.0020697081927210093,0.002558171283453703,-0.05227585509419441
-0.002388839721679692,-0.002002716064453125,0.051174102783203085,0.9986304640769958,-0.00224335677921772,0.002576919039711356,-0.05220486968755722
-0.0023106384277343794,-0.0015106201171875,0.051177202224731405,0.9986255764961243,-0.0020725440699607134,0.0026247792411595583,-0.05230461433529854
-0.002213363647460942,-0.001285552978515625,0.05117076492309566,0.9986270070075989,-0.002104219514876604,0.0026185486931353807,-0.052274953573942184
-0.0021580505371093794,-0.0011749267578125,0.05117231464385982,0.9986279606819153,-0.0019322404405102134,0.0025378146674484015,-0.052269306033849716
-0.002362926602363591,-0.0014972686767578125,0.051177321434020956,0.9986284375190735,-0.0020476134959608316,0.002593238605186343,-0.052251096814870834
-0.0023030090332031294,-0.001552581787109375,0.051177083015441854,0.9986217021942139,-0.001998049905523658,0.0025560008361935616,-0.05238423869013786
-0.002267723083496098,-0.0014019012451171875,0.051177202224731405,0.9986302256584167,-0.001971693942323327,0.002543702721595764,-0.0522223524749279
-0.002241020202636723,-0.00133514404296875,0.051177321434020956,0.9986327290534973,-0.0019341495353728533,0.002495485357940197,-0.05217945948243141
-0.0023149299621582076,-0.00147247314453125,0.05117660617828365,0.998629093170166,-0.001998886466026306,0.002525344491004944,-0.052243273705244064
-0.0024136352539062544,-0.0020732879638671875,0.051175533294677694,0.9986264109611511,-0.002151679713279009,0.0025904725771397352,-0.05228734388947487
-0.002263908386230473,-0.0014400482177734375,0.05117791748046871,0.9986298680305481,-0.001893347129225731,0.0025339475832879543,-0.05223274603486061
-0.0022810745239257857,-0.00164794921875,0.05117457962036129,0.9986266493797302,-0.0022697511594742537,0.0026361229829490185,-0.052273716777563095
-0.0022763061523437544,-0.0015087127685546875,0.0511760101318359,0.9986287355422974,-0.0021388495806604624,0.0025858653243631124,-0.0522439070045948
-0.00026977539062500444,0.006946563720703125,0.051213680267333944,0.9986194372177124,-0.001755915698595345,0.0025019727181643248,-0.05243842676281929
-0.0003527450561523482,4.76837158203125e-05,0.05075841999053951,0.9986501336097717,-0.003998574335128069,0.0019634775817394257,-0.05175011605024338
-0.002282028198242192,-0.001110076904296875,0.051169334411621054,0.9986264109611511,-0.0021843500435352325,0.002581008244305849,-0.052285533398389816
-0.016871337890625004,0.17252731323242188,0.06963103866577144,0.9986530542373657,0.0011564738815650344,0.001949277357198298,-0.051834214478731155
-0.002259140014648442,-0.0015811920166015625,0.05117457962036129,0.9986267685890198,-0.002272284124046564,0.002621574094519019,-0.052271999418735504
-0.002240066528320317,-0.0010852813720703125,0.05117136096954342,0.9986240267753601,-0.002070517046377063,0.0025875759311020374,-0.052335865795612335
-0.0033048737049102828,0.015726089477539062,0.05117338752746578,0.998630940914154,-0.00227620848454535,0.0025123797822743654,-0.052197519689798355
-0.0024734783172607466,-0.0022869110107421875,0.051175533294677694,0.9986243844032288,-0.00211140513420105,0.002572106895968318,-0.05232805013656616
0.04231106758117675,0.16249847412109375,0.08599203681945797,0.9986547827720642,0.0016166296554729342,-0.0006890608929097652,-0.05182073637843132
-0.0023230361938476607,-0.00177764892578125,0.0511767253875732,0.998626172542572,-0.002083034720271826,0.0026049145963042974,-0.05229363590478897
-0.002289657592773442,-0.0020275115966796875,0.05117505645751949,0.9986281991004944,-0.0021483595483005047,0.0025466156657785177,-0.05225368216633797
-0.001732711791992192,-0.0004253387451171875,0.051110206604003866,0.9986305236816406,-0.0017923293635249138,0.003026688238605857,-0.05219808220863342
-0.027209167480468754,0.17482948303222656,0.08317261791229244,0.9986687302589417,0.001385750831104815,0.0033712212461978197,-0.05145227536559105
-0.0022848892211914107,-0.0015163421630859375,0.051174221992492636,0.998629629611969,-0.002239495748654008,0.002591159660369158,-0.052220333367586136
0.021040077209472652,0.1628875732421875,0.023091255187988245,0.9986644387245178,-0.0016030000988394022,0.00015851558418944478,-0.05164079740643501
-0.002415542602539067,-0.0019702911376953125,0.05117469882965084,0.9986324906349182,-0.002251738915219903,0.0026380105409771204,-0.05216394364833832
-0.0023602294921875044,-0.0016345977783203125,0.0511760101318359,0.9986276626586914,-0.002143562538549304,0.0025816443376243114,-0.05226359888911247
-0.002244834899902348,-0.0009765625,0.051171122550964315,0.9986279010772705,-0.002052878262475133,0.0025613338220864534,-0.052264366298913956
-0.016678695678710942,0.17997169494628906,0.034327088356018026,0.9986199736595154,0.0012130951508879662,0.0009846009779721498,-0.05249437689781189
-0.03351486206054688,0.15251731872558594,0.04142910099029537,0.9987279176712036,-0.0051171910017728806,0.0024340066593140364,-0.05010414496064186
-0.0022381591796875044,-0.0012149810791015625,0.05117362594604488,0.9986259937286377,-0.0017945534782484174,0.002497598994523287,-0.052311912178993225
-0.002227951884269719,-0.001171112060546875,0.051169572830200155,0.9986290335655212,-0.0022297664545476437,0.002636000281199813,-0.05223052203655243
-0.0022032308578491255,-0.000614166259765625,0.051122365951538046,0.9986292123794556,-0.001457744394429028,0.0030666450038552284,-0.052230726927518845
-0.002260093688964848,-0.0013713836669921875,0.051177083015441854,0.9986315965652466,-0.0019810444209724665,0.002512939739972353,-0.05219772458076477
-0.002296810150146489,-0.00136566162109375,0.051177083015441854,0.9986286163330078,-0.001994657563045621,0.0025286420714110136,-0.052253175526857376
-0.002262954711914067,-0.0013027191162109375,0.051172433853149374,0.9986265301704407,-0.0019432927947491407,0.002571376506239176,-0.05229268968105316
-0.0023535537719726607,-0.0017757415771484375,0.05117517566680904,0.9986295104026794,-0.002242419170215726,0.0026157726533710957,-0.05222102627158165
-0.0022505569458007857,-0.0016460418701171875,0.05117744064331051,0.9986234307289124,-0.0019218535162508488,0.002526878612115979,-0.05235517770051956
-0.0022848892211914107,-0.0015392303466796875,0.051177202224731405,0.9986307621002197,-0.001968771917745471,0.0025892278645187616,-0.05220993235707283
-0.002266769409179692,-0.0019283294677734375,0.051176248550415,0.9986214637756348,-0.002077365294098854,0.002588635543361306,-0.05238449573516846
-0.0022925186157226607,-0.00148773193359375,0.051174221992492636,0.9986259937286377,-0.0021826475858688354,0.002552323741838336,-0.05229436978697777
-0.010472183227539067,0.017690658569335938,0.051175890922546347,0.9986546635627747,-0.0016092195874080062,0.002653504488989711,-0.051759764552116394
-0.0023955154418945357,-0.0018634796142578125,0.05117517566680904,0.9986311793327332,-0.0022300533019006252,0.0026206017937511206,-0.052191004157066345
-0.002354507446289067,-0.0020084381103515625,0.051175771713256796,0.9986299872398376,-0.0021339822560548782,0.002609572373330593,-0.05221700295805931
-0.0073880004882812544,0.1252422332763672,0.02300041770935055,0.998612642288208,-0.0026510823518037796,0.0011731223203241825,-0.05257583037018776
-0.002159957885742192,-0.0009555816650390625,0.051172791481018026,0.998624324798584,-0.0019244278082624078,0.002552967518568039,-0.05233593285083771
-0.002293472290039067,-0.0013446807861328125,0.051177202224731405,0.9986274838447571,-0.002105484949424863,0.002589368261396885,-0.05226687341928482
