-0.006646354794502263,-0.01040671207010746,0.0512145147323608,0.9986252784729004,-0.0016113811871036887,0.0028011633548885584,-0.05231565609574318
-0.006442670822143559,-0.0014499382814392447,0.05117958641052242,0.9986295700073242,-0.002076386474072933,0.0027577425353229046,-0.05221940577030182
-0.0007318305969238326,0.001969839446246624,0.05117386436462398,0.9986304640769958,-0.0016638640081509948,0.002747098682448268,-0.05221975967288017
-0.009508495330810551,-0.006203922908753157,0.051200090408325155,0.9986304640769958,-0.0018209227127954364,0.002832654630765319,-0.052207887172698975
0.0057684135437011674,-0.01045788824558258,0.05118828868865963,0.9986273050308228,-0.0014446558197960258,0.002429006388410926,-0.05230213329195976
-0.0011233139038085982,-0.005930392071604729,0.051195679664611776,0.9986276030540466,-0.0020058287773281336,0.002562405541539192,-0.05227121710777283
-0.004680519104003911,0.003842959413304925,0.051212488174438436,0.9986291527748108,-0.0017004694091156125,0.0026105097495019436,-0.05225012078881264
-0.0036886978149414107,0.004031793214380741,0.05121201133728023,0.9986343383789062,-0.001703163725323975,0.0025635305792093277,-0.05215153470635414
-0.0015333938598632857,0.004888972733169794,0.0512072429656982,0.9986330270767212,-0.0016386889619752765,0.002372339367866516,-0.052188947796821594
-0.01057804107666016,0.013417701236903667,0.05119138813018795,0.9986352324485779,-0.0019840546883642673,0.0027082727756351233,-0.05211822688579559
-0.0047444152832031294,-0.007060924079269171,0.051197229385375936,0.9986263513565063,-0.0019504352239891887,0.002656911499798298,-0.0522928424179554
0.018922920227050777,0.17514827847480774,0.04028957939147945,0.9986270666122437,0.001557647599838674,-0.0005356776528060436,-0.05235718563199043
-0.0032566833496093794,0.00365174631588161,0.051210700035095175,0.9986315369606018,-0.0016599111258983612,0.002512759529054165,-0.05221046879887581
0.005446548461914058,-0.007971714250743389,0.05119448757171627,0.9986262917518616,-0.0016358669381588697,0.002416831674054265,-0.0523151196539402
0.003398056030273433,-0.00701512023806572,0.05120569324493404,0.9986289739608765,-0.001517710741609335,0.0023624664172530174,-0.05227113142609596
-0.0048092651367187544,-0.0027944587636739016,0.051178871154785116,0.9986252784729004,-0.0019683765713125467,0.002661159262061119,-0.05231165140867233
0.0016652595996856645,0.007599234580993652,0.05119353389739986,0.998629629611969,-0.001746650435961783,0.0023866891860961914,-0.05224858969449997
0.0017176818847656206,-0.004372715950012207,0.051209388732910116,0.9986268281936646,-0.0016413284465670586,0.0024541865568608046,-0.05230424553155899
-0.02023041725158692,0.17405259609222412,0.038550435066223104,0.9986433386802673,-0.00047109671868383884,0.0020306233782321215,-0.05202919989824295
-0.0011962699890136763,0.001657247543334961,0.05115204906463619,0.9986310601234436,-0.0015296228229999542,0.0028150840662419796,-0.05220714956521988
0.014823074340820308,0.16059017181396484,0.04990881538391109,0.998638391494751,0.0016991132870316505,-0.00013200609828345478,-0.05213821306824684
-0.006342296600341801,0.0026270151138305664,0.051212130546569784,0.9986284971237183,-0.0016080552013590932,0.0026368864346295595,-0.05226432904601097
-0.0014570999145507857,0.006566882133483887,0.05120998477935787,0.9986321330070496,-0.0017339109908789396,0.0024488677736371756,-0.052198268473148346
0.0028115463256835893,0.005475163459777832,0.0511990175247192,0.9986283779144287,-0.0017911390168592334,0.002388937631621957,-0.0522727370262146
-0.011418228149414067,-0.003901362419128418,0.051184950828552206,0.9986332058906555,-0.0019283666042611003,0.0029321699403226376,-0.05214705690741539
-0.005481605529785161,0.013974666595458984,0.05118864631652828,0.9986278414726257,-0.002237686887383461,0.002581013133749366,-0.052255015820264816
0.0071269226074218706,-0.0031200647354125977,0.05118864631652828,0.9986274242401123,-0.0015164214419201016,0.00237240269780159,-0.05229915678501129
0.006938095092773433,-0.009485363960266113,0.051191149711608847,0.9986242055892944,-0.0015257420018315315,0.0024150775279849768,-0.05235816910862923
-0.002541427612304692,0.007070064544677734,0.05122071361541744,0.9986359477043152,-0.0015745938289910555,0.0024774062912911177,-0.05213003233075142
-0.010350112915039067,-0.0030841827392578125,0.051181612968444784,0.9986308217048645,-0.0018852800130844116,0.0027748087886720896,-0.05220383405685425
0.0005007934570312456,0.0019538402557373047,0.051172433853149374,0.9986292123794556,-0.0015484807081520557,0.002687778789550066,-0.05224926769733429
0.006152267456054683,0.0023714303970336914,0.051195441246032675,0.9986267685890198,-0.0017250151140615344,0.002412702888250351,-0.05230388790369034
0.003515939116477962,0.18835854530334473,0.04459112739562984,0.9986469149589539,-2.781477178359637e-06,0.0006058090948499739,-0.05199943855404854
-0.005071644783020024,-0.010756969451904297,0.05121201133728023,0.9986326098442078,-0.0015153730055317283,0.0026867182459682226,-0.052184853702783585
0.006509418487548824,-0.0008089542388916016,0.051192222595214804,0.9986307621002197,-0.0015366817824542522,0.0023130993358790874,-0.05223711207509041
0.004837150573730464,-0.008527994155883789,0.05120271301269527,0.9986270666122437,-0.0015731077874079347,0.0023733682464808226,-0.052305057644844055
0.0045820426940917924,0.00780034065246582,0.05118304347991939,0.9986268281936646,-0.0021605240181088448,0.0022860218305140734,-0.05229268595576286
0.005890007019042964,-0.0032873153686523438,0.051191030502319296,0.9986269474029541,-0.0013991862069815397,0.0023221690207719803,-0.05231456458568573
-0.003445510864257817,-0.00444793701171875,0.05119138813018795,0.9986322522163391,-0.0020239197183400393,0.0027268489357084036,-0.05217234417796135
-0.007050399780273442,0.17411398887634277,0.06575292205810543,0.9986420273780823,0.0011256017023697495,0.0013998942449688911,-0.0520656555891037
0.0071765136718749956,-0.009227752685546875,0.05118816947937008,0.9986261129379272,-0.0014346017269417644,0.0023813822772353888,-0.05232686921954155
-0.0004004287719726607,0.003051280975341797,0.05120545482635494,0.9986284971237183,-0.0014564377488568425,0.0024271546863019466,-0.052278682589530945
-0.007169609069824223,0.010634899139404297,0.05120545482635494,0.9986248016357422,-0.002113036112859845,0.002819219371303916,-0.05230743810534477
-0.04848564147949219,0.1848764419555664,0.026391325950622522,0.9986454248428345,0.0013481779024004936,0.002757669659331441,-0.05194077640771866
0.009701843261718746,0.171295166015625,0.08894723510742183,0.9986611604690552,0.0014047380536794662,0.0018666274845600128,-0.05167502909898758
0.00027954101562499556,-0.004774808883666992,0.05118971920013424,0.9986266493797302,-0.0018686159746721387,0.0025154550094157457,-0.05229661986231804
-0.003662948608398442,-0.006914377212524414,0.05119591808319088,0.9986328482627869,-0.0016742701409384608,0.002570956014096737,-0.05218252167105675
-0.005903062522411351,0.0033249855041503906,0.05121201133728023,0.9986292123794556,-0.0016312296502292156,0.002617240184918046,-0.05224926024675369
0.006160612106323238,0.00482940673828125,0.05118507003784176,0.9986330270767212,-0.001960340654477477,0.002362322760745883,-0.052177220582962036
0.011330957412719722,0.17227888107299805,0.03846889591217037,0.9986382126808167,1.8339682355872355e-05,0.0002870249154511839,-0.0521681047976017
0.0054942321777343706,-0.006878852844238281,0.0511917457580566,0.9986247420310974,-0.001501847174949944,0.002286924049258232,-0.05235450342297554
0.00391637802124023,-0.004366397857666016,0.051204858779907186,0.9986257553100586,-0.0015269801951944828,0.002324524102732539,-0.05233391746878624
-0.00947320938110352,-0.006318569183349609,0.051200209617614706,0.9986328482627869,-0.0019274256192147732,0.0028612278401851654,-0.05215775966644287
-0.004361038208007817,0.0003132820129394531,0.05112916088104244,0.9986335635185242,-0.001468004542402923,0.0029946553986519575,-0.05215122550725937
-0.006545906066894536,-0.005961894989013672,0.05119913673400875,0.9986288547515869,-0.0019169417209923267,0.0027739342767745256,-0.05223868414759636
0.00010120391845702681,0.00840902328491211,0.05119663333892818,0.9986310601234436,-0.0017777285538613796,0.0024906108155846596,-0.05221734941005707
-0.003113632202148442,0.007450580596923828,0.05121260738372799,0.9986295700073242,-0.0017942091217264533,0.0025543072260916233,-0.052240241318941116
-0.0053395080566406294,0.007426261901855469,0.051210819244384725,0.9986293911933899,-0.0016906342934817076,0.0025511987041682005,-0.052248213440179825
-0.004899864196777348,0.0014100074768066406,0.05113679027557369,0.9986273646354675,-0.0015212398720905185,0.0030575571581721306,-0.05226580798625946
-0.008816604614257817,-0.009293556213378906,0.05120891189575191,0.99863201379776,-0.0017456781351938844,0.0027803750708699226,-0.05218563601374626
0.0061427307128906206,0.0016713142395019531,0.05118983840942379,0.9986262917518616,-0.0013783664908260107,0.0022624097764492035,-0.052329663187265396
0.001555557250976558,0.16784429550170898,0.05088192081451412,0.9986402988433838,0.0005395443295128644,0.0009821848943829536,-0.05211735889315605
0.001757736206054683,0.004046916961669922,0.051206170082092245,0.9986251592636108,-0.0018306917045265436,0.0023303600028157234,-0.05233471840620041
0.0033039999008178667,0.14922142028808594,0.08089464759826656,0.998661994934082,0.0009141078335233033,0.002201956231147051,-0.0516560934484005
-0.008100514411926274,-0.0031690597534179688,0.05117744064331051,0.9986287355422974,-0.002280282089486718,0.002831387333571911,-0.052223172038793564
0.002030248641967769,-0.003024578094482422,0.051209388732910116,0.9986298084259033,-0.0016644346760585904,0.0024327109567821026,-0.052246417850255966
-0.0029557991027832076,-0.0036163330078125,0.051176963806152304,0.9986239671707153,-0.0021414970979094505,0.0026569021865725517,-0.052330490201711655
-0.0003336715698242232,0.0022220611572265625,0.05118757343292232,0.9986335039138794,-0.0015994799323379993,0.0025829020887613297,-0.05217123404145241
0.0043879699707031206,0.005616664886474609,0.05118995761871334,0.9986267685890198,-0.001922677387483418,0.002220720751211047,-0.05230655148625374
0.005085105895996089,0.15744400024414062,0.023053465843200647,0.9985994100570679,-0.008516282774508,0.001730852760374546,-0.052187927067279816
0.005625839233398433,0.005486965179443359,0.05118304347991939,0.9986298680305481,-0.001758683705702424,0.0023172239307314157,-0.052248045802116394
-0.010937576293945317,0.007405281066894531,0.05121618366241451,0.9986313581466675,-0.0017686636419966817,0.002787736477330327,-0.05219528451561928
-0.0044544982910156294,0.006527900695800781,0.051210580825805624,0.9986279606819153,-0.0015212896978482604,0.0026250651571899652,-0.052276451140642166
-0.005292778015136723,0.0072307586669921875,0.05120819664001461,0.998630166053772,-0.0016335516702383757,0.0025064691435545683,-0.05223674699664116
-0.006948356628417973,-0.00988149642944336,0.05120855426788326,0.9986340403556824,-0.0015320798847824335,0.002799347508698702,-0.05215207487344742
-0.009678726196289067,0.005272865295410156,0.05121320343017574,0.998631477355957,-0.0016802169848233461,0.0026996766682714224,-0.05220089107751846
-0.006203536987304692,0.0019378662109375,0.05117219543457027,0.9986357688903809,-0.0014807615661993623,0.0028729296755045652,-0.052116360515356064
0.016501541137695308,0.18964576721191406,0.07818263626098629,0.9986674785614014,0.0012190486304461956,0.0009849844500422478,-0.05158185586333275
0.00011360168457030806,-0.0031223297119140625,0.051174341201782186,0.9986249208450317,-0.0022064615041017532,0.002560509368777275,-0.05231369659304619
-0.01035233318805695,-0.004458904266357422,0.051193772315978964,0.998627245426178,-0.002050719689577818,0.0028879032470285892,-0.05226026847958565
-0.0002542781829834029,0.1653761863708496,0.08377224063873287,0.9986346364021301,0.0014074782375246286,0.0017764752265065908,-0.052187930792570114
-0.005702142715454106,0.006279468536376953,0.051210700035095175,0.9986314177513123,-0.0016189842717722058,0.0025743311271071434,-0.052210766822099686
0.0011602592468261674,0.0047016143798828125,0.05120509719848629,0.9986271858215332,-0.0017286281799897552,0.0023737489245831966,-0.052298519760370255
-0.011513118743896489,0.19094419479370117,0.07890981292724605,0.998673677444458,0.0003092250262852758,0.0028243130072951317,-0.051406823098659515
-0.007042770385742192,0.0006136894226074219,0.05115240669250484,0.9986299276351929,-0.0016805898630991578,0.003101617330685258,-0.052208561450242996
-0.0067280578613281294,0.0025806427001953125,0.05120199775695797,0.9986364841461182,-0.001838208525441587,0.002745429752394557,-0.05209749564528465
0.0037890624999999956,0.0017671585083007812,0.05120891189575191,0.9986292123794556,-0.0017528997268527746,0.0023264801129698753,-0.05226094648241997
-0.01236331939697266,0.01228189468383789,0.05119734859466549,0.9986370801925659,-0.0017162130679935217,0.00274610985070467,-0.05209125205874443
-0.0009039688110351607,0.0062255859375,0.05120998477935787,0.9986286759376526,-0.001711977762170136,0.002442900324240327,-0.05226704850792885
-0.002125625610351567,0.01161050796508789,0.05119782543182369,0.9986408948898315,-0.0021703471429646015,0.0025386735796928406,-0.05201175436377525
0.005881423950195308,-0.010494232177734375,0.05119138813018795,0.9986252188682556,-0.001614981098100543,0.0024809581227600574,-0.052333440631628036
-0.0048817443847656294,0.004714488983154297,0.05121189212799068,0.9986308813095093,-0.0016466451343148947,0.002618920523673296,-0.052218079566955566
0.0036059570312499956,-0.005874156951904297,0.05120807743072506,0.998626708984375,-0.0016480087069794536,0.002382966224104166,-0.052309099584817886
0.002818222045898433,0.0007138252258300781,0.05120581245422359,0.9986326098442078,-0.0015528697986155748,0.0023172046057879925,-0.05220085382461548
-0.002217178344726567,-0.007246494293212891,0.051199851989746054,0.9986238479614258,-0.0017190416110679507,0.002574396785348654,-0.05235300213098526
0.030725668072700496,0.17348670959472656,0.03863650417327877,0.9986365437507629,-0.00029754795832559466,-0.0005846848362125456,-0.052197493612766266
0.00030695915222167525,-0.009678840637207031,0.051207481384277304,0.9986293911933899,-0.0016270396299660206,0.0025113930460065603,-0.05225127562880516
-0.008721237182617192,-0.0010499954223632812,0.05117386436462398,0.9986300468444824,-0.0020887257996946573,0.0027910165954381227,-0.05220966786146164
0.0020338249206542924,0.007166862487792969,0.05119317626953121,0.9986334443092346,-0.0016784629551693797,0.002395796123892069,-0.05217796564102173
0.0028001022338867143,-0.006114006042480469,0.051206289291381796,0.9986306428909302,-0.001532836933620274,0.0023450530134141445,-0.052238091826438904
-0.007937793731689458,0.004830360412597656,0.05121141529083248,0.9986302852630615,-0.0015813440550118685,0.0026836637407541275,-0.05222785472869873
-0.007157211303710942,-0.002895355224609375,0.05117922878265377,0.9986273646354675,-0.002015350153669715,0.0027434281073510647,-0.052265264093875885
-0.0043705749511718794,-0.00927734375,0.05120867347717281,0.99863201379776,-0.0017832099692896008,0.0026973322965204716,-0.05218823254108429
-0.0010489273071289107,0.0035848617553710938,0.05121022319793697,0.9986281394958496,-0.0016961434157565236,0.002459997311234474,-0.05227723345160484
0.0003224563598632768,0.001689910888671875,0.0511537179946899,0.9986261129379272,-0.001629861886613071,0.002862372435629368,-0.052296143025159836
0.0010224533081054643,0.008463859558105469,0.05119329547882076,0.9986302256584167,-0.0015471649821847677,0.002419420052319765,-0.05224330350756645
0.030333633422851558,0.142974853515625,0.07046884155273433,0.9986513257026672,0.00030903174774721265,0.0010185681749135256,-0.05190588906407356
0.010443801879882808,0.0971078872680664,0.023028551101684534,0.9986092448234558,-0.0024341228418052197,0.0006320411921478808,-0.05266088992357254
-0.00927627563476563,-0.008060455322265625,0.05120438194274898,0.998631477355957,-0.001676329062320292,0.0028250450268387794,-0.052194949239492416
-0.014780883789062504,0.06859874725341797,0.02878826713562008,0.9986039996147156,-0.004799218382686377,0.002561928005889058,-0.05253973975777626
-0.003498916625976567,-0.00994110107421875,0.0512065277099609,0.998634397983551,-0.001671466277912259,0.002638169564306736,-0.05214856192469597
0.006358723044395442,-0.0018644332885742188,0.05119162654876705,0.9986260533332825,-0.001531112240627408,0.0023096948862075806,-0.052327826619148254
-0.013971333503723149,0.10529899597167969,0.04119568920135494,0.9986363649368286,-0.004135800059884787,0.0024332834873348475,-0.05198447033762932
-0.005955581665039067,0.002147674560546875,0.05117350673675533,0.9986290335655212,-0.0015893083764240146,0.002889733761548996,-0.05224146321415901
-0.010021572113037114,-0.0007543563842773438,0.05117136096954342,0.9986332654953003,-0.001410449855029583,0.0030174050480127335,-0.05215710401535034
0.006445999145507808,-0.011316299438476562,0.05119007682800289,0.9986244440078735,-0.0014917858643457294,0.0024631961714476347,-0.052352990955114365
-0.006688003540039067,-0.009160995483398438,0.051209150314331014,0.9986265897750854,-0.0019089013803750277,0.002674388000741601,-0.0522875152528286
-0.006212120056152348,-0.009848594665527344,0.051209031105041464,0.9986302852630615,-0.001686811214312911,0.002775847911834717,-0.05222073197364807
-0.0003756332397460982,-0.0012187957763671875,0.051171241760253866,0.9986287951469421,-0.002054156269878149,0.002577875042334199,-0.0522451214492321
0.0031319808959960893,0.0052127838134765625,0.051197229385375936,0.9986278414726257,-0.0017891578609123826,0.0023305711802095175,-0.05228521302342415
-0.004859809875488286,0.0016965866088867188,0.05115038013458248,0.9986322522163391,-0.0014730333350598812,0.002950844122096896,-0.05217928811907768
-0.01302993774414063,0.15751171112060547,0.07809561347961422,0.9986482858657837,0.0006598847103305161,0.002409453969448805,-0.05191509425640106
-0.0050686645507812544,-0.003574371337890625,0.051178871154785116,0.9986338019371033,-0.0019970329012721777,0.002639689715579152,-0.0521482415497303
0.00026046752929687056,-0.006636619567871094,0.05119424915313717,0.9986258149147034,-0.0017611071234568954,0.0024562664330005646,-0.052318740636110306
-0.011179809570312504,-0.004948616027832031,0.05119508361816402,0.9986276626586914,-0.0019730026833713055,0.0029338335152715445,-0.05225236713886261
-0.003395919799804692,-0.0057277679443359375,0.05119651412963863,0.9986284971237183,-0.0018712334567680955,0.0026034971233457327,-0.052257731556892395
-0.00852096557617188,-0.00974273681640625,0.051209150314331014,0.9986305236816406,-0.0016705971211194992,0.0028212270699441433,-0.05221382901072502
-3.277242183685747e-05,0.008762359619140625,0.051196871757507284,0.9986293911933899,-0.0018917717970907688,0.002458924427628517,-0.052246347069740295
-0.009239916801452641,0.00043487548828125,0.05115991687774654,0.9986295104026794,-0.001708050724118948,0.003067309968173504,-0.05221843346953392
-0.010780220031738286,-0.0018672943115234375,0.05118054008483883,0.9986287355422974,-0.0021983112674206495,0.0029477227944880724,-0.052220266312360764
-0.01073968887329102,0.0035829544067382812,0.05121320343017574,0.9986303448677063,-0.001592535525560379,0.0027518095448613167,-0.05222245305776596
-0.002179031372070317,-0.011197090148925781,0.05121308422088619,0.9986286759376526,-0.0017790641868487,0.002642363775521517,-0.05225364863872528
-0.0008491325378418013,-0.010170936584472656,0.05120950794219967,0.9986258745193481,-0.0015932872192934155,0.0025212550535798073,-0.052319057285785675
-0.007152442932128911,-0.010182380676269531,0.0512147531509399,0.9986312985420227,-0.0016712326323613524,0.0027537206187844276,-0.05220114812254906
0.0029908370971679643,0.01764202117919922,0.05115157222747799,0.9986251592636108,-0.002031229203566909,0.0025313901714980602,-0.0523189976811409
-0.0036763000488281294,-0.0074615478515625,0.05120211696624752,0.9986237287521362,-0.001743372529745102,0.0026173926889896393,-0.05235270410776138
0.006408805847167964,-0.008152961730957031,0.05119460678100582,0.9986260533332825,-0.00161907565779984,0.0024400597903877497,-0.0523202158510685
0.0004931640624999956,0.012341499328613281,0.051180182456970175,0.9986334443092346,-0.0018615822773426771,0.002461293013766408,-0.05216990411281586
0.006220932006835933,0.0038824081420898438,0.05118363952636715,0.9986253976821899,-0.00168475485406816,0.0023340152110904455,-0.05233535170555115
0.004061813354492183,0.16755962371826172,0.0428912029266357,0.9986470937728882,0.00040938094025477767,0.0007535192999057472,-0.05199277773499489
-0.006993179321289067,0.004265785217285156,0.051209388732910116,0.998633623123169,-0.0015582269988954067,0.002542220987379551,-0.05217112600803375
0.001702288985252376,-0.0013456344604492188,0.05120664691925045,0.998631477355957,-0.0016222982667386532,0.0023371651768684387,-0.05221954733133316
-0.009095315933227544,-0.008172988891601562,0.05120533561706539,0.9986299872398376,-0.0017940609250217676,0.00284147122874856,-0.05221809819340706
-0.009872322082519536,0.0029087066650390625,0.051209388732910116,0.9986376166343689,-0.0015023504383862019,0.002701873891055584,-0.05208950117230415
0.0006233406066894487,-0.005770683288574219,0.05119424915313717,0.9986283779144287,-0.0019614105112850666,0.00247483910061419,-0.05226237326860428
-0.0020178604125976607,-0.0049896240234375,0.05118971920013424,0.9986308217048645,-0.0021134393755346537,0.0026272954419255257,-0.05220182240009308
-0.014424209594726567,0.0025634765625,0.05119341468811031,0.9986344575881958,-0.0015024652238935232,0.0030083328019827604,-0.05213160440325737
-0.0016392517089843794,0.004755973815917969,0.05120879268646236,0.998631477355957,-0.0016307084588333964,0.0024847141467034817,-0.05221284180879593
0.005272026062011714,-0.011717796325683594,0.05119031524658199,0.9986299276351929,-0.0015605853404849768,0.0024695752654224634,-0.05224531888961792
-0.010696296691894536,0.006527900695800781,0.05121344184875484,0.9986374378204346,-0.0015583524946123362,0.0027386362198740244,-0.05208902806043625
-0.005926017761230473,0.013517379760742188,0.051188050270080526,0.9986308217048645,-0.001975239720195532,0.0024914320092648268,-0.05221274867653847
-0.01159275054931641,-0.006318092346191406,0.05120080566406246,0.9986315369606018,-0.0018280856311321259,0.002896223682910204,-0.052184902131557465
0.003473396301269527,-4.57763671875e-05,0.051201520919799764,0.9986407160758972,-0.0012195612071081996,0.0022099404595792294,-0.052059292793273926
0.0051470947265624956,0.0071125030517578125,0.051178513526916464,0.9986284375190735,-0.0018228073604404926,0.0023388678673654795,-0.05227215960621834
0.002310867309570308,0.012709617614746094,0.05119305706024166,0.9986135363578796,-0.0026984713040292263,0.0024659838527441025,-0.05251253396272659
-0.008372192382812504,-0.007182121276855469,0.051199971199035604,0.9986335039138794,-0.001886396436020732,0.0028279507532715797,-0.05214780941605568
0.055462951660156246,0.1866140365600586,0.05796915149688717,0.9986314177513123,0.002541721099987626,-0.0021780359093099833,-0.052191682159900665
-0.019110766351222996,0.18718433380126953,0.06408065414428707,0.9986692070960999,0.0014420285588130355,0.002388663124293089,-0.05149690806865692
0.0031923007965087846,0.005509376525878906,0.05119651412963863,0.9986250400543213,-0.001752864453010261,0.0022681031841784716,-0.05234186351299286
0.00346624374389648,0.005963325500488281,0.051198421478271444,0.9986295700073242,-0.001971685327589512,0.0023383123334497213,-0.05224573239684105
-0.010771160125732426,0.0027780532836914062,0.0512147531509399,0.9986295700073242,-0.0017132217762991786,0.0028420353773981333,-0.05222979187965393
-0.00816238403320313,-0.0013742446899414062,0.051180063247680624,0.9986304640769958,-0.0020398872438818216,0.0027428525499999523,-0.052205052226781845
0.0043498229980468706,-0.009555816650390625,0.05120712375640865,0.9986286163330078,-0.001621288014575839,0.0023918268270790577,-0.05227204039692879
0.006315345764160152,-0.008691787719726562,0.0511915073394775,0.9986271262168884,-0.0014590027276426554,0.0023490714374929667,-0.052308179438114166
0.004767532348632808,0.0006971359252929688,0.05120414352416988,0.9986242651939392,-0.0017162872245535254,0.0023811792489141226,-0.052352916449308395
0.0022584152221679643,-0.001522064208984375,0.051207839012145956,0.9986261129379272,-0.001598702510818839,0.0023576293606311083,-0.052323032170534134
0.004923934936523433,0.00605010986328125,0.051184831619262655,0.9986270070075989,-0.002086654771119356,0.0023794774897396564,-0.052287571132183075
-0.009922866821289067,-0.005663871765136719,0.051199851989746054,0.9986310601234436,-0.0018385410076007247,0.0028366991318762302,-0.05219597369432449
0.003298873901367183,-0.0009279251098632812,0.05120497798919674,0.9986248016357422,-0.0015883800806477666,0.002263781614601612,-0.05235322192311287
-0.010613327026367192,0.0025033950805664062,0.05119424915313717,0.9986370801925659,-0.001620269613340497,0.0029317254666239023,-0.052083756774663925
0.0069323730468749956,-0.010671615600585938,0.05119019603729244,0.9986246228218079,-0.0015669651329517365,0.002445458434522152,-0.052347712218761444
-0.020928268432617192,0.16568756103515625,0.08477049922943111,0.9986361861228943,0.001498245052061975,0.0031167108099907637,-0.0520932637155056
0.005688647627830501,0.010027885437011719,0.051168023109435995,0.9986281394958496,-0.0020435922779142857,0.00227231509052217,-0.05227217450737953
0.005400414466857906,-0.004878997802734375,0.051195441246032675,0.9986287355422974,-0.0016834159614518285,0.0024071396328508854,-0.05226793512701988
-0.014023189544677739,0.0078125,0.05121737575531002,0.9986321330070496,-0.0017578410916030407,0.0029162918217480183,-0.052174340933561325
0.02414953231811523,0.14188289642333984,0.022990404129028284,0.998617947101593,-0.0029820874333381653,0.00020169862546026707,-0.05246959999203682
-0.010310535430908208,-0.000766754150390625,0.05117374515533443,0.9986295700073242,-0.0016195230418816209,0.003025138285011053,-0.05222087353467941
-0.0029052543640136763,0.0037031173706054688,0.05120891189575191,0.9986295104026794,-0.00155718345195055,0.0025346982292830944,-0.05225158482789993
0.006401176452636714,0.0016698837280273438,0.05119317626953121,0.998624861240387,-0.0016594799235463142,0.002319677034392953,-0.05234672129154205
-0.0006216812133789107,0.006445884704589844,0.05120676612854,0.9986298084259033,-0.0016240922268480062,0.002442909637466073,-0.05224696546792984
-0.006207351684570317,-0.0066318511962890625,0.0511990175247192,0.9986300468444824,-0.001833784393966198,0.0027462858706712723,-0.05222068727016449
0.00023567199707030806,0.16910934448242188,0.04273801898956295,0.9986271858215332,0.0012157605960965157,0.000992637244053185,-0.05235626548528671
-0.003408317565917973,-0.0018987655639648438,0.05117815589904781,0.9986284375190735,-0.0019024544162675738,0.002564494963735342,-0.05225861817598343
0.003493423461914058,0.013098716735839844,0.05116754627227779,0.9986295700073242,-0.0018985769711434841,0.0024309009313583374,-0.052244026213884354
-0.0005024719238281294,-0.008541107177734375,0.051199851989746054,0.9986244440078735,-0.0016624454874545336,0.002490244572982192,-0.052345480769872665
-0.009381179809570317,-0.004283905029296875,0.05118435478210445,0.998630702495575,-0.0018564979545772076,0.0028471890836954117,-0.05220142379403114
-0.008013610839843754,0.0029935836791992188,0.05121034240722652,0.9986305236816406,-0.0015630543930456042,0.0026996375527232885,-0.05222368612885475
-0.003133778572082524,0.0071964263916015625,0.05121272659301754,0.9986280798912048,-0.0017511408077552915,0.0025502529460936785,-0.05227198079228401
-0.0004295158386230513,0.08839797973632812,0.07203131771087642,0.9986580014228821,-0.0005736208986490965,0.0027466665487736464,-0.05171222239732742
-0.002633934020996098,0.0031280517578125,0.05120736217498775,0.9986295104026794,-0.0015924458857625723,0.002483209827914834,-0.05225159972906113
-0.006382350921630864,0.00595855712890625,0.05121415710449215,0.998630166053772,-0.0017416307236999273,0.002683906117454171,-0.05222588777542114
-0.007032756805419926,-0.001430511474609375,0.051177321434020956,0.9986297488212585,-0.0021727727726101875,0.0027060825377702713,-0.05221663415431976
0.0015011978149414018,-0.008661270141601562,0.05120676612854,0.9986264109611511,-0.0014758460456505418,0.0024153082631528378,-0.052317190915346146
-0.0001333999633789107,0.0012683868408203125,0.051129876136779745,0.9986265301704407,-0.001608008285984397,0.002904742257669568,-0.05228758230805397
-0.003239517211914067,0.008050918579101562,0.05121010398864742,0.9986311793327332,-0.0016177870566025376,0.0025126419495791197,-0.05221768468618393
-0.008727912902832036,-0.010303497314453125,0.05121153450012203,0.9986329674720764,-0.001416789717040956,0.0027816116344183683,-0.05217632278800011
-0.0008200454711914107,-0.01102447509765625,0.05121201133728023,0.9986261129379272,-0.0017406272236257792,0.0025695119984447956,-0.052309006452560425
0.0027962875366210893,0.0061817169189453125,0.05119794464111324,0.9986292123794556,-0.001830110209994018,0.002327187219634652,-0.05225828289985657
-0.00798690795898438,0.0072689056396484375,0.051213918685913046,0.9986304044723511,-0.0017063240520656109,0.002692165784537792,-0.05222044885158539
-0.009102706909179692,-0.000133514404296875,0.05115944004058834,0.9986275434494019,-0.0016344620380550623,0.0030873746145516634,-0.052257563918828964
0.0006552886962890581,-0.009984970092773438,0.05120986557006832,0.9986302852630615,-0.0016433406854048371,0.002510624937713146,-0.05223539099097252
0.005484695434570308,0.0003204345703125,0.05119603729248043,0.9986314177513123,-0.0018335904460400343,0.0023713172413408756,-0.052212707698345184
-0.0064572143554687544,-0.011095046997070312,0.051213799476623495,0.9986324310302734,-0.0016685238806530833,0.002712733345106244,-0.0521828718483448
-0.0059497553110122725,0.002704620361328125,0.05121439552307125,0.9986307621002197,-0.0018120035529136658,0.002701375400647521,-0.05220998078584671
0.00012528419494628462,0.0026836395263671875,0.05120843505859371,0.998634397983551,-0.0016839796444401145,0.002394293434917927,-0.05216105654835701
-0.005537395477294926,0.0007877349853515625,0.051142154693603475,0.9986270070075989,-0.0016338932327926159,0.0031172377057373524,-0.05226542800664902
0.0067449760437011674,0.0052337646484375,0.051184593200683554,0.9986244440078735,-0.001817055861465633,0.0023163999430835247,-0.05234852805733681
-0.01189172744750977,0.011789321899414062,0.05119937515258785,0.99863600730896,-0.001983396243304014,0.0027967626228928566,-0.05209798738360405
-0.002572898864746098,0.0004367828369140625,0.051123915672302206,0.9986241459846497,-0.0017062980914488435,0.00313095492310822,-0.05231596156954765
0.004676933288574214,0.0068683624267578125,0.05119007682800289,0.9986315965652466,-0.0018562560435384512,0.002265991410240531,-0.05221429839730263
-0.0002249526977539107,-0.0016021728515625,0.0511764869689941,0.9986283779144287,-0.0018727785209193826,0.0024156863801181316,-0.052268579602241516
0.002527351379394527,-0.00579071044921875,0.05120795822143551,0.9986286759376526,-0.0016759098507463932,0.0023864037357270718,-0.05227111652493477
-0.009893302917480473,0.0003566741943359375,0.05116778469085689,0.9986340999603271,-0.001361575094051659,0.002866726368665695,-0.05215052515268326
-0.01058853149414063,0.0037479400634765625,0.05121284580230709,0.9986350536346436,-0.0015573317650705576,0.002763311844319105,-0.05213414505124092
-0.006199722290039067,0.15607452392578125,0.0867677316665649,0.9986345171928406,0.002102271653711796,0.0023857662454247475,-0.05214229226112366
0.07661544799804687,0.1708202362060547,0.03721147632598873,0.9986236691474915,0.002683444647118449,-0.003100681584328413,-0.05228551849722862
0.005545730590820308,-0.00856781005859375,0.05119675254821773,0.9986270666122437,-0.0017186175100505352,0.0023965532891452312,-0.052300091832876205
0.0030815106630325273,0.0063323974609375,0.05119639492034908,0.9986270666122437,-0.0018439912237226963,0.0023437596391886473,-0.05229821801185608
0.010746355056762691,0.1354961395263672,0.07287269687652584,0.9986311793327332,0.0018003813456743956,0.0011088356841355562,-0.05226137861609459
-0.003857498168945317,-0.00173187255859375,0.051178632736206014,0.9986306428909302,-0.0018820491386577487,0.0025547570548951626,-0.052218418568372726
-0.010231380462646489,0.00740814208984375,0.051213799476623495,0.9986323714256287,-0.0016821019817143679,0.0027376809157431126,-0.0521833635866642
-0.00235498428344727,0.186767578125,0.07984262561798092,0.9986643195152283,0.0005491622723639011,0.0020397475454956293,-0.051624320447444916
0.002951259613037105,0.007244110107421875,0.05119281864166256,0.9986238479614258,-0.0020748514216393232,0.0023895101621747017,-0.052348412573337555
-0.004162673950195317,-0.000141143798828125,0.051130114555358847,0.9986376762390137,-0.0015685962280258536,0.003052033018320799,-0.0520663857460022
-0.00030410766601562944,0.008190155029296875,0.05119830226898189,0.9986312985420227,-0.0018145986832678318,0.0023761936463415623,-0.05221637710928917
-0.0013998794555664107,0.0048007965087890625,0.05121141529083248,0.998626708984375,-0.0017675847047939897,0.0024870603810995817,-0.052301231771707535
-0.0022763061523437544,0.0026378631591796875,0.05121129608154293,0.9986367225646973,-0.0016782957827672362,0.0025494007859379053,-0.0521094985306263
-0.0016125488281250044,-0.009128570556640625,0.05120676612854,0.9986281394958496,-0.0016664006980136037,0.002614669967442751,-0.052269097417593
0.006301040649414058,0.0073909759521484375,0.05117744064331051,0.9986258149147034,-0.0020415177568793297,0.0022988112177699804,-0.052314963191747665
0.0032511901855468706,0.0054340362548828125,0.05119734859466549,0.9986293315887451,-0.0017654735129326582,0.0022954996675252914,-0.052259575575590134
0.01113235473632812,0.12393379211425781,0.023024378776550256,0.9986100792884827,-0.002805578988045454,0.0005358404014259577,-0.05262821540236473
-0.011469726562500004,-0.01068115234375,0.05121761417388912,0.9986259341239929,-0.001693512313067913,0.0029278602451086044,-0.05229559168219566
-0.0032414245605468794,-0.009313583374023438,0.05120843505859371,0.9986228942871094,-0.0016684748698025942,0.0027129917871207,-0.05236509442329407
0.006898949742317195,-0.004573822021484375,0.05119055366516109,0.9986254572868347,-0.0015199229819700122,0.002341274172067642,-0.05233747139573097
-0.0045803833007812544,-0.008647918701171875,0.05120271301269527,0.9986273646354675,-0.0019150599837303162,0.002666233340278268,-0.05227336660027504
-0.0034135627746582076,0.0031147003173828125,0.051212488174438436,0.9986295104026794,-0.0017528680618852377,0.0026012330781668425,-0.05224194750189781
-0.0069307136535644576,0.16382789611816406,0.08409494018554683,0.998650074005127,0.0011671254178509116,0.0022737944964319468,-0.05187879502773285
0.0013128471374511674,-0.008129119873046875,0.05119913673400875,0.9986276030540466,-0.0017318056197836995,0.002451258711516857,-0.05228604003787041
0.003929252624511714,0.0033092498779296875,0.051204501152038534,0.9986286759376526,-0.001649703597649932,0.0023096613585948944,-0.0522737093269825
0.005451316833496089,-0.0020084381103515625,0.05119317626953121,0.9986255764961243,-0.0015746698481962085,0.002326113637536764,-0.052334774285554886
-2.277374267578569e-05,0.0001659393310546875,0.050350128173828085,0.998637855052948,-0.0019031892297789454,0.00276138330809772,-0.05206865817308426
0.0003548812866210893,0.20512771606445312,0.08491092777252193,0.9986629486083984,0.0007679020636714995,0.002310148673132062,-0.051636952906847
-0.005327110290527348,0.0065326690673828125,0.051212368965148886,0.9986312985420227,-0.0017375592142343521,0.0026080093812197447,-0.05220724269747734
-0.0017222213745117232,-0.00940704345703125,0.05120593166351314,0.9986300468444824,-0.001572526409290731,0.0025922588538378477,-0.052236996591091156
0.006040687561035152,-0.006195068359375,0.051194010734558065,0.9986313581466675,-0.0015665539540350437,0.002416426781564951,-0.05222123861312866
-0.0055683898925781294,-0.005352020263671875,0.0511915073394775,0.9986283183097839,-0.002071952912956476,0.002777641173452139,-0.05224328488111496
0.0053111267089843706,-0.001499176025390625,0.05119496440887447,0.9986244440078735,-0.001776878722012043,0.0023865627590566874,-0.05234730243682861
-0.00868118286132813,0.000545501708984375,0.05115920162200924,0.9986246824264526,-0.001794682815670967,0.0030929562635719776,-0.0523049421608448
0.0067530822753906206,0.0007648468017578125,0.05119341468811031,0.9986294507980347,-0.0016858424060046673,0.002310170792043209,-0.052258074283599854
