-7.000,2.000,0.001,1.000,0.000,0.000,0.000,-0.000,-0.000,0.000,-0.000,0.000,0.000,0.000,-0.000,-0.000,0.000,-0.000,-0.000,-0.000,0.000,0.000,-0.000,0.000,-0.000,-0.000,-0.000
-7.000,2.000,0.001,1.000,0.000,-0.000,-0.000,0.387,0.320,0.000,0.277,0.000,0.005,0.004,0.041,0.002,0.003,0.004,-0.038,-0.011,56.006,48.423,0.106,41.795,0.177,0.861,0.814
-6.999,2.000,0.001,1.000,0.000,-0.000,0.000,0.741,0.653,0.005,0.559,0.007,0.015,0.016,0.059,0.013,0.001,0.012,-0.024,0.078,16.260,16.739,0.904,14.776,1.202,1.140,1.425
-6.999,2.000,0.001,1.000,0.000,-0.000,0.001,0.768,0.689,0.018,0.612,0.024,0.028,0.033,0.076,0.024,0.000,0.014,-0.014,0.152,-9.275,-9.713,1.729,-3.472,2.134,1.345,1.952
-6.998,2.001,0.001,1.000,0.000,-0.000,0.002,0.598,0.492,0.039,0.514,0.049,0.042,0.055,0.096,0.031,-0.000,0.008,-0.010,0.187,-21.842,-26.278,2.443,-14.095,2.893,1.657,2.451
-6.997,2.001,0.001,1.000,0.000,-0.000,0.002,0.409,0.265,0.066,0.382,0.081,0.061,0.082,0.124,0.030,0.000,-0.004,-0.014,0.176,-13.364,-15.759,2.788,-10.395,3.374,2.191,2.980
-6.995,2.001,0.001,1.000,0.000,-0.001,0.003,0.365,0.219,0.094,0.337,0.116,0.086,0.114,0.154,0.030,0.000,-0.010,-0.017,0.161,3.422,5.034,2.977,0.662,3.723,2.791,3.535
-6.994,2.001,0.001,1.000,0.000,-0.001,0.004,0.436,0.325,0.125,0.371,0.156,0.117,0.152,0.180,0.034,0.000,-0.005,-0.013,0.184,10.609,15.693,3.234,6.312,4.182,3.265,4.097
-6.992,2.002,0.001,1.000,0.000,-0.001,0.005,0.508,0.441,0.160,0.416,0.200,0.151,0.196,0.199,0.043,-0.001,0.005,-0.002,0.244,3.483,6.463,3.719,2.282,4.806,3.559,4.626
-6.990,2.002,0.001,1.000,0.000,-0.001,0.007,0.520,0.476,0.200,0.426,0.252,0.188,0.245,0.218,0.053,-0.002,0.011,0.005,0.304,-0.481,1.281,4.175,0.052,5.426,3.814,5.139
-6.987,2.003,0.000,1.000,0.000,-0.001,0.008,0.507,0.476,0.243,0.421,0.309,0.227,0.299,0.237,0.061,-0.003,0.012,0.007,0.349,-1.808,-0.813,4.591,-0.873,6.001,4.096,5.637
-6.985,2.004,0.000,1.000,0.000,-0.001,0.010,0.488,0.464,0.291,0.411,0.371,0.270,0.358,0.257,0.068,-0.004,0.011,0.007,0.382,-1.766,-1.394,4.983,-1.014,6.530,4.411,6.119
-6.982,2.004,0.000,1.000,0.000,-0.001,0.012,0.473,0.450,0.343,0.402,0.439,0.316,0.421,0.277,0.073,-0.004,0.010,0.006,0.407,-1.218,-1.328,5.357,-0.780,7.023,4.747,6.586
-6.979,2.005,0.000,1.000,0.000,-0.001,0.014,0.464,0.438,0.398,0.396,0.512,0.365,0.489,0.296,0.078,-0.005,0.009,0.005,0.428,-0.661,-1.056,5.719,-0.544,7.492,5.090,7.037
-6.976,2.006,0.000,1.000,0.000,-0.001,0.016,0.459,0.429,0.457,0.391,0.589,0.417,0.562,0.315,0.083,-0.006,0.009,0.005,0.447,-0.268,-0.771,6.071,-0.362,7.945,5.429,7.475
-6.973,2.007,0.000,1.000,0.000,-0.000,0.019,0.458,0.423,0.520,0.388,0.671,0.473,0.639,0.333,0.087,-0.006,0.010,0.004,0.465,-0.055,-0.538,6.412,-0.236,8.386,5.760,7.899
-6.970,2.008,0.000,1.000,0.000,-0.000,0.021,0.458,0.418,0.586,0.386,0.757,0.533,0.720,0.350,0.093,-0.007,0.011,0.003,0.483,0.037,-0.367,6.744,-0.153,8.817,6.078,8.310
-6.966,2.009,0.000,1.000,0.001,-0.000,0.023,0.458,0.415,0.655,0.385,0.847,0.595,0.805,0.367,0.098,-0.008,0.012,0.003,0.502,0.060,-0.248,7.066,-0.100,9.237,6.384,8.710
-6.962,2.010,0.000,1.000,0.001,-0.000,0.026,0.459,0.413,0.727,0.384,0.941,0.660,0.894,0.382,0.104,-0.009,0.012,0.003,0.520,0.051,-0.167,7.379,-0.066,9.648,6.677,9.099
-6.958,2.011,-0.000,1.000,0.001,-0.000,0.029,0.459,0.412,0.802,0.384,1.040,0.728,0.987,0.397,0.109,-0.010,0.013,0.003,0.538,0.035,-0.112,7.681,-0.045,10.049,6.958,9.476
-6.954,2.012,-0.000,1.000,0.001,-0.000,0.031,0.460,0.411,0.880,0.383,1.142,0.799,1.083,0.411,0.115,-0.010,0.012,0.003,0.557,0.021,-0.075,7.974,-0.030,10.439,7.228,9.843
-6.950,2.013,-0.000,0.999,0.001,-0.000,0.034,0.460,0.410,0.962,0.383,1.249,0.873,1.184,0.425,0.121,-0.011,0.011,0.003,0.574,0.011,-0.050,8.258,-0.020,10.818,7.489,10.199
-6.946,2.014,-0.000,0.999,0.001,-0.000,0.037,0.460,0.410,1.046,0.383,1.359,0.949,1.287,0.438,0.127,-0.011,0.009,0.003,0.592,0.005,-0.032,8.532,-0.014,11.186,7.739,10.544
-6.941,2.015,-0.000,0.999,0.001,-0.000,0.040,0.460,0.409,1.132,0.383,1.472,1.028,1.394,0.450,0.134,-0.011,0.005,0.002,0.609,0.001,-0.021,8.798,-0.010,11.543,7.980,10.877
-6.937,2.017,-0.001,0.999,0.001,-0.000,0.043,0.460,0.409,1.222,0.383,1.590,1.109,1.505,0.461,0.140,-0.011,0.001,0.002,0.625,-0.000,-0.014,9.054,-0.006,11.887,8.214,11.200
-6.932,2.018,-0.001,0.999,0.001,-0.000,0.046,0.460,0.409,1.313,0.383,1.710,1.192,1.618,0.472,0.146,-0.010,-0.003,0.001,0.641,-0.001,-0.010,9.303,-0.004,12.219,8.439,11.511
-6.927,2.020,-0.001,0.999,0.001,-0.000,0.050,0.460,0.409,1.408,0.383,1.834,1.277,1.735,0.482,0.153,-0.009,-0.008,-0.000,0.656,-0.001,-0.007,9.543,-0.002,12.538,8.657,11.810
-6.923,2.021,-0.001,0.999,0.001,-0.000,0.053,0.460,0.409,1.504,0.383,1.961,1.365,1.855,0.492,0.159,-0.008,-0.014,-0.001,0.671,-0.001,-0.006,9.775,0.000,12.844,8.867,12.098
-6.918,2.023,-0.001,0.998,0.001,-0.000,0.056,0.460,0.409,1.603,0.383,2.091,1.455,1.977,0.502,0.166,-0.007,-0.019,-0.002,0.685,-0.000,-0.004,9.999,0.002,13.137,9.072,12.374
-6.912,2.025,-0.001,0.998,0.001,-0.000,0.060,0.460,0.409,1.704,0.383,2.223,1.546,2.102,0.511,0.172,-0.006,-0.023,-0.004,0.699,-0.000,-0.004,10.216,0.003,13.418,9.269,12.638
-6.907,2.026,-0.001,0.998,0.000,-0.000,0.063,0.460,0.409,1.807,0.383,2.359,1.640,2.230,0.519,0.179,-0.005,-0.026,-0.004,0.712,0.000,-0.003,10.425,0.004,13.687,9.461,12.892
-6.902,2.028,-0.001,0.998,0.000,-0.000,0.067,0.460,0.409,1.913,0.383,2.497,1.736,2.360,0.527,0.186,-0.004,-0.028,-0.005,0.725,0.000,-0.003,10.626,0.004,13.944,9.647,13.135
-6.897,2.030,-0.001,0.998,0.000,-0.001,0.070,0.460,0.409,2.020,0.383,2.638,1.833,2.492,0.535,0.193,-0.002,-0.028,-0.006,0.738,-0.000,-0.003,10.822,0.004,14.188,9.829,13.370
-6.891,2.032,-0.001,0.997,0.000,-0.001,0.074,0.460,0.409,2.129,0.383,2.781,1.932,2.627,0.543,0.200,-0.001,-0.028,-0.007,0.750,-0.000,-0.003,11.012,0.004,14.420,10.007,13.597
-6.886,2.034,-0.001,0.997,-0.000,-0.001,0.078,0.460,0.409,2.240,0.383,2.926,2.033,2.764,0.550,0.207,-0.000,-0.025,-0.008,0.761,-0.000,-0.003,11.197,0.004,14.642,10.180,13.816
-6.880,2.036,-0.001,0.997,-0.000,-0.001,0.082,0.460,0.409,2.353,0.383,3.074,2.136,2.904,0.557,0.214,0.000,-0.021,-0.007,0.772,-0.000,-0.003,11.376,0.003,14.855,10.349,14.028
-6.875,2.038,-0.001,0.996,-0.000,-0.001,0.086,0.460,0.409,2.468,0.383,3.223,2.240,3.045,0.564,0.222,0.001,-0.016,-0.006,0.783,-0.001,-0.003,11.550,0.002,15.061,10.514,14.233
-6.869,2.041,-0.001,0.996,-0.000,-0.001,0.090,0.460,0.409,2.584,0.383,3.375,2.346,3.188,0.570,0.229,0.001,-0.010,-0.005,0.793,-0.001,-0.003,11.719,0.001,15.263,10.673,14.432
-6.863,2.043,-0.001,0.996,-0.000,-0.001,0.094,0.460,0.409,2.702,0.383,3.529,2.454,3.333,0.576,0.236,0.001,-0.004,-0.003,0.803,-0.001,-0.003,11.882,0.001,15.460,10.827,14.627
-6.858,2.045,-0.001,0.995,-0.000,-0.001,0.098,0.460,0.409,2.822,0.383,3.684,2.563,3.481,0.582,0.244,0.001,-0.000,-0.002,0.813,-0.001,-0.003,12.039,0.000,15.654,10.975,14.817
-6.852,2.048,-0.001,0.995,-0.000,-0.001,0.102,0.460,0.409,2.943,0.383,3.842,2.673,3.630,0.587,0.252,0.001,0.002,-0.002,0.823,-0.000,-0.002,12.191,0.000,15.845,11.117,15.003
-6.846,2.050,-0.001,0.994,-0.000,-0.001,0.106,0.460,0.409,3.065,0.383,4.001,2.785,3.781,0.592,0.260,0.001,0.000,-0.002,0.834,-0.000,-0.002,12.338,0.001,16.030,11.253,15.185
-6.840,2.053,-0.001,0.994,-0.000,-0.001,0.110,0.460,0.409,3.189,0.383,4.162,2.898,3.933,0.597,0.268,0.002,-0.004,-0.004,0.845,-0.000,-0.002,12.480,0.001,16.212,11.382,15.363
-6.834,2.056,-0.001,0.993,-0.000,-0.001,0.114,0.460,0.409,3.315,0.383,4.325,3.013,4.088,0.602,0.276,0.003,-0.010,-0.008,0.858,0.000,-0.001,12.621,0.003,16.388,11.504,15.536
-6.828,2.059,-0.001,0.993,-0.001,-0.001,0.118,0.460,0.409,3.442,0.383,4.490,3.128,4.244,0.606,0.285,0.004,-0.019,-0.012,0.871,0.000,-0.001,12.760,0.004,16.557,11.619,15.703
-6.822,2.061,-0.001,0.992,-0.001,-0.001,0.123,0.460,0.408,3.570,0.383,4.656,3.245,4.402,0.609,0.294,0.006,-0.029,-0.016,0.886,0.001,-0.001,12.895,0.005,16.717,11.729,15.862
-6.816,2.064,-0.001,0.992,-0.001,-0.001,0.127,0.460,0.408,3.700,0.383,4.824,3.363,4.561,0.613,0.303,0.008,-0.042,-0.018,0.900,0.001,-0.001,13.027,0.006,16.867,11.836,16.012
-6.810,2.068,-0.001,0.991,-0.001,-0.001,0.132,0.460,0.408,3.831,0.383,4.994,3.482,4.722,0.616,0.312,0.009,-0.054,-0.019,0.914,0.001,-0.001,13.156,0.007,17.004,11.942,16.151
-6.803,2.071,-0.001,0.991,-0.001,-0.001,0.136,0.460,0.408,3.963,0.383,5.164,3.602,4.884,0.619,0.322,0.011,-0.066,-0.019,0.928,0.001,-0.002,13.282,0.007,17.128,12.050,16.280
-6.797,2.074,-0.001,0.990,-0.002,-0.001,0.141,0.460,0.408,4.096,0.383,5.336,3.723,5.048,0.623,0.331,0.012,-0.076,-0.018,0.940,0.000,-0.002,13.406,0.007,17.239,12.161,16.397
-6.791,2.077,-0.001,0.989,-0.002,-0.002,0.146,0.460,0.408,4.231,0.383,5.509,3.845,5.212,0.626,0.340,0.013,-0.082,-0.016,0.949,-0.000,-0.003,13.527,0.005,17.337,12.280,16.503
-6.785,2.081,-0.000,0.989,-0.002,-0.002,0.150,0.460,0.408,4.367,0.383,5.683,3.968,5.378,0.629,0.349,0.013,-0.082,-0.013,0.955,-0.001,-0.003,13.646,0.004,17.423,12.408,16.598
-6.778,2.084,-0.000,0.988,-0.003,-0.002,0.155,0.460,0.408,4.504,0.383,5.857,4.093,5.544,0.633,0.357,0.012,-0.076,-0.009,0.957,-0.001,-0.004,13.763,0.001,17.498,12.547,16.684
-6.772,2.088,-0.000,0.987,-0.003,-0.002,0.160,0.460,0.408,4.642,0.383,6.033,4.219,5.711,0.637,0.365,0.011,-0.060,-0.004,0.955,-0.002,-0.005,13.873,-0.002,17.568,12.694,16.763
-6.766,2.092,-0.000,0.986,-0.003,-0.002,0.164,0.460,0.408,4.781,0.383,6.209,4.347,5.879,0.640,0.374,0.010,-0.029,-0.000,0.954,-0.002,-0.005,13.979,-0.005,17.647,12.833,16.845
-6.759,2.095,0.000,0.986,-0.003,-0.002,0.169,0.460,0.408,4.922,0.383,6.386,4.476,6.048,0.643,0.382,0.008,0.011,0.004,0.954,-0.002,-0.005,14.077,-0.007,17.739,12.959,16.933
-6.753,2.099,0.000,0.985,-0.003,-0.002,0.174,0.460,0.408,5.063,0.383,6.564,4.606,6.218,0.646,0.390,0.006,0.053,0.008,0.956,-0.002,-0.005,14.166,-0.009,17.845,13.067,17.029
-6.746,2.103,0.000,0.984,-0.003,-0.002,0.179,0.460,0.408,5.205,0.383,6.743,4.737,6.389,0.647,0.399,0.003,0.093,0.011,0.959,-0.002,-0.004,14.241,-0.010,17.964,13.155,17.136
-6.740,2.107,0.000,0.983,-0.002,-0.002,0.183,0.460,0.408,5.348,0.383,6.923,4.869,6.561,0.648,0.408,0.001,0.128,0.014,0.962,-0.002,-0.003,14.304,-0.010,18.096,13.225,17.254
-6.733,2.111,0.000,0.982,-0.002,-0.001,0.188,0.460,0.408,5.491,0.383,7.105,5.002,6.734,0.649,0.416,-0.001,0.156,0.016,0.966,-0.002,-0.003,14.355,-0.010,18.239,13.276,17.382
-6.727,2.116,0.000,0.981,-0.001,-0.001,0.193,0.460,0.408,5.635,0.383,7.288,5.134,6.909,0.648,0.425,-0.004,0.176,0.017,0.970,-0.001,-0.002,14.394,-0.009,18.391,13.310,17.518
-6.720,2.120,0.000,0.980,-0.000,-0.001,0.198,0.460,0.408,5.779,0.383,7.472,5.268,7.084,0.647,0.433,-0.005,0.186,0.019,0.975,-0.001,-0.001,14.423,-0.009,18.549,13.328,17.661
-6.714,2.124,0.000,0.979,0.001,-0.001,0.202,0.460,0.408,5.923,0.383,7.659,5.401,7.262,0.645,0.442,-0.006,0.184,0.020,0.980,-0.000,0.000,14.445,-0.008,18.712,13.332,17.807
-6.707,2.129,-0.000,0.978,0.002,-0.000,0.207,0.460,0.408,6.068,0.383,7.847,5.534,7.441,0.643,0.450,-0.006,0.169,0.018,0.986,-0.000,0.001,14.461,-0.006,18.876,13.323,17.952
-6.701,2.133,-0.000,0.977,0.002,-0.000,0.212,0.460,0.408,6.212,0.383,8.036,5.667,7.621,0.640,0.458,-0.006,0.141,0.013,0.993,0.001,0.002,14.476,-0.005,19.037,13.305,18.094
-6.695,2.138,-0.000,0.976,0.003,0.000,0.217,0.460,0.408,6.357,0.383,8.227,5.800,7.802,0.636,0.467,-0.004,0.109,0.006,1.004,0.001,0.004,14.505,-0.002,19.191,13.275,18.227
-6.688,2.143,-0.000,0.975,0.003,0.000,0.222,0.460,0.408,6.502,0.383,8.420,5.933,7.985,0.631,0.476,-0.003,0.078,0.001,1.016,0.002,0.006,14.537,0.000,19.336,13.241,18.353
-6.682,2.147,-0.000,0.974,0.004,0.000,0.227,0.460,0.408,6.648,0.383,8.614,6.065,8.169,0.626,0.485,-0.002,0.051,-0.001,1.032,0.002,0.007,14.565,0.002,19.473,13.205,18.473
-6.676,2.152,-0.000,0.973,0.004,0.000,0.232,0.460,0.408,6.794,0.383,8.810,6.197,8.355,0.621,0.494,-0.002,0.025,0.004,1.050,0.003,0.008,14.597,0.004,19.599,13.167,18.582
-6.670,2.157,-0.000,0.972,0.004,0.000,0.237,0.460,0.408,6.940,0.383,9.006,6.329,8.541,0.615,0.503,-0.003,0.001,0.015,1.069,0.003,0.008,14.637,0.004,19.717,13.131,18.679
-6.664,2.162,-0.000,0.970,0.004,0.000,0.242,0.460,0.408,7.087,0.383,9.204,6.460,8.728,0.609,0.513,-0.005,-0.022,0.026,1.087,0.002,0.008,14.688,0.004,19.826,13.105,18.764
-6.657,2.167,-0.000,0.969,0.004,0.001,0.248,0.460,0.408,7.234,0.383,9.403,6.591,8.916,0.603,0.522,-0.007,-0.041,0.034,1.102,0.002,0.008,14.750,0.004,19.928,13.099,18.839
-6.651,2.173,-0.000,0.967,0.003,0.001,0.253,0.460,0.409,7.382,0.383,9.602,6.722,9.105,0.598,0.531,-0.008,-0.056,0.038,1.113,0.002,0.008,14.824,0.003,20.020,13.118,18.906
-6.646,2.178,-0.000,0.966,0.003,0.001,0.258,0.460,0.409,7.530,0.383,9.803,6.853,9.294,0.594,0.539,-0.009,-0.067,0.035,1.120,0.001,0.007,14.908,0.002,20.104,13.160,18.966
-6.640,2.184,-0.001,0.965,0.003,0.001,0.264,0.460,0.409,7.680,0.383,10.004,6.985,9.484,0.589,0.548,-0.009,-0.074,0.027,1.124,0.001,0.006,15.001,0.002,20.179,13.224,19.022
-6.634,2.189,-0.001,0.963,0.002,0.001,0.269,0.460,0.409,7.830,0.383,10.207,7.118,9.675,0.585,0.556,-0.009,-0.077,0.013,1.126,0.001,0.004,15.098,0.002,20.244,13.305,19.077
-6.628,2.195,-0.001,0.962,0.002,0.001,0.275,0.460,0.409,7.982,0.383,10.409,7.251,9.866,0.581,0.564,-0.007,-0.079,-0.003,1.126,0.001,0.003,15.196,0.003,20.298,13.398,19.132
-6.622,2.200,-0.001,0.960,0.002,0.000,0.280,0.460,0.409,8.134,0.383,10.612,7.386,10.058,0.577,0.572,-0.005,-0.080,-0.020,1.127,0.000,0.001,15.290,0.004,20.339,13.497,19.187
-6.616,2.206,-0.001,0.958,0.001,0.000,0.285,0.460,0.409,8.288,0.383,10.816,7.521,10.250,0.573,0.580,-0.002,-0.082,-0.034,1.129,0.000,-0.000,15.378,0.006,20.366,13.595,19.242
-6.611,2.212,-0.001,0.957,0.001,-0.000,0.291,0.460,0.409,8.442,0.383,11.020,7.658,10.442,0.568,0.588,0.001,-0.086,-0.044,1.133,0.000,-0.002,15.457,0.007,20.380,13.689,19.295
-6.605,2.218,-0.001,0.955,0.001,-0.000,0.296,0.460,0.409,8.597,0.383,11.224,7.795,10.636,0.563,0.597,0.004,-0.092,-0.049,1.139,0.000,-0.003,15.529,0.009,20.381,13.776,19.342
-6.599,2.224,-0.001,0.953,0.000,-0.001,0.302,0.460,0.409,8.752,0.383,11.427,7.933,10.829,0.558,0.605,0.006,-0.099,-0.048,1.145,0.000,-0.003,15.595,0.009,20.369,13.859,19.380
-6.594,2.230,-0.001,0.952,-0.000,-0.001,0.307,0.460,0.409,8.909,0.383,11.631,8.072,11.023,0.553,0.614,0.008,-0.107,-0.042,1.151,0.000,-0.003,15.657,0.008,20.347,13.939,19.405
-6.588,2.236,-0.001,0.950,-0.001,-0.002,0.313,0.460,0.409,9.065,0.383,11.834,8.212,11.217,0.548,0.622,0.010,-0.115,-0.032,1.156,-0.000,-0.003,15.719,0.007,20.319,14.020,19.415
-6.583,2.242,-0.001,0.948,-0.001,-0.002,0.318,0.460,0.409,9.223,0.383,12.037,8.352,11.411,0.543,0.630,0.011,-0.119,-0.020,1.158,-0.000,-0.003,15.783,0.004,20.287,14.104,19.410
-6.577,2.249,-0.000,0.946,-0.002,-0.002,0.324,0.460,0.409,9.381,0.383,12.240,8.494,11.605,0.539,0.638,0.011,-0.119,-0.007,1.157,-0.001,-0.003,15.851,0.001,20.257,14.194,19.390
-6.572,2.255,-0.000,0.944,-0.002,-0.002,0.329,0.460,0.409,9.540,0.383,12.442,8.636,11.799,0.535,0.646,0.010,-0.112,0.005,1.152,-0.001,-0.003,15.925,-0.002,20.233,14.291,19.358
-6.567,2.262,-0.000,0.942,-0.003,-0.002,0.334,0.460,0.409,9.700,0.383,12.645,8.780,11.992,0.531,0.653,0.007,-0.098,0.017,1.142,-0.002,-0.003,16.003,-0.005,20.214,14.397,19.318
-6.561,2.268,-0.000,0.940,-0.003,-0.002,0.340,0.460,0.409,9.860,0.383,12.847,8.924,12.185,0.528,0.660,0.004,-0.070,0.029,1.126,-0.002,-0.003,16.065,-0.008,20.201,14.517,19.278
-6.556,2.275,-0.000,0.939,-0.004,-0.002,0.345,0.460,0.409,10.021,0.383,13.049,9.070,12.378,0.526,0.666,-0.001,-0.031,0.041,1.107,-0.002,-0.003,16.115,-0.009,20.199,14.645,19.247
-6.551,2.282,-0.000,0.937,-0.004,-0.002,0.350,0.460,0.408,10.182,0.383,13.251,9.217,12.570,0.522,0.672,-0.005,0.015,0.044,1.093,-0.002,-0.003,16.170,-0.010,20.220,14.754,19.237
-6.546,2.288,-0.000,0.935,-0.004,-0.002,0.355,0.460,0.408,10.344,0.383,13.453,9.365,12.763,0.518,0.679,-0.008,0.060,0.038,1.085,-0.002,-0.004,16.226,-0.009,20.267,14.833,19.251
-6.541,2.295,-0.000,0.933,-0.003,-0.002,0.360,0.460,0.408,10.507,0.383,13.656,9.514,12.956,0.512,0.686,-0.010,0.096,0.027,1.080,-0.002,-0.004,16.270,-0.008,20.335,14.886,19.289
-6.536,2.302,-0.000,0.931,-0.003,-0.001,0.365,0.460,0.408,10.670,0.383,13.860,9.663,13.149,0.506,0.692,-0.011,0.123,0.012,1.077,-0.002,-0.005,16.298,-0.007,20.418,14.920,19.350
-6.530,2.309,-0.001,0.929,-0.002,-0.001,0.370,0.460,0.408,10.833,0.383,14.065,9.812,13.343,0.499,0.698,-0.011,0.139,-0.006,1.076,-0.002,-0.005,16.308,-0.006,20.509,14.940,19.429
-6.526,2.316,-0.001,0.927,-0.002,-0.001,0.375,0.460,0.408,10.996,0.383,14.270,9.962,13.537,0.492,0.704,-0.010,0.145,-0.025,1.076,-0.001,-0.005,16.299,-0.004,20.603,14.947,19.523
-6.521,2.323,-0.001,0.925,-0.001,-0.001,0.380,0.460,0.408,11.159,0.383,14.477,10.111,13.733,0.484,0.710,-0.007,0.140,-0.043,1.076,-0.001,-0.005,16.270,-0.002,20.696,14.946,19.626
-6.516,2.330,-0.001,0.923,-0.000,-0.001,0.385,0.460,0.408,11.321,0.383,14.684,10.260,13.930,0.476,0.715,-0.004,0.127,-0.058,1.077,-0.001,-0.005,16.225,0.000,20.782,14.937,19.731
-6.511,2.337,-0.001,0.921,0.000,-0.001,0.390,0.460,0.408,11.483,0.383,14.892,10.410,14.128,0.468,0.720,-0.000,0.110,-0.067,1.078,-0.000,-0.005,16.167,0.001,20.853,14.925,19.833
-6.506,2.345,-0.001,0.919,0.001,-0.001,0.395,0.460,0.408,11.644,0.383,15.101,10.559,14.327,0.460,0.725,0.003,0.095,-0.066,1.079,-0.000,-0.004,16.102,0.002,20.906,14.911,19.929
-6.502,2.352,-0.001,0.916,0.002,-0.001,0.400,0.460,0.408,11.805,0.383,15.310,10.708,14.526,0.453,0.730,0.005,0.083,-0.056,1.080,0.000,-0.003,16.036,0.003,20.942,14.898,20.015
-6.497,2.359,-0.001,0.914,0.002,-0.001,0.405,0.257,0.186,11.967,0.249,15.518,10.856,14.727,0.451,0.732,0.006,0.088,-0.034,1.071,-35.431,-39.137,16.430,-24.397,20.612,14.905,20.088
-6.493,2.366,-0.001,0.912,0.003,-0.001,0.409,-0.088,-0.192,12.133,-0.014,15.722,11.010,14.926,0.506,0.695,0.031,0.052,-0.171,0.628,-25.863,-29.071,16.584,-22.415,20.121,15.901,19.472
-6.487,2.373,-0.000,0.912,0.003,-0.002,0.411,-0.144,-0.301,12.299,-0.075,15.922,11.174,15.114,0.557,0.639,0.051,0.083,-0.256,0.115,13.808,6.785,16.622,11.007,20.021,16.838,18.308
-6.482,2.379,0.000,0.912,0.004,-0.003,0.411,0.111,-0.103,12.465,0.147,16.123,11.344,15.294,0.557,0.625,0.005,0.088,0.044,0.010,30.460,27.592,16.596,27.124,20.015,16.996,17.722
-6.476,2.385,0.000,0.912,0.004,-0.001,0.411,0.321,0.122,12.631,0.344,16.323,11.513,15.470,0.542,0.627,-0.042,0.119,0.346,0.074,8.212,13.019,16.583,9.807,19.983,16.758,17.574
-6.471,2.392,-0.000,0.911,0.004,0.000,0.412,0.258,0.106,12.796,0.327,16.520,11.678,15.649,0.515,0.663,-0.012,0.066,0.153,0.336,-18.223,-14.351,16.568,-11.715,19.373,16.366,18.193
-6.466,2.399,-0.000,0.910,0.004,0.000,0.414,0.044,-0.078,12.962,0.164,16.711,11.842,15.832,0.518,0.674,0.021,0.028,-0.066,0.356,-19.678,-17.548,16.571,-17.113,18.979,16.392,18.474
-6.461,2.405,0.000,0.910,0.004,-0.000,0.415,-0.046,-0.161,13.128,0.066,16.899,12.007,16.016,0.538,0.664,0.023,0.034,-0.087,0.202,2.614,1.845,16.531,-0.986,18.634,16.712,18.303
-6.455,2.412,0.000,0.909,0.004,-0.000,0.416,0.073,-0.053,13.293,0.139,17.085,12.174,16.199,0.534,0.665,-0.000,0.001,0.054,0.207,17.425,16.888,16.540,12.678,18.448,16.667,18.260
-6.450,2.419,0.000,0.909,0.004,0.000,0.417,0.217,0.106,13.459,0.249,17.269,12.339,16.383,0.504,0.681,-0.013,-0.028,0.125,0.396,8.742,11.929,16.582,7.079,18.569,16.169,18.495
-6.445,2.426,-0.000,0.908,0.004,0.001,0.420,0.217,0.142,13.625,0.254,17.457,12.497,16.569,0.469,0.698,-0.013,-0.082,0.117,0.612,-7.900,-4.399,16.633,-5.587,18.928,15.522,18.773
-6.440,2.433,-0.000,0.906,0.003,0.001,0.422,0.100,0.053,13.791,0.162,17.647,12.651,16.757,0.465,0.703,-0.010,-0.140,0.086,0.635,-12.520,-10.637,16.646,-10.864,19.067,15.389,18.857
-6.436,2.440,-0.000,0.905,0.002,0.001,0.425,0.024,-0.015,13.957,0.084,17.836,12.807,16.945,0.493,0.694,-0.001,-0.137,0.008,0.447,-1.615,-1.700,16.630,-3.448,18.742,15.919,18.681
-6.431,2.447,-0.000,0.904,0.002,0.001,0.427,0.070,0.025,14.124,0.102,18.022,12.969,17.131,0.511,0.688,0.001,-0.148,-0.012,0.312,9.071,8.464,16.757,5.940,18.365,16.370,18.480
-6.426,2.453,-0.000,0.904,0.001,0.000,0.428,0.160,0.118,14.292,0.167,18.205,13.133,17.316,0.503,0.694,0.001,-0.144,-0.008,0.345,6.993,8.135,16.798,5.457,18.329,16.426,18.474
-6.421,2.460,-0.000,0.903,0.000,-0.000,0.430,0.181,0.156,14.460,0.187,18.389,13.297,17.501,0.486,0.705,0.000,-0.147,0.000,0.442,-2.583,-0.665,16.738,-1.551,18.534,16.264,18.556
-6.416,2.467,-0.000,0.902,-0.000,-0.000,0.432,0.124,0.114,14.627,0.144,18.575,13.459,17.686,0.481,0.709,-0.001,-0.164,0.011,0.462,-7.419,-6.301,16.717,-6.028,18.630,16.261,18.549
-6.411,2.475,-0.000,0.901,-0.001,-0.001,0.434,0.068,0.063,14.795,0.093,18.761,13.623,17.871,0.492,0.705,-0.003,-0.181,0.022,0.380,-2.787,-2.886,16.863,-3.227,18.417,16.524,18.391
-6.406,2.482,-0.000,0.900,-0.002,-0.001,0.435,0.078,0.068,14.965,0.091,18.943,13.790,18.054,0.501,0.700,-0.004,-0.161,0.024,0.300,4.108,3.463,17.120,2.446,18.122,16.812,18.198
-6.401,2.489,-0.000,0.900,-0.003,-0.001,0.437,0.128,0.116,15.137,0.127,19.124,13.959,18.236,0.498,0.704,-0.003,-0.107,0.021,0.304,4.760,4.897,17.236,3.654,18.064,16.918,18.129
-6.396,2.496,-0.000,0.899,-0.003,-0.001,0.438,0.152,0.146,15.309,0.147,19.305,14.128,18.417,0.488,0.711,-0.004,-0.056,0.020,0.359,-0.124,0.738,17.162,0.214,18.227,16.881,18.160
-6.391,2.503,-0.000,0.898,-0.003,-0.001,0.440,0.129,0.130,15.480,0.131,19.488,14.296,18.599,0.482,0.716,-0.005,-0.021,0.021,0.383,-3.899,-3.253,17.090,-2.994,18.372,16.878,18.174
-6.386,2.510,-0.000,0.897,-0.003,-0.001,0.441,0.094,0.098,15.651,0.101,19.672,14.466,18.780,0.485,0.715,-0.006,0.003,0.022,0.351,-2.407,-2.471,17.167,-2.306,18.350,16.984,18.111
-6.381,2.517,-0.001,0.897,-0.003,-0.001,0.443,0.089,0.091,15.824,0.093,19.855,14.636,18.961,0.488,0.713,-0.008,0.031,0.022,0.309,1.415,0.966,17.317,0.656,18.268,17.109,18.029
-6.377,2.524,-0.001,0.896,-0.003,-0.001,0.444,0.114,0.111,15.997,0.109,20.038,14.808,19.141,0.486,0.714,-0.009,0.063,0.021,0.303,2.802,2.651,17.391,2.095,18.283,17.153,18.016
-6.372,2.531,-0.001,0.895,-0.003,-0.001,0.446,0.133,0.132,16.171,0.125,20.221,14.979,19.321,0.480,0.718,-0.010,0.090,0.015,0.330,0.750,1.071,17.349,0.785,18.410,17.115,18.085
-6.367,2.539,-0.001,0.894,-0.003,-0.000,0.447,0.127,0.129,16.344,0.123,20.406,15.150,19.503,0.475,0.722,-0.010,0.101,0.005,0.352,-1.665,-1.281,17.284,-1.099,18.546,17.073,18.174
-6.362,2.546,-0.001,0.894,-0.002,-0.000,0.449,0.108,0.113,16.517,0.109,20.592,15.321,19.685,0.473,0.723,-0.009,0.100,-0.008,0.344,-1.596,-1.542,17.284,-1.342,18.614,17.084,18.230
-6.358,2.553,-0.001,0.893,-0.002,0.000,0.450,0.101,0.105,16.690,0.101,20.778,15.492,19.867,0.474,0.722,-0.008,0.095,-0.023,0.321,0.165,-0.159,17.326,-0.099,18.636,17.129,18.262
-6.353,2.560,-0.001,0.892,-0.001,0.000,0.452,0.109,0.110,16.863,0.106,20.965,15.663,20.050,0.473,0.723,-0.006,0.092,-0.036,0.310,1.262,1.049,17.345,0.878,18.668,17.157,18.313
-6.348,2.568,-0.001,0.891,-0.001,0.000,0.453,0.120,0.120,17.037,0.114,21.152,15.835,20.234,0.470,0.725,-0.004,0.088,-0.047,0.318,0.672,0.742,17.311,0.604,18.725,17.146,18.403
-6.343,2.575,-0.001,0.891,-0.000,0.000,0.455,0.121,0.123,17.210,0.117,21.339,16.006,20.418,0.465,0.728,-0.002,0.082,-0.055,0.332,-0.359,-0.156,17.252,-0.125,18.782,17.122,18.508
-6.339,2.582,-0.001,0.890,0.000,0.000,0.456,0.115,0.118,17.382,0.113,21.527,16.177,20.604,0.463,0.730,0.001,0.073,-0.058,0.336,-0.709,-0.578,17.201,-0.530,18.812,17.117,18.596
-6.334,2.589,-0.001,0.889,0.001,-0.000,0.458,0.110,0.114,17.554,0.109,21.715,16.348,20.790,0.462,0.731,0.003,0.065,-0.058,0.329,-0.251,-0.248,17.159,-0.264,18.820,17.135,18.659
-6.330,2.597,-0.001,0.888,0.001,-0.000,0.459,0.110,0.114,17.725,0.108,21.904,16.520,20.977,0.460,0.733,0.005,0.061,-0.053,0.323,0.237,0.176,17.115,0.091,18.821,17.157,18.710
-6.325,2.604,-0.001,0.888,0.002,-0.000,0.460,0.113,0.116,17.896,0.110,22.092,16.691,21.164,0.458,0.735,0.006,0.059,-0.044,0.322,0.332,0.312,17.061,0.204,18.829,17.165,18.761
-6.320,2.611,-0.001,0.887,0.002,-0.000,0.462,0.116,0.119,18.066,0.111,22.280,16.863,21.352,0.456,0.737,0.007,0.059,-0.032,0.327,0.106,0.136,17.002,0.078,18.843,17.157,18.814
-6.316,2.619,-0.001,0.886,0.002,-0.000,0.463,0.116,0.119,18.236,0.111,22.469,17.035,21.541,0.453,0.740,0.008,0.059,-0.019,0.331,-0.047,0.016,16.948,-0.004,18.861,17.142,18.860
-6.311,2.626,-0.001,0.885,0.003,-0.000,0.465,0.115,0.119,18.405,0.111,22.657,17.206,21.729,0.451,0.742,0.008,0.057,-0.006,0.333,-0.089,-0.035,16.904,-0.051,18.880,17.124,18.899
-6.307,2.634,-0.001,0.885,0.003,-0.000,0.466,0.114,0.119,18.574,0.111,22.846,17.377,21.918,0.450,0.745,0.008,0.054,0.007,0.334,-0.049,-0.018,16.871,-0.039,18.899,17.103,18.932
-6.302,2.641,-0.001,0.884,0.003,0.000,0.468,0.114,0.119,18.743,0.110,23.035,17.548,22.108,0.448,0.747,0.008,0.046,0.017,0.334,-0.014,-0.007,16.853,-0.021,18.919,17.077,18.962
-6.298,2.649,-0.001,0.883,0.003,0.000,0.469,0.114,0.119,18.911,0.110,23.225,17.719,22.298,0.446,0.750,0.008,0.033,0.024,0.335,0.003,-0.002,16.847,-0.012,18.937,17.046,18.989
-6.293,2.656,-0.001,0.882,0.003,0.001,0.471,0.114,0.119,19.080,0.110,23.414,17.889,22.488,0.445,0.753,0.007,0.016,0.029,0.336,0.007,0.001,16.855,-0.008,18.950,17.014,19.012
-6.289,2.664,-0.000,0.882,0.003,0.001,0.472,0.114,0.119,19.248,0.110,23.604,18.059,22.678,0.443,0.755,0.007,-0.006,0.032,0.337,0.006,0.002,16.876,-0.007,18.956,16.981,19.030
-6.285,2.671,-0.000,0.881,0.003,0.001,0.474,0.114,0.119,19.417,0.110,23.793,18.229,22.868,0.441,0.758,0.007,-0.031,0.033,0.339,0.003,0.003,16.908,-0.006,18.951,16.951,19.040
-6.280,2.679,-0.000,0.880,0.003,0.001,0.475,0.114,0.119,19.586,0.110,23.983,18.398,23.059,0.439,0.761,0.006,-0.059,0.034,0.340,0.001,0.004,16.952,-0.005,18.935,16.928,19.040
-6.276,2.686,-0.000,0.879,0.002,0.001,0.477,0.114,0.119,19.756,0.110,24.172,18.567,23.249,0.437,0.763,0.005,-0.087,0.035,0.341,0.000,0.005,17.007,-0.004,18.910,16.915,19.028
-6.271,2.694,-0.000,0.878,0.002,0.001,0.478,0.114,0.119,19.927,0.110,24.361,18.736,23.439,0.435,0.766,0.004,-0.112,0.036,0.342,0.001,0.006,17.071,-0.003,18.879,16.914,19.004
-6.267,2.702,-0.000,0.877,0.001,0.001,0.480,0.114,0.119,20.098,0.110,24.549,18.905,23.629,0.433,0.769,0.003,-0.133,0.037,0.344,0.001,0.007,17.143,-0.002,18.846,16.927,18.968
-6.263,2.709,-0.000,0.877,0.000,0.000,0.481,0.114,0.119,20.270,0.110,24.738,19.075,23.819,0.431,0.771,0.002,-0.146,0.038,0.345,0.001,0.007,17.222,-0.001,18.814,16.953,18.920
-6.258,2.717,-0.000,0.876,-0.000,0.000,0.483,0.114,0.119,20.442,0.110,24.926,19.245,24.007,0.429,0.774,0.000,-0.149,0.038,0.346,0.001,0.008,17.305,0.000,18.787,16.991,18.863
-6.254,2.725,-0.000,0.875,-0.001,-0.000,0.484,0.114,0.119,20.616,0.110,25.114,19.415,24.196,0.427,0.776,-0.002,-0.143,0.036,0.347,0.001,0.008,17.391,0.001,18.768,17.040,18.798
-6.250,2.733,-0.000,0.874,-0.002,-0.000,0.486,0.114,0.119,20.790,0.110,25.301,19.585,24.383,0.424,0.778,-0.003,-0.125,0.031,0.347,0.001,0.007,17.474,0.002,18.757,17.096,18.731
-6.246,2.740,-0.000,0.873,-0.002,-0.000,0.487,0.114,0.119,20.965,0.110,25.489,19.757,24.570,0.422,0.780,-0.005,-0.099,0.025,0.347,0.001,0.006,17.548,0.002,18.757,17.155,18.665
-6.241,2.748,-0.000,0.872,-0.003,-0.000,0.489,0.114,0.119,21.141,0.110,25.676,19.928,24.757,0.419,0.782,-0.006,-0.069,0.018,0.347,0.001,0.005,17.607,0.003,18.765,17.212,18.605
-6.237,2.756,-0.000,0.872,-0.003,-0.001,0.490,0.114,0.119,21.317,0.110,25.864,20.101,24.943,0.416,0.783,-0.008,-0.038,0.013,0.346,0.000,0.004,17.651,0.003,18.783,17.266,18.556
-6.233,2.764,-0.000,0.871,-0.003,-0.001,0.492,0.114,0.120,21.494,0.110,26.052,20.274,25.128,0.413,0.784,-0.009,-0.007,0.007,0.345,0.000,0.002,17.681,0.003,18.810,17.313,18.522
-6.229,2.772,-0.001,0.870,-0.003,-0.000,0.493,0.114,0.120,21.671,0.110,26.240,20.447,25.313,0.410,0.785,-0.011,0.021,0.001,0.344,0.000,0.001,17.699,0.002,18.845,17.352,18.505
-6.225,2.780,-0.001,0.869,-0.003,-0.000,0.495,0.114,0.120,21.848,0.110,26.429,20.621,25.498,0.407,0.786,-0.012,0.046,-0.005,0.343,-0.000,0.000,17.706,0.002,18.886,17.383,18.505
-6.221,2.787,-0.001,0.868,-0.003,-0.000,0.496,0.114,0.120,22.025,0.110,26.618,20.795,25.683,0.404,0.786,-0.012,0.066,-0.011,0.341,-0.000,-0.001,17.704,0.002,18.930,17.404,18.523
-6.217,2.795,-0.001,0.867,-0.002,-0.000,0.498,0.114,0.120,22.202,0.110,26.808,20.969,25.869,0.401,0.786,-0.012,0.078,-0.018,0.340,-0.000,-0.001,17.696,0.001,18.975,17.418,18.557
-6.213,2.803,-0.001,0.867,-0.002,-0.000,0.499,0.114,0.120,22.379,0.110,26.997,21.143,26.054,0.398,0.787,-0.011,0.083,-0.024,0.339,-0.001,-0.002,17.681,0.001,19.016,17.423,18.604
-6.209,2.811,-0.001,0.866,-0.001,0.000,0.501,0.114,0.119,22.555,0.110,27.188,21.317,26.241,0.394,0.787,-0.009,0.082,-0.031,0.338,-0.001,-0.003,17.661,0.000,19.051,17.423,18.659
-6.205,2.819,-0.001,0.865,-0.001,0.000,0.502,0.114,0.119,22.732,0.110,27.378,21.491,26.428,0.391,0.788,-0.007,0.076,-0.035,0.337,-0.001,-0.003,17.636,0.000,19.079,17.419,18.720
-6.201,2.827,-0.001,0.864,-0.001,0.000,0.504,0.114,0.119,22.908,0.110,27.569,21.666,26.615,0.388,0.788,-0.005,0.068,-0.039,0.336,-0.001,-0.004,17.608,-0.000,19.098,17.413,18.782
-6.197,2.835,-0.001,0.863,-0.000,0.000,0.505,0.114,0.119,23.084,0.110,27.760,21.840,26.803,0.386,0.789,-0.003,0.060,-0.040,0.336,-0.001,-0.004,17.575,-0.000,19.110,17.408,18.843
-6.193,2.843,-0.001,0.862,0.000,0.000,0.506,0.114,0.119,23.260,0.110,27.952,22.014,26.992,0.383,0.790,-0.001,0.052,-0.041,0.335,-0.001,-0.004,17.539,-0.001,19.116,17.404,18.899
-6.190,2.851,-0.001,0.861,0.000,0.000,0.508,0.114,0.119,23.435,0.110,28.143,22.188,27.181,0.380,0.791,0.002,0.046,-0.040,0.335,-0.001,-0.004,17.499,-0.001,19.120,17.403,18.949
-6.186,2.858,-0.001,0.861,0.001,-0.000,0.509,0.114,0.119,23.610,0.110,28.334,22.362,27.371,0.377,0.792,0.003,0.042,-0.039,0.336,-0.001,-0.004,17.457,-0.002,19.122,17.405,18.993
-6.182,2.866,-0.001,0.860,0.001,-0.000,0.511,0.114,0.119,23.784,0.110,28.525,22.536,27.561,0.375,0.794,0.005,0.042,-0.037,0.336,-0.001,-0.004,17.411,-0.003,19.125,17.408,19.031
-6.178,2.874,-0.001,0.859,0.001,-0.000,0.512,0.114,0.119,23.958,0.110,28.716,22.710,27.752,0.372,0.795,0.006,0.043,-0.034,0.336,-0.001,-0.004,17.362,-0.004,19.129,17.412,19.065
-6.175,2.882,-0.001,0.858,0.002,-0.000,0.514,0.114,0.119,24.131,0.110,28.908,22.884,27.942,0.370,0.797,0.007,0.045,-0.032,0.336,-0.001,-0.004,17.313,-0.005,19.134,17.415,19.096
-6.171,2.890,-0.001,0.857,0.002,-0.000,0.515,0.114,0.119,24.304,0.110,29.099,23.058,28.133,0.368,0.799,0.008,0.048,-0.029,0.337,-0.001,-0.004,17.265,-0.005,19.139,17.416,19.126
-6.167,2.898,-0.001,0.856,0.002,-0.000,0.517,0.114,0.119,24.477,0.110,29.291,23.232,28.325,0.366,0.802,0.009,0.048,-0.026,0.337,-0.001,-0.003,17.219,-0.006,19.144,17.413,19.156
-6.164,2.906,-0.001,0.855,0.002,-0.000,0.518,0.114,0.119,24.648,0.110,29.482,23.407,28.517,0.363,0.804,0.010,0.045,-0.021,0.338,-0.001,-0.003,17.179,-0.006,19.146,17.405,19.186
-6.160,2.914,-0.001,0.855,0.003,-0.000,0.519,0.114,0.119,24.820,0.110,29.673,23.581,28.709,0.361,0.806,0.010,0.038,-0.015,0.338,-0.001,-0.002,17.145,-0.006,19.144,17.391,19.216
-6.156,2.922,-0.001,0.854,0.003,-0.000,0.521,0.114,0.119,24.991,0.110,29.865,23.754,28.901,0.359,0.809,0.011,0.026,-0.008,0.339,-0.000,-0.002,17.121,-0.005,19.134,17.371,19.243
-6.153,2.931,-0.000,0.853,0.003,-0.000,0.522,0.114,0.119,25.163,0.109,30.056,23.928,29.093,0.357,0.811,0.011,0.010,0.001,0.340,-0.000,-0.001,17.106,-0.005,19.116,17.344,19.263
-6.149,2.939,-0.000,0.852,0.003,-0.000,0.524,0.114,0.119,25.334,0.109,30.247,24.101,29.286,0.355,0.814,0.011,-0.010,0.012,0.341,0.000,-0.000,17.102,-0.004,19.090,17.312,19.274
-6.146,2.947,-0.000,0.851,0.003,-0.000,0.525,0.114,0.119,25.505,0.109,30.438,24.274,29.479,0.353,0.816,0.011,-0.033,0.024,0.343,0.000,0.001,17.112,-0.003,19.057,17.278,19.272
-6.142,2.955,-0.000,0.850,0.002,-0.000,0.527,0.114,0.119,25.676,0.109,30.628,24.447,29.671,0.350,0.818,0.010,-0.057,0.039,0.344,0.001,0.002,17.135,-0.002,19.019,17.244,19.254
-6.139,2.963,-0.000,0.849,0.002,-0.000,0.528,0.114,0.119,25.847,0.109,30.818,24.619,29.864,0.348,0.821,0.009,-0.080,0.054,0.346,0.001,0.003,17.173,-0.001,18.982,17.214,19.221
-6.135,2.971,0.000,0.848,0.001,0.000,0.530,0.114,0.119,26.019,0.109,31.008,24.791,30.056,0.346,0.823,0.007,-0.099,0.067,0.347,0.001,0.004,17.225,-0.000,18.950,17.190,19.171
-6.132,2.980,0.000,0.847,0.001,0.000,0.531,0.114,0.119,26.192,0.109,31.197,24.963,30.247,0.343,0.825,0.004,-0.113,0.079,0.348,0.001,0.005,17.290,0.001,18.926,17.175,19.108
-6.128,2.988,0.000,0.846,0.000,0.000,0.533,0.114,0.119,26.365,0.109,31.386,25.135,30.438,0.341,0.827,0.001,-0.119,0.085,0.349,0.002,0.006,17.368,0.002,18.915,17.171,19.035
-6.125,2.996,0.000,0.845,-0.001,0.000,0.534,0.114,0.119,26.539,0.109,31.576,25.306,30.628,0.338,0.829,-0.002,-0.115,0.085,0.350,0.002,0.007,17.456,0.003,18.917,17.178,18.958
-6.122,3.004,0.000,0.845,-0.001,0.000,0.536,0.114,0.119,26.714,0.109,31.765,25.478,30.817,0.335,0.831,-0.005,-0.101,0.077,0.350,0.002,0.007,17.549,0.004,18.933,17.195,18.881
-6.118,3.013,-0.000,0.844,-0.002,0.000,0.537,0.114,0.119,26.890,0.109,31.954,25.650,31.006,0.332,0.833,-0.008,-0.078,0.062,0.350,0.001,0.006,17.638,0.004,18.960,17.222,18.811
-6.115,3.021,-0.000,0.843,-0.002,0.000,0.538,0.114,0.119,27.067,0.109,32.144,25.823,31.193,0.329,0.834,-0.010,-0.052,0.044,0.349,0.001,0.005,17.717,0.005,18.997,17.254,18.751
-6.112,3.029,-0.000,0.842,-0.003,0.000,0.540,0.114,0.119,27.245,0.110,32.334,25.995,31.381,0.326,0.835,-0.012,-0.026,0.025,0.349,0.001,0.004,17.778,0.005,19.038,17.289,18.707
-6.108,3.038,-0.000,0.841,-0.003,0.000,0.541,0.114,0.120,27.423,0.110,32.525,26.168,31.568,0.323,0.835,-0.013,-0.002,0.007,0.347,0.000,0.003,17.820,0.005,19.082,17.326,18.679
-6.105,3.046,-0.000,0.840,-0.003,0.000,0.543,0.114,0.120,27.601,0.110,32.716,26.342,31.754,0.320,0.835,-0.014,0.018,-0.011,0.346,0.000,0.002,17.845,0.004,19.125,17.362,18.671
-6.102,3.055,-0.001,0.839,-0.002,0.000,0.544,0.114,0.120,27.779,0.110,32.907,26.516,31.941,0.316,0.835,-0.015,0.036,-0.027,0.345,0.000,0.002,17.853,0.004,19.166,17.397,18.681
-6.099,3.063,-0.001,0.838,-0.002,0.000,0.546,0.114,0.120,27.958,0.110,33.099,26.690,32.128,0.313,0.835,-0.014,0.048,-0.040,0.344,0.000,0.001,17.848,0.003,19.201,17.428,18.708
-6.096,3.071,-0.001,0.837,-0.002,0.000,0.547,0.114,0.120,28.136,0.110,33.291,26.864,32.315,0.309,0.834,-0.013,0.055,-0.049,0.342,0.000,0.000,17.830,0.003,19.227,17.454,18.748
-6.093,3.080,-0.001,0.836,-0.001,0.000,0.549,0.114,0.120,28.315,0.110,33.484,27.039,32.503,0.306,0.834,-0.011,0.057,-0.053,0.341,-0.000,-0.000,17.804,0.002,19.243,17.474,18.796
-6.090,3.088,-0.001,0.835,-0.001,0.000,0.550,0.114,0.120,28.492,0.110,33.676,27.214,32.691,0.303,0.833,-0.009,0.055,-0.053,0.340,-0.000,-0.001,17.772,0.002,19.249,17.487,18.849
-6.087,3.096,-0.001,0.834,-0.001,0.000,0.551,0.114,0.120,28.670,0.110,33.869,27.389,32.880,0.299,0.833,-0.007,0.050,-0.049,0.339,-0.000,-0.001,17.736,0.002,19.247,17.494,18.902
-6.084,3.105,-0.001,0.833,-0.000,0.000,0.553,0.114,0.120,28.847,0.110,34.061,27.564,33.069,0.296,0.832,-0.005,0.043,-0.042,0.339,-0.000,-0.002,17.700,0.001,19.240,17.496,18.952
-6.081,3.113,-0.001,0.832,-0.000,0.000,0.554,0.114,0.120,29.024,0.110,34.253,27.739,33.259,0.293,0.832,-0.003,0.036,-0.034,0.339,-0.001,-0.003,17.666,0.000,19.230,17.494,18.997
