5.000,-3.000,0.001,1.000,0.000,0.000,0.000,-0.000,-0.000,0.000,-0.000,0.000,0.000,0.000,-0.000,-0.000,0.000,-0.000,-0.000,-0.000,0.000,0.000,-0.000,0.000,-0.000,-0.000,-0.000
5.000,-3.000,0.001,1.000,0.000,-0.000,0.000,-0.398,-0.284,0.006,-0.330,0.007,0.001,0.002,0.014,-0.002,0.000,-0.001,-0.011,0.012,-57.579,-42.945,1.088,-49.912,1.265,0.352,0.404
5.000,-3.000,0.001,1.000,-0.000,-0.000,-0.000,-0.761,-0.573,0.020,-0.672,0.021,0.009,0.009,0.049,-0.015,0.001,-0.014,-0.028,-0.089,-16.619,-15.037,1.655,-17.096,1.463,1.212,0.887
5.001,-3.000,0.001,1.000,-0.000,-0.000,-0.001,-0.790,-0.627,0.039,-0.710,0.037,0.025,0.019,0.078,-0.030,0.001,-0.022,-0.031,-0.185,9.232,3.523,2.269,9.689,1.649,2.009,1.275
5.002,-3.001,0.001,1.000,-0.000,-0.000,-0.002,-0.619,-0.528,0.065,-0.511,0.054,0.049,0.034,0.107,-0.038,0.002,-0.014,-0.031,-0.231,22.076,14.334,2.822,26.696,1.877,2.717,1.740
5.003,-3.001,0.001,1.000,-0.000,-0.001,-0.003,-0.425,-0.393,0.096,-0.278,0.075,0.079,0.055,0.133,-0.035,0.001,0.009,-0.021,-0.206,13.920,10.754,3.295,16.452,2.380,3.228,2.295
5.005,-3.001,0.001,1.000,-0.000,-0.001,-0.004,-0.371,-0.341,0.131,-0.221,0.103,0.113,0.080,0.155,-0.032,0.000,0.018,-0.011,-0.179,-2.385,0.112,3.801,-3.921,3.073,3.631,2.793
5.006,-3.002,0.001,1.000,-0.000,-0.001,-0.005,-0.437,-0.371,0.172,-0.322,0.136,0.152,0.110,0.176,-0.035,-0.001,0.013,-0.003,-0.191,-10.755,-6.313,4.354,-15.885,3.673,4.076,3.198
5.008,-3.002,0.001,1.000,-0.000,-0.001,-0.006,-0.511,-0.416,0.218,-0.440,0.175,0.195,0.144,0.199,-0.044,-0.001,-0.000,0.001,-0.248,-3.706,-2.327,4.922,-6.644,3.986,4.644,3.549
5.010,-3.003,0.001,1.000,-0.000,-0.001,-0.007,-0.526,-0.427,0.270,-0.477,0.216,0.245,0.181,0.220,-0.054,-0.002,-0.008,0.005,-0.309,0.312,-0.117,5.512,-1.382,4.308,5.198,3.847
5.012,-3.003,0.000,1.000,-0.000,-0.001,-0.009,-0.514,-0.423,0.328,-0.478,0.261,0.299,0.221,0.240,-0.063,-0.003,-0.011,0.007,-0.355,1.694,0.751,6.077,0.759,4.659,5.720,4.152
5.015,-3.004,0.000,1.000,-0.000,-0.001,-0.011,-0.496,-0.414,0.392,-0.466,0.310,0.359,0.264,0.260,-0.069,-0.004,-0.010,0.007,-0.389,1.706,0.897,6.608,1.371,5.026,6.214,4.477
5.018,-3.005,0.000,1.000,-0.000,-0.001,-0.013,-0.481,-0.406,0.460,-0.453,0.362,0.423,0.310,0.280,-0.075,-0.004,-0.009,0.007,-0.414,1.213,0.768,7.110,1.326,5.397,6.685,4.816
5.021,-3.005,0.000,1.000,-0.000,-0.001,-0.015,-0.472,-0.399,0.534,-0.441,0.417,0.493,0.360,0.299,-0.080,-0.005,-0.009,0.006,-0.435,0.680,0.582,7.587,1.063,5.765,7.138,5.160
5.024,-3.006,0.000,1.000,-0.000,-0.001,-0.017,-0.467,-0.394,0.612,-0.431,0.477,0.566,0.414,0.318,-0.084,-0.006,-0.009,0.005,-0.454,0.289,0.412,8.047,0.779,6.126,7.575,5.500
5.027,-3.007,0.000,1.000,-0.000,-0.000,-0.020,-0.466,-0.391,0.695,-0.425,0.540,0.644,0.470,0.336,-0.089,-0.006,-0.010,0.004,-0.472,0.071,0.283,8.493,0.546,6.476,7.999,5.831
5.030,-3.008,0.000,1.000,-0.000,-0.000,-0.022,-0.465,-0.388,0.782,-0.420,0.606,0.726,0.530,0.353,-0.095,-0.007,-0.012,0.004,-0.490,-0.027,0.191,8.927,0.373,6.816,8.411,6.150
5.034,-3.009,0.000,1.000,-0.000,-0.000,-0.024,-0.466,-0.387,0.873,-0.417,0.676,0.812,0.593,0.370,-0.100,-0.008,-0.013,0.004,-0.509,-0.054,0.129,9.350,0.252,7.144,8.812,6.457
5.038,-3.010,0.000,1.000,-0.001,-0.000,-0.027,-0.466,-0.386,0.969,-0.415,0.749,0.902,0.659,0.386,-0.106,-0.009,-0.014,0.004,-0.527,-0.049,0.088,9.764,0.170,7.461,9.202,6.752
5.042,-3.011,-0.000,1.000,-0.001,-0.000,-0.030,-0.467,-0.385,1.068,-0.414,0.825,0.996,0.728,0.401,-0.111,-0.010,-0.014,0.004,-0.546,-0.034,0.060,10.166,0.115,7.768,9.581,7.035
5.046,-3.012,-0.000,0.999,-0.001,-0.000,-0.032,-0.467,-0.385,1.172,-0.413,0.905,1.094,0.800,0.415,-0.117,-0.011,-0.014,0.004,-0.564,-0.021,0.042,10.559,0.077,8.064,9.949,7.307
5.050,-3.013,-0.000,0.999,-0.001,-0.000,-0.035,-0.467,-0.384,1.280,-0.412,0.987,1.195,0.874,0.428,-0.124,-0.011,-0.012,0.004,-0.582,-0.011,0.029,10.940,0.052,8.351,10.306,7.568
5.054,-3.015,-0.000,0.999,-0.001,-0.000,-0.038,-0.467,-0.384,1.391,-0.412,1.072,1.300,0.951,0.441,-0.130,-0.011,-0.010,0.003,-0.599,-0.005,0.019,11.309,0.035,8.627,10.653,7.820
5.059,-3.016,-0.000,0.999,-0.001,-0.000,-0.041,-0.467,-0.384,1.506,-0.411,1.159,1.408,1.031,0.453,-0.136,-0.011,-0.006,0.002,-0.616,-0.001,0.013,11.667,0.023,8.894,10.988,8.063
5.063,-3.017,-0.001,0.999,-0.001,-0.000,-0.044,-0.467,-0.384,1.624,-0.411,1.249,1.520,1.112,0.465,-0.143,-0.011,-0.002,0.001,-0.633,0.000,0.009,12.012,0.016,9.153,11.311,8.297
5.068,-3.019,-0.001,0.999,-0.001,-0.000,-0.048,-0.467,-0.384,1.746,-0.411,1.342,1.634,1.197,0.476,-0.149,-0.010,0.003,0.000,-0.649,0.001,0.006,12.344,0.012,9.402,11.623,8.523
5.073,-3.020,-0.001,0.999,-0.001,-0.000,-0.051,-0.467,-0.384,1.871,-0.411,1.437,1.752,1.283,0.486,-0.156,-0.009,0.008,-0.001,-0.664,0.001,0.004,12.663,0.009,9.643,11.923,8.741
5.078,-3.022,-0.001,0.999,-0.001,-0.000,-0.054,-0.467,-0.384,1.999,-0.411,1.535,1.873,1.371,0.496,-0.162,-0.008,0.013,-0.002,-0.679,0.001,0.001,12.969,0.007,9.875,12.211,8.953
5.083,-3.024,-0.001,0.998,-0.001,-0.000,-0.058,-0.467,-0.383,2.130,-0.411,1.635,1.996,1.462,0.506,-0.169,-0.007,0.018,-0.003,-0.694,0.001,-0.000,13.262,0.006,10.099,12.487,9.157
5.088,-3.025,-0.001,0.998,-0.001,-0.000,-0.061,-0.467,-0.384,2.264,-0.411,1.737,2.122,1.555,0.515,-0.176,-0.006,0.022,-0.004,-0.708,0.001,-0.002,13.543,0.006,10.316,12.752,9.356
5.093,-3.027,-0.001,0.998,-0.000,-0.000,-0.065,-0.467,-0.384,2.401,-0.411,1.841,2.251,1.649,0.523,-0.183,-0.005,0.025,-0.005,-0.722,0.001,-0.003,13.812,0.006,10.524,13.006,9.547
5.098,-3.029,-0.001,0.998,-0.000,-0.000,-0.068,-0.467,-0.384,2.541,-0.411,1.947,2.383,1.745,0.532,-0.190,-0.003,0.026,-0.006,-0.735,0.001,-0.003,14.070,0.005,10.725,13.250,9.733
5.104,-3.031,-0.001,0.997,-0.000,-0.001,-0.072,-0.467,-0.384,2.682,-0.411,2.056,2.516,1.844,0.540,-0.197,-0.002,0.026,-0.007,-0.748,0.001,-0.003,14.315,0.005,10.920,13.486,9.914
5.109,-3.033,-0.001,0.997,-0.000,-0.001,-0.076,-0.467,-0.384,2.827,-0.410,2.166,2.652,1.944,0.547,-0.204,-0.001,0.025,-0.008,-0.760,0.001,-0.003,14.548,0.005,11.109,13.714,10.092
5.115,-3.035,-0.001,0.997,0.000,-0.001,-0.080,-0.467,-0.384,2.973,-0.410,2.278,2.790,2.045,0.555,-0.212,-0.000,0.023,-0.008,-0.772,0.001,-0.003,14.771,0.005,11.292,13.934,10.264
5.120,-3.037,-0.001,0.997,0.000,-0.001,-0.084,-0.467,-0.384,3.122,-0.410,2.392,2.931,2.149,0.562,-0.219,0.000,0.019,-0.008,-0.784,0.001,-0.002,14.986,0.005,11.470,14.147,10.432
5.126,-3.039,-0.001,0.996,0.000,-0.001,-0.087,-0.467,-0.384,3.273,-0.410,2.507,3.073,2.254,0.569,-0.226,0.001,0.014,-0.006,-0.794,0.001,-0.002,15.195,0.005,11.643,14.354,10.595
5.132,-3.042,-0.001,0.996,0.000,-0.001,-0.091,-0.467,-0.384,3.426,-0.410,2.624,3.218,2.361,0.575,-0.234,0.001,0.008,-0.005,-0.805,0.001,-0.002,15.399,0.004,11.811,14.556,10.753
5.137,-3.044,-0.001,0.995,0.000,-0.001,-0.095,-0.467,-0.384,3.581,-0.410,2.743,3.365,2.469,0.581,-0.242,0.001,0.003,-0.003,-0.815,0.001,-0.001,15.600,0.004,11.973,14.752,10.906
5.143,-3.046,-0.001,0.995,0.000,-0.001,-0.100,-0.467,-0.384,3.738,-0.410,2.864,3.513,2.579,0.587,-0.249,0.001,-0.001,-0.002,-0.825,0.000,-0.001,15.797,0.003,12.130,14.945,11.051
5.149,-3.049,-0.001,0.995,0.000,-0.001,-0.104,-0.467,-0.384,3.897,-0.410,2.986,3.663,2.690,0.592,-0.257,0.001,-0.001,-0.002,-0.835,0.000,-0.002,15.992,0.003,12.280,15.135,11.191
5.155,-3.052,-0.001,0.994,0.000,-0.001,-0.108,-0.467,-0.384,4.058,-0.410,3.109,3.816,2.803,0.597,-0.266,0.001,0.000,-0.003,-0.847,-0.000,-0.003,16.183,0.002,12.427,15.321,11.323
5.161,-3.054,-0.001,0.994,0.000,-0.001,-0.112,-0.467,-0.384,4.221,-0.410,3.234,3.970,2.917,0.602,-0.274,0.002,0.004,-0.006,-0.859,-0.000,-0.004,16.370,0.002,12.571,15.503,11.447
5.167,-3.057,-0.001,0.993,0.000,-0.001,-0.116,-0.467,-0.384,4.385,-0.410,3.361,4.126,3.032,0.606,-0.283,0.004,0.011,-0.010,-0.873,-0.001,-0.005,16.552,0.001,12.713,15.681,11.563
5.173,-3.060,-0.001,0.993,0.000,-0.001,-0.121,-0.467,-0.384,4.552,-0.410,3.489,4.283,3.148,0.610,-0.292,0.005,0.020,-0.014,-0.888,-0.001,-0.006,16.726,0.001,12.851,15.851,11.673
5.179,-3.063,-0.001,0.992,0.001,-0.001,-0.125,-0.467,-0.384,4.720,-0.410,3.618,4.443,3.265,0.614,-0.301,0.007,0.032,-0.017,-0.903,-0.001,-0.008,16.891,0.000,12.986,16.014,11.779
5.186,-3.066,-0.001,0.992,0.001,-0.001,-0.130,-0.467,-0.384,4.889,-0.410,3.748,4.604,3.383,0.617,-0.311,0.008,0.045,-0.019,-0.918,-0.001,-0.008,17.044,0.000,13.118,16.167,11.883
5.192,-3.069,-0.001,0.991,0.001,-0.001,-0.134,-0.467,-0.384,5.061,-0.410,3.880,4.766,3.503,0.620,-0.320,0.010,0.058,-0.019,-0.932,-0.001,-0.009,17.184,0.000,13.246,16.309,11.988
5.198,-3.072,-0.001,0.990,0.001,-0.001,-0.139,-0.467,-0.384,5.233,-0.410,4.013,4.930,3.623,0.623,-0.329,0.011,0.070,-0.018,-0.945,-0.001,-0.009,17.310,0.000,13.373,16.440,12.096
5.204,-3.076,-0.001,0.990,0.002,-0.001,-0.144,-0.467,-0.384,5.407,-0.410,4.148,5.095,3.745,0.626,-0.339,0.012,0.080,-0.016,-0.957,-0.001,-0.008,17.422,0.001,13.498,16.559,12.210
5.210,-3.079,-0.000,0.989,0.002,-0.002,-0.148,-0.467,-0.384,5.581,-0.410,4.283,5.261,3.867,0.629,-0.348,0.013,0.085,-0.014,-0.965,-0.000,-0.006,17.520,0.001,13.622,16.667,12.335
5.217,-3.083,-0.000,0.988,0.002,-0.002,-0.153,-0.467,-0.384,5.757,-0.410,4.420,5.428,3.991,0.633,-0.357,0.013,0.083,-0.012,-0.969,0.000,-0.003,17.605,0.002,13.745,16.763,12.471
5.223,-3.086,-0.000,0.987,0.003,-0.002,-0.158,-0.467,-0.384,5.934,-0.410,4.558,5.596,4.117,0.637,-0.365,0.012,0.075,-0.008,-0.968,0.001,-0.001,17.677,0.003,13.865,16.850,12.620
5.230,-3.090,-0.000,0.987,0.003,-0.002,-0.163,-0.467,-0.384,6.111,-0.410,4.697,5.765,4.244,0.640,-0.373,0.011,0.055,-0.003,-0.965,0.002,0.003,17.749,0.003,13.978,16.931,12.774
5.236,-3.094,-0.000,0.986,0.003,-0.002,-0.168,-0.467,-0.384,6.289,-0.410,4.838,5.935,4.372,0.644,-0.381,0.009,0.020,0.001,-0.964,0.002,0.006,17.832,0.003,14.087,17.016,12.918
5.242,-3.098,0.000,0.985,0.003,-0.002,-0.172,-0.467,-0.384,6.467,-0.410,4.979,6.105,4.502,0.646,-0.389,0.007,-0.022,0.005,-0.964,0.002,0.009,17.928,0.003,14.188,17.107,13.046
5.249,-3.102,0.000,0.984,0.003,-0.002,-0.177,-0.467,-0.384,6.647,-0.410,5.121,6.277,4.633,0.649,-0.398,0.005,-0.065,0.009,-0.966,0.002,0.011,18.038,0.003,14.278,17.208,13.155
5.255,-3.106,0.000,0.983,0.003,-0.002,-0.182,-0.467,-0.384,6.828,-0.410,5.265,6.450,4.765,0.650,-0.407,0.002,-0.103,0.012,-0.969,0.002,0.012,18.161,0.002,14.355,17.319,13.244
5.262,-3.110,0.000,0.982,0.002,-0.001,-0.187,-0.467,-0.384,7.010,-0.410,5.409,6.623,4.898,0.651,-0.415,-0.000,-0.136,0.014,-0.972,0.002,0.012,18.296,0.002,14.420,17.441,13.314
5.268,-3.114,0.000,0.982,0.002,-0.001,-0.191,-0.467,-0.384,7.194,-0.410,5.553,6.798,5.031,0.651,-0.424,-0.002,-0.162,0.016,-0.976,0.001,0.012,18.441,0.001,14.472,17.572,13.366
5.275,-3.118,0.000,0.981,0.001,-0.001,-0.196,-0.467,-0.384,7.379,-0.410,5.698,6.975,5.165,0.650,-0.433,-0.004,-0.180,0.018,-0.980,0.001,0.012,18.593,0.000,14.513,17.710,13.400
5.281,-3.123,0.000,0.980,-0.000,-0.001,-0.201,-0.467,-0.384,7.566,-0.410,5.843,7.153,5.299,0.649,-0.441,-0.006,-0.188,0.020,-0.985,0.001,0.011,18.750,-0.000,14.544,17.853,13.420
5.288,-3.127,0.000,0.979,-0.001,-0.000,-0.206,-0.467,-0.384,7.754,-0.410,5.989,7.332,5.434,0.646,-0.450,-0.007,-0.183,0.021,-0.991,0.000,0.009,18.909,-0.001,14.569,17.998,13.425
5.294,-3.132,-0.000,0.978,-0.002,-0.000,-0.211,-0.467,-0.383,7.944,-0.410,6.135,7.513,5.568,0.644,-0.458,-0.006,-0.164,0.019,-0.998,-0.000,0.007,19.068,-0.002,14.589,18.140,13.418
5.301,-3.136,-0.000,0.976,-0.003,0.000,-0.216,-0.467,-0.383,8.136,-0.410,6.281,7.695,5.702,0.640,-0.467,-0.005,-0.133,0.013,-1.006,-0.001,0.005,19.223,-0.003,14.611,18.277,13.401
5.307,-3.141,-0.000,0.975,-0.003,0.000,-0.220,-0.467,-0.383,8.329,-0.410,6.427,7.878,5.836,0.636,-0.476,-0.004,-0.100,0.006,-1.018,-0.001,0.003,19.371,-0.005,14.649,18.404,13.373
5.313,-3.146,-0.000,0.974,-0.004,0.000,-0.225,-0.467,-0.383,8.523,-0.410,6.574,8.063,5.969,0.631,-0.485,-0.002,-0.070,0.000,-1.033,-0.002,-0.000,19.512,-0.006,14.683,18.526,13.341
5.320,-3.151,-0.000,0.973,-0.004,0.000,-0.231,-0.467,-0.383,8.719,-0.410,6.721,8.249,6.103,0.626,-0.494,-0.002,-0.044,0.000,-1.051,-0.002,-0.002,19.644,-0.007,14.715,18.639,13.307
5.326,-3.156,-0.000,0.972,-0.004,0.000,-0.236,-0.467,-0.383,8.916,-0.410,6.868,8.436,6.236,0.620,-0.504,-0.002,-0.019,0.008,-1.070,-0.002,-0.004,19.766,-0.007,14.752,18.740,13.271
5.332,-3.161,-0.000,0.971,-0.004,0.000,-0.241,-0.467,-0.383,9.114,-0.410,7.016,8.623,6.368,0.614,-0.514,-0.004,0.006,0.020,-1.090,-0.002,-0.005,19.880,-0.007,14.798,18.829,13.238
5.338,-3.166,-0.000,0.969,-0.004,0.001,-0.246,-0.467,-0.384,9.313,-0.410,7.164,8.812,6.500,0.608,-0.523,-0.006,0.028,0.031,-1.108,-0.002,-0.005,19.988,-0.007,14.854,18.908,13.220
5.344,-3.171,-0.000,0.968,-0.004,0.001,-0.252,-0.467,-0.384,9.514,-0.410,7.313,9.002,6.633,0.603,-0.533,-0.008,0.046,0.038,-1.122,-0.002,-0.004,20.088,-0.006,14.921,18.977,13.223
5.350,-3.177,-0.000,0.966,-0.003,0.001,-0.257,-0.467,-0.384,9.715,-0.410,7.462,9.192,6.765,0.598,-0.542,-0.009,0.061,0.039,-1.132,-0.001,-0.004,20.181,-0.005,14.998,19.039,13.252
5.356,-3.182,-0.001,0.965,-0.003,0.001,-0.263,-0.467,-0.384,9.917,-0.410,7.613,9.382,6.898,0.593,-0.550,-0.010,0.071,0.034,-1.137,-0.001,-0.004,20.266,-0.004,15.084,19.096,13.304
5.362,-3.188,-0.001,0.963,-0.003,0.001,-0.268,-0.467,-0.384,10.120,-0.410,7.764,9.574,7.031,0.589,-0.559,-0.009,0.077,0.023,-1.140,-0.001,-0.004,20.343,-0.003,15.176,19.153,13.373
5.368,-3.193,-0.001,0.962,-0.002,0.001,-0.274,-0.467,-0.384,10.324,-0.411,7.916,9.765,7.165,0.585,-0.567,-0.008,0.080,0.007,-1.142,-0.001,-0.005,20.409,-0.002,15.270,19.210,13.458
5.374,-3.199,-0.001,0.960,-0.002,0.001,-0.279,-0.467,-0.384,10.529,-0.411,8.069,9.958,7.300,0.581,-0.575,-0.006,0.082,-0.011,-1.142,-0.000,-0.006,20.465,-0.000,15.362,19.269,13.552
5.380,-3.205,-0.001,0.959,-0.001,0.000,-0.285,-0.467,-0.384,10.733,-0.411,8.223,10.151,7.436,0.577,-0.583,-0.003,0.084,-0.028,-1.143,-0.000,-0.008,20.507,0.001,15.448,19.328,13.649
5.385,-3.211,-0.001,0.957,-0.001,0.000,-0.290,-0.467,-0.384,10.939,-0.410,8.378,10.344,7.573,0.572,-0.592,-0.001,0.087,-0.041,-1.146,-0.000,-0.009,20.535,0.002,15.525,19.388,13.742
5.391,-3.216,-0.001,0.955,-0.001,-0.000,-0.296,-0.467,-0.384,11.144,-0.410,8.534,10.538,7.711,0.567,-0.600,0.002,0.092,-0.050,-1.150,-0.000,-0.011,20.550,0.003,15.594,19.445,13.829
5.397,-3.223,-0.001,0.954,-0.000,-0.001,-0.301,-0.467,-0.384,11.350,-0.410,8.690,10.733,7.850,0.562,-0.609,0.005,0.099,-0.052,-1.156,-0.000,-0.011,20.551,0.004,15.656,19.495,13.909
5.402,-3.229,-0.001,0.952,0.000,-0.001,-0.307,-0.467,-0.384,11.555,-0.410,8.847,10.928,7.989,0.557,-0.617,0.008,0.106,-0.048,-1.162,-0.000,-0.010,20.540,0.004,15.714,19.535,13.986
5.408,-3.235,-0.001,0.950,0.000,-0.001,-0.312,-0.467,-0.384,11.760,-0.410,9.004,11.124,8.129,0.551,-0.626,0.009,0.114,-0.039,-1.167,-0.000,-0.009,20.519,0.004,15.771,19.560,14.062
5.413,-3.241,-0.001,0.948,0.001,-0.002,-0.318,-0.467,-0.384,11.965,-0.410,9.162,11.319,8.270,0.546,-0.634,0.011,0.119,-0.027,-1.170,0.000,-0.006,20.493,0.003,15.829,19.570,14.140
5.419,-3.248,-0.000,0.946,0.002,-0.002,-0.323,-0.467,-0.384,12.170,-0.410,9.321,11.515,8.412,0.542,-0.642,0.011,0.120,-0.014,-1.170,0.001,-0.003,20.466,0.003,15.892,19.564,14.222
5.424,-3.254,-0.000,0.944,0.002,-0.002,-0.329,-0.467,-0.384,12.375,-0.410,9.480,11.711,8.555,0.537,-0.650,0.010,0.116,-0.000,-1.167,0.001,0.001,20.443,0.002,15.961,19.544,14.312
5.430,-3.261,-0.000,0.942,0.003,-0.002,-0.334,-0.467,-0.384,12.579,-0.410,9.640,11.906,8.699,0.533,-0.657,0.009,0.104,0.012,-1.159,0.001,0.005,20.424,0.002,16.038,19.513,14.409
5.435,-3.267,-0.000,0.941,0.003,-0.002,-0.340,-0.467,-0.384,12.783,-0.410,9.801,12.101,8.843,0.530,-0.664,0.005,0.081,0.025,-1.145,0.002,0.009,20.409,0.002,16.107,19.477,14.522
5.440,-3.274,-0.000,0.939,0.004,-0.002,-0.345,-0.467,-0.384,12.987,-0.410,9.962,12.296,8.989,0.527,-0.671,0.001,0.046,0.039,-1.126,0.002,0.011,20.401,0.002,16.161,19.444,14.647
5.445,-3.281,-0.000,0.937,0.004,-0.002,-0.350,-0.467,-0.384,13.191,-0.410,10.124,12.490,9.136,0.524,-0.677,-0.003,0.002,0.046,-1.109,0.002,0.012,20.411,0.002,16.218,19.426,14.765
5.451,-3.287,-0.000,0.935,0.004,-0.002,-0.355,-0.467,-0.384,13.396,-0.410,10.287,12.684,9.284,0.520,-0.684,-0.007,-0.043,0.043,-1.099,0.002,0.013,20.448,0.002,16.280,19.432,14.853
5.456,-3.294,-0.000,0.933,0.003,-0.002,-0.360,-0.467,-0.384,13.600,-0.410,10.450,12.879,9.433,0.515,-0.691,-0.009,-0.082,0.033,-1.093,0.002,0.012,20.507,0.003,16.336,19.462,14.915
5.461,-3.301,-0.000,0.931,0.003,-0.001,-0.366,-0.467,-0.384,13.806,-0.410,10.613,13.073,9.582,0.508,-0.697,-0.011,-0.112,0.019,-1.090,0.002,0.011,20.582,0.003,16.377,19.514,14.955
5.466,-3.308,-0.001,0.929,0.003,-0.001,-0.371,-0.467,-0.384,14.012,-0.410,10.777,13.269,9.732,0.502,-0.704,-0.011,-0.132,0.001,-1.088,0.002,0.009,20.667,0.003,16.402,19.586,14.981
5.471,-3.315,-0.001,0.927,0.002,-0.001,-0.376,-0.467,-0.384,14.219,-0.410,10.941,13.465,9.882,0.494,-0.710,-0.010,-0.141,-0.019,-1.088,0.001,0.007,20.755,0.004,16.409,19.673,14.995
5.476,-3.322,-0.001,0.925,0.001,-0.001,-0.381,-0.467,-0.384,14.427,-0.410,11.105,13.662,10.032,0.487,-0.716,-0.008,-0.140,-0.038,-1.088,0.001,0.004,20.843,0.004,16.396,19.771,15.001
5.481,-3.330,-0.001,0.923,0.000,-0.001,-0.386,-0.467,-0.384,14.636,-0.410,11.269,13.861,10.182,0.479,-0.721,-0.005,-0.130,-0.056,-1.089,0.001,0.002,20.925,0.004,16.365,19.872,14.999
5.485,-3.337,-0.001,0.920,-0.000,-0.001,-0.391,-0.467,-0.384,14.846,-0.410,11.433,14.060,10.332,0.471,-0.727,-0.001,-0.116,-0.067,-1.090,0.000,-0.000,20.995,0.004,16.320,19.972,14.994
5.490,-3.344,-0.001,0.918,-0.001,-0.001,-0.396,-0.467,-0.384,15.056,-0.410,11.596,14.260,10.482,0.463,-0.732,0.002,-0.100,-0.069,-1.092,-0.000,-0.002,21.048,0.003,16.265,20.066,14.989
5.495,-3.351,-0.001,0.916,-0.001,-0.001,-0.401,-0.467,-0.384,15.267,-0.410,11.758,14.461,10.632,0.455,-0.737,0.004,-0.088,-0.062,-1.093,-0.000,-0.003,21.083,0.002,16.206,20.150,14.984
5.499,-3.359,-0.001,0.914,-0.002,-0.001,-0.406,-0.467,-0.384,15.478,-0.410,11.920,14.663,10.782,0.447,-0.742,0.006,-0.078,-0.046,-1.094,-0.001,-0.003,21.106,0.001,16.150,20.223,14.978
5.504,-3.366,-0.001,0.912,-0.002,-0.001,-0.411,0.041,-0.034,15.694,0.132,12.074,14.866,10.931,0.458,-0.740,0.022,-0.053,-0.124,-1.026,89.629,67.199,21.971,93.978,14.917,20.272,15.174
5.509,-3.373,0.000,0.910,-0.003,-0.002,-0.414,0.757,0.570,15.912,0.854,12.224,15.062,11.087,0.526,-0.622,0.098,0.054,-0.384,-0.256,39.166,40.929,21.567,37.182,15.196,18.692,15.890
5.514,-3.379,0.001,0.910,-0.003,-0.004,-0.414,0.882,0.715,16.127,0.998,12.376,15.243,11.247,0.533,-0.598,0.055,0.058,-0.162,-0.017,-11.684,-13.912,21.502,-6.553,15.198,17.612,16.220
5.519,-3.385,0.001,0.910,-0.003,-0.004,-0.414,0.574,0.320,16.342,0.769,12.528,15.415,11.411,0.538,-0.592,-0.002,-0.047,0.082,0.090,-45.603,-59.497,21.454,-35.693,15.276,16.894,16.449
5.525,-3.391,0.001,0.910,-0.003,-0.003,-0.414,0.114,-0.261,16.556,0.385,12.681,15.582,11.575,0.527,-0.596,-0.058,-0.157,0.379,0.028,-37.138,-45.765,21.472,-34.592,15.316,16.655,16.278
5.530,-3.397,0.000,0.910,-0.003,-0.000,-0.414,0.011,-0.433,16.771,0.236,12.834,15.748,11.736,0.522,-0.599,-0.058,-0.200,0.373,-0.042,16.309,11.047,21.212,6.105,15.289,16.627,16.083
5.535,-3.403,0.000,0.910,-0.004,0.000,-0.414,0.344,-0.107,16.978,0.444,12.986,15.917,11.898,0.528,-0.616,0.035,-0.146,-0.222,-0.090,38.710,43.718,20.079,24.964,15.155,17.014,16.204
5.540,-3.409,0.000,0.910,-0.005,-0.001,-0.414,0.597,0.245,17.173,0.591,13.138,16.087,12.062,0.553,-0.608,0.021,0.000,-0.128,0.071,11.440,23.785,18.998,6.090,15.303,16.941,16.633
5.546,-3.415,0.000,0.910,-0.005,-0.001,-0.414,0.578,0.329,17.361,0.568,13.292,16.255,12.229,0.570,-0.589,-0.017,0.065,0.135,0.251,-13.645,-6.723,18.592,-10.094,15.391,16.583,16.913
5.552,-3.421,0.000,0.911,-0.004,-0.000,-0.412,0.378,0.169,17.542,0.418,13.446,16.419,12.402,0.605,-0.572,-0.023,0.171,0.178,0.466,-22.448,-20.512,17.584,-17.462,15.489,16.367,17.545
5.558,-3.427,-0.000,0.912,-0.003,0.000,-0.410,0.221,0.028,17.715,0.280,13.601,16.584,12.578,0.595,-0.595,-0.016,0.112,0.101,0.314,-6.508,-4.782,17.155,-7.976,15.672,16.682,17.540
5.564,-3.433,-0.000,0.913,-0.002,0.000,-0.409,0.272,0.103,17.885,0.287,13.761,16.752,12.752,0.586,-0.603,0.009,0.001,-0.076,0.212,14.407,17.810,16.870,7.907,16.187,16.867,17.395
5.570,-3.439,0.000,0.913,-0.002,-0.000,-0.408,0.438,0.323,18.052,0.391,13.924,16.920,12.927,0.607,-0.585,-0.001,0.145,0.003,0.367,14.563,21.516,16.412,9.707,16.333,16.692,17.696
5.576,-3.444,-0.000,0.914,-0.001,-0.000,-0.405,0.511,0.463,18.213,0.443,14.087,17.085,13.107,0.639,-0.532,-0.005,0.381,0.145,0.722,0.141,5.813,15.933,0.807,16.649,16.245,18.157
5.583,-3.449,-0.000,0.916,0.001,-0.000,-0.401,0.450,0.438,18.371,0.407,14.260,17.244,13.289,0.651,-0.486,0.000,0.328,0.104,0.934,-10.873,-9.254,15.550,-7.128,17.858,15.706,18.252
5.589,-3.454,-0.000,0.918,0.002,-0.001,-0.397,0.337,0.329,18.525,0.327,14.442,17.402,13.471,0.650,-0.479,-0.007,0.111,-0.022,0.934,-9.459,-9.835,15.273,-7.409,18.502,15.808,18.267
5.596,-3.459,-0.000,0.920,0.002,-0.001,-0.393,0.299,0.287,18.677,0.288,14.629,17.559,13.654,0.648,-0.494,-0.010,-0.032,-0.108,0.818,1.907,1.931,15.165,0.021,18.814,15.602,18.312
5.602,-3.464,-0.000,0.921,0.002,-0.001,-0.389,0.363,0.361,18.828,0.323,14.819,17.713,13.838,0.655,-0.492,-0.008,-0.003,-0.076,0.809,9.162,11.004,15.043,5.842,19.080,15.138,18.449
5.609,-3.469,-0.000,0.923,0.002,-0.002,-0.385,0.428,0.445,18.978,0.368,15.011,17.861,14.023,0.668,-0.470,-0.007,0.061,-0.015,0.922,2.817,4.229,15.017,2.410,19.414,14.523,18.665
5.615,-3.473,-0.000,0.925,0.002,-0.002,-0.381,0.425,0.455,19.128,0.372,15.207,18.004,14.211,0.678,-0.449,-0.006,0.079,0.022,1.025,-2.884,-1.992,15.017,-1.513,19.715,14.019,18.854
5.622,-3.478,-0.000,0.927,0.003,-0.002,-0.376,0.384,0.418,19.279,0.346,15.405,18.142,14.400,0.684,-0.440,-0.004,0.061,0.041,1.050,-4.397,-4.366,15.030,-3.058,19.881,13.805,18.968
5.629,-3.482,-0.000,0.929,0.003,-0.002,-0.371,0.354,0.386,19.429,0.322,15.604,18.280,14.590,0.687,-0.439,-0.004,0.034,0.051,1.022,-1.599,-1.887,15.029,-1.506,19.949,13.810,19.021
5.636,-3.487,-0.001,0.930,0.003,-0.002,-0.366,0.352,0.380,19.579,0.317,15.804,18.419,14.781,0.690,-0.437,-0.003,0.011,0.059,0.996,1.015,0.711,15.048,0.314,19.993,13.863,19.055
5.643,-3.491,-0.001,0.932,0.003,-0.001,-0.362,0.366,0.392,19.730,0.324,16.004,18.558,14.971,0.694,-0.433,-0.004,-0.009,0.064,0.988,1.891,1.707,15.091,1.144,20.049,13.885,19.090
5.650,-3.495,-0.001,0.934,0.003,-0.001,-0.357,0.378,0.402,19.881,0.332,16.205,18.696,15.163,0.700,-0.425,-0.004,-0.024,0.065,1.001,0.600,0.462,15.160,0.475,20.124,13.859,19.138
5.657,-3.500,-0.001,0.936,0.003,-0.001,-0.352,0.380,0.403,20.033,0.335,16.407,18.835,15.354,0.707,-0.417,-0.005,-0.040,0.060,1.015,-0.155,-0.108,15.232,-0.016,20.203,13.836,19.181
5.664,-3.504,-0.001,0.938,0.003,-0.000,-0.348,0.377,0.401,20.186,0.333,16.609,18.973,15.546,0.713,-0.410,-0.005,-0.055,0.047,1.022,-0.390,-0.299,15.313,-0.198,20.270,13.841,19.217
5.671,-3.508,-0.001,0.939,0.003,-0.000,-0.343,0.373,0.398,20.339,0.331,16.812,19.112,15.738,0.719,-0.403,-0.004,-0.067,0.030,1.023,-0.311,-0.300,15.403,-0.205,20.320,13.876,19.248
5.678,-3.512,-0.001,0.941,0.003,0.000,-0.338,0.371,0.395,20.494,0.330,17.015,19.251,15.931,0.724,-0.398,-0.004,-0.078,0.008,1.022,-0.145,-0.236,15.496,-0.113,20.351,13.935,19.280
5.686,-3.516,-0.001,0.943,0.002,0.000,-0.333,0.370,0.393,20.649,0.329,17.219,19.390,16.124,0.730,-0.392,-0.002,-0.087,-0.015,1.021,-0.035,-0.169,15.588,-0.042,20.365,14.009,19.313
5.693,-3.520,-0.001,0.945,0.002,0.000,-0.328,0.370,0.392,20.806,0.329,17.422,19.531,16.317,0.736,-0.386,-0.001,-0.095,-0.037,1.021,0.015,-0.118,15.674,-0.009,20.363,14.090,19.350
5.700,-3.523,-0.001,0.946,0.001,0.000,-0.324,0.370,0.391,20.963,0.329,17.626,19.672,16.511,0.742,-0.380,0.001,-0.102,-0.054,1.023,0.029,-0.082,15.751,0.005,20.345,14.176,19.387
5.708,-3.527,-0.001,0.948,0.001,0.000,-0.319,0.371,0.390,21.121,0.329,17.829,19.814,16.705,0.748,-0.373,0.002,-0.109,-0.064,1.025,0.026,-0.057,15.818,0.011,20.312,14.265,19.422
5.715,-3.531,-0.001,0.949,0.000,-0.000,-0.314,0.371,0.390,21.279,0.329,18.032,19.958,16.899,0.753,-0.366,0.004,-0.114,-0.066,1.027,0.017,-0.040,15.875,0.011,20.268,14.355,19.450
5.723,-3.534,-0.001,0.951,-0.001,-0.000,-0.309,0.371,0.389,21.438,0.329,18.235,20.102,17.094,0.759,-0.360,0.005,-0.118,-0.059,1.030,0.008,-0.029,15.922,0.010,20.218,14.445,19.467
5.730,-3.538,-0.001,0.953,-0.001,-0.000,-0.304,0.371,0.389,21.597,0.329,18.437,20.246,17.289,0.764,-0.353,0.005,-0.118,-0.044,1.032,0.003,-0.021,15.964,0.007,20.166,14.534,19.470
5.738,-3.542,-0.001,0.954,-0.002,-0.000,-0.299,0.371,0.389,21.757,0.329,18.638,20.392,17.483,0.769,-0.346,0.005,-0.113,-0.023,1.032,-0.001,-0.015,16.001,0.003,20.120,14.621,19.456
5.746,-3.545,-0.001,0.956,-0.002,-0.000,-0.294,0.371,0.389,21.918,0.329,18.839,20.539,17.678,0.774,-0.339,0.004,-0.101,-0.001,1.032,-0.003,-0.012,16.040,-0.003,20.085,14.703,19.426
5.754,-3.548,-0.001,0.957,-0.003,0.000,-0.289,0.371,0.389,22.078,0.329,19.040,20.686,17.872,0.779,-0.332,0.003,-0.083,0.017,1.030,-0.005,-0.010,16.085,-0.009,20.063,14.781,19.387
5.761,-3.552,-0.001,0.959,-0.003,0.000,-0.284,0.371,0.388,22.239,0.329,19.240,20.834,18.066,0.784,-0.326,0.003,-0.061,0.032,1.028,-0.007,-0.009,16.131,-0.018,20.059,14.850,19.341
5.769,-3.555,-0.000,0.960,-0.003,0.001,-0.279,0.371,0.388,22.401,0.329,19.441,20.983,18.259,0.788,-0.319,0.001,-0.035,0.043,1.027,-0.008,-0.008,16.177,-0.028,20.077,14.907,19.294
5.777,-3.558,-0.000,0.962,-0.003,0.001,-0.274,0.371,0.388,22.563,0.328,19.642,21.132,18.451,0.793,-0.312,-0.001,-0.008,0.049,1.025,-0.008,-0.007,16.220,-0.032,20.117,14.951,19.251
5.785,-3.561,-0.001,0.963,-0.003,0.001,-0.270,0.371,0.388,22.725,0.328,19.843,21.282,18.644,0.797,-0.304,-0.003,0.021,0.051,1.022,-0.006,-0.006,16.259,-0.031,20.175,14.984,19.217
5.793,-3.564,-0.001,0.964,-0.003,0.001,-0.265,0.371,0.388,22.888,0.328,20.046,21.432,18.836,0.801,-0.297,-0.005,0.050,0.046,1.020,-0.003,-0.005,16.291,-0.024,20.249,15.009,19.199
5.801,-3.567,-0.001,0.966,-0.003,0.001,-0.260,0.371,0.388,23.051,0.328,20.248,21.582,19.028,0.804,-0.289,-0.006,0.075,0.034,1.017,-0.001,-0.005,16.315,-0.016,20.333,15.026,19.201
5.809,-3.570,-0.001,0.967,-0.002,0.001,-0.255,0.371,0.388,23.214,0.327,20.452,21.733,19.220,0.808,-0.282,-0.007,0.095,0.015,1.016,-0.000,-0.004,16.328,-0.011,20.426,15.036,19.224
5.817,-3.573,-0.001,0.968,-0.002,0.001,-0.250,0.371,0.388,23.377,0.327,20.657,21.883,19.412,0.811,-0.274,-0.007,0.106,-0.009,1.015,-0.000,-0.004,16.327,-0.007,20.519,15.041,19.270
5.825,-3.575,-0.001,0.970,-0.001,0.001,-0.245,0.371,0.388,23.541,0.327,20.863,22.033,19.605,0.814,-0.265,-0.006,0.110,-0.034,1.014,-0.001,-0.004,16.311,-0.004,20.605,15.042,19.335
5.834,-3.578,-0.001,0.971,-0.001,0.001,-0.240,0.371,0.388,23.704,0.327,21.069,22.184,19.799,0.817,-0.257,-0.004,0.110,-0.057,1.014,-0.001,-0.004,16.279,-0.002,20.677,15.042,19.416
5.842,-3.580,-0.001,0.972,-0.000,0.000,-0.235,0.371,0.388,23.866,0.327,21.276,22.334,19.994,0.820,-0.248,-0.003,0.106,-0.074,1.014,-0.001,-0.004,16.233,0.001,20.732,15.042,19.508
5.850,-3.583,-0.001,0.973,0.000,-0.000,-0.230,0.371,0.388,24.028,0.327,21.484,22.485,20.189,0.822,-0.240,-0.001,0.100,-0.082,1.015,-0.000,-0.003,16.175,0.002,20.768,15.042,19.605
5.858,-3.585,-0.001,0.974,0.001,-0.001,-0.225,0.371,0.388,24.190,0.327,21.691,22.635,20.386,0.825,-0.232,0.001,0.093,-0.081,1.015,-0.000,-0.003,16.108,0.001,20.788,15.042,19.702
5.866,-3.588,-0.001,0.975,0.001,-0.001,-0.220,0.371,0.388,24.350,0.327,21.899,22.786,20.583,0.827,-0.223,0.002,0.085,-0.072,1.016,-0.000,-0.002,16.038,0.000,20.797,15.040,19.793
5.875,-3.590,-0.001,0.977,0.001,-0.002,-0.215,0.371,0.388,24.510,0.327,22.107,22.936,20.782,0.829,-0.215,0.003,0.076,-0.057,1.016,-0.000,-0.001,15.970,-0.002,20.799,15.036,19.874
5.883,-3.592,-0.001,0.978,0.002,-0.002,-0.210,0.371,0.388,24.670,0.327,22.315,23.086,20.981,0.831,-0.207,0.004,0.066,-0.037,1.017,-0.000,-0.000,15.907,-0.003,20.801,15.028,19.943
5.891,-3.594,-0.001,0.979,0.002,-0.002,-0.205,0.371,0.388,24.829,0.327,22.523,23.236,21.180,0.834,-0.198,0.004,0.055,-0.016,1.018,-0.000,0.001,15.856,-0.005,20.806,15.015,19.999
5.900,-3.596,-0.001,0.980,0.002,-0.002,-0.200,0.371,0.388,24.987,0.327,22.731,23.387,21.381,0.836,-0.190,0.004,0.044,0.004,1.020,0.000,0.002,15.818,-0.006,20.817,14.996,20.044
5.908,-3.598,-0.001,0.981,0.002,-0.002,-0.195,0.371,0.388,25.145,0.327,22.940,23.536,21.581,0.838,-0.181,0.004,0.032,0.021,1.023,0.000,0.003,15.796,-0.005,20.834,14.971,20.080
5.917,-3.599,-0.001,0.982,0.002,-0.002,-0.190,0.371,0.388,25.303,0.327,23.148,23.686,21.782,0.841,-0.172,0.005,0.019,0.032,1.028,0.001,0.004,15.790,-0.002,20.855,14.939,20.109
5.925,-3.601,-0.001,0.983,0.002,-0.002,-0.185,0.371,0.388,25.461,0.327,23.357,23.835,21.983,0.844,-0.163,0.005,0.004,0.039,1.033,0.002,0.005,15.799,0.002,20.875,14.904,20.132
5.933,-3.603,-0.001,0.984,0.002,-0.002,-0.180,0.371,0.388,25.619,0.327,23.566,23.984,22.185,0.847,-0.154,0.005,-0.012,0.040,1.038,0.003,0.006,15.824,0.007,20.886,14.870,20.151
5.942,-3.604,-0.001,0.985,0.002,-0.002,-0.175,0.371,0.388,25.777,0.327,23.774,24.133,22.386,0.850,-0.145,0.006,-0.026,0.035,1.044,0.004,0.006,15.860,0.012,20.891,14.835,20.170
5.950,-3.606,-0.000,0.985,0.002,-0.001,-0.170,0.371,0.388,25.936,0.327,23.983,24.281,22.588,0.853,-0.136,0.007,-0.039,0.030,1.052,0.005,0.006,15.902,0.019,20.887,14.800,20.186
5.959,-3.607,-0.000,0.986,0.002,-0.001,-0.165,0.371,0.388,26.095,0.328,24.192,24.429,22.790,0.856,-0.126,0.007,-0.050,0.025,1.060,0.004,0.005,15.952,0.021,20.875,14.763,20.198
5.967,-3.608,-0.000,0.987,0.002,-0.001,-0.159,0.371,0.388,26.255,0.328,24.401,24.576,22.992,0.858,-0.116,0.007,-0.058,0.023,1.070,0.002,0.004,16.014,0.016,20.859,14.727,20.203
5.976,-3.609,-0.000,0.988,0.001,-0.001,-0.154,0.371,0.388,26.416,0.328,24.609,24.723,23.194,0.861,-0.107,0.007,-0.064,0.024,1.079,0.000,0.002,16.074,0.011,20.841,14.699,20.200
5.985,-3.610,-0.000,0.989,0.001,-0.001,-0.149,0.371,0.388,26.577,0.328,24.818,24.870,23.396,0.863,-0.097,0.006,-0.071,0.033,1.085,-0.000,0.002,16.134,0.008,20.821,14.682,20.183
5.993,-3.611,-0.000,0.990,0.001,-0.000,-0.143,0.371,0.388,26.738,0.328,25.026,25.017,23.598,0.866,-0.087,0.004,-0.078,0.047,1.088,-0.000,0.001,16.181,0.005,20.807,14.680,20.152
6.002,-3.612,-0.000,0.990,0.000,-0.000,-0.138,0.371,0.388,26.900,0.328,25.234,25.164,23.799,0.868,-0.078,0.001,-0.084,0.064,1.089,-0.001,0.001,16.235,0.001,20.801,14.690,20.104
6.011,-3.613,-0.000,0.991,0.000,0.000,-0.133,0.371,0.388,27.063,0.328,25.442,25.311,24.000,0.870,-0.069,-0.003,-0.089,0.080,1.087,-0.001,0.000,16.300,-0.003,20.807,14.710,20.038
6.019,-3.613,-0.000,0.992,-0.000,0.001,-0.127,0.371,0.388,27.226,0.328,25.650,25.458,24.200,0.871,-0.061,-0.006,-0.088,0.092,1.082,-0.002,-0.000,16.374,-0.008,20.826,14.741,19.957
6.028,-3.614,-0.000,0.993,-0.001,0.001,-0.122,0.371,0.388,27.391,0.328,25.858,25.606,24.399,0.872,-0.052,-0.007,-0.075,0.088,1.075,-0.003,-0.001,16.456,-0.017,20.861,14.787,19.872
6.037,-3.614,-0.000,0.993,-0.001,0.002,-0.117,0.371,0.388,27.556,0.328,26.067,25.754,24.597,0.874,-0.044,-0.007,-0.054,0.068,1.065,-0.004,-0.002,16.540,-0.022,20.909,14.849,19.791
6.046,-3.615,-0.000,0.994,-0.001,0.002,-0.111,0.371,0.388,27.721,0.327,26.277,25.902,24.795,0.875,-0.036,-0.006,-0.035,0.043,1.057,-0.003,-0.003,16.608,-0.018,20.967,14.906,19.721
6.054,-3.615,-0.000,0.994,-0.001,0.002,-0.106,0.371,0.388,27.888,0.327,26.487,26.052,24.992,0.875,-0.028,-0.007,-0.019,0.020,1.051,-0.002,-0.003,16.658,-0.013,21.029,14.955,19.668
6.063,-3.615,-0.000,0.995,-0.001,0.002,-0.101,0.371,0.388,28.054,0.327,26.697,26.202,25.188,0.875,-0.019,-0.008,-0.006,-0.002,1.048,-0.001,-0.003,16.691,-0.008,21.089,14.998,19.637
6.072,-3.616,-0.001,0.995,-0.001,0.002,-0.096,0.371,0.388,28.221,0.327,26.908,26.352,25.385,0.875,-0.009,-0.009,0.006,-0.022,1.046,-0.000,-0.002,16.710,-0.004,21.143,15.038,19.628
6.081,-3.616,-0.001,0.996,-0.001,0.002,-0.090,0.371,0.388,28.389,0.327,27.120,26.502,25.581,0.875,-0.000,-0.010,0.015,-0.040,1.044,0.000,-0.002,16.718,0.000,21.185,15.076,19.641
6.089,-3.616,-0.001,0.996,-0.001,0.002,-0.085,0.371,0.388,28.556,0.327,27.332,26.653,25.777,0.874,0.009,-0.010,0.024,-0.054,1.043,0.001,-0.002,16.716,0.003,21.214,15.111,19.675
6.098,-3.615,-0.001,0.997,-0.001,0.001,-0.080,0.371,0.388,28.723,0.327,27.544,26.805,25.974,0.873,0.019,-0.010,0.031,-0.064,1.042,0.001,-0.001,16.705,0.006,21.230,15.142,19.724
6.107,-3.615,-0.001,0.997,-0.001,0.001,-0.075,0.371,0.388,28.890,0.327,27.757,26.956,26.172,0.871,0.028,-0.009,0.038,-0.068,1.042,0.001,-0.001,16.685,0.007,21.234,15.167,19.786
6.116,-3.615,-0.001,0.998,-0.001,0.001,-0.070,0.371,0.388,29.057,0.327,27.969,27.108,26.370,0.870,0.037,-0.008,0.044,-0.068,1.042,0.000,-0.001,16.656,0.006,21.229,15.188,19.854
6.124,-3.614,-0.001,0.998,-0.000,0.000,-0.065,0.371,0.388,29.223,0.327,28.181,27.260,26.569,0.868,0.046,-0.006,0.049,-0.063,1.041,-0.000,-0.002,16.622,0.005,21.218,15.205,19.925
6.133,-3.614,-0.001,0.998,-0.000,0.000,-0.059,0.371,0.388,29.389,0.327,28.393,27.412,26.769,0.867,0.055,-0.004,0.051,-0.056,1.040,-0.001,-0.002,16.582,0.002,21.206,15.217,19.994
6.142,-3.613,-0.001,0.999,0.000,-0.000,-0.054,0.371,0.388,29.555,0.327,28.605,27.564,26.969,0.865,0.064,-0.002,0.052,-0.048,1.039,-0.001,-0.003,16.538,-0.000,21.194,15.226,20.057
6.150,-3.613,-0.001,0.999,0.000,-0.000,-0.049,0.371,0.388,29.720,0.327,28.817,27.716,27.170,0.864,0.073,0.000,0.049,-0.041,1.038,-0.002,-0.003,16.493,-0.002,21.185,15.233,20.114
6.159,-3.612,-0.001,0.999,0.000,-0.001,-0.044,0.371,0.388,29.884,0.327,29.029,27.869,27.371,0.863,0.081,0.003,0.045,-0.037,1.037,-0.002,-0.003,16.446,-0.003,21.178,15.240,20.164
6.167,-3.611,-0.001,0.999,0.001,-0.001,-0.039,0.371,0.388,30.049,0.327,29.241,28.021,27.573,0.863,0.090,0.006,0.038,-0.037,1.037,-0.001,-0.003,16.400,-0.003,21.172,15.248,20.207
6.176,-3.610,-0.001,0.999,0.001,-0.001,-0.033,0.371,0.388,30.212,0.327,29.452,28.174,27.775,0.862,0.099,0.008,0.030,-0.041,1.037,-0.001,-0.003,16.355,-0.001,21.163,15.258,20.247
6.185,-3.609,-0.001,1.000,0.001,-0.001,-0.028,0.371,0.388,30.376,0.327,29.664,28.326,27.978,0.862,0.108,0.010,0.020,-0.047,1.039,-0.000,-0.003,16.313,0.003,21.148,15.272,20.286
6.193,-3.608,-0.001,1.000,0.001,-0.001,-0.023,0.371,0.388,30.539,0.327,29.875,28.479,28.181,0.862,0.117,0.011,0.009,-0.055,1.041,0.001,-0.002,16.273,0.007,21.123,15.289,20.325
6.202,-3.607,-0.001,1.000,0.001,-0.002,-0.018,0.371,0.388,30.701,0.327,30.086,28.632,28.385,0.863,0.126,0.012,-0.001,-0.062,1.043,0.002,-0.001,16.236,0.012,21.087,15.309,20.364
6.211,-3.605,-0.001,1.000,0.001,-0.002,-0.013,0.371,0.388,30.863,0.328,30.297,28.785,28.588,0.863,0.136,0.012,-0.010,-0.066,1.047,0.003,-0.000,16.202,0.023,21.039,15.332,20.404
6.219,-3.604,-0.001,1.000,0.001,-0.002,-0.007,0.371,0.388,31.025,0.328,30.507,28.939,28.793,0.863,0.145,0.012,-0.018,-0.064,1.050,0.004,0.001,16.172,0.031,20.981,15.354,20.441
6.228,-3.602,-0.000,1.000,0.001,-0.003,-0.002,0.371,0.388,31.187,0.328,30.717,29.092,28.997,0.863,0.155,0.010,-0.024,-0.054,1.054,0.004,0.003,16.146,0.025,20.919,15.373,20.471
6.236,-3.601,-0.000,1.000,0.001,-0.003,0.003,0.371,0.388,31.348,0.328,30.926,29.246,29.202,0.863,0.165,0.009,-0.028,-0.037,1.057,0.003,0.004,16.127,0.015,20.858,15.388,20.492
6.245,-3.599,-0.000,1.000,0.000,-0.003,0.008,0.371,0.388,31.509,0.329,31.134,29.400,29.407,0.862,0.174,0.007,-0.030,-0.011,1.061,0.002,0.005,16.116,0.006,20.804,15.395,20.497
6.254,-3.597,-0.000,1.000,0.000,-0.003,0.014,0.371,0.388,31.671,0.329,31.342,29.554,29.612,0.860,0.183,0.005,-0.030,0.021,1.063,0.001,0.006,16.115,-0.001,20.765,15.392,20.484
6.262,-3.596,-0.000,1.000,0.000,-0.003,0.019,0.371,0.388,31.832,0.328,31.549,29.708,29.817,0.859,0.193,0.003,-0.029,0.057,1.065,-0.000,0.006,16.126,-0.009,20.746,15.377,20.450
6.271,-3.594,-0.000,1.000,-0.000,-0.003,0.024,0.371,0.388,31.993,0.328,31.757,29.862,30.021,0.857,0.202,0.001,-0.026,0.092,1.067,-0.004,0.006,16.151,-0.024,20.751,15.351,20.395
