2.000,5.000,0.001,1.000,0.000,0.000,0.000,-0.000,-0.000,0.000,-0.000,0.000,0.000,0.000,-0.000,-0.000,0.000,-0.000,-0.000,-0.000,0.000,0.000,-0.000,0.000,-0.000,-0.000,-0.000
2.000,5.000,0.001,1.000,0.000,-0.000,-0.000,0.003,0.002,0.003,0.002,0.003,0.003,0.003,0.028,0.000,0.000,0.001,-0.018,-0.000,0.459,0.329,0.607,0.329,0.606,0.610,0.609
2.001,5.000,0.001,1.000,0.000,-0.000,-0.000,0.007,0.005,0.012,0.005,0.012,0.012,0.012,0.056,0.000,0.000,0.002,-0.024,0.000,0.233,0.205,1.181,0.205,1.183,1.183,1.184
2.001,5.000,0.001,1.000,0.000,-0.000,0.000,0.008,0.006,0.027,0.006,0.027,0.027,0.027,0.083,0.000,0.000,0.002,-0.023,0.001,-0.013,0.036,1.731,0.036,1.736,1.730,1.735
2.002,5.000,0.001,1.000,0.000,-0.000,0.000,0.007,0.006,0.047,0.006,0.047,0.047,0.047,0.109,0.000,0.000,0.002,-0.019,0.002,-0.158,-0.094,2.260,-0.093,2.268,2.259,2.266
2.003,5.000,0.001,1.000,0.000,-0.000,0.000,0.005,0.005,0.072,0.005,0.072,0.072,0.072,0.135,0.000,0.000,0.001,-0.014,0.002,-0.094,-0.061,2.770,-0.061,2.780,2.772,2.781
2.005,5.000,0.001,1.000,0.000,-0.001,0.000,0.005,0.004,0.102,0.004,0.102,0.102,0.102,0.159,0.000,-0.000,0.001,-0.009,0.002,-0.021,-0.024,3.265,-0.024,3.276,3.270,3.280
2.007,5.000,0.001,1.000,0.000,-0.001,0.000,0.005,0.004,0.137,0.004,0.137,0.137,0.138,0.184,0.000,-0.001,0.001,-0.006,0.002,0.012,-0.008,3.745,-0.008,3.757,3.753,3.765
2.009,5.000,0.001,1.000,0.000,-0.001,0.000,0.005,0.004,0.177,0.004,0.177,0.177,0.178,0.207,0.000,-0.001,0.000,-0.003,0.003,0.016,-0.002,4.212,-0.002,4.225,4.222,4.235
2.011,5.000,0.000,1.000,0.000,-0.001,0.000,0.005,0.004,0.221,0.004,0.222,0.222,0.222,0.230,0.001,-0.002,0.000,-0.001,0.003,0.010,0.001,4.665,0.000,4.680,4.678,4.692
2.013,5.000,0.000,1.000,0.000,-0.001,0.000,0.005,0.004,0.270,0.004,0.271,0.271,0.271,0.252,0.001,-0.002,0.000,0.001,0.003,0.003,0.001,5.105,0.001,5.121,5.120,5.136
2.016,5.000,0.000,1.000,0.000,-0.001,0.000,0.005,0.004,0.323,0.004,0.324,0.324,0.325,0.273,0.001,-0.003,0.000,0.002,0.004,0.000,0.001,5.533,0.001,5.551,5.550,5.568
2.019,5.000,0.000,1.000,0.000,-0.001,0.000,0.005,0.004,0.381,0.004,0.382,0.382,0.383,0.294,0.001,-0.004,0.000,0.003,0.004,-0.001,0.002,5.949,0.001,5.969,5.967,5.987
2.022,5.000,0.000,1.000,0.000,-0.001,0.000,0.005,0.004,0.442,0.004,0.444,0.443,0.445,0.314,0.001,-0.005,0.000,0.003,0.004,-0.000,0.002,6.354,0.002,6.375,6.373,6.394
2.025,5.000,0.000,1.000,0.000,-0.001,0.000,0.005,0.004,0.508,0.004,0.509,0.509,0.511,0.334,0.001,-0.006,-0.000,0.003,0.005,0.000,0.002,6.747,0.002,6.769,6.768,6.790
2.028,5.000,0.000,1.000,0.000,-0.001,0.000,0.005,0.004,0.577,0.004,0.579,0.579,0.580,0.352,0.001,-0.007,-0.000,0.003,0.005,0.001,0.002,7.129,0.002,7.153,7.151,7.175
2.032,5.000,0.000,1.000,0.000,-0.001,0.000,0.005,0.004,0.650,0.004,0.652,0.652,0.654,0.371,0.001,-0.008,-0.000,0.003,0.005,0.001,0.003,7.501,0.003,7.527,7.523,7.549
2.036,5.000,0.000,1.000,0.000,-0.000,0.000,0.005,0.004,0.727,0.004,0.730,0.729,0.731,0.388,0.001,-0.009,-0.000,0.003,0.006,0.002,0.003,7.862,0.003,7.889,7.885,7.913
2.040,5.000,0.000,1.000,0.000,-0.000,0.000,0.005,0.004,0.808,0.004,0.810,0.810,0.812,0.405,0.001,-0.010,-0.000,0.003,0.006,0.002,0.003,8.213,0.003,8.242,8.237,8.266
2.044,5.000,-0.000,1.000,0.000,-0.000,0.000,0.005,0.004,0.891,0.004,0.894,0.894,0.897,0.421,0.001,-0.010,-0.000,0.003,0.006,0.002,0.003,8.555,0.003,8.585,8.579,8.609
2.048,5.000,-0.000,1.000,0.000,-0.000,0.000,0.005,0.004,0.979,0.004,0.982,0.981,0.984,0.437,0.001,-0.011,-0.000,0.003,0.006,0.002,0.004,8.886,0.004,8.917,8.910,8.942
2.053,5.000,-0.000,1.000,0.000,-0.000,0.000,0.005,0.005,1.069,0.005,1.073,1.072,1.075,0.452,0.001,-0.012,-0.000,0.003,0.007,0.002,0.004,9.207,0.004,9.240,9.232,9.265
2.057,5.000,-0.000,1.000,0.000,-0.000,0.000,0.005,0.005,1.163,0.005,1.167,1.166,1.170,0.466,0.001,-0.012,-0.000,0.003,0.007,0.002,0.004,9.519,0.004,9.553,9.544,9.578
2.062,5.000,-0.001,1.000,0.000,-0.000,0.000,0.005,0.005,1.259,0.005,1.264,1.263,1.267,0.480,0.002,-0.012,-0.001,0.003,0.007,0.002,0.004,9.820,0.004,9.856,9.845,9.882
2.067,5.000,-0.001,1.000,0.000,-0.000,0.000,0.005,0.005,1.359,0.005,1.364,1.363,1.367,0.493,0.002,-0.012,-0.001,0.002,0.008,0.002,0.005,10.112,0.005,10.150,10.137,10.175
2.072,5.000,-0.001,1.000,0.000,-0.000,0.001,0.005,0.005,1.462,0.005,1.467,1.465,1.470,0.506,0.002,-0.011,-0.001,0.002,0.008,0.002,0.005,10.394,0.005,10.433,10.419,10.458
2.077,5.000,-0.001,1.000,0.000,-0.000,0.001,0.005,0.005,1.567,0.005,1.572,1.571,1.576,0.518,0.002,-0.011,-0.001,0.002,0.008,0.002,0.005,10.666,0.005,10.706,10.691,10.731
2.082,5.000,-0.001,1.000,0.000,-0.000,0.001,0.005,0.005,1.675,0.005,1.681,1.679,1.685,0.530,0.002,-0.010,-0.001,0.002,0.008,0.002,0.005,10.927,0.005,10.969,10.952,10.994
2.087,5.000,-0.001,1.000,0.000,-0.000,0.001,0.005,0.005,1.785,0.005,1.792,1.790,1.796,0.541,0.002,-0.008,-0.001,0.002,0.009,0.002,0.005,11.179,0.005,11.222,11.204,11.246
2.093,5.000,-0.001,1.000,0.000,-0.000,0.001,0.005,0.005,1.898,0.005,1.905,1.903,1.910,0.552,0.002,-0.007,-0.001,0.002,0.009,0.002,0.005,11.421,0.005,11.465,11.445,11.489
2.098,5.000,-0.001,1.000,0.000,-0.000,0.001,0.005,0.005,2.014,0.005,2.021,2.019,2.026,0.562,0.002,-0.005,-0.001,0.002,0.009,0.002,0.005,11.653,0.005,11.698,11.677,11.722
2.104,5.000,-0.001,1.000,0.000,-0.000,0.001,0.005,0.005,2.132,0.005,2.139,2.137,2.144,0.572,0.002,-0.004,-0.001,0.002,0.010,0.002,0.005,11.877,0.005,11.922,11.900,11.946
2.110,5.000,-0.001,1.000,-0.000,-0.000,0.001,0.005,0.005,2.251,0.005,2.259,2.257,2.265,0.582,0.002,-0.003,-0.001,0.001,0.010,0.002,0.005,12.091,0.005,12.138,12.115,12.162
2.116,5.000,-0.001,1.000,-0.000,-0.000,0.001,0.005,0.005,2.373,0.005,2.382,2.379,2.388,0.592,0.003,-0.001,-0.001,0.001,0.010,0.002,0.005,12.298,0.005,12.345,12.321,12.369
2.122,5.000,-0.001,1.000,-0.000,-0.000,0.001,0.005,0.005,2.497,0.005,2.506,2.503,2.512,0.601,0.003,-0.000,-0.001,0.001,0.010,0.001,0.005,12.496,0.005,12.545,12.519,12.568
2.128,5.000,-0.001,1.000,-0.000,-0.000,0.001,0.005,0.005,2.623,0.005,2.633,2.629,2.639,0.610,0.003,0.000,-0.001,0.001,0.011,0.001,0.005,12.689,0.005,12.738,12.711,12.761
2.134,5.000,-0.001,1.000,-0.000,-0.000,0.001,0.005,0.005,2.751,0.005,2.761,2.757,2.767,0.619,0.003,0.001,-0.001,0.001,0.011,0.001,0.005,12.875,0.004,12.925,12.897,12.948
2.140,5.000,-0.001,1.000,-0.000,-0.000,0.001,0.006,0.005,2.881,0.005,2.891,2.887,2.898,0.628,0.003,0.001,-0.001,0.001,0.011,0.001,0.004,13.055,0.004,13.106,13.078,13.129
2.147,5.001,-0.001,1.000,-0.000,-0.000,0.001,0.006,0.005,3.012,0.005,3.023,3.019,3.030,0.637,0.003,0.001,-0.001,0.001,0.011,0.001,0.004,13.231,0.004,13.283,13.254,13.306
2.153,5.001,-0.001,1.000,-0.000,-0.000,0.001,0.006,0.005,3.145,0.005,3.157,3.152,3.164,0.645,0.003,0.001,-0.000,0.001,0.012,0.001,0.003,13.403,0.003,13.456,13.425,13.478
2.159,5.001,-0.001,1.000,-0.000,-0.000,0.001,0.006,0.005,3.280,0.005,3.292,3.288,3.300,0.653,0.003,0.001,-0.000,0.001,0.012,0.000,0.003,13.571,0.003,13.625,13.593,13.647
2.166,5.001,-0.001,1.000,-0.000,-0.000,0.001,0.006,0.005,3.417,0.005,3.429,3.424,3.437,0.661,0.004,0.000,-0.000,0.001,0.012,0.000,0.002,13.735,0.002,13.790,13.757,13.812
2.173,5.001,-0.001,1.000,-0.000,-0.000,0.001,0.006,0.005,3.555,0.005,3.568,3.563,3.576,0.669,0.004,0.000,-0.000,0.001,0.012,0.000,0.002,13.896,0.002,13.952,13.918,13.974
2.179,5.001,-0.001,1.000,-0.000,-0.000,0.001,0.006,0.005,3.695,0.005,3.708,3.703,3.716,0.677,0.004,0.000,-0.000,0.001,0.012,-0.000,0.001,14.053,0.001,14.110,14.075,14.131
2.186,5.001,-0.001,1.000,-0.000,-0.000,0.002,0.006,0.005,3.836,0.005,3.850,3.844,3.858,0.684,0.004,0.001,-0.000,0.002,0.013,-0.000,0.001,14.206,0.000,14.263,14.227,14.284
2.193,5.001,-0.001,1.000,-0.000,-0.000,0.002,0.006,0.005,3.979,0.005,3.994,3.987,4.002,0.692,0.004,0.002,-0.000,0.002,0.013,-0.000,-0.000,14.355,-0.000,14.412,14.375,14.433
2.200,5.001,-0.001,1.000,-0.000,-0.000,0.002,0.006,0.005,4.123,0.005,4.138,4.132,4.147,0.699,0.004,0.003,-0.000,0.002,0.013,-0.000,-0.001,14.498,-0.001,14.555,14.518,14.575
2.207,5.001,-0.001,1.000,-0.000,-0.000,0.002,0.006,0.005,4.269,0.005,4.285,4.277,4.293,0.706,0.004,0.005,-0.000,0.001,0.013,-0.001,-0.001,14.635,-0.001,14.692,14.654,14.712
2.214,5.001,-0.001,1.000,-0.000,-0.000,0.002,0.006,0.005,4.416,0.005,4.432,4.425,4.441,0.713,0.004,0.007,-0.000,0.001,0.013,-0.001,-0.002,14.765,-0.002,14.823,14.783,14.841
2.221,5.001,-0.001,1.000,-0.000,-0.000,0.002,0.006,0.005,4.564,0.005,4.581,4.573,4.590,0.720,0.005,0.010,-0.001,0.001,0.013,-0.001,-0.002,14.888,-0.002,14.945,14.905,14.963
2.229,5.001,-0.001,1.000,-0.000,-0.000,0.002,0.005,0.005,4.713,0.005,4.731,4.723,4.740,0.727,0.005,0.012,-0.001,0.001,0.013,-0.001,-0.002,15.003,-0.002,15.060,15.020,15.077
2.236,5.001,-0.001,1.000,-0.000,-0.000,0.002,0.005,0.005,4.864,0.005,4.882,4.874,4.892,0.734,0.005,0.015,-0.000,0.001,0.013,-0.001,-0.002,15.111,-0.002,15.168,15.127,15.184
2.243,5.001,-0.001,1.000,-0.000,-0.000,0.002,0.005,0.005,5.016,0.005,5.034,5.025,5.044,0.741,0.005,0.017,-0.000,0.000,0.013,-0.001,-0.003,15.211,-0.003,15.267,15.227,15.283
2.251,5.001,-0.000,1.000,-0.000,-0.000,0.002,0.005,0.005,5.168,0.005,5.188,5.178,5.197,0.748,0.005,0.019,0.000,0.000,0.013,-0.001,-0.003,15.305,-0.003,15.360,15.319,15.375
2.258,5.001,-0.000,1.000,-0.000,-0.000,0.002,0.005,0.005,5.322,0.005,5.342,5.332,5.352,0.755,0.005,0.020,0.001,-0.000,0.013,-0.001,-0.003,15.392,-0.003,15.448,15.407,15.462
2.266,5.001,-0.000,1.000,-0.000,-0.000,0.002,0.005,0.005,5.476,0.005,5.497,5.486,5.507,0.762,0.005,0.020,0.001,-0.000,0.014,-0.001,-0.003,15.475,-0.003,15.531,15.490,15.546
2.273,5.001,0.000,1.000,-0.000,-0.000,0.002,0.005,0.005,5.631,0.005,5.652,5.641,5.663,0.769,0.006,0.019,0.002,-0.000,0.014,-0.001,-0.002,15.555,-0.002,15.611,15.570,15.626
2.281,5.001,0.000,1.000,-0.000,-0.000,0.002,0.005,0.005,5.787,0.005,5.809,5.798,5.819,0.775,0.006,0.016,0.003,-0.000,0.014,-0.000,-0.002,15.633,-0.002,15.690,15.649,15.706
2.289,5.001,0.000,1.000,-0.000,-0.000,0.002,0.005,0.005,5.944,0.005,5.966,5.954,5.977,0.782,0.006,0.013,0.003,-0.000,0.014,-0.000,-0.002,15.711,-0.002,15.769,15.727,15.786
2.297,5.001,0.001,1.000,0.000,-0.000,0.002,0.005,0.005,6.101,0.005,6.124,6.112,6.135,0.788,0.006,0.009,0.004,-0.000,0.014,-0.000,-0.001,15.791,-0.001,15.850,15.807,15.867
2.305,5.002,0.001,1.000,0.000,-0.000,0.003,0.005,0.005,6.260,0.005,6.283,6.271,6.294,0.793,0.006,0.004,0.004,0.000,0.014,0.000,-0.001,15.872,-0.001,15.934,15.890,15.952
2.313,5.002,0.001,1.000,0.000,-0.000,0.003,0.005,0.005,6.419,0.005,6.443,6.430,6.454,0.798,0.006,-0.002,0.004,0.000,0.014,0.000,-0.000,15.956,-0.000,16.021,15.975,16.039
2.321,5.002,0.001,1.000,0.000,-0.000,0.003,0.005,0.005,6.579,0.005,6.603,6.590,6.615,0.802,0.006,-0.007,0.004,0.001,0.014,0.000,0.000,16.043,0.001,16.111,16.063,16.130
2.329,5.002,0.000,1.000,0.000,-0.000,0.003,0.005,0.005,6.740,0.005,6.765,6.751,6.777,0.806,0.007,-0.012,0.003,0.001,0.014,0.001,0.001,16.134,0.001,16.204,16.154,16.224
2.337,5.002,0.000,1.000,0.000,-0.000,0.003,0.005,0.005,6.901,0.005,6.928,6.913,6.939,0.809,0.007,-0.017,0.003,0.002,0.014,0.001,0.002,16.227,0.002,16.300,16.247,16.321
2.345,5.002,0.000,1.000,0.000,-0.000,0.003,0.005,0.005,7.064,0.005,7.091,7.076,7.103,0.812,0.007,-0.020,0.002,0.002,0.014,0.001,0.002,16.322,0.002,16.398,16.342,16.419
2.353,5.002,-0.000,1.000,0.000,-0.000,0.003,0.005,0.005,7.228,0.005,7.255,7.240,7.268,0.814,0.007,-0.022,0.001,0.002,0.014,0.001,0.003,16.417,0.003,16.496,16.437,16.516
2.361,5.002,-0.000,1.000,0.000,-0.000,0.003,0.005,0.005,7.393,0.005,7.421,7.405,7.433,0.815,0.007,-0.023,0.000,0.002,0.014,0.001,0.003,16.512,0.003,16.592,16.531,16.612
2.369,5.002,-0.001,1.000,0.000,-0.000,0.003,0.006,0.005,7.558,0.005,7.587,7.571,7.600,0.816,0.007,-0.023,-0.001,0.002,0.015,0.001,0.004,16.603,0.004,16.685,16.622,16.704
2.377,5.002,-0.001,1.000,0.000,-0.000,0.003,0.006,0.005,7.725,0.005,7.755,7.737,7.767,0.817,0.007,-0.021,-0.002,0.002,0.015,0.001,0.004,16.691,0.004,16.773,16.709,16.792
2.386,5.002,-0.001,1.000,0.000,-0.000,0.003,0.006,0.005,7.892,0.005,7.923,7.905,7.936,0.818,0.008,-0.018,-0.003,0.002,0.015,0.001,0.004,16.773,0.004,16.855,16.790,16.873
2.394,5.002,-0.001,1.000,0.000,-0.000,0.003,0.006,0.005,8.060,0.005,8.092,8.073,8.105,0.819,0.008,-0.015,-0.004,0.001,0.015,0.001,0.004,16.848,0.004,16.931,16.864,16.947
2.402,5.002,-0.001,1.000,0.000,-0.000,0.003,0.006,0.005,8.229,0.005,8.261,8.242,8.275,0.819,0.008,-0.011,-0.004,0.001,0.015,0.001,0.004,16.917,0.004,16.999,16.932,17.014
2.410,5.002,-0.001,1.000,0.000,-0.000,0.003,0.006,0.006,8.398,0.006,8.432,8.412,8.445,0.821,0.008,-0.007,-0.004,0.001,0.015,0.001,0.004,16.980,0.004,17.060,16.994,17.074
2.418,5.003,-0.001,1.000,0.000,-0.000,0.004,0.006,0.006,8.568,0.006,8.603,8.582,8.616,0.822,0.008,-0.004,-0.004,0.000,0.015,0.001,0.004,17.037,0.004,17.115,17.050,17.128
2.427,5.003,-0.001,1.000,0.000,-0.000,0.004,0.006,0.006,8.739,0.006,8.774,8.753,8.788,0.823,0.008,-0.001,-0.003,-0.000,0.016,0.001,0.003,17.089,0.003,17.166,17.101,17.178
2.435,5.003,-0.001,1.000,-0.000,-0.000,0.004,0.006,0.006,8.910,0.006,8.946,8.924,8.960,0.825,0.008,0.001,-0.003,-0.000,0.016,0.000,0.003,17.137,0.003,17.213,17.149,17.225
2.443,5.003,-0.001,1.000,-0.000,-0.000,0.004,0.006,0.006,9.082,0.006,9.118,9.096,9.132,0.827,0.009,0.002,-0.002,-0.000,0.016,0.000,0.002,17.183,0.002,17.258,17.195,17.270
2.451,5.003,-0.001,1.000,-0.000,-0.000,0.004,0.006,0.006,9.254,0.006,9.291,9.268,9.305,0.830,0.009,0.002,-0.001,-0.000,0.016,-0.000,0.002,17.229,0.001,17.303,17.241,17.315
2.460,5.003,-0.001,1.000,-0.000,-0.000,0.004,0.006,0.006,9.426,0.006,9.464,9.440,9.478,0.832,0.009,0.002,-0.000,-0.000,0.016,-0.000,0.001,17.274,0.001,17.348,17.287,17.361
2.468,5.003,-0.001,1.000,-0.000,-0.000,0.004,0.006,0.006,9.599,0.006,9.638,9.614,9.652,0.835,0.009,0.002,-0.000,-0.000,0.016,-0.000,0.000,17.321,0.000,17.395,17.334,17.407
2.476,5.003,-0.001,1.000,-0.000,-0.000,0.004,0.006,0.006,9.773,0.006,9.812,9.787,9.827,0.837,0.009,0.001,0.000,0.000,0.016,-0.001,-0.001,17.368,-0.001,17.442,17.381,17.455
2.485,5.003,-0.001,1.000,-0.000,-0.000,0.004,0.006,0.006,9.947,0.006,9.987,9.961,10.001,0.839,0.009,0.001,-0.000,0.000,0.016,-0.001,-0.001,17.417,-0.001,17.491,17.430,17.504
2.493,5.003,-0.001,1.000,-0.000,-0.000,0.004,0.006,0.006,10.121,0.006,10.162,10.136,10.177,0.842,0.010,0.001,-0.001,0.001,0.016,-0.001,-0.002,17.465,-0.002,17.539,17.478,17.551
2.502,5.003,-0.001,1.000,-0.000,-0.000,0.004,0.006,0.006,10.296,0.006,10.338,10.311,10.352,0.844,0.010,0.002,-0.001,0.001,0.016,-0.001,-0.003,17.513,-0.003,17.585,17.525,17.598
2.510,5.004,-0.001,1.000,-0.000,-0.000,0.004,0.006,0.006,10.471,0.006,10.514,10.486,10.529,0.847,0.010,0.004,-0.002,0.001,0.016,-0.001,-0.003,17.558,-0.003,17.629,17.570,17.641
2.519,5.004,-0.001,1.000,-0.000,-0.000,0.005,0.006,0.006,10.647,0.006,10.690,10.662,10.705,0.850,0.010,0.007,-0.003,0.001,0.016,-0.001,-0.003,17.599,-0.004,17.668,17.610,17.679
2.527,5.004,-0.001,1.000,-0.000,-0.000,0.005,0.006,0.006,10.823,0.006,10.867,10.838,10.882,0.853,0.010,0.011,-0.003,0.001,0.016,-0.001,-0.004,17.636,-0.004,17.702,17.645,17.711
2.536,5.004,-0.001,1.000,-0.000,-0.000,0.005,0.006,0.006,11.000,0.005,11.044,11.015,11.059,0.856,0.010,0.014,-0.003,0.001,0.016,-0.001,-0.004,17.666,-0.004,17.729,17.674,17.737
2.544,5.004,-0.001,1.000,-0.000,-0.000,0.005,0.005,0.005,11.177,0.005,11.222,11.192,11.237,0.859,0.011,0.018,-0.003,0.000,0.016,-0.001,-0.004,17.689,-0.004,17.750,17.696,17.756
2.553,5.004,-0.001,1.000,-0.000,-0.000,0.005,0.005,0.005,11.354,0.005,11.399,11.369,11.414,0.863,0.011,0.021,-0.002,-0.000,0.016,-0.001,-0.004,17.706,-0.004,17.764,17.713,17.770
2.561,5.004,-0.000,1.000,-0.000,-0.000,0.005,0.005,0.005,11.531,0.005,11.577,11.546,11.592,0.867,0.011,0.023,-0.000,-0.001,0.016,-0.001,-0.004,17.718,-0.004,17.773,17.724,17.779
2.570,5.004,-0.000,1.000,-0.000,-0.000,0.005,0.005,0.005,11.708,0.005,11.755,11.723,11.770,0.871,0.011,0.023,0.001,-0.001,0.016,-0.001,-0.003,17.726,-0.003,17.780,17.732,17.786
2.579,5.004,0.000,1.000,-0.000,-0.000,0.005,0.005,0.005,11.885,0.005,11.932,11.901,11.948,0.875,0.011,0.022,0.003,-0.002,0.016,-0.000,-0.003,17.732,-0.003,17.786,17.738,17.792
2.588,5.004,0.000,1.000,-0.000,-0.000,0.005,0.005,0.005,12.063,0.005,12.110,12.078,12.126,0.879,0.011,0.019,0.005,-0.002,0.016,-0.000,-0.002,17.738,-0.002,17.793,17.745,17.800
2.596,5.005,0.000,1.000,-0.000,-0.000,0.005,0.005,0.005,12.240,0.005,12.288,12.256,12.304,0.883,0.012,0.015,0.007,-0.002,0.016,-0.000,-0.002,17.746,-0.002,17.804,17.755,17.813
2.605,5.005,0.001,1.000,-0.000,-0.000,0.005,0.005,0.005,12.418,0.005,12.466,12.433,12.482,0.886,0.012,0.009,0.008,-0.001,0.016,0.000,-0.001,17.758,-0.001,17.820,17.769,17.831
2.614,5.005,0.001,1.000,0.000,-0.000,0.005,0.005,0.005,12.595,0.005,12.645,12.611,12.661,0.889,0.012,0.003,0.009,-0.001,0.016,0.000,-0.000,17.776,-0.000,17.842,17.788,17.855
2.623,5.005,0.001,1.000,0.000,-0.000,0.005,0.005,0.005,12.773,0.005,12.823,12.789,12.839,0.891,0.012,-0.004,0.009,-0.001,0.016,0.001,0.000,17.800,0.001,17.872,17.814,17.886
2.632,5.005,0.001,1.000,0.000,-0.000,0.006,0.005,0.005,12.951,0.005,13.002,12.967,13.018,0.892,0.012,-0.011,0.008,0.000,0.016,0.001,0.001,17.830,0.001,17.909,17.845,17.925
2.641,5.005,0.000,1.000,0.000,-0.000,0.006,0.005,0.005,13.130,0.005,13.181,13.146,13.198,0.892,0.012,-0.017,0.007,0.001,0.016,0.001,0.002,17.866,0.002,17.951,17.883,17.969
2.650,5.005,0.000,1.000,0.000,-0.000,0.006,-0.007,-0.004,13.309,-0.004,13.361,13.325,13.378,0.892,0.010,-0.021,0.003,0.002,0.005,-1.947,-1.532,17.953,-1.529,18.003,17.951,18.002
2.659,5.005,-0.000,1.000,0.000,-0.000,0.006,-0.023,-0.018,13.489,-0.018,13.541,13.505,13.558,0.892,0.006,-0.024,-0.002,0.002,-0.020,-1.015,-1.015,18.055,-1.025,18.012,18.058,18.014
2.668,5.005,-0.000,1.000,0.000,-0.000,0.005,-0.024,-0.021,13.670,-0.021,13.722,13.686,13.738,0.891,0.003,-0.026,-0.005,0.002,-0.040,0.714,0.394,18.151,0.416,18.017,18.166,18.031
2.677,5.005,-0.001,1.000,0.000,-0.000,0.005,-0.013,-0.013,13.852,-0.012,13.902,13.868,13.918,0.890,0.003,-0.025,-0.003,0.002,-0.042,1.228,0.993,18.218,1.019,18.059,18.237,18.077
2.685,5.006,-0.001,1.000,0.000,-0.000,0.005,-0.005,-0.006,14.034,-0.005,14.083,14.051,14.100,0.889,0.004,-0.023,-0.002,0.002,-0.032,0.282,0.357,18.258,0.393,18.129,18.275,18.145
2.694,5.006,-0.001,1.000,0.000,-0.000,0.005,-0.008,-0.006,14.217,-0.006,14.264,14.234,14.281,0.887,0.005,-0.020,-0.003,0.002,-0.024,-0.675,-0.411,18.292,-0.424,18.191,18.308,18.208
2.703,5.006,-0.001,1.000,0.000,-0.000,0.005,-0.014,-0.011,14.400,-0.011,14.447,14.417,14.464,0.886,0.005,-0.015,-0.006,0.001,-0.026,-0.560,-0.475,18.337,-0.496,18.230,18.352,18.245
2.712,5.006,-0.001,1.000,0.000,-0.000,0.005,-0.017,-0.014,14.584,-0.014,14.629,14.601,14.646,0.885,0.003,-0.011,-0.007,0.001,-0.033,-0.030,-0.118,18.389,-0.130,18.252,18.401,18.263
2.721,5.006,-0.001,1.000,0.000,-0.000,0.005,-0.015,-0.014,14.768,-0.013,14.812,14.785,14.829,0.884,0.002,-0.006,-0.006,0.000,-0.037,0.356,0.220,18.433,0.217,18.271,18.440,18.278
2.730,5.006,-0.001,1.000,-0.000,-0.000,0.004,-0.012,-0.011,14.952,-0.011,14.994,14.970,15.012,0.884,0.002,-0.003,-0.005,-0.000,-0.036,0.241,0.175,18.459,0.171,18.293,18.466,18.299
2.739,5.006,-0.001,1.000,-0.000,-0.000,0.004,-0.011,-0.010,15.137,-0.010,15.177,15.154,15.195,0.884,0.002,0.000,-0.003,-0.001,-0.033,0.032,0.052,18.476,0.041,18.315,18.483,18.322
2.747,5.006,-0.001,1.000,-0.000,-0.000,0.004,-0.011,-0.010,15.322,-0.010,15.361,15.339,15.378,0.885,0.002,0.002,-0.002,-0.001,-0.032,-0.102,-0.051,18.490,-0.067,18.335,18.499,18.344
2.756,5.006,-0.001,1.000,-0.000,-0.000,0.004,-0.012,-0.011,15.507,-0.011,15.544,15.524,15.562,0.886,0.002,0.003,-0.001,-0.001,-0.032,-0.085,-0.062,18.509,-0.070,18.353,18.518,18.362
2.765,5.006,-0.001,1.000,-0.000,-0.000,0.004,-0.013,-0.011,15.692,-0.012,15.728,15.710,15.745,0.887,0.002,0.003,-0.000,-0.001,-0.033,-0.030,-0.030,18.531,-0.033,18.371,18.540,18.380
2.774,5.006,-0.001,1.000,-0.000,-0.000,0.004,-0.013,-0.012,15.877,-0.012,15.912,15.895,15.929,0.888,0.001,0.002,-0.000,-0.001,-0.034,-0.002,-0.015,18.555,-0.016,18.390,18.564,18.399
2.783,5.006,-0.001,1.000,-0.000,-0.000,0.003,-0.013,-0.012,16.063,-0.012,16.096,16.081,16.113,0.890,0.001,0.001,0.000,-0.000,-0.035,0.007,-0.009,18.580,-0.009,18.412,18.590,18.421
2.792,5.006,-0.001,1.000,-0.000,-0.000,0.003,-0.013,-0.012,16.249,-0.012,16.280,16.267,16.298,0.891,0.000,0.001,-0.000,0.000,-0.035,0.007,-0.008,18.607,-0.007,18.436,18.617,18.445
2.801,5.006,-0.001,1.000,-0.000,-0.000,0.003,-0.013,-0.012,16.435,-0.012,16.464,16.453,16.482,0.892,0.000,0.002,-0.000,0.001,-0.036,0.003,-0.008,18.635,-0.007,18.461,18.644,18.470
2.810,5.006,-0.001,1.000,-0.000,-0.000,0.003,-0.013,-0.012,16.622,-0.012,16.649,16.640,16.667,0.894,-0.000,0.003,-0.001,0.001,-0.036,-0.001,-0.008,18.661,-0.008,18.485,18.670,18.494
2.819,5.006,-0.001,1.000,-0.000,-0.000,0.003,-0.013,-0.012,16.808,-0.012,16.834,16.827,16.852,0.896,-0.001,0.005,-0.001,0.001,-0.036,-0.004,-0.009,18.686,-0.008,18.507,18.694,18.515
2.828,5.006,-0.001,1.000,-0.000,-0.000,0.002,-0.013,-0.012,16.995,-0.012,17.019,17.014,17.037,0.898,-0.001,0.009,-0.001,0.001,-0.037,-0.005,-0.009,18.706,-0.008,18.525,18.713,18.531
2.837,5.006,-0.001,1.000,-0.000,-0.000,0.002,-0.013,-0.012,17.183,-0.012,17.204,17.201,17.223,0.900,-0.001,0.013,-0.001,0.001,-0.037,-0.004,-0.008,18.721,-0.008,18.537,18.727,18.542
2.846,5.006,-0.001,1.000,-0.000,-0.000,0.002,-0.013,-0.012,17.370,-0.012,17.390,17.388,17.408,0.902,-0.002,0.017,-0.000,0.001,-0.037,-0.004,-0.008,18.730,-0.008,18.543,18.734,18.547
2.855,5.006,-0.001,1.000,-0.000,-0.000,0.002,-0.013,-0.012,17.557,-0.013,17.575,17.576,17.594,0.905,-0.002,0.020,0.000,-0.000,-0.038,-0.003,-0.008,18.731,-0.007,18.543,18.734,18.545
2.864,5.006,-0.000,1.000,-0.000,-0.000,0.002,-0.013,-0.012,17.744,-0.013,17.761,17.763,17.779,0.908,-0.003,0.023,0.001,-0.001,-0.038,-0.002,-0.007,18.727,-0.007,18.537,18.728,18.539
2.873,5.006,-0.000,1.000,-0.000,-0.000,0.001,-0.013,-0.013,17.932,-0.013,17.946,17.950,17.965,0.912,-0.003,0.024,0.002,-0.001,-0.039,-0.002,-0.006,18.718,-0.006,18.528,18.719,18.529
2.882,5.006,-0.000,1.000,-0.000,-0.000,0.001,-0.013,-0.013,18.119,-0.013,18.131,18.137,18.150,0.915,-0.003,0.024,0.003,-0.002,-0.039,-0.001,-0.006,18.706,-0.006,18.516,18.708,18.518
2.891,5.006,0.000,1.000,-0.000,-0.000,0.001,-0.013,-0.013,18.306,-0.013,18.316,18.324,18.335,0.919,-0.004,0.022,0.003,-0.002,-0.039,-0.001,-0.005,18.694,-0.005,18.505,18.697,18.508
2.900,5.006,0.000,1.000,-0.000,-0.000,0.001,-0.013,-0.013,18.493,-0.013,18.501,18.511,18.520,0.922,-0.004,0.017,0.003,-0.002,-0.040,-0.001,-0.004,18.685,-0.004,18.497,18.690,18.502
2.910,5.006,0.001,1.000,-0.000,-0.000,0.001,-0.013,-0.013,18.679,-0.013,18.686,18.698,18.705,0.925,-0.005,0.011,0.003,-0.002,-0.040,-0.000,-0.003,18.681,-0.003,18.494,18.688,18.501
2.919,5.006,0.001,1.000,0.000,-0.000,0.001,-0.013,-0.013,18.866,-0.013,18.871,18.885,18.890,0.927,-0.005,0.005,0.002,-0.002,-0.040,0.000,-0.002,18.684,-0.002,18.498,18.693,18.507
2.928,5.005,0.001,1.000,0.000,-0.000,0.000,-0.013,-0.013,19.053,-0.013,19.056,19.072,19.075,0.929,-0.005,-0.003,0.001,-0.001,-0.040,0.000,-0.001,18.694,-0.001,18.509,18.705,18.521
2.937,5.005,0.001,1.000,0.000,-0.000,0.000,-0.013,-0.013,19.240,-0.013,19.241,19.259,19.260,0.929,-0.006,-0.010,0.000,-0.000,-0.040,0.001,-0.000,18.712,-0.000,18.528,18.726,18.542
2.947,5.005,0.000,1.000,0.000,-0.000,-0.000,-0.013,-0.013,19.427,-0.013,19.427,19.447,19.446,0.929,-0.006,-0.017,-0.000,0.001,-0.040,0.001,0.001,18.738,0.001,18.555,18.753,18.570
2.956,5.005,0.000,1.000,0.000,-0.000,-0.000,-0.013,-0.013,19.615,-0.013,19.613,19.634,19.632,0.928,-0.007,-0.022,-0.001,0.002,-0.040,0.001,0.002,18.770,0.002,18.587,18.787,18.603
2.965,5.005,0.000,1.000,0.000,-0.000,-0.000,-0.013,-0.013,19.803,-0.013,19.799,19.822,19.818,0.927,-0.007,-0.025,-0.002,0.002,-0.040,0.001,0.002,18.808,0.003,18.624,18.824,18.640
2.975,5.005,-0.000,1.000,0.000,-0.000,-0.001,-0.013,-0.013,19.991,-0.013,19.985,20.011,20.005,0.924,-0.007,-0.027,-0.002,0.002,-0.040,0.001,0.003,18.847,0.003,18.662,18.863,18.678
2.984,5.005,-0.001,1.000,-0.000,-0.000,-0.001,-0.013,-0.013,20.180,-0.013,20.172,20.200,20.192,0.922,-0.008,-0.026,-0.002,0.002,-0.040,0.001,0.003,18.885,0.003,18.699,18.901,18.715
2.993,5.005,-0.001,1.000,-0.000,-0.000,-0.001,-0.013,-0.013,20.369,-0.013,20.359,20.389,20.379,0.919,-0.008,-0.024,-0.001,0.002,-0.039,0.001,0.004,18.920,0.004,18.734,18.934,18.748
3.002,5.005,-0.001,1.000,-0.000,-0.000,-0.001,-0.013,-0.013,20.558,-0.013,20.547,20.578,20.567,0.917,-0.008,-0.020,-0.001,0.002,-0.039,0.001,0.003,18.950,0.004,18.763,18.962,18.775
3.011,5.005,-0.001,1.000,-0.000,-0.000,-0.001,-0.013,-0.013,20.748,-0.013,20.734,20.768,20.754,0.914,-0.009,-0.015,-0.001,0.002,-0.039,0.001,0.003,18.973,0.003,18.786,18.984,18.797
3.020,5.005,-0.001,1.000,-0.000,-0.000,-0.002,-0.013,-0.013,20.938,-0.013,20.922,20.958,20.942,0.912,-0.009,-0.010,-0.000,0.001,-0.039,0.001,0.003,18.990,0.003,18.803,18.999,18.812
3.030,5.005,-0.001,1.000,-0.000,-0.000,-0.002,-0.013,-0.013,21.128,-0.013,21.110,21.148,21.131,0.911,-0.009,-0.006,-0.000,0.000,-0.039,0.000,0.002,19.001,0.002,18.814,19.008,18.821
3.039,5.005,-0.001,1.000,-0.000,-0.000,-0.002,-0.013,-0.013,21.318,-0.013,21.298,21.338,21.319,0.910,-0.009,-0.002,-0.000,-0.000,-0.039,0.000,0.002,19.007,0.002,18.820,19.013,18.826
3.048,5.004,-0.001,1.000,-0.000,-0.000,-0.002,-0.013,-0.013,21.508,-0.013,21.487,21.528,21.507,0.909,-0.010,0.001,-0.000,-0.001,-0.038,0.000,0.001,19.010,0.001,18.824,19.015,18.829
3.057,5.004,-0.001,1.000,-0.000,-0.000,-0.002,-0.013,-0.013,21.698,-0.013,21.675,21.718,21.695,0.909,-0.010,0.002,-0.001,-0.001,-0.038,-0.000,0.000,19.012,0.000,18.826,19.017,18.831
3.066,5.004,-0.001,1.000,-0.000,-0.000,-0.003,-0.013,-0.013,21.888,-0.013,21.863,21.908,21.884,0.909,-0.011,0.003,-0.001,-0.001,-0.038,-0.001,-0.001,19.015,-0.000,18.829,19.021,18.834
3.075,5.004,-0.001,1.000,-0.000,-0.000,-0.003,-0.013,-0.013,22.078,-0.013,22.052,22.099,22.072,0.910,-0.011,0.003,-0.001,-0.001,-0.039,-0.001,-0.001,19.020,-0.001,18.833,19.026,18.839
3.084,5.004,-0.001,1.000,-0.000,-0.000,-0.003,-0.013,-0.013,22.268,-0.013,22.240,22.289,22.261,0.910,-0.011,0.002,-0.001,-0.001,-0.039,-0.001,-0.002,19.028,-0.002,18.841,19.035,18.847
3.093,5.004,-0.001,1.000,-0.000,-0.000,-0.003,-0.013,-0.013,22.459,-0.013,22.428,22.479,22.449,0.911,-0.012,0.001,-0.000,-0.000,-0.039,-0.001,-0.003,19.039,-0.003,18.851,19.046,18.858
3.102,5.004,-0.001,1.000,-0.000,-0.000,-0.003,-0.013,-0.013,22.649,-0.013,22.617,22.670,22.638,0.912,-0.012,0.001,0.000,0.000,-0.039,-0.002,-0.004,19.051,-0.004,18.862,19.058,18.870
3.111,5.004,-0.001,1.000,-0.000,-0.000,-0.004,-0.013,-0.013,22.840,-0.013,22.806,22.861,22.826,0.913,-0.012,0.002,0.001,0.001,-0.039,-0.002,-0.004,19.064,-0.004,18.875,19.071,18.882
3.121,5.004,-0.001,1.000,-0.000,-0.000,-0.004,-0.013,-0.013,23.030,-0.013,22.994,23.051,23.015,0.914,-0.013,0.004,0.003,0.001,-0.039,-0.002,-0.005,19.076,-0.005,18.887,19.082,18.894
3.130,5.003,-0.001,1.000,-0.000,-0.000,-0.004,-0.013,-0.013,23.221,-0.013,23.183,23.242,23.204,0.915,-0.013,0.007,0.004,0.001,-0.039,-0.002,-0.005,19.085,-0.005,18.897,19.090,18.902
3.139,5.003,-0.001,1.000,0.000,-0.000,-0.004,-0.013,-0.013,23.412,-0.013,23.372,23.433,23.393,0.917,-0.014,0.011,0.005,0.001,-0.040,-0.002,-0.006,19.088,-0.005,18.902,19.092,18.906
3.148,5.003,-0.001,1.000,0.000,-0.000,-0.004,-0.013,-0.013,23.603,-0.013,23.561,23.624,23.582,0.918,-0.014,0.015,0.005,0.001,-0.040,-0.001,-0.006,19.085,-0.005,18.902,19.087,18.904
3.157,5.003,-0.001,1.000,0.000,-0.000,-0.005,-0.013,-0.013,23.794,-0.013,23.750,23.815,23.771,0.921,-0.014,0.019,0.005,0.000,-0.040,-0.001,-0.005,19.076,-0.005,18.896,19.076,18.896
3.166,5.003,-0.001,1.000,0.000,-0.000,-0.005,-0.013,-0.013,23.984,-0.013,23.939,24.006,23.960,0.923,-0.015,0.022,0.005,-0.000,-0.041,-0.001,-0.005,19.060,-0.005,18.883,19.060,18.883
3.176,5.003,-0.000,1.000,0.000,-0.000,-0.005,-0.013,-0.013,24.175,-0.013,24.128,24.196,24.149,0.926,-0.015,0.024,0.004,-0.001,-0.041,-0.001,-0.005,19.040,-0.005,18.866,19.039,18.864
3.185,5.003,-0.000,1.000,0.000,-0.000,-0.005,-0.013,-0.013,24.365,-0.013,24.317,24.386,24.338,0.930,-0.016,0.025,0.002,-0.002,-0.041,-0.001,-0.004,19.018,-0.004,18.845,19.016,18.844
3.194,5.002,0.000,1.000,0.000,-0.000,-0.005,-0.013,-0.013,24.555,-0.013,24.505,24.576,24.526,0.933,-0.016,0.023,-0.001,-0.002,-0.041,-0.000,-0.004,18.995,-0.004,18.823,18.995,18.823
3.204,5.002,0.000,1.000,0.000,-0.000,-0.006,-0.013,-0.013,24.745,-0.013,24.693,24.766,24.714,0.936,-0.017,0.019,-0.003,-0.003,-0.041,-0.000,-0.003,18.976,-0.003,18.803,18.977,18.804
3.213,5.002,0.001,1.000,0.000,-0.000,-0.006,-0.013,-0.013,24.935,-0.013,24.881,24.956,24.902,0.938,-0.017,0.014,-0.006,-0.003,-0.042,0.000,-0.002,18.962,-0.002,18.786,18.966,18.790
3.222,5.002,0.001,1.000,0.000,-0.000,-0.006,-0.013,-0.013,25.124,-0.013,25.069,25.146,25.090,0.940,-0.018,0.007,-0.008,-0.002,-0.042,0.000,-0.001,18.955,-0.001,18.775,18.962,18.782
3.232,5.002,0.001,1.000,0.000,-0.000,-0.006,-0.013,-0.013,25.314,-0.013,25.257,25.335,25.278,0.942,-0.018,-0.001,-0.009,-0.002,-0.042,0.001,0.000,18.958,-0.000,18.772,18.967,18.781
3.241,5.002,0.001,1.000,-0.000,-0.000,-0.006,-0.013,-0.013,25.504,-0.013,25.444,25.525,25.466,0.942,-0.018,-0.008,-0.010,-0.001,-0.042,0.001,0.001,18.969,0.001,18.776,18.981,18.788
3.251,5.001,0.000,1.000,-0.000,-0.000,-0.007,-0.013,-0.013,25.693,-0.013,25.632,25.715,25.654,0.942,-0.019,-0.015,-0.009,0.000,-0.042,0.001,0.002,18.988,0.002,18.789,19.003,18.803
3.260,5.001,0.000,1.000,-0.000,-0.000,-0.007,-0.013,-0.013,25.883,-0.013,25.820,25.905,25.842,0.941,-0.019,-0.021,-0.008,0.001,-0.041,0.001,0.003,19.015,0.003,18.808,19.031,18.824
3.269,5.001,0.000,1.000,-0.000,-0.000,-0.007,-0.013,-0.013,26.074,-0.013,26.008,26.096,26.030,0.939,-0.019,-0.025,-0.006,0.002,-0.041,0.001,0.004,19.046,0.004,18.834,19.063,18.850
3.279,5.001,-0.000,1.000,-0.000,-0.000,-0.007,-0.013,-0.013,26.264,-0.013,26.197,26.286,26.219,0.936,-0.020,-0.027,-0.003,0.002,-0.041,0.001,0.004,19.080,0.004,18.863,19.097,18.879
3.288,5.001,-0.000,1.000,-0.000,-0.000,-0.007,-0.013,-0.013,26.455,-0.013,26.386,26.477,26.408,0.933,-0.020,-0.027,-0.000,0.002,-0.041,0.001,0.005,19.113,0.004,18.893,19.129,18.909
3.298,5.000,-0.001,1.000,-0.000,-0.000,-0.008,-0.013,-0.013,26.647,-0.013,26.575,26.669,26.597,0.930,-0.020,-0.025,0.003,0.002,-0.041,0.001,0.005,19.142,0.005,18.921,19.157,18.936
3.307,5.000,-0.001,1.000,-0.000,-0.000,-0.008,-0.013,-0.013,26.838,-0.013,26.764,26.861,26.786,0.927,-0.021,-0.021,0.005,0.002,-0.040,0.001,0.004,19.166,0.004,18.946,19.179,18.959
3.316,5.000,-0.001,1.000,-0.000,-0.000,-0.008,-0.013,-0.013,27.030,-0.013,26.953,27.052,26.976,0.924,-0.021,-0.016,0.006,0.002,-0.040,0.001,0.004,19.183,0.004,18.966,19.194,18.977
3.325,5.000,-0.001,1.000,-0.000,-0.000,-0.008,-0.013,-0.013,27.222,-0.013,27.143,27.244,27.166,0.922,-0.021,-0.011,0.007,0.001,-0.040,0.001,0.004,19.192,0.004,18.980,19.201,18.989
3.334,5.000,-0.001,1.000,-0.000,-0.000,-0.008,-0.013,-0.013,27.414,-0.013,27.333,27.436,27.356,0.920,-0.022,-0.006,0.006,0.001,-0.040,0.000,0.003,19.196,0.003,18.989,19.203,18.996
3.344,4.999,-0.001,1.000,-0.000,-0.000,-0.009,-0.013,-0.013,27.606,-0.013,27.523,27.628,27.546,0.918,-0.022,-0.002,0.005,-0.000,-0.040,0.000,0.003,19.194,0.003,18.993,19.200,18.999
3.353,4.999,-0.001,1.000,-0.000,-0.000,-0.009,-0.013,-0.013,27.798,-0.013,27.713,27.820,27.736,0.918,-0.022,0.000,0.003,-0.001,-0.040,0.000,0.002,19.190,0.002,18.993,19.195,18.998
3.362,4.999,-0.001,1.000,-0.000,-0.000,-0.009,-0.013,-0.013,27.989,-0.013,27.903,28.012,27.926,0.917,-0.023,0.002,0.001,-0.001,-0.040,-0.000,0.001,19.186,0.001,18.992,19.190,18.996
3.371,4.999,-0.001,1.000,-0.000,-0.000,-0.009,-0.013,-0.013,28.181,-0.013,28.093,28.204,28.116,0.917,-0.023,0.003,-0.000,-0.001,-0.040,-0.000,0.000,19.182,0.001,18.990,19.187,18.995
3.380,4.998,-0.001,1.000,-0.000,-0.000,-0.009,-0.013,-0.013,28.373,-0.013,28.283,28.396,28.306,0.917,-0.023,0.003,-0.002,-0.001,-0.040,-0.001,-0.001,19.181,-0.000,18.990,19.186,18.995
3.390,4.998,-0.001,1.000,-0.000,-0.000,-0.010,-0.013,-0.013,28.565,-0.013,28.473,28.588,28.496,0.918,-0.024,0.002,-0.002,-0.001,-0.040,-0.001,-0.002,19.184,-0.001,18.992,19.189,18.998
3.399,4.998,-0.001,1.000,-0.000,-0.000,-0.010,-0.013,-0.013,28.757,-0.013,28.663,28.780,28.686,0.918,-0.024,0.001,-0.001,-0.000,-0.040,-0.001,-0.002,19.189,-0.002,18.997,19.195,19.004
3.408,4.998,-0.001,1.000,-0.000,-0.000,-0.010,-0.013,-0.013,28.949,-0.013,28.853,28.972,28.876,0.919,-0.024,0.001,0.001,0.000,-0.040,-0.001,-0.003,19.197,-0.003,19.004,19.203,19.011
3.417,4.997,-0.001,1.000,-0.000,-0.000,-0.010,-0.013,-0.013,29.141,-0.013,29.043,29.164,29.066,0.919,-0.025,0.002,0.003,0.001,-0.040,-0.001,-0.004,19.205,-0.004,19.013,19.211,19.020
3.426,4.997,-0.001,1.000,-0.000,-0.000,-0.010,-0.013,-0.013,29.333,-0.013,29.233,29.356,29.256,0.920,-0.025,0.004,0.006,0.001,-0.040,-0.001,-0.005,19.211,-0.004,19.022,19.217,19.028
3.435,4.997,-0.001,1.000,0.000,-0.000,-0.011,-0.013,-0.013,29.525,-0.013,29.423,29.548,29.446,0.921,-0.026,0.007,0.009,0.001,-0.040,-0.001,-0.005,19.214,-0.005,19.029,19.219,19.034
3.445,4.997,-0.001,1.000,0.000,-0.000,-0.011,-0.013,-0.013,29.717,-0.013,29.613,29.740,29.637,0.922,-0.026,0.011,0.011,0.001,-0.041,-0.001,-0.005,19.212,-0.005,19.033,19.215,19.036
3.454,4.996,-0.001,1.000,0.000,-0.000,-0.011,-0.013,-0.013,29.909,-0.013,29.804,29.933,29.827,0.924,-0.026,0.015,0.012,0.001,-0.041,-0.001,-0.005,19.203,-0.005,19.031,19.204,19.032
3.463,4.996,-0.001,1.000,0.000,-0.000,-0.011,-0.013,-0.013,30.101,-0.013,29.994,30.125,30.017,0.926,-0.027,0.019,0.011,0.000,-0.041,-0.001,-0.005,19.188,-0.005,19.023,19.187,19.023
3.472,4.996,-0.001,1.000,0.000,-0.000,-0.011,-0.013,-0.013,30.293,-0.013,30.184,30.316,30.207,0.929,-0.027,0.022,0.009,-0.000,-0.041,-0.001,-0.005,19.167,-0.005,19.010,19.164,19.008
3.482,4.996,-0.000,1.000,0.000,-0.000,-0.012,-0.013,-0.013,30.484,-0.013,30.374,30.508,30.397,0.931,-0.028,0.024,0.005,-0.001,-0.042,-0.001,-0.004,19.141,-0.004,18.990,19.138,18.988
3.491,4.995,-0.000,1.000,0.000,-0.000,-0.012,-0.013,-0.013,30.676,-0.013,30.564,30.699,30.587,0.934,-0.028,0.025,0.001,-0.002,-0.042,-0.001,-0.004,19.114,-0.004,18.967,19.112,18.964
3.500,4.995,0.000,1.000,0.000,-0.000,-0.012,-0.013,-0.013,30.867,-0.013,30.753,30.890,30.777,0.937,-0.029,0.023,-0.005,-0.003,-0.042,-0.000,-0.003,19.088,-0.003,18.942,19.087,18.940
3.510,4.995,0.000,1.000,0.000,-0.000,-0.012,-0.013,-0.013,31.058,-0.013,30.943,31.081,30.966,0.940,-0.029,0.019,-0.010,-0.003,-0.042,-0.000,-0.002,19.067,-0.003,18.917,19.067,18.917
3.519,4.994,0.001,1.000,0.000,-0.000,-0.013,-0.013,-0.013,31.248,-0.013,31.132,31.271,31.155,0.943,-0.030,0.014,-0.015,-0.003,-0.042,0.000,-0.001,19.052,-0.002,18.894,19.055,18.897
3.529,4.994,0.001,1.000,0.000,-0.000,-0.013,-0.013,-0.013,31.439,-0.013,31.321,31.462,31.344,0.945,-0.030,0.007,-0.018,-0.003,-0.042,0.000,-0.000,19.045,-0.001,18.877,19.051,18.883
3.538,4.994,0.001,1.000,0.000,-0.000,-0.013,-0.013,-0.013,31.629,-0.013,31.509,31.652,31.533,0.946,-0.031,-0.001,-0.020,-0.002,-0.042,0.001,0.001,19.048,0.000,18.867,19.057,18.875
3.548,4.994,0.001,1.000,-0.000,-0.000,-0.013,-0.013,-0.013,31.820,-0.013,31.698,31.843,31.722,0.946,-0.031,-0.008,-0.021,-0.001,-0.042,0.001,0.002,19.060,0.001,18.864,19.072,18.876
3.557,4.993,0.000,1.000,-0.000,-0.000,-0.013,-0.013,-0.013,32.010,-0.013,31.887,32.034,31.910,0.946,-0.032,-0.015,-0.019,0.000,-0.042,0.001,0.003,19.080,0.002,18.870,19.095,18.884
