-1.000,-3.000,0.001,0.707,0.000,0.000,0.707,-0.000,-0.000,0.000,-0.000,0.000,0.000,0.000,-0.000,-0.000,0.000,-0.000,-0.000,-0.000,0.000,0.000,-0.000,0.000,-0.000,-0.000,-0.000
-1.000,-3.000,0.001,0.707,0.000,-0.000,0.707,0.228,0.182,0.001,0.167,0.001,0.004,0.004,-0.001,0.035,0.000,0.003,-0.022,-0.008,36.329,30.846,0.217,27.387,0.246,0.732,0.700
-1.000,-2.999,0.001,0.707,0.000,-0.000,0.707,0.508,0.456,0.006,0.395,0.007,0.013,0.014,-0.008,0.056,0.000,0.008,-0.021,0.047,15.835,19.068,0.778,15.173,1.012,1.116,1.286
-1.000,-2.999,0.001,0.707,0.000,-0.000,0.707,0.529,0.502,0.018,0.451,0.022,0.026,0.029,-0.016,0.073,0.000,0.010,-0.015,0.107,-10.933,-10.327,1.598,-3.620,1.878,1.356,1.778
-1.000,-2.998,0.001,0.706,0.000,-0.000,0.708,0.339,0.296,0.037,0.348,0.044,0.041,0.049,-0.019,0.093,0.000,0.005,-0.013,0.127,-23.038,-26.187,2.285,-14.835,2.575,1.696,2.233
-1.001,-2.997,0.001,0.706,0.000,-0.000,0.708,0.165,0.092,0.062,0.221,0.072,0.060,0.074,-0.018,0.120,0.000,-0.002,-0.014,0.101,-8.587,-11.306,2.590,-7.878,2.946,2.245,2.714
-1.001,-2.995,0.001,0.706,0.000,-0.000,0.709,0.202,0.108,0.088,0.230,0.102,0.086,0.104,-0.017,0.149,0.000,-0.006,-0.016,0.084,13.775,12.826,2.736,8.613,3.178,2.840,3.239
-1.001,-2.994,0.001,0.705,0.000,-0.000,0.709,0.369,0.288,0.117,0.345,0.136,0.117,0.139,-0.024,0.171,-0.000,0.002,-0.010,0.127,15.936,19.444,2.985,11.501,3.657,3.220,3.773
-1.001,-2.992,0.001,0.705,0.000,-0.000,0.709,0.458,0.421,0.149,0.415,0.176,0.150,0.179,-0.035,0.186,-0.001,0.010,-0.000,0.200,1.141,5.272,3.470,1.921,4.341,3.400,4.249
-1.002,-2.990,0.001,0.704,0.001,-0.000,0.710,0.396,0.385,0.187,0.381,0.223,0.185,0.223,-0.041,0.201,-0.002,0.009,0.005,0.245,-11.832,-10.913,4.036,-7.775,4.977,3.611,4.672
-1.002,-2.988,0.000,0.703,0.001,-0.000,0.711,0.272,0.259,0.229,0.291,0.275,0.223,0.272,-0.041,0.222,-0.002,0.002,0.003,0.240,-10.585,-11.373,4.445,-8.571,5.409,3.997,5.080
-1.002,-2.986,0.000,0.702,0.001,-0.000,0.712,0.229,0.207,0.275,0.245,0.331,0.265,0.325,-0.040,0.245,-0.003,-0.001,0.001,0.223,2.182,1.550,4.682,-0.103,5.689,4.473,5.508
-1.003,-2.983,0.000,0.701,0.001,-0.000,0.713,0.300,0.281,0.323,0.284,0.389,0.312,0.382,-0.045,0.266,-0.003,0.006,0.001,0.243,10.158,11.308,4.897,6.472,6.043,4.856,5.966
-1.003,-2.980,0.000,0.700,0.001,-0.000,0.714,0.386,0.387,0.373,0.342,0.452,0.361,0.444,-0.054,0.282,-0.004,0.014,0.005,0.299,5.433,8.001,5.226,4.122,6.563,5.078,6.411
-1.004,-2.978,0.000,0.699,0.001,-0.000,0.715,0.392,0.415,0.428,0.352,0.520,0.413,0.511,-0.062,0.295,-0.005,0.015,0.007,0.348,-3.778,-2.308,5.650,-2.094,7.114,5.264,6.816
-1.005,-2.974,0.000,0.698,0.001,-0.000,0.716,0.329,0.357,0.486,0.310,0.594,0.467,0.581,-0.065,0.312,-0.006,0.010,0.006,0.361,-7.463,-7.665,6.047,-5.364,7.556,5.547,7.190
-1.005,-2.971,0.000,0.697,0.001,0.000,0.717,0.275,0.297,0.548,0.267,0.671,0.524,0.654,-0.066,0.330,-0.007,0.006,0.004,0.352,-2.554,-3.254,6.343,-2.617,7.877,5.920,7.556
-1.006,-2.968,0.000,0.695,0.001,0.000,0.719,0.286,0.304,0.613,0.267,0.751,0.585,0.732,-0.068,0.348,-0.008,0.009,0.003,0.357,4.196,4.119,6.578,2.296,8.190,6.268,7.934
-1.007,-2.964,0.000,0.694,0.001,0.000,0.720,0.338,0.361,0.680,0.299,0.835,0.649,0.813,-0.076,0.362,-0.008,0.015,0.005,0.390,5.025,6.023,6.833,3.508,8.587,6.517,8.320
-1.007,-2.961,-0.000,0.693,0.001,0.000,0.721,0.367,0.401,0.750,0.322,0.923,0.716,0.898,-0.084,0.375,-0.009,0.019,0.006,0.431,0.490,1.581,7.138,0.735,9.032,6.705,8.690
-1.008,-2.957,-0.000,0.691,0.001,0.000,0.723,0.348,0.390,0.823,0.313,1.016,0.784,0.987,-0.089,0.387,-0.010,0.016,0.007,0.455,-3.640,-3.411,7.458,-2.270,9.435,6.924,9.036
-1.009,-2.953,-0.000,0.689,0.001,0.000,0.724,0.310,0.350,0.899,0.287,1.112,0.854,1.079,-0.092,0.401,-0.011,0.011,0.005,0.457,-3.147,-3.571,7.745,-2.416,9.762,7.205,9.358
-1.010,-2.949,-0.000,0.688,0.001,0.000,0.726,0.297,0.332,0.977,0.274,1.211,0.928,1.174,-0.094,0.415,-0.011,0.008,0.004,0.456,0.533,0.037,7.995,-0.043,10.054,7.501,9.672
-1.011,-2.945,-0.000,0.686,0.001,0.000,0.728,0.316,0.350,1.059,0.284,1.313,1.004,1.272,-0.099,0.428,-0.011,0.009,0.004,0.469,2.853,2.985,8.229,1.804,10.371,7.750,9.987
-1.012,-2.940,-0.001,0.684,0.001,0.000,0.729,0.341,0.378,1.142,0.301,1.418,1.083,1.374,-0.106,0.438,-0.011,0.010,0.005,0.496,1.681,2.226,8.467,1.289,10.719,7.944,10.304
-1.013,-2.936,-0.001,0.682,0.001,0.001,0.731,0.345,0.387,1.228,0.306,1.527,1.163,1.478,-0.113,0.449,-0.011,0.007,0.005,0.522,-0.848,-0.471,8.708,-0.376,11.060,8.126,10.611
-1.014,-2.931,-0.001,0.680,0.001,0.001,0.733,0.329,0.372,1.316,0.296,1.639,1.245,1.586,-0.117,0.459,-0.010,0.001,0.004,0.534,-1.995,-2.045,8.945,-1.268,11.361,8.335,10.898
-1.015,-2.927,-0.001,0.679,0.001,0.001,0.735,0.314,0.355,1.407,0.286,1.754,1.330,1.696,-0.121,0.470,-0.010,-0.005,0.002,0.537,-0.794,-1.079,9.174,-0.675,11.628,8.568,11.164
-1.017,-2.922,-0.001,0.677,0.001,0.001,0.736,0.315,0.354,1.500,0.285,1.872,1.417,1.809,-0.125,0.480,-0.009,-0.010,0.002,0.541,0.862,0.669,9.394,0.446,11.886,8.793,11.417
-1.018,-2.917,-0.001,0.675,0.001,0.000,0.738,0.327,0.365,1.595,0.292,1.992,1.505,1.924,-0.130,0.489,-0.008,-0.012,0.001,0.554,1.216,1.355,9.602,0.809,12.153,8.985,11.669
-1.019,-2.912,-0.001,0.672,0.001,0.000,0.740,0.335,0.375,1.692,0.298,2.115,1.596,2.042,-0.137,0.497,-0.007,-0.014,0.001,0.573,0.323,0.564,9.797,0.303,12.421,9.152,11.920
-1.021,-2.907,-0.001,0.670,0.001,0.000,0.742,0.333,0.375,1.791,0.298,2.241,1.688,2.163,-0.143,0.505,-0.005,-0.017,0.000,0.590,-0.616,-0.482,9.983,-0.303,12.675,9.316,12.163
-1.022,-2.902,-0.001,0.668,0.001,0.000,0.744,0.325,0.369,1.891,0.293,2.368,1.782,2.286,-0.148,0.513,-0.004,-0.020,-0.001,0.599,-0.682,-0.698,10.170,-0.457,12.907,9.492,12.388
-1.024,-2.897,-0.001,0.666,0.001,0.000,0.746,0.321,0.364,1.994,0.290,2.499,1.878,2.411,-0.153,0.521,-0.003,-0.022,-0.001,0.605,-0.123,-0.237,10.357,-0.153,13.121,9.674,12.597
-1.025,-2.892,-0.001,0.664,0.000,0.000,0.748,0.323,0.364,2.098,0.290,2.631,1.976,2.538,-0.158,0.528,-0.002,-0.021,-0.001,0.611,0.338,0.273,10.539,0.164,13.329,9.849,12.798
-1.027,-2.886,-0.001,0.661,0.000,0.000,0.750,0.326,0.368,2.205,0.292,2.765,2.075,2.666,-0.164,0.535,-0.001,-0.018,-0.001,0.621,0.324,0.369,10.711,0.194,13.535,10.009,12.996
-1.029,-2.881,-0.001,0.659,0.000,-0.000,0.752,0.328,0.371,2.313,0.294,2.902,2.176,2.797,-0.170,0.542,-0.001,-0.015,-0.001,0.633,0.073,0.147,10.871,0.073,13.738,10.157,13.191
-1.030,-2.875,-0.001,0.657,0.000,-0.000,0.754,0.328,0.371,2.422,0.294,3.040,2.278,2.930,-0.176,0.549,-0.000,-0.011,-0.001,0.645,-0.069,0.008,11.026,0.007,13.937,10.299,13.380
-1.032,-2.870,-0.001,0.654,0.000,-0.000,0.756,0.327,0.371,2.533,0.294,3.180,2.382,3.065,-0.182,0.555,0.000,-0.007,-0.000,0.655,-0.088,-0.032,11.177,-0.031,14.128,10.439,13.563
-1.034,-2.864,-0.001,0.652,0.000,-0.000,0.759,0.327,0.371,2.646,0.294,3.322,2.487,3.202,-0.188,0.561,0.000,-0.003,0.000,0.664,-0.051,-0.015,11.325,-0.027,14.313,10.577,13.741
-1.036,-2.859,-0.001,0.649,0.000,-0.000,0.761,0.326,0.371,2.760,0.293,3.467,2.594,3.340,-0.194,0.567,0.000,0.000,0.000,0.672,-0.019,-0.005,11.469,-0.017,14.493,10.712,13.914
-1.038,-2.853,-0.001,0.646,0.000,-0.000,0.763,0.326,0.371,2.875,0.293,3.612,2.701,3.480,-0.200,0.572,0.000,0.003,0.001,0.680,-0.001,-0.000,11.609,-0.011,14.669,10.843,14.082
-1.040,-2.847,-0.001,0.644,0.000,-0.000,0.765,0.326,0.371,2.992,0.293,3.760,2.810,3.621,-0.207,0.578,0.001,0.003,0.001,0.688,0.005,0.001,11.745,-0.009,14.840,10.970,14.247
-1.042,-2.841,-0.001,0.641,0.000,-0.000,0.767,0.326,0.371,3.110,0.293,3.909,2.921,3.765,-0.213,0.583,0.001,0.001,0.000,0.696,0.005,0.001,11.877,-0.009,15.007,11.094,14.408
-1.044,-2.836,-0.001,0.638,0.000,-0.000,0.770,0.326,0.371,3.229,0.293,4.060,3.032,3.910,-0.219,0.588,0.001,-0.003,-0.000,0.704,0.003,0.001,12.006,-0.008,15.167,11.216,14.564
-1.046,-2.830,-0.001,0.636,0.000,-0.000,0.772,0.326,0.371,3.350,0.293,4.212,3.145,4.056,-0.226,0.593,0.002,-0.010,-0.001,0.712,0.000,0.000,12.133,-0.008,15.321,11.334,14.715
-1.049,-2.824,-0.001,0.633,0.000,-0.000,0.774,0.326,0.371,3.472,0.293,4.366,3.259,4.204,-0.232,0.597,0.003,-0.020,-0.003,0.719,-0.001,-0.001,12.258,-0.007,15.467,11.452,14.859
-1.051,-2.818,-0.001,0.630,0.000,-0.000,0.776,0.326,0.371,3.595,0.293,4.522,3.374,4.353,-0.239,0.602,0.004,-0.031,-0.004,0.726,-0.002,-0.001,12.380,-0.007,15.604,11.567,14.996
-1.053,-2.812,-0.001,0.627,0.000,-0.000,0.779,0.326,0.371,3.720,0.293,4.678,3.490,4.504,-0.246,0.606,0.005,-0.043,-0.006,0.734,-0.002,-0.001,12.500,-0.006,15.732,11.682,15.125
-1.056,-2.806,-0.001,0.624,-0.000,-0.001,0.781,0.326,0.371,3.845,0.293,4.836,3.608,4.656,-0.252,0.610,0.007,-0.054,-0.007,0.741,-0.002,-0.002,12.619,-0.005,15.849,11.796,15.245
-1.058,-2.800,-0.001,0.622,-0.000,-0.001,0.783,0.326,0.371,3.972,0.293,4.995,3.726,4.809,-0.259,0.614,0.008,-0.064,-0.008,0.749,-0.001,-0.002,12.736,-0.004,15.956,11.909,15.355
-1.061,-2.793,-0.001,0.619,-0.000,-0.001,0.786,0.326,0.371,4.100,0.293,5.155,3.846,4.963,-0.266,0.618,0.010,-0.071,-0.009,0.756,-0.001,-0.002,12.850,-0.004,16.054,12.021,15.457
-1.064,-2.787,-0.001,0.616,-0.001,-0.002,0.788,0.326,0.371,4.229,0.293,5.316,3.967,5.118,-0.274,0.622,0.011,-0.074,-0.010,0.763,-0.001,-0.002,12.962,-0.003,16.145,12.130,15.551
-1.067,-2.781,-0.001,0.613,-0.001,-0.002,0.790,0.326,0.371,4.359,0.292,5.478,4.088,5.274,-0.281,0.626,0.012,-0.071,-0.010,0.770,-0.001,-0.003,13.069,-0.003,16.229,12.237,15.637
-1.069,-2.775,-0.001,0.610,-0.001,-0.002,0.793,0.326,0.371,4.490,0.292,5.641,4.211,5.430,-0.288,0.630,0.013,-0.062,-0.009,0.777,-0.001,-0.003,13.172,-0.002,16.311,12.340,15.718
-1.072,-2.768,-0.000,0.606,-0.001,-0.002,0.795,0.326,0.371,4.622,0.292,5.805,4.335,5.588,-0.296,0.633,0.013,-0.047,-0.008,0.784,-0.001,-0.003,13.268,-0.002,16.391,12.438,15.796
-1.075,-2.762,-0.000,0.603,-0.001,-0.003,0.798,0.326,0.371,4.756,0.292,5.969,4.460,5.746,-0.303,0.636,0.013,-0.027,-0.006,0.791,-0.001,-0.004,13.357,-0.002,16.474,12.529,15.872
-1.078,-2.756,-0.000,0.600,-0.001,-0.003,0.800,0.326,0.370,4.890,0.292,6.134,4.586,5.905,-0.311,0.639,0.012,-0.001,-0.003,0.797,-0.001,-0.005,13.438,-0.002,16.560,12.611,15.950
-1.082,-2.749,-0.000,0.597,-0.001,-0.003,0.802,0.326,0.370,5.024,0.292,6.300,4.712,6.065,-0.319,0.641,0.010,0.028,-0.001,0.803,-0.001,-0.005,13.510,-0.003,16.654,12.685,16.031
-1.085,-2.743,-0.000,0.594,-0.001,-0.002,0.805,0.326,0.370,5.160,0.292,6.467,4.839,6.226,-0.326,0.643,0.008,0.059,0.002,0.808,-0.002,-0.006,13.572,-0.003,16.755,12.748,16.117
-1.088,-2.736,0.000,0.590,-0.001,-0.002,0.807,0.326,0.370,5.296,0.292,6.635,4.967,6.388,-0.334,0.645,0.006,0.089,0.006,0.813,-0.002,-0.006,13.624,-0.004,16.865,12.800,16.210
-1.091,-2.730,0.000,0.587,-0.001,-0.002,0.809,0.326,0.370,5.432,0.292,6.804,5.095,6.550,-0.341,0.646,0.003,0.117,0.009,0.817,-0.002,-0.006,13.667,-0.005,16.984,12.841,16.310
-1.095,-2.723,0.000,0.584,-0.000,-0.001,0.812,0.326,0.370,5.569,0.292,6.975,5.224,6.714,-0.348,0.647,0.001,0.140,0.012,0.821,-0.002,-0.006,13.702,-0.006,17.111,12.872,16.417
-1.098,-2.717,0.000,0.580,0.000,-0.000,0.814,0.326,0.370,5.706,0.292,7.147,5.353,6.879,-0.355,0.647,-0.002,0.155,0.015,0.824,-0.002,-0.006,13.729,-0.006,17.246,12.894,16.531
-1.102,-2.710,0.000,0.577,0.000,0.000,0.817,0.326,0.370,5.844,0.292,7.320,5.482,7.045,-0.362,0.647,-0.004,0.162,0.016,0.827,-0.001,-0.006,13.752,-0.006,17.385,12.907,16.650
-1.106,-2.704,0.000,0.574,0.001,0.001,0.819,0.326,0.370,5.981,0.292,7.494,5.611,7.212,-0.369,0.647,-0.006,0.160,0.016,0.830,-0.001,-0.006,13.771,-0.006,17.527,12.914,16.773
-1.109,-2.698,-0.000,0.570,0.001,0.002,0.821,0.326,0.370,6.119,0.292,7.670,5.740,7.380,-0.375,0.646,-0.007,0.148,0.016,0.832,-0.001,-0.005,13.788,-0.006,17.667,12.918,16.896
-1.113,-2.691,-0.000,0.567,0.002,0.002,0.824,0.326,0.370,6.257,0.292,7.848,5.869,7.550,-0.382,0.645,-0.007,0.128,0.015,0.835,-0.001,-0.005,13.806,-0.004,17.801,12.920,17.017
-1.117,-2.685,-0.000,0.563,0.002,0.003,0.826,0.326,0.370,6.395,0.292,8.026,5.999,7.720,-0.388,0.643,-0.008,0.103,0.015,0.837,-0.000,-0.004,13.827,-0.003,17.926,12.924,17.134
-1.121,-2.678,-0.000,0.560,0.002,0.003,0.829,0.326,0.370,6.534,0.292,8.206,6.128,7.892,-0.394,0.641,-0.008,0.072,0.015,0.839,-0.000,-0.003,13.853,-0.001,18.039,12.932,17.242
-1.125,-2.672,-0.000,0.556,0.002,0.003,0.831,0.326,0.370,6.672,0.292,8.387,6.257,8.065,-0.400,0.639,-0.008,0.040,0.015,0.842,0.000,-0.003,13.886,0.000,18.141,12.946,17.342
-1.129,-2.665,-0.000,0.553,0.002,0.004,0.833,0.326,0.370,6.811,0.292,8.569,6.387,8.239,-0.407,0.637,-0.007,0.007,0.015,0.844,0.000,-0.002,13.928,0.001,18.230,12.967,17.430
-1.133,-2.659,-0.000,0.549,0.002,0.004,0.836,0.326,0.370,6.951,0.292,8.752,6.517,8.414,-0.413,0.635,-0.007,-0.023,0.016,0.847,0.001,-0.001,13.978,0.002,18.307,12.997,17.508
-1.137,-2.653,-0.001,0.546,0.002,0.003,0.838,0.326,0.370,7.091,0.292,8.935,6.647,8.589,-0.419,0.633,-0.007,-0.049,0.016,0.849,0.001,-0.000,14.039,0.003,18.374,13.036,17.575
-1.141,-2.646,-0.001,0.542,0.002,0.003,0.840,0.326,0.370,7.232,0.292,9.119,6.777,8.765,-0.426,0.631,-0.007,-0.069,0.016,0.852,0.001,0.001,14.108,0.003,18.434,13.085,17.633
-1.146,-2.640,-0.001,0.539,0.001,0.003,0.842,0.326,0.370,7.373,0.292,9.304,6.908,8.942,-0.432,0.629,-0.008,-0.082,0.015,0.855,0.001,0.002,14.185,0.002,18.488,13.142,17.683
-1.150,-2.634,-0.001,0.535,0.001,0.003,0.845,0.326,0.370,7.515,0.292,9.489,7.040,9.119,-0.439,0.626,-0.008,-0.088,0.012,0.857,0.001,0.003,14.268,0.002,18.538,13.207,17.728
-1.154,-2.628,-0.001,0.531,0.001,0.002,0.847,0.326,0.370,7.658,0.292,9.674,7.173,9.296,-0.445,0.624,-0.008,-0.088,0.009,0.860,0.001,0.004,14.355,0.001,18.586,13.278,17.770
-1.159,-2.621,-0.001,0.528,0.001,0.002,0.849,0.326,0.370,7.802,0.292,9.861,7.306,9.474,-0.452,0.622,-0.008,-0.084,0.003,0.862,0.001,0.004,14.442,0.000,18.632,13.353,17.811
-1.163,-2.615,-0.001,0.524,0.000,0.002,0.852,0.326,0.370,7.947,0.292,10.047,7.440,9.653,-0.458,0.619,-0.007,-0.077,-0.003,0.865,0.001,0.005,14.527,-0.001,18.675,13.431,17.852
-1.168,-2.609,-0.001,0.520,0.000,0.001,0.854,0.326,0.370,8.093,0.292,10.234,7.574,9.831,-0.465,0.617,-0.006,-0.071,-0.009,0.867,0.000,0.005,14.608,-0.001,18.714,13.511,17.894
-1.173,-2.603,-0.001,0.517,0.000,0.001,0.856,0.326,0.370,8.239,0.292,10.421,7.710,10.011,-0.471,0.615,-0.005,-0.066,-0.016,0.869,0.000,0.005,14.683,-0.002,18.748,13.590,17.936
-1.177,-2.597,-0.001,0.513,0.000,0.001,0.858,0.326,0.370,8.387,0.292,10.609,7.846,10.190,-0.478,0.612,-0.003,-0.063,-0.022,0.871,0.000,0.004,14.752,-0.002,18.775,13.667,17.978
-1.182,-2.591,-0.001,0.509,0.000,0.000,0.861,0.326,0.370,8.534,0.292,10.797,7.983,10.370,-0.484,0.610,-0.001,-0.064,-0.027,0.873,0.000,0.004,14.814,-0.002,18.793,13.743,18.018
-1.187,-2.584,-0.001,0.506,0.000,-0.000,0.863,0.326,0.370,8.683,0.292,10.985,8.121,10.550,-0.490,0.607,0.002,-0.068,-0.030,0.876,0.000,0.004,14.871,-0.002,18.801,13.816,18.054
-1.192,-2.578,-0.001,0.502,-0.000,-0.000,0.865,0.326,0.370,8.832,0.292,11.173,8.260,10.731,-0.497,0.605,0.005,-0.074,-0.031,0.879,0.000,0.004,14.922,-0.002,18.799,13.886,18.083
-1.197,-2.572,-0.001,0.498,-0.000,-0.001,0.867,0.326,0.370,8.981,0.292,11.361,8.399,10.912,-0.504,0.602,0.008,-0.082,-0.029,0.882,0.000,0.003,14.970,-0.001,18.787,13.952,18.104
-1.202,-2.566,-0.001,0.494,-0.000,-0.001,0.869,0.326,0.370,9.131,0.292,11.549,8.539,11.093,-0.511,0.599,0.010,-0.089,-0.025,0.885,0.000,0.003,15.017,-0.001,18.767,14.015,18.115
-1.207,-2.560,-0.001,0.490,-0.000,-0.002,0.872,0.326,0.370,9.282,0.292,11.736,8.679,11.274,-0.518,0.597,0.011,-0.094,-0.018,0.888,0.000,0.002,15.064,-0.000,18.744,14.076,18.116
-1.213,-2.554,-0.001,0.486,-0.001,-0.002,0.874,0.326,0.370,9.433,0.292,11.923,8.820,11.455,-0.525,0.594,0.012,-0.095,-0.009,0.892,0.000,0.002,15.111,0.000,18.722,14.132,18.108
-1.218,-2.549,-0.001,0.482,-0.001,-0.003,0.876,0.326,0.370,9.584,0.292,12.111,8.962,11.636,-0.532,0.592,0.011,-0.090,0.000,0.895,0.000,0.001,15.161,0.001,18.703,14.186,18.093
-1.223,-2.543,-0.001,0.479,-0.001,-0.003,0.878,0.326,0.370,9.736,0.292,12.298,9.104,11.817,-0.539,0.589,0.010,-0.079,0.009,0.898,-0.000,0.000,15.212,0.001,18.694,14.236,18.074
-1.229,-2.537,-0.000,0.475,-0.001,-0.003,0.880,0.326,0.370,9.888,0.292,12.484,9.246,11.998,-0.546,0.586,0.008,-0.062,0.017,0.901,-0.000,-0.001,15.263,0.001,18.696,14.282,18.055
-1.234,-2.531,-0.000,0.471,-0.001,-0.003,0.882,0.326,0.370,10.041,0.292,12.672,9.389,12.178,-0.553,0.583,0.005,-0.038,0.022,0.903,-0.000,-0.001,15.314,0.001,18.714,14.324,18.039
-1.240,-2.525,-0.000,0.467,-0.002,-0.003,0.884,0.326,0.370,10.194,0.292,12.859,9.533,12.359,-0.560,0.579,0.002,-0.010,0.024,0.905,-0.001,-0.002,15.362,0.001,18.747,14.360,18.032
-1.245,-2.519,-0.000,0.463,-0.002,-0.003,0.887,0.326,0.370,10.348,0.292,13.046,9.677,12.539,-0.567,0.575,-0.001,0.021,0.023,0.906,-0.001,-0.003,15.403,0.000,18.796,14.392,18.035
-1.251,-2.514,-0.000,0.459,-0.002,-0.003,0.889,0.326,0.370,10.502,0.292,13.235,9.821,12.720,-0.573,0.571,-0.004,0.053,0.019,0.907,-0.001,-0.004,15.436,-0.000,18.860,14.417,18.052
-1.257,-2.508,-0.000,0.455,-0.002,-0.003,0.891,0.326,0.370,10.657,0.292,13.424,9.965,12.900,-0.579,0.567,-0.007,0.084,0.012,0.907,-0.001,-0.004,15.457,-0.001,18.936,14.436,18.085
-1.263,-2.502,-0.001,0.450,-0.001,-0.002,0.893,0.326,0.370,10.812,0.292,13.614,10.109,13.081,-0.585,0.562,-0.008,0.111,0.003,0.906,-0.001,-0.005,15.465,-0.002,19.021,14.447,18.133
-1.268,-2.497,-0.001,0.446,-0.001,-0.002,0.895,0.326,0.370,10.966,0.292,13.804,10.254,13.263,-0.590,0.558,-0.009,0.132,-0.007,0.905,-0.001,-0.005,15.459,-0.002,19.111,14.452,18.195
-1.274,-2.491,-0.001,0.442,-0.001,-0.001,0.897,0.326,0.370,11.121,0.292,13.996,10.398,13.445,-0.596,0.553,-0.008,0.146,-0.018,0.905,-0.001,-0.005,15.438,-0.002,19.201,14.450,18.270
-1.280,-2.486,-0.001,0.438,-0.000,-0.001,0.899,-0.250,-0.133,11.276,-0.105,14.189,10.542,13.629,-0.580,0.566,0.032,-0.056,-0.220,0.827,-94.227,-83.357,15.608,-72.148,19.144,14.590,18.322
-1.285,-2.480,0.000,0.436,0.001,-0.003,0.900,-0.946,-0.760,11.432,-0.705,14.377,10.692,13.806,-0.450,0.605,0.085,-0.229,-0.313,0.030,-34.028,-32.572,15.723,-33.627,18.575,15.244,16.957
-1.289,-2.474,0.001,0.437,0.002,-0.004,0.899,-1.036,-0.882,11.585,-0.800,14.562,10.845,13.968,-0.357,0.610,0.094,-0.131,-0.320,-0.468,12.995,7.367,14.880,16.124,18.515,15.402,15.734
-1.293,-2.468,0.002,0.440,0.003,-0.005,0.898,-0.738,-0.661,11.733,-0.407,14.747,11.000,14.125,-0.351,0.597,0.018,0.164,-0.158,-0.572,43.017,33.115,14.817,57.857,18.455,15.419,15.688
-1.296,-2.462,0.001,0.442,0.004,-0.003,0.897,-0.291,-0.314,11.881,0.175,14.931,11.153,14.282,-0.358,0.587,-0.052,0.497,0.027,-0.503,38.106,30.920,14.778,48.150,18.379,15.215,15.441
-1.300,-2.456,0.001,0.444,0.004,-0.001,0.896,-0.156,-0.177,12.029,0.366,15.114,11.303,14.432,-0.380,0.578,-0.095,0.421,0.404,-0.286,-12.012,-4.988,14.771,-10.749,18.256,14.880,14.653
-1.304,-2.450,-0.000,0.445,0.003,0.002,0.895,-0.461,-0.377,12.177,0.014,15.296,11.451,14.576,-0.381,0.582,-0.090,0.283,0.487,-0.260,-35.902,-24.701,14.906,-46.456,17.750,14.796,14.214
-1.308,-2.444,-0.001,0.447,0.002,0.004,0.895,-0.690,-0.540,12.328,-0.354,15.464,11.602,14.716,-0.353,0.617,-0.006,0.159,0.037,-0.482,-10.997,-8.071,15.378,-26.041,16.082,15.326,13.818
-1.311,-2.438,-0.001,0.450,0.003,0.004,0.893,-0.707,-0.562,12.484,-0.501,15.620,11.757,14.850,-0.300,0.640,0.030,0.100,-0.133,-0.813,6.617,3.136,15.774,-3.285,15.246,15.739,12.862
-1.314,-2.431,-0.000,0.454,0.003,0.004,0.891,-0.587,-0.491,12.643,-0.447,15.771,11.916,14.975,-0.273,0.649,0.035,0.066,-0.161,-0.979,15.219,9.835,16.085,11.549,14.789,15.978,12.206
-1.317,-2.425,-0.000,0.458,0.004,0.004,0.889,-0.456,-0.400,12.805,-0.342,15.916,12.076,15.097,-0.281,0.647,0.020,0.016,-0.078,-0.920,9.422,7.124,16.260,7.153,14.241,15.959,12.249
-1.319,-2.418,0.000,0.462,0.004,0.004,0.887,-0.406,-0.357,12.968,-0.317,16.056,12.235,15.221,-0.297,0.642,-0.005,-0.053,0.067,-0.800,1.152,1.742,16.273,-1.793,13.776,15.817,12.550
-1.322,-2.412,-0.000,0.465,0.003,0.004,0.885,-0.419,-0.359,13.131,-0.365,16.192,12.393,15.347,-0.299,0.643,-0.018,-0.116,0.139,-0.766,-3.256,-1.749,16.301,-7.034,13.521,15.773,12.689
-1.325,-2.405,-0.000,0.469,0.002,0.003,0.883,-0.449,-0.377,13.294,-0.421,16.327,12.551,15.473,-0.286,0.649,-0.016,-0.118,0.114,-0.824,-2.064,-1.510,16.450,-3.221,13.478,15.854,12.560
-1.328,-2.399,-0.000,0.473,0.002,0.003,0.881,-0.462,-0.387,13.460,-0.440,16.462,12.710,15.598,-0.270,0.654,-0.013,-0.109,0.079,-0.887,-0.671,-0.547,16.676,-0.753,13.463,15.935,12.356
-1.331,-2.392,-0.000,0.477,0.001,0.003,0.879,-0.465,-0.390,13.628,-0.441,16.596,12.869,15.721,-0.258,0.658,-0.010,-0.092,0.043,-0.924,0.045,-0.067,16.879,0.293,13.453,15.996,12.199
-1.333,-2.386,-0.001,0.481,0.001,0.003,0.877,-0.463,-0.390,13.797,-0.436,16.731,13.030,15.842,-0.250,0.660,-0.008,-0.081,0.013,-0.939,0.295,0.119,17.022,0.631,13.445,16.043,12.110
-1.336,-2.379,-0.001,0.485,0.001,0.002,0.875,-0.460,-0.388,13.968,-0.429,16.865,13.190,15.963,-0.243,0.663,-0.007,-0.077,-0.009,-0.940,0.299,0.163,17.113,0.648,13.437,16.083,12.076
-1.338,-2.373,-0.001,0.489,0.001,0.002,0.872,-0.457,-0.386,14.140,-0.423,16.999,13.351,16.084,-0.238,0.664,-0.006,-0.078,-0.026,-0.934,0.212,0.147,17.166,0.545,13.426,16.121,12.076
-1.341,-2.366,-0.001,0.493,0.000,0.001,0.870,-0.456,-0.385,14.311,-0.419,17.134,13.513,16.205,-0.233,0.666,-0.005,-0.082,-0.038,-0.926,0.119,0.114,17.196,0.417,13.409,16.160,12.091
-1.343,-2.359,-0.001,0.497,0.000,0.001,0.868,-0.455,-0.384,14.483,-0.415,17.268,13.674,16.326,-0.228,0.668,-0.004,-0.085,-0.046,-0.918,0.053,0.081,17.211,0.302,13.386,16.202,12.111
-1.345,-2.353,-0.001,0.501,0.000,0.001,0.866,-0.454,-0.383,14.656,-0.413,17.401,13.837,16.447,-0.223,0.669,-0.003,-0.086,-0.051,-0.911,0.016,0.054,17.217,0.213,13.355,16.247,12.129
-1.347,-2.346,-0.001,0.505,0.000,0.000,0.863,-0.454,-0.383,14.828,-0.411,17.535,13.999,16.568,-0.217,0.671,-0.001,-0.084,-0.054,-0.905,-0.002,0.035,17.218,0.147,13.319,16.292,12.141
-1.349,-2.339,-0.001,0.509,0.000,-0.000,0.861,-0.454,-0.383,15.000,-0.409,17.668,14.162,16.690,-0.212,0.672,0.001,-0.081,-0.053,-0.901,-0.008,0.021,17.213,0.100,13.277,16.335,12.148
-1.352,-2.332,-0.001,0.513,0.000,-0.001,0.859,-0.455,-0.383,15.172,-0.409,17.800,14.326,16.811,-0.206,0.673,0.002,-0.076,-0.050,-0.898,-0.008,0.014,17.205,0.068,13.231,16.375,12.149
-1.354,-2.326,-0.001,0.516,0.001,-0.001,0.856,-0.455,-0.382,15.344,-0.408,17.932,14.490,16.933,-0.200,0.675,0.004,-0.071,-0.042,-0.896,-0.006,0.009,17.195,0.045,13.184,16.410,12.145
-1.356,-2.319,-0.001,0.520,0.000,-0.002,0.854,-0.455,-0.382,15.516,-0.408,18.064,14.654,17.054,-0.194,0.676,0.005,-0.067,-0.032,-0.894,-0.004,0.007,17.186,0.030,13.138,16.439,12.138
-1.357,-2.312,-0.001,0.524,0.000,-0.002,0.852,-0.455,-0.382,15.688,-0.407,18.195,14.819,17.175,-0.189,0.678,0.006,-0.063,-0.020,-0.893,-0.002,0.005,17.179,0.019,13.094,16.461,12.126
-1.359,-2.305,-0.001,0.528,0.000,-0.002,0.849,-0.455,-0.382,15.860,-0.407,18.326,14.983,17.296,-0.183,0.679,0.006,-0.060,-0.007,-0.893,-0.001,0.004,17.176,0.012,13.055,16.478,12.110
-1.361,-2.299,-0.001,0.532,0.000,-0.003,0.847,-0.455,-0.382,16.031,-0.407,18.456,15.148,17.418,-0.177,0.681,0.006,-0.056,0.006,-0.893,-0.000,0.003,17.179,0.008,13.021,16.491,12.091
-1.363,-2.292,-0.001,0.535,0.000,-0.003,0.845,-0.455,-0.382,16.203,-0.407,18.586,15.313,17.538,-0.171,0.683,0.006,-0.052,0.017,-0.894,-0.000,0.003,17.188,0.004,12.994,16.499,12.066
-1.364,-2.285,-0.001,0.539,-0.000,-0.003,0.842,-0.455,-0.382,16.375,-0.407,18.716,15.478,17.659,-0.165,0.685,0.005,-0.046,0.026,-0.895,-0.000,0.002,17.204,0.002,12.974,16.506,12.038
-1.366,-2.278,-0.000,0.543,-0.000,-0.003,0.840,-0.455,-0.382,16.547,-0.407,18.846,15.643,17.779,-0.158,0.686,0.005,-0.039,0.030,-0.899,-0.001,0.001,17.227,0.000,12.960,16.512,12.003
-1.368,-2.271,-0.000,0.547,-0.001,-0.003,0.837,-0.455,-0.382,16.720,-0.407,18.975,15.808,17.899,-0.151,0.688,0.005,-0.031,0.030,-0.905,-0.001,-0.001,17.261,-0.002,12.951,16.520,11.958
-1.369,-2.264,-0.000,0.551,-0.001,-0.003,0.835,-0.455,-0.382,16.892,-0.407,19.105,15.974,18.018,-0.143,0.690,0.005,-0.021,0.027,-0.915,-0.002,-0.003,17.300,-0.003,12.946,16.531,11.906
-1.371,-2.257,-0.000,0.554,-0.001,-0.003,0.832,-0.455,-0.382,17.066,-0.407,19.234,16.139,18.137,-0.135,0.692,0.005,-0.010,0.021,-0.926,-0.002,-0.004,17.339,-0.004,12.943,16.543,11.849
-1.372,-2.250,-0.000,0.558,-0.001,-0.003,0.830,-0.455,-0.382,17.239,-0.407,19.364,16.305,18.255,-0.127,0.693,0.005,0.004,0.017,-0.938,-0.002,-0.006,17.374,-0.005,12.942,16.555,11.789
-1.373,-2.243,-0.000,0.562,-0.001,-0.003,0.827,-0.455,-0.382,17.413,-0.407,19.493,16.470,18.373,-0.118,0.695,0.005,0.018,0.016,-0.953,-0.002,-0.007,17.405,-0.005,12.943,16.568,11.725
-1.374,-2.237,-0.000,0.566,-0.001,-0.003,0.824,-0.455,-0.382,17.587,-0.407,19.622,16.636,18.490,-0.109,0.696,0.004,0.032,0.017,-0.970,-0.002,-0.008,17.432,-0.005,12.956,16.578,11.657
-1.375,-2.230,-0.000,0.570,-0.001,-0.003,0.822,-0.455,-0.383,17.762,-0.407,19.752,16.802,18.606,-0.099,0.698,0.004,0.046,0.018,-0.987,-0.002,-0.007,17.453,-0.004,12.978,16.586,11.593
-1.376,-2.223,-0.000,0.574,-0.001,-0.002,0.819,-0.455,-0.383,17.936,-0.407,19.882,16.968,18.722,-0.091,0.699,0.004,0.063,0.017,-0.999,-0.001,-0.006,17.460,-0.003,13.008,16.589,11.550
-1.377,-2.216,-0.000,0.578,-0.001,-0.002,0.816,-0.455,-0.383,18.111,-0.407,20.012,17.134,18.837,-0.083,0.700,0.004,0.080,0.017,-1.008,-0.001,-0.005,17.456,-0.002,13.041,16.584,11.527
-1.378,-2.209,-0.000,0.582,-0.001,-0.002,0.813,-0.455,-0.383,18.285,-0.407,20.143,17.299,18.952,-0.075,0.702,0.003,0.095,0.020,-1.013,-0.000,-0.003,17.443,-0.002,13.071,16.571,11.522
-1.379,-2.202,0.000,0.587,-0.000,-0.001,0.810,-0.455,-0.383,18.460,-0.408,20.274,17.465,19.067,-0.068,0.704,0.002,0.107,0.026,-1.017,0.000,-0.001,17.426,-0.001,13.096,16.549,11.532
-1.379,-2.194,0.000,0.591,-0.000,-0.001,0.807,-0.455,-0.383,18.634,-0.408,20.405,17.630,19.183,-0.061,0.705,0.001,0.115,0.035,-1.018,0.001,0.001,17.409,-0.000,13.114,16.518,11.554
-1.380,-2.187,0.000,0.595,0.000,-0.000,0.804,-0.455,-0.383,18.808,-0.408,20.536,17.795,19.299,-0.054,0.707,-0.001,0.118,0.044,-1.017,0.001,0.004,17.392,0.000,13.142,16.478,11.586
-1.380,-2.180,0.000,0.599,0.000,0.001,0.801,-0.455,-0.383,18.982,-0.408,20.668,17.960,19.415,-0.048,0.708,-0.003,0.117,0.049,-1.011,0.002,0.006,17.375,0.001,13.185,16.428,11.632
-1.381,-2.173,-0.000,0.603,0.000,0.001,0.798,-0.455,-0.383,19.155,-0.407,20.800,18.124,19.531,-0.043,0.709,-0.004,0.111,0.049,-1.001,0.002,0.008,17.357,0.002,13.240,16.372,11.696
-1.381,-2.166,-0.000,0.607,0.001,0.002,0.795,-0.455,-0.382,19.329,-0.407,20.932,18.287,19.649,-0.038,0.710,-0.005,0.097,0.040,-0.984,0.002,0.009,17.334,0.003,13.305,16.311,11.782
-1.381,-2.159,-0.000,0.611,0.001,0.002,0.792,-0.455,-0.382,19.502,-0.407,21.066,18.450,19.767,-0.035,0.712,-0.005,0.076,0.026,-0.964,0.002,0.010,17.310,0.004,13.374,16.250,11.881
-1.382,-2.152,-0.000,0.614,0.001,0.002,0.789,-0.455,-0.382,19.675,-0.407,21.200,18.612,19.886,-0.030,0.712,-0.005,0.054,0.012,-0.946,0.002,0.011,17.292,0.004,13.434,16.195,11.972
-1.382,-2.145,-0.000,0.618,0.001,0.003,0.786,-0.455,-0.382,19.848,-0.407,21.334,18.774,20.006,-0.026,0.713,-0.006,0.031,0.002,-0.932,0.002,0.011,17.281,0.005,13.479,16.150,12.048
-1.382,-2.138,-0.000,0.622,0.001,0.003,0.783,-0.455,-0.382,20.021,-0.407,21.469,18.935,20.127,-0.021,0.713,-0.008,0.008,-0.002,-0.920,0.002,0.009,17.277,0.005,13.511,16.118,12.111
-1.383,-2.131,-0.000,0.625,0.001,0.003,0.780,-0.455,-0.382,20.194,-0.407,21.605,19.096,20.248,-0.016,0.713,-0.010,-0.017,-0.005,-0.911,0.001,0.007,17.284,0.004,13.529,16.102,12.159
-1.383,-2.123,-0.000,0.629,0.001,0.003,0.777,-0.455,-0.382,20.366,-0.407,21.740,19.257,20.370,-0.010,0.712,-0.011,-0.038,-0.008,-0.905,0.001,0.004,17.299,0.004,13.537,16.101,12.194
-1.383,-2.116,-0.001,0.632,0.001,0.002,0.775,-0.455,-0.382,20.540,-0.407,21.875,19.418,20.492,-0.004,0.712,-0.012,-0.053,-0.013,-0.902,0.000,0.002,17.320,0.003,13.538,16.115,12.216
-1.383,-2.109,-0.001,0.636,0.001,0.002,0.772,-0.455,-0.382,20.713,-0.407,22.011,19.580,20.615,0.003,0.711,-0.011,-0.060,-0.021,-0.900,0.000,0.000,17.345,0.002,13.532,16.139,12.226
-1.383,-2.102,-0.001,0.639,0.000,0.002,0.769,-0.455,-0.382,20.886,-0.407,22.146,19.741,20.737,0.009,0.710,-0.010,-0.059,-0.029,-0.900,-0.000,-0.001,17.369,0.002,13.519,16.172,12.225
-1.383,-2.095,-0.001,0.643,0.000,0.001,0.766,-0.455,-0.382,21.060,-0.407,22.281,19.903,20.859,0.016,0.709,-0.009,-0.055,-0.037,-0.901,-0.000,-0.003,17.389,0.001,13.501,16.208,12.217
-1.382,-2.088,-0.001,0.646,0.000,0.001,0.763,-0.455,-0.382,21.234,-0.407,22.416,20.065,20.981,0.024,0.707,-0.007,-0.050,-0.043,-0.903,-0.001,-0.004,17.405,0.001,13.476,16.249,12.202
-1.382,-2.081,-0.001,0.650,0.000,0.001,0.760,-0.455,-0.382,21.408,-0.407,22.551,20.228,21.103,0.031,0.706,-0.005,-0.046,-0.047,-0.907,-0.001,-0.004,17.417,0.001,13.444,16.291,12.181
-1.382,-2.074,-0.001,0.653,0.000,0.000,0.757,-0.455,-0.382,21.583,-0.407,22.685,20.391,21.225,0.038,0.704,-0.003,-0.042,-0.046,-0.910,-0.001,-0.004,17.422,0.000,13.411,16.330,12.160
-1.381,-2.067,-0.001,0.657,0.000,0.000,0.754,-0.455,-0.382,21.757,-0.407,22.819,20.555,21.346,0.045,0.703,-0.002,-0.038,-0.043,-0.912,-0.000,-0.004,17.420,0.000,13.377,16.365,12.142
-1.381,-2.060,-0.001,0.660,0.001,-0.000,0.751,-0.455,-0.382,21.931,-0.407,22.952,20.718,21.468,0.051,0.702,-0.000,-0.033,-0.037,-0.913,-0.000,-0.003,17.414,0.001,13.346,16.393,12.128
-1.380,-2.053,-0.001,0.663,0.001,-0.000,0.748,-0.455,-0.382,22.105,-0.407,23.086,20.883,21.589,0.057,0.701,0.001,-0.029,-0.030,-0.912,0.000,-0.002,17.404,0.001,13.319,16.415,12.119
-1.380,-2.046,-0.001,0.667,0.001,-0.000,0.745,-0.455,-0.382,22.279,-0.407,23.219,21.047,21.710,0.063,0.700,0.002,-0.025,-0.024,-0.911,0.000,-0.002,17.394,0.001,13.296,16.430,12.115
-1.379,-2.039,-0.001,0.670,0.001,-0.001,0.742,-0.455,-0.382,22.453,-0.407,23.352,21.211,21.831,0.069,0.699,0.002,-0.021,-0.019,-0.908,0.000,-0.001,17.384,0.002,13.278,16.439,12.117
-1.378,-2.032,-0.001,0.674,0.001,-0.001,0.739,-0.455,-0.382,22.627,-0.407,23.484,21.376,21.952,0.075,0.698,0.003,-0.018,-0.017,-0.905,0.001,-0.001,17.375,0.002,13.264,16.444,12.123
-1.378,-2.025,-0.001,0.677,0.001,-0.001,0.736,-0.455,-0.382,22.800,-0.407,23.617,21.540,22.074,0.081,0.698,0.004,-0.016,-0.017,-0.901,0.001,-0.002,17.365,0.003,13.252,16.449,12.135
-1.377,-2.018,-0.001,0.680,0.001,-0.001,0.733,-0.455,-0.382,22.974,-0.407,23.749,21.705,22.195,0.087,0.698,0.005,-0.014,-0.022,-0.899,0.000,-0.002,17.354,0.003,13.240,16.456,12.148
-1.376,-2.011,-0.001,0.684,0.001,-0.001,0.730,-0.455,-0.382,23.147,-0.407,23.882,21.869,22.317,0.093,0.698,0.006,-0.012,-0.028,-0.898,0.000,-0.003,17.345,0.003,13.226,16.467,12.162
-1.375,-2.004,-0.001,0.687,0.001,-0.001,0.727,-0.455,-0.382,23.321,-0.407,24.014,22.034,22.438,0.099,0.697,0.007,-0.011,-0.036,-0.898,-0.000,-0.005,17.335,0.003,13.210,16.481,12.175
-1.374,-1.997,-0.001,0.690,0.001,-0.001,0.724,-0.455,-0.382,23.494,-0.407,24.146,22.199,22.560,0.105,0.697,0.008,-0.008,-0.043,-0.899,-0.000,-0.006,17.323,0.003,13.190,16.498,12.188
-1.373,-1.990,-0.001,0.693,0.001,-0.002,0.721,-0.455,-0.382,23.667,-0.407,24.278,22.364,22.682,0.112,0.697,0.009,-0.005,-0.049,-0.900,-0.001,-0.007,17.307,0.002,13.167,16.516,12.198
-1.372,-1.983,-0.001,0.697,0.001,-0.002,0.718,-0.455,-0.382,23.840,-0.407,24.409,22.529,22.804,0.118,0.697,0.009,-0.002,-0.053,-0.903,-0.001,-0.007,17.288,0.001,13.140,16.536,12.204
-1.370,-1.976,-0.001,0.700,0.001,-0.002,0.714,-0.455,-0.383,24.013,-0.407,24.541,22.695,22.926,0.125,0.696,0.010,0.002,-0.054,-0.908,-0.001,-0.007,17.266,0.000,13.108,16.557,12.206
-1.369,-1.969,-0.000,0.703,0.002,-0.002,0.711,-0.455,-0.383,24.186,-0.407,24.671,22.860,23.048,0.132,0.696,0.011,0.006,-0.051,-0.913,-0.001,-0.007,17.237,-0.001,13.074,16.578,12.204
-1.368,-1.962,-0.000,0.706,0.002,-0.002,0.708,-0.455,-0.383,24.358,-0.407,24.802,23.026,23.170,0.140,0.695,0.011,0.010,-0.043,-0.918,-0.001,-0.005,17.205,-0.002,13.041,16.594,12.199
-1.366,-1.955,-0.000,0.710,0.002,-0.002,0.705,-0.455,-0.383,24.530,-0.407,24.932,23.192,23.292,0.146,0.694,0.011,0.014,-0.029,-0.922,-0.001,-0.003,17.170,-0.004,13.011,16.602,12.191
-1.365,-1.948,-0.000,0.713,0.002,-0.002,0.701,-0.455,-0.383,24.701,-0.407,25.062,23.358,23.414,0.153,0.693,0.010,0.018,-0.010,-0.926,-0.001,-0.001,17.136,-0.005,12.987,16.599,12.180
-1.363,-1.941,-0.000,0.716,0.002,-0.002,0.698,-0.455,-0.383,24.872,-0.407,25.192,23.524,23.536,0.160,0.692,0.009,0.021,0.013,-0.930,-0.001,0.002,17.107,-0.006,12.971,16.585,12.164
-1.362,-1.934,0.000,0.719,0.002,-0.002,0.695,-0.455,-0.383,25.043,-0.407,25.322,23.690,23.657,0.167,0.690,0.007,0.023,0.039,-0.932,-0.000,0.005,17.085,-0.006,12.965,16.559,12.144
-1.360,-1.927,0.000,0.722,0.002,-0.002,0.691,-0.455,-0.383,25.214,-0.407,25.451,23.855,23.779,0.173,0.689,0.005,0.024,0.065,-0.934,-0.000,0.008,17.071,-0.007,12.971,16.521,12.123
-1.358,-1.921,0.000,0.726,0.002,-0.001,0.688,-0.455,-0.383,25.385,-0.407,25.581,24.020,23.900,0.179,0.688,0.003,0.023,0.087,-0.933,0.000,0.010,17.064,-0.007,12.992,16.474,12.104
-1.356,-1.914,0.000,0.729,0.002,-0.001,0.685,-0.455,-0.382,25.555,-0.407,25.711,24.185,24.021,0.185,0.687,0.002,0.021,0.105,-0.931,0.000,0.012,17.067,-0.006,13.026,16.418,12.087
-1.354,-1.907,0.000,0.732,0.001,-0.001,0.681,-0.455,-0.382,25.726,-0.407,25.842,24.349,24.141,0.191,0.686,-0.000,0.016,0.117,-0.927,0.001,0.012,17.079,-0.006,13.072,16.359,12.073
-1.352,-1.900,0.000,0.735,0.001,-0.000,0.678,-0.455,-0.382,25.897,-0.407,25.973,24.512,24.262,0.197,0.684,-0.002,0.009,0.123,-0.923,0.001,0.012,17.103,-0.005,13.126,16.298,12.058
-1.350,-1.893,0.000,0.738,0.001,0.000,0.674,-0.455,-0.382,26.068,-0.407,26.104,24.674,24.383,0.203,0.683,-0.004,0.000,0.123,-0.920,0.001,0.011,17.141,-0.004,13.180,16.242,12.039
-1.348,-1.886,0.000,0.741,0.000,0.001,0.671,-0.455,-0.382,26.240,-0.407,26.236,24.837,24.503,0.209,0.681,-0.005,-0.009,0.116,-0.918,0.001,0.010,17.191,-0.003,13.233,16.193,12.017
-1.346,-1.880,0.000,0.744,-0.000,0.001,0.668,-0.455,-0.382,26.412,-0.407,26.369,24.998,24.623,0.215,0.679,-0.006,-0.018,0.104,-0.917,0.001,0.008,17.251,-0.002,13.283,16.152,11.990
-1.344,-1.873,0.000,0.748,-0.001,0.001,0.664,-0.455,-0.382,26.585,-0.407,26.502,25.160,24.743,0.222,0.677,-0.007,-0.024,0.086,-0.917,0.000,0.005,17.317,-0.001,13.325,16.123,11.960
-1.342,-1.866,-0.000,0.751,-0.001,0.002,0.661,-0.455,-0.382,26.758,-0.407,26.635,25.321,24.862,0.228,0.675,-0.008,-0.030,0.064,-0.919,0.000,0.003,17.387,0.000,13.355,16.107,11.927
-1.340,-1.859,-0.000,0.754,-0.001,0.002,0.657,-0.455,-0.382,26.933,-0.407,26.769,25.482,24.981,0.235,0.672,-0.008,-0.035,0.038,-0.922,0.000,0.000,17.455,0.001,13.372,16.105,11.894
-1.337,-1.853,-0.000,0.757,-0.002,0.002,0.654,-0.455,-0.382,27.108,-0.407,26.903,25.643,25.100,0.242,0.669,-0.007,-0.039,0.012,-0.927,-0.000,-0.002,17.519,0.002,13.381,16.115,11.860
-1.335,-1.846,-0.000,0.760,-0.002,0.002,0.650,-0.455,-0.382,27.283,-0.407,27.037,25.804,25.218,0.250,0.665,-0.007,-0.046,-0.013,-0.933,-0.000,-0.005,17.574,0.003,13.391,16.136,11.825
-1.332,-1.839,-0.000,0.763,-0.002,0.001,0.647,-0.455,-0.382,27.459,-0.407,27.171,25.966,25.336,0.257,0.662,-0.007,-0.051,-0.034,-0.939,-0.000,-0.006,17.619,0.003,13.395,16.167,11.789
-1.330,-1.833,-0.000,0.766,-0.002,0.001,0.643,-0.455,-0.382,27.635,-0.407,27.305,26.128,25.454,0.264,0.658,-0.007,-0.053,-0.048,-0.946,-0.000,-0.007,17.653,0.004,13.389,16.206,11.754
-1.327,-1.826,-0.000,0.769,-0.002,0.001,0.639,-0.455,-0.382,27.812,-0.407,27.438,26.290,25.572,0.271,0.653,-0.007,-0.048,-0.055,-0.953,0.000,-0.006,17.670,0.004,13.373,16.251,11.724
-1.324,-1.820,-0.001,0.772,-0.002,0.000,0.636,-0.455,-0.382,27.989,-0.407,27.572,26.453,25.689,0.278,0.649,-0.007,-0.039,-0.056,-0.960,0.000,-0.006,17.675,0.004,13.352,16.299,11.699
-1.321,-1.813,-0.001,0.775,-0.002,-0.000,0.632,-0.455,-0.382,28.166,-0.407,27.705,26.616,25.806,0.285,0.645,-0.008,-0.025,-0.052,-0.965,0.000,-0.005,17.673,0.003,13.326,16.344,11.683
