6.000,4.000,0.001,1.000,0.000,0.000,0.000,-0.000,-0.000,0.000,-0.000,0.000,0.000,0.000,-0.000,-0.000,0.000,-0.000,-0.000,-0.000,0.000,0.000,-0.000,0.000,-0.000,-0.000,-0.000
6.000,4.000,0.001,1.000,0.000,0.000,0.000,-0.462,-0.328,-0.000,-0.388,0.002,-0.005,-0.004,-0.043,0.004,0.000,0.003,0.019,0.044,-64.532,-47.199,-0.172,-53.301,0.092,-0.955,-0.784
5.999,4.000,0.001,1.000,0.000,0.000,0.000,-0.850,-0.632,-0.006,-0.712,-0.002,-0.017,-0.014,-0.055,0.013,0.000,0.011,0.010,0.066,-17.542,-15.410,-1.049,-16.023,-0.796,-1.340,-1.076
5.999,4.000,0.001,1.000,0.000,0.000,0.001,-0.887,-0.687,-0.021,-0.750,-0.014,-0.032,-0.025,-0.066,0.023,0.000,0.013,0.005,0.115,8.232,3.358,-1.849,8.434,-1.544,-1.722,-1.251
5.998,4.001,0.001,1.000,0.000,0.000,0.002,-0.727,-0.590,-0.043,-0.568,-0.033,-0.051,-0.039,-0.083,0.029,0.000,0.009,0.005,0.153,21.050,14.125,-2.551,24.875,-2.212,-2.139,-1.492
5.997,4.001,0.001,1.000,0.000,0.000,0.002,-0.534,-0.453,-0.071,-0.343,-0.057,-0.075,-0.056,-0.110,0.031,-0.000,0.002,0.010,0.178,14.949,11.304,-3.113,16.670,-2.565,-2.693,-1.921
5.996,4.001,0.000,1.000,0.000,0.000,0.003,-0.447,-0.377,-0.105,-0.261,-0.083,-0.105,-0.078,-0.139,0.031,-0.001,-0.005,0.013,0.186,2.817,3.875,-3.569,0.416,-2.782,-3.279,-2.452
5.994,4.001,0.000,1.000,0.000,0.000,0.004,-0.459,-0.371,-0.143,-0.313,-0.113,-0.141,-0.105,-0.166,0.032,-0.001,-0.005,0.011,0.202,-4.391,-2.155,-4.029,-9.802,-3.064,-3.847,-2.946
5.992,4.002,0.000,1.000,0.000,0.000,0.005,-0.511,-0.394,-0.186,-0.428,-0.145,-0.182,-0.136,-0.188,0.038,-0.001,-0.001,0.006,0.237,-4.602,-1.735,-4.585,-9.976,-3.459,-4.375,-3.328
5.990,4.002,0.000,1.000,0.000,0.000,0.007,-0.539,-0.404,-0.234,-0.487,-0.182,-0.228,-0.171,-0.208,0.045,-0.002,0.000,0.001,0.286,-1.192,-0.436,-5.163,-2.877,-3.952,-4.873,-3.621
5.988,4.003,0.000,1.000,0.000,0.000,0.008,-0.541,-0.405,-0.289,-0.498,-0.224,-0.280,-0.209,-0.228,0.052,-0.002,-0.001,-0.000,0.333,0.410,0.134,-5.736,0.216,-4.392,-5.370,-3.909
5.986,4.003,0.000,1.000,0.000,0.000,0.010,-0.534,-0.403,-0.349,-0.489,-0.270,-0.336,-0.249,-0.248,0.057,-0.003,-0.005,-0.000,0.371,0.881,0.318,-6.278,1.304,-4.798,-5.858,-4.216
5.983,4.004,0.000,1.000,0.000,0.000,0.012,-0.526,-0.400,-0.414,-0.475,-0.320,-0.397,-0.293,-0.268,0.060,-0.003,-0.009,0.000,0.401,0.799,0.324,-6.789,1.472,-5.182,-6.330,-4.541
5.981,4.004,0.000,1.000,0.000,0.000,0.014,-0.519,-0.397,-0.485,-0.461,-0.373,-0.462,-0.340,-0.288,0.062,-0.004,-0.013,0.001,0.425,0.537,0.264,-7.272,1.278,-5.549,-6.788,-4.875
5.978,4.005,0.000,1.000,-0.000,0.000,0.016,-0.515,-0.394,-0.560,-0.449,-0.431,-0.532,-0.391,-0.308,0.064,-0.005,-0.016,0.001,0.447,0.286,0.192,-7.734,0.990,-5.903,-7.229,-5.207
5.974,4.006,0.000,1.000,-0.000,0.000,0.018,-0.513,-0.393,-0.639,-0.441,-0.492,-0.607,-0.444,-0.327,0.065,-0.006,-0.018,0.001,0.467,0.114,0.133,-8.180,0.722,-6.247,-7.656,-5.532
5.971,4.006,0.000,1.000,-0.000,0.000,0.021,-0.512,-0.392,-0.723,-0.435,-0.556,-0.685,-0.501,-0.345,0.066,-0.007,-0.019,0.000,0.486,0.024,0.090,-8.613,0.508,-6.579,-8.070,-5.848
5.967,4.007,0.000,1.000,-0.000,0.000,0.023,-0.512,-0.391,-0.811,-0.430,-0.623,-0.768,-0.561,-0.362,0.067,-0.008,-0.018,-0.001,0.505,-0.015,0.060,-9.035,0.349,-6.901,-8.470,-6.152
5.964,4.008,0.000,1.000,-0.000,0.000,0.026,-0.512,-0.390,-0.904,-0.428,-0.694,-0.855,-0.624,-0.379,0.068,-0.009,-0.017,-0.002,0.523,-0.026,0.041,-9.446,0.237,-7.212,-8.858,-6.444
5.960,4.008,-0.000,1.000,-0.000,0.000,0.028,-0.513,-0.390,-1.000,-0.426,-0.767,-0.945,-0.690,-0.395,0.068,-0.009,-0.016,-0.003,0.542,-0.023,0.028,-9.847,0.159,-7.515,-9.236,-6.726
5.956,4.009,-0.000,1.000,-0.001,0.000,0.031,-0.513,-0.390,-1.101,-0.424,-0.844,-1.039,-0.759,-0.411,0.068,-0.010,-0.015,-0.004,0.560,-0.017,0.019,-10.237,0.106,-7.808,-9.603,-6.996
5.952,4.010,-0.000,0.999,-0.001,0.000,0.034,-0.513,-0.390,-1.205,-0.423,-0.923,-1.137,-0.830,-0.426,0.067,-0.010,-0.013,-0.004,0.578,-0.010,0.014,-10.616,0.070,-8.091,-9.959,-7.256
5.947,4.010,-0.000,0.999,-0.001,0.000,0.037,-0.513,-0.390,-1.313,-0.423,-1.006,-1.239,-0.904,-0.440,0.067,-0.011,-0.011,-0.005,0.595,-0.006,0.010,-10.983,0.046,-8.366,-10.304,-7.507
5.943,4.011,-0.000,0.999,-0.001,0.000,0.040,-0.513,-0.390,-1.425,-0.422,-1.091,-1.343,-0.980,-0.454,0.066,-0.011,-0.008,-0.005,0.613,-0.003,0.007,-11.339,0.029,-8.631,-10.638,-7.749
5.938,4.012,-0.001,0.999,-0.001,0.000,0.043,-0.513,-0.389,-1.540,-0.422,-1.178,-1.451,-1.059,-0.467,0.065,-0.011,-0.004,-0.006,0.629,-0.001,0.005,-11.682,0.019,-8.888,-10.961,-7.981
5.934,4.012,-0.001,0.999,-0.001,0.000,0.046,-0.513,-0.389,-1.658,-0.422,-1.268,-1.563,-1.140,-0.480,0.064,-0.010,0.000,-0.006,0.645,-0.000,0.003,-12.013,0.013,-9.137,-11.273,-8.206
5.929,4.013,-0.001,0.999,-0.001,0.000,0.050,-0.513,-0.389,-1.780,-0.422,-1.361,-1.677,-1.223,-0.492,0.062,-0.010,0.005,-0.007,0.661,0.000,0.001,-12.332,0.009,-9.377,-11.573,-8.423
5.924,4.014,-0.001,0.999,-0.001,0.000,0.053,-0.513,-0.389,-1.905,-0.422,-1.456,-1.794,-1.308,-0.504,0.060,-0.009,0.010,-0.008,0.676,0.000,-0.001,-12.637,0.007,-9.609,-11.862,-8.633
5.919,4.014,-0.001,0.998,-0.001,0.000,0.056,-0.513,-0.389,-2.033,-0.422,-1.553,-1.914,-1.395,-0.516,0.058,-0.008,0.015,-0.008,0.691,0.000,-0.002,-12.930,0.006,-9.833,-12.139,-8.836
5.913,4.015,-0.001,0.998,-0.001,0.000,0.060,-0.513,-0.389,-2.163,-0.422,-1.653,-2.037,-1.485,-0.527,0.056,-0.006,0.019,-0.009,0.705,0.000,-0.003,-13.211,0.005,-10.048,-12.406,-9.031
5.908,4.015,-0.001,0.998,-0.000,0.000,0.063,-0.513,-0.389,-2.297,-0.422,-1.754,-2.162,-1.576,-0.537,0.053,-0.005,0.022,-0.010,0.720,0.000,-0.004,-13.480,0.004,-10.255,-12.662,-9.219
5.903,4.016,-0.001,0.998,-0.000,0.000,0.067,-0.513,-0.390,-2.433,-0.422,-1.858,-2.290,-1.669,-0.548,0.050,-0.004,0.024,-0.011,0.734,0.000,-0.004,-13.738,0.004,-10.455,-12.907,-9.401
5.897,4.016,-0.001,0.997,-0.000,-0.000,0.071,-0.513,-0.390,-2.572,-0.422,-1.963,-2.420,-1.764,-0.558,0.047,-0.003,0.025,-0.011,0.748,0.000,-0.004,-13.986,0.004,-10.648,-13.143,-9.578
5.891,4.017,-0.001,0.997,-0.000,-0.000,0.074,-0.513,-0.390,-2.713,-0.422,-2.071,-2.553,-1.861,-0.568,0.044,-0.002,0.024,-0.011,0.761,0.000,-0.004,-14.224,0.004,-10.834,-13.371,-9.749
5.886,4.017,-0.001,0.997,0.000,-0.000,0.078,-0.513,-0.390,-2.856,-0.422,-2.180,-2.688,-1.959,-0.577,0.041,-0.001,0.022,-0.010,0.774,0.000,-0.004,-14.454,0.004,-11.015,-13.591,-9.914
5.880,4.018,-0.001,0.997,0.000,-0.000,0.082,-0.513,-0.390,-3.002,-0.421,-2.291,-2.825,-2.059,-0.587,0.037,-0.000,0.018,-0.009,0.787,0.001,-0.003,-14.676,0.004,-11.188,-13.803,-10.075
5.874,4.018,-0.001,0.996,0.000,-0.000,0.086,-0.513,-0.390,-3.150,-0.421,-2.404,-2.964,-2.160,-0.596,0.033,0.000,0.013,-0.009,0.799,0.001,-0.002,-14.892,0.004,-11.356,-14.010,-10.230
5.868,4.018,-0.001,0.996,0.000,-0.000,0.090,-0.513,-0.390,-3.300,-0.421,-2.518,-3.105,-2.264,-0.604,0.028,0.001,0.008,-0.008,0.811,0.001,-0.002,-15.102,0.004,-11.518,-14.211,-10.379
5.862,4.019,-0.001,0.996,0.000,-0.000,0.094,-0.513,-0.390,-3.452,-0.421,-2.634,-3.248,-2.368,-0.613,0.024,0.001,0.003,-0.007,0.823,0.001,-0.001,-15.308,0.003,-11.675,-14.408,-10.523
5.856,4.019,-0.001,0.995,0.000,-0.000,0.098,-0.513,-0.390,-3.606,-0.421,-2.751,-3.393,-2.474,-0.622,0.019,0.001,-0.001,-0.006,0.835,0.001,-0.001,-15.509,0.003,-11.827,-14.600,-10.663
5.849,4.019,-0.001,0.995,0.000,-0.000,0.103,-0.513,-0.390,-3.762,-0.421,-2.870,-3.540,-2.581,-0.630,0.014,0.001,-0.004,-0.006,0.846,0.000,-0.001,-15.706,0.003,-11.974,-14.789,-10.796
5.843,4.019,-0.001,0.994,0.000,-0.000,0.107,-0.513,-0.390,-3.920,-0.421,-2.991,-3.689,-2.690,-0.638,0.009,0.001,-0.004,-0.006,0.858,0.000,-0.001,-15.899,0.002,-12.116,-14.974,-10.925
5.837,4.019,-0.001,0.994,0.000,-0.000,0.111,-0.513,-0.390,-4.080,-0.421,-3.113,-3.839,-2.800,-0.645,0.004,0.002,-0.001,-0.007,0.869,0.000,-0.002,-16.087,0.002,-12.253,-15.155,-11.047
5.830,4.019,-0.001,0.993,0.000,-0.000,0.115,-0.513,-0.390,-4.241,-0.421,-3.236,-3.992,-2.911,-0.653,-0.001,0.003,0.005,-0.009,0.881,-0.000,-0.002,-16.268,0.001,-12.387,-15.331,-11.165
5.824,4.019,-0.001,0.993,0.000,-0.000,0.120,-0.513,-0.390,-4.405,-0.421,-3.360,-4.146,-3.023,-0.660,-0.006,0.004,0.015,-0.010,0.893,-0.000,-0.003,-16.442,0.001,-12.517,-15.501,-11.279
5.817,4.019,-0.001,0.992,0.000,-0.001,0.124,-0.513,-0.390,-4.570,-0.421,-3.486,-4.302,-3.136,-0.667,-0.012,0.005,0.027,-0.012,0.906,-0.001,-0.005,-16.607,0.001,-12.646,-15.664,-11.390
5.810,4.019,-0.001,0.992,0.001,-0.001,0.129,-0.513,-0.390,-4.737,-0.421,-3.613,-4.459,-3.251,-0.674,-0.017,0.006,0.041,-0.013,0.919,-0.001,-0.006,-16.761,0.001,-12.774,-15.820,-11.500
5.804,4.019,-0.001,0.991,0.001,-0.001,0.133,-0.513,-0.390,-4.905,-0.421,-3.742,-4.618,-3.366,-0.681,-0.023,0.008,0.055,-0.013,0.931,-0.001,-0.006,-16.905,0.001,-12.901,-15.966,-11.609
5.797,4.018,-0.001,0.990,0.001,-0.001,0.138,-0.513,-0.390,-5.075,-0.421,-3.871,-4.778,-3.483,-0.688,-0.029,0.009,0.068,-0.012,0.943,-0.000,-0.006,-17.036,0.001,-13.028,-16.102,-11.720
5.790,4.018,-0.001,0.990,0.002,-0.001,0.143,-0.513,-0.390,-5.246,-0.421,-4.002,-4.940,-3.601,-0.694,-0.036,0.010,0.079,-0.010,0.955,-0.000,-0.006,-17.156,0.002,-13.155,-16.227,-11.833
5.783,4.018,-0.001,0.989,0.002,-0.001,0.147,-0.513,-0.390,-5.418,-0.421,-4.135,-5.103,-3.720,-0.701,-0.043,0.011,0.085,-0.008,0.965,0.000,-0.005,-17.264,0.003,-13.281,-16.341,-11.949
5.776,4.017,-0.001,0.988,0.002,-0.001,0.152,-0.513,-0.390,-5.591,-0.421,-4.268,-5.267,-3.840,-0.708,-0.050,0.012,0.085,-0.005,0.974,0.001,-0.003,-17.361,0.003,-13.406,-16.445,-12.068
5.769,4.017,-0.000,0.988,0.003,-0.001,0.157,-0.513,-0.390,-5.765,-0.421,-4.403,-5.432,-3.961,-0.714,-0.058,0.012,0.079,-0.002,0.981,0.001,-0.001,-17.451,0.004,-13.528,-16.539,-12.190
5.762,4.016,-0.000,0.987,0.003,-0.001,0.162,-0.513,-0.390,-5.940,-0.421,-4.539,-5.598,-4.084,-0.720,-0.067,0.012,0.064,0.002,0.986,0.002,0.001,-17.534,0.005,-13.646,-16.626,-12.314
5.754,4.015,-0.000,0.986,0.003,-0.000,0.167,-0.513,-0.390,-6.116,-0.421,-4.676,-5.764,-4.207,-0.726,-0.076,0.011,0.042,0.007,0.988,0.002,0.004,-17.613,0.005,-13.759,-16.709,-12.441
5.747,4.015,-0.000,0.985,0.004,-0.000,0.172,-0.513,-0.390,-6.293,-0.421,-4.814,-5.932,-4.332,-0.731,-0.085,0.009,0.014,0.014,0.987,0.002,0.006,-17.693,0.006,-13.866,-16.792,-12.569
5.740,4.014,0.000,0.984,0.004,-0.000,0.177,-0.513,-0.390,-6.470,-0.421,-4.953,-6.100,-4.459,-0.736,-0.095,0.006,-0.019,0.021,0.985,0.002,0.008,-17.778,0.005,-13.965,-16.876,-12.692
5.732,4.013,0.000,0.983,0.003,-0.000,0.181,-0.513,-0.390,-6.648,-0.421,-5.093,-6.269,-4.586,-0.741,-0.105,0.004,-0.056,0.027,0.985,0.002,0.009,-17.877,0.005,-14.050,-16.967,-12.797
5.725,4.012,0.000,0.983,0.003,-0.000,0.186,-0.513,-0.390,-6.828,-0.421,-5.234,-6.439,-4.715,-0.745,-0.114,0.001,-0.093,0.029,0.987,0.002,0.010,-17.991,0.004,-14.121,-17.066,-12.881
5.717,4.010,0.000,0.982,0.002,-0.000,0.191,-0.513,-0.390,-7.008,-0.421,-5.375,-6.611,-4.844,-0.748,-0.122,-0.001,-0.126,0.028,0.990,0.001,0.009,-18.120,0.003,-14.179,-17.174,-12.945
5.710,4.009,0.000,0.981,0.002,-0.000,0.196,-0.513,-0.390,-7.190,-0.421,-5.517,-6.783,-4.973,-0.751,-0.131,-0.003,-0.152,0.026,0.993,0.001,0.008,-18.260,0.002,-14.225,-17.292,-12.991
5.702,4.008,0.000,0.980,0.001,-0.000,0.201,-0.513,-0.390,-7.373,-0.421,-5.660,-6.957,-5.104,-0.753,-0.139,-0.004,-0.169,0.021,0.998,0.001,0.007,-18.409,0.001,-14.261,-17.417,-13.020
5.695,4.006,-0.000,0.979,-0.000,-0.000,0.206,-0.513,-0.390,-7.558,-0.421,-5.803,-7.131,-5.234,-0.755,-0.146,-0.005,-0.174,0.015,1.002,0.000,0.006,-18.564,0.000,-14.289,-17.547,-13.035
5.687,4.005,-0.000,0.978,-0.001,-0.000,0.211,-0.513,-0.390,-7.745,-0.421,-5.946,-7.307,-5.364,-0.756,-0.154,-0.005,-0.168,0.008,1.008,-0.000,0.005,-18.719,-0.000,-14.310,-17.681,-13.038
5.680,4.003,-0.000,0.976,-0.002,-0.001,0.216,-0.513,-0.389,-7.933,-0.421,-6.089,-7.485,-5.495,-0.757,-0.161,-0.005,-0.155,-0.001,1.017,-0.001,0.003,-18.877,-0.002,-14.326,-17.815,-13.023
5.672,4.002,-0.000,0.975,-0.002,-0.001,0.221,-0.513,-0.389,-8.122,-0.421,-6.232,-7.664,-5.625,-0.758,-0.167,-0.004,-0.135,-0.009,1.028,-0.001,0.000,-19.033,-0.003,-14.339,-17.949,-12.998
5.665,4.000,-0.000,0.974,-0.003,-0.001,0.226,-0.513,-0.389,-8.313,-0.421,-6.376,-7.844,-5.754,-0.759,-0.174,-0.003,-0.110,-0.015,1.040,-0.002,-0.002,-19.179,-0.004,-14.356,-18.079,-12.972
5.657,3.998,-0.000,0.973,-0.003,-0.001,0.231,-0.513,-0.390,-8.506,-0.421,-6.519,-8.025,-5.884,-0.759,-0.181,-0.002,-0.082,-0.018,1.052,-0.002,-0.004,-19.314,-0.006,-14.379,-18.203,-12.951
5.649,3.996,-0.000,0.972,-0.004,-0.001,0.236,-0.513,-0.390,-8.699,-0.421,-6.663,-8.208,-6.014,-0.760,-0.188,-0.001,-0.051,-0.016,1.064,-0.003,-0.005,-19.438,-0.007,-14.413,-18.320,-12.937
5.642,3.994,-0.000,0.971,-0.004,-0.001,0.241,-0.513,-0.390,-8.894,-0.421,-6.807,-8.392,-6.143,-0.760,-0.195,-0.002,-0.019,-0.008,1.079,-0.003,-0.006,-19.559,-0.008,-14.457,-18.429,-12.925
5.634,3.992,-0.000,0.969,-0.004,-0.001,0.246,-0.513,-0.390,-9.091,-0.421,-6.952,-8.577,-6.272,-0.761,-0.201,-0.003,0.010,0.002,1.095,-0.003,-0.005,-19.678,-0.008,-14.514,-18.529,-12.915
5.627,3.990,-0.000,0.968,-0.004,-0.001,0.252,-0.513,-0.390,-9.288,-0.421,-7.098,-8.762,-6.401,-0.761,-0.209,-0.005,0.035,0.012,1.111,-0.002,-0.004,-19.794,-0.008,-14.580,-18.617,-12.914
5.619,3.988,-0.000,0.966,-0.004,-0.001,0.257,-0.513,-0.390,-9.486,-0.421,-7.244,-8.949,-6.530,-0.762,-0.216,-0.007,0.053,0.019,1.125,-0.002,-0.003,-19.899,-0.008,-14.655,-18.691,-12.925
5.611,3.986,-0.000,0.965,-0.003,-0.001,0.263,-0.513,-0.390,-9.686,-0.421,-7.391,-9.136,-6.660,-0.762,-0.225,-0.008,0.064,0.021,1.135,-0.001,-0.002,-19.992,-0.007,-14.736,-18.752,-12.951
5.604,3.984,-0.001,0.963,-0.003,-0.001,0.268,-0.513,-0.390,-9.886,-0.421,-7.539,-9.324,-6.789,-0.761,-0.234,-0.008,0.071,0.017,1.141,-0.001,-0.001,-20.072,-0.006,-14.821,-18.804,-12.991
5.596,3.981,-0.001,0.962,-0.003,-0.001,0.274,-0.513,-0.390,-10.087,-0.421,-7.687,-9.512,-6.920,-0.760,-0.243,-0.008,0.074,0.009,1.146,-0.001,-0.000,-20.138,-0.005,-14.908,-18.848,-13.043
5.589,3.979,-0.001,0.960,-0.002,-0.000,0.279,-0.513,-0.390,-10.289,-0.421,-7.837,-9.701,-7.050,-0.759,-0.252,-0.008,0.075,-0.002,1.148,-0.000,-0.001,-20.192,-0.003,-14.993,-18.889,-13.105
5.581,3.976,-0.001,0.959,-0.002,-0.000,0.285,-0.513,-0.390,-10.491,-0.421,-7.987,-9.890,-7.182,-0.758,-0.262,-0.006,0.076,-0.016,1.149,-0.000,-0.001,-20.233,-0.002,-15.075,-18.930,-13.172
5.573,3.974,-0.001,0.957,-0.002,-0.000,0.290,-0.513,-0.390,-10.694,-0.421,-8.138,-10.079,-7.314,-0.757,-0.271,-0.004,0.079,-0.030,1.151,-0.000,-0.003,-20.264,-0.000,-15.153,-18.973,-13.243
5.566,3.971,-0.001,0.955,-0.001,-0.000,0.296,-0.513,-0.390,-10.896,-0.421,-8.290,-10.269,-7.447,-0.755,-0.281,-0.002,0.085,-0.041,1.154,0.000,-0.004,-20.284,0.001,-15.226,-19.018,-13.316
5.558,3.968,-0.001,0.954,-0.001,-0.000,0.301,-0.513,-0.390,-11.099,-0.421,-8.443,-10.460,-7.580,-0.754,-0.290,0.001,0.092,-0.049,1.158,0.000,-0.005,-20.296,0.002,-15.295,-19.064,-13.390
5.551,3.965,-0.001,0.952,-0.000,-0.001,0.307,-0.513,-0.390,-11.302,-0.421,-8.596,-10.651,-7.714,-0.753,-0.299,0.004,0.102,-0.052,1.163,0.000,-0.006,-20.298,0.003,-15.361,-19.110,-13.467
5.543,3.962,-0.001,0.950,0.000,-0.001,0.312,-0.513,-0.390,-11.505,-0.421,-8.750,-10.842,-7.849,-0.752,-0.309,0.006,0.111,-0.049,1.168,0.000,-0.007,-20.292,0.004,-15.426,-19.153,-13.546
5.536,3.959,-0.001,0.948,0.001,-0.001,0.318,-0.513,-0.390,-11.708,-0.421,-8.905,-11.034,-7.985,-0.752,-0.319,0.008,0.118,-0.040,1.173,0.000,-0.006,-20.279,0.004,-15.492,-19.189,-13.629
5.528,3.956,-0.001,0.946,0.002,-0.001,0.323,-0.513,-0.390,-11.911,-0.421,-9.060,-11.226,-8.122,-0.751,-0.329,0.009,0.122,-0.026,1.177,0.001,-0.004,-20.261,0.004,-15.559,-19.216,-13.717
5.521,3.952,-0.001,0.944,0.002,-0.001,0.329,-0.513,-0.390,-12.113,-0.421,-9.216,-11.418,-8.260,-0.750,-0.340,0.010,0.120,-0.009,1.178,0.001,-0.002,-20.239,0.004,-15.628,-19.232,-13.810
5.513,3.949,-0.000,0.942,0.003,-0.000,0.334,-0.513,-0.390,-12.316,-0.421,-9.372,-11.610,-8.398,-0.749,-0.351,0.009,0.111,0.009,1.177,0.001,0.001,-20.215,0.003,-15.698,-19.235,-13.907
5.506,3.945,-0.000,0.940,0.003,-0.000,0.340,-0.513,-0.390,-12.518,-0.421,-9.530,-11.803,-8.538,-0.748,-0.363,0.008,0.095,0.026,1.174,0.001,0.004,-20.193,0.002,-15.769,-19.228,-14.006
5.498,3.942,-0.000,0.938,0.004,0.000,0.345,-0.513,-0.390,-12.719,-0.421,-9.688,-11.995,-8.678,-0.746,-0.375,0.006,0.073,0.039,1.167,0.001,0.007,-20.182,0.002,-15.835,-19.210,-14.102
5.491,3.938,-0.000,0.936,0.004,0.000,0.351,-0.513,-0.390,-12.921,-0.421,-9.846,-12.187,-8.820,-0.743,-0.387,0.003,0.045,0.049,1.155,0.002,0.010,-20.187,0.001,-15.893,-19.186,-14.201
5.483,3.934,-0.000,0.934,0.004,0.001,0.356,-0.513,-0.390,-13.123,-0.421,-10.006,-12.379,-8.962,-0.739,-0.400,-0.000,0.012,0.057,1.140,0.002,0.011,-20.200,0.001,-15.945,-19.165,-14.303
5.476,3.930,-0.000,0.932,0.004,0.001,0.362,-0.513,-0.390,-13.325,-0.421,-10.165,-12.570,-9.106,-0.735,-0.413,-0.005,-0.023,0.062,1.124,0.001,0.011,-20.220,0.001,-15.988,-19.154,-14.398
5.469,3.926,-0.000,0.930,0.003,0.001,0.367,-0.513,-0.390,-13.528,-0.421,-10.325,-12.762,-9.250,-0.730,-0.424,-0.008,-0.057,0.058,1.113,0.001,0.010,-20.254,0.001,-16.023,-19.156,-14.469
5.461,3.921,-0.000,0.928,0.003,0.001,0.372,-0.513,-0.390,-13.730,-0.421,-10.486,-12.953,-9.395,-0.726,-0.434,-0.010,-0.087,0.046,1.107,0.001,0.008,-20.306,0.001,-16.049,-19.174,-14.505
5.454,3.917,-0.000,0.926,0.002,0.001,0.377,-0.513,-0.390,-13.934,-0.421,-10.646,-13.145,-9.540,-0.721,-0.442,-0.011,-0.108,0.026,1.104,0.001,0.006,-20.369,0.002,-16.061,-19.209,-14.517
5.447,3.912,-0.001,0.924,0.002,0.001,0.382,-0.513,-0.389,-14.138,-0.421,-10.807,-13.338,-9.685,-0.716,-0.450,-0.011,-0.120,0.002,1.103,0.001,0.004,-20.440,0.003,-16.056,-19.258,-14.513
5.440,3.908,-0.001,0.922,0.001,0.001,0.387,-0.513,-0.389,-14.343,-0.421,-10.967,-13.530,-9.831,-0.710,-0.457,-0.009,-0.122,-0.024,1.104,0.001,0.002,-20.513,0.004,-16.035,-19.320,-14.500
5.433,3.903,-0.001,0.920,0.001,0.000,0.392,-0.513,-0.389,-14.548,-0.421,-11.128,-13.724,-9.975,-0.705,-0.464,-0.006,-0.117,-0.047,1.105,0.001,-0.000,-20.583,0.005,-16.001,-19.394,-14.484
5.426,3.899,-0.001,0.918,0.000,-0.000,0.397,-0.513,-0.389,-14.754,-0.421,-11.287,-13.918,-10.120,-0.700,-0.471,-0.003,-0.108,-0.066,1.106,0.001,-0.002,-20.646,0.006,-15.960,-19.477,-14.471
5.419,3.894,-0.001,0.915,0.000,-0.001,0.402,-0.513,-0.389,-14.961,-0.421,-11.447,-14.114,-10.265,-0.695,-0.479,0.000,-0.097,-0.075,1.108,0.001,-0.004,-20.699,0.007,-15.915,-19.566,-14.464
5.412,3.889,-0.001,0.913,-0.000,-0.001,0.408,-0.513,-0.390,-15.168,-0.421,-11.606,-14.310,-10.410,-0.690,-0.486,0.003,-0.086,-0.075,1.109,0.001,-0.005,-20.742,0.007,-15.869,-19.659,-14.468
5.405,3.884,-0.001,0.911,-0.000,-0.002,0.413,-0.411,-0.327,-15.375,-0.313,-11.765,-14.506,-10.554,-0.682,-0.494,0.002,-0.103,-0.051,1.101,17.696,11.212,-20.526,19.102,-15.950,-19.664,-14.428
5.398,3.879,-0.001,0.909,-0.001,-0.002,0.417,-0.235,-0.208,-15.578,-0.123,-11.924,-14.702,-10.700,-0.657,-0.531,0.011,-0.218,-0.041,0.909,13.837,10.151,-20.071,15.196,-15.947,-19.510,-14.776
5.392,3.874,-0.001,0.907,-0.002,-0.003,0.421,-0.196,-0.174,-15.776,-0.075,-12.083,-14.896,-10.849,-0.627,-0.572,0.026,-0.332,-0.053,0.671,-5.927,-3.633,-19.705,-5.776,-15.832,-19.241,-15.095
5.386,3.868,-0.000,0.906,-0.003,-0.004,0.424,-0.321,-0.263,-15.973,-0.214,-12.241,-15.088,-11.001,-0.619,-0.581,0.020,-0.179,-0.050,0.611,-15.752,-11.917,-19.613,-18.910,-15.643,-19.134,-15.343
5.379,3.862,-0.000,0.904,-0.004,-0.004,0.427,-0.437,-0.359,-16.169,-0.374,-12.396,-15.279,-11.155,-0.630,-0.564,0.005,0.077,-0.042,0.730,-6.007,-6.036,-19.669,-11.074,-15.525,-19.224,-15.232
5.373,3.856,-0.000,0.903,-0.003,-0.004,0.430,-0.431,-0.373,-16.367,-0.409,-12.552,-15.472,-11.305,-0.640,-0.542,-0.004,0.176,-0.014,0.892,6.562,2.954,-19.783,3.785,-15.520,-19.356,-14.836
5.367,3.851,-0.000,0.901,-0.002,-0.003,0.434,-0.335,-0.316,-16.565,-0.327,-12.707,-15.666,-11.452,-0.638,-0.543,-0.009,0.109,0.060,0.940,10.497,7.064,-19.807,10.217,-15.561,-19.423,-14.654
5.360,3.846,-0.000,0.899,-0.002,-0.003,0.439,-0.264,-0.262,-16.762,-0.255,-12.863,-15.860,-11.599,-0.624,-0.561,-0.008,0.013,0.090,0.869,2.667,2.743,-19.750,2.961,-15.532,-19.341,-14.796
5.354,3.840,-0.000,0.897,-0.002,-0.003,0.442,-0.290,-0.272,-16.959,-0.281,-13.017,-16.053,-11.748,-0.613,-0.574,-0.004,-0.009,0.080,0.812,-6.767,-4.106,-19.697,-7.414,-15.443,-19.251,-14.931
5.348,3.834,-0.000,0.895,-0.003,-0.002,0.446,-0.367,-0.324,-17.157,-0.373,-13.171,-16.246,-11.897,-0.613,-0.571,-0.001,0.028,0.064,0.859,-6.984,-5.075,-19.799,-9.117,-15.364,-19.251,-14.773
5.342,3.829,-0.000,0.893,-0.002,-0.002,0.450,-0.403,-0.356,-17.356,-0.431,-13.325,-16.438,-12.043,-0.618,-0.558,0.001,0.064,0.043,0.960,-0.037,-0.900,-19.978,-1.952,-15.362,-19.274,-14.390
5.336,3.823,-0.000,0.891,-0.002,-0.002,0.454,-0.371,-0.341,-17.556,-0.411,-13.479,-16.631,-12.185,-0.617,-0.552,0.004,0.069,0.021,1.024,5.509,3.410,-20.096,5.116,-15.390,-19.262,-14.088
5.330,3.817,-0.000,0.888,-0.002,-0.001,0.459,-0.316,-0.302,-17.757,-0.354,-13.633,-16.823,-12.325,-0.609,-0.560,0.007,0.055,0.003,1.015,4.505,3.533,-20.062,5.060,-15.388,-19.224,-14.044
5.323,3.812,-0.000,0.886,-0.002,-0.001,0.463,-0.298,-0.284,-17.957,-0.329,-13.787,-17.015,-12.466,-0.598,-0.576,0.008,0.063,0.002,0.968,-0.968,0.057,-19.897,-0.183,-15.401,-19.173,-14.180
5.318,3.806,-0.000,0.884,-0.001,-0.001,0.468,-0.328,-0.298,-18.155,-0.356,-13.941,-17.207,-12.609,-0.590,-0.587,0.006,0.100,0.013,0.945,-4.145,-2.512,-19.766,-4.415,-15.441,-19.135,-14.283
5.312,3.800,-0.000,0.882,-0.001,-0.001,0.472,-0.361,-0.320,-18.353,-0.395,-14.095,-17.398,-12.751,-0.588,-0.589,0.003,0.141,0.027,0.968,-1.906,-1.429,-19.766,-2.617,-15.487,-19.107,-14.244
5.306,3.794,-0.000,0.879,-0.000,-0.000,0.476,-0.363,-0.325,-18.551,-0.404,-14.250,-17.589,-12.893,-0.586,-0.590,0.001,0.158,0.038,0.999,1.273,0.533,-19.814,0.766,-15.517,-19.069,-14.165
5.300,3.788,-0.000,0.877,0.000,0.000,0.481,-0.342,-0.312,-18.749,-0.385,-14.406,-17.779,-13.035,-0.580,-0.596,-0.001,0.151,0.046,1.003,2.460,1.701,-19.812,2.473,-15.554,-19.006,-14.166
5.294,3.782,-0.000,0.875,0.001,0.001,0.485,-0.324,-0.298,-18.947,-0.365,-14.562,-17.969,-13.177,-0.571,-0.605,-0.003,0.127,0.050,0.982,0.923,0.913,-19.725,1.129,-15.623,-18.917,-14.258
5.289,3.776,-0.000,0.872,0.001,0.001,0.489,-0.326,-0.296,-19.143,-0.366,-14.718,-18.158,-13.320,-0.563,-0.614,-0.004,0.098,0.046,0.960,-1.164,-0.530,-19.626,-1.160,-15.710,-18.817,-14.356
5.283,3.770,-0.000,0.870,0.001,0.002,0.493,-0.342,-0.305,-19.339,-0.383,-14.876,-18.345,-13.464,-0.556,-0.619,-0.005,0.068,0.039,0.959,-1.460,-0.936,-19.596,-1.704,-15.761,-18.731,-14.389
5.277,3.764,-0.000,0.867,0.002,0.002,0.498,-0.349,-0.311,-19.535,-0.393,-15.033,-18.532,-13.608,-0.551,-0.622,-0.006,0.038,0.032,0.971,-0.145,-0.234,-19.631,-0.379,-15.758,-18.666,-14.370
5.272,3.758,-0.000,0.865,0.002,0.002,0.502,-0.346,-0.310,-19.732,-0.392,-15.191,-18.719,-13.751,-0.545,-0.625,-0.008,0.008,0.027,0.978,0.736,0.425,-19.670,0.625,-15.743,-18.613,-14.354
5.266,3.751,-0.000,0.863,0.002,0.002,0.506,-0.338,-0.305,-19.929,-0.384,-15.348,-18.905,-13.895,-0.538,-0.630,-0.009,-0.020,0.019,0.974,0.653,0.486,-19.686,0.677,-15.736,-18.565,-14.363
5.261,3.745,-0.001,0.860,0.001,0.002,0.510,-0.334,-0.301,-20.126,-0.380,-15.506,-19.090,-14.039,-0.530,-0.635,-0.011,-0.042,0.010,0.964,0.092,0.162,-19.687,0.194,-15.737,-18.527,-14.385
5.256,3.739,-0.001,0.858,0.001,0.002,0.514,-0.335,-0.301,-20.323,-0.380,-15.663,-19.275,-14.183,-0.522,-0.639,-0.012,-0.058,-0.001,0.957,-0.254,-0.091,-19.694,-0.191,-15.729,-18.506,-14.397
5.251,3.732,-0.001,0.855,0.001,0.002,0.518,-0.338,-0.302,-20.520,-0.381,-15.820,-19.460,-14.327,-0.514,-0.642,-0.012,-0.067,-0.013,0.952,-0.147,-0.054,-19.708,-0.078,-15.705,-18.504,-14.397
5.246,3.726,-0.001,0.853,0.001,0.002,0.522,-0.339,-0.302,-20.717,-0.382,-15.977,-19.645,-14.471,-0.507,-0.646,-0.011,-0.071,-0.025,0.950,-0.054,-0.022,-19.723,-0.020,-15.675,-18.519,-14.387
5.241,3.719,-0.001,0.850,0.000,0.001,0.526,-0.339,-0.302,-20.914,-0.382,-16.134,-19.831,-14.614,-0.500,-0.649,-0.010,-0.071,-0.034,0.948,-0.004,-0.007,-19.733,0.006,-15.642,-18.547,-14.375
5.236,3.713,-0.001,0.848,0.000,0.001,0.531,-0.339,-0.302,-21.111,-0.382,-16.290,-20.016,-14.758,-0.492,-0.652,-0.009,-0.068,-0.041,0.946,0.016,-0.001,-19.736,0.015,-15.609,-18.584,-14.362
5.231,3.706,-0.001,0.845,0.000,0.001,0.535,-0.339,-0.302,-21.309,-0.382,-16.446,-20.202,-14.902,-0.485,-0.655,-0.007,-0.062,-0.044,0.944,0.018,0.001,-19.733,0.015,-15.576,-18.627,-14.351
5.226,3.700,-0.001,0.843,-0.000,0.000,0.538,-0.338,-0.302,-21.506,-0.381,-16.601,-20.389,-15.045,-0.479,-0.659,-0.005,-0.056,-0.044,0.943,0.013,0.002,-19.725,0.013,-15.543,-18.672,-14.340
5.221,3.693,-0.001,0.840,-0.000,0.000,0.542,-0.338,-0.302,-21.703,-0.381,-16.757,-20.576,-15.188,-0.472,-0.662,-0.003,-0.049,-0.041,0.941,0.007,0.003,-19.715,0.011,-15.511,-18.715,-14.332
5.216,3.686,-0.001,0.838,-0.000,-0.000,0.546,-0.338,-0.302,-21.900,-0.381,-16.912,-20.763,-15.332,-0.465,-0.666,-0.001,-0.044,-0.037,0.940,0.004,0.003,-19.704,0.009,-15.480,-18.754,-14.324
5.212,3.680,-0.001,0.835,-0.000,-0.000,0.550,-0.338,-0.302,-22.097,-0.381,-17.066,-20.951,-15.475,-0.459,-0.670,0.001,-0.039,-0.033,0.940,0.002,0.004,-19.695,0.008,-15.448,-18.786,-14.318
5.207,3.673,-0.001,0.832,-0.000,-0.001,0.554,-0.338,-0.302,-22.294,-0.381,-17.221,-21.139,-15.618,-0.452,-0.674,0.003,-0.036,-0.030,0.939,0.001,0.004,-19.688,0.006,-15.415,-18.812,-14.312
5.203,3.666,-0.001,0.830,-0.000,-0.001,0.558,-0.338,-0.302,-22.491,-0.381,-17.375,-21.327,-15.761,-0.446,-0.678,0.004,-0.033,-0.028,0.939,0.001,0.004,-19.683,0.006,-15.379,-18.831,-14.306
5.198,3.659,-0.001,0.827,-0.001,-0.001,0.562,-0.338,-0.302,-22.688,-0.381,-17.528,-21.515,-15.904,-0.440,-0.682,0.005,-0.031,-0.030,0.940,0.001,0.005,-19.679,0.005,-15.342,-18.845,-14.301
5.194,3.653,-0.001,0.824,-0.001,-0.001,0.566,-0.338,-0.302,-22.885,-0.381,-17.681,-21.704,-16.047,-0.433,-0.686,0.006,-0.028,-0.034,0.940,0.001,0.005,-19.673,0.004,-15.302,-18.856,-14.298
5.190,3.646,-0.001,0.822,-0.001,-0.002,0.570,-0.338,-0.302,-23.081,-0.381,-17.834,-21.893,-16.190,-0.427,-0.691,0.007,-0.023,-0.040,0.941,0.001,0.004,-19.664,0.004,-15.261,-18.867,-14.295
5.185,3.639,-0.001,0.819,-0.001,-0.002,0.574,-0.338,-0.302,-23.278,-0.381,-17.987,-22.081,-16.333,-0.421,-0.695,0.008,-0.017,-0.046,0.941,0.001,0.004,-19.650,0.003,-15.221,-18.880,-14.296
5.181,3.632,-0.001,0.816,-0.000,-0.002,0.577,-0.338,-0.302,-23.474,-0.381,-18.139,-22.270,-16.476,-0.415,-0.699,0.009,-0.008,-0.053,0.942,0.001,0.004,-19.629,0.002,-15.183,-18.897,-14.301
5.177,3.625,-0.001,0.814,-0.000,-0.002,0.581,-0.338,-0.302,-23.670,-0.381,-18.290,-22.459,-16.619,-0.409,-0.704,0.010,0.003,-0.056,0.943,0.000,0.003,-19.600,0.002,-15.150,-18.919,-14.310
5.173,3.618,-0.001,0.811,-0.000,-0.002,0.585,-0.338,-0.302,-23.866,-0.381,-18.442,-22.649,-16.762,-0.402,-0.709,0.011,0.015,-0.055,0.944,0.000,0.002,-19.564,0.001,-15.123,-18.943,-14.324
5.169,3.611,-0.001,0.808,0.000,-0.003,0.589,-0.338,-0.302,-24.062,-0.381,-18.593,-22.838,-16.906,-0.396,-0.714,0.011,0.027,-0.048,0.946,-0.000,0.002,-19.522,0.000,-15.106,-18.968,-14.341
5.165,3.603,-0.000,0.805,0.000,-0.003,0.593,-0.338,-0.302,-24.257,-0.381,-18.744,-23.028,-17.049,-0.390,-0.719,0.011,0.038,-0.035,0.947,-0.000,0.001,-19.479,-0.000,-15.099,-18.990,-14.360
5.161,3.596,-0.000,0.803,0.001,-0.003,0.597,-0.338,-0.302,-24.451,-0.381,-18.895,-23.218,-17.193,-0.384,-0.724,0.011,0.048,-0.015,0.948,-0.001,0.001,-19.438,-0.001,-15.103,-19.006,-14.379
5.158,3.589,-0.000,0.800,0.001,-0.002,0.600,-0.338,-0.302,-24.645,-0.381,-19.046,-23.408,-17.337,-0.378,-0.729,0.011,0.055,0.009,0.949,-0.001,0.000,-19.403,-0.002,-15.120,-19.012,-14.396
5.154,3.582,-0.000,0.797,0.001,-0.002,0.604,-0.338,-0.302,-24.839,-0.381,-19.197,-23.598,-17.481,-0.372,-0.735,0.009,0.059,0.037,0.950,-0.001,0.000,-19.379,-0.002,-15.150,-19.004,-14.408
5.150,3.574,-0.000,0.794,0.001,-0.002,0.608,-0.338,-0.302,-25.033,-0.381,-19.349,-23.788,-17.625,-0.366,-0.740,0.008,0.059,0.066,0.951,-0.001,0.000,-19.368,-0.002,-15.190,-18.981,-14.413
5.146,3.567,0.000,0.791,0.001,-0.001,0.612,-0.338,-0.302,-25.227,-0.381,-19.501,-23.978,-17.769,-0.359,-0.745,0.006,0.055,0.093,0.952,-0.001,0.000,-19.373,-0.002,-15.240,-18.941,-14.408
5.143,3.559,0.000,0.788,0.001,-0.001,0.616,-0.338,-0.302,-25.421,-0.381,-19.654,-24.167,-17.913,-0.352,-0.749,0.003,0.046,0.116,0.952,-0.001,0.000,-19.393,-0.002,-15.295,-18.885,-14.394
5.139,3.552,0.000,0.785,0.001,-0.000,0.619,-0.338,-0.302,-25.615,-0.381,-19.807,-24.355,-18.057,-0.345,-0.753,0.001,0.034,0.131,0.952,-0.000,0.000,-19.426,-0.002,-15.354,-18.816,-14.368
5.136,3.544,0.000,0.782,0.000,0.000,0.623,-0.338,-0.302,-25.809,-0.381,-19.961,-24.543,-18.200,-0.338,-0.757,-0.002,0.018,0.138,0.952,-0.000,0.000,-19.470,-0.002,-15.412,-18.738,-14.331
5.133,3.537,0.000,0.779,-0.000,0.001,0.627,-0.338,-0.302,-26.004,-0.381,-20.115,-24.730,-18.343,-0.331,-0.760,-0.004,0.000,0.134,0.951,-0.000,-0.000,-19.521,-0.002,-15.464,-18.656,-14.284
5.129,3.529,-0.000,0.776,-0.001,0.001,0.630,-0.338,-0.302,-26.200,-0.381,-20.270,-24.916,-18.486,-0.323,-0.762,-0.006,-0.017,0.122,0.950,-0.000,-0.000,-19.576,-0.001,-15.508,-18.576,-14.231
5.126,3.521,-0.000,0.773,-0.001,0.002,0.634,-0.338,-0.302,-26.396,-0.381,-20.425,-25.102,-18.628,-0.315,-0.764,-0.008,-0.031,0.102,0.949,-0.000,-0.000,-19.631,-0.001,-15.541,-18.503,-14.173
5.123,3.514,-0.000,0.770,-0.001,0.002,0.638,-0.338,-0.302,-26.592,-0.381,-20.581,-25.286,-18.769,-0.307,-0.765,-0.009,-0.042,0.075,0.948,-0.000,-0.001,-19.681,-0.001,-15.561,-18.444,-14.116
5.120,3.506,-0.000,0.767,-0.002,0.002,0.641,-0.338,-0.302,-26.789,-0.381,-20.736,-25.471,-18.910,-0.299,-0.766,-0.010,-0.049,0.044,0.946,-0.000,-0.001,-19.723,-0.000,-15.568,-18.400,-14.063
5.117,3.499,-0.000,0.764,-0.002,0.002,0.645,-0.338,-0.302,-26.987,-0.381,-20.892,-25.654,-19.051,-0.291,-0.767,-0.011,-0.052,0.013,0.945,0.000,-0.001,-19.754,-0.000,-15.563,-18.375,-14.017
5.114,3.491,-0.000,0.761,-0.002,0.002,0.649,-0.338,-0.302,-27.184,-0.381,-21.048,-25.838,-19.191,-0.283,-0.768,-0.011,-0.051,-0.018,0.944,0.000,-0.001,-19.772,0.000,-15.548,-18.369,-13.982
5.111,3.483,-0.001,0.758,-0.002,0.002,0.652,-0.338,-0.302,-27.382,-0.381,-21.203,-26.022,-19.330,-0.275,-0.768,-0.011,-0.046,-0.044,0.943,0.000,-0.001,-19.778,0.000,-15.525,-18.382,-13.960
5.109,3.475,-0.001,0.755,-0.002,0.001,0.656,-0.338,-0.302,-27.580,-0.381,-21.358,-26.206,-19.470,-0.267,-0.769,-0.010,-0.038,-0.064,0.942,0.000,-0.001,-19.773,0.001,-15.498,-18.410,-13.951
5.106,3.468,-0.001,0.752,-0.002,0.001,0.659,-0.338,-0.302,-27.777,-0.381,-21.513,-26.390,-19.609,-0.259,-0.770,-0.010,-0.029,-0.077,0.941,0.000,-0.000,-19.760,0.001,-15.468,-18.452,-13.956
5.104,3.460,-0.001,0.749,-0.002,0.001,0.663,-0.338,-0.302,-27.975,-0.381,-21.668,-26.575,-19.749,-0.252,-0.771,-0.009,-0.018,-0.081,0.940,0.000,0.000,-19.742,0.001,-15.440,-18.502,-13.973
5.101,3.452,-0.001,0.746,-0.002,0.000,0.666,-0.338,-0.302,-28.172,-0.381,-21.822,-26.760,-19.889,-0.244,-0.773,-0.008,-0.007,-0.079,0.939,0.000,0.001,-19.722,0.001,-15.415,-18.555,-13.999
5.099,3.445,-0.001,0.742,-0.001,-0.000,0.670,-0.338,-0.302,-28.369,-0.381,-21.976,-26.946,-20.029,-0.237,-0.774,-0.007,0.004,-0.071,0.938,0.001,0.002,-19.703,0.001,-15.395,-18.606,-14.032
5.096,3.437,-0.001,0.739,-0.001,-0.000,0.673,-0.338,-0.302,-28.566,-0.381,-22.130,-27.132,-20.170,-0.230,-0.776,-0.006,0.013,-0.060,0.938,0.001,0.002,-19.686,0.001,-15.380,-18.651,-14.069
5.094,3.429,-0.001,0.736,-0.001,-0.000,0.677,-0.338,-0.302,-28.763,-0.381,-22.283,-27.319,-20.311,-0.222,-0.778,-0.005,0.021,-0.048,0.937,0.001,0.003,-19.671,0.001,-15.370,-18.687,-14.106
5.092,3.421,-0.001,0.733,-0.001,-0.000,0.680,-0.338,-0.302,-28.960,-0.381,-22.437,-27.506,-20.452,-0.215,-0.779,-0.004,0.027,-0.037,0.937,0.001,0.003,-19.657,0.001,-15.366,-18.714,-14.141
5.090,3.414,-0.001,0.730,-0.001,-0.000,0.684,-0.338,-0.302,-29.156,-0.381,-22.591,-27.693,-20.593,-0.208,-0.781,-0.002,0.031,-0.029,0.936,0.001,0.004,-19.643,0.001,-15.364,-18.730,-14.173
5.088,3.406,-0.001,0.727,-0.000,-0.000,0.687,-0.338,-0.302,-29.353,-0.381,-22.744,-27.881,-20.735,-0.200,-0.783,-0.000,0.034,-0.025,0.936,0.001,0.004,-19.626,0.001,-15.365,-18.739,-14.200
5.086,3.398,-0.001,0.723,-0.000,-0.000,0.690,-0.338,-0.302,-29.549,-0.381,-22.898,-28.068,-20.877,-0.193,-0.785,0.002,0.036,-0.026,0.936,0.001,0.004,-19.604,0.001,-15.365,-18.742,-14.222
5.084,3.390,-0.001,0.720,0.000,-0.000,0.694,-0.338,-0.302,-29.745,-0.381,-23.052,-28.255,-21.020,-0.186,-0.787,0.004,0.036,-0.031,0.937,0.001,0.003,-19.575,0.001,-15.363,-18.744,-14.241
5.082,3.382,-0.001,0.717,0.000,-0.000,0.697,-0.338,-0.302,-29.940,-0.381,-23.205,-28.443,-21.162,-0.179,-0.788,0.006,0.035,-0.039,0.937,0.001,0.003,-19.537,0.001,-15.358,-18.746,-14.257
5.080,3.374,-0.001,0.714,0.001,-0.000,0.701,-0.338,-0.302,-30.135,-0.381,-23.359,-28.630,-21.305,-0.171,-0.790,0.008,0.033,-0.048,0.938,0.000,0.002,-19.491,0.001,-15.350,-18.751,-14.272
5.079,3.366,-0.001,0.710,0.001,-0.001,0.704,-0.338,-0.302,-30.330,-0.381,-23.512,-28.818,-21.448,-0.164,-0.793,0.010,0.030,-0.056,0.939,0.000,0.002,-19.438,0.001,-15.336,-18.760,-14.289
5.077,3.358,-0.001,0.707,0.001,-0.001,0.707,-0.338,-0.302,-30.524,-0.381,-23.666,-29.006,-21.591,-0.157,-0.795,0.011,0.027,-0.060,0.941,0.000,0.001,-19.383,0.002,-15.319,-18.774,-14.308
5.075,3.350,-0.001,0.704,0.002,-0.001,0.711,-0.338,-0.302,-30.718,-0.381,-23.819,-29.193,-21.734,-0.150,-0.798,0.012,0.023,-0.060,0.942,0.000,0.001,-19.328,0.001,-15.299,-18.791,-14.330
5.074,3.342,-0.001,0.700,0.002,-0.001,0.714,-0.338,-0.302,-30.911,-0.381,-23.972,-29.381,-21.877,-0.143,-0.800,0.012,0.019,-0.055,0.943,0.000,0.001,-19.278,0.001,-15.277,-18.809,-14.355
5.073,3.334,-0.001,0.697,0.002,-0.001,0.717,-0.338,-0.302,-31.103,-0.381,-24.124,-29.570,-22.021,-0.135,-0.803,0.012,0.016,-0.043,0.945,0.000,0.000,-19.238,0.001,-15.255,-18.825,-14.382
5.071,3.326,-0.000,0.694,0.002,-0.001,0.720,-0.338,-0.302,-31.295,-0.381,-24.277,-29.758,-22.165,-0.128,-0.806,0.011,0.012,-0.027,0.946,-0.000,0.000,-19.211,0.000,-15.234,-18.835,-14.409
5.070,3.318,-0.000,0.690,0.002,-0.001,0.724,-0.338,-0.302,-31.488,-0.381,-24.429,-29.946,-22.309,-0.121,-0.809,0.010,0.008,-0.006,0.946,-0.000,-0.000,-19.198,-0.000,-15.216,-18.835,-14.435
5.069,3.310,-0.000,0.687,0.002,-0.001,0.727,-0.338,-0.302,-31.679,-0.381,-24.581,-30.135,-22.453,-0.113,-0.812,0.008,0.004,0.016,0.947,-0.001,-0.001,-19.199,-0.001,-15.201,-18.823,-14.456
5.068,3.302,-0.000,0.683,0.002,-0.001,0.730,-0.338,-0.302,-31.872,-0.381,-24.733,-30.323,-22.598,-0.105,-0.814,0.006,-0.000,0.039,0.947,-0.001,-0.001,-19.215,-0.001,-15.192,-18.798,-14.471
5.067,3.294,-0.000,0.680,0.002,-0.001,0.733,-0.338,-0.302,-32.064,-0.381,-24.885,-30.510,-22.743,-0.098,-0.816,0.003,-0.006,0.060,0.947,-0.001,-0.002,-19.243,-0.001,-15.187,-18.760,-14.478
5.066,3.286,-0.000,0.676,0.002,-0.001,0.737,-0.338,-0.302,-32.256,-0.381,-25.037,-30.698,-22.888,-0.090,-0.817,0.001,-0.011,0.077,0.946,-0.001,-0.002,-19.281,-0.002,-15.189,-18.713,-14.477
5.065,3.278,-0.000,0.673,0.001,-0.000,0.740,-0.338,-0.302,-32.449,-0.381,-25.189,-30.885,-23.032,-0.082,-0.818,-0.002,-0.017,0.088,0.945,-0.001,-0.003,-19.327,-0.002,-15.196,-18.661,-14.467
5.064,3.269,-0.000,0.669,0.001,-0.000,0.743,-0.338,-0.302,-32.643,-0.381,-25.341,-31.071,-23.177,-0.074,-0.819,-0.004,-0.023,0.093,0.943,-0.001,-0.003,-19.378,-0.002,-15.209,-18.608,-14.448
5.063,3.261,-0.000,0.666,0.001,-0.000,0.746,-0.338,-0.302,-32.837,-0.381,-25.493,-31.257,-23.321,-0.066,-0.819,-0.006,-0.029,0.092,0.942,-0.001,-0.003,-19.433,-0.002,-15.226,-18.558,-14.422
5.063,3.253,-0.000,0.662,0.000,0.000,0.749,-0.338,-0.302,-33.032,-0.381,-25.645,-31.442,-23.465,-0.058,-0.819,-0.008,-0.035,0.085,0.940,-0.001,-0.003,-19.489,-0.002,-15.246,-18.516,-14.387
5.062,3.245,-0.000,0.659,-0.000,0.000,0.752,-0.338,-0.302,-33.227,-0.381,-25.798,-31.627,-23.609,-0.050,-0.818,-0.009,-0.039,0.074,0.939,-0.001,-0.002,-19.543,-0.002,-15.265,-18.484,-14.344
5.062,3.237,-0.000,0.655,-0.001,0.000,0.755,-0.338,-0.302,-33.423,-0.381,-25.951,-31.812,-23.752,-0.043,-0.818,-0.009,-0.042,0.059,0.938,-0.001,-0.002,-19.591,-0.002,-15.284,-18.463,-14.293
5.061,3.228,-0.001,0.652,-0.001,0.000,0.759,-0.338,-0.302,-33.619,-0.381,-26.103,-31.997,-23.895,-0.035,-0.817,-0.008,-0.044,0.044,0.938,-0.001,-0.002,-19.629,-0.002,-15.301,-18.454,-14.237
5.061,3.220,-0.001,0.648,-0.001,0.000,0.762,-0.338,-0.302,-33.815,-0.381,-26.257,-32.181,-24.037,-0.027,-0.815,-0.007,-0.049,0.031,0.937,-0.001,-0.001,-19.655,-0.002,-15.314,-18.456,-14.179
5.061,3.212,-0.001,0.645,-0.002,0.000,0.765,-0.338,-0.302,-34.012,-0.381,-26.410,-32.366,-24.178,-0.020,-0.814,-0.006,-0.054,0.021,0.936,-0.000,-0.001,-19.670,-0.002,-15.324,-18.467,-14.123
5.061,3.204,-0.001,0.641,-0.002,0.000,0.768,-0.338,-0.302,-34.208,-0.381,-26.563,-32.550,-24.319,-0.012,-0.813,-0.005,-0.058,0.014,0.935,-0.000,-0.001,-19.677,-0.001,-15.330,-18.486,-14.069
5.061,3.196,-0.001,0.637,-0.002,-0.000,0.771,-0.338,-0.302,-34.405,-0.381,-26.716,-32.735,-24.460,-0.004,-0.812,-0.004,-0.058,0.008,0.934,-0.000,-0.001,-19.679,-0.001,-15.332,-18.509,-14.018
5.061,3.188,-0.001,0.634,-0.002,-0.000,0.774,-0.338,-0.302,-34.602,-0.381,-26.870,-32.921,-24.600,0.003,-0.811,-0.004,-0.056,0.004,0.934,0.000,0.000,-19.681,-0.001,-15.331,-18.535,-13.972
5.061,3.180,-0.001,0.630,-0.002,-0.001,0.777,-0.338,-0.302,-34.799,-0.381,-27.023,-33.106,-24.739,0.011,-0.810,-0.003,-0.050,0.001,0.933,0.000,0.001,-19.684,-0.000,-15.328,-18.561,-13.931
