363, 119, 3
363, 82, 5
362, 340, 5
362, 330, 5
362, 108, 5
362, 97, 3
362, 29, 3
359, 327, 3
359, 68, 3
359, 14, 5
359, 13, 5
358, 301, 3
358, 107, 5
357, 288, 3
356, 268, 3
356, 130, 3
355, 341, 3
355, 148, 5
355, 231, 3
355, 236, 5
354, 275, 5
354, 57, 3
354, 248, 3
353, 340, 3
353, 148, 5
353, 168, 3
353, 205, 5
352, 342, 3
351, 330, 3
351, 233, 5
350, 53, 3
349, 91, 3
349, 23, 3
347, 338, 5
347, 59, 3
347, 154, 3
346, 332, 5
346, 257, 3
346, 218, 3
346, 231, 5
345, 73, 3
345, 25, 5
345, 47, 5
345, 174, 3
343, 289, 3
343, 108, 5
343, 19, 3
343, 138, 5
342, 201, 3
342, 352, 3
148, 341, 3
341, 28, 5
341, 148, 3
341, 241, 5
341, 355, 3
340, 289, 5
340, 353, 3
339, 296, 3
339, 274, 5
339, 265, 3
338, 115, 3
338, 154, 3
338, 160, 5
337, 31, 5
337, 136, 3
337, 145, 3
336, 326, 5
336, 44, 5
336, 207, 3
336, 214, 3
333, 120, 3
333, 209, 3
332, 287, 5
332, 37, 5
332, 182, 3
332, 218, 3
330, 96, 3
330, 351, 3
330, 362, 5
53, 329, 3
53, 350, 3
329, 50, 3
329, 53, 3
329, 350, 5
328, 32, 3
328, 55, 3
13, 327, 3
327, 80, 5
327, 13, 3
327, 359, 3
326, 324, 3
326, 316, 3
326, 269, 5
326, 336, 5
324, 316, 5
324, 76, 5
324, 74, 5
324, 37, 3
324, 326, 3
324, 336, 5
323, 289, 3
323, 72, 5
323, 65, 5
323, 151, 3
323, 343, 5
321, 17, 3
319, 99, 3
319, 26, 5
317, 314, 3
316, 313, 5
316, 326, 3
180, 77, 3
180, 283, 3
179, 110, 3
179, 312, 3
173, 42, 3
170, 137, 5
170, 54, 5
170, 123, 3
170, 284, 5
42, 173, 3
42, 194, 3
169, 74, 3
39, 168, 5
39, 278, 3
39, 281, 3
39, 351, 5
296, 265, 5
296, 243, 3
296, 339, 3
167, 111, 3
167, 273, 3
167, 335, 5
19, 155, 5
19, 343, 3
276, 229, 3
154, 115, 5
154, 338, 3
154, 347, 3
112, 152, 3
112, 178, 3
151, 8, 5
151, 153, 5
151, 289, 5
151, 323, 3
59, 149, 3
59, 154, 5
59, 347, 3
149, 59, 3
149, 297, 3
149, 347, 5
70, 147, 3
70, 259, 3
31, 145, 3
31, 290, 5
31, 298, 3
288, 282, 3
288, 32, 5
288, 162, 5
288, 357, 3
136, 145, 5
136, 274, 3
136, 337, 3
121, 143, 3
143, 121, 3
7, 141, 3
7, 243, 3
7, 296, 5
264, 117, 5
264, 200, 3
264, 315, 3
61, 140, 5
61, 215, 3
61, 220, 3
140, 15, 5
140, 215, 3
140, 293, 3
8, 151, 5
8, 217, 3
265, 136, 5
265, 274, 3
265, 339, 3
135, 4, 3
87, 133, 3
87, 181, 3
87, 294, 5
23, 132, 3
23, 248, 5
23, 349, 3
280, 103, 3
280, 37, 5
4, 135, 3
261, 114, 5
261, 95, 5
261, 76, 3
261, 199, 3
261, 213, 5
131, 3, 3
131, 285, 5
128, 97, 5
128, 252, 3
76, 125, 5
76, 199, 5
76, 261, 3
76, 291, 3
76, 324, 5
125, 2, 3
125, 191, 5
124, 116, 3
124, 129, 5
124, 172, 3
124, 330, 5
123, 96, 5
123, 129, 5
123, 170, 3
123, 257, 5
123, 284, 3
120, 37, 5
120, 181, 3
120, 333, 3
119, 82, 3
119, 51, 5
119, 363, 3
67, 118, 3
110, 118, 3
110, 179, 3
118, 110, 3
118, 67, 3
116, 45, 5
116, 124, 3
116, 172, 5
116, 284, 5
115, 85, 5
115, 160, 3
115, 338, 3
69, 114, 5
69, 165, 3
69, 191, 3
114, 69, 5
114, 235, 3
113, 109, 3
113, 194, 5
142, 98, 3
142, 282, 5
142, 283, 5
15, 112, 5
15, 178, 3
15, 293, 3
272, 64, 3
272, 153, 5
272, 289, 5
93, 111, 3
93, 167, 5
111, 93, 3
111, 167, 3
111, 273, 5
109, 42, 5
109, 113, 3
109, 194, 3
155, 19, 5
155, 233, 5
155, 236, 3
28, 108, 3
28, 207, 3
28, 336, 5
28, 341, 5
285, 131, 5
285, 180, 5
285, 186, 5
285, 234, 5
285, 300, 3
165, 69, 4
165, 100, 5
38, 71, 3
295, 260, 3
295, 257, 5
295, 137, 3
295, 224, 5
97, 28, 5
97, 108, 3
97, 128, 5
97, 362, 3
71, 38, 3
68, 26, 3
68, 224, 5
68, 327, 5
68, 359, 3
66, 18, 3
66, 73, 5
66, 206, 3
66, 233, 5
153, 35, 3
153, 64, 3
153, 96, 5
153, 308, 5
26, 65, 3
26, 68, 3
26, 319, 5
26, 359, 5
283, 180, 4
283, 225, 3
283, 249, 5
85, 79, 3
85, 160, 3
85, 267, 5
65, 26, 3
65, 209, 3
65, 323, 5
133, 87, 4
133, 192, 5
133, 277, 3
6, 91, 3
6, 92, 3
263, 258, 5
263, 74, 5
263, 185, 5
263, 294, 3
147, 70, 3
147, 164, 3
20, 62, 5
20, 84, 3
20, 95, 3
20, 181, 5
20, 182, 5
20, 183, 5
277, 133, 4
277, 300, 5
79, 85, 3
79, 267, 3
57, 11, 5
57, 275, 3
57, 354, 3
314, 11, 3
314, 317, 3
56, 45, 5
56, 25, 3
56, 94, 5
313, 63, 3
313, 219, 3
313, 316, 5
64, 35, 5
64, 153, 3
64, 272, 3
132, 23, 3
132, 248, 3
132, 354, 5
5, 41, 3
262, 49, 3
262, 253, 5
35, 54, 5
35, 153, 3
35, 195, 5
35, 308, 3
94, 25, 3
94, 56, 5
152, 112, 3
25, 56, 3
25, 94, 3
25, 345, 5
282, 98, 3
282, 69, 5
282, 3, 5
282, 288, 3
282, 357, 5
84, 20, 3
84, 95, 5
84, 169, 5
84, 193, 5
181, 20, 5
181, 87, 3
181, 120, 3
54, 45, 3
54, 35, 5
54, 14, 3
54, 18, 5
54, 216, 5
54, 281, 5
29, 47, 3
29, 97, 5
29, 353, 5
29, 362, 3
286, 266, 3
286, 24, 3
286, 246, 5
172, 124, 3
45, 29, 5
45, 54, 3
45, 56, 5
45, 216, 3
50, 53, 5
50, 242, 3
50, 329, 3
21, 32, 3
278, 39, 3
278, 172, 5
278, 216, 5
278, 281, 5
80, 90, 3
80, 124, 5
80, 174, 3
80, 327, 5
80, 345, 5
145, 31, 3
145, 298, 5
145, 337, 3
18, 66, 3
18, 206, 5
275, 11, 3
275, 57, 3
275, 314, 5
77, 74, 3
77, 95, 5
77, 180, 3
174, 39, 5
174, 73, 5
174, 80, 3
174, 308, 5
174, 345, 3
47, 29, 3
47, 168, 5
47, 189, 3
47, 362, 5
304, 107, 5
304, 34, 4
160, 79, 5
160, 85, 3
160, 115, 3
33, 3, 5
33, 77, 5
33, 162, 5
33, 192, 3
33, 249, 5
290, 163, 3
290, 247, 5
290, 298, 3
92, 6, 4
92, 270, 3
32, 21, 3
32, 328, 3
289, 272, 5
289, 108, 5
289, 19, 5
289, 233, 5
289, 323, 3
289, 340, 5
289, 343, 3
91, 6, 3
91, 349, 3
3, 33, 5
3, 131, 3
3, 258, 3
260, 14, 5
260, 137, 5
260, 295, 3
62, 95, 3
62, 202, 3
62, 214, 5
30, 34, 3
287, 89, 3
287, 48, 5
287, 182, 3
287, 294, 5
89, 48, 3
89, 192, 5
89, 229, 5
89, 287, 3
168, 19, 5
168, 72, 5
168, 281, 3
168, 340, 5
168, 353, 3
41, 5, 3
298, 290, 3
298, 31, 3
298, 163, 5
100, 107, 3
100, 165, 5
129, 8, 5
129, 217, 3
129, 218, 5
129, 284, 3
129, 289, 5
2, 44, 5
2, 125, 3
259, 70, 3
161, 121, 5
161, 171, 3
34, 30, 3
34, 235, 5
34, 304, 3
291, 261, 5
291, 76, 3
291, 202, 5
171, 143, 5
171, 121, 3
44, 2, 5
44, 214, 3
44, 301, 3
44, 358, 5
301, 44, 3
301, 235, 5
301, 358, 3
103, 62, 5
103, 193, 5
103, 205, 3
103, 280, 3
141, 7, 3
141, 243, 5
14, 45, 5
14, 54, 3
14, 94, 5
14, 172, 5
14, 256, 3
14, 359, 5
271, 9, 3
73, 66, 5
73, 345, 3
164, 147, 3
164, 279, 3
37, 76, 5
37, 120, 5
37, 241, 5
37, 280, 5
37, 309, 3
37, 324, 3
37, 326, 5
37, 332, 5
294, 287, 5
294, 263, 3
294, 87, 5
96, 66, 5
96, 153, 5
96, 168, 5
96, 224, 3
96, 330, 3
96, 351, 5
74, 77, 3
74, 169, 3
74, 324, 5
82, 51, 3
82, 119, 3
82, 297, 5
178, 152, 5
178, 15, 3
178, 112, 3
51, 82, 3
51, 149, 5
51, 297, 3
308, 35, 3
308, 174, 5
308, 195, 3
48, 89, 3
48, 229, 3
48, 276, 5
48, 300, 5
305, 159, 3
305, 246, 5
305, 310, 3
107, 100, 3
107, 185, 5
107, 186, 3
107, 304, 5
107, 328, 5
107, 358, 5
90, 80, 3
90, 123, 5
90, 174, 5
95, 77, 5
95, 63, 5
95, 62, 3
95, 20, 3
95, 202, 5
95, 214, 5
95, 254, 5
95, 261, 5
98, 34, 5
98, 142, 3
98, 229, 5
98, 282, 3
98, 288, 5
99, 35, 5
99, 217, 5
99, 319, 3
102, 72, 3
102, 205, 5
102, 341, 5
72, 102, 3
72, 103, 5
72, 205, 3
72, 323, 5
105, 64, 5
105, 231, 3
105, 355, 5
108, 97, 3
108, 28, 3
108, 207, 5
108, 343, 5
182, 20, 5
182, 89, 5
182, 287, 3
182, 332, 3
183, 138, 5
183, 241, 3
183, 269, 3
184, 126, 3
184, 266, 3
126, 184, 3
126, 198, 3
185, 162, 3
185, 131, 5
185, 107, 5
185, 234, 5
162, 185, 3
162, 192, 5
162, 234, 3
186, 157, 5
186, 100, 5
186, 107, 3
186, 191, 5
186, 225, 5
186, 258, 5
186, 300, 3
186, 358, 5
157, 186, 5
157, 213, 3
187, 130, 3
187, 198, 3
130, 187, 3
130, 356, 3
188, 129, 5
188, 96, 5
188, 224, 3
189, 47, 3
189, 29, 5
189, 281, 5
190, 127, 3
190, 253, 3
127, 190, 3
49, 190, 5
49, 253, 3
49, 262, 3
191, 69, 3
191, 125, 5
191, 219, 3
192, 162, 5
192, 133, 5
192, 33, 3
192, 89, 5
192, 213, 5
192, 235, 5
192, 249, 3
193, 3, 5
193, 84, 5
193, 203, 3
193, 229, 5
193, 249, 5
193, 258, 3
194, 173, 5
194, 42, 3
194, 109, 3
198, 187, 3
198, 126, 3
199, 157, 5
199, 100, 5
199, 213, 3
199, 261, 3
200, 12, 3
200, 264, 3
200, 315, 5
12, 200, 3
12, 264, 5
269, 183, 3
269, 326, 5
201, 10, 3
201, 342, 3
10, 201, 3
10, 251, 3
267, 79, 3
202, 62, 3
202, 219, 5
203, 193, 3
203, 48, 5
203, 254, 3
203, 258, 5
203, 309, 5
205, 203, 5
205, 72, 3
205, 103, 3
205, 231, 5
205, 280, 5
205, 326, 5
206, 18, 5
206, 66, 3
206, 216, 5
206, 233, 3
207, 28, 3
207, 214, 5
207, 336, 3
209, 65, 3
209, 231, 5
209, 333, 3
210, 171, 5
210, 161, 3
213, 199, 3
213, 157, 3
213, 249, 5
214, 44, 3
214, 62, 5
214, 301, 5
214, 336, 3
215, 140, 3
215, 61, 3
215, 293, 5
216, 206, 5
216, 45, 3
217, 129, 3
217, 8, 3
217, 99, 5
217, 332, 5
217, 355, 5
218, 182, 5
218, 332, 3
218, 346, 3
219, 202, 5
219, 191, 3
219, 313, 3
220, 215, 5
220, 55, 3
220, 61, 3
55, 220, 3
55, 328, 3
312, 179, 3
224, 188, 3
224, 25, 5
224, 68, 5
224, 96, 3
224, 330, 5
225, 186, 5
225, 283, 4
227, 138, 3
138, 227, 3
138, 241, 3
138, 343, 5
229, 48, 3
229, 276, 3
230, 17, 5
230, 237, 3
230, 240, 3
231, 227, 5
231, 209, 5
231, 205, 5
231, 105, 3
231, 341, 5
231, 355, 3
233, 206, 3
233, 66, 5
233, 236, 3
233, 351, 5
234, 162, 3
234, 300, 5
235, 34, 5
235, 114, 3
235, 249, 3
235, 301, 5
236, 233, 3
236, 206, 5
236, 155, 3
236, 252, 5
237, 230, 3
237, 240, 5
240, 230, 3
240, 17, 3
240, 321, 5
17, 240, 3
17, 321, 3
274, 265, 3
274, 136, 3
274, 337, 5
241, 227, 5
241, 183, 3
241, 138, 3
241, 341, 5
242, 50, 3
242, 329, 5
243, 7, 3
243, 296, 3
243, 339, 5
246, 24, 3
246, 305, 5
246, 310, 3
24, 246, 3
24, 286, 3
24, 310, 5
281, 39, 3
281, 168, 3
281, 252, 5
281, 353, 5
247, 163, 3
163, 247, 3
163, 290, 3
248, 132, 3
248, 57, 5
248, 354, 3
249, 235, 3
249, 219, 5
249, 213, 5
249, 193, 5
249, 192, 3
249, 114, 5
249, 283, 5
249, 301, 5
251, 10, 3
252, 236, 5
252, 128, 3
253, 190, 3
253, 127, 5
253, 49, 3
254, 203, 3
254, 193, 5
254, 89, 5
254, 95, 5
256, 195, 5
256, 54, 5
256, 14, 3
256, 284, 5
257, 218, 5
257, 137, 3
257, 323, 5
257, 346, 3
137, 257, 3
137, 295, 3
137, 319, 5
137, 346, 5
258, 3, 3
258, 131, 5
258, 186, 5
258, 193, 3
258, 263, 5
258, 276, 5
266, 184, 3
266, 286, 3
9, 271, 3
268, 104, 3
268, 356, 3
11, 275, 3
11, 314, 3
11, 317, 5
104, 268, 3
270, 92, 4
270, 144, 3
144, 270, 4
273, 167, 3
273, 335, 3
279, 164, 3
284, 123, 3
284, 129, 3
284, 217, 5
284, 346, 5
293, 15, 3
293, 140, 3
293, 178, 5
297, 59, 5
297, 51, 3
297, 149, 3
300, 285, 3
300, 277, 5
300, 107, 5
300, 30, 5
300, 48, 5
300, 157, 5
300, 186, 3
300, 234, 5
159, 305, 3
159, 310, 5
195, 308, 3
309, 280, 5
309, 37, 3
309, 203, 5
309, 324, 5
310, 305, 3
310, 24, 5
310, 159, 5
310, 246, 3
63, 313, 3
315, 264, 3
315, 117, 3
117, 315, 3
