363, 2.5000000000000000000000000, 6.0000000000000000000000000, -1.5707999999999999740651901, 0.0000000000000000000000000
362, 2.0000000000000000000000000, 4.0000000000000000000000000, -1.5707999999999999740651901, 0.0000000000000000000000000
361, -0.5000000000000000000000000, 0.5000000000000000000000000, -3.1415853071795862838655466, 0.0000000000000000000000000
360, -0.5000000000000000000000000, 3.5000000000000000000000000, 0.0000000000000000000000000, 0.0000000000000000000000000
359, 0.0000000000000000000000000, 4.5000000000000000000000000, 1.5707999999999999740651901, 0.0000000000000000000000000
358, 2.0000000000000000000000000, -0.5000000000000000000000000, -1.5707999999999999740651901, 0.0000000000000000000000000
357, 2.0000000000000000000000000, -0.5000000000000000000000000, 0.0000000000000000000000000, 0.0000000000000000000000000
356, 2.5000000000000000000000000, 0.0000000000000000000000000, 1.5707999999999999740651901, 0.0000000000000000000000000
355, 1.0000000000000000000000000, 3.0000000000000000000000000, 0.0000000000000000000000000, 0.0000000000000000000000000
354, -0.5000000000000000000000000, 3.5000000000000000000000000, 1.5707999999999999740651901, 0.0000000000000000000000000
353, 1.5000000000000000000000000, 3.5000000000000000000000000, -1.5707999999999999740651901, 0.0000000000000000000000000
352, 2.0000000000000000000000000, 5.5000000000000000000000000, -3.1415853071795862838655466, 0.0000000000000000000000000
351, 2.0000000000000000000000000, 4.5000000000000000000000000, 0.0000000000000000000000000, 0.0000000000000000000000000
350, 0.0000000000000000000000000, 3.0000000000000000000000000, -3.1415853071795862838655466, 0.0000000000000000000000000
349, -0.5000000000000000000000000, 1.5000000000000000000000000, 1.5707999999999999740651901, 0.0000000000000000000000000
348, -0.5000000000000000000000000, 6.0000000000000000000000000, -3.1415853071795862838655466, 0.0000000000000000000000000
347, 2.5000000000000000000000000, 2.5000000000000000000000000, -1.5707999999999999740651901, 0.0000000000000000000000000
346, 0.0000000000000000000000000, 3.5000000000000000000000000, -1.5707999999999999740651901, 0.0000000000000000000000000
345, 1.5000000000000000000000000, 5.5000000000000000000000000, 0.0000000000000000000000000, 0.0000000000000000000000000
344, 2.5000000000000000000000000, 5.5000000000000000000000000, -3.1415853071795862838655466, 0.0000000000000000000000000
343, 1.5000000000000000000000000, 3.5000000000000000000000000, 0.0000000000000000000000000, 0.0000000000000000000000000
342, 1.5000000000000000000000000, 5.5000000000000000000000000, -3.1415853071795862838655466, 0.0000000000000000000000000
341, 1.5000000000000000000000000, 3.0000000000000000000000000, 0.0000000000000000000000000, 0.0000000000000000000000000
340, 1.5000000000000000000000000, 3.0000000000000000000000000, -1.5707999999999999740651901, 0.0000000000000000000000000
339, -0.5000000000000000000000000, 4.0000000000000000000000000, -1.5707999999999999740651901, 0.0000000000000000000000000
338, 2.5000000000000000000000000, 1.5000000000000000000000000, -1.5707999999999999740651901, 0.0000000000000000000000000
337, -0.5000000000000000000000000, 2.0000000000000000000000000, -1.5707999999999999740651901, 0.0000000000000000000000000
336, 2.0000000000000000000000000, 1.5000000000000000000000000, -1.5707999999999999740651901, 0.0000000000000000000000000
335, 0.0000000000000000000000000, 3.5000000000000000000000000, -3.1415853071795862838655466, 0.0000000000000000000000000
334, 2.5000000000000000000000000, 3.5000000000000000000000000, -3.1415853071795862838655466, 0.0000000000000000000000000
333, 0.0000000000000000000000000, 2.0000000000000000000000000, 1.5707999999999999740651901, 0.0000000000000000000000000
332, 0.0000000000000000000000000, 2.5000000000000000000000000, -1.5707999999999999740651901, 0.0000000000000000000000000
331, 2.5000000000000000000000000, 1.5000000000000000000000000, -3.1415853071795862838655466, 0.0000000000000000000000000
330, 1.5000000000000000000000000, 4.5000000000000000000000000, 0.0000000000000000000000000, 0.0000000000000000000000000
329, 1.0000000000000000000000000, 3.0000000000000000000000000, -3.1415853071795862838655466, 0.0000000000000000000000000
328, 2.0000000000000000000000000, 0.5000000000000000000000000, 1.5707999999999999740651901, 0.0000000000000000000000000
327, 0.0000000000000000000000000, 5.0000000000000000000000000, 1.5707999999999999740651901, 0.0000000000000000000000000
326, 1.5000000000000000000000000, 2.0000000000000000000000000, 0.0000000000000000000000000, 0.0000000000000000000000000
325, -0.5000000000000000000000000, 2.0000000000000000000000000, 0.0000000000000000000000000, 0.0000000000000000000000000
324, 1.0000000000000000000000000, 2.0000000000000000000000000, 0.0000000000000000000000000, 0.0000000000000000000000000
323, 0.5000000000000000000000000, 3.5000000000000000000000000, 0.0000000000000000000000000, 0.0000000000000000000000000
322, 2.5000000000000000000000000, -0.5000000000000000000000000, -3.1415853071795862838655466, 0.0000000000000000000000000
321, 0.0000000000000000000000000, 2.0000000000000000000000000, -3.1415853071795862838655466, 0.0000000000000000000000000
320, -0.5000000000000000000000000, 0.0000000000000000000000000, -3.1415853071795862838655466, 0.0000000000000000000000000
319, 0.5000000000000000000000000, 4.0000000000000000000000000, 0.0000000000000000000000000, 0.0000000000000000000000000
318, -0.5000000000000000000000000, 3.0000000000000000000000000, 0.0000000000000000000000000, 0.0000000000000000000000000
317, -0.5000000000000000000000000, 6.0000000000000000000000000, 1.5707999999999999740651901, 0.0000000000000000000000000
316, 2.0000000000000000000000000, 2.0000000000000000000000000, 0.0000000000000000000000000, 0.0000000000000000000000000
315, 0.5000000000000000000000000, 1.5000000000000000000000000, -3.1415853071795862838655466, 0.0000000000000000000000000
314, -0.5000000000000000000000000, 5.5000000000000000000000000, 1.5707999999999999740651901, 0.0000000000000000000000000
313, 1.5000000000000000000000000, 1.5000000000000000000000000, 1.5707999999999999740651901, 0.0000000000000000000000000
312, 0.0000000000000000000000000, 4.5000000000000000000000000, -3.1415853071795862838655466, 0.0000000000000000000000000
311, 2.5000000000000000000000000, 3.0000000000000000000000000, 0.0000000000000000000000000, 0.0000000000000000000000000
310, 2.5000000000000000000000000, 5.0000000000000000000000000, 1.5707999999999999740651901, 0.0000000000000000000000000
309, 0.0000000000000000000000000, 2.0000000000000000000000000, 0.0000000000000000000000000, 0.0000000000000000000000000
308, 0.5000000000000000000000000, 5.0000000000000000000000000, 1.5707999999999999740651901, 0.0000000000000000000000000
307, -0.5000000000000000000000000, 1.5000000000000000000000000, -3.1415853071795862838655466, 0.0000000000000000000000000
306, 2.5000000000000000000000000, 1.0000000000000000000000000, -3.1415853071795862838655466, 0.0000000000000000000000000
305, 2.5000000000000000000000000, 5.5000000000000000000000000, 1.5707999999999999740651901, 0.0000000000000000000000000
304, 1.0000000000000000000000000, -0.5000000000000000000000000, 1.5707999999999999740651901, 0.0000000000000000000000000
303, -0.5000000000000000000000000, 5.5000000000000000000000000, -3.1415853071795862838655466, 0.0000000000000000000000000
302, 1.0000000000000000000000000, 2.5000000000000000000000000, -3.1415853071795862838655466, 0.0000000000000000000000000
301, 2.0000000000000000000000000, 0.0000000000000000000000000, -1.5707999999999999740651901, 0.0000000000000000000000000
300, 0.5000000000000000000000000, 0.0000000000000000000000000, 0.0000000000000000000000000, 0.0000000000000000000000000
299, 0.0000000000000000000000000, 2.5000000000000000000000000, 0.0000000000000000000000000, 0.0000000000000000000000000
298, -0.5000000000000000000000000, 0.5000000000000000000000000, -1.5707999999999999740651901, 0.0000000000000000000000000
297, 2.5000000000000000000000000, 4.0000000000000000000000000, -1.5707999999999999740651901, 0.0000000000000000000000000
296, -0.5000000000000000000000000, 4.5000000000000000000000000, -1.5707999999999999740651901, 0.0000000000000000000000000
295, 0.0000000000000000000000000, 5.0000000000000000000000000, -1.5707999999999999740651901, 0.0000000000000000000000000
294, 0.5000000000000000000000000, 1.0000000000000000000000000, 0.0000000000000000000000000, 0.0000000000000000000000000
293, 2.0000000000000000000000000, 3.5000000000000000000000000, 1.5707999999999999740651901, 0.0000000000000000000000000
292, 2.0000000000000000000000000, 2.5000000000000000000000000, -3.1415853071795862838655466, 0.0000000000000000000000000
291, 1.5000000000000000000000000, 2.0000000000000000000000000, -1.5707999999999999740651901, 0.0000000000000000000000000
290, -0.5000000000000000000000000, 0.0000000000000000000000000, -1.5707999999999999740651901, 0.0000000000000000000000000
289, 1.0000000000000000000000000, 3.5000000000000000000000000, 0.0000000000000000000000000, 0.0000000000000000000000000
288, 1.5000000000000000000000000, -0.5000000000000000000000000, 0.0000000000000000000000000, 0.0000000000000000000000000
287, 0.0000000000000000000000000, 1.5000000000000000000000000, -1.5707999999999999740651901, 0.0000000000000000000000000
286, 2.5000000000000000000000000, 3.5000000000000000000000000, 1.5707999999999999740651901, 0.0000000000000000000000000
285, 0.0000000000000000000000000, 0.0000000000000000000000000, 0.0000000000000000000000000, 0.0000000000000000000000000
284, 0.5000000000000000000000000, 4.5000000000000000000000000, -1.5707999999999999740651901, 0.0000000000000000000000000
283, 0.5000000000000000000000000, 0.0000000000000000000000000, 1.5707999999999999740651901, 0.0000000000000000000000000
282, 1.0000000000000000000000000, -0.5000000000000000000000000, 0.0000000000000000000000000, 0.0000000000000000000000000
281, 1.5000000000000000000000000, 4.5000000000000000000000000, -1.5707999999999999740651901, 0.0000000000000000000000000
280, 1.0000000000000000000000000, 1.5000000000000000000000000, -1.5707999999999999740651901, 0.0000000000000000000000000
279, 0.0000000000000000000000000, 5.0000000000000000000000000, -3.1415853071795862838655466, 0.0000000000000000000000000
278, 1.5000000000000000000000000, 5.5000000000000000000000000, -1.5707999999999999740651901, 0.0000000000000000000000000
277, 0.0000000000000000000000000, -0.5000000000000000000000000, 1.5707999999999999740651901, 0.0000000000000000000000000
276, 0.0000000000000000000000000, -0.5000000000000000000000000, -1.5707999999999999740651901, 0.0000000000000000000000000
275, -0.5000000000000000000000000, 4.5000000000000000000000000, 1.5707999999999999740651901, 0.0000000000000000000000000
274, -0.5000000000000000000000000, 3.0000000000000000000000000, -1.5707999999999999740651901, 0.0000000000000000000000000
273, 0.5000000000000000000000000, 3.5000000000000000000000000, -3.1415853071795862838655466, 0.0000000000000000000000000
272, 0.5000000000000000000000000, 3.0000000000000000000000000, 1.5707999999999999740651901, 0.0000000000000000000000000
271, 2.0000000000000000000000000, 1.0000000000000000000000000, -3.1415853071795862838655466, 0.0000000000000000000000000
270, -0.5000000000000000000000000, -0.5000000000000000000000000, 1.5707999999999999740651901, 0.0000000000000000000000000
269, 1.0000000000000000000000000, 1.5000000000000000000000000, 1.5707999999999999740651901, 0.0000000000000000000000000
268, 2.5000000000000000000000000, -0.5000000000000000000000000, 1.5707999999999999740651901, 0.0000000000000000000000000
267, 2.5000000000000000000000000, -1.0000000000000000000000000, -1.5707999999999999740651901, 0.0000000000000000000000000
266, 2.5000000000000000000000000, 3.0000000000000000000000000, 1.5707999999999999740651901, 0.0000000000000000000000000
265, -0.5000000000000000000000000, 3.5000000000000000000000000, -1.5707999999999999740651901, 0.0000000000000000000000000
264, 1.0000000000000000000000000, 1.5000000000000000000000000, -3.1415853071795862838655466, 0.0000000000000000000000000
263, 0.0000000000000000000000000, 1.0000000000000000000000000, 0.0000000000000000000000000, 0.0000000000000000000000000
262, 2.0000000000000000000000000, 0.0000000000000000000000000, -3.1415853071795862838655466, 0.0000000000000000000000000
261, 1.5000000000000000000000000, 1.0000000000000000000000000, -1.5707999999999999740651901, 0.0000000000000000000000000
260, 0.0000000000000000000000000, 5.5000000000000000000000000, -1.5707999999999999740651901, 0.0000000000000000000000000
259, 2.0000000000000000000000000, 5.0000000000000000000000000, -3.1415853071795862838655466, 0.0000000000000000000000000
258, 0.5000000000000000000000000, 0.5000000000000000000000000, -1.5707999999999999740651901, 0.0000000000000000000000000
257, 0.0000000000000000000000000, 4.0000000000000000000000000, -1.5707999999999999740651901, 0.0000000000000000000000000
126, 2.5000000000000000000000000, 2.0000000000000000000000000, 1.5707999999999999740651901, 0.0000000000000000000000000
125, 2.0000000000000000000000000, 1.0000000000000000000000000, 0.0000000000000000000000000, 0.0000000000000000000000000
124, 1.0000000000000000000000000, 5.0000000000000000000000000, -1.5707999999999999740651901, 0.0000000000000000000000000
123, 0.5000000000000000000000000, 5.0000000000000000000000000, -1.5707999999999999740651901, 0.0000000000000000000000000
122, -0.5000000000000000000000000, 2.5000000000000000000000000, 0.0000000000000000000000000, 0.0000000000000000000000000
121, 0.5000000000000000000000000, -0.5000000000000000000000000, -3.1415853071795862838655466, 0.0000000000000000000000000
120, 0.0000000000000000000000000, 1.5000000000000000000000000, 1.5707999999999999740651901, 0.0000000000000000000000000
119, 2.5000000000000000000000000, 5.5000000000000000000000000, -1.5707999999999999740651901, 0.0000000000000000000000000
118, 1.5000000000000000000000000, 4.5000000000000000000000000, -3.1415853071795862838655466, 0.0000000000000000000000000
117, 0.0000000000000000000000000, 1.5000000000000000000000000, -3.1415853071795862838655466, 0.0000000000000000000000000
116, 1.0000000000000000000000000, 5.5000000000000000000000000, -1.5707999999999999740651901, 0.0000000000000000000000000
115, 2.5000000000000000000000000, 1.0000000000000000000000000, -1.5707999999999999740651901, 0.0000000000000000000000000
114, 2.0000000000000000000000000, 0.5000000000000000000000000, 0.0000000000000000000000000, 0.0000000000000000000000000
113, 2.0000000000000000000000000, 0.5000000000000000000000000, -3.1415853071795862838655466, 0.0000000000000000000000000
112, 2.0000000000000000000000000, 5.0000000000000000000000000, 1.5707999999999999740651901, 0.0000000000000000000000000
111, 1.5000000000000000000000000, 3.5000000000000000000000000, -3.1415853071795862838655466, 0.0000000000000000000000000
110, 1.0000000000000000000000000, 4.5000000000000000000000000, -3.1415853071795862838655466, 0.0000000000000000000000000
109, 1.5000000000000000000000000, 0.5000000000000000000000000, -3.1415853071795862838655466, 0.0000000000000000000000000
108, 2.0000000000000000000000000, 3.0000000000000000000000000, -1.5707999999999999740651901, 0.0000000000000000000000000
107, 1.5000000000000000000000000, 0.0000000000000000000000000, 0.0000000000000000000000000, 0.0000000000000000000000000
106, -0.5000000000000000000000000, 5.5000000000000000000000000, 0.0000000000000000000000000, 0.0000000000000000000000000
105, 0.0000000000000000000000000, 3.0000000000000000000000000, 0.0000000000000000000000000, 0.0000000000000000000000000
104, 2.5000000000000000000000000, -1.0000000000000000000000000, 1.5707999999999999740651901, 0.0000000000000000000000000
103, 1.0000000000000000000000000, 2.0000000000000000000000000, -1.5707999999999999740651901, 0.0000000000000000000000000
102, 1.0000000000000000000000000, 3.5000000000000000000000000, -1.5707999999999999740651901, 0.0000000000000000000000000
101, 2.5000000000000000000000000, 0.0000000000000000000000000, -3.1415853071795862838655466, 0.0000000000000000000000000
100, 2.0000000000000000000000000, 0.0000000000000000000000000, 0.0000000000000000000000000, 0.0000000000000000000000000
99, 0.0000000000000000000000000, 4.0000000000000000000000000, 0.0000000000000000000000000, 0.0000000000000000000000000
98, 0.5000000000000000000000000, -0.5000000000000000000000000, 0.0000000000000000000000000, 0.0000000000000000000000000
97, 2.0000000000000000000000000, 3.5000000000000000000000000, -1.5707999999999999740651901, 0.0000000000000000000000000
96, 1.0000000000000000000000000, 4.5000000000000000000000000, 0.0000000000000000000000000, 0.0000000000000000000000000
95, 1.0000000000000000000000000, 1.5000000000000000000000000, 0.0000000000000000000000000, 0.0000000000000000000000000
94, 1.0000000000000000000000000, 5.5000000000000000000000000, 1.5707999999999999740651901, 0.0000000000000000000000000
93, 2.0000000000000000000000000, 3.5000000000000000000000000, -3.1415853071795862838655466, 0.0000000000000000000000000
92, -0.5000000000000000000000000, 0.0000000000000000000000000, 1.5707999999999999740651901, 0.0000000000000000000000000
91, -0.5000000000000000000000000, 1.0000000000000000000000000, 1.5707999999999999740651901, 0.0000000000000000000000000
90, 0.0000000000000000000000000, 5.5000000000000000000000000, 0.0000000000000000000000000, 0.0000000000000000000000000
89, 0.0000000000000000000000000, 1.0000000000000000000000000, -1.5707999999999999740651901, 0.0000000000000000000000000
88, 2.5000000000000000000000000, -1.0000000000000000000000000, -3.1415853071795862838655466, 0.0000000000000000000000000
87, 0.0000000000000000000000000, 0.5000000000000000000000000, 1.5707999999999999740651901, 0.0000000000000000000000000
86, -0.5000000000000000000000000, 1.5000000000000000000000000, 0.0000000000000000000000000, 0.0000000000000000000000000
85, 2.5000000000000000000000000, 0.0000000000000000000000000, -1.5707999999999999740651901, 0.0000000000000000000000000
84, 0.0000000000000000000000000, 1.5000000000000000000000000, 0.0000000000000000000000000, 0.0000000000000000000000000
83, -0.5000000000000000000000000, 1.0000000000000000000000000, -3.1415853071795862838655466, 0.0000000000000000000000000
82, 2.5000000000000000000000000, 5.0000000000000000000000000, -1.5707999999999999740651901, 0.0000000000000000000000000
81, 2.5000000000000000000000000, 3.5000000000000000000000000, 0.0000000000000000000000000, 0.0000000000000000000000000
80, 0.5000000000000000000000000, 5.5000000000000000000000000, 0.0000000000000000000000000, 0.0000000000000000000000000
79, 2.5000000000000000000000000, -0.5000000000000000000000000, -1.5707999999999999740651901, 0.0000000000000000000000000
78, 2.5000000000000000000000000, -1.0000000000000000000000000, 0.0000000000000000000000000, 0.0000000000000000000000000
77, 0.5000000000000000000000000, 1.0000000000000000000000000, 1.5707999999999999740651901, 0.0000000000000000000000000
76, 1.5000000000000000000000000, 1.5000000000000000000000000, -1.5707999999999999740651901, 0.0000000000000000000000000
75, -0.5000000000000000000000000, 3.5000000000000000000000000, -3.1415853071795862838655466, 0.0000000000000000000000000
74, 0.5000000000000000000000000, 1.5000000000000000000000000, 1.5707999999999999740651901, 0.0000000000000000000000000
73, 2.0000000000000000000000000, 5.5000000000000000000000000, 0.0000000000000000000000000, 0.0000000000000000000000000
72, 1.0000000000000000000000000, 3.0000000000000000000000000, -1.5707999999999999740651901, 0.0000000000000000000000000
71, 0.5000000000000000000000000, 1.0000000000000000000000000, -3.1415853071795862838655466, 0.0000000000000000000000000
70, 1.5000000000000000000000000, 5.0000000000000000000000000, -3.1415853071795862838655466, 0.0000000000000000000000000
69, 1.5000000000000000000000000, 0.0000000000000000000000000, 1.5707999999999999740651901, 0.0000000000000000000000000
68, 0.0000000000000000000000000, 4.0000000000000000000000000, 1.5707999999999999740651901, 0.0000000000000000000000000
67, 2.0000000000000000000000000, 4.5000000000000000000000000, -3.1415853071795862838655466, 0.0000000000000000000000000
66, 1.5000000000000000000000000, 5.0000000000000000000000000, 1.5707999999999999740651901, 0.0000000000000000000000000
65, 0.0000000000000000000000000, 3.0000000000000000000000000, 1.5707999999999999740651901, 0.0000000000000000000000000
64, 0.5000000000000000000000000, 3.5000000000000000000000000, 1.5707999999999999740651901, 0.0000000000000000000000000
63, 1.5000000000000000000000000, 2.0000000000000000000000000, 1.5707999999999999740651901, 0.0000000000000000000000000
62, 1.5000000000000000000000000, 1.5000000000000000000000000, 0.0000000000000000000000000, 0.0000000000000000000000000
61, 2.0000000000000000000000000, 2.0000000000000000000000000, 1.5707999999999999740651901, 0.0000000000000000000000000
60, -0.5000000000000000000000000, 2.0000000000000000000000000, -3.1415853071795862838655466, 0.0000000000000000000000000
59, 2.5000000000000000000000000, 3.0000000000000000000000000, -1.5707999999999999740651901, 0.0000000000000000000000000
28, 2.0000000000000000000000000, 2.5000000000000000000000000, -1.5707999999999999740651901, 0.0000000000000000000000000
27, -0.5000000000000000000000000, 0.0000000000000000000000000, 0.0000000000000000000000000, 0.0000000000000000000000000
26, 0.0000000000000000000000000, 3.5000000000000000000000000, 1.5707999999999999740651901, 0.0000000000000000000000000
25, 1.0000000000000000000000000, 5.0000000000000000000000000, 1.5707999999999999740651901, 0.0000000000000000000000000
24, 2.5000000000000000000000000, 4.0000000000000000000000000, 1.5707999999999999740651901, 0.0000000000000000000000000
23, -0.5000000000000000000000000, 2.0000000000000000000000000, 1.5707999999999999740651901, 0.0000000000000000000000000
22, 2.5000000000000000000000000, 2.0000000000000000000000000, -3.1415853071795862838655466, 0.0000000000000000000000000
21, 2.0000000000000000000000000, -0.5000000000000000000000000, 1.5707999999999999740651901, 0.0000000000000000000000000
20, 0.5000000000000000000000000, 1.5000000000000000000000000, 0.0000000000000000000000000, 0.0000000000000000000000000
19, 2.0000000000000000000000000, 3.5000000000000000000000000, 0.0000000000000000000000000, 0.0000000000000000000000000
18, 1.5000000000000000000000000, 5.5000000000000000000000000, 1.5707999999999999740651901, 0.0000000000000000000000000
17, 0.5000000000000000000000000, 2.0000000000000000000000000, -3.1415853071795862838655466, 0.0000000000000000000000000
16, -0.5000000000000000000000000, 5.0000000000000000000000000, -3.1415853071795862838655466, 0.0000000000000000000000000
15, 2.0000000000000000000000000, 4.0000000000000000000000000, 1.5707999999999999740651901, 0.0000000000000000000000000
14, 0.5000000000000000000000000, 5.0000000000000000000000000, 0.0000000000000000000000000, 0.0000000000000000000000000
13, 0.0000000000000000000000000, 5.5000000000000000000000000, 1.5707999999999999740651901, 0.0000000000000000000000000
0, -0.5000000000000000000000000, 2.5000000000000000000000000, -3.1415853071795862838655466, 0.0000000000000000000000000
1, 2.5000000000000000000000000, 1.5000000000000000000000000, 0.0000000000000000000000000, 0.0000000000000000000000000
2, 1.5000000000000000000000000, 1.0000000000000000000000000, 0.0000000000000000000000000, 0.0000000000000000000000000
3, 0.5000000000000000000000000, 0.0000000000000000000000000, -1.5707999999999999740651901, 0.0000000000000000000000000
4, 2.0000000000000000000000000, 4.0000000000000000000000000, -3.1415853071795862838655466, 0.0000000000000000000000000
5, 0.5000000000000000000000000, 4.0000000000000000000000000, -3.1415853071795862838655466, 0.0000000000000000000000000
6, -0.5000000000000000000000000, 0.5000000000000000000000000, 1.5707999999999999740651901, 0.0000000000000000000000000
7, -0.5000000000000000000000000, 5.5000000000000000000000000, -1.5707999999999999740651901, 0.0000000000000000000000000
8, 0.5000000000000000000000000, 3.0000000000000000000000000, -1.5707999999999999740651901, 0.0000000000000000000000000
9, 1.5000000000000000000000000, 1.0000000000000000000000000, -3.1415853071795862838655466, 0.0000000000000000000000000
10, 0.5000000000000000000000000, 5.5000000000000000000000000, -3.1415853071795862838655466, 0.0000000000000000000000000
11, -0.5000000000000000000000000, 5.0000000000000000000000000, 1.5707999999999999740651901, 0.0000000000000000000000000
12, 2.0000000000000000000000000, 1.5000000000000000000000000, -3.1415853071795862838655466, 0.0000000000000000000000000
29, 2.0000000000000000000000000, 4.5000000000000000000000000, -1.5707999999999999740651901, 0.0000000000000000000000000
30, 1.0000000000000000000000000, 0.5000000000000000000000000, 1.5707999999999999740651901, 0.0000000000000000000000000
31, -0.5000000000000000000000000, 1.0000000000000000000000000, -1.5707999999999999740651901, 0.0000000000000000000000000
32, 2.0000000000000000000000000, 0.0000000000000000000000000, 1.5707999999999999740651901, 0.0000000000000000000000000
33, 0.0000000000000000000000000, 0.5000000000000000000000000, 0.0000000000000000000000000, 0.0000000000000000000000000
34, 1.0000000000000000000000000, 0.0000000000000000000000000, 1.5707999999999999740651901, 0.0000000000000000000000000
35, 0.5000000000000000000000000, 4.5000000000000000000000000, 1.5707999999999999740651901, 0.0000000000000000000000000
36, 2.5000000000000000000000000, 6.0000000000000000000000000, -3.1415853071795862838655466, 0.0000000000000000000000000
37, 0.5000000000000000000000000, 2.0000000000000000000000000, 0.0000000000000000000000000, 0.0000000000000000000000000
38, 0.0000000000000000000000000, 1.0000000000000000000000000, -3.1415853071795862838655466, 0.0000000000000000000000000
39, 1.5000000000000000000000000, 5.0000000000000000000000000, -1.5707999999999999740651901, 0.0000000000000000000000000
40, 1.0000000000000000000000000, 2.5000000000000000000000000, 0.0000000000000000000000000, 0.0000000000000000000000000
41, 0.0000000000000000000000000, 4.0000000000000000000000000, -3.1415853071795862838655466, 0.0000000000000000000000000
42, 0.5000000000000000000000000, 0.5000000000000000000000000, -3.1415853071795862838655466, 0.0000000000000000000000000
43, -0.5000000000000000000000000, -0.5000000000000000000000000, -3.1415853071795862838655466, 0.0000000000000000000000000
44, 2.0000000000000000000000000, 0.5000000000000000000000000, -1.5707999999999999740651901, 0.0000000000000000000000000
45, 1.5000000000000000000000000, 5.0000000000000000000000000, 0.0000000000000000000000000, 0.0000000000000000000000000
46, -0.5000000000000000000000000, 1.0000000000000000000000000, 0.0000000000000000000000000, 0.0000000000000000000000000
47, 2.0000000000000000000000000, 5.0000000000000000000000000, -1.5707999999999999740651901, 0.0000000000000000000000000
48, 0.0000000000000000000000000, 0.5000000000000000000000000, -1.5707999999999999740651901, 0.0000000000000000000000000
49, 1.5000000000000000000000000, 0.0000000000000000000000000, -3.1415853071795862838655466, 0.0000000000000000000000000
50, 1.5000000000000000000000000, 3.0000000000000000000000000, -3.1415853071795862838655466, 0.0000000000000000000000000
51, 2.5000000000000000000000000, 4.5000000000000000000000000, -1.5707999999999999740651901, 0.0000000000000000000000000
52, -0.5000000000000000000000000, 4.5000000000000000000000000, 0.0000000000000000000000000, 0.0000000000000000000000000
53, 0.5000000000000000000000000, 3.0000000000000000000000000, -3.1415853071795862838655466, 0.0000000000000000000000000
54, 1.0000000000000000000000000, 5.0000000000000000000000000, 0.0000000000000000000000000, 0.0000000000000000000000000
55, 2.0000000000000000000000000, 1.0000000000000000000000000, 1.5707999999999999740651901, 0.0000000000000000000000000
56, 1.0000000000000000000000000, 4.5000000000000000000000000, 1.5707999999999999740651901, 0.0000000000000000000000000
57, -0.5000000000000000000000000, 4.0000000000000000000000000, 1.5707999999999999740651901, 0.0000000000000000000000000
58, 0.0000000000000000000000000, 2.5000000000000000000000000, -3.1415853071795862838655466, 0.0000000000000000000000000
127, 0.0000000000000000000000000, 0.0000000000000000000000000, -3.1415853071795862838655466, 0.0000000000000000000000000
128, 1.5000000000000000000000000, 4.0000000000000000000000000, 0.0000000000000000000000000, 0.0000000000000000000000000
129, 0.5000000000000000000000000, 4.0000000000000000000000000, -1.5707999999999999740651901, 0.0000000000000000000000000
130, 2.5000000000000000000000000, 0.5000000000000000000000000, 1.5707999999999999740651901, 0.0000000000000000000000000
131, 0.5000000000000000000000000, -0.5000000000000000000000000, -1.5707999999999999740651901, 0.0000000000000000000000000
132, -0.5000000000000000000000000, 2.5000000000000000000000000, 1.5707999999999999740651901, 0.0000000000000000000000000
133, 0.0000000000000000000000000, 0.0000000000000000000000000, 1.5707999999999999740651901, 0.0000000000000000000000000
134, -0.5000000000000000000000000, -1.0000000000000000000000000, -3.1415853071795862838655466, 0.0000000000000000000000000
135, 1.5000000000000000000000000, 4.0000000000000000000000000, -3.1415853071795862838655466, 0.0000000000000000000000000
136, -0.5000000000000000000000000, 2.5000000000000000000000000, -1.5707999999999999740651901, 0.0000000000000000000000000
137, 0.0000000000000000000000000, 4.5000000000000000000000000, -1.5707999999999999740651901, 0.0000000000000000000000000
138, 1.0000000000000000000000000, 3.0000000000000000000000000, 1.5707999999999999740651901, 0.0000000000000000000000000
139, -0.5000000000000000000000000, 4.0000000000000000000000000, 0.0000000000000000000000000, 0.0000000000000000000000000
140, 2.0000000000000000000000000, 3.0000000000000000000000000, 1.5707999999999999740651901, 0.0000000000000000000000000
141, -0.5000000000000000000000000, 6.0000000000000000000000000, -1.5707999999999999740651901, 0.0000000000000000000000000
142, 0.0000000000000000000000000, -0.5000000000000000000000000, 0.0000000000000000000000000, 0.0000000000000000000000000
143, 0.0000000000000000000000000, -0.5000000000000000000000000, -3.1415853071795862838655466, 0.0000000000000000000000000
144, -0.5000000000000000000000000, -1.0000000000000000000000000, 1.5707999999999999740651901, 0.0000000000000000000000000
145, -0.5000000000000000000000000, 1.5000000000000000000000000, -1.5707999999999999740651901, 0.0000000000000000000000000
146, 2.5000000000000000000000000, 2.5000000000000000000000000, 0.0000000000000000000000000, 0.0000000000000000000000000
147, 1.0000000000000000000000000, 5.0000000000000000000000000, -3.1415853071795862838655466, 0.0000000000000000000000000
148, 2.0000000000000000000000000, 3.0000000000000000000000000, 0.0000000000000000000000000, 0.0000000000000000000000000
149, 2.5000000000000000000000000, 3.5000000000000000000000000, -1.5707999999999999740651901, 0.0000000000000000000000000
150, -0.5000000000000000000000000, 6.0000000000000000000000000, 0.0000000000000000000000000, 0.0000000000000000000000000
151, 0.0000000000000000000000000, 3.5000000000000000000000000, 0.0000000000000000000000000, 0.0000000000000000000000000
152, 2.0000000000000000000000000, 5.5000000000000000000000000, 1.5707999999999999740651901, 0.0000000000000000000000000
153, 0.5000000000000000000000000, 4.0000000000000000000000000, 1.5707999999999999740651901, 0.0000000000000000000000000
154, 2.5000000000000000000000000, 2.0000000000000000000000000, -1.5707999999999999740651901, 0.0000000000000000000000000
155, 1.5000000000000000000000000, 3.0000000000000000000000000, 1.5707999999999999740651901, 0.0000000000000000000000000
156, 2.5000000000000000000000000, 0.5000000000000000000000000, 0.0000000000000000000000000, 0.0000000000000000000000000
157, 1.5000000000000000000000000, -0.5000000000000000000000000, -1.5707999999999999740651901, 0.0000000000000000000000000
158, 2.5000000000000000000000000, 3.0000000000000000000000000, -3.1415853071795862838655466, 0.0000000000000000000000000
159, 2.5000000000000000000000000, 6.0000000000000000000000000, 1.5707999999999999740651901, 0.0000000000000000000000000
160, 2.5000000000000000000000000, 0.5000000000000000000000000, -1.5707999999999999740651901, 0.0000000000000000000000000
161, 1.5000000000000000000000000, -0.5000000000000000000000000, -3.1415853071795862838655466, 0.0000000000000000000000000
162, 1.0000000000000000000000000, 0.0000000000000000000000000, -1.5707999999999999740651901, 0.0000000000000000000000000
163, -0.5000000000000000000000000, -0.5000000000000000000000000, -1.5707999999999999740651901, 0.0000000000000000000000000
164, 0.5000000000000000000000000, 5.0000000000000000000000000, -3.1415853071795862838655466, 0.0000000000000000000000000
165, 1.5000000000000000000000000, -0.5000000000000000000000000, 1.5707999999999999740651901, 0.0000000000000000000000000
166, -0.5000000000000000000000000, -1.0000000000000000000000000, 0.0000000000000000000000000, 0.0000000000000000000000000
167, 1.0000000000000000000000000, 3.5000000000000000000000000, -3.1415853071795862838655466, 0.0000000000000000000000000
168, 1.5000000000000000000000000, 4.0000000000000000000000000, -1.5707999999999999740651901, 0.0000000000000000000000000
169, 0.5000000000000000000000000, 2.0000000000000000000000000, 1.5707999999999999740651901, 0.0000000000000000000000000
170, 0.5000000000000000000000000, 5.5000000000000000000000000, -1.5707999999999999740651901, 0.0000000000000000000000000
171, 1.0000000000000000000000000, -0.5000000000000000000000000, -3.1415853071795862838655466, 0.0000000000000000000000000
172, 1.0000000000000000000000000, 4.5000000000000000000000000, -1.5707999999999999740651901, 0.0000000000000000000000000
173, 0.0000000000000000000000000, 0.5000000000000000000000000, -3.1415853071795862838655466, 0.0000000000000000000000000
174, 1.0000000000000000000000000, 5.5000000000000000000000000, 0.0000000000000000000000000, 0.0000000000000000000000000
175, 2.5000000000000000000000000, 5.0000000000000000000000000, 0.0000000000000000000000000, 0.0000000000000000000000000
176, 2.5000000000000000000000000, 2.5000000000000000000000000, -3.1415853071795862838655466, 0.0000000000000000000000000
177, 2.5000000000000000000000000, 6.0000000000000000000000000, 0.0000000000000000000000000, 0.0000000000000000000000000
178, 2.0000000000000000000000000, 4.5000000000000000000000000, 1.5707999999999999740651901, 0.0000000000000000000000000
179, 0.5000000000000000000000000, 4.5000000000000000000000000, -3.1415853071795862838655466, 0.0000000000000000000000000
180, 0.5000000000000000000000000, 0.5000000000000000000000000, 1.5707999999999999740651901, 0.0000000000000000000000000
181, 0.0000000000000000000000000, 1.0000000000000000000000000, 1.5707999999999999740651901, 0.0000000000000000000000000
182, 0.0000000000000000000000000, 2.0000000000000000000000000, -1.5707999999999999740651901, 0.0000000000000000000000000
183, 1.0000000000000000000000000, 2.0000000000000000000000000, 1.5707999999999999740651901, 0.0000000000000000000000000
184, 2.5000000000000000000000000, 2.5000000000000000000000000, 1.5707999999999999740651901, 0.0000000000000000000000000
185, 1.0000000000000000000000000, 0.5000000000000000000000000, -1.5707999999999999740651901, 0.0000000000000000000000000
186, 1.0000000000000000000000000, 0.0000000000000000000000000, 0.0000000000000000000000000, 0.0000000000000000000000000
187, 2.5000000000000000000000000, 1.0000000000000000000000000, 1.5707999999999999740651901, 0.0000000000000000000000000
188, 0.0000000000000000000000000, 4.5000000000000000000000000, 0.0000000000000000000000000, 0.0000000000000000000000000
189, 2.0000000000000000000000000, 5.5000000000000000000000000, -1.5707999999999999740651901, 0.0000000000000000000000000
190, 0.5000000000000000000000000, 0.0000000000000000000000000, -3.1415853071795862838655466, 0.0000000000000000000000000
191, 1.5000000000000000000000000, 0.5000000000000000000000000, 1.5707999999999999740651901, 0.0000000000000000000000000
192, 0.5000000000000000000000000, 0.5000000000000000000000000, 0.0000000000000000000000000, 0.0000000000000000000000000
193, 0.5000000000000000000000000, 1.0000000000000000000000000, -1.5707999999999999740651901, 0.0000000000000000000000000
194, 1.0000000000000000000000000, 0.5000000000000000000000000, -3.1415853071795862838655466, 0.0000000000000000000000000
195, 0.5000000000000000000000000, 5.5000000000000000000000000, 1.5707999999999999740651901, 0.0000000000000000000000000
196, -0.5000000000000000000000000, 5.0000000000000000000000000, 0.0000000000000000000000000, 0.0000000000000000000000000
197, 2.5000000000000000000000000, -0.5000000000000000000000000, 0.0000000000000000000000000, 0.0000000000000000000000000
198, 2.5000000000000000000000000, 1.5000000000000000000000000, 1.5707999999999999740651901, 0.0000000000000000000000000
199, 1.5000000000000000000000000, 0.5000000000000000000000000, -1.5707999999999999740651901, 0.0000000000000000000000000
200, 1.5000000000000000000000000, 1.5000000000000000000000000, -3.1415853071795862838655466, 0.0000000000000000000000000
201, 1.0000000000000000000000000, 5.5000000000000000000000000, -3.1415853071795862838655466, 0.0000000000000000000000000
202, 2.0000000000000000000000000, 1.5000000000000000000000000, 0.0000000000000000000000000, 0.0000000000000000000000000
203, 0.5000000000000000000000000, 1.5000000000000000000000000, -1.5707999999999999740651901, 0.0000000000000000000000000
204, 2.0000000000000000000000000, 2.5000000000000000000000000, 0.0000000000000000000000000, 0.0000000000000000000000000
205, 1.0000000000000000000000000, 2.5000000000000000000000000, -1.5707999999999999740651901, 0.0000000000000000000000000
206, 1.5000000000000000000000000, 4.5000000000000000000000000, 1.5707999999999999740651901, 0.0000000000000000000000000
207, 2.0000000000000000000000000, 2.0000000000000000000000000, -1.5707999999999999740651901, 0.0000000000000000000000000
208, -0.5000000000000000000000000, 0.5000000000000000000000000, 0.0000000000000000000000000, 0.0000000000000000000000000
209, 0.0000000000000000000000000, 2.5000000000000000000000000, 1.5707999999999999740651901, 0.0000000000000000000000000
210, 2.0000000000000000000000000, -0.5000000000000000000000000, -3.1415853071795862838655466, 0.0000000000000000000000000
211, -0.5000000000000000000000000, -0.5000000000000000000000000, 0.0000000000000000000000000, 0.0000000000000000000000000
212, 2.5000000000000000000000000, 4.0000000000000000000000000, 0.0000000000000000000000000, 0.0000000000000000000000000
213, 1.5000000000000000000000000, 0.0000000000000000000000000, -1.5707999999999999740651901, 0.0000000000000000000000000
214, 2.0000000000000000000000000, 1.0000000000000000000000000, -1.5707999999999999740651901, 0.0000000000000000000000000
215, 2.0000000000000000000000000, 2.5000000000000000000000000, 1.5707999999999999740651901, 0.0000000000000000000000000
216, 2.0000000000000000000000000, 5.0000000000000000000000000, 0.0000000000000000000000000, 0.0000000000000000000000000
217, 0.5000000000000000000000000, 3.5000000000000000000000000, -1.5707999999999999740651901, 0.0000000000000000000000000
218, 0.0000000000000000000000000, 3.0000000000000000000000000, -1.5707999999999999740651901, 0.0000000000000000000000000
219, 1.5000000000000000000000000, 1.0000000000000000000000000, 1.5707999999999999740651901, 0.0000000000000000000000000
220, 2.0000000000000000000000000, 1.5000000000000000000000000, 1.5707999999999999740651901, 0.0000000000000000000000000
221, -0.5000000000000000000000000, 4.5000000000000000000000000, -3.1415853071795862838655466, 0.0000000000000000000000000
222, 2.5000000000000000000000000, 5.5000000000000000000000000, 0.0000000000000000000000000, 0.0000000000000000000000000
223, 2.5000000000000000000000000, 4.5000000000000000000000000, 0.0000000000000000000000000, 0.0000000000000000000000000
224, 0.5000000000000000000000000, 4.5000000000000000000000000, 0.0000000000000000000000000, 0.0000000000000000000000000
225, 0.5000000000000000000000000, -0.5000000000000000000000000, 1.5707999999999999740651901, 0.0000000000000000000000000
226, 2.5000000000000000000000000, 0.5000000000000000000000000, -3.1415853071795862838655466, 0.0000000000000000000000000
227, 1.0000000000000000000000000, 3.5000000000000000000000000, 1.5707999999999999740651901, 0.0000000000000000000000000
228, 2.5000000000000000000000000, 0.0000000000000000000000000, 0.0000000000000000000000000, 0.0000000000000000000000000
229, 0.0000000000000000000000000, 0.0000000000000000000000000, -1.5707999999999999740651901, 0.0000000000000000000000000
230, 1.5000000000000000000000000, 2.0000000000000000000000000, -3.1415853071795862838655466, 0.0000000000000000000000000
231, 0.5000000000000000000000000, 3.0000000000000000000000000, 0.0000000000000000000000000, 0.0000000000000000000000000
232, 2.5000000000000000000000000, 2.0000000000000000000000000, 0.0000000000000000000000000, 0.0000000000000000000000000
233, 1.5000000000000000000000000, 4.0000000000000000000000000, 1.5707999999999999740651901, 0.0000000000000000000000000
234, 1.0000000000000000000000000, -0.5000000000000000000000000, -1.5707999999999999740651901, 0.0000000000000000000000000
235, 1.5000000000000000000000000, 0.5000000000000000000000000, 0.0000000000000000000000000, 0.0000000000000000000000000
236, 1.5000000000000000000000000, 3.5000000000000000000000000, 1.5707999999999999740651901, 0.0000000000000000000000000
237, 2.0000000000000000000000000, 2.0000000000000000000000000, -3.1415853071795862838655466, 0.0000000000000000000000000
238, -0.5000000000000000000000000, 3.0000000000000000000000000, -3.1415853071795862838655466, 0.0000000000000000000000000
239, -0.5000000000000000000000000, 4.0000000000000000000000000, -3.1415853071795862838655466, 0.0000000000000000000000000
240, 1.0000000000000000000000000, 2.0000000000000000000000000, -3.1415853071795862838655466, 0.0000000000000000000000000
241, 1.0000000000000000000000000, 2.5000000000000000000000000, 1.5707999999999999740651901, 0.0000000000000000000000000
242, 2.0000000000000000000000000, 3.0000000000000000000000000, -3.1415853071795862838655466, 0.0000000000000000000000000
243, -0.5000000000000000000000000, 5.0000000000000000000000000, -1.5707999999999999740651901, 0.0000000000000000000000000
244, 2.5000000000000000000000000, 5.0000000000000000000000000, -3.1415853071795862838655466, 0.0000000000000000000000000
245, 2.5000000000000000000000000, 4.0000000000000000000000000, -3.1415853071795862838655466, 0.0000000000000000000000000
246, 2.5000000000000000000000000, 4.5000000000000000000000000, 1.5707999999999999740651901, 0.0000000000000000000000000
247, -0.5000000000000000000000000, -1.0000000000000000000000000, -1.5707999999999999740651901, 0.0000000000000000000000000
248, -0.5000000000000000000000000, 3.0000000000000000000000000, 1.5707999999999999740651901, 0.0000000000000000000000000
249, 1.0000000000000000000000000, 0.5000000000000000000000000, 0.0000000000000000000000000, 0.0000000000000000000000000
250, 2.5000000000000000000000000, 4.5000000000000000000000000, -3.1415853071795862838655466, 0.0000000000000000000000000
251, 0.0000000000000000000000000, 5.5000000000000000000000000, -3.1415853071795862838655466, 0.0000000000000000000000000
252, 2.0000000000000000000000000, 4.0000000000000000000000000, 0.0000000000000000000000000, 0.0000000000000000000000000
253, 1.0000000000000000000000000, 0.0000000000000000000000000, -3.1415853071795862838655466, 0.0000000000000000000000000
254, 0.5000000000000000000000000, 2.0000000000000000000000000, -1.5707999999999999740651901, 0.0000000000000000000000000
255, 2.5000000000000000000000000, 1.0000000000000000000000000, 0.0000000000000000000000000, 0.0000000000000000000000000
256, 0.0000000000000000000000000, 5.0000000000000000000000000, 0.0000000000000000000000000, 0.0000000000000000000000000
