512,192,2
512,493,3
511,478,3
511,137,2
510,344,2
510,504,3
510,405,3
510,111,2
510,181,1
509,475,2
509,391,3
509,328,2
508,502,4
508,168,3
93,508,3
507,473,4
507,356,2
504,147,2
502,107,2
498,450,3
496,509,2
495,472,4
495,109,2
494,56,2
493,318,3
493,194,1
493,190,2
492,443,4
491,190,2
395,491,3
489,403,2
489,275,1
489,447,4
489,446,5
489,459,3
487,451,3
483,487,3
481,443,2
481,50,2
479,151,4
479,449,2
479,475,4
479,481,1
478,295,3
478,511,3
477,213,2
477,492,3
476,339,4
476,311,2
184,473,3
473,34,3
473,429,3
472,37,2
471,401,4
471,403,1
465,38,2
464,295,2
464,162,3
464,477,2
464,511,3
461,257,2
461,99,3
461,322,1
460,280,2
460,171,4
460,287,1
459,352,3
459,77,2
459,489,3
453,63,2
453,493,3
451,75,2
451,40,1
451,323,3
451,341,2
451,193,5
451,483,3
156,450,3
450,448,4
450,472,4
449,392,1
449,479,2
448,438,4
448,366,2
448,121,1
448,422,3
448,371,3
448,6,2
447,450,5
447,459,4
178,447,3
445,397,2
445,429,2
445,194,2
445,230,2
445,7,3
445,315,1
445,4,1
443,71,3
441,369,2
441,145,2
441,448,2
440,376,2
438,265,3
438,336,2
438,199,2
180,438,3
437,378,2
437,403,3
437,9,3
437,459,3
437,472,2
435,54,2
435,504,2
434,378,1
434,126,2
434,431,2
434,363,2
434,336,4
434,100,3
433,161,2
433,3,1
431,318,4
431,384,3
431,234,2
431,238,1
431,156,4
431,55,2
431,434,2
429,422,5
429,265,1
427,126,2
427,202,2
427,418,2
426,75,1
426,404,4
426,341,3
426,278,2
424,405,2
424,225,1
424,283,2
424,435,1
419,257,3
419,159,2
229,181,2
223,63,4
223,193,3
223,246,5
223,261,1
223,348,1
218,186,2
218,211,4
218,34,4
218,230,3
218,238,3
218,438,4
218,507,1
303,116,2
303,41,1
303,258,4
303,24,2
82,212,5
339,325,5
339,379,2
339,382,2
92,209,4
206,174,2
206,271,2
79,199,3
199,211,2
197,160,2
196,90,2
196,241,2
194,395,4
194,445,2
194,493,1
194,494,1
193,182,2
193,223,3
193,263,5
193,265,4
193,278,3
191,128,2
191,148,2
185,239,1
185,300,2
185,378,2
172,180,4
172,512,3
402,379,2
402,0,2
402,174,1
402,399,3
48,176,4
48,419,3
174,206,2
174,307,2
171,197,2
171,495,2
169,99,2
169,87,2
169,168,2
169,176,3
169,461,2
379,307,1
379,382,2
160,13,2
417,60,2
417,241,2
417,424,5
417,477,3
417,511,2
108,355,3
365,110,3
24,204,2
24,303,2
281,139,1
281,400,1
151,28,2
151,249,2
151,370,2
148,198,2
405,49,3
147,2,2
147,283,4
147,317,2
404,301,3
404,35,2
404,451,4
187,148,3
187,196,2
187,424,2
317,187,2
317,90,1
56,141,2
56,445,3
139,165,3
139,212,3
139,281,1
139,292,2
139,339,1
138,10,1
138,33,2
138,23,2
138,76,3
138,54,5
138,149,3
126,86,2
126,199,5
126,431,4
383,230,2
383,172,2
31,193,4
31,315,2
31,491,2
123,19,4
123,139,3
123,402,3
121,75,4
121,122,4
121,184,5
121,192,5
121,211,2
121,304,2
121,448,1
378,185,3
378,371,4
378,427,4
378,434,1
378,437,2
37,239,2
294,83,2
294,365,2
186,7,3
186,190,4
186,218,2
186,315,2
186,397,1
186,507,1
118,151,1
118,370,1
118,407,2
375,384,3
204,213,5
204,392,2
77,167,3
77,200,2
334,409,1
2,110,3
2,128,3
2,478,2
259,122,2
259,366,4
259,429,2
259,512,2
111,80,2
111,138,2
111,510,2
50,71,2
307,298,3
307,267,2
307,123,2
307,197,5
307,107,2
307,311,2
307,402,1
109,171,2
109,239,2
109,267,5
109,300,1
366,318,1
366,261,1
366,350,5
366,44,5
7,56,2
7,150,3
7,269,2
55,37,4
55,211,4
55,238,3
312,292,1
312,272,2
312,282,2
312,95,2
312,5,2
312,342,1
49,33,4
49,2,4
49,76,5
49,80,2
49,225,3
49,293,1
49,377,3
165,212,5
38,272,3
38,301,2
295,110,2
295,135,2
97,80,2
97,10,2
97,377,3
300,109,1
168,84,1
168,250,4
168,451,1
41,50,4
41,204,2
41,303,1
41,392,2
100,140,3
167,200,5
167,332,4
40,17,3
40,92,5
40,99,2
40,159,5
40,165,4
40,168,2
40,209,4
40,212,2
40,307,5
40,350,1
40,451,1
226,186,2
226,203,1
99,82,2
99,169,2
99,282,2
99,350,3
356,103,2
356,203,2
356,439,2
62,118,3
62,162,2
3,38,5
3,44,5
3,48,4
3,64,4
3,75,2
3,92,5
3,98,5
3,340,2
3,433,1
4,121,4
4,122,4
4,141,4
4,145,4
4,184,4
4,186,2
4,192,4
4,265,2
4,324,2
4,375,3
4,445,1
261,141,3
261,145,2
261,235,2
261,194,2
261,259,4
261,93,4
261,223,1
261,366,1
261,441,3
190,223,2
63,31,2
63,397,2
17,40,3
17,95,3
203,226,1
203,356,2
203,401,1
76,10,3
76,344,2
128,33,4
128,133,4
128,137,2
128,424,2
1,77,2
1,200,2
1,296,1
258,328,1
258,332,2
258,475,2
30,24,5
30,200,2
30,496,2
287,8,3
287,307,3
287,460,1
216,193,2
216,190,4
216,6,4
216,261,3
216,265,2
89,83,4
89,118,3
89,135,4
89,162,4
89,249,1
140,200,3
140,300,4
140,434,3
397,186,1
397,103,2
397,453,2
13,0,3
13,280,1
270,352,3
15,2,5
15,46,2
15,68,1
15,253,2
15,464,2
272,112,2
272,98,2
272,250,2
272,257,1
272,312,2
155,38,3
155,5,1
155,342,2
412,384,3
412,434,3
412,473,2
28,68,2
87,19,5
87,95,1
87,292,2
87,364,2
344,229,2
344,138,3
135,133,3
135,198,2
135,249,4
135,417,1
135,464,2
392,302,4
392,391,2
392,41,2
8,17,5
265,216,2
265,238,1
265,4,2
265,218,2
19,8,2
19,379,3
162,15,1
162,60,2
35,155,2
292,233,3
292,290,5
292,312,1
292,382,1
133,15,3
133,253,2
6,34,4
6,121,1
263,7,2
263,395,3
68,62,3
68,15,1
68,28,2
68,89,1
325,350,3
325,476,2
9,77,3
137,106,2
137,147,4
137,191,2
137,198,1
137,294,3
10,111,1
10,138,1
267,19,2
267,271,3
267,307,3
25,90,3
25,191,2
282,312,2
211,180,4
211,140,5
211,121,2
211,199,2
211,304,2
211,363,1
84,3,2
84,168,1
84,176,5
84,251,2
84,292,4
84,367,1
5,48,4
5,64,2
5,87,4
5,92,5
5,98,3
5,112,2
5,155,1
5,281,2
5,400,1
198,137,1
198,90,2
198,135,2
198,28,4
198,148,2
71,24,4
71,68,4
71,89,2
71,249,1
328,77,4
328,167,2
328,30,4
328,509,2
202,270,5
202,427,2
202,471,2
202,489,1
75,84,2
75,87,4
75,93,4
75,182,3
75,426,1
75,441,2
332,116,1
80,25,3
80,510,2
83,28,3
340,3,2
340,323,3
213,302,4
213,407,4
86,126,2
86,140,3
86,275,3
86,437,1
90,60,4
90,2,2
90,128,1
90,225,2
90,317,1
161,108,3
161,323,4
161,358,2
161,433,2
161,440,2
34,371,3
200,1,2
200,30,3
200,270,4
200,275,2
14,203,2
14,403,4
271,298,4
271,399,2
95,93,4
95,17,3
95,35,4
95,107,3
95,165,3
95,169,1
95,212,2
95,451,2
352,446,4
150,172,4
150,190,3
407,386,2
407,89,3
23,97,2
280,334,2
280,460,2
0,206,2
0,287,2
257,48,3
257,64,2
257,251,4
257,35,3
257,272,1
257,416,2
181,229,2
181,293,2
181,510,1
54,187,2
54,191,3
54,293,2
311,209,4
311,87,2
311,402,3
416,322,1
416,161,4
416,358,3
363,6,2
363,431,2
107,139,2
107,212,2
107,307,2
107,382,1
364,87,2
364,350,1
110,68,3
110,407,2
367,355,4
367,376,1
367,416,2
112,5,2
112,272,2
369,99,3
369,75,2
225,196,2
225,147,3
225,25,2
225,293,2
225,424,1
98,112,2
355,433,5
116,115,4
116,24,2
116,303,2
116,328,2
230,203,4
230,223,4
230,445,2
233,123,3
233,278,5
233,502,2
234,109,5
234,412,1
234,431,2
234,438,2
235,216,3
235,261,2
238,234,3
238,239,5
238,259,3
238,265,1
238,374,2
238,498,2
239,185,1
239,37,2
239,140,2
241,295,2
246,4,3
290,282,3
249,213,3
249,71,1
249,115,5
249,479,2
250,419,2
250,483,5
44,250,3
44,483,4
301,312,5
301,367,5
301,404,3
251,290,2
251,322,3
251,426,3
176,389,3
253,135,2
253,133,2
253,407,2
391,381,2
269,235,3
275,202,2
275,37,4
275,126,3
275,296,1
275,489,1
324,235,2
324,278,5
324,348,3
324,375,5
278,168,3
278,426,2
283,187,2
283,293,1
283,510,2
293,97,4
293,83,5
293,25,3
293,49,1
293,181,2
293,283,1
296,1,1
296,437,3
296,489,2
304,55,4
304,216,1
304,79,3
304,375,4
304,429,2
386,370,2
103,356,2
103,383,2
315,31,2
315,383,2
315,445,1
315,453,1
318,304,2
318,366,1
318,448,1
370,295,4
370,62,2
370,46,2
370,365,5
370,118,1
322,44,3
322,342,3
322,376,2
322,416,1
322,461,1
322,465,2
323,257,3
323,404,2
323,451,3
141,324,4
141,348,2
209,325,3
192,336,4
342,323,4
342,322,3
342,312,1
149,344,3
348,269,3
348,194,2
348,223,1
348,150,5
350,40,1
350,192,5
350,325,3
350,233,3
350,364,1
358,93,4
371,434,4
371,448,3
401,14,1
374,304,2
376,342,4
376,340,2
376,84,2
376,369,4
115,381,3
381,443,2
381,449,2
382,292,1
382,379,2
382,107,1
382,341,2
384,371,4
384,4,3
389,123,4
389,169,3
399,402,2
400,82,3
400,5,1
400,389,4
403,178,4
403,437,3
403,471,1
403,489,2
377,405,3
409,267,3
409,13,2
409,160,2
409,495,2

