512,5.0000,-2.0000,0.0005,0.7071,0.0000,0.0000,0.7071,-0.0000,-0.0000,0.0001,-0.0000,0.0001,0.0001,0.0001,-0.0000,-0.0000,0.0000,-0.0000,-0.0000,-0.0000,0.0000,0.0000,-0.0000,0.0000,-0.0000,-0.0000,-0.0000
511,-9.0000,2.0000,0.0005,1.0000,0.0000,0.0000,0.0000,-0.0000,-0.0000,0.0001,-0.0000,0.0001,0.0001,0.0001,-0.0000,-0.0000,0.0000,-0.0000,-0.0000,-0.0000,0.0000,0.0000,-0.0000,0.0000,-0.0000,-0.0000,-0.0000
510,-8.0000,-3.0000,0.0005,1.0000,0.0000,0.0000,0.0000,-0.0000,-0.0000,0.0001,-0.0000,0.0001,0.0001,0.0001,-0.0000,-0.0000,0.0000,-0.0000,-0.0000,-0.0000,0.0000,0.0000,-0.0000,0.0000,-0.0000,-0.0000,-0.0000
509,-4.0000,-1.0000,0.0005,0.7071,0.0000,0.0000,0.7071,-0.0000,-0.0000,0.0001,-0.0000,0.0001,0.0001,0.0001,-0.0000,-0.0000,0.0000,-0.0000,-0.0000,-0.0000,0.0000,0.0000,-0.0000,0.0000,-0.0000,-0.0000,-0.0000
508,4.0000,2.0000,0.0005,0.7071,0.0000,0.0000,0.7071,-0.0000,-0.0000,0.0001,-0.0000,0.0001,0.0001,0.0001,-0.0000,-0.0000,0.0000,-0.0000,-0.0000,-0.0000,0.0000,0.0000,-0.0000,0.0000,-0.0000,-0.0000,-0.0000
507,6.0000,-4.0000,0.0005,1.0000,0.0000,0.0000,0.0000,-0.0000,-0.0000,0.0001,-0.0000,0.0001,0.0001,0.0001,-0.0000,-0.0000,0.0000,-0.0000,-0.0000,-0.0000,0.0000,0.0000,-0.0000,0.0000,-0.0000,-0.0000,-0.0000
504,-7.0000,-1.0000,0.0005,0.7071,0.0000,0.0000,0.7071,-0.0000,-0.0000,0.0001,-0.0000,0.0001,0.0001,0.0001,-0.0000,-0.0000,0.0000,-0.0000,-0.0000,-0.0000,0.0000,0.0000,-0.0000,0.0000,-0.0000,-0.0000,-0.0000
502,2.0000,4.0000,0.0005,0.7071,0.0000,0.0000,0.7071,-0.0000,-0.0000,0.0001,-0.0000,0.0001,0.0001,0.0001,-0.0000,-0.0000,0.0000,-0.0000,-0.0000,-0.0000,0.0000,0.0000,-0.0000,0.0000,-0.0000,-0.0000,-0.0000
498,2.0000,-4.0000,0.0005,0.7071,0.0000,0.0000,0.7071,-0.0000,-0.0000,0.0001,-0.0000,0.0001,0.0001,0.0001,-0.0000,-0.0000,0.0000,-0.0000,-0.0000,-0.0000,0.0000,0.0000,-0.0000,0.0000,-0.0000,-0.0000,-0.0000
496,-4.0000,-2.0000,0.0005,0.7071,0.0000,0.0000,0.7071,-0.0000,-0.0000,0.0001,-0.0000,0.0001,0.0001,0.0001,-0.0000,-0.0000,0.0000,-0.0000,-0.0000,-0.0000,0.0000,0.0000,-0.0000,0.0000,-0.0000,-0.0000,-0.0000
495,-1.0000,0.0000,0.0005,1.0000,0.0000,0.0000,0.0000,-0.0000,-0.0000,0.0001,-0.0000,0.0001,0.0001,0.0001,-0.0000,-0.0000,0.0000,-0.0000,-0.0000,-0.0000,0.0000,0.0000,-0.0000,0.0000,-0.0000,-0.0000,-0.0000
494,9.0000,-2.0000,0.0005,1.0000,0.0000,0.0000,0.0000,-0.0000,-0.0000,0.0001,-0.0000,0.0001,0.0001,0.0001,-0.0000,-0.0000,0.0000,-0.0000,-0.0000,-0.0000,0.0000,0.0000,-0.0000,0.0000,-0.0000,-0.0000,-0.0000
493,7.0000,-2.0000,0.0005,1.0000,0.0000,0.0000,0.0000,-0.0000,-0.0000,0.0001,-0.0000,0.0001,0.0001,0.0001,-0.0000,-0.0000,0.0000,-0.0000,-0.0000,-0.0000,0.0000,0.0000,-0.0000,0.0000,-0.0000,-0.0000,-0.0000
492,-4.0000,5.0000,0.0005,1.0000,0.0000,0.0000,0.0000,-0.0000,-0.0000,0.0001,-0.0000,0.0001,0.0001,0.0001,-0.0000,-0.0000,0.0000,-0.0000,-0.0000,-0.0000,0.0000,0.0000,-0.0000,0.0000,-0.0000,-0.0000,-0.0000
491,8.0000,-2.0000,0.0005,0.7071,0.0000,0.0000,0.7071,-0.0000,-0.0000,0.0001,-0.0000,0.0001,0.0001,0.0001,-0.0000,-0.0000,0.0000,-0.0000,-0.0000,-0.0000,0.0000,0.0000,-0.0000,0.0000,-0.0000,-0.0000,-0.0000
489,-2.0000,-5.0000,0.0005,1.0000,0.0000,0.0000,0.0000,-0.0000,-0.0000,0.0001,-0.0000,0.0001,0.0001,0.0001,-0.0000,-0.0000,0.0000,-0.0000,-0.0000,-0.0000,0.0000,0.0000,-0.0000,0.0000,-0.0000,-0.0000,-0.0000
487,3.0000,2.0000,0.0005,0.7071,0.0000,0.0000,0.7071,-0.0000,-0.0000,0.0001,-0.0000,0.0001,0.0001,0.0001,-0.0000,-0.0000,0.0000,-0.0000,-0.0000,-0.0000,0.0000,0.0000,-0.0000,0.0000,-0.0000,-0.0000,-0.0000
483,4.0000,1.0000,0.0005,0.0000,0.0000,0.0000,1.0000,-0.0000,-0.0000,0.0001,-0.0000,0.0001,0.0001,0.0001,-0.0000,-0.0000,0.0000,-0.0000,-0.0000,-0.0000,0.0000,0.0000,-0.0000,0.0000,-0.0000,-0.0000,-0.0000
481,-5.0000,3.0000,0.0005,1.0000,0.0000,0.0000,0.0000,-0.0000,-0.0000,0.0001,-0.0000,0.0001,0.0001,0.0001,-0.0000,-0.0000,0.0000,-0.0000,-0.0000,-0.0000,0.0000,0.0000,-0.0000,0.0000,-0.0000,-0.0000,-0.0000
479,-4.0000,3.0000,0.0005,1.0000,0.0000,0.0000,0.0000,-0.0000,-0.0000,0.0001,-0.0000,0.0001,0.0001,0.0001,-0.0000,-0.0000,0.0000,-0.0000,-0.0000,-0.0000,0.0000,0.0000,-0.0000,0.0000,-0.0000,-0.0000,-0.0000
478,-7.0000,1.0000,0.0005,1.0000,0.0000,0.0000,0.0000,-0.0000,-0.0000,0.0001,-0.0000,0.0001,0.0001,0.0001,-0.0000,-0.0000,0.0000,-0.0000,-0.0000,-0.0000,0.0000,0.0000,-0.0000,0.0000,-0.0000,-0.0000,-0.0000
477,-6.0000,4.0000,0.0005,0.7071,0.0000,0.0000,0.7071,-0.0000,-0.0000,0.0001,-0.0000,0.0001,0.0001,0.0001,-0.0000,-0.0000,0.0000,-0.0000,-0.0000,-0.0000,0.0000,0.0000,-0.0000,0.0000,-0.0000,-0.0000,-0.0000
476,1.0000,3.0000,0.0005,0.7071,0.0000,0.0000,0.7071,-0.0000,-0.0000,0.0001,-0.0000,0.0001,0.0001,0.0001,-0.0000,-0.0000,0.0000,-0.0000,-0.0000,-0.0000,0.0000,0.0000,-0.0000,0.0000,-0.0000,-0.0000,-0.0000
475,-4.0000,0.0000,0.0005,0.7071,0.0000,0.0000,0.7071,-0.0000,-0.0000,0.0001,-0.0000,0.0001,0.0001,0.0001,-0.0000,-0.0000,0.0000,-0.0000,-0.0000,-0.0000,0.0000,0.0000,-0.0000,0.0000,-0.0000,-0.0000,-0.0000
473,3.0000,-3.0000,0.0005,0.7071,0.0000,0.0000,0.7071,-0.0000,-0.0000,0.0001,-0.0000,0.0001,0.0001,0.0001,-0.0000,-0.0000,0.0000,-0.0000,-0.0000,-0.0000,0.0000,0.0000,-0.0000,0.0000,-0.0000,-0.0000,-0.0000
472,-1.0000,-3.0000,0.0005,0.7071,0.0000,0.0000,0.7071,-0.0000,-0.0000,0.0001,-0.0000,0.0001,0.0001,0.0001,-0.0000,-0.0000,0.0000,-0.0000,-0.0000,-0.0000,0.0000,0.0000,-0.0000,0.0000,-0.0000,-0.0000,-0.0000
471,1.0000,-5.0000,0.0005,1.0000,0.0000,0.0000,0.0000,-0.0000,-0.0000,0.0001,-0.0000,0.0001,0.0001,0.0001,-0.0000,-0.0000,0.0000,-0.0000,-0.0000,-0.0000,0.0000,0.0000,-0.0000,0.0000,-0.0000,-0.0000,-0.0000
465,9.0000,4.0000,0.0005,0.7071,0.0000,0.0000,0.7071,-0.0000,-0.0000,0.0001,-0.0000,0.0001,0.0001,0.0001,-0.0000,-0.0000,0.0000,-0.0000,-0.0000,-0.0000,0.0000,0.0000,-0.0000,0.0000,-0.0000,-0.0000,-0.0000
464,-7.0000,3.0000,0.0005,1.0000,0.0000,0.0000,0.0000,-0.0000,-0.0000,0.0001,-0.0000,0.0001,0.0001,0.0001,-0.0000,-0.0000,0.0000,-0.0000,-0.0000,-0.0000,0.0000,0.0000,-0.0000,0.0000,-0.0000,-0.0000,-0.0000
461,7.0000,3.0000,0.0005,1.0000,0.0000,0.0000,0.0000,-0.0000,-0.0000,0.0001,-0.0000,0.0001,0.0001,0.0001,-0.0000,-0.0000,0.0000,-0.0000,-0.0000,-0.0000,0.0000,0.0000,-0.0000,0.0000,-0.0000,-0.0000,-0.0000
460,-1.0000,3.0000,0.0005,1.0000,0.0000,0.0000,0.0000,-0.0000,-0.0000,0.0001,-0.0000,0.0001,0.0001,0.0001,-0.0000,-0.0000,0.0000,-0.0000,-0.0000,-0.0000,0.0000,0.0000,-0.0000,0.0000,-0.0000,-0.0000,-0.0000
459,-4.0000,-5.0000,0.0005,0.7071,0.0000,0.0000,0.7071,-0.0000,-0.0000,0.0001,-0.0000,0.0001,0.0001,0.0001,-0.0000,-0.0000,0.0000,-0.0000,-0.0000,-0.0000,0.0000,0.0000,-0.0000,0.0000,-0.0000,-0.0000,-0.0000
453,9.0000,-3.0000,0.0005,1.0000,0.0000,0.0000,0.0000,-0.0000,-0.0000,0.0001,-0.0000,0.0001,0.0001,0.0001,-0.0000,-0.0000,0.0000,-0.0000,-0.0000,-0.0000,0.0000,0.0000,-0.0000,0.0000,-0.0000,-0.0000,-0.0000
451,5.0000,2.0000,0.0005,1.0000,0.0000,0.0000,0.0000,-0.0000,-0.0000,0.0001,-0.0000,0.0001,0.0001,0.0001,-0.0000,-0.0000,0.0000,-0.0000,-0.0000,-0.0000,0.0000,0.0000,-0.0000,0.0000,-0.0000,-0.0000,-0.0000
450,1.0000,-2.0000,0.0005,0.7071,0.0000,0.0000,0.7071,-0.0000,-0.0000,0.0001,-0.0000,0.0001,0.0001,0.0001,-0.0000,-0.0000,0.0000,-0.0000,-0.0000,-0.0000,0.0000,0.0000,-0.0000,0.0000,-0.0000,-0.0000,-0.0000
449,-5.0000,2.0000,0.0005,1.0000,0.0000,0.0000,0.0000,-0.0000,-0.0000,0.0001,-0.0000,0.0001,0.0001,0.0001,-0.0000,-0.0000,0.0000,-0.0000,-0.0000,-0.0000,0.0000,0.0000,-0.0000,0.0000,-0.0000,-0.0000,-0.0000
448,4.0000,-1.0000,0.0005,1.0000,0.0000,0.0000,0.0000,-0.0000,-0.0000,0.0001,-0.0000,0.0001,0.0001,0.0001,-0.0000,-0.0000,0.0000,-0.0000,-0.0000,-0.0000,0.0000,0.0000,-0.0000,0.0000,-0.0000,-0.0000,-0.0000
447,-2.0000,-4.0000,0.0005,0.7071,0.0000,0.0000,0.7071,-0.0000,-0.0000,0.0001,-0.0000,0.0001,0.0001,0.0001,-0.0000,-0.0000,0.0000,-0.0000,-0.0000,-0.0000,0.0000,0.0000,-0.0000,0.0000,-0.0000,-0.0000,-0.0000
446,-5.0000,-3.0000,0.0005,-0.7071,0.0000,0.0000,0.7071,-0.0000,-0.0000,0.0001,-0.0000,0.0001,0.0001,0.0001,-0.0000,-0.0000,0.0000,-0.0000,-0.0000,-0.0000,0.0000,0.0000,-0.0000,0.0000,-0.0000,-0.0000,-0.0000
445,7.0000,-3.0000,0.0005,1.0000,0.0000,0.0000,0.0000,-0.0000,-0.0000,0.0001,-0.0000,0.0001,0.0001,0.0001,-0.0000,-0.0000,0.0000,-0.0000,-0.0000,-0.0000,0.0000,0.0000,-0.0000,0.0000,-0.0000,-0.0000,-0.0000
443,-5.0000,3.0000,0.0005,0.7071,0.0000,0.0000,0.7071,-0.0000,-0.0000,0.0001,-0.0000,0.0001,0.0001,0.0001,-0.0000,-0.0000,0.0000,-0.0000,-0.0000,-0.0000,0.0000,0.0000,-0.0000,0.0000,-0.0000,-0.0000,-0.0000
441,5.0000,0.0000,0.0005,1.0000,0.0000,0.0000,0.0000,-0.0000,-0.0000,0.0001,-0.0000,0.0001,0.0001,0.0001,-0.0000,-0.0000,0.0000,-0.0000,-0.0000,-0.0000,0.0000,0.0000,-0.0000,0.0000,-0.0000,-0.0000,-0.0000
440,9.0000,2.0000,0.0005,0.7071,0.0000,0.0000,0.7071,-0.0000,-0.0000,0.0001,-0.0000,0.0001,0.0001,0.0001,-0.0000,-0.0000,0.0000,-0.0000,-0.0000,-0.0000,0.0000,0.0000,-0.0000,0.0000,-0.0000,-0.0000,-0.0000
439,9.0000,-5.0000,0.0005,1.0000,0.0000,0.0000,0.0000,-0.0000,-0.0000,0.0001,-0.0000,0.0001,0.0001,0.0001,-0.0000,-0.0000,0.0000,-0.0000,-0.0000,-0.0000,0.0000,0.0000,-0.0000,0.0000,-0.0000,-0.0000,-0.0000
438,2.0000,-3.0000,0.0005,0.7071,0.0000,0.0000,0.7071,-0.0000,-0.0000,0.0001,-0.0000,0.0001,0.0001,0.0001,-0.0000,-0.0000,0.0000,-0.0000,-0.0000,-0.0000,0.0000,0.0000,-0.0000,0.0000,-0.0000,-0.0000,-0.0000
437,-2.0000,-4.0000,0.0005,1.0000,0.0000,0.0000,0.0000,-0.0000,-0.0000,0.0001,-0.0000,0.0001,0.0001,0.0001,-0.0000,-0.0000,0.0000,-0.0000,-0.0000,-0.0000,0.0000,0.0000,-0.0000,0.0000,-0.0000,-0.0000,-0.0000
435,-7.0000,-1.0000,0.0005,1.0000,0.0000,0.0000,0.0000,-0.0000,-0.0000,0.0001,-0.0000,0.0001,0.0001,0.0001,-0.0000,-0.0000,0.0000,-0.0000,-0.0000,-0.0000,0.0000,0.0000,-0.0000,0.0000,-0.0000,-0.0000,-0.0000
434,0.0000,-3.0000,0.0005,1.0000,0.0000,0.0000,0.0000,-0.0000,-0.0000,0.0001,-0.0000,0.0001,0.0001,0.0001,-0.0000,-0.0000,0.0000,-0.0000,-0.0000,-0.0000,0.0000,0.0000,-0.0000,0.0000,-0.0000,-0.0000,-0.0000
433,9.0000,1.0000,0.0005,1.0000,0.0000,0.0000,0.0000,-0.0000,-0.0000,0.0001,-0.0000,0.0001,0.0001,0.0001,-0.0000,-0.0000,0.0000,-0.0000,-0.0000,-0.0000,0.0000,0.0000,-0.0000,0.0000,-0.0000,-0.0000,-0.0000
431,2.0000,-3.0000,0.0005,1.0000,0.0000,0.0000,0.0000,-0.0000,-0.0000,0.0001,-0.0000,0.0001,0.0001,0.0001,-0.0000,-0.0000,0.0000,-0.0000,-0.0000,-0.0000,0.0000,0.0000,-0.0000,0.0000,-0.0000,-0.0000,-0.0000
429,5.0000,-3.0000,0.0005,1.0000,0.0000,0.0000,0.0000,-0.0000,-0.0000,0.0001,-0.0000,0.0001,0.0001,0.0001,-0.0000,-0.0000,0.0000,-0.0000,-0.0000,-0.0000,0.0000,0.0000,-0.0000,0.0000,-0.0000,-0.0000,-0.0000
427,-1.0000,-5.0000,0.0005,0.7071,0.0000,0.0000,0.7071,-0.0000,-0.0000,0.0001,-0.0000,0.0001,0.0001,0.0001,-0.0000,-0.0000,0.0000,-0.0000,-0.0000,-0.0000,0.0000,0.0000,-0.0000,0.0000,-0.0000,-0.0000,-0.0000
426,5.0000,1.0000,0.0005,1.0000,0.0000,0.0000,0.0000,-0.0000,-0.0000,0.0001,-0.0000,0.0001,0.0001,0.0001,-0.0000,-0.0000,0.0000,-0.0000,-0.0000,-0.0000,0.0000,0.0000,-0.0000,0.0000,-0.0000,-0.0000,-0.0000
424,-8.0000,-1.0000,0.0005,1.0000,0.0000,0.0000,0.0000,-0.0000,-0.0000,0.0001,-0.0000,0.0001,0.0001,0.0001,-0.0000,-0.0000,0.0000,-0.0000,-0.0000,-0.0000,0.0000,0.0000,-0.0000,0.0000,-0.0000,-0.0000,-0.0000
422,2.0000,-1.0000,0.0005,-0.7071,0.0000,0.0000,0.7071,-0.0000,-0.0000,0.0001,-0.0000,0.0001,0.0001,0.0001,-0.0000,-0.0000,0.0000,-0.0000,-0.0000,-0.0000,0.0000,0.0000,-0.0000,0.0000,-0.0000,-0.0000,-0.0000
419,6.0000,4.0000,0.0005,0.7071,0.0000,0.0000,0.7071,-0.0000,-0.0000,0.0001,-0.0000,0.0001,0.0001,0.0001,-0.0000,-0.0000,0.0000,-0.0000,-0.0000,-0.0000,0.0000,0.0000,-0.0000,0.0000,-0.0000,-0.0000,-0.0000
418,-2.0000,-4.0000,0.0005,0.0000,0.0000,0.0000,1.0000,-0.0000,-0.0000,0.0001,-0.0000,0.0001,0.0001,0.0001,-0.0000,-0.0000,0.0000,-0.0000,-0.0000,-0.0000,0.0000,0.0000,-0.0000,0.0000,-0.0000,-0.0000,-0.0000
417,-7.0000,2.0000,0.0005,1.0000,0.0000,0.0000,0.0000,-0.0000,-0.0000,0.0001,-0.0000,0.0001,0.0001,0.0001,-0.0000,-0.0000,0.0000,-0.0000,-0.0000,-0.0000,0.0000,0.0000,-0.0000,0.0000,-0.0000,-0.0000,-0.0000
416,9.0000,3.0000,0.0005,1.0000,0.0000,0.0000,0.0000,-0.0000,-0.0000,0.0001,-0.0000,0.0001,0.0001,0.0001,-0.0000,-0.0000,0.0000,-0.0000,-0.0000,-0.0000,0.0000,0.0000,-0.0000,0.0000,-0.0000,-0.0000,-0.0000
412,2.0000,-4.0000,0.0005,1.0000,0.0000,0.0000,0.0000,-0.0000,-0.0000,0.0001,-0.0000,0.0001,0.0001,0.0001,-0.0000,-0.0000,0.0000,-0.0000,-0.0000,-0.0000,0.0000,0.0000,-0.0000,0.0000,-0.0000,-0.0000,-0.0000
409,-2.0000,1.0000,0.0005,1.0000,0.0000,0.0000,0.0000,-0.0000,-0.0000,0.0001,-0.0000,0.0001,0.0001,0.0001,-0.0000,-0.0000,0.0000,-0.0000,-0.0000,-0.0000,0.0000,0.0000,-0.0000,0.0000,-0.0000,-0.0000,-0.0000
407,-8.0000,4.0000,0.0005,0.7071,0.0000,0.0000,0.7071,-0.0000,-0.0000,0.0001,-0.0000,0.0001,0.0001,0.0001,-0.0000,-0.0000,0.0000,-0.0000,-0.0000,-0.0000,0.0000,0.0000,-0.0000,0.0000,-0.0000,-0.0000,-0.0000
405,-9.0000,-2.0000,0.0005,0.7071,0.0000,0.0000,0.7071,-0.0000,-0.0000,0.0001,-0.0000,0.0001,0.0001,0.0001,-0.0000,-0.0000,0.0000,-0.0000,-0.0000,-0.0000,0.0000,0.0000,-0.0000,0.0000,-0.0000,-0.0000,-0.0000
404,7.0000,4.0000,0.0005,0.7071,0.0000,0.0000,0.7071,-0.0000,-0.0000,0.0001,-0.0000,0.0001,0.0001,0.0001,-0.0000,-0.0000,0.0000,-0.0000,-0.0000,-0.0000,0.0000,0.0000,-0.0000,0.0000,-0.0000,-0.0000,-0.0000
403,0.0000,-5.0000,0.0005,1.0000,0.0000,0.0000,0.0000,-0.0000,-0.0000,0.0001,-0.0000,0.0001,0.0001,0.0001,-0.0000,-0.0000,0.0000,-0.0000,-0.0000,-0.0000,0.0000,0.0000,-0.0000,0.0000,-0.0000,-0.0000,-0.0000
402,-1.0000,4.0000,0.0005,1.0000,0.0000,0.0000,0.0000,-0.0000,-0.0000,0.0001,-0.0000,0.0001,0.0001,0.0001,-0.0000,-0.0000,0.0000,-0.0000,-0.0000,-0.0000,0.0000,0.0000,-0.0000,0.0000,-0.0000,-0.0000,-0.0000
401,4.0000,-5.0000,0.0005,1.0000,0.0000,0.0000,0.0000,-0.0000,-0.0000,0.0001,-0.0000,0.0001,0.0001,0.0001,-0.0000,-0.0000,0.0000,-0.0000,-0.0000,-0.0000,0.0000,0.0000,-0.0000,0.0000,-0.0000,-0.0000,-0.0000
400,5.0000,5.0000,0.0005,1.0000,0.0000,0.0000,0.0000,-0.0000,-0.0000,0.0001,-0.0000,0.0001,0.0001,0.0001,-0.0000,-0.0000,0.0000,-0.0000,-0.0000,-0.0000,0.0000,0.0000,-0.0000,0.0000,-0.0000,-0.0000,-0.0000
399,-2.0000,5.0000,0.0005,1.0000,0.0000,0.0000,0.0000,-0.0000,-0.0000,0.0001,-0.0000,0.0001,0.0001,0.0001,-0.0000,-0.0000,0.0000,-0.0000,-0.0000,-0.0000,0.0000,0.0000,-0.0000,0.0000,-0.0000,-0.0000,-0.0000
397,8.0000,-4.0000,0.0005,1.0000,0.0000,0.0000,0.0000,-0.0000,-0.0000,0.0001,-0.0000,0.0001,0.0001,0.0001,-0.0000,-0.0000,0.0000,-0.0000,-0.0000,-0.0000,0.0000,0.0000,-0.0000,0.0000,-0.0000,-0.0000,-0.0000
395,9.0000,-3.0000,0.0005,0.0000,0.0000,0.0000,1.0000,-0.0000,-0.0000,0.0001,-0.0000,0.0001,0.0001,0.0001,-0.0000,-0.0000,0.0000,-0.0000,-0.0000,-0.0000,0.0000,0.0000,-0.0000,0.0000,-0.0000,-0.0000,-0.0000
392,-4.0000,2.0000,0.0005,1.0000,0.0000,0.0000,0.0000,-0.0000,-0.0000,0.0001,-0.0000,0.0001,0.0001,0.0001,-0.0000,-0.0000,0.0000,-0.0000,-0.0000,-0.0000,0.0000,0.0000,-0.0000,0.0000,-0.0000,-0.0000,-0.0000
391,-5.0000,1.0000,0.0005,0.7071,0.0000,0.0000,0.7071,-0.0000,-0.0000,0.0001,-0.0000,0.0001,0.0001,0.0001,-0.0000,-0.0000,0.0000,-0.0000,-0.0000,-0.0000,0.0000,0.0000,-0.0000,0.0000,-0.0000,-0.0000,-0.0000
389,3.0000,3.0000,0.0005,0.7071,0.0000,0.0000,0.7071,-0.0000,-0.0000,0.0001,-0.0000,0.0001,0.0001,0.0001,-0.0000,-0.0000,0.0000,-0.0000,-0.0000,-0.0000,0.0000,0.0000,-0.0000,0.0000,-0.0000,-0.0000,-0.0000
386,-8.0000,5.0000,0.0005,0.7071,0.0000,0.0000,0.7071,-0.0000,-0.0000,0.0001,-0.0000,0.0001,0.0001,0.0001,-0.0000,-0.0000,0.0000,-0.0000,-0.0000,-0.0000,0.0000,0.0000,-0.0000,0.0000,-0.0000,-0.0000,-0.0000
384,4.0000,-3.0000,0.0005,0.7071,0.0000,0.0000,0.7071,-0.0000,-0.0000,0.0001,-0.0000,0.0001,0.0001,0.0001,-0.0000,-0.0000,0.0000,-0.0000,-0.0000,-0.0000,0.0000,0.0000,-0.0000,0.0000,-0.0000,-0.0000,-0.0000
383,7.0000,-4.0000,0.0005,0.7071,0.0000,0.0000,0.7071,-0.0000,-0.0000,0.0001,-0.0000,0.0001,0.0001,0.0001,-0.0000,-0.0000,0.0000,-0.0000,-0.0000,-0.0000,0.0000,0.0000,-0.0000,0.0000,-0.0000,-0.0000,-0.0000
382,3.0000,4.0000,0.0005,1.0000,0.0000,0.0000,0.0000,-0.0000,-0.0000,0.0001,-0.0000,0.0001,0.0001,0.0001,-0.0000,-0.0000,0.0000,-0.0000,-0.0000,-0.0000,0.0000,0.0000,-0.0000,0.0000,-0.0000,-0.0000,-0.0000
381,-5.0000,2.0000,0.0005,0.7071,0.0000,0.0000,0.7071,-0.0000,-0.0000,0.0001,-0.0000,0.0001,0.0001,0.0001,-0.0000,-0.0000,0.0000,-0.0000,-0.0000,-0.0000,0.0000,0.0000,-0.0000,0.0000,-0.0000,-0.0000,-0.0000
379,1.0000,4.0000,0.0005,1.0000,0.0000,0.0000,0.0000,-0.0000,-0.0000,0.0001,-0.0000,0.0001,0.0001,0.0001,-0.0000,-0.0000,0.0000,-0.0000,-0.0000,-0.0000,0.0000,0.0000,-0.0000,0.0000,-0.0000,-0.0000,-0.0000
378,-1.0000,-3.0000,0.0005,1.0000,0.0000,0.0000,0.0000,-0.0000,-0.0000,0.0001,-0.0000,0.0001,0.0001,0.0001,-0.0000,-0.0000,0.0000,-0.0000,-0.0000,-0.0000,0.0000,0.0000,-0.0000,0.0000,-0.0000,-0.0000,-0.0000
377,-8.0000,-3.0000,0.0005,0.0000,0.0000,0.0000,1.0000,-0.0000,-0.0000,0.0001,-0.0000,0.0001,0.0001,0.0001,-0.0000,-0.0000,0.0000,-0.0000,-0.0000,-0.0000,0.0000,0.0000,-0.0000,0.0000,-0.0000,-0.0000,-0.0000
376,9.0000,2.0000,0.0005,1.0000,0.0000,0.0000,0.0000,-0.0000,-0.0000,0.0001,-0.0000,0.0001,0.0001,0.0001,-0.0000,-0.0000,0.0000,-0.0000,-0.0000,-0.0000,0.0000,0.0000,-0.0000,0.0000,-0.0000,-0.0000,-0.0000
375,5.0000,-4.0000,0.0005,0.0000,0.0000,0.0000,1.0000,-0.0000,-0.0000,0.0001,-0.0000,0.0001,0.0001,0.0001,-0.0000,-0.0000,0.0000,-0.0000,-0.0000,-0.0000,0.0000,0.0000,-0.0000,0.0000,-0.0000,-0.0000,-0.0000
374,4.0000,-2.0000,0.0005,0.7071,0.0000,0.0000,0.7071,-0.0000,-0.0000,0.0001,-0.0000,0.0001,0.0001,0.0001,-0.0000,-0.0000,0.0000,-0.0000,-0.0000,-0.0000,0.0000,0.0000,-0.0000,0.0000,-0.0000,-0.0000,-0.0000
371,2.0000,-1.0000,0.0005,0.7071,0.0000,0.0000,0.7071,-0.0000,-0.0000,0.0001,-0.0000,0.0001,0.0001,0.0001,-0.0000,-0.0000,0.0000,-0.0000,-0.0000,-0.0000,0.0000,0.0000,-0.0000,0.0000,-0.0000,-0.0000,-0.0000
370,-8.0000,5.0000,0.0005,1.0000,0.0000,0.0000,0.0000,-0.0000,-0.0000,0.0001,-0.0000,0.0001,0.0001,0.0001,-0.0000,-0.0000,0.0000,-0.0000,-0.0000,-0.0000,0.0000,0.0000,-0.0000,0.0000,-0.0000,-0.0000,-0.0000
369,6.0000,1.0000,0.0005,0.7071,0.0000,0.0000,0.7071,-0.0000,-0.0000,0.0001,-0.0000,0.0001,0.0001,0.0001,-0.0000,-0.0000,0.0000,-0.0000,-0.0000,-0.0000,0.0000,0.0000,-0.0000,0.0000,-0.0000,-0.0000,-0.0000
367,8.0000,2.0000,0.0005,1.0000,0.0000,0.0000,0.0000,-0.0000,-0.0000,0.0001,-0.0000,0.0001,0.0001,0.0001,-0.0000,-0.0000,0.0000,-0.0000,-0.0000,-0.0000,0.0000,0.0000,-0.0000,0.0000,-0.0000,-0.0000,-0.0000
366,6.0000,-1.0000,0.0005,1.0000,0.0000,0.0000,0.0000,-0.0000,-0.0000,0.0001,-0.0000,0.0001,0.0001,0.0001,-0.0000,-0.0000,0.0000,-0.0000,-0.0000,-0.0000,0.0000,0.0000,-0.0000,0.0000,-0.0000,-0.0000,-0.0000
365,-7.0000,2.0000,0.0005,0.0000,0.0000,0.0000,1.0000,-0.0000,-0.0000,0.0001,-0.0000,0.0001,0.0001,0.0001,-0.0000,-0.0000,0.0000,-0.0000,-0.0000,-0.0000,0.0000,0.0000,-0.0000,0.0000,-0.0000,-0.0000,-0.0000
364,2.0000,2.0000,0.0005,1.0000,0.0000,0.0000,0.0000,-0.0000,-0.0000,0.0001,-0.0000,0.0001,0.0001,0.0001,-0.0000,-0.0000,0.0000,-0.0000,-0.0000,-0.0000,0.0000,0.0000,-0.0000,0.0000,-0.0000,-0.0000,-0.0000
363,1.0000,-2.0000,0.0005,1.0000,0.0000,0.0000,0.0000,-0.0000,-0.0000,0.0001,-0.0000,0.0001,0.0001,0.0001,-0.0000,-0.0000,0.0000,-0.0000,-0.0000,-0.0000,0.0000,0.0000,-0.0000,0.0000,-0.0000,-0.0000,-0.0000
358,8.0000,2.0000,0.0005,0.0000,0.0000,0.0000,1.0000,-0.0000,-0.0000,0.0001,-0.0000,0.0001,0.0001,0.0001,-0.0000,-0.0000,0.0000,-0.0000,-0.0000,-0.0000,0.0000,0.0000,-0.0000,0.0000,-0.0000,-0.0000,-0.0000
356,7.0000,-5.0000,0.0005,1.0000,0.0000,0.0000,0.0000,-0.0000,-0.0000,0.0001,-0.0000,0.0001,0.0001,0.0001,-0.0000,-0.0000,0.0000,-0.0000,-0.0000,-0.0000,0.0000,0.0000,-0.0000,0.0000,-0.0000,-0.0000,-0.0000
355,8.0000,3.0000,0.0005,0.7071,0.0000,0.0000,0.7071,-0.0000,-0.0000,0.0001,-0.0000,0.0001,0.0001,0.0001,-0.0000,-0.0000,0.0000,-0.0000,-0.0000,-0.0000,0.0000,0.0000,-0.0000,0.0000,-0.0000,-0.0000,-0.0000
352,-5.0000,-3.0000,0.0005,0.7071,0.0000,0.0000,0.7071,-0.0000,-0.0000,0.0001,-0.0000,0.0001,0.0001,0.0001,-0.0000,-0.0000,0.0000,-0.0000,-0.0000,-0.0000,0.0000,0.0000,-0.0000,0.0000,-0.0000,-0.0000,-0.0000
350,3.0000,2.0000,0.0005,1.0000,0.0000,0.0000,0.0000,-0.0000,-0.0000,0.0001,-0.0000,0.0001,0.0001,0.0001,-0.0000,-0.0000,0.0000,-0.0000,-0.0000,-0.0000,0.0000,0.0000,-0.0000,0.0000,-0.0000,-0.0000,-0.0000
348,9.0000,-1.0000,0.0005,1.0000,0.0000,0.0000,0.0000,-0.0000,-0.0000,0.0001,-0.0000,0.0001,0.0001,0.0001,-0.0000,-0.0000,0.0000,-0.0000,-0.0000,-0.0000,0.0000,0.0000,-0.0000,0.0000,-0.0000,-0.0000,-0.0000
344,-9.0000,-4.0000,0.0005,0.7071,0.0000,0.0000,0.7071,-0.0000,-0.0000,0.0001,-0.0000,0.0001,0.0001,0.0001,-0.0000,-0.0000,0.0000,-0.0000,-0.0000,-0.0000,0.0000,0.0000,-0.0000,0.0000,-0.0000,-0.0000,-0.0000
342,6.0000,4.0000,0.0005,1.0000,0.0000,0.0000,0.0000,-0.0000,-0.0000,0.0001,-0.0000,0.0001,0.0001,0.0001,-0.0000,-0.0000,0.0000,-0.0000,-0.0000,-0.0000,0.0000,0.0000,-0.0000,0.0000,-0.0000,-0.0000,-0.0000
341,4.0000,3.0000,0.0005,-0.7071,0.0000,0.0000,0.7071,-0.0000,-0.0000,0.0001,-0.0000,0.0001,0.0001,0.0001,-0.0000,-0.0000,0.0000,-0.0000,-0.0000,-0.0000,0.0000,0.0000,-0.0000,0.0000,-0.0000,-0.0000,-0.0000
340,8.0000,1.0000,0.0005,0.7071,0.0000,0.0000,0.7071,-0.0000,-0.0000,0.0001,-0.0000,0.0001,0.0001,0.0001,-0.0000,-0.0000,0.0000,-0.0000,-0.0000,-0.0000,0.0000,0.0000,-0.0000,0.0000,-0.0000,-0.0000,-0.0000
339,2.0000,5.0000,0.0005,1.0000,0.0000,0.0000,0.0000,-0.0000,-0.0000,0.0001,-0.0000,0.0001,0.0001,0.0001,-0.0000,-0.0000,0.0000,-0.0000,-0.0000,-0.0000,0.0000,0.0000,-0.0000,0.0000,-0.0000,-0.0000,-0.0000
336,1.0000,-2.0000,0.0005,0.0000,0.0000,0.0000,1.0000,-0.0000,-0.0000,0.0001,-0.0000,0.0001,0.0001,0.0001,-0.0000,-0.0000,0.0000,-0.0000,-0.0000,-0.0000,0.0000,0.0000,-0.0000,0.0000,-0.0000,-0.0000,-0.0000
334,-1.0000,1.0000,0.0005,1.0000,0.0000,0.0000,0.0000,-0.0000,-0.0000,0.0001,-0.0000,0.0001,0.0001,0.0001,-0.0000,-0.0000,0.0000,-0.0000,-0.0000,-0.0000,0.0000,0.0000,-0.0000,0.0000,-0.0000,-0.0000,-0.0000
332,-4.0000,0.0000,0.0005,1.0000,0.0000,0.0000,0.0000,-0.0000,-0.0000,0.0001,-0.0000,0.0001,0.0001,0.0001,-0.0000,-0.0000,0.0000,-0.0000,-0.0000,-0.0000,0.0000,0.0000,-0.0000,0.0000,-0.0000,-0.0000,-0.0000
328,-4.0000,-1.0000,0.0005,1.0000,0.0000,0.0000,0.0000,-0.0000,-0.0000,0.0001,-0.0000,0.0001,0.0001,0.0001,-0.0000,-0.0000,0.0000,-0.0000,-0.0000,-0.0000,0.0000,0.0000,-0.0000,0.0000,-0.0000,-0.0000,-0.0000
325,1.0000,2.0000,0.0005,0.7071,0.0000,0.0000,0.7071,-0.0000,-0.0000,0.0001,-0.0000,0.0001,0.0001,0.0001,-0.0000,-0.0000,0.0000,-0.0000,-0.0000,-0.0000,0.0000,0.0000,-0.0000,0.0000,-0.0000,-0.0000,-0.0000
324,7.0000,-2.0000,0.0005,0.7071,0.0000,0.0000,0.7071,-0.0000,-0.0000,0.0001,-0.0000,0.0001,0.0001,0.0001,-0.0000,-0.0000,0.0000,-0.0000,-0.0000,-0.0000,0.0000,0.0000,-0.0000,0.0000,-0.0000,-0.0000,-0.0000
323,7.0000,3.0000,0.0005,0.7071,0.0000,0.0000,0.7071,-0.0000,-0.0000,0.0001,-0.0000,0.0001,0.0001,0.0001,-0.0000,-0.0000,0.0000,-0.0000,-0.0000,-0.0000,0.0000,0.0000,-0.0000,0.0000,-0.0000,-0.0000,-0.0000
322,8.0000,3.0000,0.0005,1.0000,0.0000,0.0000,0.0000,-0.0000,-0.0000,0.0001,-0.0000,0.0001,0.0001,0.0001,-0.0000,-0.0000,0.0000,-0.0000,-0.0000,-0.0000,0.0000,0.0000,-0.0000,0.0000,-0.0000,-0.0000,-0.0000
318,5.0000,-1.0000,0.0005,1.0000,0.0000,0.0000,0.0000,-0.0000,-0.0000,0.0001,-0.0000,0.0001,0.0001,0.0001,-0.0000,-0.0000,0.0000,-0.0000,-0.0000,-0.0000,0.0000,0.0000,-0.0000,0.0000,-0.0000,-0.0000,-0.0000
317,-7.0000,0.0000,0.0005,1.0000,0.0000,0.0000,0.0000,-0.0000,-0.0000,0.0001,-0.0000,0.0001,0.0001,0.0001,-0.0000,-0.0000,0.0000,-0.0000,-0.0000,-0.0000,0.0000,0.0000,-0.0000,0.0000,-0.0000,-0.0000,-0.0000
315,8.0000,-3.0000,0.0005,1.0000,0.0000,0.0000,0.0000,-0.0000,-0.0000,0.0001,-0.0000,0.0001,0.0001,0.0001,-0.0000,-0.0000,0.0000,-0.0000,-0.0000,-0.0000,0.0000,0.0000,-0.0000,0.0000,-0.0000,-0.0000,-0.0000
312,5.0000,4.0000,0.0005,1.0000,0.0000,0.0000,0.0000,-0.0000,-0.0000,0.0001,-0.0000,0.0001,0.0001,0.0001,-0.0000,-0.0000,0.0000,-0.0000,-0.0000,-0.0000,0.0000,0.0000,-0.0000,0.0000,-0.0000,-0.0000,-0.0000
311,1.0000,3.0000,0.0005,1.0000,0.0000,0.0000,0.0000,-0.0000,-0.0000,0.0001,-0.0000,0.0001,0.0001,0.0001,-0.0000,-0.0000,0.0000,-0.0000,-0.0000,-0.0000,0.0000,0.0000,-0.0000,0.0000,-0.0000,-0.0000,-0.0000
307,0.0000,4.0000,0.0005,1.0000,0.0000,0.0000,0.0000,-0.0000,-0.0000,0.0001,-0.0000,0.0001,0.0001,0.0001,-0.0000,-0.0000,0.0000,-0.0000,-0.0000,-0.0000,0.0000,0.0000,-0.0000,0.0000,-0.0000,-0.0000,-0.0000
304,4.0000,-2.0000,0.0005,1.0000,0.0000,0.0000,0.0000,-0.0000,-0.0000,0.0001,-0.0000,0.0001,0.0001,0.0001,-0.0000,-0.0000,0.0000,-0.0000,-0.0000,-0.0000,0.0000,0.0000,-0.0000,0.0000,-0.0000,-0.0000,-0.0000
303,-4.0000,1.0000,0.0005,1.0000,0.0000,0.0000,0.0000,-0.0000,-0.0000,0.0001,-0.0000,0.0001,0.0001,0.0001,-0.0000,-0.0000,0.0000,-0.0000,-0.0000,-0.0000,0.0000,0.0000,-0.0000,0.0000,-0.0000,-0.0000,-0.0000
302,-4.0000,5.0000,0.0005,-0.7071,0.0000,0.0000,0.7071,-0.0000,-0.0000,0.0001,-0.0000,0.0001,0.0001,0.0001,-0.0000,-0.0000,0.0000,-0.0000,-0.0000,-0.0000,0.0000,0.0000,-0.0000,0.0000,-0.0000,-0.0000,-0.0000
301,9.0000,5.0000,0.0005,1.0000,0.0000,0.0000,0.0000,-0.0000,-0.0000,0.0001,-0.0000,0.0001,0.0001,0.0001,-0.0000,-0.0000,0.0000,-0.0000,-0.0000,-0.0000,0.0000,0.0000,-0.0000,0.0000,-0.0000,-0.0000,-0.0000
300,-1.0000,-1.0000,0.0005,1.0000,0.0000,0.0000,0.0000,-0.0000,-0.0000,0.0001,-0.0000,0.0001,0.0001,0.0001,-0.0000,-0.0000,0.0000,-0.0000,-0.0000,-0.0000,0.0000,0.0000,-0.0000,0.0000,-0.0000,-0.0000,-0.0000
298,-2.0000,5.0000,0.0005,-0.7071,0.0000,0.0000,0.7071,-0.0000,-0.0000,0.0001,-0.0000,0.0001,0.0001,0.0001,-0.0000,-0.0000,0.0000,-0.0000,-0.0000,-0.0000,0.0000,0.0000,-0.0000,0.0000,-0.0000,-0.0000,-0.0000
296,-4.0000,-5.0000,0.0005,1.0000,0.0000,0.0000,0.0000,-0.0000,-0.0000,0.0001,-0.0000,0.0001,0.0001,0.0001,-0.0000,-0.0000,0.0000,-0.0000,-0.0000,-0.0000,0.0000,0.0000,-0.0000,0.0000,-0.0000,-0.0000,-0.0000
295,-8.0000,2.0000,0.0005,0.7071,0.0000,0.0000,0.7071,-0.0000,-0.0000,0.0001,-0.0000,0.0001,0.0001,0.0001,-0.0000,-0.0000,0.0000,-0.0000,-0.0000,-0.0000,0.0000,0.0000,-0.0000,0.0000,-0.0000,-0.0000,-0.0000
294,-6.0000,1.0000,0.0005,0.7071,0.0000,0.0000,0.7071,-0.0000,-0.0000,0.0001,-0.0000,0.0001,0.0001,0.0001,-0.0000,-0.0000,0.0000,-0.0000,-0.0000,-0.0000,0.0000,0.0000,-0.0000,0.0000,-0.0000,-0.0000,-0.0000
293,-8.0000,-2.0000,0.0005,1.0000,0.0000,0.0000,0.0000,-0.0000,-0.0000,0.0001,-0.0000,0.0001,0.0001,0.0001,-0.0000,-0.0000,0.0000,-0.0000,-0.0000,-0.0000,0.0000,0.0000,-0.0000,0.0000,-0.0000,-0.0000,-0.0000
292,4.0000,4.0000,0.0005,1.0000,0.0000,0.0000,0.0000,-0.0000,-0.0000,0.0001,-0.0000,0.0001,0.0001,0.0001,-0.0000,-0.0000,0.0000,-0.0000,-0.0000,-0.0000,0.0000,0.0000,-0.0000,0.0000,-0.0000,-0.0000,-0.0000
290,6.0000,3.0000,0.0005,0.0000,0.0000,0.0000,1.0000,-0.0000,-0.0000,0.0001,-0.0000,0.0001,0.0001,0.0001,-0.0000,-0.0000,0.0000,-0.0000,-0.0000,-0.0000,0.0000,0.0000,-0.0000,0.0000,-0.0000,-0.0000,-0.0000
287,-2.0000,3.0000,0.0005,1.0000,0.0000,0.0000,0.0000,-0.0000,-0.0000,0.0001,-0.0000,0.0001,0.0001,0.0001,-0.0000,-0.0000,0.0000,-0.0000,-0.0000,-0.0000,0.0000,0.0000,-0.0000,0.0000,-0.0000,-0.0000,-0.0000
283,-9.0000,-2.0000,0.0005,1.0000,0.0000,0.0000,0.0000,-0.0000,-0.0000,0.0001,-0.0000,0.0001,0.0001,0.0001,-0.0000,-0.0000,0.0000,-0.0000,-0.0000,-0.0000,0.0000,0.0000,-0.0000,0.0000,-0.0000,-0.0000,-0.0000
282,5.0000,4.0000,0.0005,0.7071,0.0000,0.0000,0.7071,-0.0000,-0.0000,0.0001,-0.0000,0.0001,0.0001,0.0001,-0.0000,-0.0000,0.0000,-0.0000,-0.0000,-0.0000,0.0000,0.0000,-0.0000,0.0000,-0.0000,-0.0000,-0.0000
281,4.0000,5.0000,0.0005,1.0000,0.0000,0.0000,0.0000,-0.0000,-0.0000,0.0001,-0.0000,0.0001,0.0001,0.0001,-0.0000,-0.0000,0.0000,-0.0000,-0.0000,-0.0000,0.0000,0.0000,-0.0000,0.0000,-0.0000,-0.0000,-0.0000
280,-2.0000,2.0000,0.0005,1.0000,0.0000,0.0000,0.0000,-0.0000,-0.0000,0.0001,-0.0000,0.0001,0.0001,0.0001,-0.0000,-0.0000,0.0000,-0.0000,-0.0000,-0.0000,0.0000,0.0000,-0.0000,0.0000,-0.0000,-0.0000,-0.0000
278,5.0000,1.0000,0.0005,0.7071,0.0000,0.0000,0.7071,-0.0000,-0.0000,0.0001,-0.0000,0.0001,0.0001,0.0001,-0.0000,-0.0000,0.0000,-0.0000,-0.0000,-0.0000,0.0000,0.0000,-0.0000,0.0000,-0.0000,-0.0000,-0.0000
275,-3.0000,-5.0000,0.0005,1.0000,0.0000,0.0000,0.0000,-0.0000,-0.0000,0.0001,-0.0000,0.0001,0.0001,0.0001,-0.0000,-0.0000,0.0000,-0.0000,-0.0000,-0.0000,0.0000,0.0000,-0.0000,0.0000,-0.0000,-0.0000,-0.0000
272,7.0000,4.0000,0.0005,1.0000,0.0000,0.0000,0.0000,-0.0000,-0.0000,0.0001,-0.0000,0.0001,0.0001,0.0001,-0.0000,-0.0000,0.0000,-0.0000,-0.0000,-0.0000,0.0000,0.0000,-0.0000,0.0000,-0.0000,-0.0000,-0.0000
271,-2.0000,5.0000,0.0005,0.7071,0.0000,0.0000,0.7071,-0.0000,-0.0000,0.0001,-0.0000,0.0001,0.0001,0.0001,-0.0000,-0.0000,0.0000,-0.0000,-0.0000,-0.0000,0.0000,0.0000,-0.0000,0.0000,-0.0000,-0.0000,-0.0000
270,-4.0000,-4.0000,0.0005,0.0000,0.0000,0.0000,1.0000,-0.0000,-0.0000,0.0001,-0.0000,0.0001,0.0001,0.0001,-0.0000,-0.0000,0.0000,-0.0000,-0.0000,-0.0000,0.0000,0.0000,-0.0000,0.0000,-0.0000,-0.0000,-0.0000
269,8.0000,-2.0000,0.0005,0.0000,0.0000,0.0000,1.0000,-0.0000,-0.0000,0.0001,-0.0000,0.0001,0.0001,0.0001,-0.0000,-0.0000,0.0000,-0.0000,-0.0000,-0.0000,0.0000,0.0000,-0.0000,0.0000,-0.0000,-0.0000,-0.0000
267,-1.0000,3.0000,0.0005,0.7071,0.0000,0.0000,0.7071,-0.0000,-0.0000,0.0001,-0.0000,0.0001,0.0001,0.0001,-0.0000,-0.0000,0.0000,-0.0000,-0.0000,-0.0000,0.0000,0.0000,-0.0000,0.0000,-0.0000,-0.0000,-0.0000
265,4.0000,-3.0000,0.0005,1.0000,0.0000,0.0000,0.0000,-0.0000,-0.0000,0.0001,-0.0000,0.0001,0.0001,0.0001,-0.0000,-0.0000,0.0000,-0.0000,-0.0000,-0.0000,0.0000,0.0000,-0.0000,0.0000,-0.0000,-0.0000,-0.0000
263,9.0000,-4.0000,0.0005,0.7071,0.0000,0.0000,0.7071,-0.0000,-0.0000,0.0001,-0.0000,0.0001,0.0001,0.0001,-0.0000,-0.0000,0.0000,-0.0000,-0.0000,-0.0000,0.0000,0.0000,-0.0000,0.0000,-0.0000,-0.0000,-0.0000
261,7.0000,-1.0000,0.0005,1.0000,0.0000,0.0000,0.0000,-0.0000,-0.0000,0.0001,-0.0000,0.0001,0.0001,0.0001,-0.0000,-0.0000,0.0000,-0.0000,-0.0000,-0.0000,0.0000,0.0000,-0.0000,0.0000,-0.0000,-0.0000,-0.0000
259,5.0000,-3.0000,0.0005,0.7071,0.0000,0.0000,0.7071,-0.0000,-0.0000,0.0001,-0.0000,0.0001,0.0001,0.0001,-0.0000,-0.0000,0.0000,-0.0000,-0.0000,-0.0000,0.0000,0.0000,-0.0000,0.0000,-0.0000,-0.0000,-0.0000
258,-5.0000,-1.0000,0.0005,1.0000,0.0000,0.0000,0.0000,-0.0000,-0.0000,0.0001,-0.0000,0.0001,0.0001,0.0001,-0.0000,-0.0000,0.0000,-0.0000,-0.0000,-0.0000,0.0000,0.0000,-0.0000,0.0000,-0.0000,-0.0000,-0.0000
257,8.0000,4.0000,0.0005,1.0000,0.0000,0.0000,0.0000,-0.0000,-0.0000,0.0001,-0.0000,0.0001,0.0001,0.0001,-0.0000,-0.0000,0.0000,-0.0000,-0.0000,-0.0000,0.0000,0.0000,-0.0000,0.0000,-0.0000,-0.0000,-0.0000
126,-1.0000,-4.0000,0.0005,0.7071,0.0000,0.0000,0.7071,-0.0000,-0.0000,0.0001,-0.0000,0.0001,0.0001,0.0001,-0.0000,-0.0000,0.0000,-0.0000,-0.0000,-0.0000,0.0000,0.0000,-0.0000,0.0000,-0.0000,-0.0000,-0.0000
123,1.0000,5.0000,0.0005,0.7071,0.0000,0.0000,0.7071,-0.0000,-0.0000,0.0001,-0.0000,0.0001,0.0001,0.0001,-0.0000,-0.0000,0.0000,-0.0000,-0.0000,-0.0000,0.0000,0.0000,-0.0000,0.0000,-0.0000,-0.0000,-0.0000
122,4.0000,-2.0000,0.0005,0.0000,0.0000,0.0000,1.0000,-0.0000,-0.0000,0.0001,-0.0000,0.0001,0.0001,0.0001,-0.0000,-0.0000,0.0000,-0.0000,-0.0000,-0.0000,0.0000,0.0000,-0.0000,0.0000,-0.0000,-0.0000,-0.0000
121,3.0000,-1.0000,0.0005,1.0000,0.0000,0.0000,0.0000,-0.0000,-0.0000,0.0001,-0.0000,0.0001,0.0001,0.0001,-0.0000,-0.0000,0.0000,-0.0000,-0.0000,-0.0000,0.0000,0.0000,-0.0000,0.0000,-0.0000,-0.0000,-0.0000
118,-7.0000,5.0000,0.0005,1.0000,0.0000,0.0000,0.0000,-0.0000,-0.0000,0.0001,-0.0000,0.0001,0.0001,0.0001,-0.0000,-0.0000,0.0000,-0.0000,-0.0000,-0.0000,0.0000,0.0000,-0.0000,0.0000,-0.0000,-0.0000,-0.0000
116,-5.0000,0.0000,0.0005,1.0000,0.0000,0.0000,0.0000,-0.0000,-0.0000,0.0001,-0.0000,0.0001,0.0001,0.0001,-0.0000,-0.0000,0.0000,-0.0000,-0.0000,-0.0000,0.0000,0.0000,-0.0000,0.0000,-0.0000,-0.0000,-0.0000
115,-4.0000,1.0000,0.0005,0.0000,0.0000,0.0000,1.0000,-0.0000,-0.0000,0.0001,-0.0000,0.0001,0.0001,0.0001,-0.0000,-0.0000,0.0000,-0.0000,-0.0000,-0.0000,0.0000,0.0000,-0.0000,0.0000,-0.0000,-0.0000,-0.0000
112,8.0000,5.0000,0.0005,1.0000,0.0000,0.0000,0.0000,-0.0000,-0.0000,0.0001,-0.0000,0.0001,0.0001,0.0001,-0.0000,-0.0000,0.0000,-0.0000,-0.0000,-0.0000,0.0000,0.0000,-0.0000,0.0000,-0.0000,-0.0000,-0.0000
111,-9.0000,-4.0000,0.0005,1.0000,0.0000,0.0000,0.0000,-0.0000,-0.0000,0.0001,-0.0000,0.0001,0.0001,0.0001,-0.0000,-0.0000,0.0000,-0.0000,-0.0000,-0.0000,0.0000,0.0000,-0.0000,0.0000,-0.0000,-0.0000,-0.0000
110,-8.0000,3.0000,0.0005,0.7071,0.0000,0.0000,0.7071,-0.0000,-0.0000,0.0001,-0.0000,0.0001,0.0001,0.0001,-0.0000,-0.0000,0.0000,-0.0000,-0.0000,-0.0000,0.0000,0.0000,-0.0000,0.0000,-0.0000,-0.0000,-0.0000
109,-2.0000,-1.0000,0.0005,1.0000,0.0000,0.0000,0.0000,-0.0000,-0.0000,0.0001,-0.0000,0.0001,0.0001,0.0001,-0.0000,-0.0000,0.0000,-0.0000,-0.0000,-0.0000,0.0000,0.0000,-0.0000,0.0000,-0.0000,-0.0000,-0.0000
108,9.0000,2.0000,0.0005,0.0000,0.0000,0.0000,1.0000,-0.0000,-0.0000,0.0001,-0.0000,0.0001,0.0001,0.0001,-0.0000,-0.0000,0.0000,-0.0000,-0.0000,-0.0000,0.0000,0.0000,-0.0000,0.0000,-0.0000,-0.0000,-0.0000
107,2.0000,4.0000,0.0005,1.0000,0.0000,0.0000,0.0000,-0.0000,-0.0000,0.0001,-0.0000,0.0001,0.0001,0.0001,-0.0000,-0.0000,0.0000,-0.0000,-0.0000,-0.0000,0.0000,0.0000,-0.0000,0.0000,-0.0000,-0.0000,-0.0000
106,-9.0000,2.0000,0.0005,-0.7071,0.0000,0.0000,0.7071,-0.0000,-0.0000,0.0001,-0.0000,0.0001,0.0001,0.0001,-0.0000,-0.0000,0.0000,-0.0000,-0.0000,-0.0000,0.0000,0.0000,-0.0000,0.0000,-0.0000,-0.0000,-0.0000
103,7.0000,-5.0000,0.0005,0.7071,0.0000,0.0000,0.7071,-0.0000,-0.0000,0.0001,-0.0000,0.0001,0.0001,0.0001,-0.0000,-0.0000,0.0000,-0.0000,-0.0000,-0.0000,0.0000,0.0000,-0.0000,0.0000,-0.0000,-0.0000,-0.0000
100,-1.0000,-4.0000,0.0005,0.0000,0.0000,0.0000,1.0000,-0.0000,-0.0000,0.0001,-0.0000,0.0001,0.0001,0.0001,-0.0000,-0.0000,0.0000,-0.0000,-0.0000,-0.0000,0.0000,0.0000,-0.0000,0.0000,-0.0000,-0.0000,-0.0000
99,5.0000,3.0000,0.0005,0.7071,0.0000,0.0000,0.7071,-0.0000,-0.0000,0.0001,-0.0000,0.0001,0.0001,0.0001,-0.0000,-0.0000,0.0000,-0.0000,-0.0000,-0.0000,0.0000,0.0000,-0.0000,0.0000,-0.0000,-0.0000,-0.0000
98,8.0000,5.0000,0.0005,0.7071,0.0000,0.0000,0.7071,-0.0000,-0.0000,0.0001,-0.0000,0.0001,0.0001,0.0001,-0.0000,-0.0000,0.0000,-0.0000,-0.0000,-0.0000,0.0000,0.0000,-0.0000,0.0000,-0.0000,-0.0000,-0.0000
97,-8.0000,-4.0000,0.0005,0.7071,0.0000,0.0000,0.7071,-0.0000,-0.0000,0.0001,-0.0000,0.0001,0.0001,0.0001,-0.0000,-0.0000,0.0000,-0.0000,-0.0000,-0.0000,0.0000,0.0000,-0.0000,0.0000,-0.0000,-0.0000,-0.0000
95,4.0000,3.0000,0.0005,1.0000,0.0000,0.0000,0.0000,-0.0000,-0.0000,0.0001,-0.0000,0.0001,0.0001,0.0001,-0.0000,-0.0000,0.0000,-0.0000,-0.0000,-0.0000,0.0000,0.0000,-0.0000,0.0000,-0.0000,-0.0000,-0.0000
93,5.0000,1.0000,0.0005,0.0000,0.0000,0.0000,1.0000,-0.0000,-0.0000,0.0001,-0.0000,0.0001,0.0001,0.0001,-0.0000,-0.0000,0.0000,-0.0000,-0.0000,-0.0000,0.0000,0.0000,-0.0000,0.0000,-0.0000,-0.0000,-0.0000
92,5.0000,2.0000,0.0005,0.0000,0.0000,0.0000,1.0000,-0.0000,-0.0000,0.0001,-0.0000,0.0001,0.0001,0.0001,-0.0000,-0.0000,0.0000,-0.0000,-0.0000,-0.0000,0.0000,0.0000,-0.0000,0.0000,-0.0000,-0.0000,-0.0000
90,-8.0000,0.0000,0.0005,1.0000,0.0000,0.0000,0.0000,-0.0000,-0.0000,0.0001,-0.0000,0.0001,0.0001,0.0001,-0.0000,-0.0000,0.0000,-0.0000,-0.0000,-0.0000,0.0000,0.0000,-0.0000,0.0000,-0.0000,-0.0000,-0.0000
89,-6.0000,4.0000,0.0005,1.0000,0.0000,0.0000,0.0000,-0.0000,-0.0000,0.0001,-0.0000,0.0001,0.0001,0.0001,-0.0000,-0.0000,0.0000,-0.0000,-0.0000,-0.0000,0.0000,0.0000,-0.0000,0.0000,-0.0000,-0.0000,-0.0000
87,3.0000,3.0000,0.0005,1.0000,0.0000,0.0000,0.0000,-0.0000,-0.0000,0.0001,-0.0000,0.0001,0.0001,0.0001,-0.0000,-0.0000,0.0000,-0.0000,-0.0000,-0.0000,0.0000,0.0000,-0.0000,0.0000,-0.0000,-0.0000,-0.0000
86,-1.0000,-4.0000,0.0005,1.0000,0.0000,0.0000,0.0000,-0.0000,-0.0000,0.0001,-0.0000,0.0001,0.0001,0.0001,-0.0000,-0.0000,0.0000,-0.0000,-0.0000,-0.0000,0.0000,0.0000,-0.0000,0.0000,-0.0000,-0.0000,-0.0000
84,7.0000,2.0000,0.0005,1.0000,0.0000,0.0000,0.0000,-0.0000,-0.0000,0.0001,-0.0000,0.0001,0.0001,0.0001,-0.0000,-0.0000,0.0000,-0.0000,-0.0000,-0.0000,0.0000,0.0000,-0.0000,0.0000,-0.0000,-0.0000,-0.0000
83,-6.0000,2.0000,0.0005,0.7071,0.0000,0.0000,0.7071,-0.0000,-0.0000,0.0001,-0.0000,0.0001,0.0001,0.0001,-0.0000,-0.0000,0.0000,-0.0000,-0.0000,-0.0000,0.0000,0.0000,-0.0000,0.0000,-0.0000,-0.0000,-0.0000
82,4.0000,4.0000,0.0005,0.0000,0.0000,0.0000,1.0000,-0.0000,-0.0000,0.0001,-0.0000,0.0001,0.0001,0.0001,-0.0000,-0.0000,0.0000,-0.0000,-0.0000,-0.0000,0.0000,0.0000,-0.0000,0.0000,-0.0000,-0.0000,-0.0000
80,-8.0000,-3.0000,0.0005,0.7071,0.0000,0.0000,0.7071,-0.0000,-0.0000,0.0001,-0.0000,0.0001,0.0001,0.0001,-0.0000,-0.0000,0.0000,-0.0000,-0.0000,-0.0000,0.0000,0.0000,-0.0000,0.0000,-0.0000,-0.0000,-0.0000
79,3.0000,-3.0000,0.0005,0.0000,0.0000,0.0000,1.0000,-0.0000,-0.0000,0.0001,-0.0000,0.0001,0.0001,0.0001,-0.0000,-0.0000,0.0000,-0.0000,-0.0000,-0.0000,0.0000,0.0000,-0.0000,0.0000,-0.0000,-0.0000,-0.0000
77,-4.0000,-4.0000,0.0005,0.7071,0.0000,0.0000,0.7071,-0.0000,-0.0000,0.0001,-0.0000,0.0001,0.0001,0.0001,-0.0000,-0.0000,0.0000,-0.0000,-0.0000,-0.0000,0.0000,0.0000,-0.0000,0.0000,-0.0000,-0.0000,-0.0000
76,-9.0000,-5.0000,0.0005,0.7071,0.0000,0.0000,0.7071,-0.0000,-0.0000,0.0001,-0.0000,0.0001,0.0001,0.0001,-0.0000,-0.0000,0.0000,-0.0000,-0.0000,-0.0000,0.0000,0.0000,-0.0000,0.0000,-0.0000,-0.0000,-0.0000
75,6.0000,1.0000,0.0005,1.0000,0.0000,0.0000,0.0000,-0.0000,-0.0000,0.0001,-0.0000,0.0001,0.0001,0.0001,-0.0000,-0.0000,0.0000,-0.0000,-0.0000,-0.0000,0.0000,0.0000,-0.0000,0.0000,-0.0000,-0.0000,-0.0000
71,-4.0000,4.0000,0.0005,1.0000,0.0000,0.0000,0.0000,-0.0000,-0.0000,0.0001,-0.0000,0.0001,0.0001,0.0001,-0.0000,-0.0000,0.0000,-0.0000,-0.0000,-0.0000,0.0000,0.0000,-0.0000,0.0000,-0.0000,-0.0000,-0.0000
68,-7.0000,4.0000,0.0005,1.0000,0.0000,0.0000,0.0000,-0.0000,-0.0000,0.0001,-0.0000,0.0001,0.0001,0.0001,-0.0000,-0.0000,0.0000,-0.0000,-0.0000,-0.0000,0.0000,0.0000,-0.0000,0.0000,-0.0000,-0.0000,-0.0000
64,7.0000,4.0000,0.0005,-0.7071,0.0000,0.0000,0.7071,-0.0000,-0.0000,0.0001,-0.0000,0.0001,0.0001,0.0001,-0.0000,-0.0000,0.0000,-0.0000,-0.0000,-0.0000,0.0000,0.0000,-0.0000,0.0000,-0.0000,-0.0000,-0.0000
63,8.0000,-4.0000,0.0005,0.7071,0.0000,0.0000,0.7071,-0.0000,-0.0000,0.0001,-0.0000,0.0001,0.0001,0.0001,-0.0000,-0.0000,0.0000,-0.0000,-0.0000,-0.0000,0.0000,0.0000,-0.0000,0.0000,-0.0000,-0.0000,-0.0000
62,-9.0000,4.0000,0.0005,0.7071,0.0000,0.0000,0.7071,-0.0000,-0.0000,0.0001,-0.0000,0.0001,0.0001,0.0001,-0.0000,-0.0000,0.0000,-0.0000,-0.0000,-0.0000,0.0000,0.0000,-0.0000,0.0000,-0.0000,-0.0000,-0.0000
60,-8.0000,3.0000,0.0005,-0.7071,0.0000,0.0000,0.7071,-0.0000,-0.0000,0.0001,-0.0000,0.0001,0.0001,0.0001,-0.0000,-0.0000,0.0000,-0.0000,-0.0000,-0.0000,0.0000,0.0000,-0.0000,0.0000,-0.0000,-0.0000,-0.0000
28,-7.0000,4.0000,0.0005,0.7071,0.0000,0.0000,0.7071,-0.0000,-0.0000,0.0001,-0.0000,0.0001,0.0001,0.0001,-0.0000,-0.0000,0.0000,-0.0000,-0.0000,-0.0000,0.0000,0.0000,-0.0000,0.0000,-0.0000,-0.0000,-0.0000
25,-9.0000,-1.0000,0.0005,0.7071,0.0000,0.0000,0.7071,-0.0000,-0.0000,0.0001,-0.0000,0.0001,0.0001,0.0001,-0.0000,-0.0000,0.0000,-0.0000,-0.0000,-0.0000,0.0000,0.0000,-0.0000,0.0000,-0.0000,-0.0000,-0.0000
24,-4.0000,1.0000,0.0005,0.7071,0.0000,0.0000,0.7071,-0.0000,-0.0000,0.0001,-0.0000,0.0001,0.0001,0.0001,-0.0000,-0.0000,0.0000,-0.0000,-0.0000,-0.0000,0.0000,0.0000,-0.0000,0.0000,-0.0000,-0.0000,-0.0000
23,-8.0000,-5.0000,0.0005,0.7071,0.0000,0.0000,0.7071,-0.0000,-0.0000,0.0001,-0.0000,0.0001,0.0001,0.0001,-0.0000,-0.0000,0.0000,-0.0000,-0.0000,-0.0000,0.0000,0.0000,-0.0000,0.0000,-0.0000,-0.0000,-0.0000
19,-1.0000,4.0000,0.0005,0.7071,0.0000,0.0000,0.7071,-0.0000,-0.0000,0.0001,-0.0000,0.0001,0.0001,0.0001,-0.0000,-0.0000,0.0000,-0.0000,-0.0000,-0.0000,0.0000,0.0000,-0.0000,0.0000,-0.0000,-0.0000,-0.0000
17,2.0000,2.0000,0.0005,0.7071,0.0000,0.0000,0.7071,-0.0000,-0.0000,0.0001,-0.0000,0.0001,0.0001,0.0001,-0.0000,-0.0000,0.0000,-0.0000,-0.0000,-0.0000,0.0000,0.0000,-0.0000,0.0000,-0.0000,-0.0000,-0.0000
15,-8.0000,4.0000,0.0005,1.0000,0.0000,0.0000,0.0000,-0.0000,-0.0000,0.0001,-0.0000,0.0001,0.0001,0.0001,-0.0000,-0.0000,0.0000,-0.0000,-0.0000,-0.0000,0.0000,0.0000,-0.0000,0.0000,-0.0000,-0.0000,-0.0000
14,3.0000,-5.0000,0.0005,1.0000,0.0000,0.0000,0.0000,-0.0000,-0.0000,0.0001,-0.0000,0.0001,0.0001,0.0001,-0.0000,-0.0000,0.0000,-0.0000,-0.0000,-0.0000,0.0000,0.0000,-0.0000,0.0000,-0.0000,-0.0000,-0.0000
13,-1.0000,2.0000,0.0005,1.0000,0.0000,0.0000,0.0000,-0.0000,-0.0000,0.0001,-0.0000,0.0001,0.0001,0.0001,-0.0000,-0.0000,0.0000,-0.0000,-0.0000,-0.0000,0.0000,0.0000,-0.0000,0.0000,-0.0000,-0.0000,-0.0000
0,-2.0000,3.0000,0.0005,0.7071,0.0000,0.0000,0.7071,-0.0000,-0.0000,0.0001,-0.0000,0.0001,0.0001,0.0001,-0.0000,-0.0000,0.0000,-0.0000,-0.0000,-0.0000,0.0000,0.0000,-0.0000,0.0000,-0.0000,-0.0000,-0.0000
1,-5.0000,-5.0000,0.0005,1.0000,0.0000,0.0000,0.0000,-0.0000,-0.0000,0.0001,-0.0000,0.0001,0.0001,0.0001,-0.0000,-0.0000,0.0000,-0.0000,-0.0000,-0.0000,0.0000,0.0000,-0.0000,0.0000,-0.0000,-0.0000,-0.0000
2,-7.0000,1.0000,0.0005,0.7071,0.0000,0.0000,0.7071,-0.0000,-0.0000,0.0001,-0.0000,0.0001,0.0001,0.0001,-0.0000,-0.0000,0.0000,-0.0000,-0.0000,-0.0000,0.0000,0.0000,-0.0000,0.0000,-0.0000,-0.0000,-0.0000
3,8.0000,1.0000,0.0005,1.0000,0.0000,0.0000,0.0000,-0.0000,-0.0000,0.0001,-0.0000,0.0001,0.0001,0.0001,-0.0000,-0.0000,0.0000,-0.0000,-0.0000,-0.0000,0.0000,0.0000,-0.0000,0.0000,-0.0000,-0.0000,-0.0000
4,6.0000,-3.0000,0.0005,1.0000,0.0000,0.0000,0.0000,-0.0000,-0.0000,0.0001,-0.0000,0.0001,0.0001,0.0001,-0.0000,-0.0000,0.0000,-0.0000,-0.0000,-0.0000,0.0000,0.0000,-0.0000,0.0000,-0.0000,-0.0000,-0.0000
5,6.0000,5.0000,0.0005,1.0000,0.0000,0.0000,0.0000,-0.0000,-0.0000,0.0001,-0.0000,0.0001,0.0001,0.0001,-0.0000,-0.0000,0.0000,-0.0000,-0.0000,-0.0000,0.0000,0.0000,-0.0000,0.0000,-0.0000,-0.0000,-0.0000
6,2.0000,-1.0000,0.0005,1.0000,0.0000,0.0000,0.0000,-0.0000,-0.0000,0.0001,-0.0000,0.0001,0.0001,0.0001,-0.0000,-0.0000,0.0000,-0.0000,-0.0000,-0.0000,0.0000,0.0000,-0.0000,0.0000,-0.0000,-0.0000,-0.0000
7,9.0000,-3.0000,0.0005,0.7071,0.0000,0.0000,0.7071,-0.0000,-0.0000,0.0001,-0.0000,0.0001,0.0001,0.0001,-0.0000,-0.0000,0.0000,-0.0000,-0.0000,-0.0000,0.0000,0.0000,-0.0000,0.0000,-0.0000,-0.0000,-0.0000
8,-1.0000,5.0000,0.0005,0.7071,0.0000,0.0000,0.7071,-0.0000,-0.0000,0.0001,-0.0000,0.0001,0.0001,0.0001,-0.0000,-0.0000,0.0000,-0.0000,-0.0000,-0.0000,0.0000,0.0000,-0.0000,0.0000,-0.0000,-0.0000,-0.0000
9,-3.0000,-5.0000,0.0005,0.0000,0.0000,0.0000,1.0000,-0.0000,-0.0000,0.0001,-0.0000,0.0001,0.0001,0.0001,-0.0000,-0.0000,0.0000,-0.0000,-0.0000,-0.0000,0.0000,0.0000,-0.0000,0.0000,-0.0000,-0.0000,-0.0000
10,-8.0000,-4.0000,0.0005,1.0000,0.0000,0.0000,0.0000,-0.0000,-0.0000,0.0001,-0.0000,0.0001,0.0001,0.0001,-0.0000,-0.0000,0.0000,-0.0000,-0.0000,-0.0000,0.0000,0.0000,-0.0000,0.0000,-0.0000,-0.0000,-0.0000
30,-5.0000,-3.0000,0.0005,1.0000,0.0000,0.0000,0.0000,-0.0000,-0.0000,0.0001,-0.0000,0.0001,0.0001,0.0001,-0.0000,-0.0000,0.0000,-0.0000,-0.0000,-0.0000,0.0000,0.0000,-0.0000,0.0000,-0.0000,-0.0000,-0.0000
31,8.0000,-3.0000,0.0005,0.7071,0.0000,0.0000,0.7071,-0.0000,-0.0000,0.0001,-0.0000,0.0001,0.0001,0.0001,-0.0000,-0.0000,0.0000,-0.0000,-0.0000,-0.0000,0.0000,0.0000,-0.0000,0.0000,-0.0000,-0.0000,-0.0000
33,-8.0000,-3.0000,0.0005,-0.7071,0.0000,0.0000,0.7071,-0.0000,-0.0000,0.0001,-0.0000,0.0001,0.0001,0.0001,-0.0000,-0.0000,0.0000,-0.0000,-0.0000,-0.0000,0.0000,0.0000,-0.0000,0.0000,-0.0000,-0.0000,-0.0000
34,3.0000,-2.0000,0.0005,0.0000,0.0000,0.0000,1.0000,-0.0000,-0.0000,0.0001,-0.0000,0.0001,0.0001,0.0001,-0.0000,-0.0000,0.0000,-0.0000,-0.0000,-0.0000,0.0000,0.0000,-0.0000,0.0000,-0.0000,-0.0000,-0.0000
35,7.0000,5.0000,0.0005,0.7071,0.0000,0.0000,0.7071,-0.0000,-0.0000,0.0001,-0.0000,0.0001,0.0001,0.0001,-0.0000,-0.0000,0.0000,-0.0000,-0.0000,-0.0000,0.0000,0.0000,-0.0000,0.0000,-0.0000,-0.0000,-0.0000
37,-1.0000,-2.0000,0.0005,0.7071,0.0000,0.0000,0.7071,-0.0000,-0.0000,0.0001,-0.0000,0.0001,0.0001,0.0001,-0.0000,-0.0000,0.0000,-0.0000,-0.0000,-0.0000,0.0000,0.0000,-0.0000,0.0000,-0.0000,-0.0000,-0.0000
38,9.0000,5.0000,0.0005,0.7071,0.0000,0.0000,0.7071,-0.0000,-0.0000,0.0001,-0.0000,0.0001,0.0001,0.0001,-0.0000,-0.0000,0.0000,-0.0000,-0.0000,-0.0000,0.0000,0.0000,-0.0000,0.0000,-0.0000,-0.0000,-0.0000
40,4.0000,2.0000,0.0005,1.0000,0.0000,0.0000,0.0000,-0.0000,-0.0000,0.0001,-0.0000,0.0001,0.0001,0.0001,-0.0000,-0.0000,0.0000,-0.0000,-0.0000,-0.0000,0.0000,0.0000,-0.0000,0.0000,-0.0000,-0.0000,-0.0000
41,-5.0000,1.0000,0.0005,1.0000,0.0000,0.0000,0.0000,-0.0000,-0.0000,0.0001,-0.0000,0.0001,0.0001,0.0001,-0.0000,-0.0000,0.0000,-0.0000,-0.0000,-0.0000,0.0000,0.0000,-0.0000,0.0000,-0.0000,-0.0000,-0.0000
44,7.0000,2.0000,0.0005,0.0000,0.0000,0.0000,1.0000,-0.0000,-0.0000,0.0001,-0.0000,0.0001,0.0001,0.0001,-0.0000,-0.0000,0.0000,-0.0000,-0.0000,-0.0000,0.0000,0.0000,-0.0000,0.0000,-0.0000,-0.0000,-0.0000
46,-9.0000,5.0000,0.0005,-0.7071,0.0000,0.0000,0.7071,-0.0000,-0.0000,0.0001,-0.0000,0.0001,0.0001,0.0001,-0.0000,-0.0000,0.0000,-0.0000,-0.0000,-0.0000,0.0000,0.0000,-0.0000,0.0000,-0.0000,-0.0000,-0.0000
48,7.0000,3.0000,0.0005,0.0000,0.0000,0.0000,1.0000,-0.0000,-0.0000,0.0001,-0.0000,0.0001,0.0001,0.0001,-0.0000,-0.0000,0.0000,-0.0000,-0.0000,-0.0000,0.0000,0.0000,-0.0000,0.0000,-0.0000,-0.0000,-0.0000
49,-7.0000,-2.0000,0.0005,1.0000,0.0000,0.0000,0.0000,-0.0000,-0.0000,0.0001,-0.0000,0.0001,0.0001,0.0001,-0.0000,-0.0000,0.0000,-0.0000,-0.0000,-0.0000,0.0000,0.0000,-0.0000,0.0000,-0.0000,-0.0000,-0.0000
50,-4.0000,4.0000,0.0005,0.7071,0.0000,0.0000,0.7071,-0.0000,-0.0000,0.0001,-0.0000,0.0001,0.0001,0.0001,-0.0000,-0.0000,0.0000,-0.0000,-0.0000,-0.0000,0.0000,0.0000,-0.0000,0.0000,-0.0000,-0.0000,-0.0000
54,-8.0000,-2.0000,0.0005,0.7071,0.0000,0.0000,0.7071,-0.0000,-0.0000,0.0001,-0.0000,0.0001,0.0001,0.0001,-0.0000,-0.0000,0.0000,-0.0000,-0.0000,-0.0000,0.0000,0.0000,-0.0000,0.0000,-0.0000,-0.0000,-0.0000
55,1.0000,-4.0000,0.0005,0.7071,0.0000,0.0000,0.7071,-0.0000,-0.0000,0.0001,-0.0000,0.0001,0.0001,0.0001,-0.0000,-0.0000,0.0000,-0.0000,-0.0000,-0.0000,0.0000,0.0000,-0.0000,0.0000,-0.0000,-0.0000,-0.0000
56,9.0000,-2.0000,0.0005,0.7071,0.0000,0.0000,0.7071,-0.0000,-0.0000,0.0001,-0.0000,0.0001,0.0001,0.0001,-0.0000,-0.0000,0.0000,-0.0000,-0.0000,-0.0000,0.0000,0.0000,-0.0000,0.0000,-0.0000,-0.0000,-0.0000
128,-9.0000,0.0000,0.0005,1.0000,0.0000,0.0000,0.0000,-0.0000,-0.0000,0.0001,-0.0000,0.0001,0.0001,0.0001,-0.0000,-0.0000,0.0000,-0.0000,-0.0000,-0.0000,0.0000,0.0000,-0.0000,0.0000,-0.0000,-0.0000,-0.0000
133,-9.0000,3.0000,0.0005,0.7071,0.0000,0.0000,0.7071,-0.0000,-0.0000,0.0001,-0.0000,0.0001,0.0001,0.0001,-0.0000,-0.0000,0.0000,-0.0000,-0.0000,-0.0000,0.0000,0.0000,-0.0000,0.0000,-0.0000,-0.0000,-0.0000
135,-8.0000,2.0000,0.0005,1.0000,0.0000,0.0000,0.0000,-0.0000,-0.0000,0.0001,-0.0000,0.0001,0.0001,0.0001,-0.0000,-0.0000,0.0000,-0.0000,-0.0000,-0.0000,0.0000,0.0000,-0.0000,0.0000,-0.0000,-0.0000,-0.0000
137,-8.0000,1.0000,0.0005,1.0000,0.0000,0.0000,0.0000,-0.0000,-0.0000,0.0001,-0.0000,0.0001,0.0001,0.0001,-0.0000,-0.0000,0.0000,-0.0000,-0.0000,-0.0000,0.0000,0.0000,-0.0000,0.0000,-0.0000,-0.0000,-0.0000
138,-7.0000,-4.0000,0.0005,1.0000,0.0000,0.0000,0.0000,-0.0000,-0.0000,0.0001,-0.0000,0.0001,0.0001,0.0001,-0.0000,-0.0000,0.0000,-0.0000,-0.0000,-0.0000,0.0000,0.0000,-0.0000,0.0000,-0.0000,-0.0000,-0.0000
139,3.0000,5.0000,0.0005,1.0000,0.0000,0.0000,0.0000,-0.0000,-0.0000,0.0001,-0.0000,0.0001,0.0001,0.0001,-0.0000,-0.0000,0.0000,-0.0000,-0.0000,-0.0000,0.0000,0.0000,-0.0000,0.0000,-0.0000,-0.0000,-0.0000
140,-2.0000,-3.0000,0.0005,0.7071,0.0000,0.0000,0.7071,-0.0000,-0.0000,0.0001,-0.0000,0.0001,0.0001,0.0001,-0.0000,-0.0000,0.0000,-0.0000,-0.0000,-0.0000,0.0000,0.0000,-0.0000,0.0000,-0.0000,-0.0000,-0.0000
141,9.0000,-1.0000,0.0005,0.7071,0.0000,0.0000,0.7071,-0.0000,-0.0000,0.0001,-0.0000,0.0001,0.0001,0.0001,-0.0000,-0.0000,0.0000,-0.0000,-0.0000,-0.0000,0.0000,0.0000,-0.0000,0.0000,-0.0000,-0.0000,-0.0000
145,6.0000,-1.0000,0.0005,-0.7071,0.0000,0.0000,0.7071,-0.0000,-0.0000,0.0001,-0.0000,0.0001,0.0001,0.0001,-0.0000,-0.0000,0.0000,-0.0000,-0.0000,-0.0000,0.0000,0.0000,-0.0000,0.0000,-0.0000,-0.0000,-0.0000
147,-7.0000,0.0000,0.0005,0.7071,0.0000,0.0000,0.7071,-0.0000,-0.0000,0.0001,-0.0000,0.0001,0.0001,0.0001,-0.0000,-0.0000,0.0000,-0.0000,-0.0000,-0.0000,0.0000,0.0000,-0.0000,0.0000,-0.0000,-0.0000,-0.0000
148,-9.0000,1.0000,0.0005,0.7071,0.0000,0.0000,0.7071,-0.0000,-0.0000,0.0001,-0.0000,0.0001,0.0001,0.0001,-0.0000,-0.0000,0.0000,-0.0000,-0.0000,-0.0000,0.0000,0.0000,-0.0000,0.0000,-0.0000,-0.0000,-0.0000
149,-8.0000,-5.0000,0.0005,0.0000,0.0000,0.0000,1.0000,-0.0000,-0.0000,0.0001,-0.0000,0.0001,0.0001,0.0001,-0.0000,-0.0000,0.0000,-0.0000,-0.0000,-0.0000,0.0000,0.0000,-0.0000,0.0000,-0.0000,-0.0000,-0.0000
150,9.0000,-2.0000,0.0005,0.0000,0.0000,0.0000,1.0000,-0.0000,-0.0000,0.0001,-0.0000,0.0001,0.0001,0.0001,-0.0000,-0.0000,0.0000,-0.0000,-0.0000,-0.0000,0.0000,0.0000,-0.0000,0.0000,-0.0000,-0.0000,-0.0000
151,-6.0000,5.0000,0.0005,1.0000,0.0000,0.0000,0.0000,-0.0000,-0.0000,0.0001,-0.0000,0.0001,0.0001,0.0001,-0.0000,-0.0000,0.0000,-0.0000,-0.0000,-0.0000,0.0000,0.0000,-0.0000,0.0000,-0.0000,-0.0000,-0.0000
155,7.0000,5.0000,0.0005,1.0000,0.0000,0.0000,0.0000,-0.0000,-0.0000,0.0001,-0.0000,0.0001,0.0001,0.0001,-0.0000,-0.0000,0.0000,-0.0000,-0.0000,-0.0000,0.0000,0.0000,-0.0000,0.0000,-0.0000,-0.0000,-0.0000
156,2.0000,-3.0000,0.0005,0.0000,0.0000,0.0000,1.0000,-0.0000,-0.0000,0.0001,-0.0000,0.0001,0.0001,0.0001,-0.0000,-0.0000,0.0000,-0.0000,-0.0000,-0.0000,0.0000,0.0000,-0.0000,0.0000,-0.0000,-0.0000,-0.0000
159,5.0000,5.0000,0.0005,0.0000,0.0000,0.0000,1.0000,-0.0000,-0.0000,0.0001,-0.0000,0.0001,0.0001,0.0001,-0.0000,-0.0000,0.0000,-0.0000,-0.0000,-0.0000,0.0000,0.0000,-0.0000,0.0000,-0.0000,-0.0000,-0.0000
160,-1.0000,2.0000,0.0005,0.7071,0.0000,0.0000,0.7071,-0.0000,-0.0000,0.0001,-0.0000,0.0001,0.0001,0.0001,-0.0000,-0.0000,0.0000,-0.0000,-0.0000,-0.0000,0.0000,0.0000,-0.0000,0.0000,-0.0000,-0.0000,-0.0000
161,9.0000,1.0000,0.0005,0.7071,0.0000,0.0000,0.7071,-0.0000,-0.0000,0.0001,-0.0000,0.0001,0.0001,0.0001,-0.0000,-0.0000,0.0000,-0.0000,-0.0000,-0.0000,0.0000,0.0000,-0.0000,0.0000,-0.0000,-0.0000,-0.0000
162,-9.0000,4.0000,0.0005,1.0000,0.0000,0.0000,0.0000,-0.0000,-0.0000,0.0001,-0.0000,0.0001,0.0001,0.0001,-0.0000,-0.0000,0.0000,-0.0000,-0.0000,-0.0000,0.0000,0.0000,-0.0000,0.0000,-0.0000,-0.0000,-0.0000
165,3.0000,5.0000,0.0005,-0.7071,0.0000,0.0000,0.7071,-0.0000,-0.0000,0.0001,-0.0000,0.0001,0.0001,0.0001,-0.0000,-0.0000,0.0000,-0.0000,-0.0000,-0.0000,0.0000,0.0000,-0.0000,0.0000,-0.0000,-0.0000,-0.0000
167,-5.0000,-2.0000,0.0005,0.7071,0.0000,0.0000,0.7071,-0.0000,-0.0000,0.0001,-0.0000,0.0001,0.0001,0.0001,-0.0000,-0.0000,0.0000,-0.0000,-0.0000,-0.0000,0.0000,0.0000,-0.0000,0.0000,-0.0000,-0.0000,-0.0000
168,6.0000,2.0000,0.0005,1.0000,0.0000,0.0000,0.0000,-0.0000,-0.0000,0.0001,-0.0000,0.0001,0.0001,0.0001,-0.0000,-0.0000,0.0000,-0.0000,-0.0000,-0.0000,0.0000,0.0000,-0.0000,0.0000,-0.0000,-0.0000,-0.0000
169,5.0000,3.0000,0.0005,1.0000,0.0000,0.0000,0.0000,-0.0000,-0.0000,0.0001,-0.0000,0.0001,0.0001,0.0001,-0.0000,-0.0000,0.0000,-0.0000,-0.0000,-0.0000,0.0000,0.0000,-0.0000,0.0000,-0.0000,-0.0000,-0.0000
171,-1.0000,0.0000,0.0005,0.7071,0.0000,0.0000,0.7071,-0.0000,-0.0000,0.0001,-0.0000,0.0001,0.0001,0.0001,-0.0000,-0.0000,0.0000,-0.0000,-0.0000,-0.0000,0.0000,0.0000,-0.0000,0.0000,-0.0000,-0.0000,-0.0000
172,6.0000,-3.0000,0.0005,0.0000,0.0000,0.0000,1.0000,-0.0000,-0.0000,0.0001,-0.0000,0.0001,0.0001,0.0001,-0.0000,-0.0000,0.0000,-0.0000,-0.0000,-0.0000,0.0000,0.0000,-0.0000,0.0000,-0.0000,-0.0000,-0.0000
174,-2.0000,4.0000,0.0005,1.0000,0.0000,0.0000,0.0000,-0.0000,-0.0000,0.0001,-0.0000,0.0001,0.0001,0.0001,-0.0000,-0.0000,0.0000,-0.0000,-0.0000,-0.0000,0.0000,0.0000,-0.0000,0.0000,-0.0000,-0.0000,-0.0000
176,4.0000,2.0000,0.0005,0.0000,0.0000,0.0000,1.0000,-0.0000,-0.0000,0.0001,-0.0000,0.0001,0.0001,0.0001,-0.0000,-0.0000,0.0000,-0.0000,-0.0000,-0.0000,0.0000,0.0000,-0.0000,0.0000,-0.0000,-0.0000,-0.0000
178,-1.0000,-5.0000,0.0005,0.0000,0.0000,0.0000,1.0000,-0.0000,-0.0000,0.0001,-0.0000,0.0001,0.0001,0.0001,-0.0000,-0.0000,0.0000,-0.0000,-0.0000,-0.0000,0.0000,0.0000,-0.0000,0.0000,-0.0000,-0.0000,-0.0000
180,3.0000,-4.0000,0.0005,0.0000,0.0000,0.0000,1.0000,-0.0000,-0.0000,0.0001,-0.0000,0.0001,0.0001,0.0001,-0.0000,-0.0000,0.0000,-0.0000,-0.0000,-0.0000,0.0000,0.0000,-0.0000,0.0000,-0.0000,-0.0000,-0.0000
181,-9.0000,-3.0000,0.0005,1.0000,0.0000,0.0000,0.0000,-0.0000,-0.0000,0.0001,-0.0000,0.0001,0.0001,0.0001,-0.0000,-0.0000,0.0000,-0.0000,-0.0000,-0.0000,0.0000,0.0000,-0.0000,0.0000,-0.0000,-0.0000,-0.0000
182,5.0000,0.0000,0.0005,0.0000,0.0000,0.0000,1.0000,-0.0000,-0.0000,0.0001,-0.0000,0.0001,0.0001,0.0001,-0.0000,-0.0000,0.0000,-0.0000,-0.0000,-0.0000,0.0000,0.0000,-0.0000,0.0000,-0.0000,-0.0000,-0.0000
184,4.0000,-4.0000,0.0005,0.0000,0.0000,0.0000,1.0000,-0.0000,-0.0000,0.0001,-0.0000,0.0001,0.0001,0.0001,-0.0000,-0.0000,0.0000,-0.0000,-0.0000,-0.0000,0.0000,0.0000,-0.0000,0.0000,-0.0000,-0.0000,-0.0000
185,-2.0000,-2.0000,0.0005,1.0000,0.0000,0.0000,0.0000,-0.0000,-0.0000,0.0001,-0.0000,0.0001,0.0001,0.0001,-0.0000,-0.0000,0.0000,-0.0000,-0.0000,-0.0000,0.0000,0.0000,-0.0000,0.0000,-0.0000,-0.0000,-0.0000
186,7.0000,-4.0000,0.0005,1.0000,0.0000,0.0000,0.0000,-0.0000,-0.0000,0.0001,-0.0000,0.0001,0.0001,0.0001,-0.0000,-0.0000,0.0000,-0.0000,-0.0000,-0.0000,0.0000,0.0000,-0.0000,0.0000,-0.0000,-0.0000,-0.0000
187,-8.0000,-1.0000,0.0005,0.7071,0.0000,0.0000,0.7071,-0.0000,-0.0000,0.0001,-0.0000,0.0001,0.0001,0.0001,-0.0000,-0.0000,0.0000,-0.0000,-0.0000,-0.0000,0.0000,0.0000,-0.0000,0.0000,-0.0000,-0.0000,-0.0000
190,8.0000,-1.0000,0.0005,0.7071,0.0000,0.0000,0.7071,-0.0000,-0.0000,0.0001,-0.0000,0.0001,0.0001,0.0001,-0.0000,-0.0000,0.0000,-0.0000,-0.0000,-0.0000,0.0000,0.0000,-0.0000,0.0000,-0.0000,-0.0000,-0.0000
191,-9.0000,0.0000,0.0005,0.7071,0.0000,0.0000,0.7071,-0.0000,-0.0000,0.0001,-0.0000,0.0001,0.0001,0.0001,-0.0000,-0.0000,0.0000,-0.0000,-0.0000,-0.0000,0.0000,0.0000,-0.0000,0.0000,-0.0000,-0.0000,-0.0000
192,4.0000,-1.0000,0.0005,0.0000,0.0000,0.0000,1.0000,-0.0000,-0.0000,0.0001,-0.0000,0.0001,0.0001,0.0001,-0.0000,-0.0000,0.0000,-0.0000,-0.0000,-0.0000,0.0000,0.0000,-0.0000,0.0000,-0.0000,-0.0000,-0.0000
193,6.0000,-1.0000,0.0005,0.7071,0.0000,0.0000,0.7071,-0.0000,-0.0000,0.0001,-0.0000,0.0001,0.0001,0.0001,-0.0000,-0.0000,0.0000,-0.0000,-0.0000,-0.0000,0.0000,0.0000,-0.0000,0.0000,-0.0000,-0.0000,-0.0000
194,8.0000,-2.0000,0.0005,1.0000,0.0000,0.0000,0.0000,-0.0000,-0.0000,0.0001,-0.0000,0.0001,0.0001,0.0001,-0.0000,-0.0000,0.0000,-0.0000,-0.0000,-0.0000,0.0000,0.0000,-0.0000,0.0000,-0.0000,-0.0000,-0.0000
196,-8.0000,0.0000,0.0005,0.7071,0.0000,0.0000,0.7071,-0.0000,-0.0000,0.0001,-0.0000,0.0001,0.0001,0.0001,-0.0000,-0.0000,0.0000,-0.0000,-0.0000,-0.0000,0.0000,0.0000,-0.0000,0.0000,-0.0000,-0.0000,-0.0000
197,-1.0000,1.0000,0.0005,0.7071,0.0000,0.0000,0.7071,-0.0000,-0.0000,0.0001,-0.0000,0.0001,0.0001,0.0001,-0.0000,-0.0000,0.0000,-0.0000,-0.0000,-0.0000,0.0000,0.0000,-0.0000,0.0000,-0.0000,-0.0000,-0.0000
198,-9.0000,1.0000,0.0005,1.0000,0.0000,0.0000,0.0000,-0.0000,-0.0000,0.0001,-0.0000,0.0001,0.0001,0.0001,-0.0000,-0.0000,0.0000,-0.0000,-0.0000,-0.0000,0.0000,0.0000,-0.0000,0.0000,-0.0000,-0.0000,-0.0000
199,2.0000,-2.0000,0.0005,0.7071,0.0000,0.0000,0.7071,-0.0000,-0.0000,0.0001,-0.0000,0.0001,0.0001,0.0001,-0.0000,-0.0000,0.0000,-0.0000,-0.0000,-0.0000,0.0000,0.0000,-0.0000,0.0000,-0.0000,-0.0000,-0.0000
200,-4.0000,-4.0000,0.0005,1.0000,0.0000,0.0000,0.0000,-0.0000,-0.0000,0.0001,-0.0000,0.0001,0.0001,0.0001,-0.0000,-0.0000,0.0000,-0.0000,-0.0000,-0.0000,0.0000,0.0000,-0.0000,0.0000,-0.0000,-0.0000,-0.0000
202,-1.0000,-5.0000,0.0005,1.0000,0.0000,0.0000,0.0000,-0.0000,-0.0000,0.0001,-0.0000,0.0001,0.0001,0.0001,-0.0000,-0.0000,0.0000,-0.0000,-0.0000,-0.0000,0.0000,0.0000,-0.0000,0.0000,-0.0000,-0.0000,-0.0000
203,5.0000,-5.0000,0.0005,1.0000,0.0000,0.0000,0.0000,-0.0000,-0.0000,0.0001,-0.0000,0.0001,0.0001,0.0001,-0.0000,-0.0000,0.0000,-0.0000,-0.0000,-0.0000,0.0000,0.0000,-0.0000,0.0000,-0.0000,-0.0000,-0.0000
204,-4.0000,2.0000,0.0005,0.7071,0.0000,0.0000,0.7071,-0.0000,-0.0000,0.0001,-0.0000,0.0001,0.0001,0.0001,-0.0000,-0.0000,0.0000,-0.0000,-0.0000,-0.0000,0.0000,0.0000,-0.0000,0.0000,-0.0000,-0.0000,-0.0000
206,-2.0000,4.0000,0.0005,0.7071,0.0000,0.0000,0.7071,-0.0000,-0.0000,0.0001,-0.0000,0.0001,0.0001,0.0001,-0.0000,-0.0000,0.0000,-0.0000,-0.0000,-0.0000,0.0000,0.0000,-0.0000,0.0000,-0.0000,-0.0000,-0.0000
209,2.0000,1.0000,0.0005,0.0000,0.0000,0.0000,1.0000,-0.0000,-0.0000,0.0001,-0.0000,0.0001,0.0001,0.0001,-0.0000,-0.0000,0.0000,-0.0000,-0.0000,-0.0000,0.0000,0.0000,-0.0000,0.0000,-0.0000,-0.0000,-0.0000
211,2.0000,-2.0000,0.0005,1.0000,0.0000,0.0000,0.0000,-0.0000,-0.0000,0.0001,-0.0000,0.0001,0.0001,0.0001,-0.0000,-0.0000,0.0000,-0.0000,-0.0000,-0.0000,0.0000,0.0000,-0.0000,0.0000,-0.0000,-0.0000,-0.0000
212,3.0000,3.0000,0.0005,-0.7071,0.0000,0.0000,0.7071,-0.0000,-0.0000,0.0001,-0.0000,0.0001,0.0001,0.0001,-0.0000,-0.0000,0.0000,-0.0000,-0.0000,-0.0000,0.0000,0.0000,-0.0000,0.0000,-0.0000,-0.0000,-0.0000
213,-6.0000,5.0000,0.0005,0.7071,0.0000,0.0000,0.7071,-0.0000,-0.0000,0.0001,-0.0000,0.0001,0.0001,0.0001,-0.0000,-0.0000,0.0000,-0.0000,-0.0000,-0.0000,0.0000,0.0000,-0.0000,0.0000,-0.0000,-0.0000,-0.0000
216,5.0000,-2.0000,0.0005,1.0000,0.0000,0.0000,0.0000,-0.0000,-0.0000,0.0001,-0.0000,0.0001,0.0001,0.0001,-0.0000,-0.0000,0.0000,-0.0000,-0.0000,-0.0000,0.0000,0.0000,-0.0000,0.0000,-0.0000,-0.0000,-0.0000
218,5.0000,-4.0000,0.0005,1.0000,0.0000,0.0000,0.0000,-0.0000,-0.0000,0.0001,-0.0000,0.0001,0.0001,0.0001,-0.0000,-0.0000,0.0000,-0.0000,-0.0000,-0.0000,0.0000,0.0000,-0.0000,0.0000,-0.0000,-0.0000,-0.0000
223,8.0000,-1.0000,0.0005,1.0000,0.0000,0.0000,0.0000,-0.0000,-0.0000,0.0001,-0.0000,0.0001,0.0001,0.0001,-0.0000,-0.0000,0.0000,-0.0000,-0.0000,-0.0000,0.0000,0.0000,-0.0000,0.0000,-0.0000,-0.0000,-0.0000
225,-9.0000,-1.0000,0.0005,1.0000,0.0000,0.0000,0.0000,-0.0000,-0.0000,0.0001,-0.0000,0.0001,0.0001,0.0001,-0.0000,-0.0000,0.0000,-0.0000,-0.0000,-0.0000,0.0000,0.0000,-0.0000,0.0000,-0.0000,-0.0000,-0.0000
226,6.0000,-5.0000,0.0005,1.0000,0.0000,0.0000,0.0000,-0.0000,-0.0000,0.0001,-0.0000,0.0001,0.0001,0.0001,-0.0000,-0.0000,0.0000,-0.0000,-0.0000,-0.0000,0.0000,0.0000,-0.0000,0.0000,-0.0000,-0.0000,-0.0000
229,-9.0000,-3.0000,0.0005,0.7071,0.0000,0.0000,0.7071,-0.0000,-0.0000,0.0001,-0.0000,0.0001,0.0001,0.0001,-0.0000,-0.0000,0.0000,-0.0000,-0.0000,-0.0000,0.0000,0.0000,-0.0000,0.0000,-0.0000,-0.0000,-0.0000
230,7.0000,-3.0000,0.0005,0.7071,0.0000,0.0000,0.7071,-0.0000,-0.0000,0.0001,-0.0000,0.0001,0.0001,0.0001,-0.0000,-0.0000,0.0000,-0.0000,-0.0000,-0.0000,0.0000,0.0000,-0.0000,0.0000,-0.0000,-0.0000,-0.0000
233,2.0000,3.0000,0.0005,0.7071,0.0000,0.0000,0.7071,-0.0000,-0.0000,0.0001,-0.0000,0.0001,0.0001,0.0001,-0.0000,-0.0000,0.0000,-0.0000,-0.0000,-0.0000,0.0000,0.0000,-0.0000,0.0000,-0.0000,-0.0000,-0.0000
234,1.0000,-4.0000,0.0005,1.0000,0.0000,0.0000,0.0000,-0.0000,-0.0000,0.0001,-0.0000,0.0001,0.0001,0.0001,-0.0000,-0.0000,0.0000,-0.0000,-0.0000,-0.0000,0.0000,0.0000,-0.0000,0.0000,-0.0000,-0.0000,-0.0000
235,7.0000,-1.0000,0.0005,0.7071,0.0000,0.0000,0.7071,-0.0000,-0.0000,0.0001,-0.0000,0.0001,0.0001,0.0001,-0.0000,-0.0000,0.0000,-0.0000,-0.0000,-0.0000,0.0000,0.0000,-0.0000,0.0000,-0.0000,-0.0000,-0.0000
238,3.0000,-3.0000,0.0005,1.0000,0.0000,0.0000,0.0000,-0.0000,-0.0000,0.0001,-0.0000,0.0001,0.0001,0.0001,-0.0000,-0.0000,0.0000,-0.0000,-0.0000,-0.0000,0.0000,0.0000,-0.0000,0.0000,-0.0000,-0.0000,-0.0000
239,-1.0000,-2.0000,0.0005,1.0000,0.0000,0.0000,0.0000,-0.0000,-0.0000,0.0001,-0.0000,0.0001,0.0001,0.0001,-0.0000,-0.0000,0.0000,-0.0000,-0.0000,-0.0000,0.0000,0.0000,-0.0000,0.0000,-0.0000,-0.0000,-0.0000
241,-8.0000,1.0000,0.0005,0.7071,0.0000,0.0000,0.7071,-0.0000,-0.0000,0.0001,-0.0000,0.0001,0.0001,0.0001,-0.0000,-0.0000,0.0000,-0.0000,-0.0000,-0.0000,0.0000,0.0000,-0.0000,0.0000,-0.0000,-0.0000,-0.0000
246,5.0000,-4.0000,0.0005,0.7071,0.0000,0.0000,0.7071,-0.0000,-0.0000,0.0001,-0.0000,0.0001,0.0001,0.0001,-0.0000,-0.0000,0.0000,-0.0000,-0.0000,-0.0000,0.0000,0.0000,-0.0000,0.0000,-0.0000,-0.0000,-0.0000
249,-5.0000,4.0000,0.0005,1.0000,0.0000,0.0000,0.0000,-0.0000,-0.0000,0.0001,-0.0000,0.0001,0.0001,0.0001,-0.0000,-0.0000,0.0000,-0.0000,-0.0000,-0.0000,0.0000,0.0000,-0.0000,0.0000,-0.0000,-0.0000,-0.0000
250,6.0000,3.0000,0.0005,0.7071,0.0000,0.0000,0.7071,-0.0000,-0.0000,0.0001,-0.0000,0.0001,0.0001,0.0001,-0.0000,-0.0000,0.0000,-0.0000,-0.0000,-0.0000,0.0000,0.0000,-0.0000,0.0000,-0.0000,-0.0000,-0.0000
251,7.0000,2.0000,0.0005,0.7071,0.0000,0.0000,0.7071,-0.0000,-0.0000,0.0001,-0.0000,0.0001,0.0001,0.0001,-0.0000,-0.0000,0.0000,-0.0000,-0.0000,-0.0000,0.0000,0.0000,-0.0000,0.0000,-0.0000,-0.0000,-0.0000
253,-9.0000,3.0000,0.0005,1.0000,0.0000,0.0000,0.0000,-0.0000,-0.0000,0.0001,-0.0000,0.0001,0.0001,0.0001,-0.0000,-0.0000,0.0000,-0.0000,-0.0000,-0.0000,0.0000,0.0000,-0.0000,0.0000,-0.0000,-0.0000,-0.0000

