649,5.0000,-2.0000,0.0005,0.7071,0.0000,0.0000,0.7071,-0.0000,-0.0000,0.0001,-0.0000,0.0001,0.0001,0.0001,-0.0000,-0.0000,0.0000,-0.0000,-0.0000,-0.0000,0.0000,0.0000,-0.0000,0.0000,-0.0000,-0.0000,-0.0000
648,-9.0000,2.0000,0.0005,1.0000,0.0000,0.0000,0.0000,-0.0000,-0.0000,0.0001,-0.0000,0.0001,0.0001,0.0001,-0.0000,-0.0000,0.0000,-0.0000,-0.0000,-0.0000,0.0000,0.0000,-0.0000,0.0000,-0.0000,-0.0000,-0.0000
646,-8.0000,-3.0000,0.0005,1.0000,0.0000,0.0000,0.0000,-0.0000,-0.0000,0.0001,-0.0000,0.0001,0.0001,0.0001,-0.0000,-0.0000,0.0000,-0.0000,-0.0000,-0.0000,0.0000,0.0000,-0.0000,0.0000,-0.0000,-0.0000,-0.0000
645,-4.0000,-1.0000,0.0005,0.7071,0.0000,0.0000,0.7071,-0.0000,-0.0000,0.0001,-0.0000,0.0001,0.0001,0.0001,-0.0000,-0.0000,0.0000,-0.0000,-0.0000,-0.0000,0.0000,0.0000,-0.0000,0.0000,-0.0000,-0.0000,-0.0000
644,4.0000,2.0000,0.0005,0.7071,0.0000,0.0000,0.7071,-0.0000,-0.0000,0.0001,-0.0000,0.0001,0.0001,0.0001,-0.0000,-0.0000,0.0000,-0.0000,-0.0000,-0.0000,0.0000,0.0000,-0.0000,0.0000,-0.0000,-0.0000,-0.0000
643,6.0000,-4.0000,0.0005,1.0000,0.0000,0.0000,0.0000,-0.0000,-0.0000,0.0001,-0.0000,0.0001,0.0001,0.0001,-0.0000,-0.0000,0.0000,-0.0000,-0.0000,-0.0000,0.0000,0.0000,-0.0000,0.0000,-0.0000,-0.0000,-0.0000
639,-7.0000,-1.0000,0.0005,0.7071,0.0000,0.0000,0.7071,-0.0000,-0.0000,0.0001,-0.0000,0.0001,0.0001,0.0001,-0.0000,-0.0000,0.0000,-0.0000,-0.0000,-0.0000,0.0000,0.0000,-0.0000,0.0000,-0.0000,-0.0000,-0.0000
637,2.0000,4.0000,0.0005,0.7071,0.0000,0.0000,0.7071,-0.0000,-0.0000,0.0001,-0.0000,0.0001,0.0001,0.0001,-0.0000,-0.0000,0.0000,-0.0000,-0.0000,-0.0000,0.0000,0.0000,-0.0000,0.0000,-0.0000,-0.0000,-0.0000
630,-4.0000,-2.0000,0.0005,0.7071,0.0000,0.0000,0.7071,-0.0000,-0.0000,0.0001,-0.0000,0.0001,0.0001,0.0001,-0.0000,-0.0000,0.0000,-0.0000,-0.0000,-0.0000,0.0000,0.0000,-0.0000,0.0000,-0.0000,-0.0000,-0.0000
629,5.0000,2.0000,0.0005,0.7071,0.0000,0.0000,0.7071,-0.0000,-0.0000,0.0001,-0.0000,0.0001,0.0001,0.0001,-0.0000,-0.0000,0.0000,-0.0000,-0.0000,-0.0000,0.0000,0.0000,-0.0000,0.0000,-0.0000,-0.0000,-0.0000
627,9.0000,-2.0000,0.0005,1.0000,0.0000,0.0000,0.0000,-0.0000,-0.0000,0.0001,-0.0000,0.0001,0.0001,0.0001,-0.0000,-0.0000,0.0000,-0.0000,-0.0000,-0.0000,0.0000,0.0000,-0.0000,0.0000,-0.0000,-0.0000,-0.0000
626,7.0000,-2.0000,0.0005,1.0000,0.0000,0.0000,0.0000,-0.0000,-0.0000,0.0001,-0.0000,0.0001,0.0001,0.0001,-0.0000,-0.0000,0.0000,-0.0000,-0.0000,-0.0000,0.0000,0.0000,-0.0000,0.0000,-0.0000,-0.0000,-0.0000
625,-4.0000,5.0000,0.0005,1.0000,0.0000,0.0000,0.0000,-0.0000,-0.0000,0.0001,-0.0000,0.0001,0.0001,0.0001,-0.0000,-0.0000,0.0000,-0.0000,-0.0000,-0.0000,0.0000,0.0000,-0.0000,0.0000,-0.0000,-0.0000,-0.0000
624,-7.0000,-5.0000,0.0005,1.0000,0.0000,0.0000,0.0000,-0.0000,-0.0000,0.0001,-0.0000,0.0001,0.0001,0.0001,-0.0000,-0.0000,0.0000,-0.0000,-0.0000,-0.0000,0.0000,0.0000,-0.0000,0.0000,-0.0000,-0.0000,-0.0000
623,8.0000,-2.0000,0.0005,0.7071,0.0000,0.0000,0.7071,-0.0000,-0.0000,0.0001,-0.0000,0.0001,0.0001,0.0001,-0.0000,-0.0000,0.0000,-0.0000,-0.0000,-0.0000,0.0000,0.0000,-0.0000,0.0000,-0.0000,-0.0000,-0.0000
621,-2.0000,-5.0000,0.0005,1.0000,0.0000,0.0000,0.0000,-0.0000,-0.0000,0.0001,-0.0000,0.0001,0.0001,0.0001,-0.0000,-0.0000,0.0000,-0.0000,-0.0000,-0.0000,0.0000,0.0000,-0.0000,0.0000,-0.0000,-0.0000,-0.0000
619,3.0000,2.0000,0.0005,0.7071,0.0000,0.0000,0.7071,-0.0000,-0.0000,0.0001,-0.0000,0.0001,0.0001,0.0001,-0.0000,-0.0000,0.0000,-0.0000,-0.0000,-0.0000,0.0000,0.0000,-0.0000,0.0000,-0.0000,-0.0000,-0.0000
616,-8.0000,-5.0000,0.0005,1.0000,0.0000,0.0000,0.0000,-0.0000,-0.0000,0.0001,-0.0000,0.0001,0.0001,0.0001,-0.0000,-0.0000,0.0000,-0.0000,-0.0000,-0.0000,0.0000,0.0000,-0.0000,0.0000,-0.0000,-0.0000,-0.0000
611,2.0000,1.0000,0.0005,0.7071,0.0000,0.0000,0.7071,-0.0000,-0.0000,0.0001,-0.0000,0.0001,0.0001,0.0001,-0.0000,-0.0000,0.0000,-0.0000,-0.0000,-0.0000,0.0000,0.0000,-0.0000,0.0000,-0.0000,-0.0000,-0.0000
609,-7.0000,3.0000,0.0005,0.7071,0.0000,0.0000,0.7071,-0.0000,-0.0000,0.0001,-0.0000,0.0001,0.0001,0.0001,-0.0000,-0.0000,0.0000,-0.0000,-0.0000,-0.0000,0.0000,0.0000,-0.0000,0.0000,-0.0000,-0.0000,-0.0000
607,-5.0000,3.0000,0.0005,1.0000,0.0000,0.0000,0.0000,-0.0000,-0.0000,0.0001,-0.0000,0.0001,0.0001,0.0001,-0.0000,-0.0000,0.0000,-0.0000,-0.0000,-0.0000,0.0000,0.0000,-0.0000,0.0000,-0.0000,-0.0000,-0.0000
605,-4.0000,3.0000,0.0005,1.0000,0.0000,0.0000,0.0000,-0.0000,-0.0000,0.0001,-0.0000,0.0001,0.0001,0.0001,-0.0000,-0.0000,0.0000,-0.0000,-0.0000,-0.0000,0.0000,0.0000,-0.0000,0.0000,-0.0000,-0.0000,-0.0000
604,-7.0000,1.0000,0.0005,1.0000,0.0000,0.0000,0.0000,-0.0000,-0.0000,0.0001,-0.0000,0.0001,0.0001,0.0001,-0.0000,-0.0000,0.0000,-0.0000,-0.0000,-0.0000,0.0000,0.0000,-0.0000,0.0000,-0.0000,-0.0000,-0.0000
603,-6.0000,4.0000,0.0005,0.7071,0.0000,0.0000,0.7071,-0.0000,-0.0000,0.0001,-0.0000,0.0001,0.0001,0.0001,-0.0000,-0.0000,0.0000,-0.0000,-0.0000,-0.0000,0.0000,0.0000,-0.0000,0.0000,-0.0000,-0.0000,-0.0000
602,1.0000,3.0000,0.0005,0.7071,0.0000,0.0000,0.7071,-0.0000,-0.0000,0.0001,-0.0000,0.0001,0.0001,0.0001,-0.0000,-0.0000,0.0000,-0.0000,-0.0000,-0.0000,0.0000,0.0000,-0.0000,0.0000,-0.0000,-0.0000,-0.0000
599,-4.0000,0.0000,0.0005,0.7071,0.0000,0.0000,0.7071,-0.0000,-0.0000,0.0001,-0.0000,0.0001,0.0001,0.0001,-0.0000,-0.0000,0.0000,-0.0000,-0.0000,-0.0000,0.0000,0.0000,-0.0000,0.0000,-0.0000,-0.0000,-0.0000
594,3.0000,-3.0000,0.0005,0.7071,0.0000,0.0000,0.7071,-0.0000,-0.0000,0.0001,-0.0000,0.0001,0.0001,0.0001,-0.0000,-0.0000,0.0000,-0.0000,-0.0000,-0.0000,0.0000,0.0000,-0.0000,0.0000,-0.0000,-0.0000,-0.0000
593,-1.0000,-3.0000,0.0005,0.7071,0.0000,0.0000,0.7071,-0.0000,-0.0000,0.0001,-0.0000,0.0001,0.0001,0.0001,-0.0000,-0.0000,0.0000,-0.0000,-0.0000,-0.0000,0.0000,0.0000,-0.0000,0.0000,-0.0000,-0.0000,-0.0000
592,1.0000,-5.0000,0.0005,1.0000,0.0000,0.0000,0.0000,-0.0000,-0.0000,0.0001,-0.0000,0.0001,0.0001,0.0001,-0.0000,-0.0000,0.0000,-0.0000,-0.0000,-0.0000,0.0000,0.0000,-0.0000,0.0000,-0.0000,-0.0000,-0.0000
590,-4.0000,5.0000,0.0005,0.7071,0.0000,0.0000,0.7071,-0.0000,-0.0000,0.0001,-0.0000,0.0001,0.0001,0.0001,-0.0000,-0.0000,0.0000,-0.0000,-0.0000,-0.0000,0.0000,0.0000,-0.0000,0.0000,-0.0000,-0.0000,-0.0000
584,9.0000,4.0000,0.0005,0.7071,0.0000,0.0000,0.7071,-0.0000,-0.0000,0.0001,-0.0000,0.0001,0.0001,0.0001,-0.0000,-0.0000,0.0000,-0.0000,-0.0000,-0.0000,0.0000,0.0000,-0.0000,0.0000,-0.0000,-0.0000,-0.0000
583,-9.0000,2.0000,0.0005,0.7071,0.0000,0.0000,0.7071,-0.0000,-0.0000,0.0001,-0.0000,0.0001,0.0001,0.0001,-0.0000,-0.0000,0.0000,-0.0000,-0.0000,-0.0000,0.0000,0.0000,-0.0000,0.0000,-0.0000,-0.0000,-0.0000
582,-7.0000,-5.0000,0.0005,0.7071,0.0000,0.0000,0.7071,-0.0000,-0.0000,0.0001,-0.0000,0.0001,0.0001,0.0001,-0.0000,-0.0000,0.0000,-0.0000,-0.0000,-0.0000,0.0000,0.0000,-0.0000,0.0000,-0.0000,-0.0000,-0.0000
581,-7.0000,3.0000,0.0005,1.0000,0.0000,0.0000,0.0000,-0.0000,-0.0000,0.0001,-0.0000,0.0001,0.0001,0.0001,-0.0000,-0.0000,0.0000,-0.0000,-0.0000,-0.0000,0.0000,0.0000,-0.0000,0.0000,-0.0000,-0.0000,-0.0000
578,7.0000,3.0000,0.0005,1.0000,0.0000,0.0000,0.0000,-0.0000,-0.0000,0.0001,-0.0000,0.0001,0.0001,0.0001,-0.0000,-0.0000,0.0000,-0.0000,-0.0000,-0.0000,0.0000,0.0000,-0.0000,0.0000,-0.0000,-0.0000,-0.0000
577,1.0000,1.0000,0.0005,0.7071,0.0000,0.0000,0.7071,-0.0000,-0.0000,0.0001,-0.0000,0.0001,0.0001,0.0001,-0.0000,-0.0000,0.0000,-0.0000,-0.0000,-0.0000,0.0000,0.0000,-0.0000,0.0000,-0.0000,-0.0000,-0.0000
576,-1.0000,3.0000,0.0005,1.0000,0.0000,0.0000,0.0000,-0.0000,-0.0000,0.0001,-0.0000,0.0001,0.0001,0.0001,-0.0000,-0.0000,0.0000,-0.0000,-0.0000,-0.0000,0.0000,0.0000,-0.0000,0.0000,-0.0000,-0.0000,-0.0000
566,9.0000,-3.0000,0.0005,1.0000,0.0000,0.0000,0.0000,-0.0000,-0.0000,0.0001,-0.0000,0.0001,0.0001,0.0001,-0.0000,-0.0000,0.0000,-0.0000,-0.0000,-0.0000,0.0000,0.0000,-0.0000,0.0000,-0.0000,-0.0000,-0.0000
564,5.0000,2.0000,0.0005,1.0000,0.0000,0.0000,0.0000,-0.0000,-0.0000,0.0001,-0.0000,0.0001,0.0001,0.0001,-0.0000,-0.0000,0.0000,-0.0000,-0.0000,-0.0000,0.0000,0.0000,-0.0000,0.0000,-0.0000,-0.0000,-0.0000
563,1.0000,-2.0000,0.0005,0.7071,0.0000,0.0000,0.7071,-0.0000,-0.0000,0.0001,-0.0000,0.0001,0.0001,0.0001,-0.0000,-0.0000,0.0000,-0.0000,-0.0000,-0.0000,0.0000,0.0000,-0.0000,0.0000,-0.0000,-0.0000,-0.0000
562,-5.0000,2.0000,0.0005,1.0000,0.0000,0.0000,0.0000,-0.0000,-0.0000,0.0001,-0.0000,0.0001,0.0001,0.0001,-0.0000,-0.0000,0.0000,-0.0000,-0.0000,-0.0000,0.0000,0.0000,-0.0000,0.0000,-0.0000,-0.0000,-0.0000
561,4.0000,-1.0000,0.0005,1.0000,0.0000,0.0000,0.0000,-0.0000,-0.0000,0.0001,-0.0000,0.0001,0.0001,0.0001,-0.0000,-0.0000,0.0000,-0.0000,-0.0000,-0.0000,0.0000,0.0000,-0.0000,0.0000,-0.0000,-0.0000,-0.0000
560,-2.0000,-4.0000,0.0005,0.7071,0.0000,0.0000,0.7071,-0.0000,-0.0000,0.0001,-0.0000,0.0001,0.0001,0.0001,-0.0000,-0.0000,0.0000,-0.0000,-0.0000,-0.0000,0.0000,0.0000,-0.0000,0.0000,-0.0000,-0.0000,-0.0000
558,2.0000,1.0000,0.0005,1.0000,0.0000,0.0000,0.0000,-0.0000,-0.0000,0.0001,-0.0000,0.0001,0.0001,0.0001,-0.0000,-0.0000,0.0000,-0.0000,-0.0000,-0.0000,0.0000,0.0000,-0.0000,0.0000,-0.0000,-0.0000,-0.0000
556,7.0000,-3.0000,0.0005,1.0000,0.0000,0.0000,0.0000,-0.0000,-0.0000,0.0001,-0.0000,0.0001,0.0001,0.0001,-0.0000,-0.0000,0.0000,-0.0000,-0.0000,-0.0000,0.0000,0.0000,-0.0000,0.0000,-0.0000,-0.0000,-0.0000
554,-5.0000,3.0000,0.0005,0.7071,0.0000,0.0000,0.7071,-0.0000,-0.0000,0.0001,-0.0000,0.0001,0.0001,0.0001,-0.0000,-0.0000,0.0000,-0.0000,-0.0000,-0.0000,0.0000,0.0000,-0.0000,0.0000,-0.0000,-0.0000,-0.0000
550,9.0000,2.0000,0.0005,0.7071,0.0000,0.0000,0.7071,-0.0000,-0.0000,0.0001,-0.0000,0.0001,0.0001,0.0001,-0.0000,-0.0000,0.0000,-0.0000,-0.0000,-0.0000,0.0000,0.0000,-0.0000,0.0000,-0.0000,-0.0000,-0.0000
548,2.0000,-3.0000,0.0005,0.7071,0.0000,0.0000,0.7071,-0.0000,-0.0000,0.0001,-0.0000,0.0001,0.0001,0.0001,-0.0000,-0.0000,0.0000,-0.0000,-0.0000,-0.0000,0.0000,0.0000,-0.0000,0.0000,-0.0000,-0.0000,-0.0000
547,-2.0000,-4.0000,0.0005,1.0000,0.0000,0.0000,0.0000,-0.0000,-0.0000,0.0001,-0.0000,0.0001,0.0001,0.0001,-0.0000,-0.0000,0.0000,-0.0000,-0.0000,-0.0000,0.0000,0.0000,-0.0000,0.0000,-0.0000,-0.0000,-0.0000
545,-5.0000,0.0000,0.0005,0.7071,0.0000,0.0000,0.7071,-0.0000,-0.0000,0.0001,-0.0000,0.0001,0.0001,0.0001,-0.0000,-0.0000,0.0000,-0.0000,-0.0000,-0.0000,0.0000,0.0000,-0.0000,0.0000,-0.0000,-0.0000,-0.0000
544,-7.0000,-1.0000,0.0005,1.0000,0.0000,0.0000,0.0000,-0.0000,-0.0000,0.0001,-0.0000,0.0001,0.0001,0.0001,-0.0000,-0.0000,0.0000,-0.0000,-0.0000,-0.0000,0.0000,0.0000,-0.0000,0.0000,-0.0000,-0.0000,-0.0000
542,0.0000,-3.0000,0.0005,1.0000,0.0000,0.0000,0.0000,-0.0000,-0.0000,0.0001,-0.0000,0.0001,0.0001,0.0001,-0.0000,-0.0000,0.0000,-0.0000,-0.0000,-0.0000,0.0000,0.0000,-0.0000,0.0000,-0.0000,-0.0000,-0.0000
541,9.0000,1.0000,0.0005,1.0000,0.0000,0.0000,0.0000,-0.0000,-0.0000,0.0001,-0.0000,0.0001,0.0001,0.0001,-0.0000,-0.0000,0.0000,-0.0000,-0.0000,-0.0000,0.0000,0.0000,-0.0000,0.0000,-0.0000,-0.0000,-0.0000
254,5.0000,0.0000,0.0005,0.7071,0.0000,0.0000,0.7071,-0.0000,-0.0000,0.0001,-0.0000,0.0001,0.0001,0.0001,-0.0000,-0.0000,0.0000,-0.0000,-0.0000,-0.0000,0.0000,0.0000,-0.0000,0.0000,-0.0000,-0.0000,-0.0000
251,-6.0000,0.0000,0.0005,0.7071,0.0000,0.0000,0.7071,-0.0000,-0.0000,0.0001,-0.0000,0.0001,0.0001,0.0001,-0.0000,-0.0000,0.0000,-0.0000,-0.0000,-0.0000,0.0000,0.0000,-0.0000,0.0000,-0.0000,-0.0000,-0.0000
250,-2.0000,-5.0000,0.0005,0.7071,0.0000,0.0000,0.7071,-0.0000,-0.0000,0.0001,-0.0000,0.0001,0.0001,0.0001,-0.0000,-0.0000,0.0000,-0.0000,-0.0000,-0.0000,0.0000,0.0000,-0.0000,0.0000,-0.0000,-0.0000,-0.0000
248,5.0000,-4.0000,0.0005,1.0000,0.0000,0.0000,0.0000,-0.0000,-0.0000,0.0001,-0.0000,0.0001,0.0001,0.0001,-0.0000,-0.0000,0.0000,-0.0000,-0.0000,-0.0000,0.0000,0.0000,-0.0000,0.0000,-0.0000,-0.0000,-0.0000
246,5.0000,-2.0000,0.0005,1.0000,0.0000,0.0000,0.0000,-0.0000,-0.0000,0.0001,-0.0000,0.0001,0.0001,0.0001,-0.0000,-0.0000,0.0000,-0.0000,-0.0000,-0.0000,0.0000,0.0000,-0.0000,0.0000,-0.0000,-0.0000,-0.0000
240,2.0000,-2.0000,0.0005,1.0000,0.0000,0.0000,0.0000,-0.0000,-0.0000,0.0001,-0.0000,0.0001,0.0001,0.0001,-0.0000,-0.0000,0.0000,-0.0000,-0.0000,-0.0000,0.0000,0.0000,-0.0000,0.0000,-0.0000,-0.0000,-0.0000
234,-6.0000,-2.0000,0.0005,0.7071,0.0000,0.0000,0.7071,-0.0000,-0.0000,0.0001,-0.0000,0.0001,0.0001,0.0001,-0.0000,-0.0000,0.0000,-0.0000,-0.0000,-0.0000,0.0000,0.0000,-0.0000,0.0000,-0.0000,-0.0000,-0.0000
232,-3.0000,-5.0000,0.0005,0.7071,0.0000,0.0000,0.7071,-0.0000,-0.0000,0.0001,-0.0000,0.0001,0.0001,0.0001,-0.0000,-0.0000,0.0000,-0.0000,-0.0000,-0.0000,0.0000,0.0000,-0.0000,0.0000,-0.0000,-0.0000,-0.0000
230,-4.0000,2.0000,0.0005,0.7071,0.0000,0.0000,0.7071,-0.0000,-0.0000,0.0001,-0.0000,0.0001,0.0001,0.0001,-0.0000,-0.0000,0.0000,-0.0000,-0.0000,-0.0000,0.0000,0.0000,-0.0000,0.0000,-0.0000,-0.0000,-0.0000
228,-1.0000,-5.0000,0.0005,1.0000,0.0000,0.0000,0.0000,-0.0000,-0.0000,0.0001,-0.0000,0.0001,0.0001,0.0001,-0.0000,-0.0000,0.0000,-0.0000,-0.0000,-0.0000,0.0000,0.0000,-0.0000,0.0000,-0.0000,-0.0000,-0.0000
226,-4.0000,-4.0000,0.0005,1.0000,0.0000,0.0000,0.0000,-0.0000,-0.0000,0.0001,-0.0000,0.0001,0.0001,0.0001,-0.0000,-0.0000,0.0000,-0.0000,-0.0000,-0.0000,0.0000,0.0000,-0.0000,0.0000,-0.0000,-0.0000,-0.0000
225,2.0000,-2.0000,0.0005,0.7071,0.0000,0.0000,0.7071,-0.0000,-0.0000,0.0001,-0.0000,0.0001,0.0001,0.0001,-0.0000,-0.0000,0.0000,-0.0000,-0.0000,-0.0000,0.0000,0.0000,-0.0000,0.0000,-0.0000,-0.0000,-0.0000
224,-9.0000,1.0000,0.0005,1.0000,0.0000,0.0000,0.0000,-0.0000,-0.0000,0.0001,-0.0000,0.0001,0.0001,0.0001,-0.0000,-0.0000,0.0000,-0.0000,-0.0000,-0.0000,0.0000,0.0000,-0.0000,0.0000,-0.0000,-0.0000,-0.0000
223,-1.0000,1.0000,0.0005,0.7071,0.0000,0.0000,0.7071,-0.0000,-0.0000,0.0001,-0.0000,0.0001,0.0001,0.0001,-0.0000,-0.0000,0.0000,-0.0000,-0.0000,-0.0000,0.0000,0.0000,-0.0000,0.0000,-0.0000,-0.0000,-0.0000
221,8.0000,-2.0000,0.0005,1.0000,0.0000,0.0000,0.0000,-0.0000,-0.0000,0.0001,-0.0000,0.0001,0.0001,0.0001,-0.0000,-0.0000,0.0000,-0.0000,-0.0000,-0.0000,0.0000,0.0000,-0.0000,0.0000,-0.0000,-0.0000,-0.0000
220,6.0000,-1.0000,0.0005,0.7071,0.0000,0.0000,0.7071,-0.0000,-0.0000,0.0001,-0.0000,0.0001,0.0001,0.0001,-0.0000,-0.0000,0.0000,-0.0000,-0.0000,-0.0000,0.0000,0.0000,-0.0000,0.0000,-0.0000,-0.0000,-0.0000
217,-9.0000,0.0000,0.0005,0.7071,0.0000,0.0000,0.7071,-0.0000,-0.0000,0.0001,-0.0000,0.0001,0.0001,0.0001,-0.0000,-0.0000,0.0000,-0.0000,-0.0000,-0.0000,0.0000,0.0000,-0.0000,0.0000,-0.0000,-0.0000,-0.0000
213,-8.0000,-1.0000,0.0005,0.7071,0.0000,0.0000,0.7071,-0.0000,-0.0000,0.0001,-0.0000,0.0001,0.0001,0.0001,-0.0000,-0.0000,0.0000,-0.0000,-0.0000,-0.0000,0.0000,0.0000,-0.0000,0.0000,-0.0000,-0.0000,-0.0000
211,7.0000,-4.0000,0.0005,1.0000,0.0000,0.0000,0.0000,-0.0000,-0.0000,0.0001,-0.0000,0.0001,0.0001,0.0001,-0.0000,-0.0000,0.0000,-0.0000,-0.0000,-0.0000,0.0000,0.0000,-0.0000,0.0000,-0.0000,-0.0000,-0.0000
206,-9.0000,-3.0000,0.0005,1.0000,0.0000,0.0000,0.0000,-0.0000,-0.0000,0.0001,-0.0000,0.0001,0.0001,0.0001,-0.0000,-0.0000,0.0000,-0.0000,-0.0000,-0.0000,0.0000,0.0000,-0.0000,0.0000,-0.0000,-0.0000,-0.0000
197,-2.0000,4.0000,0.0005,1.0000,0.0000,0.0000,0.0000,-0.0000,-0.0000,0.0001,-0.0000,0.0001,0.0001,0.0001,-0.0000,-0.0000,0.0000,-0.0000,-0.0000,-0.0000,0.0000,0.0000,-0.0000,0.0000,-0.0000,-0.0000,-0.0000
194,-1.0000,0.0000,0.0005,0.7071,0.0000,0.0000,0.7071,-0.0000,-0.0000,0.0001,-0.0000,0.0001,0.0001,0.0001,-0.0000,-0.0000,0.0000,-0.0000,-0.0000,-0.0000,0.0000,0.0000,-0.0000,0.0000,-0.0000,-0.0000,-0.0000
191,5.0000,3.0000,0.0005,1.0000,0.0000,0.0000,0.0000,-0.0000,-0.0000,0.0001,-0.0000,0.0001,0.0001,0.0001,-0.0000,-0.0000,0.0000,-0.0000,-0.0000,-0.0000,0.0000,0.0000,-0.0000,0.0000,-0.0000,-0.0000,-0.0000
190,6.0000,2.0000,0.0005,1.0000,0.0000,0.0000,0.0000,-0.0000,-0.0000,0.0001,-0.0000,0.0001,0.0001,0.0001,-0.0000,-0.0000,0.0000,-0.0000,-0.0000,-0.0000,0.0000,0.0000,-0.0000,0.0000,-0.0000,-0.0000,-0.0000
189,2.0000,5.0000,0.0005,0.7071,0.0000,0.0000,0.7071,-0.0000,-0.0000,0.0001,-0.0000,0.0001,0.0001,0.0001,-0.0000,-0.0000,0.0000,-0.0000,-0.0000,-0.0000,0.0000,0.0000,-0.0000,0.0000,-0.0000,-0.0000,-0.0000
188,-5.0000,-2.0000,0.0005,0.7071,0.0000,0.0000,0.7071,-0.0000,-0.0000,0.0001,-0.0000,0.0001,0.0001,0.0001,-0.0000,-0.0000,0.0000,-0.0000,-0.0000,-0.0000,0.0000,0.0000,-0.0000,0.0000,-0.0000,-0.0000,-0.0000
186,-4.0000,3.0000,0.0005,0.7071,0.0000,0.0000,0.7071,-0.0000,-0.0000,0.0001,-0.0000,0.0001,0.0001,0.0001,-0.0000,-0.0000,0.0000,-0.0000,-0.0000,-0.0000,0.0000,0.0000,-0.0000,0.0000,-0.0000,-0.0000,-0.0000
184,6.0000,2.0000,0.0005,0.7071,0.0000,0.0000,0.7071,-0.0000,-0.0000,0.0001,-0.0000,0.0001,0.0001,0.0001,-0.0000,-0.0000,0.0000,-0.0000,-0.0000,-0.0000,0.0000,0.0000,-0.0000,0.0000,-0.0000,-0.0000,-0.0000
181,-9.0000,4.0000,0.0005,1.0000,0.0000,0.0000,0.0000,-0.0000,-0.0000,0.0001,-0.0000,0.0001,0.0001,0.0001,-0.0000,-0.0000,0.0000,-0.0000,-0.0000,-0.0000,0.0000,0.0000,-0.0000,0.0000,-0.0000,-0.0000,-0.0000
180,9.0000,1.0000,0.0005,0.7071,0.0000,0.0000,0.7071,-0.0000,-0.0000,0.0001,-0.0000,0.0001,0.0001,0.0001,-0.0000,-0.0000,0.0000,-0.0000,-0.0000,-0.0000,0.0000,0.0000,-0.0000,0.0000,-0.0000,-0.0000,-0.0000
175,-6.0000,-1.0000,0.0005,0.7071,0.0000,0.0000,0.7071,-0.0000,-0.0000,0.0001,-0.0000,0.0001,0.0001,0.0001,-0.0000,-0.0000,0.0000,-0.0000,-0.0000,-0.0000,0.0000,0.0000,-0.0000,0.0000,-0.0000,-0.0000,-0.0000
173,7.0000,5.0000,0.0005,1.0000,0.0000,0.0000,0.0000,-0.0000,-0.0000,0.0001,-0.0000,0.0001,0.0001,0.0001,-0.0000,-0.0000,0.0000,-0.0000,-0.0000,-0.0000,0.0000,0.0000,-0.0000,0.0000,-0.0000,-0.0000,-0.0000
165,-9.0000,1.0000,0.0005,0.7071,0.0000,0.0000,0.7071,-0.0000,-0.0000,0.0001,-0.0000,0.0001,0.0001,0.0001,-0.0000,-0.0000,0.0000,-0.0000,-0.0000,-0.0000,0.0000,0.0000,-0.0000,0.0000,-0.0000,-0.0000,-0.0000
164,-7.0000,0.0000,0.0005,0.7071,0.0000,0.0000,0.7071,-0.0000,-0.0000,0.0001,-0.0000,0.0001,0.0001,0.0001,-0.0000,-0.0000,0.0000,-0.0000,-0.0000,-0.0000,0.0000,0.0000,-0.0000,0.0000,-0.0000,-0.0000,-0.0000
158,9.0000,-1.0000,0.0005,0.7071,0.0000,0.0000,0.7071,-0.0000,-0.0000,0.0001,-0.0000,0.0001,0.0001,0.0001,-0.0000,-0.0000,0.0000,-0.0000,-0.0000,-0.0000,0.0000,0.0000,-0.0000,0.0000,-0.0000,-0.0000,-0.0000
157,-2.0000,-3.0000,0.0005,0.7071,0.0000,0.0000,0.7071,-0.0000,-0.0000,0.0001,-0.0000,0.0001,0.0001,0.0001,-0.0000,-0.0000,0.0000,-0.0000,-0.0000,-0.0000,0.0000,0.0000,-0.0000,0.0000,-0.0000,-0.0000,-0.0000
156,3.0000,5.0000,0.0005,1.0000,0.0000,0.0000,0.0000,-0.0000,-0.0000,0.0001,-0.0000,0.0001,0.0001,0.0001,-0.0000,-0.0000,0.0000,-0.0000,-0.0000,-0.0000,0.0000,0.0000,-0.0000,0.0000,-0.0000,-0.0000,-0.0000
155,-7.0000,-4.0000,0.0005,1.0000,0.0000,0.0000,0.0000,-0.0000,-0.0000,0.0001,-0.0000,0.0001,0.0001,0.0001,-0.0000,-0.0000,0.0000,-0.0000,-0.0000,-0.0000,0.0000,0.0000,-0.0000,0.0000,-0.0000,-0.0000,-0.0000
154,-8.0000,1.0000,0.0005,1.0000,0.0000,0.0000,0.0000,-0.0000,-0.0000,0.0001,-0.0000,0.0001,0.0001,0.0001,-0.0000,-0.0000,0.0000,-0.0000,-0.0000,-0.0000,0.0000,0.0000,-0.0000,0.0000,-0.0000,-0.0000,-0.0000
152,3.0000,-2.0000,0.0005,1.0000,0.0000,0.0000,0.0000,-0.0000,-0.0000,0.0001,-0.0000,0.0001,0.0001,0.0001,-0.0000,-0.0000,0.0000,-0.0000,-0.0000,-0.0000,0.0000,0.0000,-0.0000,0.0000,-0.0000,-0.0000,-0.0000
151,-8.0000,2.0000,0.0005,1.0000,0.0000,0.0000,0.0000,-0.0000,-0.0000,0.0001,-0.0000,0.0001,0.0001,0.0001,-0.0000,-0.0000,0.0000,-0.0000,-0.0000,-0.0000,0.0000,0.0000,-0.0000,0.0000,-0.0000,-0.0000,-0.0000
149,-9.0000,3.0000,0.0005,0.7071,0.0000,0.0000,0.7071,-0.0000,-0.0000,0.0001,-0.0000,0.0001,0.0001,0.0001,-0.0000,-0.0000,0.0000,-0.0000,-0.0000,-0.0000,0.0000,0.0000,-0.0000,0.0000,-0.0000,-0.0000,-0.0000
146,6.0000,-2.0000,0.0005,1.0000,0.0000,0.0000,0.0000,-0.0000,-0.0000,0.0001,-0.0000,0.0001,0.0001,0.0001,-0.0000,-0.0000,0.0000,-0.0000,-0.0000,-0.0000,0.0000,0.0000,-0.0000,0.0000,-0.0000,-0.0000,-0.0000
142,-2.0000,-2.0000,0.0005,0.7071,0.0000,0.0000,0.7071,-0.0000,-0.0000,0.0001,-0.0000,0.0001,0.0001,0.0001,-0.0000,-0.0000,0.0000,-0.0000,-0.0000,-0.0000,0.0000,0.0000,-0.0000,0.0000,-0.0000,-0.0000,-0.0000
138,7.0000,1.0000,0.0005,1.0000,0.0000,0.0000,0.0000,-0.0000,-0.0000,0.0001,-0.0000,0.0001,0.0001,0.0001,-0.0000,-0.0000,0.0000,-0.0000,-0.0000,-0.0000,0.0000,0.0000,-0.0000,0.0000,-0.0000,-0.0000,-0.0000
137,1.0000,5.0000,0.0005,0.7071,0.0000,0.0000,0.7071,-0.0000,-0.0000,0.0001,-0.0000,0.0001,0.0001,0.0001,-0.0000,-0.0000,0.0000,-0.0000,-0.0000,-0.0000,0.0000,0.0000,-0.0000,0.0000,-0.0000,-0.0000,-0.0000
132,-5.0000,0.0000,0.0005,1.0000,0.0000,0.0000,0.0000,-0.0000,-0.0000,0.0001,-0.0000,0.0001,0.0001,0.0001,-0.0000,-0.0000,0.0000,-0.0000,-0.0000,-0.0000,0.0000,0.0000,-0.0000,0.0000,-0.0000,-0.0000,-0.0000
130,-7.0000,2.0000,0.0005,0.7071,0.0000,0.0000,0.7071,-0.0000,-0.0000,0.0001,-0.0000,0.0001,0.0001,0.0001,-0.0000,-0.0000,0.0000,-0.0000,-0.0000,-0.0000,0.0000,0.0000,-0.0000,0.0000,-0.0000,-0.0000,-0.0000
127,8.0000,5.0000,0.0005,1.0000,0.0000,0.0000,0.0000,-0.0000,-0.0000,0.0001,-0.0000,0.0001,0.0001,0.0001,-0.0000,-0.0000,0.0000,-0.0000,-0.0000,-0.0000,0.0000,0.0000,-0.0000,0.0000,-0.0000,-0.0000,-0.0000
58,-4.0000,4.0000,0.0005,0.7071,0.0000,0.0000,0.7071,-0.0000,-0.0000,0.0001,-0.0000,0.0001,0.0001,0.0001,-0.0000,-0.0000,0.0000,-0.0000,-0.0000,-0.0000,0.0000,0.0000,-0.0000,0.0000,-0.0000,-0.0000,-0.0000
57,-7.0000,-2.0000,0.0005,1.0000,0.0000,0.0000,0.0000,-0.0000,-0.0000,0.0001,-0.0000,0.0001,0.0001,0.0001,-0.0000,-0.0000,0.0000,-0.0000,-0.0000,-0.0000,0.0000,0.0000,-0.0000,0.0000,-0.0000,-0.0000,-0.0000
52,-2.0000,0.0000,0.0005,0.7071,0.0000,0.0000,0.7071,-0.0000,-0.0000,0.0001,-0.0000,0.0001,0.0001,0.0001,-0.0000,-0.0000,0.0000,-0.0000,-0.0000,-0.0000,0.0000,0.0000,-0.0000,0.0000,-0.0000,-0.0000,-0.0000
48,-5.0000,1.0000,0.0005,1.0000,0.0000,0.0000,0.0000,-0.0000,-0.0000,0.0001,-0.0000,0.0001,0.0001,0.0001,-0.0000,-0.0000,0.0000,-0.0000,-0.0000,-0.0000,0.0000,0.0000,-0.0000,0.0000,-0.0000,-0.0000,-0.0000
47,4.0000,2.0000,0.0005,1.0000,0.0000,0.0000,0.0000,-0.0000,-0.0000,0.0001,-0.0000,0.0001,0.0001,0.0001,-0.0000,-0.0000,0.0000,-0.0000,-0.0000,-0.0000,0.0000,0.0000,-0.0000,0.0000,-0.0000,-0.0000,-0.0000
46,-5.0000,-1.0000,0.0005,0.7071,0.0000,0.0000,0.7071,-0.0000,-0.0000,0.0001,-0.0000,0.0001,0.0001,0.0001,-0.0000,-0.0000,0.0000,-0.0000,-0.0000,-0.0000,0.0000,0.0000,-0.0000,0.0000,-0.0000,-0.0000,-0.0000
44,9.0000,5.0000,0.0005,0.7071,0.0000,0.0000,0.7071,-0.0000,-0.0000,0.0001,-0.0000,0.0001,0.0001,0.0001,-0.0000,-0.0000,0.0000,-0.0000,-0.0000,-0.0000,0.0000,0.0000,-0.0000,0.0000,-0.0000,-0.0000,-0.0000
43,5.0000,-1.0000,0.0005,0.7071,0.0000,0.0000,0.7071,-0.0000,-0.0000,0.0001,-0.0000,0.0001,0.0001,0.0001,-0.0000,-0.0000,0.0000,-0.0000,-0.0000,-0.0000,0.0000,0.0000,-0.0000,0.0000,-0.0000,-0.0000,-0.0000
42,-1.0000,-2.0000,0.0005,0.7071,0.0000,0.0000,0.7071,-0.0000,-0.0000,0.0001,-0.0000,0.0001,0.0001,0.0001,-0.0000,-0.0000,0.0000,-0.0000,-0.0000,-0.0000,0.0000,0.0000,-0.0000,0.0000,-0.0000,-0.0000,-0.0000
40,7.0000,5.0000,0.0005,0.7071,0.0000,0.0000,0.7071,-0.0000,-0.0000,0.0001,-0.0000,0.0001,0.0001,0.0001,-0.0000,-0.0000,0.0000,-0.0000,-0.0000,-0.0000,0.0000,0.0000,-0.0000,0.0000,-0.0000,-0.0000,-0.0000
36,8.0000,-3.0000,0.0005,0.7071,0.0000,0.0000,0.7071,-0.0000,-0.0000,0.0001,-0.0000,0.0001,0.0001,0.0001,-0.0000,-0.0000,0.0000,-0.0000,-0.0000,-0.0000,0.0000,0.0000,-0.0000,0.0000,-0.0000,-0.0000,-0.0000
35,-5.0000,-3.0000,0.0005,1.0000,0.0000,0.0000,0.0000,-0.0000,-0.0000,0.0001,-0.0000,0.0001,0.0001,0.0001,-0.0000,-0.0000,0.0000,-0.0000,-0.0000,-0.0000,0.0000,0.0000,-0.0000,0.0000,-0.0000,-0.0000,-0.0000
33,-7.0000,4.0000,0.0005,0.7071,0.0000,0.0000,0.7071,-0.0000,-0.0000,0.0001,-0.0000,0.0001,0.0001,0.0001,-0.0000,-0.0000,0.0000,-0.0000,-0.0000,-0.0000,0.0000,0.0000,-0.0000,0.0000,-0.0000,-0.0000,-0.0000
30,-2.0000,2.0000,0.0005,0.7071,0.0000,0.0000,0.7071,-0.0000,-0.0000,0.0001,-0.0000,0.0001,0.0001,0.0001,-0.0000,-0.0000,0.0000,-0.0000,-0.0000,-0.0000,0.0000,0.0000,-0.0000,0.0000,-0.0000,-0.0000,-0.0000
29,-9.0000,-1.0000,0.0005,0.7071,0.0000,0.0000,0.7071,-0.0000,-0.0000,0.0001,-0.0000,0.0001,0.0001,0.0001,-0.0000,-0.0000,0.0000,-0.0000,-0.0000,-0.0000,0.0000,0.0000,-0.0000,0.0000,-0.0000,-0.0000,-0.0000
11,3.0000,-4.0000,0.0005,0.7071,0.0000,0.0000,0.7071,-0.0000,-0.0000,0.0001,-0.0000,0.0001,0.0001,0.0001,-0.0000,-0.0000,0.0000,-0.0000,-0.0000,-0.0000,0.0000,0.0000,-0.0000,0.0000,-0.0000,-0.0000,-0.0000
10,-8.0000,-4.0000,0.0005,1.0000,0.0000,0.0000,0.0000,-0.0000,-0.0000,0.0001,-0.0000,0.0001,0.0001,0.0001,-0.0000,-0.0000,0.0000,-0.0000,-0.0000,-0.0000,0.0000,0.0000,-0.0000,0.0000,-0.0000,-0.0000,-0.0000
7,9.0000,-3.0000,0.0005,0.7071,0.0000,0.0000,0.7071,-0.0000,-0.0000,0.0001,-0.0000,0.0001,0.0001,0.0001,-0.0000,-0.0000,0.0000,-0.0000,-0.0000,-0.0000,0.0000,0.0000,-0.0000,0.0000,-0.0000,-0.0000,-0.0000
6,2.0000,-1.0000,0.0005,1.0000,0.0000,0.0000,0.0000,-0.0000,-0.0000,0.0001,-0.0000,0.0001,0.0001,0.0001,-0.0000,-0.0000,0.0000,-0.0000,-0.0000,-0.0000,0.0000,0.0000,-0.0000,0.0000,-0.0000,-0.0000,-0.0000
5,6.0000,5.0000,0.0005,1.0000,0.0000,0.0000,0.0000,-0.0000,-0.0000,0.0001,-0.0000,0.0001,0.0001,0.0001,-0.0000,-0.0000,0.0000,-0.0000,-0.0000,-0.0000,0.0000,0.0000,-0.0000,0.0000,-0.0000,-0.0000,-0.0000
4,6.0000,-3.0000,0.0005,1.0000,0.0000,0.0000,0.0000,-0.0000,-0.0000,0.0001,-0.0000,0.0001,0.0001,0.0001,-0.0000,-0.0000,0.0000,-0.0000,-0.0000,-0.0000,0.0000,0.0000,-0.0000,0.0000,-0.0000,-0.0000,-0.0000
3,8.0000,1.0000,0.0005,1.0000,0.0000,0.0000,0.0000,-0.0000,-0.0000,0.0001,-0.0000,0.0001,0.0001,0.0001,-0.0000,-0.0000,0.0000,-0.0000,-0.0000,-0.0000,0.0000,0.0000,-0.0000,0.0000,-0.0000,-0.0000,-0.0000
2,-7.0000,1.0000,0.0005,0.7071,0.0000,0.0000,0.7071,-0.0000,-0.0000,0.0001,-0.0000,0.0001,0.0001,0.0001,-0.0000,-0.0000,0.0000,-0.0000,-0.0000,-0.0000,0.0000,0.0000,-0.0000,0.0000,-0.0000,-0.0000,-0.0000
1,-5.0000,-5.0000,0.0005,1.0000,0.0000,0.0000,0.0000,-0.0000,-0.0000,0.0001,-0.0000,0.0001,0.0001,0.0001,-0.0000,-0.0000,0.0000,-0.0000,-0.0000,-0.0000,0.0000,0.0000,-0.0000,0.0000,-0.0000,-0.0000,-0.0000
14,-1.0000,2.0000,0.0005,1.0000,0.0000,0.0000,0.0000,-0.0000,-0.0000,0.0001,-0.0000,0.0001,0.0001,0.0001,-0.0000,-0.0000,0.0000,-0.0000,-0.0000,-0.0000,0.0000,0.0000,-0.0000,0.0000,-0.0000,-0.0000,-0.0000
15,3.0000,-5.0000,0.0005,1.0000,0.0000,0.0000,0.0000,-0.0000,-0.0000,0.0001,-0.0000,0.0001,0.0001,0.0001,-0.0000,-0.0000,0.0000,-0.0000,-0.0000,-0.0000,0.0000,0.0000,-0.0000,0.0000,-0.0000,-0.0000,-0.0000
16,1.0000,-3.0000,0.0005,0.7071,0.0000,0.0000,0.7071,-0.0000,-0.0000,0.0001,-0.0000,0.0001,0.0001,0.0001,-0.0000,-0.0000,0.0000,-0.0000,-0.0000,-0.0000,0.0000,0.0000,-0.0000,0.0000,-0.0000,-0.0000,-0.0000
17,-8.0000,4.0000,0.0005,1.0000,0.0000,0.0000,0.0000,-0.0000,-0.0000,0.0001,-0.0000,0.0001,0.0001,0.0001,-0.0000,-0.0000,0.0000,-0.0000,-0.0000,-0.0000,0.0000,0.0000,-0.0000,0.0000,-0.0000,-0.0000,-0.0000
19,2.0000,2.0000,0.0005,0.7071,0.0000,0.0000,0.7071,-0.0000,-0.0000,0.0001,-0.0000,0.0001,0.0001,0.0001,-0.0000,-0.0000,0.0000,-0.0000,-0.0000,-0.0000,0.0000,0.0000,-0.0000,0.0000,-0.0000,-0.0000,-0.0000
21,-1.0000,4.0000,0.0005,0.7071,0.0000,0.0000,0.7071,-0.0000,-0.0000,0.0001,-0.0000,0.0001,0.0001,0.0001,-0.0000,-0.0000,0.0000,-0.0000,-0.0000,-0.0000,0.0000,0.0000,-0.0000,0.0000,-0.0000,-0.0000,-0.0000
25,3.0000,-4.0000,0.0005,1.0000,0.0000,0.0000,0.0000,-0.0000,-0.0000,0.0001,-0.0000,0.0001,0.0001,0.0001,-0.0000,-0.0000,0.0000,-0.0000,-0.0000,-0.0000,0.0000,0.0000,-0.0000,0.0000,-0.0000,-0.0000,-0.0000
26,-8.0000,-5.0000,0.0005,0.7071,0.0000,0.0000,0.7071,-0.0000,-0.0000,0.0001,-0.0000,0.0001,0.0001,0.0001,-0.0000,-0.0000,0.0000,-0.0000,-0.0000,-0.0000,0.0000,0.0000,-0.0000,0.0000,-0.0000,-0.0000,-0.0000
27,-4.0000,1.0000,0.0005,0.7071,0.0000,0.0000,0.7071,-0.0000,-0.0000,0.0001,-0.0000,0.0001,0.0001,0.0001,-0.0000,-0.0000,0.0000,-0.0000,-0.0000,-0.0000,0.0000,0.0000,-0.0000,0.0000,-0.0000,-0.0000,-0.0000
28,8.0000,-5.0000,0.0005,1.0000,0.0000,0.0000,0.0000,-0.0000,-0.0000,0.0001,-0.0000,0.0001,0.0001,0.0001,-0.0000,-0.0000,0.0000,-0.0000,-0.0000,-0.0000,0.0000,0.0000,-0.0000,0.0000,-0.0000,-0.0000,-0.0000
62,-8.0000,-2.0000,0.0005,0.7071,0.0000,0.0000,0.7071,-0.0000,-0.0000,0.0001,-0.0000,0.0001,0.0001,0.0001,-0.0000,-0.0000,0.0000,-0.0000,-0.0000,-0.0000,0.0000,0.0000,-0.0000,0.0000,-0.0000,-0.0000,-0.0000
63,1.0000,-4.0000,0.0005,0.7071,0.0000,0.0000,0.7071,-0.0000,-0.0000,0.0001,-0.0000,0.0001,0.0001,0.0001,-0.0000,-0.0000,0.0000,-0.0000,-0.0000,-0.0000,0.0000,0.0000,-0.0000,0.0000,-0.0000,-0.0000,-0.0000
64,9.0000,-2.0000,0.0005,0.7071,0.0000,0.0000,0.7071,-0.0000,-0.0000,0.0001,-0.0000,0.0001,0.0001,0.0001,-0.0000,-0.0000,0.0000,-0.0000,-0.0000,-0.0000,0.0000,0.0000,-0.0000,0.0000,-0.0000,-0.0000,-0.0000
67,-2.0000,-1.0000,0.0005,0.7071,0.0000,0.0000,0.7071,-0.0000,-0.0000,0.0001,-0.0000,0.0001,0.0001,0.0001,-0.0000,-0.0000,0.0000,-0.0000,-0.0000,-0.0000,0.0000,0.0000,-0.0000,0.0000,-0.0000,-0.0000,-0.0000
68,2.0000,3.0000,0.0005,1.0000,0.0000,0.0000,0.0000,-0.0000,-0.0000,0.0001,-0.0000,0.0001,0.0001,0.0001,-0.0000,-0.0000,0.0000,-0.0000,-0.0000,-0.0000,0.0000,0.0000,-0.0000,0.0000,-0.0000,-0.0000,-0.0000
74,-9.0000,4.0000,0.0005,0.7071,0.0000,0.0000,0.7071,-0.0000,-0.0000,0.0001,-0.0000,0.0001,0.0001,0.0001,-0.0000,-0.0000,0.0000,-0.0000,-0.0000,-0.0000,0.0000,0.0000,-0.0000,0.0000,-0.0000,-0.0000,-0.0000
75,8.0000,-4.0000,0.0005,0.7071,0.0000,0.0000,0.7071,-0.0000,-0.0000,0.0001,-0.0000,0.0001,0.0001,0.0001,-0.0000,-0.0000,0.0000,-0.0000,-0.0000,-0.0000,0.0000,0.0000,-0.0000,0.0000,-0.0000,-0.0000,-0.0000
76,3.0000,1.0000,0.0005,0.7071,0.0000,0.0000,0.7071,-0.0000,-0.0000,0.0001,-0.0000,0.0001,0.0001,0.0001,-0.0000,-0.0000,0.0000,-0.0000,-0.0000,-0.0000,0.0000,0.0000,-0.0000,0.0000,-0.0000,-0.0000,-0.0000
81,-7.0000,4.0000,0.0005,1.0000,0.0000,0.0000,0.0000,-0.0000,-0.0000,0.0001,-0.0000,0.0001,0.0001,0.0001,-0.0000,-0.0000,0.0000,-0.0000,-0.0000,-0.0000,0.0000,0.0000,-0.0000,0.0000,-0.0000,-0.0000,-0.0000
84,4.0000,4.0000,0.0005,0.7071,0.0000,0.0000,0.7071,-0.0000,-0.0000,0.0001,-0.0000,0.0001,0.0001,0.0001,-0.0000,-0.0000,0.0000,-0.0000,-0.0000,-0.0000,0.0000,0.0000,-0.0000,0.0000,-0.0000,-0.0000,-0.0000
89,-9.0000,-5.0000,0.0005,0.7071,0.0000,0.0000,0.7071,-0.0000,-0.0000,0.0001,-0.0000,0.0001,0.0001,0.0001,-0.0000,-0.0000,0.0000,-0.0000,-0.0000,-0.0000,0.0000,0.0000,-0.0000,0.0000,-0.0000,-0.0000,-0.0000
90,-4.0000,-4.0000,0.0005,0.7071,0.0000,0.0000,0.7071,-0.0000,-0.0000,0.0001,-0.0000,0.0001,0.0001,0.0001,-0.0000,-0.0000,0.0000,-0.0000,-0.0000,-0.0000,0.0000,0.0000,-0.0000,0.0000,-0.0000,-0.0000,-0.0000
93,-5.0000,5.0000,0.0005,1.0000,0.0000,0.0000,0.0000,-0.0000,-0.0000,0.0001,-0.0000,0.0001,0.0001,0.0001,-0.0000,-0.0000,0.0000,-0.0000,-0.0000,-0.0000,0.0000,0.0000,-0.0000,0.0000,-0.0000,-0.0000,-0.0000
94,-8.0000,-3.0000,0.0005,0.7071,0.0000,0.0000,0.7071,-0.0000,-0.0000,0.0001,-0.0000,0.0001,0.0001,0.0001,-0.0000,-0.0000,0.0000,-0.0000,-0.0000,-0.0000,0.0000,0.0000,-0.0000,0.0000,-0.0000,-0.0000,-0.0000
97,-6.0000,2.0000,0.0005,0.7071,0.0000,0.0000,0.7071,-0.0000,-0.0000,0.0001,-0.0000,0.0001,0.0001,0.0001,-0.0000,-0.0000,0.0000,-0.0000,-0.0000,-0.0000,0.0000,0.0000,-0.0000,0.0000,-0.0000,-0.0000,-0.0000
98,7.0000,2.0000,0.0005,1.0000,0.0000,0.0000,0.0000,-0.0000,-0.0000,0.0001,-0.0000,0.0001,0.0001,0.0001,-0.0000,-0.0000,0.0000,-0.0000,-0.0000,-0.0000,0.0000,0.0000,-0.0000,0.0000,-0.0000,-0.0000,-0.0000
100,-1.0000,-4.0000,0.0005,1.0000,0.0000,0.0000,0.0000,-0.0000,-0.0000,0.0001,-0.0000,0.0001,0.0001,0.0001,-0.0000,-0.0000,0.0000,-0.0000,-0.0000,-0.0000,0.0000,0.0000,-0.0000,0.0000,-0.0000,-0.0000,-0.0000
101,3.0000,3.0000,0.0005,1.0000,0.0000,0.0000,0.0000,-0.0000,-0.0000,0.0001,-0.0000,0.0001,0.0001,0.0001,-0.0000,-0.0000,0.0000,-0.0000,-0.0000,-0.0000,0.0000,0.0000,-0.0000,0.0000,-0.0000,-0.0000,-0.0000
103,-6.0000,4.0000,0.0005,1.0000,0.0000,0.0000,0.0000,-0.0000,-0.0000,0.0001,-0.0000,0.0001,0.0001,0.0001,-0.0000,-0.0000,0.0000,-0.0000,-0.0000,-0.0000,0.0000,0.0000,-0.0000,0.0000,-0.0000,-0.0000,-0.0000
104,-8.0000,0.0000,0.0005,1.0000,0.0000,0.0000,0.0000,-0.0000,-0.0000,0.0001,-0.0000,0.0001,0.0001,0.0001,-0.0000,-0.0000,0.0000,-0.0000,-0.0000,-0.0000,0.0000,0.0000,-0.0000,0.0000,-0.0000,-0.0000,-0.0000
109,4.0000,3.0000,0.0005,1.0000,0.0000,0.0000,0.0000,-0.0000,-0.0000,0.0001,-0.0000,0.0001,0.0001,0.0001,-0.0000,-0.0000,0.0000,-0.0000,-0.0000,-0.0000,0.0000,0.0000,-0.0000,0.0000,-0.0000,-0.0000,-0.0000
112,-8.0000,-4.0000,0.0005,0.7071,0.0000,0.0000,0.7071,-0.0000,-0.0000,0.0001,-0.0000,0.0001,0.0001,0.0001,-0.0000,-0.0000,0.0000,-0.0000,-0.0000,-0.0000,0.0000,0.0000,-0.0000,0.0000,-0.0000,-0.0000,-0.0000
114,5.0000,3.0000,0.0005,0.7071,0.0000,0.0000,0.7071,-0.0000,-0.0000,0.0001,-0.0000,0.0001,0.0001,0.0001,-0.0000,-0.0000,0.0000,-0.0000,-0.0000,-0.0000,0.0000,0.0000,-0.0000,0.0000,-0.0000,-0.0000,-0.0000
118,7.0000,-5.0000,0.0005,0.7071,0.0000,0.0000,0.7071,-0.0000,-0.0000,0.0001,-0.0000,0.0001,0.0001,0.0001,-0.0000,-0.0000,0.0000,-0.0000,-0.0000,-0.0000,0.0000,0.0000,-0.0000,0.0000,-0.0000,-0.0000,-0.0000
121,7.0000,1.0000,0.0005,0.7071,0.0000,0.0000,0.7071,-0.0000,-0.0000,0.0001,-0.0000,0.0001,0.0001,0.0001,-0.0000,-0.0000,0.0000,-0.0000,-0.0000,-0.0000,0.0000,0.0000,-0.0000,0.0000,-0.0000,-0.0000,-0.0000
124,2.0000,4.0000,0.0005,1.0000,0.0000,0.0000,0.0000,-0.0000,-0.0000,0.0001,-0.0000,0.0001,0.0001,0.0001,-0.0000,-0.0000,0.0000,-0.0000,-0.0000,-0.0000,0.0000,0.0000,-0.0000,0.0000,-0.0000,-0.0000,-0.0000
126,-8.0000,3.0000,0.0005,0.7071,0.0000,0.0000,0.7071,-0.0000,-0.0000,0.0001,-0.0000,0.0001,0.0001,0.0001,-0.0000,-0.0000,0.0000,-0.0000,-0.0000,-0.0000,0.0000,0.0000,-0.0000,0.0000,-0.0000,-0.0000,-0.0000
258,-4.0000,-2.0000,0.0005,1.0000,0.0000,0.0000,0.0000,-0.0000,-0.0000,0.0001,-0.0000,0.0001,0.0001,0.0001,-0.0000,-0.0000,0.0000,-0.0000,-0.0000,-0.0000,0.0000,0.0000,-0.0000,0.0000,-0.0000,-0.0000,-0.0000
261,8.0000,2.0000,0.0005,0.7071,0.0000,0.0000,0.7071,-0.0000,-0.0000,0.0001,-0.0000,0.0001,0.0001,0.0001,-0.0000,-0.0000,0.0000,-0.0000,-0.0000,-0.0000,0.0000,0.0000,-0.0000,0.0000,-0.0000,-0.0000,-0.0000
263,4.0000,-1.0000,0.0005,0.7071,0.0000,0.0000,0.7071,-0.0000,-0.0000,0.0001,-0.0000,0.0001,0.0001,0.0001,-0.0000,-0.0000,0.0000,-0.0000,-0.0000,-0.0000,0.0000,0.0000,-0.0000,0.0000,-0.0000,-0.0000,-0.0000
265,7.0000,-3.0000,0.0005,0.7071,0.0000,0.0000,0.7071,-0.0000,-0.0000,0.0001,-0.0000,0.0001,0.0001,0.0001,-0.0000,-0.0000,0.0000,-0.0000,-0.0000,-0.0000,0.0000,0.0000,-0.0000,0.0000,-0.0000,-0.0000,-0.0000
266,6.0000,-4.0000,0.0005,0.7071,0.0000,0.0000,0.7071,-0.0000,-0.0000,0.0001,-0.0000,0.0001,0.0001,0.0001,-0.0000,-0.0000,0.0000,-0.0000,-0.0000,-0.0000,0.0000,0.0000,-0.0000,0.0000,-0.0000,-0.0000,-0.0000
267,-5.0000,-2.0000,0.0005,1.0000,0.0000,0.0000,0.0000,-0.0000,-0.0000,0.0001,-0.0000,0.0001,0.0001,0.0001,-0.0000,-0.0000,0.0000,-0.0000,-0.0000,-0.0000,0.0000,0.0000,-0.0000,0.0000,-0.0000,-0.0000,-0.0000
273,7.0000,-1.0000,0.0005,0.7071,0.0000,0.0000,0.7071,-0.0000,-0.0000,0.0001,-0.0000,0.0001,0.0001,0.0001,-0.0000,-0.0000,0.0000,-0.0000,-0.0000,-0.0000,0.0000,0.0000,-0.0000,0.0000,-0.0000,-0.0000,-0.0000
275,-4.0000,-3.0000,0.0005,1.0000,0.0000,0.0000,0.0000,-0.0000,-0.0000,0.0001,-0.0000,0.0001,0.0001,0.0001,-0.0000,-0.0000,0.0000,-0.0000,-0.0000,-0.0000,0.0000,0.0000,-0.0000,0.0000,-0.0000,-0.0000,-0.0000
278,-9.0000,5.0000,0.0005,1.0000,0.0000,0.0000,0.0000,-0.0000,-0.0000,0.0001,-0.0000,0.0001,0.0001,0.0001,-0.0000,-0.0000,0.0000,-0.0000,-0.0000,-0.0000,0.0000,0.0000,-0.0000,0.0000,-0.0000,-0.0000,-0.0000
284,4.0000,1.0000,0.0005,1.0000,0.0000,0.0000,0.0000,-0.0000,-0.0000,0.0001,-0.0000,0.0001,0.0001,0.0001,-0.0000,-0.0000,0.0000,-0.0000,-0.0000,-0.0000,0.0000,0.0000,-0.0000,0.0000,-0.0000,-0.0000,-0.0000
288,-5.0000,4.0000,0.0005,1.0000,0.0000,0.0000,0.0000,-0.0000,-0.0000,0.0001,-0.0000,0.0001,0.0001,0.0001,-0.0000,-0.0000,0.0000,-0.0000,-0.0000,-0.0000,0.0000,0.0000,-0.0000,0.0000,-0.0000,-0.0000,-0.0000
289,6.0000,3.0000,0.0005,0.7071,0.0000,0.0000,0.7071,-0.0000,-0.0000,0.0001,-0.0000,0.0001,0.0001,0.0001,-0.0000,-0.0000,0.0000,-0.0000,-0.0000,-0.0000,0.0000,0.0000,-0.0000,0.0000,-0.0000,-0.0000,-0.0000
290,4.0000,-4.0000,0.0005,0.7071,0.0000,0.0000,0.7071,-0.0000,-0.0000,0.0001,-0.0000,0.0001,0.0001,0.0001,-0.0000,-0.0000,0.0000,-0.0000,-0.0000,-0.0000,0.0000,0.0000,-0.0000,0.0000,-0.0000,-0.0000,-0.0000
295,1.0000,4.0000,0.0005,0.7071,0.0000,0.0000,0.7071,-0.0000,-0.0000,0.0001,-0.0000,0.0001,0.0001,0.0001,-0.0000,-0.0000,0.0000,-0.0000,-0.0000,-0.0000,0.0000,0.0000,-0.0000,0.0000,-0.0000,-0.0000,-0.0000
297,-6.0000,-4.0000,0.0005,0.7071,0.0000,0.0000,0.7071,-0.0000,-0.0000,0.0001,-0.0000,0.0001,0.0001,0.0001,-0.0000,-0.0000,0.0000,-0.0000,-0.0000,-0.0000,0.0000,0.0000,-0.0000,0.0000,-0.0000,-0.0000,-0.0000
298,8.0000,4.0000,0.0005,1.0000,0.0000,0.0000,0.0000,-0.0000,-0.0000,0.0001,-0.0000,0.0001,0.0001,0.0001,-0.0000,-0.0000,0.0000,-0.0000,-0.0000,-0.0000,0.0000,0.0000,-0.0000,0.0000,-0.0000,-0.0000,-0.0000
300,7.0000,-1.0000,0.0005,1.0000,0.0000,0.0000,0.0000,-0.0000,-0.0000,0.0001,-0.0000,0.0001,0.0001,0.0001,-0.0000,-0.0000,0.0000,-0.0000,-0.0000,-0.0000,0.0000,0.0000,-0.0000,0.0000,-0.0000,-0.0000,-0.0000
301,-5.0000,-4.0000,0.0005,0.7071,0.0000,0.0000,0.7071,-0.0000,-0.0000,0.0001,-0.0000,0.0001,0.0001,0.0001,-0.0000,-0.0000,0.0000,-0.0000,-0.0000,-0.0000,0.0000,0.0000,-0.0000,0.0000,-0.0000,-0.0000,-0.0000
303,0.0000,-3.0000,0.0005,0.7071,0.0000,0.0000,0.7071,-0.0000,-0.0000,0.0001,-0.0000,0.0001,0.0001,0.0001,-0.0000,-0.0000,0.0000,-0.0000,-0.0000,-0.0000,0.0000,0.0000,-0.0000,0.0000,-0.0000,-0.0000,-0.0000
305,-4.0000,-3.0000,0.0005,0.7071,0.0000,0.0000,0.7071,-0.0000,-0.0000,0.0001,-0.0000,0.0001,0.0001,0.0001,-0.0000,-0.0000,0.0000,-0.0000,-0.0000,-0.0000,0.0000,0.0000,-0.0000,0.0000,-0.0000,-0.0000,-0.0000
307,4.0000,-3.0000,0.0005,1.0000,0.0000,0.0000,0.0000,-0.0000,-0.0000,0.0001,-0.0000,0.0001,0.0001,0.0001,-0.0000,-0.0000,0.0000,-0.0000,-0.0000,-0.0000,0.0000,0.0000,-0.0000,0.0000,-0.0000,-0.0000,-0.0000
311,-5.0000,-5.0000,0.0005,0.7071,0.0000,0.0000,0.7071,-0.0000,-0.0000,0.0001,-0.0000,0.0001,0.0001,0.0001,-0.0000,-0.0000,0.0000,-0.0000,-0.0000,-0.0000,0.0000,0.0000,-0.0000,0.0000,-0.0000,-0.0000,-0.0000
312,-1.0000,3.0000,0.0005,0.7071,0.0000,0.0000,0.7071,-0.0000,-0.0000,0.0001,-0.0000,0.0001,0.0001,0.0001,-0.0000,-0.0000,0.0000,-0.0000,-0.0000,-0.0000,0.0000,0.0000,-0.0000,0.0000,-0.0000,-0.0000,-0.0000
318,7.0000,4.0000,0.0005,1.0000,0.0000,0.0000,0.0000,-0.0000,-0.0000,0.0001,-0.0000,0.0001,0.0001,0.0001,-0.0000,-0.0000,0.0000,-0.0000,-0.0000,-0.0000,0.0000,0.0000,-0.0000,0.0000,-0.0000,-0.0000,-0.0000
321,-3.0000,-5.0000,0.0005,1.0000,0.0000,0.0000,0.0000,-0.0000,-0.0000,0.0001,-0.0000,0.0001,0.0001,0.0001,-0.0000,-0.0000,0.0000,-0.0000,-0.0000,-0.0000,0.0000,0.0000,-0.0000,0.0000,-0.0000,-0.0000,-0.0000
323,5.0000,5.0000,0.0005,0.7071,0.0000,0.0000,0.7071,-0.0000,-0.0000,0.0001,-0.0000,0.0001,0.0001,0.0001,-0.0000,-0.0000,0.0000,-0.0000,-0.0000,-0.0000,0.0000,0.0000,-0.0000,0.0000,-0.0000,-0.0000,-0.0000
325,5.0000,1.0000,0.0005,0.7071,0.0000,0.0000,0.7071,-0.0000,-0.0000,0.0001,-0.0000,0.0001,0.0001,0.0001,-0.0000,-0.0000,0.0000,-0.0000,-0.0000,-0.0000,0.0000,0.0000,-0.0000,0.0000,-0.0000,-0.0000,-0.0000
327,-2.0000,2.0000,0.0005,1.0000,0.0000,0.0000,0.0000,-0.0000,-0.0000,0.0001,-0.0000,0.0001,0.0001,0.0001,-0.0000,-0.0000,0.0000,-0.0000,-0.0000,-0.0000,0.0000,0.0000,-0.0000,0.0000,-0.0000,-0.0000,-0.0000
329,4.0000,5.0000,0.0005,1.0000,0.0000,0.0000,0.0000,-0.0000,-0.0000,0.0001,-0.0000,0.0001,0.0001,0.0001,-0.0000,-0.0000,0.0000,-0.0000,-0.0000,-0.0000,0.0000,0.0000,-0.0000,0.0000,-0.0000,-0.0000,-0.0000
330,5.0000,4.0000,0.0005,0.7071,0.0000,0.0000,0.7071,-0.0000,-0.0000,0.0001,-0.0000,0.0001,0.0001,0.0001,-0.0000,-0.0000,0.0000,-0.0000,-0.0000,-0.0000,0.0000,0.0000,-0.0000,0.0000,-0.0000,-0.0000,-0.0000
331,-9.0000,-2.0000,0.0005,1.0000,0.0000,0.0000,0.0000,-0.0000,-0.0000,0.0001,-0.0000,0.0001,0.0001,0.0001,-0.0000,-0.0000,0.0000,-0.0000,-0.0000,-0.0000,0.0000,0.0000,-0.0000,0.0000,-0.0000,-0.0000,-0.0000
334,-2.0000,1.0000,0.0005,0.7071,0.0000,0.0000,0.7071,-0.0000,-0.0000,0.0001,-0.0000,0.0001,0.0001,0.0001,-0.0000,-0.0000,0.0000,-0.0000,-0.0000,-0.0000,0.0000,0.0000,-0.0000,0.0000,-0.0000,-0.0000,-0.0000
336,9.0000,4.0000,0.0005,1.0000,0.0000,0.0000,0.0000,-0.0000,-0.0000,0.0001,-0.0000,0.0001,0.0001,0.0001,-0.0000,-0.0000,0.0000,-0.0000,-0.0000,-0.0000,0.0000,0.0000,-0.0000,0.0000,-0.0000,-0.0000,-0.0000
337,-1.0000,-1.0000,0.0005,0.7071,0.0000,0.0000,0.7071,-0.0000,-0.0000,0.0001,-0.0000,0.0001,0.0001,0.0001,-0.0000,-0.0000,0.0000,-0.0000,-0.0000,-0.0000,0.0000,0.0000,-0.0000,0.0000,-0.0000,-0.0000,-0.0000
342,4.0000,4.0000,0.0005,1.0000,0.0000,0.0000,0.0000,-0.0000,-0.0000,0.0001,-0.0000,0.0001,0.0001,0.0001,-0.0000,-0.0000,0.0000,-0.0000,-0.0000,-0.0000,0.0000,0.0000,-0.0000,0.0000,-0.0000,-0.0000,-0.0000
343,-8.0000,-2.0000,0.0005,1.0000,0.0000,0.0000,0.0000,-0.0000,-0.0000,0.0001,-0.0000,0.0001,0.0001,0.0001,-0.0000,-0.0000,0.0000,-0.0000,-0.0000,-0.0000,0.0000,0.0000,-0.0000,0.0000,-0.0000,-0.0000,-0.0000
347,-6.0000,1.0000,0.0005,0.7071,0.0000,0.0000,0.7071,-0.0000,-0.0000,0.0001,-0.0000,0.0001,0.0001,0.0001,-0.0000,-0.0000,0.0000,-0.0000,-0.0000,-0.0000,0.0000,0.0000,-0.0000,0.0000,-0.0000,-0.0000,-0.0000
348,-8.0000,2.0000,0.0005,0.7071,0.0000,0.0000,0.7071,-0.0000,-0.0000,0.0001,-0.0000,0.0001,0.0001,0.0001,-0.0000,-0.0000,0.0000,-0.0000,-0.0000,-0.0000,0.0000,0.0000,-0.0000,0.0000,-0.0000,-0.0000,-0.0000
349,-4.0000,-5.0000,0.0005,1.0000,0.0000,0.0000,0.0000,-0.0000,-0.0000,0.0001,-0.0000,0.0001,0.0001,0.0001,-0.0000,-0.0000,0.0000,-0.0000,-0.0000,-0.0000,0.0000,0.0000,-0.0000,0.0000,-0.0000,-0.0000,-0.0000
352,-5.0000,-4.0000,0.0005,1.0000,0.0000,0.0000,0.0000,-0.0000,-0.0000,0.0001,-0.0000,0.0001,0.0001,0.0001,-0.0000,-0.0000,0.0000,-0.0000,-0.0000,-0.0000,0.0000,0.0000,-0.0000,0.0000,-0.0000,-0.0000,-0.0000
357,1.0000,-1.0000,0.0005,0.7071,0.0000,0.0000,0.7071,-0.0000,-0.0000,0.0001,-0.0000,0.0001,0.0001,0.0001,-0.0000,-0.0000,0.0000,-0.0000,-0.0000,-0.0000,0.0000,0.0000,-0.0000,0.0000,-0.0000,-0.0000,-0.0000
358,9.0000,5.0000,0.0005,1.0000,0.0000,0.0000,0.0000,-0.0000,-0.0000,0.0001,-0.0000,0.0001,0.0001,0.0001,-0.0000,-0.0000,0.0000,-0.0000,-0.0000,-0.0000,0.0000,0.0000,-0.0000,0.0000,-0.0000,-0.0000,-0.0000
361,-4.0000,1.0000,0.0005,1.0000,0.0000,0.0000,0.0000,-0.0000,-0.0000,0.0001,-0.0000,0.0001,0.0001,0.0001,-0.0000,-0.0000,0.0000,-0.0000,-0.0000,-0.0000,0.0000,0.0000,-0.0000,0.0000,-0.0000,-0.0000,-0.0000
362,4.0000,-2.0000,0.0005,1.0000,0.0000,0.0000,0.0000,-0.0000,-0.0000,0.0001,-0.0000,0.0001,0.0001,0.0001,-0.0000,-0.0000,0.0000,-0.0000,-0.0000,-0.0000,0.0000,0.0000,-0.0000,0.0000,-0.0000,-0.0000,-0.0000
368,0.0000,4.0000,0.0005,1.0000,0.0000,0.0000,0.0000,-0.0000,-0.0000,0.0001,-0.0000,0.0001,0.0001,0.0001,-0.0000,-0.0000,0.0000,-0.0000,-0.0000,-0.0000,0.0000,0.0000,-0.0000,0.0000,-0.0000,-0.0000,-0.0000
377,1.0000,3.0000,0.0005,1.0000,0.0000,0.0000,0.0000,-0.0000,-0.0000,0.0001,-0.0000,0.0001,0.0001,0.0001,-0.0000,-0.0000,0.0000,-0.0000,-0.0000,-0.0000,0.0000,0.0000,-0.0000,0.0000,-0.0000,-0.0000,-0.0000
378,5.0000,4.0000,0.0005,1.0000,0.0000,0.0000,0.0000,-0.0000,-0.0000,0.0001,-0.0000,0.0001,0.0001,0.0001,-0.0000,-0.0000,0.0000,-0.0000,-0.0000,-0.0000,0.0000,0.0000,-0.0000,0.0000,-0.0000,-0.0000,-0.0000
382,8.0000,-3.0000,0.0005,1.0000,0.0000,0.0000,0.0000,-0.0000,-0.0000,0.0001,-0.0000,0.0001,0.0001,0.0001,-0.0000,-0.0000,0.0000,-0.0000,-0.0000,-0.0000,0.0000,0.0000,-0.0000,0.0000,-0.0000,-0.0000,-0.0000
384,-7.0000,0.0000,0.0005,1.0000,0.0000,0.0000,0.0000,-0.0000,-0.0000,0.0001,-0.0000,0.0001,0.0001,0.0001,-0.0000,-0.0000,0.0000,-0.0000,-0.0000,-0.0000,0.0000,0.0000,-0.0000,0.0000,-0.0000,-0.0000,-0.0000
385,5.0000,-1.0000,0.0005,1.0000,0.0000,0.0000,0.0000,-0.0000,-0.0000,0.0001,-0.0000,0.0001,0.0001,0.0001,-0.0000,-0.0000,0.0000,-0.0000,-0.0000,-0.0000,0.0000,0.0000,-0.0000,0.0000,-0.0000,-0.0000,-0.0000
391,8.0000,3.0000,0.0005,1.0000,0.0000,0.0000,0.0000,-0.0000,-0.0000,0.0001,-0.0000,0.0001,0.0001,0.0001,-0.0000,-0.0000,0.0000,-0.0000,-0.0000,-0.0000,0.0000,0.0000,-0.0000,0.0000,-0.0000,-0.0000,-0.0000
392,7.0000,3.0000,0.0005,0.7071,0.0000,0.0000,0.7071,-0.0000,-0.0000,0.0001,-0.0000,0.0001,0.0001,0.0001,-0.0000,-0.0000,0.0000,-0.0000,-0.0000,-0.0000,0.0000,0.0000,-0.0000,0.0000,-0.0000,-0.0000,-0.0000
393,7.0000,-2.0000,0.0005,0.7071,0.0000,0.0000,0.7071,-0.0000,-0.0000,0.0001,-0.0000,0.0001,0.0001,0.0001,-0.0000,-0.0000,0.0000,-0.0000,-0.0000,-0.0000,0.0000,0.0000,-0.0000,0.0000,-0.0000,-0.0000,-0.0000
394,1.0000,2.0000,0.0005,0.7071,0.0000,0.0000,0.7071,-0.0000,-0.0000,0.0001,-0.0000,0.0001,0.0001,0.0001,-0.0000,-0.0000,0.0000,-0.0000,-0.0000,-0.0000,0.0000,0.0000,-0.0000,0.0000,-0.0000,-0.0000,-0.0000
398,-4.0000,-1.0000,0.0005,1.0000,0.0000,0.0000,0.0000,-0.0000,-0.0000,0.0001,-0.0000,0.0001,0.0001,0.0001,-0.0000,-0.0000,0.0000,-0.0000,-0.0000,-0.0000,0.0000,0.0000,-0.0000,0.0000,-0.0000,-0.0000,-0.0000
403,-4.0000,0.0000,0.0005,1.0000,0.0000,0.0000,0.0000,-0.0000,-0.0000,0.0001,-0.0000,0.0001,0.0001,0.0001,-0.0000,-0.0000,0.0000,-0.0000,-0.0000,-0.0000,0.0000,0.0000,-0.0000,0.0000,-0.0000,-0.0000,-0.0000
409,3.0000,4.0000,0.0005,0.7071,0.0000,0.0000,0.7071,-0.0000,-0.0000,0.0001,-0.0000,0.0001,0.0001,0.0001,-0.0000,-0.0000,0.0000,-0.0000,-0.0000,-0.0000,0.0000,0.0000,-0.0000,0.0000,-0.0000,-0.0000,-0.0000
415,2.0000,5.0000,0.0005,1.0000,0.0000,0.0000,0.0000,-0.0000,-0.0000,0.0001,-0.0000,0.0001,0.0001,0.0001,-0.0000,-0.0000,0.0000,-0.0000,-0.0000,-0.0000,0.0000,0.0000,-0.0000,0.0000,-0.0000,-0.0000,-0.0000
417,6.0000,4.0000,0.0005,1.0000,0.0000,0.0000,0.0000,-0.0000,-0.0000,0.0001,-0.0000,0.0001,0.0001,0.0001,-0.0000,-0.0000,0.0000,-0.0000,-0.0000,-0.0000,0.0000,0.0000,-0.0000,0.0000,-0.0000,-0.0000,-0.0000
424,9.0000,-1.0000,0.0005,1.0000,0.0000,0.0000,0.0000,-0.0000,-0.0000,0.0001,-0.0000,0.0001,0.0001,0.0001,-0.0000,-0.0000,0.0000,-0.0000,-0.0000,-0.0000,0.0000,0.0000,-0.0000,0.0000,-0.0000,-0.0000,-0.0000
425,2.0000,-5.0000,0.0005,1.0000,0.0000,0.0000,0.0000,-0.0000,-0.0000,0.0001,-0.0000,0.0001,0.0001,0.0001,-0.0000,-0.0000,0.0000,-0.0000,-0.0000,-0.0000,0.0000,0.0000,-0.0000,0.0000,-0.0000,-0.0000,-0.0000
428,3.0000,2.0000,0.0005,1.0000,0.0000,0.0000,0.0000,-0.0000,-0.0000,0.0001,-0.0000,0.0001,0.0001,0.0001,-0.0000,-0.0000,0.0000,-0.0000,-0.0000,-0.0000,0.0000,0.0000,-0.0000,0.0000,-0.0000,-0.0000,-0.0000
430,-5.0000,-3.0000,0.0005,0.7071,0.0000,0.0000,0.7071,-0.0000,-0.0000,0.0001,-0.0000,0.0001,0.0001,0.0001,-0.0000,-0.0000,0.0000,-0.0000,-0.0000,-0.0000,0.0000,0.0000,-0.0000,0.0000,-0.0000,-0.0000,-0.0000
434,7.0000,-5.0000,0.0005,1.0000,0.0000,0.0000,0.0000,-0.0000,-0.0000,0.0001,-0.0000,0.0001,0.0001,0.0001,-0.0000,-0.0000,0.0000,-0.0000,-0.0000,-0.0000,0.0000,0.0000,-0.0000,0.0000,-0.0000,-0.0000,-0.0000
444,1.0000,-2.0000,0.0005,1.0000,0.0000,0.0000,0.0000,-0.0000,-0.0000,0.0001,-0.0000,0.0001,0.0001,0.0001,-0.0000,-0.0000,0.0000,-0.0000,-0.0000,-0.0000,0.0000,0.0000,-0.0000,0.0000,-0.0000,-0.0000,-0.0000
447,2.0000,2.0000,0.0005,1.0000,0.0000,0.0000,0.0000,-0.0000,-0.0000,0.0001,-0.0000,0.0001,0.0001,0.0001,-0.0000,-0.0000,0.0000,-0.0000,-0.0000,-0.0000,0.0000,0.0000,-0.0000,0.0000,-0.0000,-0.0000,-0.0000
450,6.0000,-1.0000,0.0005,1.0000,0.0000,0.0000,0.0000,-0.0000,-0.0000,0.0001,-0.0000,0.0001,0.0001,0.0001,-0.0000,-0.0000,0.0000,-0.0000,-0.0000,-0.0000,0.0000,0.0000,-0.0000,0.0000,-0.0000,-0.0000,-0.0000
453,8.0000,2.0000,0.0005,1.0000,0.0000,0.0000,0.0000,-0.0000,-0.0000,0.0001,-0.0000,0.0001,0.0001,0.0001,-0.0000,-0.0000,0.0000,-0.0000,-0.0000,-0.0000,0.0000,0.0000,-0.0000,0.0000,-0.0000,-0.0000,-0.0000
455,-8.0000,5.0000,0.0005,1.0000,0.0000,0.0000,0.0000,-0.0000,-0.0000,0.0001,-0.0000,0.0001,0.0001,0.0001,-0.0000,-0.0000,0.0000,-0.0000,-0.0000,-0.0000,0.0000,0.0000,-0.0000,0.0000,-0.0000,-0.0000,-0.0000
456,2.0000,-1.0000,0.0005,0.7071,0.0000,0.0000,0.7071,-0.0000,-0.0000,0.0001,-0.0000,0.0001,0.0001,0.0001,-0.0000,-0.0000,0.0000,-0.0000,-0.0000,-0.0000,0.0000,0.0000,-0.0000,0.0000,-0.0000,-0.0000,-0.0000
462,9.0000,3.0000,0.0005,0.7071,0.0000,0.0000,0.7071,-0.0000,-0.0000,0.0001,-0.0000,0.0001,0.0001,0.0001,-0.0000,-0.0000,0.0000,-0.0000,-0.0000,-0.0000,0.0000,0.0000,-0.0000,0.0000,-0.0000,-0.0000,-0.0000
465,9.0000,2.0000,0.0005,1.0000,0.0000,0.0000,0.0000,-0.0000,-0.0000,0.0001,-0.0000,0.0001,0.0001,0.0001,-0.0000,-0.0000,0.0000,-0.0000,-0.0000,-0.0000,0.0000,0.0000,-0.0000,0.0000,-0.0000,-0.0000,-0.0000
467,-1.0000,-3.0000,0.0005,1.0000,0.0000,0.0000,0.0000,-0.0000,-0.0000,0.0001,-0.0000,0.0001,0.0001,0.0001,-0.0000,-0.0000,0.0000,-0.0000,-0.0000,-0.0000,0.0000,0.0000,-0.0000,0.0000,-0.0000,-0.0000,-0.0000
468,1.0000,4.0000,0.0005,1.0000,0.0000,0.0000,0.0000,-0.0000,-0.0000,0.0001,-0.0000,0.0001,0.0001,0.0001,-0.0000,-0.0000,0.0000,-0.0000,-0.0000,-0.0000,0.0000,0.0000,-0.0000,0.0000,-0.0000,-0.0000,-0.0000
471,-5.0000,2.0000,0.0005,0.7071,0.0000,0.0000,0.7071,-0.0000,-0.0000,0.0001,-0.0000,0.0001,0.0001,0.0001,-0.0000,-0.0000,0.0000,-0.0000,-0.0000,-0.0000,0.0000,0.0000,-0.0000,0.0000,-0.0000,-0.0000,-0.0000
472,3.0000,4.0000,0.0005,1.0000,0.0000,0.0000,0.0000,-0.0000,-0.0000,0.0001,-0.0000,0.0001,0.0001,0.0001,-0.0000,-0.0000,0.0000,-0.0000,-0.0000,-0.0000,0.0000,0.0000,-0.0000,0.0000,-0.0000,-0.0000,-0.0000
473,7.0000,-4.0000,0.0005,0.7071,0.0000,0.0000,0.7071,-0.0000,-0.0000,0.0001,-0.0000,0.0001,0.0001,0.0001,-0.0000,-0.0000,0.0000,-0.0000,-0.0000,-0.0000,0.0000,0.0000,-0.0000,0.0000,-0.0000,-0.0000,-0.0000
478,3.0000,3.0000,0.0005,0.7071,0.0000,0.0000,0.7071,-0.0000,-0.0000,0.0001,-0.0000,0.0001,0.0001,0.0001,-0.0000,-0.0000,0.0000,-0.0000,-0.0000,-0.0000,0.0000,0.0000,-0.0000,0.0000,-0.0000,-0.0000,-0.0000
479,-6.0000,3.0000,0.0005,0.7071,0.0000,0.0000,0.7071,-0.0000,-0.0000,0.0001,-0.0000,0.0001,0.0001,0.0001,-0.0000,-0.0000,0.0000,-0.0000,-0.0000,-0.0000,0.0000,0.0000,-0.0000,0.0000,-0.0000,-0.0000,-0.0000
481,-5.0000,1.0000,0.0005,0.7071,0.0000,0.0000,0.7071,-0.0000,-0.0000,0.0001,-0.0000,0.0001,0.0001,0.0001,-0.0000,-0.0000,0.0000,-0.0000,-0.0000,-0.0000,0.0000,0.0000,-0.0000,0.0000,-0.0000,-0.0000,-0.0000
483,-4.0000,2.0000,0.0005,1.0000,0.0000,0.0000,0.0000,-0.0000,-0.0000,0.0001,-0.0000,0.0001,0.0001,0.0001,-0.0000,-0.0000,0.0000,-0.0000,-0.0000,-0.0000,0.0000,0.0000,-0.0000,0.0000,-0.0000,-0.0000,-0.0000
490,8.0000,-4.0000,0.0005,1.0000,0.0000,0.0000,0.0000,-0.0000,-0.0000,0.0001,-0.0000,0.0001,0.0001,0.0001,-0.0000,-0.0000,0.0000,-0.0000,-0.0000,-0.0000,0.0000,0.0000,-0.0000,0.0000,-0.0000,-0.0000,-0.0000
493,4.0000,3.0000,0.0005,0.7071,0.0000,0.0000,0.7071,-0.0000,-0.0000,0.0001,-0.0000,0.0001,0.0001,0.0001,-0.0000,-0.0000,0.0000,-0.0000,-0.0000,-0.0000,0.0000,0.0000,-0.0000,0.0000,-0.0000,-0.0000,-0.0000
494,-7.0000,-3.0000,0.0005,0.7071,0.0000,0.0000,0.7071,-0.0000,-0.0000,0.0001,-0.0000,0.0001,0.0001,0.0001,-0.0000,-0.0000,0.0000,-0.0000,-0.0000,-0.0000,0.0000,0.0000,-0.0000,0.0000,-0.0000,-0.0000,-0.0000
495,5.0000,5.0000,0.0005,1.0000,0.0000,0.0000,0.0000,-0.0000,-0.0000,0.0001,-0.0000,0.0001,0.0001,0.0001,-0.0000,-0.0000,0.0000,-0.0000,-0.0000,-0.0000,0.0000,0.0000,-0.0000,0.0000,-0.0000,-0.0000,-0.0000
496,4.0000,-5.0000,0.0005,1.0000,0.0000,0.0000,0.0000,-0.0000,-0.0000,0.0001,-0.0000,0.0001,0.0001,0.0001,-0.0000,-0.0000,0.0000,-0.0000,-0.0000,-0.0000,0.0000,0.0000,-0.0000,0.0000,-0.0000,-0.0000,-0.0000
497,-1.0000,4.0000,0.0005,1.0000,0.0000,0.0000,0.0000,-0.0000,-0.0000,0.0001,-0.0000,0.0001,0.0001,0.0001,-0.0000,-0.0000,0.0000,-0.0000,-0.0000,-0.0000,0.0000,0.0000,-0.0000,0.0000,-0.0000,-0.0000,-0.0000
498,-7.0000,-4.0000,0.0005,0.7071,0.0000,0.0000,0.7071,-0.0000,-0.0000,0.0001,-0.0000,0.0001,0.0001,0.0001,-0.0000,-0.0000,0.0000,-0.0000,-0.0000,-0.0000,0.0000,0.0000,-0.0000,0.0000,-0.0000,-0.0000,-0.0000
499,0.0000,-5.0000,0.0005,1.0000,0.0000,0.0000,0.0000,-0.0000,-0.0000,0.0001,-0.0000,0.0001,0.0001,0.0001,-0.0000,-0.0000,0.0000,-0.0000,-0.0000,-0.0000,0.0000,0.0000,-0.0000,0.0000,-0.0000,-0.0000,-0.0000
500,1.0000,-1.0000,0.0005,1.0000,0.0000,0.0000,0.0000,-0.0000,-0.0000,0.0001,-0.0000,0.0001,0.0001,0.0001,-0.0000,-0.0000,0.0000,-0.0000,-0.0000,-0.0000,0.0000,0.0000,-0.0000,0.0000,-0.0000,-0.0000,-0.0000
502,7.0000,4.0000,0.0005,0.7071,0.0000,0.0000,0.7071,-0.0000,-0.0000,0.0001,-0.0000,0.0001,0.0001,0.0001,-0.0000,-0.0000,0.0000,-0.0000,-0.0000,-0.0000,0.0000,0.0000,-0.0000,0.0000,-0.0000,-0.0000,-0.0000
505,-9.0000,-2.0000,0.0005,0.7071,0.0000,0.0000,0.7071,-0.0000,-0.0000,0.0001,-0.0000,0.0001,0.0001,0.0001,-0.0000,-0.0000,0.0000,-0.0000,-0.0000,-0.0000,0.0000,0.0000,-0.0000,0.0000,-0.0000,-0.0000,-0.0000
506,-7.0000,-3.0000,0.0005,1.0000,0.0000,0.0000,0.0000,-0.0000,-0.0000,0.0001,-0.0000,0.0001,0.0001,0.0001,-0.0000,-0.0000,0.0000,-0.0000,-0.0000,-0.0000,0.0000,0.0000,-0.0000,0.0000,-0.0000,-0.0000,-0.0000
511,1.0000,5.0000,0.0005,1.0000,0.0000,0.0000,0.0000,-0.0000,-0.0000,0.0001,-0.0000,0.0001,0.0001,0.0001,-0.0000,-0.0000,0.0000,-0.0000,-0.0000,-0.0000,0.0000,0.0000,-0.0000,0.0000,-0.0000,-0.0000,-0.0000
516,2.0000,-4.0000,0.0005,1.0000,0.0000,0.0000,0.0000,-0.0000,-0.0000,0.0001,-0.0000,0.0001,0.0001,0.0001,-0.0000,-0.0000,0.0000,-0.0000,-0.0000,-0.0000,0.0000,0.0000,-0.0000,0.0000,-0.0000,-0.0000,-0.0000
521,9.0000,3.0000,0.0005,1.0000,0.0000,0.0000,0.0000,-0.0000,-0.0000,0.0001,-0.0000,0.0001,0.0001,0.0001,-0.0000,-0.0000,0.0000,-0.0000,-0.0000,-0.0000,0.0000,0.0000,-0.0000,0.0000,-0.0000,-0.0000,-0.0000
522,-7.0000,2.0000,0.0005,1.0000,0.0000,0.0000,0.0000,-0.0000,-0.0000,0.0001,-0.0000,0.0001,0.0001,0.0001,-0.0000,-0.0000,0.0000,-0.0000,-0.0000,-0.0000,0.0000,0.0000,-0.0000,0.0000,-0.0000,-0.0000,-0.0000
524,-6.0000,-3.0000,0.0005,0.7071,0.0000,0.0000,0.7071,-0.0000,-0.0000,0.0001,-0.0000,0.0001,0.0001,0.0001,-0.0000,-0.0000,0.0000,-0.0000,-0.0000,-0.0000,0.0000,0.0000,-0.0000,0.0000,-0.0000,-0.0000,-0.0000
529,3.0000,1.0000,0.0005,1.0000,0.0000,0.0000,0.0000,-0.0000,-0.0000,0.0001,-0.0000,0.0001,0.0001,0.0001,-0.0000,-0.0000,0.0000,-0.0000,-0.0000,-0.0000,0.0000,0.0000,-0.0000,0.0000,-0.0000,-0.0000,-0.0000
531,-7.0000,-2.0000,0.0005,0.7071,0.0000,0.0000,0.7071,-0.0000,-0.0000,0.0001,-0.0000,0.0001,0.0001,0.0001,-0.0000,-0.0000,0.0000,-0.0000,-0.0000,-0.0000,0.0000,0.0000,-0.0000,0.0000,-0.0000,-0.0000,-0.0000
533,-8.0000,-1.0000,0.0005,1.0000,0.0000,0.0000,0.0000,-0.0000,-0.0000,0.0001,-0.0000,0.0001,0.0001,0.0001,-0.0000,-0.0000,0.0000,-0.0000,-0.0000,-0.0000,0.0000,0.0000,-0.0000,0.0000,-0.0000,-0.0000,-0.0000
535,5.0000,1.0000,0.0005,1.0000,0.0000,0.0000,0.0000,-0.0000,-0.0000,0.0001,-0.0000,0.0001,0.0001,0.0001,-0.0000,-0.0000,0.0000,-0.0000,-0.0000,-0.0000,0.0000,0.0000,-0.0000,0.0000,-0.0000,-0.0000,-0.0000
537,5.0000,-3.0000,0.0005,1.0000,0.0000,0.0000,0.0000,-0.0000,-0.0000,0.0001,-0.0000,0.0001,0.0001,0.0001,-0.0000,-0.0000,0.0000,-0.0000,-0.0000,-0.0000,0.0000,0.0000,-0.0000,0.0000,-0.0000,-0.0000,-0.0000
539,2.0000,-3.0000,0.0005,1.0000,0.0000,0.0000,0.0000,-0.0000,-0.0000,0.0001,-0.0000,0.0001,0.0001,0.0001,-0.0000,-0.0000,0.0000,-0.0000,-0.0000,-0.0000,0.0000,0.0000,-0.0000,0.0000,-0.0000,-0.0000,-0.0000

