  2.052 1.78133 -0.149923  0.286349 0.06 1.5 -0.5 2.551999795213141 2.281333471853344
 -2.767 5.50042    -0.544906 -0.000672836 0.3200000000 1.5519997952 1.2813334718 -2.266995913726128 6.184523930824233
-1.89096   2.6697 -0.367235 0.0968587 0.2100000000 -3.141592653589793 2.1697021471132776 -1.3909619162075542 6.000421518
 2.77185 -6.00723  -0.356598 -0.0528643 0.4600000000 2.271849737300689 -6.283185307179586 -1.2967868533749598 3.169702147
 1.31378 -2.08864 -0.12267 0.054342 0.3600000000 0.8137774044040238 -6.283185307179586 3.141592653589793 -1.588644288443858
 0.832952 -0.617281  0.388511 0.0955135 0.4600000000 0.3329517316245658 -2.5886442885 1.8137774044 -0.11728060525551742
  0.77609 -0.657715 0.347955 0.251307 0.0900000000 0.27608965863134083 -1.1577150869109163 1.3329517316000001 -0.11728060520000005
0.504256 -1.11282 0.580946 0.124678 0.3400000000 0.004256061433302927 -1.6128194526261816 1.2760896587000001 -0.15680004826326088
0.149828 -2.12848 0.657856 0.157098 0.2300000000 -0.35017232586031244 -2.6284796512843775 1.0042560614 -0.6128194524999999
-0.00130492  -0.0517255 0.671163 0.212691 0.1500000000 -0.5013049210289438 -2.6284796512 0.6498276742 0.4482745465901596
