2.0000000000 0.0000000000 
2.0010638861 0.3184708616 
2.0052838556 0.6283515089 
2.0125739050 0.9296117941 
2.0228477289 1.2222209011 
2.0360186977 1.5061429840 
2.0519997952 1.7813334718 
2.0707523478 2.0623520804 
2.0922842619 2.3341167771 
2.1165027011 2.5965369585 
2.1433138626 2.8495038229 
2.1726227933 3.0928898375 
2.2043332026 3.3265489353 
2.2383472805 3.5503174299 
2.2745655261 3.7640156342 
2.3128865952 3.9674501557 
2.3532071732 4.1604168361 
2.3954218784 4.3427042887 
2.4394232039 4.5140979747 
2.4851015007 4.6743847478 
2.5323450080 4.8233577786 
2.5810399335 4.9608217607 
2.6310705871 5.0865982856 
2.6823195671 5.2005312624 
2.7346680020 5.3024922523 
2.7879958436 5.3923855823 
2.8421822107 5.4701531028 
2.8971057791 5.5357784574 
2.9526452114 5.5892907444 
3.0086796218 5.6307674613 
3.0650890677 5.6603366444 
3.1217550589 5.6781781347 
-3.1046242294 5.6845239308 
-3.0477922083 5.6796576132 
-2.9910452073 5.6639128525 
-2.9344907522 5.6376710435 
-2.8782324053 5.6013581304 
-2.8223693330 5.5554407094 
-2.7669959137 5.5004215180 
-2.7123262247 5.3994666360 
-2.6586895050 5.2915348428 
-2.6061534842 5.1772388425 
-2.5547797433 5.0571972206 
-2.5046236761 4.9320284598 
-2.4557345096 4.8023453300 
-2.4081553775 4.6687497351 
-2.3619234451 4.5318280815 
-2.3170700779 4.3921472092 
-2.2736210488 4.2502509116 
-2.2315967787 4.1066570495 
-2.1910126031 3.9618552517 
-2.1518790610 3.8163051792 
-2.1142021984 3.6704353232 
-2.0779838822 3.5246422950 
-2.0432221207 3.3792905634 
-2.0099113839 3.2347125895 
-1.9780429229 3.0912093090 
-1.9476050817 2.9490509114 
-1.9185836020 2.8084778657 
-1.8909619162 2.6697021470 
-1.8656492518 2.2551674682 
-1.8444500150 1.8502165212 
-1.8272681467 1.4549111556 
-1.8140071430 1.0692619200 
-1.8045705318 0.6932392010 
-1.7988622387 0.3267836082 
-1.7967868534 -0.0301844500 
-1.7982498017 -0.3777560286 
-1.8031574341 -0.7160257509 
-1.8114170375 -1.0450847444 
-1.8229367790 -1.3650143953 
-1.8376255906 -1.6758809000 
-1.8553930010 -1.9777305989 
-1.8761489244 -2.2705860768 
-1.8998034117 -2.5544430246 
-1.9262663738 -2.8292678563 
-1.9554472831 -3.0949960868 
-1.9872548614 -3.3515314750 
-2.0215967619 -3.5987459426 
-2.0583792531 -3.8364802770 
-2.0975069120 -4.0645456259 
-2.1388823350 -4.2827257848 
-2.1824058750 -4.4907802702 
-2.2279754106 -4.6884481614 
-2.2754861568 -4.8754526751 
-2.3248305244 -5.0515064248 
-2.3758980326 -5.2163172933 
-2.4285752831 -5.3695948273 
-2.4827459998 -5.5110570433 
-2.5382911363 -5.6404375091 
-2.5950890560 -5.7574925531 
-2.6530157833 -5.8620084315 
-2.7119453263 -5.9538082785 
-2.7717500674 -6.0327586556 
-2.8323012179 -6.0987755201 
-2.8934693292 -6.1518294414 
-2.9551248539 -6.1919499082 
-3.0171387458 -6.2192285947 
-3.0793830895 -6.2338214818 
3.1414535606 -6.2359497655 
3.0791243000 -6.2258995201 
3.0169350735 -6.2040201253 
2.9550028222 -6.1707215051 
2.8934401979 -6.1264702626 
2.8323550123 -6.0717848287 
2.7718497372 -6.0072297692 
2.7119976503 -5.9404183805 
2.6528432560 -5.8647854916 
2.5944725863 -5.7809879761 
2.5369650356 -5.6897028611 
2.4803931826 -5.5916201448 
2.4248226844 -5.4874357646 
2.3703122395 -5.3778448575 
2.3169136173 -5.2635354375 
2.2646717486 -5.1451825888 
2.2136248725 -5.0234432526 
2.1638047330 -4.8989516574 
2.1152368199 -4.7723154236 
2.0679406451 -4.6441123505 
2.0219300500 -4.5148878753 
1.9772135350 -4.3851531798 
1.9337946074 -4.2553839050 
1.8916721383 -4.1260194288 
1.8508407269 -3.9974626496 
1.8112910644 -3.8700802206 
1.7730102941 -3.7442031738 
1.7359823652 -3.6201278738 
1.7001883748 -3.4981172443 
1.6656068980 -3.3784022134 
1.6322143022 -3.2611833254 
1.5999850454 -3.1466324750 
1.5688919567 -3.0348947206 
1.5389064983 -2.9260901429 
1.5099990091 -2.8203157161 
1.4821389296 -2.7176471656 
1.4552950083 -2.6181407911 
1.4294354900 -2.5218352364 
1.4045282868 -2.4287531930 
1.3805411319 -2.3389030262 
1.3574417180 -2.2522803168 
1.3351978201 -2.1688693129 
1.3137774044 -2.0886442885 
1.2931672098 -2.0060370123 
1.2733722279 -1.9266835474 
1.2543601044 -1.8505282230 
1.2360990611 -1.7775096312 
1.2185579502 -1.7075616031 
1.2017062984 -1.6406140939 
1.1855143437 -1.5765939826 
1.1699530630 -1.5154257910 
1.1549941940 -1.4570323273 
1.1406102503 -1.4013352604 
1.1267745311 -1.3482556290 
1.1134611257 -1.2977142909 
1.1006449145 -1.2496323188 
1.0883015652 -1.2039313447 
1.0764075264 -1.1605338600 
1.0649400182 -1.1193634736 
1.0538770201 -1.0803451331 
1.0431972574 -1.0434053126 
1.0328801845 -1.0084721694 
1.0229059689 -0.9754756746 
1.0132554714 -0.9443477188 
1.0039102277 -0.9150221974 
0.9948524274 -0.8874350755 
0.9860648935 -0.8615244370 
0.9775310609 -0.8372305188 
0.9692349550 -0.8144957317 
0.9611611697 -0.7932646706 
0.9532948459 -0.7734841145 
0.9456216491 -0.7551030185 
0.9381277483 -0.7380724986 
0.9307997942 -0.7223458100 
0.9236248977 -0.7078783213 
0.9165906093 -0.6946274838 
0.9096848980 -0.6825527976 
0.9028961311 -0.6716157748 
0.8962130542 -0.6617799015 
0.8896247717 -0.6530105974 
0.8831207272 -0.6452751745 
0.8766906854 -0.6385427960 
0.8703247129 -0.6327844339 
0.8640131609 -0.6279728278 
0.8577466475 -0.6240824433 
0.8515160405 -0.6210894316 
0.8453124404 -0.6189715900 
0.8391271648 -0.6177083229 
0.8329517316 -0.6172806052 
0.8267741596 -0.6187739388 
0.8205790709 -0.6210411603 
0.8143587683 -0.6240699449 
0.8081056730 -0.6278493396 
0.8018123113 -0.6323697374 
0.7954713010 -0.6376228545 
0.7890753387 -0.6436017080 
0.7826171864 -0.6503005975 
0.7760896587 -0.6577150870 
0.7695158162 -0.6568000482 
0.7629479819 -0.6568260016 
0.7563768111 -0.6577735011 
0.7497931478 -0.6596248827 
0.7431880067 -0.6623642233 
0.7365525560 -0.6659773021 
0.7298781007 -0.6704515648 
0.7231560657 -0.6757760897 
0.7163779799 -0.6819415572 
0.7095354602 -0.6889402208 
0.7026201957 -0.6967658817 
0.6956239324 -0.7054138658 
0.6885384580 -0.7148810028 
0.6813555870 -0.7251656090 
0.6740671458 -0.7362674716 
0.6666649581 -0.7481878373 
0.6591408304 -0.7609294017 
0.6514865371 -0.7744963032 
0.6436938067 -0.7888941183 
0.6357543071 -0.8041298603 
0.6276596312 -0.8202119806 
0.6194012827 -0.8371503724 
0.6109706615 -0.8549563776 
0.6023590490 -0.8736427958 
0.5935575942 -0.8932238961 
0.5845572979 -0.9137154320 
0.5753489988 -0.9351346583 
0.5659233578 -0.9575003504 
0.5562708428 -0.9808328272 
0.5463817136 -1.0051539751 
0.5362460056 -1.0304872752 
0.5258535140 -1.0568578328 
0.5151937774 -1.0842924085 
0.5042560614 -1.1128194525 
0.4930352280 -1.1407069371 
0.4815315303 -1.1697935567 
0.4697328789 -1.2001088552 
0.4576268826 -1.2316843465 
0.4452008283 -1.2645535475 
0.4324416609 -1.2987520112 
0.4193359630 -1.3343173618 
0.4058699337 -1.3712893296 
0.3920293681 -1.4097097866 
0.3777996348 -1.4496227806 
0.3631656550 -1.4910745693 
0.3481118796 -1.5341136516 
0.3326222672 -1.5787907967 
0.3166802607 -1.6251590694 
0.3002687650 -1.6732738504 
0.2833701233 -1.7231928515 
0.2659660938 -1.7749761216 
0.2480378264 -1.8286860457 
0.2295658397 -1.8843873317 
0.2105299972 -1.9421469844 
0.1909094849 -2.0020342643 
0.1706827891 -2.0641206287 
0.1498276742 -2.1284796512 
0.1291613361 -1.9436835641 
0.1103136375 -1.7676363062 
0.0931989902 -1.5997701043 
0.0777373910 -1.4395450466 
0.0638541454 -1.2864481813 
0.0514796018 -1.1399924843 
0.0405488959 -0.9997157387 
0.0310017064 -0.8651793614 
0.0227820227 -0.7359672040 
0.0158379247 -0.6116843478 
0.0101213742 -0.4919559109 
0.0055880189 -0.3764258779 
0.0021970069 -0.2647559635 
-0.0000891863 -0.1566245140 
-0.0013049210 -0.0517254535 

