7.000,-5.000,0.001,1.000,0.000,0.000,0.000,-0.000,-0.000,0.000,-0.000,0.000,0.000,0.000,-0.000,-0.000,0.000,-0.000,-0.000,-0.000,0.000,0.000,-0.000,0.000,-0.000,-0.000,-0.000
7.000,-5.000,0.000,1.000,0.000,0.000,0.000,-0.390,-0.278,-0.000,-0.322,0.001,-0.005,-0.004,-0.042,0.003,-0.000,0.004,0.021,0.040,-56.397,-42.080,-0.218,-48.787,0.044,-0.918,-0.764
6.999,-5.000,0.000,1.000,0.000,0.000,0.000,-0.746,-0.562,-0.007,-0.658,-0.002,-0.016,-0.014,-0.056,0.011,0.000,0.010,0.012,0.060,-16.353,-14.842,-1.057,-16.830,-0.784,-1.341,-1.100
6.999,-5.000,0.000,1.000,0.000,0.000,0.001,-0.774,-0.616,-0.021,-0.694,-0.014,-0.032,-0.026,-0.068,0.021,0.000,0.012,0.006,0.106,9.237,3.458,-1.845,9.663,-1.566,-1.733,-1.298
6.998,-5.000,0.000,1.000,0.000,0.000,0.001,-0.603,-0.518,-0.043,-0.497,-0.034,-0.051,-0.040,-0.086,0.026,-0.000,0.007,0.006,0.141,21.886,14.137,-2.541,26.360,-2.249,-2.159,-1.565
6.997,-4.999,0.000,1.000,0.000,0.000,0.002,-0.413,-0.385,-0.072,-0.268,-0.058,-0.075,-0.058,-0.113,0.027,-0.000,-0.001,0.011,0.160,13.538,10.507,-3.082,15.981,-2.585,-2.717,-2.023
6.996,-4.999,0.000,1.000,0.000,0.000,0.003,-0.362,-0.335,-0.104,-0.215,-0.085,-0.106,-0.081,-0.143,0.027,-0.001,-0.004,0.012,0.171,-2.657,-0.099,-3.505,-4.115,-2.758,-3.316,-2.563
6.994,-4.999,0.000,1.000,0.000,0.000,0.004,-0.456,-0.382,-0.142,-0.348,-0.113,-0.142,-0.109,-0.169,0.032,-0.001,-0.000,0.009,0.203,-12.249,-7.048,-3.989,-17.351,-2.978,-3.903,-3.013
6.992,-4.998,0.000,1.000,0.000,0.000,0.005,-0.532,-0.425,-0.185,-0.470,-0.145,-0.183,-0.140,-0.188,0.040,-0.001,0.003,0.001,0.243,-3.329,-2.114,-4.575,-6.494,-3.499,-4.373,-3.315
6.990,-4.998,0.000,1.000,0.000,0.000,0.006,-0.540,-0.433,-0.233,-0.502,-0.183,-0.229,-0.175,-0.206,0.048,-0.001,0.002,-0.001,0.296,1.147,0.236,-5.172,-0.780,-3.965,-4.856,-3.567
6.988,-4.997,0.000,1.000,0.000,0.000,0.008,-0.520,-0.425,-0.288,-0.497,-0.224,-0.280,-0.212,-0.225,0.054,-0.002,-0.002,-0.001,0.340,2.479,1.178,-5.735,1.412,-4.382,-5.337,-3.845
6.986,-4.997,0.000,1.000,0.000,0.000,0.010,-0.496,-0.412,-0.348,-0.479,-0.270,-0.336,-0.252,-0.245,0.057,-0.003,-0.007,-0.000,0.372,2.244,1.227,-6.255,1.912,-4.770,-5.810,-4.158
6.983,-4.996,0.000,1.000,0.000,0.000,0.012,-0.477,-0.402,-0.413,-0.461,-0.320,-0.396,-0.295,-0.266,0.060,-0.003,-0.011,0.001,0.397,1.482,0.878,-6.737,1.718,-5.140,-6.271,-4.495
6.980,-4.996,0.000,1.000,0.000,0.000,0.014,-0.466,-0.395,-0.483,-0.446,-0.373,-0.461,-0.342,-0.286,0.061,-0.004,-0.014,0.001,0.416,0.767,0.564,-7.195,1.330,-5.498,-6.716,-4.838
6.978,-4.995,0.000,1.000,-0.000,0.000,0.016,-0.461,-0.390,-0.557,-0.434,-0.430,-0.531,-0.392,-0.305,0.062,-0.005,-0.017,0.001,0.434,0.288,0.349,-7.636,0.955,-5.845,-7.147,-5.176
6.974,-4.994,0.000,1.000,-0.000,0.000,0.018,-0.459,-0.387,-0.635,-0.426,-0.490,-0.604,-0.445,-0.324,0.063,-0.006,-0.018,0.001,0.452,0.037,0.212,-8.065,0.661,-6.181,-7.564,-5.503
6.971,-4.994,0.000,1.000,-0.000,0.000,0.020,-0.459,-0.386,-0.718,-0.421,-0.553,-0.682,-0.502,-0.341,0.064,-0.007,-0.018,0.000,0.469,-0.065,0.129,-8.484,0.448,-6.508,-7.967,-5.818
6.968,-4.993,0.000,1.000,-0.000,0.000,0.023,-0.460,-0.385,-0.805,-0.417,-0.620,-0.764,-0.562,-0.359,0.065,-0.008,-0.017,-0.001,0.487,-0.082,0.080,-8.895,0.302,-6.824,-8.359,-6.120
6.964,-4.992,0.000,1.000,-0.000,0.000,0.025,-0.461,-0.384,-0.896,-0.414,-0.690,-0.849,-0.624,-0.375,0.065,-0.008,-0.016,-0.002,0.504,-0.065,0.052,-9.296,0.204,-7.131,-8.739,-6.410
6.960,-4.992,-0.000,1.000,-0.000,0.000,0.028,-0.461,-0.384,-0.991,-0.413,-0.763,-0.938,-0.690,-0.391,0.065,-0.009,-0.015,-0.003,0.522,-0.042,0.034,-9.687,0.137,-7.428,-9.109,-6.688
6.956,-4.991,-0.000,1.000,-0.001,0.000,0.030,-0.462,-0.383,-1.090,-0.412,-0.838,-1.031,-0.758,-0.406,0.065,-0.010,-0.014,-0.004,0.540,-0.023,0.023,-10.068,0.092,-7.716,-9.468,-6.955
6.952,-4.990,-0.000,0.999,-0.001,0.000,0.033,-0.462,-0.383,-1.192,-0.411,-0.917,-1.128,-0.829,-0.421,0.065,-0.010,-0.013,-0.004,0.557,-0.011,0.016,-10.438,0.061,-7.995,-9.817,-7.212
6.948,-4.990,-0.000,0.999,-0.001,0.000,0.036,-0.462,-0.383,-1.298,-0.410,-0.998,-1.228,-0.902,-0.435,0.065,-0.011,-0.011,-0.005,0.574,-0.004,0.012,-10.797,0.040,-8.265,-10.156,-7.460
6.943,-4.989,-0.000,0.999,-0.001,0.000,0.039,-0.462,-0.383,-1.408,-0.410,-1.082,-1.331,-0.978,-0.449,0.064,-0.011,-0.008,-0.005,0.590,-0.001,0.008,-11.145,0.026,-8.526,-10.483,-7.699
6.939,-4.989,-0.001,0.999,-0.001,0.000,0.042,-0.462,-0.383,-1.521,-0.410,-1.169,-1.437,-1.056,-0.462,0.063,-0.011,-0.004,-0.006,0.606,0.001,0.006,-11.481,0.017,-8.779,-10.800,-7.929
6.934,-4.988,-0.001,0.999,-0.001,0.000,0.045,-0.462,-0.383,-1.638,-0.410,-1.258,-1.547,-1.136,-0.474,0.062,-0.010,-0.000,-0.006,0.622,0.001,0.003,-11.804,0.012,-9.023,-11.106,-8.151
6.929,-4.987,-0.001,0.999,-0.001,0.000,0.048,-0.462,-0.383,-1.757,-0.410,-1.349,-1.659,-1.219,-0.486,0.060,-0.010,0.004,-0.007,0.637,0.001,0.001,-12.116,0.009,-9.259,-11.400,-8.366
6.924,-4.987,-0.001,0.999,-0.001,0.000,0.051,-0.462,-0.383,-1.880,-0.410,-1.443,-1.775,-1.304,-0.498,0.058,-0.009,0.009,-0.007,0.651,0.001,-0.000,-12.415,0.006,-9.487,-11.683,-8.573
6.919,-4.986,-0.001,0.999,-0.001,0.000,0.055,-0.462,-0.383,-2.005,-0.409,-1.539,-1.893,-1.390,-0.509,0.056,-0.008,0.014,-0.008,0.665,0.000,-0.002,-12.701,0.005,-9.707,-11.955,-8.773
6.914,-4.986,-0.001,0.998,-0.001,0.000,0.058,-0.462,-0.383,-2.134,-0.409,-1.637,-2.014,-1.479,-0.520,0.054,-0.007,0.018,-0.009,0.679,0.000,-0.003,-12.976,0.005,-9.919,-12.217,-8.966
6.909,-4.985,-0.001,0.998,-0.000,0.000,0.061,-0.462,-0.383,-2.265,-0.409,-1.737,-2.137,-1.570,-0.530,0.052,-0.005,0.021,-0.010,0.693,0.000,-0.004,-13.240,0.004,-10.122,-12.468,-9.152
6.903,-4.985,-0.001,0.998,-0.000,0.000,0.065,-0.462,-0.383,-2.399,-0.409,-1.839,-2.263,-1.662,-0.541,0.049,-0.004,0.023,-0.010,0.707,0.000,-0.004,-13.493,0.004,-10.318,-12.709,-9.332
6.898,-4.984,-0.001,0.998,-0.000,-0.000,0.068,-0.462,-0.383,-2.535,-0.409,-1.943,-2.391,-1.756,-0.550,0.046,-0.003,0.024,-0.010,0.720,0.000,-0.004,-13.735,0.004,-10.508,-12.940,-9.506
6.892,-4.984,-0.001,0.997,-0.000,-0.000,0.072,-0.462,-0.383,-2.673,-0.409,-2.049,-2.522,-1.852,-0.560,0.043,-0.002,0.024,-0.010,0.733,0.000,-0.004,-13.968,0.004,-10.690,-13.163,-9.674
6.887,-4.983,-0.001,0.997,0.000,-0.000,0.076,-0.462,-0.383,-2.814,-0.409,-2.157,-2.655,-1.950,-0.569,0.040,-0.001,0.022,-0.010,0.745,0.000,-0.004,-14.192,0.004,-10.867,-13.378,-9.837
6.881,-4.983,-0.001,0.997,0.000,-0.000,0.079,-0.462,-0.383,-2.957,-0.409,-2.267,-2.789,-2.049,-0.579,0.036,-0.000,0.018,-0.009,0.757,0.000,-0.003,-14.409,0.004,-11.038,-13.586,-9.996
6.875,-4.983,-0.001,0.997,0.000,-0.000,0.083,-0.462,-0.383,-3.102,-0.409,-2.378,-2.926,-2.150,-0.587,0.032,0.000,0.014,-0.008,0.769,0.001,-0.003,-14.620,0.004,-11.202,-13.788,-10.148
6.869,-4.982,-0.001,0.996,0.000,-0.000,0.087,-0.462,-0.383,-3.249,-0.409,-2.491,-3.065,-2.252,-0.596,0.028,0.001,0.009,-0.008,0.781,0.001,-0.002,-14.825,0.004,-11.362,-13.985,-10.296
6.863,-4.982,-0.001,0.996,0.000,-0.000,0.091,-0.462,-0.383,-3.399,-0.409,-2.605,-3.206,-2.356,-0.605,0.024,0.001,0.004,-0.007,0.792,0.001,-0.001,-15.025,0.003,-11.515,-14.177,-10.438
6.857,-4.982,-0.001,0.995,0.000,-0.000,0.095,-0.462,-0.383,-3.550,-0.409,-2.721,-3.349,-2.461,-0.613,0.020,0.001,-0.000,-0.006,0.803,0.001,-0.001,-15.221,0.003,-11.664,-14.365,-10.576
6.851,-4.982,-0.001,0.995,0.000,-0.000,0.099,-0.462,-0.383,-3.703,-0.409,-2.838,-3.493,-2.567,-0.621,0.015,0.001,-0.003,-0.005,0.814,0.000,-0.001,-15.413,0.003,-11.808,-14.549,-10.708
6.845,-4.981,-0.001,0.995,0.000,-0.000,0.103,-0.462,-0.383,-3.858,-0.409,-2.957,-3.640,-2.675,-0.629,0.010,0.001,-0.004,-0.005,0.825,0.000,-0.001,-15.601,0.002,-11.948,-14.729,-10.835
6.838,-4.981,-0.001,0.994,0.000,-0.000,0.107,-0.462,-0.383,-4.015,-0.409,-3.077,-3.788,-2.784,-0.636,0.005,0.002,-0.003,-0.006,0.836,0.000,-0.001,-15.784,0.002,-12.083,-14.906,-10.957
6.832,-4.981,-0.001,0.994,0.000,-0.000,0.111,-0.462,-0.383,-4.174,-0.409,-3.199,-3.938,-2.894,-0.643,0.001,0.002,0.003,-0.008,0.847,-0.000,-0.002,-15.962,0.002,-12.214,-15.078,-11.074
6.826,-4.981,-0.001,0.993,0.000,-0.000,0.116,-0.462,-0.383,-4.334,-0.409,-3.322,-4.089,-3.005,-0.650,-0.005,0.003,0.011,-0.009,0.859,-0.000,-0.003,-16.132,0.001,-12.342,-15.245,-11.186
6.819,-4.981,-0.001,0.993,0.000,-0.000,0.120,-0.462,-0.383,-4.497,-0.409,-3.446,-4.243,-3.118,-0.657,-0.010,0.004,0.022,-0.011,0.870,-0.000,-0.004,-16.295,0.001,-12.467,-15.405,-11.296
6.812,-4.982,-0.001,0.992,0.001,-0.001,0.124,-0.462,-0.383,-4.660,-0.409,-3.571,-4.397,-3.231,-0.664,-0.015,0.005,0.035,-0.012,0.882,-0.001,-0.005,-16.448,0.001,-12.591,-15.558,-11.403
6.806,-4.982,-0.001,0.992,0.001,-0.001,0.129,-0.462,-0.383,-4.825,-0.409,-3.698,-4.554,-3.346,-0.671,-0.021,0.007,0.049,-0.012,0.894,-0.001,-0.006,-16.591,0.001,-12.715,-15.703,-11.511
6.799,-4.982,-0.001,0.991,0.001,-0.001,0.133,-0.462,-0.383,-4.992,-0.409,-3.825,-4.711,-3.461,-0.678,-0.026,0.008,0.062,-0.012,0.906,-0.001,-0.006,-16.722,0.001,-12.838,-15.838,-11.618
6.792,-4.982,-0.001,0.990,0.001,-0.001,0.138,-0.462,-0.384,-5.160,-0.409,-3.954,-4.870,-3.578,-0.684,-0.032,0.010,0.074,-0.010,0.917,-0.000,-0.006,-16.842,0.002,-12.961,-15.963,-11.728
6.785,-4.983,-0.001,0.990,0.002,-0.001,0.142,-0.462,-0.384,-5.329,-0.409,-4.085,-5.031,-3.696,-0.691,-0.039,0.011,0.082,-0.009,0.927,-0.000,-0.006,-16.950,0.002,-13.084,-16.077,-11.840
6.778,-4.983,-0.001,0.989,0.002,-0.001,0.147,-0.462,-0.384,-5.499,-0.409,-4.216,-5.192,-3.815,-0.697,-0.046,0.012,0.085,-0.006,0.936,0.000,-0.004,-17.047,0.003,-13.205,-16.181,-11.955
6.771,-4.984,-0.000,0.988,0.003,-0.001,0.152,-0.462,-0.384,-5.670,-0.409,-4.349,-5.354,-3.935,-0.703,-0.053,0.012,0.081,-0.003,0.943,0.001,-0.002,-17.135,0.004,-13.324,-16.275,-12.072
6.764,-4.984,-0.000,0.988,0.003,-0.001,0.156,-0.462,-0.384,-5.842,-0.409,-4.482,-5.517,-4.056,-0.709,-0.061,0.012,0.071,-0.000,0.949,0.001,-0.000,-17.217,0.004,-13.440,-16.361,-12.191
6.757,-4.985,-0.000,0.987,0.003,-0.000,0.161,-0.462,-0.384,-6.014,-0.409,-4.617,-5.681,-4.179,-0.715,-0.069,0.012,0.053,0.004,0.952,0.002,0.002,-17.294,0.005,-13.551,-16.442,-12.312
6.750,-4.985,-0.000,0.986,0.003,-0.000,0.166,-0.462,-0.384,-6.187,-0.409,-4.753,-5.846,-4.303,-0.720,-0.078,0.010,0.028,0.010,0.953,0.002,0.005,-17.369,0.005,-13.657,-16.521,-12.435
6.743,-4.986,0.000,0.985,0.004,-0.000,0.170,-0.462,-0.384,-6.361,-0.409,-4.891,-6.012,-4.428,-0.725,-0.088,0.008,-0.003,0.017,0.951,0.002,0.007,-17.447,0.006,-13.756,-16.600,-12.556
6.736,-4.987,0.000,0.985,0.003,-0.000,0.175,-0.462,-0.383,-6.536,-0.409,-5.029,-6.178,-4.554,-0.730,-0.097,0.005,-0.037,0.024,0.950,0.002,0.009,-17.533,0.005,-13.846,-16.684,-12.668
6.728,-4.988,0.000,0.984,0.003,-0.000,0.180,-0.462,-0.383,-6.712,-0.409,-5.167,-6.346,-4.681,-0.734,-0.106,0.003,-0.073,0.027,0.950,0.002,0.009,-17.635,0.004,-13.922,-16.775,-12.760
6.721,-4.989,0.000,0.983,0.003,-0.000,0.184,-0.462,-0.383,-6.889,-0.408,-5.307,-6.514,-4.809,-0.738,-0.114,0.000,-0.107,0.028,0.952,0.002,0.009,-17.752,0.003,-13.984,-16.875,-12.831
6.714,-4.991,0.000,0.982,0.002,-0.000,0.189,-0.462,-0.383,-7.067,-0.408,-5.447,-6.683,-4.937,-0.741,-0.122,-0.002,-0.137,0.027,0.955,0.001,0.009,-17.881,0.002,-14.034,-16.983,-12.884
6.706,-4.992,0.000,0.981,0.001,-0.000,0.194,-0.462,-0.383,-7.247,-0.408,-5.588,-6.854,-5.066,-0.744,-0.130,-0.003,-0.158,0.024,0.959,0.001,0.008,-18.020,0.001,-14.074,-17.100,-12.919
6.699,-4.993,0.000,0.980,0.000,-0.000,0.198,-0.462,-0.383,-7.428,-0.408,-5.728,-7.025,-5.196,-0.746,-0.138,-0.005,-0.170,0.019,0.963,0.001,0.007,-18.167,0.001,-14.105,-17.223,-12.940
6.691,-4.995,-0.000,0.979,-0.000,-0.000,0.203,-0.462,-0.383,-7.610,-0.408,-5.870,-7.198,-5.325,-0.747,-0.145,-0.005,-0.170,0.013,0.968,0.000,0.006,-18.317,-0.000,-14.128,-17.351,-12.949
6.684,-4.996,-0.000,0.978,-0.001,-0.000,0.208,-0.462,-0.383,-7.794,-0.408,-6.011,-7.372,-5.455,-0.748,-0.152,-0.005,-0.162,0.005,0.975,-0.000,0.004,-18.469,-0.001,-14.146,-17.481,-12.943
6.676,-4.998,-0.000,0.977,-0.002,-0.001,0.213,-0.462,-0.383,-7.979,-0.408,-6.153,-7.548,-5.584,-0.749,-0.158,-0.005,-0.146,-0.004,0.984,-0.001,0.002,-18.622,-0.002,-14.159,-17.611,-12.923
6.669,-4.999,-0.000,0.976,-0.003,-0.001,0.218,-0.462,-0.383,-8.166,-0.408,-6.294,-7.724,-5.713,-0.750,-0.164,-0.004,-0.124,-0.011,0.995,-0.001,-0.000,-18.770,-0.004,-14.172,-17.740,-12.898
6.661,-5.001,-0.000,0.975,-0.003,-0.001,0.222,-0.462,-0.383,-8.355,-0.409,-6.436,-7.902,-5.842,-0.751,-0.171,-0.003,-0.098,-0.016,1.007,-0.002,-0.002,-18.908,-0.005,-14.190,-17.864,-12.874
6.654,-5.003,-0.000,0.974,-0.004,-0.001,0.227,-0.462,-0.383,-8.545,-0.409,-6.578,-8.082,-5.971,-0.751,-0.177,-0.002,-0.069,-0.017,1.018,-0.002,-0.004,-19.034,-0.006,-14.215,-17.982,-12.857
6.646,-5.004,-0.000,0.973,-0.004,-0.001,0.232,-0.462,-0.383,-8.736,-0.409,-6.720,-8.262,-6.099,-0.752,-0.184,-0.002,-0.038,-0.013,1.031,-0.003,-0.005,-19.152,-0.007,-14.251,-18.092,-12.844
6.639,-5.006,-0.000,0.971,-0.004,-0.001,0.237,-0.462,-0.383,-8.928,-0.409,-6.863,-8.443,-6.228,-0.752,-0.190,-0.003,-0.007,-0.005,1.046,-0.003,-0.006,-19.269,-0.008,-14.298,-18.195,-12.834
6.631,-5.008,-0.000,0.970,-0.004,-0.001,0.242,-0.462,-0.383,-9.121,-0.409,-7.006,-8.626,-6.356,-0.753,-0.197,-0.004,0.021,0.004,1.062,-0.002,-0.005,-19.382,-0.008,-14.355,-18.287,-12.829
6.624,-5.010,-0.000,0.969,-0.004,-0.001,0.248,-0.462,-0.383,-9.315,-0.409,-7.150,-8.809,-6.484,-0.753,-0.204,-0.006,0.044,0.013,1.076,-0.002,-0.004,-19.489,-0.008,-14.422,-18.367,-12.834
6.616,-5.012,-0.000,0.967,-0.004,-0.001,0.253,-0.462,-0.383,-9.511,-0.409,-7.295,-8.993,-6.613,-0.753,-0.212,-0.007,0.059,0.018,1.087,-0.002,-0.003,-19.584,-0.007,-14.497,-18.434,-12.853
6.609,-5.014,-0.000,0.966,-0.003,-0.001,0.258,-0.462,-0.383,-9.707,-0.409,-7.440,-9.178,-6.741,-0.753,-0.220,-0.008,0.069,0.018,1.095,-0.001,-0.002,-19.666,-0.006,-14.577,-18.490,-12.886
6.601,-5.017,-0.001,0.965,-0.003,-0.001,0.263,-0.462,-0.383,-9.904,-0.409,-7.586,-9.363,-6.870,-0.753,-0.228,-0.008,0.074,0.013,1.100,-0.001,-0.001,-19.735,-0.005,-14.660,-18.536,-12.933
6.593,-5.019,-0.001,0.963,-0.003,-0.000,0.269,-0.462,-0.383,-10.102,-0.409,-7.733,-9.548,-7.000,-0.752,-0.237,-0.008,0.075,0.005,1.103,-0.000,-0.000,-19.791,-0.004,-14.744,-18.577,-12.991
6.586,-5.021,-0.001,0.962,-0.002,-0.000,0.274,-0.462,-0.383,-10.300,-0.409,-7.881,-9.734,-7.130,-0.751,-0.247,-0.007,0.075,-0.007,1.104,-0.000,-0.001,-19.836,-0.003,-14.826,-18.615,-13.056
6.578,-5.024,-0.001,0.960,-0.002,-0.000,0.279,-0.462,-0.383,-10.498,-0.409,-8.030,-9.921,-7.261,-0.750,-0.256,-0.006,0.076,-0.020,1.105,-0.000,-0.001,-19.870,-0.001,-14.904,-18.654,-13.126
6.571,-5.027,-0.001,0.959,-0.001,-0.000,0.285,-0.462,-0.383,-10.697,-0.409,-8.179,-10.108,-7.393,-0.748,-0.265,-0.004,0.078,-0.032,1.107,0.000,-0.003,-19.896,0.000,-14.978,-18.695,-13.198
6.563,-5.029,-0.001,0.957,-0.001,-0.000,0.290,-0.462,-0.383,-10.896,-0.409,-8.329,-10.295,-7.525,-0.747,-0.274,-0.001,0.083,-0.042,1.109,0.000,-0.004,-19.913,0.002,-15.046,-18.738,-13.271
6.556,-5.032,-0.001,0.955,-0.001,-0.000,0.295,-0.462,-0.383,-11.095,-0.409,-8.480,-10.482,-7.658,-0.746,-0.283,0.001,0.090,-0.048,1.113,0.000,-0.006,-19.921,0.003,-15.111,-18.782,-13.344
6.549,-5.035,-0.001,0.954,-0.000,-0.001,0.301,-0.462,-0.383,-11.294,-0.409,-8.632,-10.670,-7.792,-0.746,-0.291,0.004,0.099,-0.050,1.117,0.000,-0.006,-19.922,0.004,-15.174,-18.825,-13.418
6.541,-5.038,-0.001,0.952,0.001,-0.001,0.306,-0.462,-0.383,-11.494,-0.409,-8.784,-10.859,-7.927,-0.745,-0.300,0.006,0.107,-0.046,1.122,0.000,-0.007,-19.915,0.004,-15.235,-18.864,-13.493
6.534,-5.041,-0.001,0.950,0.001,-0.001,0.311,-0.462,-0.384,-11.693,-0.409,-8.936,-11.048,-8.062,-0.744,-0.310,0.008,0.114,-0.036,1.127,0.000,-0.006,-19.902,0.004,-15.297,-18.897,-13.572
6.526,-5.044,-0.001,0.949,0.002,-0.001,0.317,-0.462,-0.384,-11.892,-0.409,-9.090,-11.237,-8.198,-0.744,-0.319,0.010,0.117,-0.023,1.131,0.000,-0.004,-19.885,0.004,-15.361,-18.921,-13.653
6.519,-5.047,-0.001,0.947,0.002,-0.001,0.322,-0.462,-0.384,-12.090,-0.409,-9.244,-11.426,-8.335,-0.743,-0.330,0.010,0.115,-0.006,1.133,0.001,-0.002,-19.864,0.004,-15.427,-18.934,-13.739
6.511,-5.051,-0.000,0.945,0.003,-0.000,0.327,-0.462,-0.384,-12.289,-0.409,-9.398,-11.615,-8.473,-0.742,-0.340,0.010,0.107,0.011,1.133,0.001,0.001,-19.843,0.003,-15.494,-18.936,-13.828
6.504,-5.054,-0.000,0.943,0.003,-0.000,0.333,-0.462,-0.384,-12.487,-0.409,-9.553,-11.805,-8.611,-0.741,-0.351,0.008,0.092,0.027,1.130,0.001,0.004,-19.823,0.002,-15.561,-18.927,-13.917
6.497,-5.058,-0.000,0.941,0.004,0.000,0.338,-0.462,-0.384,-12.685,-0.409,-9.709,-11.994,-8.751,-0.739,-0.363,0.006,0.070,0.039,1.124,0.001,0.007,-19.809,0.002,-15.625,-18.910,-14.007
6.489,-5.061,-0.000,0.939,0.004,0.000,0.343,-0.462,-0.383,-12.884,-0.409,-9.866,-12.183,-8.892,-0.737,-0.375,0.003,0.044,0.048,1.113,0.002,0.009,-19.812,0.001,-15.683,-18.887,-14.099
6.482,-5.065,-0.000,0.937,0.004,0.001,0.349,-0.462,-0.383,-13.082,-0.409,-10.023,-12.372,-9.033,-0.733,-0.387,-0.000,0.012,0.056,1.099,0.002,0.011,-19.823,0.001,-15.734,-18.866,-14.193
6.474,-5.069,-0.000,0.935,0.004,0.001,0.354,-0.462,-0.383,-13.280,-0.409,-10.181,-12.560,-9.175,-0.730,-0.399,-0.004,-0.021,0.059,1.084,0.002,0.011,-19.842,0.001,-15.776,-18.853,-14.283
6.467,-5.073,-0.000,0.933,0.003,0.001,0.359,-0.462,-0.383,-13.479,-0.409,-10.339,-12.749,-9.319,-0.725,-0.410,-0.008,-0.054,0.056,1.072,0.001,0.010,-19.873,0.001,-15.810,-18.853,-14.354
6.460,-5.077,-0.000,0.932,0.003,0.001,0.364,-0.462,-0.383,-13.678,-0.409,-10.497,-12.937,-9.462,-0.721,-0.419,-0.010,-0.082,0.044,1.065,0.001,0.009,-19.920,0.001,-15.835,-18.869,-14.392
6.453,-5.082,-0.000,0.930,0.003,0.001,0.369,-0.462,-0.383,-13.877,-0.409,-10.655,-13.126,-9.606,-0.717,-0.427,-0.011,-0.104,0.026,1.062,0.001,0.007,-19.981,0.002,-15.847,-18.901,-14.407
6.446,-5.086,-0.001,0.928,0.002,0.001,0.374,-0.462,-0.383,-14.077,-0.409,-10.814,-13.315,-9.751,-0.712,-0.435,-0.011,-0.118,0.004,1.061,0.001,0.005,-20.049,0.003,-15.843,-18.948,-14.406
6.439,-5.090,-0.001,0.926,0.001,0.001,0.378,-0.462,-0.383,-14.278,-0.409,-10.972,-13.505,-9.895,-0.707,-0.442,-0.009,-0.123,-0.020,1.061,0.001,0.002,-20.120,0.004,-15.823,-19.008,-14.395
6.432,-5.095,-0.001,0.924,0.001,0.000,0.383,-0.462,-0.383,-14.480,-0.409,-11.130,-13.696,-10.038,-0.702,-0.449,-0.007,-0.119,-0.043,1.062,0.001,0.000,-20.189,0.005,-15.790,-19.079,-14.381
6.425,-5.099,-0.001,0.922,0.001,-0.000,0.388,-0.462,-0.383,-14.682,-0.409,-11.288,-13.887,-10.182,-0.697,-0.456,-0.004,-0.111,-0.060,1.063,0.001,-0.002,-20.250,0.006,-15.749,-19.159,-14.369
6.418,-5.104,-0.001,0.919,0.000,-0.001,0.393,-0.462,-0.383,-14.885,-0.409,-11.445,-14.079,-10.326,-0.692,-0.462,-0.000,-0.101,-0.070,1.065,0.001,-0.004,-20.304,0.007,-15.704,-19.245,-14.361
6.411,-5.108,-0.001,0.917,-0.000,-0.001,0.398,-0.206,-0.213,-15.086,-0.129,-11.604,-14.272,-10.469,-0.685,-0.475,0.001,-0.158,-0.047,1.033,45.049,31.397,-19.892,49.442,-16.024,-19.314,-14.419
6.404,-5.114,-0.001,0.916,-0.002,-0.002,0.402,0.234,0.134,-15.280,0.345,-11.765,-14.463,-10.616,-0.625,-0.552,0.043,-0.461,-0.146,0.565,33.229,30.245,-18.916,36.397,-16.313,-18.724,-14.925
6.398,-5.119,0.000,0.915,-0.004,-0.004,0.403,0.323,0.226,-15.466,0.501,-11.929,-14.644,-10.766,-0.561,-0.591,0.087,-0.505,-0.362,0.196,-15.099,-13.877,-18.421,-4.984,-16.338,-17.748,-15.139
6.393,-5.125,0.001,0.915,-0.004,-0.006,0.404,0.008,-0.082,-15.651,0.287,-12.092,-14.822,-10.918,-0.584,-0.581,0.022,-0.001,-0.170,0.282,-40.065,-39.616,-18.506,-32.458,-16.398,-17.946,-15.267
6.387,-5.131,0.001,0.914,-0.003,-0.006,0.406,-0.286,-0.382,-15.836,0.004,-12.257,-15.003,-11.072,-0.596,-0.588,-0.045,0.324,0.089,0.262,-13.530,-16.161,-18.591,-18.176,-16.524,-18.140,-15.509
6.381,-5.137,-0.000,0.914,-0.002,-0.004,0.407,-0.225,-0.380,-16.022,0.007,-12.423,-15.184,-11.231,-0.593,-0.597,-0.071,0.257,0.344,0.221,22.601,14.633,-18.495,17.185,-16.626,-18.157,-16.125
6.375,-5.143,-0.000,0.913,-0.002,-0.003,0.408,0.057,-0.157,-16.204,0.240,-12.589,-15.365,-11.392,-0.573,-0.592,0.003,0.078,-0.023,0.189,27.135,24.887,-17.766,22.972,-16.510,-17.795,-16.190
6.369,-5.149,-0.000,0.913,-0.002,-0.004,0.408,0.193,-0.001,-16.379,0.358,-12.753,-15.539,-11.555,-0.535,-0.615,0.043,-0.178,-0.192,-0.009,-1.354,3.620,-17.357,-0.516,-16.440,-17.204,-16.489
6.364,-5.155,0.000,0.913,-0.002,-0.004,0.408,0.050,-0.090,-16.553,0.238,-12.918,-15.712,-11.721,-0.546,-0.619,0.012,-0.107,0.027,-0.000,-22.963,-17.714,-17.402,-20.530,-16.439,-17.311,-16.708
6.358,-5.161,-0.000,0.913,-0.003,-0.004,0.408,-0.153,-0.252,-16.727,0.032,-13.083,-15.886,-11.889,-0.565,-0.611,-0.017,0.014,0.206,0.087,-13.552,-11.101,-17.499,-16.851,-16.488,-17.586,-16.669
6.353,-5.167,-0.000,0.912,-0.003,-0.003,0.409,-0.169,-0.268,-16.902,-0.032,-13.247,-16.063,-12.053,-0.584,-0.584,0.002,0.138,0.079,0.246,9.520,7.294,-17.515,4.193,-16.431,-17.738,-16.194
6.347,-5.173,-0.000,0.912,-0.002,-0.003,0.410,-0.015,-0.136,-17.077,0.075,-13.411,-16.241,-12.214,-0.585,-0.579,0.010,0.079,-0.000,0.295,17.417,16.215,-17.564,13.526,-16.381,-17.794,-15.987
6.341,-5.179,0.000,0.911,-0.002,-0.002,0.412,0.099,-0.012,-17.253,0.165,-13.575,-16.419,-12.374,-0.578,-0.595,-0.003,0.021,0.068,0.236,3.518,6.624,-17.597,2.959,-16.431,-17.793,-16.151
6.335,-5.185,-0.000,0.911,-0.002,-0.002,0.412,0.049,-0.024,-17.429,0.123,-13.740,-16.596,-12.537,-0.566,-0.616,-0.012,0.067,0.108,0.124,-11.595,-7.543,-17.487,-10.098,-16.518,-17.689,-16.477
6.330,-5.191,-0.000,0.911,-0.002,-0.001,0.413,-0.075,-0.114,-17.604,0.005,-13.906,-16.773,-12.703,-0.569,-0.615,-0.010,0.109,0.077,0.140,-10.462,-8.243,-17.509,-11.267,-16.571,-17.706,-16.518
6.324,-5.197,-0.000,0.910,-0.001,-0.001,0.414,-0.116,-0.150,-17.779,-0.057,-14.071,-16.950,-12.867,-0.580,-0.602,-0.002,0.128,0.009,0.234,2.384,1.538,-17.666,-0.474,-16.545,-17.807,-16.320
6.318,-5.203,-0.000,0.910,-0.001,-0.001,0.415,-0.044,-0.091,-17.957,-0.012,-14.237,-17.129,-13.029,-0.583,-0.598,0.003,0.107,-0.030,0.276,10.062,8.737,-17.811,7.666,-16.527,-17.863,-16.237
6.312,-5.209,-0.000,0.909,-0.000,-0.001,0.416,0.037,-0.012,-18.135,0.054,-14.402,-17.307,-13.193,-0.572,-0.614,0.004,0.080,-0.036,0.195,4.696,5.652,-17.671,4.193,-16.659,-17.762,-16.477
6.307,-5.216,-0.000,0.909,0.000,-0.001,0.417,0.033,0.001,-18.310,0.054,-14.570,-17.484,-13.359,-0.561,-0.632,-0.001,0.119,-0.004,0.087,-4.913,-2.705,-17.391,-3.852,-16.861,-17.613,-16.853
6.301,-5.222,-0.000,0.909,0.001,-0.000,0.417,-0.035,-0.047,-18.483,-0.005,-14.740,-17.660,-13.529,-0.560,-0.637,-0.004,0.163,0.018,0.061,-6.984,-5.519,-17.265,-6.659,-17.097,-17.549,-17.053
6.295,-5.228,-0.000,0.909,0.001,0.000,0.417,-0.076,-0.082,-18.656,-0.051,-14.911,-17.835,-13.700,-0.568,-0.632,-0.006,0.191,0.034,0.116,-0.624,-0.899,-17.405,-1.766,-17.152,-17.609,-17.064
6.290,-5.235,-0.000,0.908,0.002,0.001,0.418,-0.048,-0.062,-18.831,-0.036,-15.083,-18.012,-13.870,-0.573,-0.630,-0.005,0.165,0.033,0.148,5.264,4.274,-17.560,3.934,-17.138,-17.638,-17.096
6.284,-5.241,-0.000,0.908,0.003,0.001,0.419,0.003,-0.016,-19.006,0.006,-15.255,-18.188,-14.042,-0.567,-0.637,-0.003,0.108,0.024,0.107,3.873,3.908,-17.504,3.498,-17.293,-17.539,-17.265
6.278,-5.247,-0.000,0.908,0.003,0.002,0.419,0.014,0.001,-19.181,0.019,-15.429,-18.362,-14.216,-0.559,-0.646,-0.003,0.062,0.020,0.048,-1.673,-0.637,-17.332,-0.945,-17.567,-17.390,-17.475
6.273,-5.254,-0.000,0.908,0.003,0.002,0.419,-0.020,-0.022,-19.354,-0.008,-15.606,-18.536,-14.391,-0.558,-0.649,-0.003,0.033,0.022,0.035,-4.124,-3.237,-17.278,-3.609,-17.741,-17.333,-17.598
6.267,-5.260,-0.000,0.908,0.003,0.002,0.419,-0.049,-0.048,-19.527,-0.037,-15.783,-18.709,-14.568,-0.564,-0.646,-0.004,0.009,0.026,0.066,-1.271,-1.384,-17.400,-1.654,-17.731,-17.385,-17.621
6.261,-5.267,-0.001,0.908,0.003,0.002,0.420,-0.042,-0.046,-19.702,-0.036,-15.960,-18.884,-14.744,-0.569,-0.645,-0.006,-0.022,0.029,0.092,2.338,1.539,-17.559,1.606,-17.673,-17.456,-17.629
6.256,-5.273,-0.001,0.907,0.003,0.002,0.420,-0.015,-0.025,-19.878,-0.014,-16.137,-19.058,-14.920,-0.568,-0.648,-0.007,-0.057,0.028,0.083,2.382,2.126,-17.637,2.063,-17.711,-17.477,-17.683
6.250,-5.280,-0.001,0.907,0.003,0.002,0.420,-0.004,-0.012,-20.054,-0.003,-16.315,-19.233,-15.097,-0.564,-0.652,-0.009,-0.083,0.023,0.058,-0.184,0.231,-17.655,0.105,-17.823,-17.466,-17.758
6.244,-5.286,-0.001,0.907,0.002,0.002,0.421,-0.016,-0.020,-20.231,-0.012,-16.493,-19.408,-15.275,-0.563,-0.654,-0.009,-0.096,0.014,0.047,-1.953,-1.429,-17.701,-1.608,-17.903,-17.487,-17.800
6.239,-5.293,-0.001,0.907,0.002,0.002,0.421,-0.033,-0.033,-20.408,-0.027,-16.672,-19.583,-15.453,-0.565,-0.653,-0.009,-0.101,0.001,0.058,-1.098,-0.971,-17.802,-1.157,-17.899,-17.566,-17.793
6.233,-5.299,-0.001,0.907,0.001,0.001,0.421,-0.035,-0.036,-20.587,-0.031,-16.851,-19.759,-15.631,-0.568,-0.652,-0.008,-0.104,-0.015,0.075,0.682,0.345,-17.916,0.338,-17.856,-17.673,-17.769
6.227,-5.306,-0.001,0.907,0.001,0.001,0.422,-0.024,-0.028,-20.767,-0.023,-17.030,-19.936,-15.809,-0.568,-0.652,-0.006,-0.106,-0.032,0.078,1.248,1.041,-17.996,1.008,-17.834,-17.766,-17.769
6.222,-5.312,-0.001,0.907,0.000,0.001,0.422,-0.015,-0.020,-20.947,-0.016,-17.208,-20.114,-15.987,-0.566,-0.655,-0.004,-0.106,-0.047,0.066,0.334,0.437,-18.042,0.425,-17.836,-17.835,-17.799
6.216,-5.319,-0.001,0.907,0.000,0.000,0.422,-0.017,-0.020,-21.127,-0.016,-17.386,-20.293,-16.165,-0.565,-0.657,-0.002,-0.101,-0.058,0.056,-0.612,-0.365,-18.081,-0.358,-17.831,-17.906,-17.837
6.210,-5.325,-0.001,0.906,-0.000,-0.000,0.422,-0.024,-0.025,-21.308,-0.021,-17.564,-20.473,-16.343,-0.565,-0.658,0.000,-0.092,-0.064,0.055,-0.609,-0.469,-18.127,-0.528,-17.800,-17.999,-17.861
6.205,-5.332,-0.001,0.906,-0.001,-0.001,0.423,-0.028,-0.028,-21.490,-0.024,-17.742,-20.653,-16.522,-0.567,-0.658,0.003,-0.084,-0.064,0.063,-0.083,-0.132,-18.178,-0.172,-17.751,-18.108,-17.874
6.199,-5.339,-0.001,0.906,-0.001,-0.001,0.423,-0.026,-0.027,-21.672,-0.024,-17.919,-20.835,-16.701,-0.568,-0.660,0.005,-0.078,-0.058,0.068,0.346,0.249,-18.224,0.204,-17.705,-18.215,-17.889
6.193,-5.345,-0.001,0.906,-0.001,-0.002,0.423,-0.022,-0.024,-21.854,-0.022,-18.096,-21.017,-16.880,-0.569,-0.662,0.006,-0.074,-0.046,0.068,0.283,0.256,-18.264,0.205,-17.670,-18.306,-17.916
6.188,-5.352,-0.001,0.906,-0.001,-0.002,0.424,-0.021,-0.023,-22.037,-0.020,-18.273,-21.201,-17.059,-0.570,-0.664,0.008,-0.070,-0.030,0.064,0.054,0.096,-18.302,0.061,-17.647,-18.382,-17.946
6.182,-5.358,-0.001,0.906,-0.002,-0.002,0.424,-0.021,-0.022,-22.220,-0.020,-18.449,-21.385,-17.239,-0.571,-0.667,0.008,-0.066,-0.011,0.062,-0.088,-0.011,-18.344,-0.052,-17.634,-18.452,-17.968
6.176,-5.365,-0.001,0.906,-0.002,-0.002,0.424,-0.022,-0.022,-22.404,-0.021,-18.626,-21.570,-17.418,-0.572,-0.669,0.008,-0.060,0.009,0.061,-0.093,-0.030,-18.392,-0.074,-17.630,-18.516,-17.978
6.171,-5.372,-0.001,0.905,-0.002,-0.002,0.424,-0.023,-0.023,-22.588,-0.022,-18.802,-21.755,-17.598,-0.573,-0.672,0.007,-0.053,0.026,0.062,-0.043,-0.012,-18.445,-0.043,-17.637,-18.575,-17.974
6.165,-5.379,-0.001,0.905,-0.002,-0.002,0.425,-0.023,-0.023,-22.773,-0.022,-18.978,-21.941,-17.778,-0.575,-0.674,0.006,-0.042,0.040,0.063,-0.009,-0.003,-18.499,-0.021,-17.656,-18.624,-17.958
6.159,-5.385,-0.001,0.905,-0.003,-0.002,0.425,-0.023,-0.023,-22.958,-0.022,-19.155,-22.128,-17.957,-0.576,-0.676,0.005,-0.026,0.049,0.064,0.006,0.002,-18.551,-0.011,-17.686,-18.664,-17.935
6.153,-5.392,-0.000,0.905,-0.003,-0.002,0.425,-0.023,-0.023,-23.144,-0.022,-19.332,-22.314,-18.137,-0.577,-0.678,0.004,-0.007,0.052,0.065,0.008,0.004,-18.595,-0.008,-17.727,-18.694,-17.907
6.148,-5.399,-0.000,0.905,-0.003,-0.002,0.426,-0.023,-0.023,-23.330,-0.022,-19.510,-22.502,-18.315,-0.577,-0.679,0.003,0.016,0.051,0.066,0.006,0.004,-18.629,-0.008,-17.778,-18.715,-17.878
6.142,-5.406,-0.000,0.905,-0.003,-0.001,0.426,-0.023,-0.023,-23.517,-0.022,-19.688,-22.689,-18.494,-0.578,-0.681,0.002,0.043,0.045,0.067,0.002,0.005,-18.648,-0.008,-17.837,-18.727,-17.855
6.136,-5.413,-0.000,0.905,-0.003,-0.001,0.426,-0.023,-0.023,-23.703,-0.022,-19.866,-22.876,-18.673,-0.578,-0.682,0.001,0.073,0.036,0.069,-0.001,0.005,-18.653,-0.008,-17.902,-18.730,-17.841
6.130,-5.419,-0.000,0.904,-0.002,-0.001,0.427,-0.023,-0.022,-23.890,-0.022,-20.046,-23.063,-18.851,-0.578,-0.683,0.001,0.102,0.025,0.070,-0.002,0.006,-18.642,-0.007,-17.973,-18.724,-17.842
6.124,-5.426,-0.000,0.904,-0.002,-0.000,0.427,-0.023,-0.022,-24.076,-0.023,-20.226,-23.250,-19.030,-0.579,-0.684,0.001,0.127,0.013,0.071,-0.001,0.006,-18.618,-0.006,-18.048,-18.710,-17.860
6.119,-5.433,-0.000,0.904,-0.001,-0.000,0.427,-0.023,-0.022,-24.262,-0.023,-20.407,-23.437,-19.208,-0.579,-0.685,0.000,0.147,0.002,0.072,-0.000,0.007,-18.582,-0.005,-18.126,-18.687,-17.896
6.113,-5.440,-0.000,0.904,-0.001,0.000,0.428,-0.023,-0.022,-24.447,-0.023,-20.588,-23.624,-19.387,-0.579,-0.687,0.000,0.160,-0.006,0.073,0.000,0.007,-18.539,-0.004,-18.205,-18.656,-17.952
6.107,-5.447,-0.000,0.904,0.000,0.001,0.428,-0.023,-0.022,-24.633,-0.023,-20.771,-23.811,-19.567,-0.579,-0.688,0.001,0.164,-0.012,0.074,0.001,0.007,-18.494,-0.003,-18.283,-18.618,-18.023
6.101,-5.454,-0.000,0.904,0.001,0.001,0.428,-0.023,-0.022,-24.817,-0.023,-20.954,-23.997,-19.748,-0.579,-0.689,0.001,0.157,-0.014,0.074,0.001,0.006,-18.450,-0.002,-18.358,-18.572,-18.106
6.095,-5.461,-0.000,0.904,0.002,0.001,0.429,-0.023,-0.022,-25.002,-0.023,-21.138,-24.182,-19.929,-0.579,-0.691,0.001,0.142,-0.013,0.074,0.001,0.004,-18.411,-0.001,-18.427,-18.522,-18.196
6.090,-5.467,-0.000,0.903,0.002,0.001,0.429,-0.023,-0.022,-25.186,-0.023,-21.323,-24.367,-20.112,-0.579,-0.692,0.001,0.118,-0.008,0.074,0.000,0.002,-18.381,-0.001,-18.488,-18.471,-18.287
6.084,-5.474,-0.000,0.903,0.003,0.002,0.429,-0.023,-0.022,-25.369,-0.023,-21.508,-24.551,-20.295,-0.579,-0.693,-0.000,0.090,-0.000,0.074,-0.000,0.001,-18.364,-0.001,-18.540,-18.422,-18.373
6.078,-5.481,-0.000,0.903,0.003,0.002,0.430,-0.023,-0.022,-25.553,-0.023,-21.693,-24.735,-20.479,-0.579,-0.694,-0.002,0.057,0.009,0.073,-0.001,-0.001,-18.361,-0.001,-18.584,-18.379,-18.450
6.072,-5.488,-0.000,0.903,0.003,0.002,0.430,-0.023,-0.022,-25.737,-0.023,-21.879,-24.919,-20.664,-0.579,-0.695,-0.004,0.023,0.017,0.072,-0.001,-0.003,-18.373,-0.001,-18.620,-18.346,-18.514
6.067,-5.495,-0.000,0.903,0.003,0.002,0.430,-0.023,-0.022,-25.920,-0.023,-22.066,-25.102,-20.850,-0.579,-0.696,-0.006,-0.011,0.023,0.071,-0.002,-0.004,-18.401,-0.001,-18.648,-18.323,-18.561
6.061,-5.502,-0.001,0.903,0.003,0.002,0.430,-0.023,-0.022,-26.105,-0.023,-22.252,-25.286,-21.035,-0.578,-0.696,-0.008,-0.043,0.026,0.070,-0.002,-0.006,-18.441,-0.001,-18.670,-18.315,-18.591
6.055,-5.509,-0.001,0.902,0.003,0.002,0.431,-0.023,-0.022,-26.289,-0.023,-22.439,-25.469,-21.221,-0.578,-0.696,-0.009,-0.070,0.025,0.069,-0.002,-0.006,-18.493,-0.001,-18.684,-18.320,-18.606
6.049,-5.516,-0.001,0.902,0.002,0.002,0.431,-0.023,-0.022,-26.475,-0.023,-22.626,-25.652,-21.407,-0.577,-0.696,-0.010,-0.091,0.018,0.067,-0.001,-0.007,-18.550,-0.001,-18.689,-18.340,-18.606
6.043,-5.523,-0.001,0.902,0.002,0.002,0.431,-0.023,-0.022,-26.660,-0.023,-22.813,-25.836,-21.593,-0.576,-0.696,-0.010,-0.104,0.007,0.067,-0.001,-0.007,-18.610,-0.001,-18.684,-18.373,-18.595
6.038,-5.530,-0.001,0.902,0.001,0.002,0.432,-0.023,-0.022,-26.847,-0.023,-23.000,-26.020,-21.779,-0.575,-0.696,-0.009,-0.109,-0.009,0.066,-0.001,-0.007,-18.667,-0.001,-18.667,-18.418,-18.578
6.032,-5.537,-0.001,0.902,0.001,0.001,0.432,-0.023,-0.023,-27.034,-0.023,-23.186,-26.204,-21.965,-0.574,-0.695,-0.008,-0.109,-0.026,0.065,-0.001,-0.007,-18.718,-0.001,-18.638,-18.474,-18.559
6.026,-5.544,-0.001,0.902,0.000,0.001,0.432,-0.023,-0.023,-27.221,-0.023,-23.372,-26.389,-22.150,-0.573,-0.695,-0.005,-0.105,-0.042,0.065,-0.001,-0.006,-18.761,-0.000,-18.599,-18.540,-18.543
6.020,-5.551,-0.001,0.902,0.000,0.000,0.433,-0.023,-0.023,-27.409,-0.023,-23.558,-26.575,-22.336,-0.572,-0.695,-0.003,-0.099,-0.055,0.065,-0.000,-0.006,-18.795,-0.000,-18.550,-18.612,-18.532
6.015,-5.558,-0.001,0.901,-0.000,-0.000,0.433,-0.023,-0.023,-27.597,-0.023,-23.743,-26.761,-22.521,-0.572,-0.695,-0.000,-0.092,-0.063,0.065,-0.000,-0.005,-18.822,0.000,-18.494,-18.689,-18.529
6.009,-5.565,-0.001,0.901,-0.000,-0.001,0.433,-0.023,-0.023,-27.785,-0.023,-23.928,-26.949,-22.706,-0.572,-0.696,0.002,-0.085,-0.065,0.065,-0.000,-0.004,-18.844,0.000,-18.433,-18.766,-18.531
6.003,-5.572,-0.001,0.901,-0.001,-0.001,0.433,-0.023,-0.023,-27.974,-0.023,-24.112,-27.137,-22.892,-0.572,-0.697,0.005,-0.078,-0.060,0.065,0.000,-0.003,-18.863,0.001,-18.371,-18.842,-18.538
5.998,-5.579,-0.001,0.901,-0.001,-0.001,0.434,-0.023,-0.023,-28.163,-0.023,-24.295,-27.325,-23.077,-0.572,-0.698,0.007,-0.073,-0.050,0.065,0.000,-0.002,-18.882,0.001,-18.311,-18.914,-18.546
5.992,-5.586,-0.001,0.901,-0.001,-0.002,0.434,-0.023,-0.023,-28.351,-0.023,-24.478,-27.515,-23.263,-0.572,-0.700,0.008,-0.069,-0.035,0.066,0.000,-0.001,-18.904,0.001,-18.259,-18.980,-18.552
5.986,-5.593,-0.001,0.901,-0.001,-0.002,0.434,-0.023,-0.023,-28.541,-0.023,-24.661,-27.705,-23.448,-0.573,-0.701,0.008,-0.066,-0.017,0.066,0.000,-0.000,-18.930,0.000,-18.216,-19.038,-18.552
5.980,-5.600,-0.001,0.901,-0.002,-0.002,0.435,-0.023,-0.023,-28.730,-0.023,-24.843,-27.896,-23.634,-0.574,-0.703,0.008,-0.062,0.003,0.067,0.000,0.001,-18.961,-0.000,-18.186,-19.090,-18.543
5.975,-5.607,-0.001,0.900,-0.002,-0.002,0.435,-0.023,-0.023,-28.920,-0.023,-25.024,-28.087,-23.819,-0.574,-0.705,0.008,-0.056,0.021,0.067,0.000,0.001,-18.997,-0.001,-18.170,-19.133,-18.524
5.969,-5.614,-0.001,0.900,-0.002,-0.002,0.435,-0.023,-0.023,-29.110,-0.023,-25.206,-28.278,-24.004,-0.575,-0.707,0.007,-0.046,0.035,0.067,0.000,0.002,-19.033,-0.001,-18.167,-19.168,-18.495
5.963,-5.621,-0.001,0.900,-0.002,-0.002,0.436,-0.023,-0.023,-29.300,-0.023,-25.388,-28.470,-24.189,-0.576,-0.708,0.006,-0.030,0.045,0.068,0.000,0.003,-19.067,-0.002,-18.178,-19.194,-18.456
5.957,-5.628,-0.000,0.900,-0.003,-0.002,0.436,-0.023,-0.023,-29.491,-0.023,-25.570,-28.662,-24.373,-0.576,-0.710,0.005,-0.010,0.049,0.069,-0.000,0.004,-19.094,-0.003,-18.201,-19.211,-18.411
5.952,-5.635,-0.000,0.900,-0.003,-0.002,0.436,-0.023,-0.023,-29.682,-0.023,-25.752,-28.854,-24.557,-0.576,-0.711,0.004,0.015,0.049,0.069,-0.000,0.004,-19.110,-0.003,-18.236,-19.218,-18.367
5.946,-5.642,-0.000,0.900,-0.003,-0.002,0.436,-0.023,-0.023,-29.873,-0.023,-25.934,-29.046,-24.741,-0.576,-0.712,0.003,0.044,0.045,0.070,0.000,0.005,-19.112,-0.004,-18.280,-19.216,-18.327
5.940,-5.649,-0.000,0.900,-0.003,-0.001,0.437,-0.023,-0.023,-30.065,-0.023,-26.117,-29.239,-24.924,-0.576,-0.713,0.002,0.076,0.038,0.071,0.000,0.006,-19.098,-0.004,-18.333,-19.203,-18.297
5.934,-5.656,-0.000,0.899,-0.002,-0.001,0.437,-0.023,-0.023,-30.255,-0.023,-26.301,-29.430,-25.107,-0.576,-0.714,0.002,0.107,0.028,0.073,0.001,0.007,-19.071,-0.004,-18.393,-19.181,-18.283
5.929,-5.664,-0.000,0.899,-0.002,-0.000,0.437,-0.023,-0.022,-30.446,-0.023,-26.485,-29.622,-25.289,-0.576,-0.714,0.001,0.134,0.018,0.074,0.001,0.007,-19.030,-0.003,-18.459,-19.149,-18.287
5.923,-5.671,-0.000,0.899,-0.001,-0.000,0.438,-0.023,-0.022,-30.636,-0.023,-26.670,-29.813,-25.472,-0.576,-0.715,0.001,0.155,0.009,0.075,0.001,0.008,-18.980,-0.003,-18.529,-19.107,-18.311
5.917,-5.678,-0.000,0.899,-0.000,0.000,0.438,-0.023,-0.022,-30.825,-0.023,-26.856,-30.004,-25.656,-0.576,-0.716,0.001,0.166,0.002,0.076,0.001,0.007,-18.924,-0.002,-18.601,-19.056,-18.355
5.911,-5.685,-0.000,0.899,0.000,0.001,0.438,-0.023,-0.022,-31.014,-0.023,-27.042,-30.194,-25.840,-0.575,-0.717,0.000,0.167,-0.004,0.076,0.001,0.007,-18.867,-0.001,-18.674,-18.997,-18.414
5.906,-5.692,-0.000,0.899,0.001,0.001,0.439,-0.023,-0.022,-31.203,-0.023,-27.229,-30.384,-26.024,-0.575,-0.718,0.000,0.157,-0.006,0.077,0.001,0.005,-18.813,-0.000,-18.742,-18.930,-18.485
5.900,-5.699,-0.000,0.898,0.002,0.001,0.439,-0.023,-0.022,-31.391,-0.023,-27.417,-30.573,-26.209,-0.574,-0.719,-0.000,0.137,-0.006,0.077,0.001,0.004,-18.766,0.000,-18.803,-18.861,-18.563
5.894,-5.707,-0.000,0.898,0.002,0.002,0.439,-0.023,-0.022,-31.578,-0.023,-27.605,-30.761,-26.395,-0.574,-0.719,-0.001,0.110,-0.003,0.076,0.000,0.002,-18.730,0.001,-18.854,-18.793,-18.640
5.888,-5.714,-0.000,0.898,0.003,0.002,0.440,-0.023,-0.022,-31.765,-0.023,-27.794,-30.949,-26.582,-0.573,-0.720,-0.002,0.078,0.003,0.075,-0.000,-0.000,-18.708,0.001,-18.895,-18.731,-18.713
5.883,-5.721,-0.000,0.898,0.003,0.002,0.440,-0.023,-0.022,-31.952,-0.023,-27.983,-31.136,-26.770,-0.573,-0.720,-0.004,0.043,0.010,0.075,-0.001,-0.002,-18.701,0.000,-18.926,-18.678,-18.776
5.877,-5.728,-0.000,0.898,0.003,0.002,0.440,-0.023,-0.022,-32.139,-0.023,-28.173,-31.323,-26.958,-0.572,-0.721,-0.006,0.007,0.016,0.073,-0.001,-0.004,-18.709,0.000,-18.948,-18.638,-18.825
5.871,-5.735,-0.000,0.898,0.003,0.002,0.441,-0.023,-0.022,-32.327,-0.023,-28.362,-31.509,-27.146,-0.571,-0.721,-0.008,-0.027,0.020,0.072,-0.002,-0.005,-18.733,-0.000,-18.962,-18.613,-18.858
5.865,-5.743,-0.001,0.897,0.003,0.002,0.441,-0.023,-0.022,-32.514,-0.023,-28.552,-31.695,-27.335,-0.570,-0.721,-0.009,-0.058,0.021,0.071,-0.002,-0.006,-18.770,-0.000,-18.969,-18.603,-18.875
5.860,-5.750,-0.001,0.897,0.002,0.002,0.441,-0.023,-0.022,-32.702,-0.023,-28.742,-31.881,-27.523,-0.569,-0.720,-0.010,-0.083,0.018,0.070,-0.001,-0.007,-18.815,-0.000,-18.968,-18.610,-18.876
5.854,-5.757,-0.001,0.897,0.002,0.002,0.442,-0.023,-0.022,-32.890,-0.023,-28.931,-32.067,-27.712,-0.568,-0.720,-0.011,-0.099,0.010,0.069,-0.001,-0.007,-18.865,-0.000,-18.957,-18.630,-18.864
5.848,-5.764,-0.001,0.897,0.002,0.002,0.442,-0.023,-0.022,-33.079,-0.023,-29.121,-32.254,-27.901,-0.567,-0.719,-0.010,-0.107,-0.003,0.068,-0.001,-0.007,-18.914,-0.000,-18.937,-18.664,-18.843
5.843,-5.771,-0.001,0.897,0.001,0.001,0.442,-0.023,-0.023,-33.269,-0.023,-29.310,-32.440,-28.089,-0.566,-0.718,-0.009,-0.108,-0.019,0.067,-0.001,-0.007,-18.959,0.000,-18.906,-18.710,-18.817
5.837,-5.779,-0.001,0.897,0.001,0.001,0.443,-0.056,-0.047,-33.459,-0.049,-29.499,-32.628,-28.277,-0.567,-0.715,-0.007,-0.100,-0.035,0.088,-5.275,-4.099,-19.059,-4.289,-18.850,-18.789,-18.731
5.831,-5.786,-0.001,0.896,0.000,0.001,0.443,-0.100,-0.085,-33.650,-0.089,-29.686,-32.817,-28.463,-0.574,-0.707,-0.004,-0.086,-0.048,0.154,-2.788,-2.777,-19.217,-2.986,-18.661,-18.969,-18.564
5.826,-5.793,-0.001,0.896,0.000,0.000,0.444,-0.102,-0.093,-33.843,-0.096,-29.872,-33.007,-28.648,-0.582,-0.699,-0.002,-0.079,-0.058,0.224,2.232,1.186,-19.355,1.460,-18.445,-19.177,-18.383
5.820,-5.800,-0.001,0.895,-0.000,-0.000,0.445,-0.068,-0.069,-34.037,-0.069,-30.056,-33.200,-28.831,-0.582,-0.699,0.001,-0.084,-0.062,0.238,3.715,2.845,-19.392,3.309,-18.333,-19.294,-18.323
5.814,-5.807,-0.001,0.895,-0.000,-0.001,0.446,-0.044,-0.050,-34.231,-0.045,-30.239,-33.393,-29.015,-0.574,-0.705,0.004,-0.088,-0.061,0.199,0.595,0.771,-19.360,1.074,-18.309,-19.301,-18.384
5.808,-5.814,-0.001,0.895,-0.001,-0.001,0.447,-0.056,-0.056,-34.424,-0.050,-30.422,-33.586,-29.199,-0.569,-0.710,0.006,-0.082,-0.054,0.167,-2.401,-1.779,-19.342,-1.836,-18.276,-19.298,-18.450
5.803,-5.821,-0.001,0.894,-0.001,-0.002,0.448,-0.080,-0.076,-34.618,-0.072,-30.604,-33.779,-29.384,-0.570,-0.710,0.007,-0.069,-0.043,0.180,-1.987,-1.752,-19.372,-1.989,-18.190,-19.367,-18.431
5.797,-5.828,-0.001,0.894,-0.001,-0.002,0.449,-0.088,-0.084,-34.812,-0.082,-30.786,-33.973,-29.567,-0.574,-0.708,0.008,-0.061,-0.029,0.215,0.465,0.070,-19.425,0.019,-18.094,-19.478,-18.353
5.791,-5.835,-0.001,0.893,-0.001,-0.002,0.450,-0.075,-0.076,-35.006,-0.073,-30.966,-34.169,-29.751,-0.575,-0.709,0.009,-0.061,-0.012,0.231,1.840,1.406,-19.456,1.464,-18.036,-19.555,-18.302
5.785,-5.842,-0.001,0.893,-0.002,-0.002,0.451,-0.060,-0.063,-35.201,-0.060,-31.146,-34.364,-29.934,-0.572,-0.713,0.008,-0.063,0.006,0.216,0.835,0.842,-19.462,0.806,-18.014,-19.575,-18.309
5.780,-5.849,-0.001,0.892,-0.002,-0.002,0.452,-0.060,-0.062,-35.395,-0.060,-31.326,-34.560,-30.117,-0.569,-0.717,0.008,-0.057,0.020,0.198,-0.764,-0.427,-19.469,-0.587,-18.003,-19.574,-18.323
5.774,-5.857,-0.001,0.892,-0.002,-0.002,0.452,-0.071,-0.069,-35.590,-0.069,-31.506,-34.756,-30.300,-0.569,-0.720,0.007,-0.042,0.031,0.198,-1.148,-0.890,-19.497,-1.099,-17.988,-19.596,-18.291
5.768,-5.864,-0.001,0.891,-0.002,-0.002,0.453,-0.079,-0.076,-35.785,-0.077,-31.686,-34.952,-30.483,-0.570,-0.720,0.007,-0.020,0.038,0.213,-0.252,-0.306,-19.538,-0.410,-17.978,-19.635,-18.217
5.763,-5.871,-0.000,0.891,-0.003,-0.002,0.454,-0.076,-0.075,-35.981,-0.076,-31.866,-35.148,-30.664,-0.571,-0.721,0.006,0.003,0.041,0.225,0.659,0.392,-19.568,0.448,-17.987,-19.663,-18.141
5.757,-5.878,-0.000,0.890,-0.003,-0.002,0.455,-0.069,-0.070,-36.177,-0.071,-32.046,-35.345,-30.846,-0.569,-0.723,0.005,0.029,0.041,0.225,0.571,0.476,-19.567,0.477,-18.016,-19.664,-18.093
5.751,-5.885,-0.000,0.890,-0.002,-0.002,0.456,-0.066,-0.067,-36.372,-0.068,-32.226,-35.542,-31.026,-0.567,-0.725,0.004,0.059,0.039,0.219,0.037,0.133,-19.539,0.094,-18.062,-19.643,-18.069
5.746,-5.893,-0.000,0.889,-0.002,-0.001,0.457,-0.068,-0.067,-36.567,-0.069,-32.407,-35.738,-31.207,-0.565,-0.728,0.004,0.091,0.035,0.216,-0.367,-0.204,-19.500,-0.252,-18.117,-19.614,-18.053
5.740,-5.900,-0.000,0.889,-0.002,-0.001,0.458,-0.071,-0.069,-36.762,-0.072,-32.589,-35.934,-31.387,-0.564,-0.729,0.003,0.122,0.031,0.218,-0.239,-0.148,-19.462,-0.218,-18.175,-19.582,-18.041
5.734,-5.907,-0.000,0.888,-0.001,-0.000,0.459,-0.073,-0.070,-36.956,-0.073,-32.771,-36.130,-31.568,-0.564,-0.731,0.003,0.147,0.026,0.223,-0.025,-0.035,-19.420,-0.071,-18.236,-19.541,-18.040
5.729,-5.915,-0.000,0.888,-0.001,0.000,0.460,-0.072,-0.070,-37.150,-0.073,-32.954,-36.325,-31.748,-0.563,-0.732,0.002,0.162,0.022,0.226,0.102,0.050,-19.374,0.034,-18.304,-19.488,-18.059
5.723,-5.922,-0.000,0.887,0.000,0.001,0.461,-0.071,-0.069,-37.344,-0.073,-33.137,-36.519,-31.929,-0.561,-0.734,0.001,0.166,0.018,0.228,0.088,0.055,-19.323,0.031,-18.376,-19.422,-18.097
5.717,-5.929,-0.000,0.887,0.001,0.001,0.462,-0.070,-0.069,-37.537,-0.073,-33.321,-36.713,-32.110,-0.560,-0.735,-0.001,0.158,0.014,0.228,0.033,0.027,-19.272,0.013,-18.449,-19.345,-18.150
5.712,-5.937,-0.000,0.886,0.001,0.001,0.463,-0.070,-0.069,-37.729,-0.073,-33.506,-36.906,-32.292,-0.558,-0.737,-0.002,0.139,0.011,0.227,0.001,0.012,-19.227,0.004,-18.516,-19.263,-18.210
5.706,-5.944,-0.000,0.886,0.002,0.002,0.464,-0.070,-0.069,-37.921,-0.073,-33.691,-37.098,-32.474,-0.556,-0.738,-0.003,0.111,0.008,0.226,-0.011,0.005,-19.191,0.000,-18.572,-19.183,-18.272
5.701,-5.951,-0.000,0.885,0.002,0.002,0.465,-0.070,-0.069,-38.113,-0.073,-33.877,-37.290,-32.657,-0.554,-0.739,-0.004,0.078,0.008,0.225,-0.012,0.002,-19.168,-0.000,-18.615,-19.109,-18.333
5.695,-5.959,-0.000,0.885,0.003,0.002,0.466,-0.071,-0.069,-38.305,-0.073,-34.064,-37.481,-32.841,-0.552,-0.740,-0.006,0.043,0.009,0.224,-0.008,-0.001,-19.159,-0.000,-18.644,-19.048,-18.387
5.690,-5.966,-0.000,0.884,0.003,0.002,0.467,-0.071,-0.069,-38.496,-0.073,-34.250,-37.671,-33.025,-0.550,-0.741,-0.008,0.007,0.009,0.223,-0.003,-0.002,-19.164,-0.000,-18.661,-19.001,-18.431
5.684,-5.974,-0.000,0.884,0.003,0.002,0.468,-0.071,-0.069,-38.688,-0.073,-34.437,-37.861,-33.210,-0.547,-0.741,-0.010,-0.027,0.009,0.222,-0.001,-0.003,-19.182,-0.000,-18.667,-18.972,-18.462
5.679,-5.981,-0.001,0.883,0.002,0.002,0.469,-0.071,-0.069,-38.880,-0.073,-34.623,-38.050,-33.394,-0.545,-0.741,-0.011,-0.056,0.008,0.220,0.000,-0.004,-19.212,-0.000,-18.665,-18.961,-18.480
5.673,-5.988,-0.001,0.883,0.002,0.002,0.470,-0.071,-0.069,-39.072,-0.073,-34.810,-38.240,-33.579,-0.542,-0.741,-0.012,-0.080,0.004,0.219,0.000,-0.005,-19.249,-0.000,-18.654,-18.968,-18.485
5.668,-5.996,-0.001,0.882,0.002,0.002,0.471,-0.071,-0.069,-39.265,-0.073,-34.996,-38.430,-33.764,-0.540,-0.741,-0.012,-0.094,-0.002,0.217,-0.000,-0.005,-19.289,-0.000,-18.635,-18.990,-18.477
5.662,-6.003,-0.001,0.882,0.001,0.002,0.472,-0.071,-0.069,-39.458,-0.073,-35.183,-38.620,-33.949,-0.537,-0.741,-0.011,-0.101,-0.011,0.216,-0.000,-0.005,-19.329,-0.000,-18.610,-19.026,-18.459
5.657,-6.011,-0.001,0.881,0.001,0.001,0.473,-0.071,-0.069,-39.652,-0.073,-35.369,-38.810,-34.133,-0.535,-0.741,-0.009,-0.099,-0.022,0.215,-0.000,-0.005,-19.363,0.000,-18.577,-19.072,-18.436
5.652,-6.018,-0.001,0.881,0.000,0.001,0.474,-0.071,-0.069,-39.845,-0.073,-35.554,-39.001,-34.317,-0.533,-0.741,-0.007,-0.093,-0.032,0.214,-0.000,-0.004,-19.391,0.001,-18.539,-19.126,-18.412
5.646,-6.025,-0.001,0.880,0.000,0.001,0.475,-0.071,-0.069,-40.040,-0.073,-35.739,-39.193,-34.501,-0.530,-0.741,-0.005,-0.084,-0.041,0.214,-0.000,-0.004,-19.411,0.001,-18.495,-19.184,-18.391
5.641,-6.033,-0.001,0.880,-0.000,0.000,0.476,-0.071,-0.069,-40.234,-0.073,-35.924,-39.385,-34.685,-0.528,-0.741,-0.002,-0.075,-0.048,0.214,0.000,-0.003,-19.423,0.002,-18.446,-19.243,-18.374
5.636,-6.040,-0.001,0.879,-0.000,-0.000,0.477,-0.071,-0.069,-40.428,-0.073,-36.108,-39.578,-34.869,-0.526,-0.742,0.001,-0.066,-0.051,0.214,0.000,-0.002,-19.430,0.002,-18.393,-19.300,-18.364
5.631,-6.048,-0.001,0.879,-0.000,-0.001,0.478,-0.071,-0.069,-40.622,-0.073,-36.292,-39.771,-35.053,-0.525,-0.743,0.003,-0.059,-0.052,0.214,0.001,-0.001,-19.434,0.003,-18.336,-19.354,-18.360
5.625,-6.055,-0.001,0.878,-0.001,-0.001,0.479,-0.071,-0.069,-40.817,-0.073,-36.475,-39.965,-35.236,-0.523,-0.744,0.005,-0.055,-0.049,0.215,0.001,0.000,-19.437,0.003,-18.276,-19.403,-18.360
5.620,-6.063,-0.001,0.877,-0.001,-0.001,0.480,-0.071,-0.069,-41.011,-0.073,-36.658,-40.159,-35.420,-0.522,-0.746,0.007,-0.054,-0.043,0.215,0.001,0.001,-19.442,0.003,-18.217,-19.447,-18.363
5.615,-6.070,-0.001,0.877,-0.001,-0.002,0.481,-0.071,-0.069,-41.205,-0.073,-36.839,-40.354,-35.603,-0.521,-0.748,0.008,-0.055,-0.035,0.215,0.001,0.002,-19.449,0.003,-18.160,-19.487,-18.365
5.610,-6.078,-0.001,0.876,-0.001,-0.002,0.481,-0.071,-0.069,-41.400,-0.073,-37.021,-40.549,-35.787,-0.520,-0.750,0.009,-0.056,-0.025,0.216,0.001,0.003,-19.461,0.003,-18.107,-19.524,-18.363
5.605,-6.085,-0.001,0.876,-0.001,-0.002,0.482,-0.071,-0.069,-41.595,-0.072,-37.202,-40.744,-35.971,-0.519,-0.752,0.009,-0.057,-0.014,0.216,0.001,0.003,-19.476,0.002,-18.063,-19.559,-18.356
5.599,-6.093,-0.001,0.875,-0.001,-0.002,0.483,-0.071,-0.069,-41.790,-0.072,-37.382,-40.940,-36.154,-0.518,-0.754,0.009,-0.054,-0.003,0.216,0.001,0.004,-19.493,0.002,-18.028,-19.592,-18.342
5.594,-6.100,-0.001,0.875,-0.002,-0.002,0.484,-0.071,-0.069,-41.985,-0.072,-37.562,-41.136,-36.337,-0.518,-0.757,0.009,-0.046,0.007,0.217,0.001,0.004,-19.509,0.001,-18.005,-19.623,-18.318
5.589,-6.108,-0.001,0.874,-0.002,-0.002,0.485,-0.071,-0.069,-42.180,-0.072,-37.742,-41.332,-36.520,-0.517,-0.759,0.009,-0.031,0.016,0.217,0.001,0.004,-19.522,0.000,-17.994,-19.649,-18.287
5.584,-6.115,-0.000,0.874,-0.002,-0.002,0.486,-0.071,-0.069,-42.375,-0.072,-37.922,-41.529,-36.703,-0.516,-0.761,0.009,-0.011,0.024,0.218,0.000,0.005,-19.526,-0.001,-17.996,-19.669,-18.250
5.579,-6.123,-0.000,0.873,-0.002,-0.002,0.487,-0.071,-0.069,-42.570,-0.072,-38.102,-41.726,-36.885,-0.515,-0.763,0.008,0.015,0.030,0.218,0.000,0.005,-19.521,-0.001,-18.012,-19.680,-18.211
5.574,-6.131,-0.000,0.873,-0.002,-0.002,0.488,-0.071,-0.069,-42.765,-0.072,-38.282,-41.922,-37.067,-0.514,-0.765,0.008,0.045,0.036,0.219,0.000,0.006,-19.504,-0.002,-18.042,-19.679,-18.174
5.568,-6.138,-0.000,0.872,-0.002,-0.002,0.489,-0.071,-0.069,-42.960,-0.073,-38.463,-42.119,-37.249,-0.513,-0.768,0.007,0.076,0.041,0.220,0.000,0.006,-19.478,-0.003,-18.085,-19.664,-18.142
5.563,-6.146,-0.000,0.872,-0.002,-0.001,0.490,-0.071,-0.069,-43.155,-0.073,-38.644,-42.316,-37.430,-0.512,-0.770,0.006,0.106,0.045,0.222,0.000,0.007,-19.445,-0.003,-18.140,-19.635,-18.121
5.558,-6.154,-0.000,0.871,-0.001,-0.001,0.491,-0.071,-0.069,-43.349,-0.073,-38.826,-42.512,-37.611,-0.511,-0.772,0.005,0.131,0.049,0.223,0.000,0.007,-19.407,-0.003,-18.205,-19.590,-18.113
5.553,-6.161,-0.000,0.871,-0.001,-0.000,0.492,-0.071,-0.069,-43.543,-0.073,-39.008,-42.707,-37.793,-0.510,-0.774,0.003,0.148,0.050,0.224,0.001,0.007,-19.368,-0.003,-18.280,-19.529,-18.118
5.548,-6.169,-0.000,0.870,-0.000,0.000,0.493,-0.071,-0.069,-43.737,-0.073,-39.191,-42.902,-37.974,-0.508,-0.775,0.001,0.155,0.049,0.225,0.000,0.006,-19.330,-0.002,-18.360,-19.456,-18.137
5.543,-6.177,-0.000,0.869,0.000,0.001,0.494,-0.071,-0.069,-43.930,-0.073,-39.375,-43.097,-38.155,-0.507,-0.777,-0.001,0.149,0.045,0.226,0.000,0.005,-19.296,-0.001,-18.442,-19.373,-18.166
5.538,-6.185,-0.000,0.869,0.001,0.001,0.495,-0.071,-0.068,-44.122,-0.073,-39.560,-43.290,-38.337,-0.505,-0.778,-0.003,0.130,0.037,0.226,0.000,0.003,-19.266,-0.001,-18.518,-19.284,-18.202
5.533,-6.192,-0.000,0.868,0.001,0.002,0.496,-0.071,-0.068,-44.315,-0.073,-39.746,-43.482,-38.519,-0.502,-0.779,-0.005,0.102,0.027,0.225,-0.000,0.001,-19.244,-0.001,-18.583,-19.196,-18.243
5.528,-6.200,-0.000,0.868,0.002,0.002,0.497,-0.071,-0.068,-44.507,-0.073,-39.932,-43.674,-38.702,-0.500,-0.780,-0.007,0.070,0.017,0.225,-0.001,-0.001,-19.232,-0.001,-18.632,-19.117,-18.286
5.523,-6.208,-0.000,0.867,0.002,0.002,0.498,-0.071,-0.068,-44.700,-0.073,-40.118,-43.865,-38.885,-0.498,-0.780,-0.009,0.037,0.010,0.224,-0.001,-0.003,-19.231,-0.001,-18.665,-19.053,-18.327
5.518,-6.216,-0.000,0.867,0.002,0.002,0.499,-0.071,-0.068,-44.892,-0.073,-40.305,-44.055,-39.069,-0.495,-0.780,-0.011,0.005,0.002,0.223,-0.001,-0.004,-19.240,-0.001,-18.681,-19.007,-18.365
5.513,-6.224,-0.000,0.866,0.002,0.002,0.500,-0.071,-0.069,-45.084,-0.073,-40.492,-44.245,-39.252,-0.493,-0.780,-0.012,-0.025,-0.004,0.221,-0.001,-0.005,-19.258,-0.001,-18.684,-18.981,-18.395
5.508,-6.231,-0.001,0.866,0.002,0.002,0.501,-0.071,-0.069,-45.277,-0.073,-40.679,-44.435,-39.436,-0.490,-0.779,-0.013,-0.051,-0.011,0.220,-0.001,-0.006,-19.283,-0.001,-18.675,-18.974,-18.417
5.503,-6.239,-0.001,0.865,0.002,0.002,0.502,-0.071,-0.069,-45.470,-0.073,-40.865,-44.624,-39.621,-0.488,-0.779,-0.013,-0.071,-0.016,0.219,-0.001,-0.006,-19.314,-0.001,-18.657,-18.987,-18.430
5.498,-6.247,-0.001,0.864,0.001,0.002,0.503,-0.071,-0.069,-45.663,-0.073,-41.052,-44.814,-39.805,-0.485,-0.778,-0.013,-0.083,-0.022,0.217,-0.001,-0.006,-19.345,-0.001,-18.633,-19.017,-18.434
5.493,-6.255,-0.001,0.864,0.001,0.001,0.504,-0.071,-0.069,-45.857,-0.073,-41.238,-45.005,-39.989,-0.482,-0.778,-0.011,-0.088,-0.027,0.216,-0.001,-0.006,-19.374,-0.001,-18.604,-19.059,-18.430
5.489,-6.263,-0.001,0.863,0.001,0.001,0.505,-0.071,-0.069,-46.051,-0.073,-41.424,-45.196,-40.174,-0.480,-0.777,-0.009,-0.085,-0.031,0.215,-0.000,-0.006,-19.399,-0.000,-18.572,-19.111,-18.420
5.484,-6.270,-0.001,0.863,0.000,0.001,0.505,-0.071,-0.069,-46.245,-0.073,-41.609,-45.387,-40.358,-0.478,-0.777,-0.007,-0.078,-0.034,0.215,-0.000,-0.005,-19.417,0.000,-18.537,-19.167,-18.407
5.479,-6.278,-0.001,0.862,0.000,0.000,0.506,-0.071,-0.069,-46.439,-0.073,-41.795,-45.579,-40.542,-0.475,-0.777,-0.005,-0.069,-0.036,0.214,0.000,-0.004,-19.430,0.001,-18.501,-19.224,-18.394
5.474,-6.286,-0.001,0.862,-0.000,0.000,0.507,-0.071,-0.069,-46.634,-0.073,-41.980,-45.771,-40.726,-0.473,-0.777,-0.002,-0.059,-0.037,0.214,0.000,-0.003,-19.437,0.002,-18.463,-19.278,-18.382
5.470,-6.294,-0.001,0.861,-0.000,-0.000,0.508,-0.071,-0.069,-46.828,-0.073,-42.164,-45.964,-40.909,-0.471,-0.778,0.000,-0.050,-0.038,0.214,0.001,-0.002,-19.441,0.003,-18.423,-19.328,-18.374
5.465,-6.301,-0.001,0.861,-0.000,-0.000,0.509,-0.071,-0.069,-47.022,-0.073,-42.348,-46.158,-41.093,-0.470,-0.779,0.003,-0.044,-0.038,0.214,0.001,-0.001,-19.442,0.003,-18.379,-19.371,-18.370
5.460,-6.309,-0.001,0.860,-0.000,-0.001,0.510,-0.071,-0.069,-47.217,-0.073,-42.532,-46.352,-41.277,-0.468,-0.780,0.004,-0.042,-0.037,0.215,0.001,-0.000,-19.444,0.003,-18.333,-19.409,-18.370
5.456,-6.317,-0.001,0.860,-0.000,-0.001,0.511,-0.071,-0.069,-47.411,-0.073,-42.715,-46.546,-41.461,-0.467,-0.781,0.006,-0.043,-0.036,0.215,0.001,0.001,-19.447,0.004,-18.283,-19.441,-18.372
5.451,-6.325,-0.001,0.859,-0.001,-0.001,0.512,-0.071,-0.069,-47.606,-0.073,-42.897,-46.741,-41.644,-0.465,-0.783,0.007,-0.045,-0.035,0.215,0.001,0.002,-19.451,0.003,-18.231,-19.470,-18.375
5.446,-6.333,-0.001,0.858,-0.001,-0.002,0.513,-0.071,-0.069,-47.800,-0.073,-43.079,-46.936,-41.828,-0.464,-0.785,0.008,-0.049,-0.032,0.216,0.001,0.002,-19.457,0.003,-18.178,-19.499,-18.377
5.442,-6.341,-0.001,0.858,-0.001,-0.002,0.514,-0.071,-0.069,-47.995,-0.073,-43.261,-47.131,-42.012,-0.463,-0.787,0.009,-0.051,-0.029,0.216,0.001,0.003,-19.465,0.003,-18.128,-19.529,-18.377
5.437,-6.348,-0.001,0.857,-0.001,-0.002,0.515,-0.071,-0.069,-48.190,-0.072,-43.442,-47.326,-42.196,-0.462,-0.789,0.010,-0.051,-0.024,0.216,0.001,0.003,-19.474,0.002,-18.084,-19.561,-18.372
5.432,-6.356,-0.001,0.857,-0.001,-0.002,0.516,-0.071,-0.069,-48.384,-0.072,-43.622,-47.522,-42.379,-0.461,-0.791,0.010,-0.045,-0.017,0.217,0.001,0.004,-19.480,0.002,-18.048,-19.594,-18.362
5.428,-6.364,-0.001,0.856,-0.001,-0.002,0.517,-0.071,-0.069,-48.579,-0.072,-43.803,-47.718,-42.563,-0.460,-0.793,0.011,-0.034,-0.009,0.217,0.001,0.004,-19.482,0.001,-18.023,-19.627,-18.346
5.423,-6.372,-0.001,0.856,-0.001,-0.003,0.517,-0.071,-0.069,-48.774,-0.072,-43.983,-47.914,-42.746,-0.459,-0.796,0.011,-0.016,0.001,0.217,0.000,0.004,-19.478,0.001,-18.010,-19.655,-18.325
5.419,-6.380,-0.000,0.855,-0.001,-0.002,0.518,-0.071,-0.069,-48.969,-0.072,-44.163,-48.111,-42.929,-0.459,-0.798,0.011,0.006,0.013,0.218,0.000,0.005,-19.467,-0.000,-18.012,-19.676,-18.298
5.414,-6.388,-0.000,0.855,-0.001,-0.002,0.519,-0.071,-0.069,-49.163,-0.072,-44.343,-48.308,-43.112,-0.458,-0.801,0.011,0.032,0.026,0.219,0.000,0.005,-19.448,-0.001,-18.030,-19.685,-18.270
5.409,-6.396,-0.000,0.854,-0.001,-0.002,0.520,-0.071,-0.069,-49.358,-0.072,-44.524,-48.505,-43.295,-0.457,-0.803,0.011,0.060,0.040,0.220,0.000,0.005,-19.423,-0.002,-18.063,-19.679,-18.242
5.405,-6.404,-0.000,0.853,-0.001,-0.002,0.521,-0.071,-0.069,-49.552,-0.072,-44.705,-48.701,-43.477,-0.456,-0.806,0.009,0.087,0.053,0.221,0.000,0.005,-19.396,-0.002,-18.113,-19.655,-18.218
5.400,-6.412,-0.000,0.853,-0.001,-0.001,0.522,-0.071,-0.069,-49.746,-0.072,-44.886,-48.898,-43.659,-0.455,-0.808,0.007,0.110,0.065,0.222,0.000,0.005,-19.369,-0.003,-18.175,-19.613,-18.201
5.396,-6.420,0.000,0.852,-0.000,-0.001,0.523,-0.071,-0.069,-49.939,-0.073,-45.068,-49.094,-43.841,-0.454,-0.811,0.005,0.127,0.074,0.223,0.000,0.005,-19.344,-0.003,-18.250,-19.554,-18.192
5.391,-6.429,0.000,0.852,-0.000,0.000,0.524,-0.071,-0.068,-50.132,-0.073,-45.251,-49.289,-44.023,-0.452,-0.812,0.002,0.134,0.078,0.224,0.000,0.004,-19.323,-0.003,-18.332,-19.480,-18.190
5.387,-6.437,0.000,0.851,0.000,0.001,0.525,-0.071,-0.068,-50.326,-0.073,-45.435,-49.483,-44.205,-0.450,-0.814,-0.001,0.130,0.075,0.225,-0.000,0.003,-19.307,-0.002,-18.418,-19.393,-18.196
5.382,-6.445,0.000,0.851,0.001,0.001,0.526,-0.071,-0.068,-50.519,-0.073,-45.619,-49.677,-44.387,-0.448,-0.815,-0.005,0.113,0.066,0.225,-0.000,0.001,-19.295,-0.002,-18.500,-19.301,-18.208
5.378,-6.453,-0.000,0.850,0.001,0.002,0.527,-0.071,-0.068,-50.712,-0.073,-45.805,-49.869,-44.569,-0.446,-0.815,-0.007,0.087,0.050,0.225,-0.001,-0.000,-19.290,-0.002,-18.572,-19.210,-18.223
5.373,-6.461,-0.000,0.849,0.001,0.002,0.528,-0.071,-0.068,-50.904,-0.073,-45.991,-50.061,-44.751,-0.444,-0.816,-0.010,0.057,0.033,0.224,-0.001,-0.002,-19.291,-0.002,-18.628,-19.129,-18.243
5.369,-6.469,-0.000,0.849,0.001,0.002,0.529,-0.071,-0.068,-51.097,-0.073,-46.177,-50.252,-44.934,-0.441,-0.815,-0.012,0.028,0.016,0.223,-0.001,-0.004,-19.300,-0.002,-18.666,-19.063,-18.266
5.364,-6.477,-0.000,0.848,0.001,0.003,0.530,-0.071,-0.069,-51.290,-0.073,-46.364,-50.442,-45.117,-0.438,-0.815,-0.013,0.000,0.001,0.222,-0.001,-0.005,-19.316,-0.002,-18.685,-19.018,-18.291
5.360,-6.486,-0.000,0.848,0.001,0.003,0.531,-0.071,-0.069,-51.484,-0.073,-46.551,-50.632,-45.300,-0.436,-0.814,-0.014,-0.025,-0.013,0.221,-0.001,-0.006,-19.335,-0.002,-18.687,-18.994,-18.315
5.356,-6.494,-0.001,0.847,0.001,0.002,0.532,-0.071,-0.069,-51.677,-0.073,-46.738,-50.822,-45.483,-0.433,-0.813,-0.015,-0.045,-0.026,0.220,-0.001,-0.006,-19.358,-0.002,-18.675,-18.992,-18.337
5.351,-6.502,-0.001,0.846,0.001,0.002,0.533,-0.071,-0.069,-51.871,-0.073,-46.924,-51.012,-45.666,-0.430,-0.812,-0.014,-0.060,-0.035,0.219,-0.001,-0.006,-19.381,-0.002,-18.653,-19.010,-18.356
5.347,-6.510,-0.001,0.846,0.001,0.002,0.533,-0.071,-0.069,-52.065,-0.073,-47.111,-51.202,-45.850,-0.428,-0.811,-0.013,-0.069,-0.042,0.218,-0.001,-0.006,-19.402,-0.002,-18.624,-19.045,-18.371
5.343,-6.518,-0.001,0.845,0.001,0.001,0.534,-0.071,-0.069,-52.259,-0.073,-47.297,-51.393,-46.034,-0.425,-0.810,-0.012,-0.071,-0.044,0.217,-0.001,-0.006,-19.420,-0.001,-18.592,-19.092,-18.381
5.339,-6.526,-0.001,0.845,0.000,0.001,0.535,-0.071,-0.069,-52.453,-0.073,-47.483,-51.584,-46.218,-0.422,-0.810,-0.009,-0.068,-0.044,0.216,-0.000,-0.005,-19.434,-0.001,-18.558,-19.147,-18.386
5.334,-6.534,-0.001,0.844,0.000,0.001,0.536,-0.071,-0.069,-52.648,-0.073,-47.668,-51.776,-46.402,-0.420,-0.809,-0.007,-0.061,-0.041,0.215,0.000,-0.004,-19.442,0.000,-18.525,-19.205,-18.388
5.330,-6.542,-0.001,0.843,0.000,0.000,0.537,-0.301,-0.230,-52.843,-0.269,-47.854,-51.967,-46.582,-0.428,-0.780,-0.002,-0.010,-0.061,0.354,-36.827,-26.510,-19.734,-33.323,-18.467,-19.102,-17.698
5.326,-6.550,-0.001,0.842,0.001,-0.000,0.540,-0.571,-0.441,-53.042,-0.536,-48.034,-52.159,-46.754,-0.465,-0.735,0.022,0.051,-0.197,0.658,-12.984,-12.674,-19.882,-13.780,-17.562,-19.268,-16.581
5.321,-6.557,-0.001,0.840,0.002,-0.001,0.543,-0.580,-0.484,-53.241,-0.553,-48.205,-52.352,-46.913,-0.492,-0.695,0.041,0.045,-0.294,0.933,10.087,3.737,-19.917,10.580,-16.706,-19.410,-15.448
5.316,-6.564,-0.001,0.837,0.002,-0.002,0.547,-0.413,-0.391,-53.439,-0.365,-48.369,-52.548,-47.065,-0.495,-0.694,0.012,-0.048,-0.083,1.022,19.932,12.825,-19.701,23.256,-16.246,-19.628,-15.081
5.311,-6.571,-0.001,0.834,0.002,-0.002,0.551,-0.261,-0.282,-53.635,-0.183,-48.531,-52.744,-47.216,-0.476,-0.711,-0.026,-0.129,0.180,0.948,7.859,6.923,-19.483,10.062,-16.075,-19.637,-15.178
5.307,-6.578,-0.001,0.832,0.000,-0.002,0.555,-0.287,-0.284,-53.829,-0.199,-48.691,-52.939,-47.369,-0.441,-0.716,-0.016,-0.156,0.120,0.794,-11.355,-6.664,-19.368,-11.857,-15.863,-19.210,-15.276
5.302,-6.585,-0.001,0.830,-0.000,-0.002,0.558,-0.432,-0.379,-54.022,-0.370,-48.848,-53.129,-47.521,-0.432,-0.706,-0.001,-0.042,0.012,0.789,-13.514,-9.550,-19.289,-17.974,-15.629,-18.926,-15.061
5.298,-6.592,-0.001,0.827,-0.000,-0.002,0.562,-0.504,-0.436,-54.216,-0.487,-49.003,-53.318,-47.668,-0.447,-0.679,0.008,0.065,-0.051,0.956,-1.093,-1.812,-19.384,-5.013,-15.319,-18.860,-14.364
5.293,-6.599,-0.001,0.824,0.000,-0.002,0.566,-0.463,-0.417,-54.410,-0.473,-49.155,-53.506,-47.808,-0.455,-0.659,0.009,0.062,-0.058,1.094,8.092,4.972,-19.472,6.847,-15.080,-18.811,-13.712
5.289,-6.605,-0.001,0.821,0.001,-0.002,0.570,-0.374,-0.357,-54.604,-0.386,-49.305,-53.694,-47.944,-0.442,-0.660,0.005,-0.006,-0.027,1.081,8.047,6.066,-19.383,8.496,-14.899,-18.681,-13.537
5.285,-6.612,-0.001,0.818,0.001,-0.002,0.575,-0.333,-0.319,-54.797,-0.340,-49.453,-53.880,-48.080,-0.417,-0.672,0.003,-0.066,-0.007,0.976,-0.170,0.996,-19.142,0.036,-14.695,-18.468,-13.696
5.280,-6.619,-0.001,0.816,0.000,-0.002,0.578,-0.374,-0.338,-54.987,-0.386,-49.599,-54.063,-48.218,-0.401,-0.677,0.004,-0.061,-0.007,0.919,-5.652,-3.347,-18.907,-6.360,-14.510,-18.293,-13.770
5.276,-6.625,-0.001,0.813,0.000,-0.003,0.582,-0.409,-0.361,-55.176,-0.425,-49.743,-54.246,-48.355,-0.400,-0.669,0.007,-0.019,-0.018,0.960,-1.628,-1.227,-18.823,-1.954,-14.390,-18.185,-13.528
5.272,-6.632,-0.001,0.810,0.000,-0.003,0.586,-0.413,-0.365,-55.364,-0.433,-49.886,-54.427,-48.489,-0.397,-0.663,0.009,0.012,-0.024,0.998,0.633,0.246,-18.765,0.092,-14.255,-18.088,-13.265
5.269,-6.639,-0.000,0.807,0.000,-0.003,0.590,-0.402,-0.359,-55.551,-0.428,-50.028,-54.607,-48.620,-0.391,-0.660,0.011,0.027,-0.017,1.011,1.277,0.828,-18.670,0.814,-14.132,-17.981,-13.080
5.265,-6.645,-0.000,0.804,0.000,-0.003,0.594,-0.390,-0.351,-55.737,-0.419,-50.169,-54.787,-48.750,-0.381,-0.661,0.011,0.036,-0.004,1.004,1.008,0.785,-18.520,0.885,-14.026,-17.862,-12.979
5.261,-6.652,-0.000,0.801,0.001,-0.003,0.598,-0.383,-0.344,-55.921,-0.411,-50.309,-54.965,-48.880,-0.371,-0.663,0.012,0.044,0.013,0.987,0.483,0.484,-18.344,0.711,-13.936,-17.731,-12.925
5.257,-6.659,-0.000,0.798,0.001,-0.002,0.602,-0.380,-0.341,-56.104,-0.405,-50.448,-55.141,-49.009,-0.361,-0.665,0.011,0.050,0.032,0.969,0.107,0.216,-18.167,0.511,-13.860,-17.592,-12.885
5.254,-6.665,0.000,0.795,0.001,-0.002,0.606,-0.380,-0.339,-56.285,-0.400,-50.586,-55.316,-49.138,-0.351,-0.667,0.010,0.053,0.052,0.954,-0.085,0.067,-18.006,0.347,-13.798,-17.445,-12.840
5.250,-6.672,0.000,0.792,0.001,-0.002,0.610,-0.381,-0.339,-56.464,-0.398,-50.724,-55.490,-49.266,-0.342,-0.668,0.008,0.053,0.072,0.942,-0.102,0.022,-17.864,0.239,-13.746,-17.292,-12.783
5.247,-6.679,0.000,0.790,0.001,-0.001,0.614,-0.382,-0.339,-56.642,-0.396,-50.861,-55.662,-49.393,-0.333,-0.669,0.006,0.049,0.089,0.932,-0.064,0.014,-17.742,0.168,-13.702,-17.133,-12.714
5.244,-6.685,0.000,0.787,0.001,-0.001,0.617,-0.382,-0.339,-56.819,-0.394,-50.998,-55.833,-49.520,-0.325,-0.669,0.003,0.041,0.102,0.923,-0.032,0.020,-17.637,0.116,-13.666,-16.971,-12.636
5.240,-6.692,0.000,0.784,0.000,-0.000,0.621,-0.382,-0.338,-56.995,-0.393,-51.134,-56.002,-49.646,-0.316,-0.669,-0.000,0.029,0.109,0.914,-0.010,0.035,-17.545,0.079,-13.634,-16.808,-12.551
5.237,-6.699,0.000,0.781,0.000,0.000,0.624,-0.382,-0.338,-57.170,-0.393,-51.271,-56.169,-49.771,-0.308,-0.668,-0.003,0.015,0.110,0.905,0.003,0.049,-17.465,0.054,-13.605,-16.647,-12.460
5.234,-6.705,0.000,0.778,-0.000,0.001,0.628,-0.382,-0.338,-57.344,-0.392,-51.406,-56.335,-49.895,-0.299,-0.667,-0.006,-0.001,0.105,0.897,0.008,0.059,-17.394,0.036,-13.572,-16.491,-12.366
5.231,-6.712,0.000,0.775,-0.000,0.001,0.631,-0.382,-0.337,-57.518,-0.392,-51.542,-56.499,-50.018,-0.291,-0.665,-0.008,-0.015,0.094,0.889,0.009,0.076,-17.330,0.024,-13.533,-16.345,-12.270
5.228,-6.719,0.000,0.773,-0.001,0.002,0.635,-0.382,-0.336,-57.691,-0.392,-51.677,-56.662,-50.140,-0.282,-0.663,-0.010,-0.028,0.078,0.881,0.008,0.070,-17.272,0.017,-13.487,-16.211,-12.173
5.226,-6.725,-0.000,0.770,-0.001,0.002,0.638,-0.382,-0.336,-57.863,-0.391,-51.812,-56.823,-50.262,-0.274,-0.661,-0.011,-0.038,0.059,0.874,0.006,0.041,-17.216,0.012,-13.435,-16.090,-12.078
5.223,-6.732,-0.000,0.767,-0.001,0.002,0.642,-0.382,-0.335,-58.035,-0.391,-51.946,-56.983,-50.382,-0.266,-0.659,-0.012,-0.044,0.037,0.868,0.004,0.021,-17.160,0.010,-13.376,-15.985,-11.986
5.220,-6.738,-0.000,0.764,-0.002,0.002,0.645,-0.382,-0.335,-58.206,-0.391,-52.079,-57.143,-50.501,-0.258,-0.656,-0.012,-0.046,0.015,0.861,0.002,0.011,-17.101,0.009,-13.311,-15.893,-11.900
5.218,-6.745,-0.000,0.762,-0.002,0.002,0.648,-0.382,-0.335,-58.377,-0.391,-52.212,-57.301,-50.620,-0.251,-0.654,-0.012,-0.045,-0.006,0.856,0.001,0.005,-17.037,0.008,-13.241,-15.816,-11.821
5.215,-6.752,-0.001,0.759,-0.002,0.001,0.651,-0.382,-0.335,-58.547,-0.391,-52.344,-57.459,-50.738,-0.243,-0.651,-0.011,-0.041,-0.025,0.850,0.001,0.001,-16.969,0.007,-13.168,-15.752,-11.750
5.213,-6.758,-0.001,0.756,-0.002,0.001,0.655,-0.382,-0.335,-58.716,-0.391,-52.475,-57.616,-50.855,-0.236,-0.649,-0.011,-0.035,-0.041,0.845,0.000,-0.003,-16.895,0.007,-13.092,-15.699,-11.689
5.211,-6.764,-0.001,0.753,-0.002,0.001,0.658,-0.382,-0.335,-58.885,-0.391,-52.606,-57.773,-50.972,-0.229,-0.647,-0.010,-0.027,-0.052,0.840,-0.000,-0.006,-16.816,0.006,-13.016,-15.655,-11.636
5.208,-6.771,-0.001,0.750,-0.002,0.001,0.661,-0.382,-0.335,-59.053,-0.391,-52.736,-57.930,-51.088,-0.223,-0.645,-0.009,-0.018,-0.059,0.836,-0.000,-0.008,-16.736,0.006,-12.941,-15.619,-11.593
5.206,-6.777,-0.001,0.748,-0.002,0.000,0.664,-0.382,-0.335,-59.220,-0.391,-52.865,-58.086,-51.204,-0.216,-0.643,-0.007,-0.009,-0.062,0.832,-0.000,-0.009,-16.653,0.005,-12.869,-15.586,-11.557
5.204,-6.784,-0.001,0.745,-0.002,0.000,0.667,-0.382,-0.335,-59.386,-0.391,-52.993,-58.241,-51.319,-0.210,-0.641,-0.006,-0.000,-0.060,0.827,-0.000,-0.009,-16.571,0.005,-12.801,-15.555,-11.528
5.202,-6.790,-0.001,0.742,-0.001,-0.000,0.670,-0.382,-0.335,-59.551,-0.391,-53.121,-58.397,-51.434,-0.203,-0.640,-0.006,0.007,-0.055,0.824,-0.000,-0.009,-16.491,0.004,-12.737,-15.524,-11.503
5.200,-6.797,-0.001,0.739,-0.001,-0.000,0.673,-0.382,-0.335,-59.716,-0.391,-53.248,-58.552,-51.549,-0.197,-0.639,-0.005,0.013,-0.047,0.820,-0.000,-0.009,-16.413,0.004,-12.678,-15.491,-11.482
5.198,-6.803,-0.001,0.737,-0.001,-0.000,0.676,-0.382,-0.336,-59.879,-0.391,-53.374,-58.707,-51.664,-0.191,-0.638,-0.004,0.018,-0.039,0.816,-0.000,-0.008,-16.339,0.003,-12.624,-15.454,-11.463
5.196,-6.809,-0.001,0.734,-0.001,-0.000,0.679,-0.382,-0.336,-60.042,-0.391,-53.500,-58.861,-51.778,-0.185,-0.637,-0.003,0.021,-0.030,0.813,-0.000,-0.007,-16.269,0.003,-12.574,-15.414,-11.445
5.194,-6.816,-0.001,0.731,-0.001,-0.000,0.682,-0.382,-0.336,-60.205,-0.391,-53.626,-59.015,-51.893,-0.180,-0.636,-0.002,0.023,-0.023,0.810,-0.000,-0.007,-16.203,0.002,-12.528,-15.370,-11.425
5.192,-6.822,-0.001,0.728,-0.000,-0.000,0.685,-0.382,-0.336,-60.366,-0.391,-53.751,-59.168,-52.007,-0.174,-0.635,-0.002,0.024,-0.017,0.807,-0.000,-0.007,-16.139,0.002,-12.485,-15.323,-11.405
5.191,-6.828,-0.001,0.726,-0.000,-0.000,0.688,-0.382,-0.336,-60.528,-0.391,-53.876,-59.321,-52.121,-0.168,-0.634,-0.001,0.025,-0.014,0.804,-0.001,-0.007,-16.076,0.002,-12.445,-15.273,-11.382
5.189,-6.835,-0.001,0.723,-0.000,-0.000,0.691,-0.382,-0.336,-60.688,-0.391,-54.000,-59.474,-52.234,-0.163,-0.633,0.000,0.025,-0.013,0.801,-0.001,-0.008,-16.014,0.001,-12.406,-15.223,-11.358
5.187,-6.841,-0.001,0.720,-0.000,-0.000,0.694,-0.382,-0.336,-60.848,-0.391,-54.124,-59.626,-52.348,-0.157,-0.632,0.001,0.025,-0.014,0.799,-0.001,-0.009,-15.952,0.001,-12.369,-15.174,-11.332
5.186,-6.847,-0.001,0.717,0.000,-0.000,0.697,-0.382,-0.336,-61.007,-0.391,-54.247,-59.777,-52.461,-0.152,-0.631,0.002,0.025,-0.018,0.796,-0.002,-0.012,-15.887,0.001,-12.332,-15.125,-11.306
5.184,-6.854,-0.001,0.714,0.000,-0.000,0.700,-0.382,-0.336,-61.166,-0.391,-54.370,-59.928,-52.574,-0.146,-0.631,0.003,0.025,-0.023,0.794,-0.002,-0.018,-15.819,0.001,-12.294,-15.079,-11.279
5.183,-6.860,-0.001,0.712,0.000,-0.000,0.702,-0.382,-0.336,-61.323,-0.391,-54.493,-60.079,-52.687,-0.141,-0.630,0.005,0.026,-0.029,0.793,-0.003,-0.028,-15.748,0.002,-12.255,-15.036,-11.252
5.182,-6.866,-0.001,0.709,0.001,-0.000,0.705,-0.382,-0.337,-61.481,-0.391,-54.615,-60.229,-52.799,-0.136,-0.630,0.006,0.026,-0.035,0.791,-0.003,-0.041,-15.676,0.002,-12.213,-14.997,-11.225
5.180,-6.873,-0.001,0.706,0.001,-0.000,0.708,-0.382,-0.337,-61.637,-0.390,-54.737,-60.379,-52.911,-0.131,-0.629,0.007,0.026,-0.040,0.791,-0.004,-0.049,-15.601,0.002,-12.170,-14.961,-11.200
5.179,-6.879,-0.001,0.703,0.001,-0.000,0.711,-0.382,-0.338,-61.793,-0.390,-54.859,-60.528,-53.023,-0.126,-0.629,0.008,0.026,-0.044,0.790,-0.004,-0.039,-15.526,0.003,-12.126,-14.927,-11.176
5.178,-6.885,-0.001,0.701,0.001,-0.000,0.714,-0.382,-0.338,-61.947,-0.390,-54.980,-60.677,-53.135,-0.121,-0.629,0.009,0.027,-0.045,0.790,-0.003,-0.025,-15.451,0.003,-12.083,-14.896,-11.156
5.177,-6.891,-0.001,0.698,0.002,-0.001,0.716,-0.382,-0.338,-62.102,-0.390,-55.100,-60.826,-53.246,-0.116,-0.629,0.010,0.027,-0.042,0.789,-0.002,-0.016,-15.377,0.003,-12.042,-14.865,-11.141
5.175,-6.898,-0.001,0.695,0.002,-0.001,0.719,-0.382,-0.338,-62.255,-0.390,-55.221,-60.975,-53.358,-0.111,-0.629,0.010,0.027,-0.037,0.787,-0.001,-0.011,-15.305,0.004,-12.004,-14.833,-11.130
5.174,-6.904,-0.001,0.692,0.002,-0.001,0.722,-0.382,-0.338,-62.408,-0.390,-55.340,-61.123,-53.469,-0.105,-0.630,0.010,0.026,-0.029,0.786,0.000,-0.007,-15.239,0.004,-11.966,-14.798,-11.120
5.173,-6.910,-0.000,0.689,0.002,-0.001,0.725,-0.382,-0.338,-62.560,-0.390,-55.460,-61.271,-53.580,-0.100,-0.630,0.010,0.024,-0.020,0.784,0.001,-0.003,-15.180,0.004,-11.929,-14.760,-11.113
5.172,-6.917,-0.000,0.686,0.002,-0.001,0.727,-0.382,-0.338,-62.711,-0.390,-55.579,-61.418,-53.691,-0.095,-0.630,0.009,0.022,-0.011,0.782,0.001,0.002,-15.130,0.003,-11.891,-14.718,-11.106
5.171,-6.923,-0.000,0.684,0.002,-0.001,0.730,-0.382,-0.338,-62.862,-0.390,-55.698,-61.565,-53.802,-0.090,-0.630,0.009,0.019,-0.001,0.779,0.002,0.006,-15.088,0.002,-11.855,-14.671,-11.099
5.171,-6.929,-0.000,0.681,0.003,-0.000,0.733,-0.382,-0.338,-63.013,-0.390,-55.816,-61.711,-53.913,-0.084,-0.631,0.008,0.015,0.010,0.777,0.002,0.011,-15.054,0.001,-11.821,-14.620,-11.091
5.170,-6.936,-0.000,0.678,0.002,-0.000,0.735,-0.382,-0.338,-63.163,-0.390,-55.934,-61.857,-54.024,-0.079,-0.631,0.007,0.009,0.020,0.774,0.002,0.016,-15.027,0.000,-11.789,-14.566,-11.083
5.169,-6.942,-0.000,0.675,0.002,-0.000,0.738,-0.382,-0.338,-63.314,-0.390,-56.052,-62.003,-54.135,-0.073,-0.631,0.005,0.001,0.031,0.770,0.003,0.020,-15.005,-0.001,-11.759,-14.509,-11.073
5.168,-6.948,-0.000,0.672,0.002,-0.000,0.740,-0.382,-0.338,-63.464,-0.390,-56.169,-62.147,-54.245,-0.068,-0.631,0.003,-0.009,0.041,0.766,0.002,0.021,-14.989,-0.002,-11.733,-14.453,-11.062
5.168,-6.954,-0.000,0.669,0.002,-0.000,0.743,-0.382,-0.338,-63.613,-0.390,-56.287,-62.292,-54.356,-0.062,-0.631,0.001,-0.017,0.049,0.762,0.001,0.017,-14.975,-0.003,-11.711,-14.397,-11.048
5.167,-6.961,-0.000,0.666,0.002,-0.000,0.746,-0.382,-0.337,-63.763,-0.390,-56.404,-62.435,-54.466,-0.057,-0.630,-0.001,-0.025,0.054,0.758,0.000,0.014,-14.965,-0.004,-11.692,-14.345,-11.030
5.167,-6.967,-0.000,0.664,0.001,0.000,0.748,-0.382,-0.337,-63.913,-0.390,-56.520,-62.579,-54.577,-0.051,-0.630,-0.002,-0.032,0.055,0.755,0.000,0.011,-14.962,-0.004,-11.675,-14.297,-11.007
5.166,-6.973,-0.000,0.661,0.001,0.000,0.751,-0.382,-0.337,-64.062,-0.390,-56.637,-62.721,-54.686,-0.046,-0.629,-0.004,-0.038,0.056,0.752,0.000,0.010,-14.967,-0.004,-11.659,-14.253,-10.979
5.166,-6.980,-0.000,0.658,0.001,0.000,0.753,-0.382,-0.337,-64.212,-0.390,-56.754,-62.864,-54.796,-0.041,-0.628,-0.005,-0.045,0.055,0.750,-0.000,0.009,-14.980,-0.004,-11.646,-14.216,-10.946
5.165,-6.986,-0.000,0.655,0.000,0.000,0.755,-0.382,-0.337,-64.362,-0.390,-56.870,-63.006,-54.905,-0.037,-0.627,-0.007,-0.051,0.053,0.748,-0.000,0.008,-14.994,-0.004,-11.634,-14.186,-10.908
5.165,-6.992,-0.000,0.652,0.000,0.000,0.758,-0.382,-0.337,-64.512,-0.390,-56.986,-63.147,-55.014,-0.032,-0.626,-0.008,-0.055,0.049,0.747,-0.000,0.007,-15.009,-0.004,-11.624,-14.164,-10.866
5.165,-6.998,-0.000,0.650,-0.000,0.000,0.760,-0.382,-0.337,-64.662,-0.391,-57.103,-63.289,-55.123,-0.028,-0.624,-0.008,-0.058,0.044,0.747,-0.000,0.007,-15.024,-0.004,-11.614,-14.148,-10.818
5.164,-7.005,-0.000,0.647,-0.001,-0.000,0.763,-0.382,-0.337,-64.812,-0.391,-57.219,-63.430,-55.231,-0.024,-0.623,-0.008,-0.057,0.037,0.748,-0.001,0.006,-15.038,-0.005,-11.602,-14.136,-10.764
5.164,-7.011,-0.000,0.644,-0.001,-0.000,0.765,-0.382,-0.337,-64.963,-0.391,-57.335,-63.572,-55.338,-0.020,-0.621,-0.007,-0.054,0.030,0.750,-0.001,0.005,-15.048,-0.005,-11.589,-14.128,-10.706
5.164,-7.017,-0.001,0.641,-0.001,-0.000,0.768,-0.382,-0.337,-65.113,-0.391,-57.450,-63.713,-55.445,-0.016,-0.620,-0.006,-0.051,0.023,0.751,-0.001,0.004,-15.053,-0.005,-11.575,-14.122,-10.647
5.164,-7.023,-0.001,0.638,-0.001,-0.000,0.770,-0.382,-0.337,-65.264,-0.391,-57.566,-63.854,-55.551,-0.011,-0.618,-0.005,-0.047,0.018,0.751,-0.001,0.002,-15.050,-0.005,-11.561,-14.118,-10.591
5.164,-7.029,-0.001,0.635,-0.002,-0.001,0.772,-0.382,-0.337,-65.414,-0.391,-57.682,-63.995,-55.657,-0.007,-0.616,-0.004,-0.044,0.014,0.751,-0.001,0.001,-15.042,-0.005,-11.545,-14.115,-10.539
5.164,-7.036,-0.001,0.632,-0.002,-0.001,0.775,-0.382,-0.337,-65.565,-0.391,-57.797,-64.136,-55.762,-0.003,-0.615,-0.003,-0.042,0.010,0.752,-0.001,-0.000,-15.033,-0.003,-11.526,-14.113,-10.488
5.164,-7.042,-0.001,0.629,-0.002,-0.001,0.777,-0.382,-0.337,-65.715,-0.391,-57.912,-64.278,-55.866,0.002,-0.613,-0.003,-0.039,0.007,0.752,-0.000,-0.001,-15.021,-0.002,-11.508,-14.112,-10.440
5.164,-7.048,-0.001,0.626,-0.002,-0.001,0.779,-0.382,-0.337,-65.865,-0.391,-58.027,-64.419,-55.970,0.006,-0.612,-0.003,-0.036,0.005,0.753,-0.000,-0.001,-15.009,-0.001,-11.490,-14.111,-10.395
5.164,-7.054,-0.001,0.623,-0.002,-0.001,0.782,-0.382,-0.337,-66.015,-0.391,-58.142,-64.560,-56.074,0.010,-0.610,-0.002,-0.031,0.005,0.753,0.000,-0.000,-14.998,-0.000,-11.474,-14.109,-10.354
5.164,-7.060,-0.001,0.621,-0.002,-0.001,0.784,-0.382,-0.337,-66.165,-0.391,-58.257,-64.701,-56.178,0.015,-0.609,-0.002,-0.024,0.006,0.754,0.000,0.000,-14.989,0.001,-11.460,-14.106,-10.317
5.164,-7.066,-0.001,0.618,-0.002,-0.001,0.787,-0.382,-0.337,-66.315,-0.391,-58.371,-64.842,-56.281,0.019,-0.608,-0.002,-0.016,0.006,0.755,0.001,0.001,-14.981,0.001,-11.448,-14.102,-10.283
5.164,-7.072,-0.001,0.615,-0.003,-0.001,0.789,-0.382,-0.337,-66.465,-0.391,-58.486,-64.983,-56.383,0.023,-0.607,-0.002,-0.008,0.006,0.756,0.001,0.001,-14.974,0.002,-11.437,-14.095,-10.254
5.165,-7.078,-0.001,0.612,-0.003,-0.001,0.791,-0.382,-0.337,-66.615,-0.391,-58.600,-65.124,-56.486,0.027,-0.606,-0.002,0.001,0.005,0.756,0.001,0.001,-14.965,0.002,-11.427,-14.084,-10.230
5.165,-7.084,-0.001,0.609,-0.003,-0.001,0.793,-0.382,-0.337,-66.764,-0.391,-58.714,-65.265,-56.588,0.032,-0.605,-0.001,0.009,0.001,0.756,0.001,0.001,-14.953,0.002,-11.418,-14.071,-10.211
5.165,-7.090,-0.001,0.606,-0.003,-0.001,0.796,-0.382,-0.337,-66.914,-0.391,-58.828,-65.405,-56.690,0.036,-0.604,-0.001,0.016,-0.005,0.756,0.001,-0.000,-14.938,0.003,-11.410,-14.056,-10.198
5.166,-7.096,-0.001,0.603,-0.002,-0.001,0.798,-0.382,-0.337,-67.063,-0.391,-58.942,-65.546,-56.792,0.041,-0.603,-0.000,0.023,-0.012,0.755,0.000,-0.001,-14.919,0.003,-11.402,-14.040,-10.189
5.166,-7.102,-0.001,0.600,-0.002,-0.001,0.800,-0.382,-0.337,-67.212,-0.391,-59.056,-65.686,-56.894,0.045,-0.602,0.000,0.031,-0.020,0.755,0.000,-0.003,-14.895,0.002,-11.394,-14.024,-10.184
5.166,-7.108,-0.001,0.597,-0.002,-0.001,0.803,-0.382,-0.337,-67.361,-0.391,-59.170,-65.826,-56.996,0.050,-0.601,0.001,0.038,-0.029,0.754,0.000,-0.005,-14.867,0.002,-11.385,-14.010,-10.184
5.167,-7.114,-0.001,0.594,-0.002,-0.001,0.805,-0.382,-0.337,-67.509,-0.391,-59.284,-65.966,-57.097,0.054,-0.600,0.001,0.045,-0.038,0.755,-0.000,-0.007,-14.835,0.002,-11.377,-13.998,-10.188
5.168,-7.120,-0.001,0.590,-0.002,-0.001,0.807,-0.382,-0.337,-67.657,-0.391,-59.398,-66.106,-57.199,0.059,-0.599,0.002,0.052,-0.046,0.755,-0.000,-0.009,-14.799,0.002,-11.369,-13.989,-10.196
5.168,-7.126,-0.001,0.587,-0.001,-0.001,0.809,-0.382,-0.337,-67.805,-0.391,-59.511,-66.246,-57.301,0.063,-0.598,0.002,0.058,-0.052,0.756,-0.001,-0.011,-14.759,0.002,-11.361,-13.984,-10.207
5.169,-7.132,-0.001,0.584,-0.001,-0.001,0.812,-0.382,-0.337,-67.953,-0.391,-59.625,-66.386,-57.403,0.067,-0.598,0.002,0.064,-0.057,0.757,-0.001,-0.012,-14.716,0.001,-11.355,-13.982,-10.223
5.170,-7.138,-0.001,0.581,-0.000,-0.000,0.814,-0.382,-0.337,-68.100,-0.391,-59.739,-66.526,-57.506,0.072,-0.597,0.002,0.068,-0.058,0.759,-0.001,-0.012,-14.672,0.001,-11.351,-13.983,-10.242
5.170,-7.144,-0.001,0.578,0.000,-0.000,0.816,-0.382,-0.337,-68.246,-0.391,-59.852,-66.666,-57.608,0.076,-0.597,0.002,0.071,-0.056,0.760,-0.001,-0.011,-14.628,0.001,-11.349,-13.985,-10.264
5.171,-7.150,-0.001,0.575,0.001,-0.000,0.818,-0.382,-0.337,-68.392,-0.391,-59.966,-66.805,-57.711,0.080,-0.596,0.002,0.073,-0.052,0.761,-0.001,-0.010,-14.584,0.001,-11.350,-13.988,-10.290
5.172,-7.156,-0.001,0.572,0.001,0.000,0.820,-0.382,-0.338,-68.538,-0.391,-60.079,-66.945,-57.814,0.085,-0.596,0.002,0.073,-0.044,0.761,-0.001,-0.008,-14.543,0.001,-11.355,-13.990,-10.319
5.173,-7.162,-0.001,0.569,0.001,0.000,0.822,-0.382,-0.338,-68.683,-0.391,-60.193,-67.085,-57.917,0.090,-0.596,0.001,0.071,-0.034,0.761,-0.001,-0.006,-14.504,0.001,-11.362,-13.991,-10.351
5.174,-7.168,-0.001,0.566,0.002,0.000,0.825,-0.382,-0.338,-68.828,-0.391,-60.306,-67.225,-58.021,0.094,-0.595,0.001,0.068,-0.022,0.760,-0.000,-0.003,-14.469,0.001,-11.372,-13.987,-10.385
5.175,-7.174,-0.001,0.563,0.002,0.001,0.827,-0.382,-0.338,-68.972,-0.391,-60.420,-67.365,-58.125,0.099,-0.595,0.001,0.063,-0.009,0.757,0.000,-0.000,-14.437,0.001,-11.385,-13.977,-10.420
