-1.000,-9.000,0.001,1.000,0.000,0.000,0.000,-0.000,-0.000,0.000,-0.000,0.000,0.000,0.000,-0.000,-0.000,0.000,-0.000,-0.000,-0.000,0.000,0.000,-0.000,0.000,-0.000,-0.000,-0.000
-1.000,-9.000,0.000,1.000,0.000,0.000,0.000,-0.034,-0.025,-0.003,-0.026,-0.003,-0.003,-0.003,-0.029,0.000,-0.000,0.002,0.015,0.004,-5.367,-4.207,-0.577,-4.284,-0.562,-0.646,-0.631
-1.001,-9.000,0.000,1.000,0.000,0.000,0.000,-0.078,-0.064,-0.012,-0.065,-0.011,-0.013,-0.012,-0.057,0.001,-0.000,0.003,0.019,0.008,-2.739,-2.759,-1.182,-2.875,-1.150,-1.233,-1.202
-1.001,-9.000,0.000,1.000,0.000,0.000,0.000,-0.078,-0.070,-0.026,-0.071,-0.026,-0.028,-0.027,-0.083,0.003,-0.000,0.003,0.017,0.014,2.380,1.355,-1.801,1.608,-1.749,-1.781,-1.725
-1.002,-9.000,0.000,1.000,0.000,0.000,0.000,-0.044,-0.045,-0.047,-0.043,-0.046,-0.048,-0.047,-0.110,0.003,-0.000,0.002,0.014,0.018,3.668,2.944,-2.373,3.243,-2.304,-2.316,-2.241
-1.003,-9.000,0.000,1.000,0.000,0.000,0.000,-0.022,-0.025,-0.074,-0.021,-0.072,-0.074,-0.072,-0.136,0.003,-0.000,0.000,0.011,0.018,0.513,0.743,-2.878,0.819,-2.799,-2.849,-2.768
-1.005,-9.000,0.000,1.000,0.000,0.000,0.000,-0.034,-0.033,-0.105,-0.029,-0.102,-0.105,-0.102,-0.163,0.003,-0.001,0.000,0.008,0.020,-2.619,-1.957,-3.357,-2.117,-3.267,-3.373,-3.285
-1.007,-9.000,0.000,1.000,0.000,0.000,0.000,-0.060,-0.054,-0.141,-0.052,-0.137,-0.141,-0.137,-0.187,0.004,-0.001,0.001,0.004,0.026,-2.012,-1.824,-3.860,-2.029,-3.744,-3.877,-3.764
-1.009,-9.000,0.000,1.000,0.000,0.000,0.001,-0.067,-0.062,-0.182,-0.062,-0.177,-0.183,-0.177,-0.210,0.006,-0.001,0.001,0.001,0.035,0.652,0.241,-4.378,0.205,-4.229,-4.359,-4.211
-1.011,-9.000,0.000,1.000,0.000,0.000,0.001,-0.051,-0.052,-0.228,-0.050,-0.222,-0.229,-0.222,-0.233,0.006,-0.002,0.000,-0.001,0.039,2.014,1.543,-4.869,1.658,-4.701,-4.823,-4.654
-1.013,-9.000,0.000,1.000,0.000,0.000,0.001,-0.037,-0.039,-0.279,-0.037,-0.271,-0.279,-0.270,-0.256,0.006,-0.002,-0.001,-0.001,0.039,0.745,0.769,-5.316,0.839,-5.142,-5.278,-5.103
-1.016,-9.000,0.000,1.000,0.000,0.000,0.001,-0.038,-0.039,-0.335,-0.036,-0.324,-0.334,-0.324,-0.278,0.006,-0.003,-0.002,-0.002,0.040,-0.962,-0.631,-5.741,-0.619,-5.560,-5.724,-5.544
-1.019,-9.000,0.000,1.000,0.000,0.000,0.001,-0.051,-0.048,-0.394,-0.046,-0.382,-0.393,-0.381,-0.299,0.006,-0.004,-0.001,-0.002,0.045,-1.153,-0.912,-6.172,-1.056,-5.970,-6.160,-5.962
-1.022,-8.999,0.000,1.000,0.000,0.000,0.002,-0.057,-0.054,-0.458,-0.053,-0.444,-0.457,-0.443,-0.319,0.007,-0.005,-0.001,-0.003,0.051,-0.146,-0.229,-6.605,-0.326,-6.377,-6.583,-6.357
-1.025,-8.999,0.000,1.000,0.000,0.000,0.002,-0.053,-0.052,-0.526,-0.052,-0.509,-0.525,-0.508,-0.339,0.008,-0.006,-0.002,-0.003,0.055,0.784,0.556,-7.026,0.544,-6.778,-6.990,-6.743
-1.029,-8.999,0.000,1.000,0.000,0.000,0.002,-0.046,-0.046,-0.599,-0.046,-0.579,-0.597,-0.578,-0.358,0.008,-0.007,-0.003,-0.003,0.057,0.590,0.510,-7.422,0.498,-7.163,-7.385,-7.127
-1.032,-8.999,0.000,1.000,0.000,0.000,0.002,-0.043,-0.043,-0.675,-0.043,-0.653,-0.673,-0.651,-0.376,0.008,-0.008,-0.003,-0.003,0.058,-0.066,0.039,-7.801,0.024,-7.535,-7.770,-7.504
-1.036,-8.999,0.000,1.000,-0.000,0.000,0.003,-0.046,-0.045,-0.755,-0.045,-0.730,-0.752,-0.728,-0.394,0.008,-0.009,-0.003,-0.003,0.061,-0.474,-0.297,-8.173,-0.393,-7.893,-8.146,-7.868
-1.040,-8.999,-0.000,1.000,-0.000,0.000,0.003,-0.050,-0.048,-0.838,-0.049,-0.811,-0.836,-0.808,-0.411,0.008,-0.010,-0.003,-0.003,0.064,-0.241,-0.194,-8.540,-0.253,-8.244,-8.512,-8.217
-1.045,-8.999,-0.000,1.000,-0.000,0.000,0.003,-0.051,-0.049,-0.925,-0.050,-0.895,-0.923,-0.892,-0.428,0.008,-0.011,-0.003,-0.003,0.068,0.019,-0.034,-8.900,-0.057,-8.584,-8.869,-8.554
-1.049,-8.999,-0.000,1.000,-0.000,0.000,0.004,-0.050,-0.048,-1.016,-0.050,-0.982,-1.013,-0.979,-0.444,0.008,-0.011,-0.003,-0.003,0.072,0.154,0.078,-9.247,0.074,-8.914,-9.215,-8.882
-1.053,-8.999,-0.000,1.000,-0.000,0.000,0.004,-0.049,-0.048,-1.110,-0.049,-1.073,-1.107,-1.070,-0.459,0.008,-0.012,-0.003,-0.003,0.075,0.092,0.044,-9.583,0.044,-9.235,-9.550,-9.202
-1.058,-8.999,-0.000,1.000,-0.000,0.000,0.005,-0.048,-0.047,-1.208,-0.049,-1.167,-1.204,-1.163,-0.474,0.008,-0.012,-0.003,-0.003,0.077,0.026,0.016,-9.906,0.016,-9.546,-9.874,-9.513
-1.063,-8.999,-0.001,1.000,-0.000,0.000,0.005,-0.048,-0.047,-1.308,-0.049,-1.264,-1.304,-1.260,-0.488,0.008,-0.012,-0.002,-0.003,0.079,-0.008,0.003,-10.220,0.003,-9.847,-10.187,-9.815
-1.068,-8.999,-0.001,1.000,-0.000,0.000,0.005,-0.048,-0.047,-1.412,-0.049,-1.364,-1.408,-1.359,-0.501,0.008,-0.012,-0.002,-0.003,0.081,-0.018,-0.002,-10.523,-0.002,-10.138,-10.490,-10.106
-1.073,-8.999,-0.001,1.000,-0.000,0.000,0.006,-0.049,-0.047,-1.519,-0.049,-1.467,-1.514,-1.462,-0.514,0.008,-0.011,-0.001,-0.002,0.083,-0.014,-0.003,-10.815,-0.003,-10.419,-10.783,-10.387
-1.078,-8.998,-0.001,1.000,-0.000,0.000,0.006,-0.049,-0.047,-1.628,-0.049,-1.572,-1.623,-1.567,-0.526,0.007,-0.010,-0.000,-0.002,0.085,-0.007,-0.003,-11.097,-0.004,-10.690,-11.065,-10.658
-1.083,-8.998,-0.001,1.000,-0.000,0.000,0.007,-0.049,-0.047,-1.741,-0.049,-1.680,-1.735,-1.675,-0.538,0.007,-0.009,0.000,-0.002,0.087,-0.002,-0.003,-11.368,-0.004,-10.951,-11.336,-10.919
-1.089,-8.998,-0.001,1.000,-0.000,0.000,0.007,-0.049,-0.048,-1.856,-0.049,-1.791,-1.850,-1.786,-0.549,0.007,-0.008,0.001,-0.002,0.089,-0.000,-0.004,-11.629,-0.004,-11.202,-11.597,-11.170
-1.094,-8.998,-0.001,1.000,-0.000,0.000,0.007,-0.049,-0.048,-1.973,-0.049,-1.904,-1.967,-1.898,-0.561,0.007,-0.007,0.002,-0.002,0.091,0.000,-0.004,-11.880,-0.004,-11.443,-11.848,-11.412
-1.100,-8.998,-0.001,1.000,-0.000,0.000,0.008,-0.049,-0.048,-2.093,-0.049,-2.020,-2.087,-2.014,-0.571,0.006,-0.005,0.002,-0.002,0.092,-0.000,-0.004,-12.120,-0.004,-11.675,-12.089,-11.644
-1.106,-8.998,-0.001,1.000,-0.000,0.000,0.008,-0.049,-0.048,-2.216,-0.049,-2.138,-2.209,-2.131,-0.582,0.006,-0.004,0.002,-0.002,0.094,-0.001,-0.004,-12.351,-0.004,-11.898,-12.320,-11.867
-1.112,-8.998,-0.001,1.000,-0.000,0.000,0.009,-0.049,-0.048,-2.340,-0.049,-2.258,-2.333,-2.251,-0.592,0.005,-0.002,0.002,-0.002,0.096,-0.001,-0.004,-12.573,-0.005,-12.112,-12.542,-12.081
-1.118,-8.998,-0.001,1.000,-0.000,0.000,0.009,-0.049,-0.048,-2.467,-0.049,-2.380,-2.460,-2.373,-0.601,0.005,-0.001,0.002,-0.001,0.098,-0.001,-0.004,-12.786,-0.005,-12.319,-12.756,-12.288
-1.124,-8.998,-0.001,1.000,-0.000,0.000,0.010,-0.049,-0.048,-2.596,-0.049,-2.504,-2.588,-2.497,-0.611,0.004,0.000,0.002,-0.001,0.099,-0.001,-0.004,-12.992,-0.004,-12.518,-12.962,-12.487
-1.130,-8.998,-0.001,1.000,-0.000,0.000,0.010,-0.049,-0.048,-2.727,-0.050,-2.630,-2.719,-2.623,-0.620,0.004,0.001,0.001,-0.001,0.101,-0.001,-0.004,-13.192,-0.004,-12.710,-13.161,-12.679
-1.136,-8.998,-0.001,1.000,-0.000,0.000,0.011,-0.049,-0.048,-2.860,-0.050,-2.758,-2.852,-2.750,-0.630,0.003,0.001,0.000,-0.001,0.103,-0.001,-0.004,-13.385,-0.004,-12.896,-13.355,-12.866
-1.142,-8.998,-0.001,1.000,-0.000,0.000,0.011,-0.049,-0.048,-2.994,-0.050,-2.888,-2.986,-2.880,-0.639,0.003,0.001,-0.001,-0.001,0.104,-0.001,-0.003,-13.573,-0.004,-13.077,-13.543,-13.047
-1.149,-8.998,-0.001,1.000,-0.000,0.000,0.012,-0.049,-0.048,-3.131,-0.050,-3.020,-3.122,-3.011,-0.647,0.002,0.001,-0.001,-0.001,0.106,-0.000,-0.003,-13.757,-0.003,-13.253,-13.727,-13.223
-1.155,-8.998,-0.001,1.000,-0.000,0.000,0.012,-0.049,-0.048,-3.270,-0.050,-3.153,-3.261,-3.144,-0.656,0.001,0.001,-0.002,-0.001,0.107,-0.000,-0.002,-13.936,-0.003,-13.425,-13.906,-13.395
-1.162,-8.998,-0.001,1.000,-0.000,0.000,0.013,-0.049,-0.048,-3.410,-0.050,-3.288,-3.401,-3.279,-0.664,0.001,0.001,-0.001,-0.001,0.109,-0.000,-0.002,-14.112,-0.003,-13.594,-14.082,-13.564
-1.169,-8.998,-0.001,1.000,-0.000,0.000,0.014,-0.049,-0.048,-3.552,-0.050,-3.425,-3.542,-3.416,-0.672,0.000,0.000,-0.001,-0.001,0.110,-0.000,-0.001,-14.284,-0.002,-13.758,-14.254,-13.728
-1.175,-8.998,-0.001,1.000,-0.000,0.000,0.014,-0.049,-0.048,-3.695,-0.050,-3.564,-3.686,-3.554,-0.680,-0.001,0.000,0.000,-0.001,0.112,0.000,-0.001,-14.451,-0.002,-13.919,-14.422,-13.889
-1.182,-8.998,-0.001,1.000,-0.000,0.000,0.015,-0.049,-0.048,-3.841,-0.050,-3.704,-3.831,-3.693,-0.688,-0.001,0.000,0.002,-0.002,0.113,0.000,-0.000,-14.615,-0.001,-14.076,-14.586,-14.047
-1.189,-8.998,-0.001,1.000,-0.000,0.000,0.015,-0.049,-0.048,-3.988,-0.050,-3.845,-3.977,-3.835,-0.696,-0.002,0.001,0.004,-0.002,0.114,0.000,0.001,-14.773,-0.000,-14.229,-14.744,-14.200
-1.196,-8.998,-0.001,1.000,-0.000,0.000,0.016,-0.049,-0.048,-4.136,-0.050,-3.988,-4.126,-3.977,-0.703,-0.003,0.002,0.006,-0.002,0.115,0.001,0.001,-14.925,0.000,-14.378,-14.897,-14.349
-1.203,-8.998,-0.001,1.000,0.000,0.000,0.016,-0.049,-0.048,-4.286,-0.050,-4.133,-4.275,-4.122,-0.711,-0.004,0.004,0.009,-0.002,0.117,0.001,0.002,-15.070,0.001,-14.521,-15.043,-14.493
-1.210,-8.998,-0.001,1.000,0.000,0.000,0.017,-0.049,-0.048,-4.438,-0.050,-4.279,-4.426,-4.267,-0.718,-0.005,0.006,0.012,-0.002,0.118,0.001,0.002,-15.207,0.002,-14.659,-15.181,-14.632
-1.218,-8.998,-0.001,1.000,0.000,0.000,0.018,-0.049,-0.048,-4.590,-0.050,-4.426,-4.579,-4.414,-0.725,-0.006,0.008,0.014,-0.001,0.119,0.001,0.003,-15.337,0.002,-14.790,-15.311,-14.764
-1.225,-8.998,-0.001,1.000,0.000,0.000,0.018,-0.049,-0.048,-4.744,-0.050,-4.574,-4.733,-4.562,-0.732,-0.006,0.011,0.015,-0.001,0.120,0.001,0.003,-15.457,0.003,-14.915,-15.433,-14.890
-1.232,-8.998,-0.001,1.000,0.000,0.000,0.019,-0.049,-0.048,-4.899,-0.050,-4.724,-4.887,-4.712,-0.739,-0.007,0.014,0.016,-0.001,0.122,0.001,0.003,-15.569,0.003,-15.032,-15.545,-15.008
-1.240,-8.998,-0.001,1.000,0.000,0.000,0.019,-0.049,-0.048,-5.056,-0.050,-4.875,-5.043,-4.863,-0.747,-0.008,0.016,0.015,-0.001,0.123,0.001,0.003,-15.673,0.003,-15.142,-15.650,-15.118
-1.247,-8.998,-0.001,1.000,0.000,0.000,0.020,-0.049,-0.048,-5.213,-0.050,-5.027,-5.200,-5.014,-0.754,-0.009,0.019,0.012,-0.000,0.124,0.001,0.004,-15.770,0.003,-15.245,-15.747,-15.222
-1.255,-8.998,-0.000,1.000,0.000,0.000,0.021,-0.049,-0.048,-5.371,-0.050,-5.180,-5.358,-5.167,-0.761,-0.010,0.020,0.008,0.000,0.125,0.001,0.003,-15.861,0.003,-15.341,-15.839,-15.318
-1.262,-8.999,-0.000,1.000,0.001,0.000,0.021,-0.049,-0.048,-5.530,-0.050,-5.334,-5.517,-5.321,-0.768,-0.012,0.020,0.003,0.001,0.126,0.001,0.003,-15.949,0.003,-15.431,-15.926,-15.408
-1.270,-8.999,0.000,1.000,0.001,0.000,0.022,-0.049,-0.048,-5.690,-0.049,-5.488,-5.677,-5.475,-0.775,-0.013,0.019,-0.004,0.001,0.127,0.001,0.003,-16.034,0.003,-15.515,-16.012,-15.492
-1.278,-8.999,0.000,1.000,0.000,0.000,0.022,-0.049,-0.048,-5.851,-0.049,-5.644,-5.837,-5.630,-0.782,-0.014,0.017,-0.011,0.001,0.128,0.000,0.002,-16.119,0.003,-15.596,-16.096,-15.573
-1.286,-8.999,0.000,1.000,0.000,0.000,0.023,-0.049,-0.048,-6.012,-0.049,-5.800,-5.999,-5.787,-0.789,-0.015,0.014,-0.018,0.001,0.129,0.000,0.002,-16.206,0.002,-15.675,-16.182,-15.651
-1.294,-8.999,0.001,1.000,0.000,0.000,0.024,-0.049,-0.048,-6.175,-0.049,-5.957,-6.161,-5.943,-0.795,-0.016,0.010,-0.024,0.001,0.130,-0.000,0.001,-16.296,0.002,-15.752,-16.272,-15.727
-1.302,-8.999,0.001,1.000,0.000,0.000,0.024,-0.049,-0.048,-6.338,-0.049,-6.115,-6.324,-6.101,-0.801,-0.017,0.006,-0.029,0.001,0.130,-0.000,0.000,-16.390,0.001,-15.829,-16.365,-15.803
-1.310,-8.999,0.001,1.000,0.000,0.000,0.025,-0.049,-0.048,-6.503,-0.049,-6.274,-6.488,-6.260,-0.806,-0.018,0.000,-0.033,0.000,0.131,-0.000,-0.001,-16.489,0.001,-15.907,-16.462,-15.880
-1.318,-9.000,0.001,1.000,-0.000,0.000,0.026,-0.049,-0.048,-6.668,-0.049,-6.434,-6.654,-6.419,-0.811,-0.020,-0.005,-0.034,0.000,0.132,-0.001,-0.001,-16.592,0.000,-15.986,-16.565,-15.959
-1.326,-9.000,0.001,1.000,-0.000,0.000,0.026,-0.049,-0.048,-6.835,-0.049,-6.594,-6.820,-6.579,-0.815,-0.021,-0.010,-0.034,-0.000,0.132,-0.001,-0.002,-16.699,-0.001,-16.068,-16.671,-16.040
-1.334,-9.000,0.000,1.000,-0.000,0.000,0.027,-0.049,-0.048,-7.002,-0.049,-6.755,-6.987,-6.740,-0.819,-0.022,-0.015,-0.030,-0.001,0.133,-0.001,-0.003,-16.809,-0.001,-16.152,-16.781,-16.124
-1.342,-9.000,0.000,1.000,-0.001,0.000,0.028,-0.049,-0.048,-7.171,-0.049,-6.917,-7.155,-6.901,-0.821,-0.023,-0.019,-0.025,-0.002,0.133,-0.001,-0.003,-16.920,-0.002,-16.239,-16.892,-16.210
-1.351,-9.000,0.000,1.000,-0.001,0.000,0.028,-0.049,-0.048,-7.341,-0.049,-7.080,-7.325,-7.064,-0.823,-0.024,-0.022,-0.018,-0.002,0.133,-0.001,-0.004,-17.030,-0.002,-16.327,-17.002,-16.298
-1.359,-9.001,-0.000,1.000,-0.001,0.000,0.029,-0.049,-0.048,-7.511,-0.049,-7.243,-7.495,-7.227,-0.825,-0.025,-0.023,-0.009,-0.002,0.134,-0.001,-0.004,-17.137,-0.003,-16.415,-17.109,-16.387
-1.367,-9.001,-0.000,1.000,-0.001,0.000,0.030,-0.049,-0.048,-7.683,-0.050,-7.408,-7.667,-7.391,-0.826,-0.027,-0.023,0.000,-0.003,0.134,-0.001,-0.004,-17.239,-0.003,-16.504,-17.211,-16.476
-1.375,-9.001,-0.001,1.000,-0.001,0.000,0.030,-0.049,-0.048,-7.856,-0.050,-7.573,-7.840,-7.557,-0.827,-0.028,-0.022,0.009,-0.003,0.135,-0.001,-0.004,-17.333,-0.004,-16.591,-17.307,-16.564
-1.384,-9.002,-0.001,1.000,-0.001,-0.000,0.031,-0.049,-0.048,-8.030,-0.050,-7.740,-8.013,-7.723,-0.828,-0.029,-0.019,0.017,-0.003,0.135,-0.001,-0.004,-17.419,-0.004,-16.676,-17.394,-16.650
-1.392,-9.002,-0.001,0.999,-0.001,-0.000,0.032,-0.049,-0.048,-8.204,-0.050,-7.907,-8.187,-7.890,-0.829,-0.030,-0.016,0.023,-0.002,0.136,-0.001,-0.004,-17.495,-0.004,-16.757,-17.471,-16.732
-1.400,-9.002,-0.001,0.999,-0.000,-0.000,0.032,-0.049,-0.048,-8.380,-0.050,-8.075,-8.362,-8.057,-0.830,-0.031,-0.012,0.026,-0.002,0.136,-0.001,-0.003,-17.562,-0.004,-16.833,-17.540,-16.810
-1.409,-9.002,-0.001,0.999,-0.000,-0.000,0.033,-0.049,-0.048,-8.556,-0.050,-8.244,-8.538,-8.226,-0.831,-0.032,-0.008,0.026,-0.001,0.137,-0.001,-0.003,-17.621,-0.003,-16.904,-17.600,-16.882
-1.417,-9.003,-0.001,0.999,-0.000,-0.000,0.034,-0.049,-0.048,-8.732,-0.050,-8.413,-8.714,-8.395,-0.833,-0.033,-0.005,0.024,-0.001,0.137,-0.000,-0.003,-17.673,-0.003,-16.970,-17.653,-16.949
-1.425,-9.003,-0.001,0.999,-0.000,-0.000,0.034,-0.049,-0.048,-8.909,-0.050,-8.583,-8.891,-8.565,-0.834,-0.035,-0.002,0.019,-0.000,0.138,-0.000,-0.002,-17.721,-0.003,-17.031,-17.702,-17.011
-1.434,-9.003,-0.001,0.999,-0.000,-0.000,0.035,-0.049,-0.048,-9.087,-0.050,-8.754,-9.068,-8.735,-0.836,-0.036,0.000,0.013,0.000,0.138,-0.000,-0.002,-17.766,-0.003,-17.088,-17.747,-17.068
-1.442,-9.004,-0.001,0.999,0.000,-0.000,0.036,-0.049,-0.048,-9.264,-0.050,-8.925,-9.246,-8.906,-0.838,-0.037,0.002,0.007,0.000,0.139,-0.000,-0.001,-17.811,-0.002,-17.140,-17.792,-17.121
-1.450,-9.004,-0.001,0.999,0.000,-0.000,0.037,-0.049,-0.048,-9.443,-0.050,-9.096,-9.424,-9.078,-0.840,-0.038,0.002,0.001,0.000,0.139,-0.000,-0.001,-17.856,-0.002,-17.191,-17.838,-17.171
-1.459,-9.005,-0.001,0.999,0.000,-0.000,0.037,-0.049,-0.048,-9.622,-0.050,-9.269,-9.603,-9.250,-0.843,-0.040,0.002,-0.003,0.000,0.139,0.000,0.000,-17.904,-0.001,-17.239,-17.886,-17.220
-1.467,-9.005,-0.001,0.999,-0.000,-0.000,0.038,-0.049,-0.048,-9.801,-0.050,-9.441,-9.782,-9.422,-0.845,-0.041,0.002,-0.005,0.000,0.140,0.000,0.001,-17.954,-0.001,-17.288,-17.935,-17.268
-1.476,-9.005,-0.001,0.999,-0.000,-0.000,0.039,-0.049,-0.048,-9.981,-0.050,-9.614,-9.962,-9.595,-0.848,-0.042,0.001,-0.003,-0.000,0.140,0.001,0.001,-18.005,-0.000,-17.336,-17.986,-17.316
-1.484,-9.006,-0.001,0.999,-0.000,-0.000,0.039,-0.049,-0.048,-10.161,-0.050,-9.788,-10.142,-9.768,-0.850,-0.043,0.001,0.001,-0.000,0.141,0.001,0.002,-18.056,0.001,-17.385,-18.037,-17.365
-1.493,-9.006,-0.001,0.999,-0.000,-0.000,0.040,-0.049,-0.048,-10.342,-0.050,-9.962,-10.322,-9.942,-0.853,-0.045,0.002,0.007,-0.001,0.141,0.001,0.003,-18.106,0.001,-17.436,-18.087,-17.416
-1.501,-9.007,-0.001,0.999,0.000,-0.000,0.041,-0.049,-0.048,-10.523,-0.050,-10.137,-10.503,-10.117,-0.855,-0.046,0.003,0.016,-0.001,0.141,0.001,0.004,-18.151,0.002,-17.486,-18.134,-17.467
-1.510,-9.007,-0.001,0.999,0.000,-0.000,0.041,-0.049,-0.048,-10.705,-0.050,-10.312,-10.685,-10.292,-0.858,-0.047,0.005,0.025,-0.001,0.142,0.001,0.004,-18.191,0.003,-17.537,-18.174,-17.518
-1.518,-9.008,-0.001,0.999,0.000,-0.000,0.042,-0.049,-0.048,-10.887,-0.050,-10.487,-10.867,-10.467,-0.861,-0.049,0.008,0.032,-0.001,0.143,0.001,0.005,-18.224,0.004,-17.586,-18.208,-17.568
-1.527,-9.008,-0.001,0.999,0.000,-0.000,0.043,-0.049,-0.048,-11.069,-0.050,-10.663,-11.049,-10.643,-0.864,-0.050,0.011,0.038,-0.001,0.143,0.001,0.005,-18.248,0.004,-17.633,-18.233,-17.616
-1.536,-9.009,-0.001,0.999,0.001,-0.000,0.044,-0.049,-0.048,-11.252,-0.050,-10.840,-11.232,-10.819,-0.867,-0.052,0.015,0.039,-0.001,0.144,0.001,0.005,-18.263,0.005,-17.675,-18.250,-17.659
-1.544,-9.009,-0.001,0.999,0.001,-0.000,0.044,-0.049,-0.048,-11.434,-0.050,-11.017,-11.414,-10.996,-0.871,-0.053,0.018,0.036,-0.000,0.144,0.001,0.005,-18.272,0.005,-17.712,-18.260,-17.697
-1.553,-9.010,-0.001,0.999,0.001,-0.000,0.045,-0.049,-0.048,-11.617,-0.050,-11.194,-11.597,-11.173,-0.875,-0.055,0.021,0.028,0.000,0.145,0.001,0.005,-18.277,0.005,-17.742,-18.265,-17.729
-1.562,-9.010,-0.000,0.999,0.001,-0.000,0.046,-0.049,-0.048,-11.800,-0.050,-11.372,-11.779,-11.351,-0.879,-0.056,0.022,0.015,0.001,0.145,0.001,0.004,-18.279,0.005,-17.765,-18.268,-17.752
-1.571,-9.011,-0.000,0.999,0.001,0.000,0.046,-0.049,-0.048,-11.983,-0.049,-11.549,-11.962,-11.528,-0.883,-0.058,0.022,-0.001,0.002,0.146,0.000,0.003,-18.283,0.004,-17.781,-18.271,-17.769
-1.579,-9.011,0.000,0.999,0.001,0.000,0.047,-0.049,-0.048,-12.166,-0.049,-11.727,-12.145,-11.706,-0.887,-0.060,0.021,-0.019,0.002,0.146,0.000,0.002,-18.292,0.003,-17.791,-18.279,-17.778
-1.588,-9.012,0.000,0.999,0.001,0.000,0.048,-0.049,-0.048,-12.349,-0.049,-11.905,-12.328,-11.884,-0.890,-0.061,0.018,-0.037,0.003,0.146,-0.000,0.001,-18.308,0.002,-17.796,-18.294,-17.782
-1.597,-9.013,0.000,0.999,0.001,0.000,0.049,-0.049,-0.048,-12.532,-0.049,-12.083,-12.511,-12.062,-0.894,-0.063,0.013,-0.053,0.003,0.146,-0.001,-0.000,-18.333,0.001,-17.798,-18.317,-17.783
-1.606,-9.013,0.001,0.999,0.000,0.000,0.049,-0.049,-0.048,-12.715,-0.049,-12.261,-12.694,-12.239,-0.897,-0.064,0.008,-0.066,0.003,0.146,-0.001,-0.002,-18.370,0.001,-17.798,-18.351,-17.782
-1.615,-9.014,0.001,0.999,0.000,0.000,0.050,-0.049,-0.048,-12.899,-0.049,-12.439,-12.878,-12.417,-0.899,-0.066,0.001,-0.074,0.002,0.146,-0.001,-0.003,-18.416,-0.000,-17.800,-18.396,-17.781
-1.624,-9.015,0.001,0.999,-0.000,-0.000,0.051,-0.049,-0.048,-13.084,-0.049,-12.617,-13.062,-12.595,-0.901,-0.067,-0.005,-0.076,0.001,0.146,-0.001,-0.004,-18.473,-0.001,-17.805,-18.451,-17.784
-1.633,-9.015,0.000,0.999,-0.001,-0.000,0.052,-0.049,-0.048,-13.269,-0.049,-12.795,-13.247,-12.773,-0.902,-0.069,-0.011,-0.072,0.001,0.146,-0.001,-0.004,-18.537,-0.002,-17.814,-18.513,-17.791
-1.642,-9.016,0.000,0.999,-0.001,-0.000,0.052,-0.049,-0.048,-13.455,-0.049,-12.974,-13.432,-12.951,-0.902,-0.070,-0.017,-0.061,-0.000,0.145,-0.001,-0.005,-18.606,-0.002,-17.830,-18.580,-17.805
-1.651,-9.017,0.000,0.999,-0.001,-0.000,0.053,-0.049,-0.048,-13.641,-0.049,-13.152,-13.618,-13.129,-0.902,-0.071,-0.021,-0.046,-0.001,0.145,-0.001,-0.005,-18.676,-0.003,-17.851,-18.650,-17.825
-1.660,-9.017,-0.000,0.999,-0.001,-0.000,0.054,0.020,0.003,-13.828,0.005,-13.332,-13.805,-13.308,-0.898,-0.084,-0.024,-0.037,-0.002,0.073,11.072,8.646,-18.627,9.012,-18.100,-18.556,-17.965
-1.669,-9.018,-0.000,0.999,-0.002,-0.000,0.054,0.113,0.085,-14.013,0.087,-13.514,-13.989,-13.489,-0.894,-0.108,-0.024,-0.027,-0.003,-0.060,5.684,5.918,-18.402,5.842,-18.366,-18.341,-18.260
-1.678,-9.020,-0.001,0.999,-0.002,-0.000,0.053,0.113,0.095,-14.196,0.101,-13.699,-14.171,-13.673,-0.890,-0.125,-0.024,0.000,-0.003,-0.166,-5.050,-3.614,-18.205,-2.781,-18.568,-18.141,-18.529
-1.687,-9.021,-0.001,0.999,-0.002,-0.000,0.052,0.040,0.034,-14.378,0.049,-13.885,-14.353,-13.859,-0.889,-0.123,-0.021,0.044,-0.002,-0.169,-7.771,-6.993,-18.201,-6.225,-18.626,-18.133,-18.621
-1.696,-9.022,-0.001,0.999,-0.001,-0.000,0.051,-0.007,-0.012,-14.560,0.006,-14.071,-14.535,-14.045,-0.889,-0.108,-0.018,0.074,-0.003,-0.102,-0.925,-1.552,-18.297,-1.483,-18.572,-18.274,-18.567
-1.705,-9.023,-0.001,0.999,-0.001,-0.000,0.051,0.022,0.007,-14.743,0.025,-14.256,-14.718,-14.230,-0.888,-0.101,-0.014,0.074,-0.003,-0.065,5.711,4.682,-18.330,4.411,-18.542,-18.379,-18.549
-1.714,-9.024,-0.001,0.999,-0.001,-0.000,0.051,0.078,0.059,-14.926,0.072,-14.442,-14.902,-14.416,-0.886,-0.108,-0.010,0.054,-0.002,-0.104,4.335,4.478,-18.266,3.953,-18.646,-18.320,-18.656
-1.723,-9.025,-0.001,0.999,-0.000,-0.000,0.050,0.091,0.078,-15.109,0.088,-14.630,-15.084,-14.604,-0.882,-0.119,-0.006,0.038,-0.002,-0.169,-1.688,-0.676,-18.192,-0.777,-18.829,-18.160,-18.797
-1.731,-9.026,-0.001,0.999,-0.000,-0.000,0.049,0.055,0.051,-15.290,0.063,-14.819,-15.265,-14.792,-0.881,-0.120,-0.003,0.035,-0.001,-0.186,-4.569,-3.833,-18.182,-3.623,-18.932,-18.085,-18.861
-1.740,-9.028,-0.001,0.999,-0.000,-0.000,0.048,0.022,0.021,-15.472,0.034,-15.008,-15.446,-14.981,-0.882,-0.111,-0.000,0.033,0.001,-0.148,-1.514,-1.763,-18.213,-1.732,-18.882,-18.156,-18.838
-1.749,-9.029,-0.001,0.999,0.000,-0.000,0.048,0.029,0.023,-15.655,0.034,-15.196,-15.628,-15.169,-0.885,-0.103,0.001,0.021,0.002,-0.111,2.534,1.944,-18.232,1.683,-18.792,-18.258,-18.810
-1.758,-9.030,-0.001,0.999,0.000,-0.000,0.047,0.059,0.049,-15.837,0.058,-15.384,-15.811,-15.357,-0.886,-0.104,0.002,0.002,0.002,-0.120,2.821,2.725,-18.215,2.348,-18.805,-18.265,-18.843
-1.767,-9.031,-0.001,0.999,0.000,-0.000,0.046,0.073,0.066,-16.019,0.072,-15.572,-15.993,-15.546,-0.885,-0.110,0.002,-0.011,0.000,-0.156,-0.129,0.365,-18.190,0.321,-18.914,-18.188,-18.910
-1.776,-9.032,-0.001,0.999,0.000,-0.000,0.046,0.059,0.057,-16.201,0.063,-15.762,-16.175,-15.735,-0.884,-0.111,0.002,-0.010,-0.000,-0.176,-2.229,-1.737,-18.190,-1.681,-19.005,-18.137,-18.953
-1.784,-9.033,-0.001,0.999,0.000,-0.000,0.045,0.039,0.041,-16.383,0.047,-15.952,-16.356,-15.925,-0.886,-0.107,0.002,-0.001,0.000,-0.163,-1.318,-1.286,-18.219,-1.295,-19.002,-18.174,-18.955
-1.793,-9.034,-0.001,0.999,0.000,-0.000,0.044,0.037,0.036,-16.565,0.042,-16.142,-16.539,-16.114,-0.889,-0.102,0.002,0.008,0.000,-0.140,0.743,0.460,-18.259,0.323,-18.956,-18.246,-18.943
-1.802,-9.035,-0.001,0.999,0.000,-0.000,0.043,0.050,0.047,-16.748,0.051,-16.331,-16.721,-16.304,-0.890,-0.100,0.003,0.013,-0.000,-0.136,1.504,1.352,-18.278,1.136,-18.951,-18.282,-18.958
-1.811,-9.036,-0.001,0.999,0.000,-0.000,0.043,0.060,0.057,-16.931,0.059,-16.521,-16.904,-16.493,-0.891,-0.102,0.004,0.019,-0.001,-0.151,0.458,0.606,-18.270,0.492,-19.006,-18.264,-19.002
-1.820,-9.037,-0.001,0.999,0.000,-0.000,0.042,0.058,0.057,-17.113,0.059,-16.712,-17.086,-16.684,-0.892,-0.103,0.007,0.026,-0.002,-0.166,-0.750,-0.487,-18.252,-0.491,-19.070,-18.234,-19.050
-1.829,-9.038,-0.001,0.999,0.000,-0.000,0.041,0.049,0.051,-17.296,0.052,-16.903,-17.269,-16.874,-0.894,-0.102,0.010,0.034,-0.002,-0.166,-0.824,-0.691,-18.246,-0.710,-19.098,-18.228,-19.074
-1.838,-9.039,-0.001,0.999,0.001,-0.000,0.040,0.045,0.046,-17.478,0.047,-17.094,-17.451,-17.065,-0.897,-0.098,0.014,0.037,-0.001,-0.155,-0.112,-0.187,-18.255,-0.222,-19.092,-18.242,-19.077
-1.847,-9.040,-0.001,0.999,0.001,-0.000,0.039,0.047,0.047,-17.661,0.048,-17.284,-17.634,-17.256,-0.900,-0.096,0.018,0.033,-0.001,-0.147,0.535,0.363,-18.258,0.338,-19.083,-18.248,-19.074
-1.856,-9.041,-0.001,0.999,0.001,-0.000,0.039,0.052,0.051,-17.843,0.052,-17.475,-17.816,-17.447,-0.902,-0.095,0.021,0.022,-0.000,-0.150,0.397,0.363,-18.240,0.307,-19.087,-18.230,-19.080
-1.865,-9.042,-0.000,0.999,0.001,-0.000,0.038,0.054,0.054,-18.026,0.054,-17.666,-17.998,-17.637,-0.906,-0.096,0.023,0.008,0.000,-0.156,0.019,0.096,-18.209,0.078,-19.095,-18.199,-19.088
-1.874,-9.043,-0.000,0.999,0.001,-0.000,0.037,0.053,0.053,-18.208,0.053,-17.857,-18.180,-17.828,-0.909,-0.095,0.023,-0.006,0.001,-0.162,-0.238,-0.140,-18.181,-0.154,-19.094,-18.171,-19.087
-1.883,-9.044,0.000,0.999,0.001,-0.000,0.036,0.051,0.052,-18.389,0.052,-18.048,-18.362,-18.019,-0.912,-0.094,0.022,-0.021,0.002,-0.162,-0.180,-0.121,-18.167,-0.150,-19.079,-18.157,-19.072
-1.892,-9.045,0.000,0.999,0.001,-0.000,0.035,0.050,0.051,-18.571,0.051,-18.239,-18.543,-18.210,-0.916,-0.092,0.019,-0.034,0.003,-0.161,-0.040,-0.043,-18.167,-0.059,-19.057,-18.154,-19.048
-1.901,-9.046,0.000,0.999,0.001,-0.000,0.035,0.050,0.051,-18.753,0.050,-18.429,-18.725,-18.400,-0.919,-0.091,0.015,-0.045,0.003,-0.160,0.025,-0.011,-18.175,-0.019,-19.033,-18.160,-19.022
-1.911,-9.047,0.001,0.999,0.000,-0.000,0.034,0.050,0.051,-18.934,0.050,-18.619,-18.906,-18.590,-0.921,-0.089,0.009,-0.052,0.003,-0.159,0.037,0.000,-18.192,-0.005,-19.013,-18.174,-18.999
-1.920,-9.047,0.001,0.999,0.000,-0.000,0.033,0.050,0.051,-19.116,0.050,-18.809,-19.088,-18.780,-0.923,-0.088,0.002,-0.054,0.003,-0.159,0.026,0.003,-18.217,-0.002,-18.999,-18.196,-18.981
-1.929,-9.048,0.001,0.999,-0.000,-0.000,0.032,0.051,0.051,-19.299,0.050,-18.999,-19.270,-18.970,-0.924,-0.086,-0.005,-0.052,0.003,-0.160,0.011,0.003,-18.250,-0.003,-18.991,-18.226,-18.971
-1.938,-9.049,0.001,1.000,-0.000,-0.000,0.031,0.051,0.051,-19.481,0.050,-19.189,-19.453,-19.160,-0.925,-0.085,-0.012,-0.045,0.002,-0.160,0.001,0.002,-18.289,-0.005,-18.992,-18.263,-18.968
-1.948,-9.050,0.000,1.000,-0.001,-0.000,0.031,0.051,0.051,-19.665,0.050,-19.379,-19.636,-19.349,-0.924,-0.083,-0.018,-0.035,0.001,-0.159,-0.004,0.001,-18.333,-0.006,-19.002,-18.304,-18.975
-1.957,-9.051,0.000,1.000,-0.001,-0.000,0.030,0.051,0.051,-19.848,0.050,-19.569,-19.819,-19.539,-0.923,-0.082,-0.023,-0.021,-0.000,-0.159,-0.004,0.001,-18.378,-0.006,-19.020,-18.348,-18.991
-1.966,-9.052,-0.000,1.000,-0.001,-0.000,0.029,0.051,0.051,-20.032,0.050,-19.760,-20.002,-19.729,-0.921,-0.080,-0.025,-0.007,-0.001,-0.158,-0.003,0.000,-18.422,-0.006,-19.044,-18.391,-19.014
-1.975,-9.052,-0.000,1.000,-0.001,-0.000,0.028,0.050,0.051,-20.217,0.050,-19.950,-20.187,-19.919,-0.919,-0.078,-0.026,0.006,-0.002,-0.158,-0.002,0.000,-18.461,-0.006,-19.073,-18.430,-19.043
-1.984,-9.053,-0.001,1.000,-0.001,-0.000,0.027,0.050,0.051,-20.401,0.050,-20.141,-20.371,-20.110,-0.916,-0.076,-0.025,0.017,-0.003,-0.157,-0.001,0.000,-18.493,-0.006,-19.105,-18.464,-19.076
-1.994,-9.054,-0.001,1.000,-0.001,-0.000,0.027,0.050,0.051,-20.586,0.050,-20.332,-20.556,-20.301,-0.914,-0.075,-0.022,0.025,-0.003,-0.156,-0.000,-0.000,-18.517,-0.006,-19.137,-18.489,-19.109
-2.003,-9.055,-0.001,1.000,-0.000,-0.000,0.026,0.050,0.051,-20.772,0.050,-20.524,-20.741,-20.492,-0.911,-0.073,-0.018,0.029,-0.003,-0.155,-0.000,-0.000,-18.532,-0.006,-19.166,-18.507,-19.141
-2.012,-9.055,-0.001,1.000,-0.000,-0.000,0.025,0.050,0.051,-20.957,0.050,-20.716,-20.926,-20.684,-0.909,-0.072,-0.013,0.030,-0.003,-0.154,-0.000,-0.000,-18.539,-0.005,-19.191,-18.516,-19.169
-2.021,-9.056,-0.001,1.000,-0.000,-0.000,0.024,0.050,0.051,-21.142,0.050,-20.908,-21.111,-20.875,-0.907,-0.070,-0.009,0.027,-0.002,-0.153,-0.000,0.000,-18.539,-0.005,-19.211,-18.519,-19.191
-2.030,-9.057,-0.001,1.000,-0.000,-0.000,0.024,0.050,0.051,-21.328,0.050,-21.100,-21.296,-21.067,-0.906,-0.069,-0.004,0.021,-0.002,-0.153,-0.000,0.000,-18.535,-0.004,-19.226,-18.517,-19.209
-2.039,-9.058,-0.001,1.000,0.000,-0.000,0.023,0.050,0.051,-21.513,0.050,-21.292,-21.481,-21.260,-0.905,-0.067,-0.001,0.014,-0.001,-0.153,0.000,0.001,-18.528,-0.003,-19.236,-18.512,-19.220
-2.048,-9.058,-0.001,1.000,0.000,-0.000,0.022,0.050,0.051,-21.698,0.050,-21.485,-21.667,-21.452,-0.904,-0.066,0.001,0.008,0.000,-0.153,0.000,0.001,-18.522,-0.003,-19.242,-18.507,-19.228
-2.057,-9.059,-0.001,1.000,0.000,-0.000,0.021,0.050,0.051,-21.884,0.049,-21.677,-21.852,-21.644,-0.904,-0.064,0.002,0.002,0.001,-0.153,0.001,0.002,-18.518,-0.002,-19.246,-18.504,-19.233
-2.066,-9.060,-0.001,1.000,0.000,-0.000,0.021,0.050,0.051,-22.069,0.049,-21.869,-22.037,-21.837,-0.905,-0.063,0.003,-0.002,0.001,-0.153,0.001,0.002,-18.517,-0.001,-19.250,-18.503,-19.237
-2.075,-9.060,-0.001,1.000,0.000,-0.000,0.020,0.050,0.051,-22.254,0.049,-22.062,-22.222,-22.029,-0.905,-0.062,0.002,-0.004,0.001,-0.153,0.001,0.003,-18.520,-0.000,-19.255,-18.506,-19.242
-2.084,-9.061,-0.001,1.000,0.000,-0.000,0.019,0.050,0.051,-22.439,0.049,-22.255,-22.407,-22.221,-0.906,-0.060,0.002,-0.004,0.001,-0.153,0.001,0.004,-18.527,0.001,-19.262,-18.512,-19.248
-2.093,-9.061,-0.001,1.000,0.000,-0.000,0.018,0.051,0.051,-22.624,0.049,-22.447,-22.592,-22.414,-0.906,-0.059,0.001,-0.002,0.000,-0.153,0.002,0.004,-18.536,0.002,-19.271,-18.520,-19.257
-2.102,-9.062,-0.001,1.000,0.000,-0.000,0.017,0.051,0.051,-22.810,0.050,-22.640,-22.777,-22.607,-0.907,-0.058,0.002,0.002,-0.001,-0.154,0.002,0.005,-18.545,0.003,-19.282,-18.530,-19.268
-2.111,-9.062,-0.001,1.000,0.000,-0.000,0.017,0.051,0.051,-22.995,0.050,-22.833,-22.963,-22.799,-0.908,-0.056,0.003,0.006,-0.001,-0.154,0.002,0.005,-18.553,0.004,-19.294,-18.538,-19.280
-2.120,-9.063,-0.001,1.000,0.000,-0.000,0.016,0.051,0.051,-23.181,0.050,-23.026,-23.148,-22.992,-0.909,-0.055,0.005,0.010,-0.002,-0.154,0.002,0.006,-18.558,0.004,-19.305,-18.544,-19.292
-2.130,-9.064,-0.001,1.000,0.000,-0.000,0.015,0.051,0.051,-23.366,0.050,-23.219,-23.333,-23.185,-0.911,-0.054,0.008,0.012,-0.002,-0.154,0.002,0.006,-18.557,0.005,-19.313,-18.546,-19.302
-2.139,-9.064,-0.001,1.000,0.000,-0.000,0.014,0.051,0.051,-23.552,0.050,-23.412,-23.519,-23.378,-0.912,-0.052,0.012,0.013,-0.002,-0.155,0.002,0.006,-18.551,0.005,-19.316,-18.541,-19.307
-2.148,-9.065,-0.001,1.000,0.000,-0.000,0.014,0.051,0.051,-23.738,0.050,-23.605,-23.704,-23.571,-0.914,-0.051,0.016,0.011,-0.002,-0.155,0.001,0.006,-18.539,0.005,-19.313,-18.531,-19.307
-2.157,-9.065,-0.001,1.000,0.000,-0.000,0.013,0.051,0.051,-23.923,0.050,-23.798,-23.889,-23.764,-0.917,-0.050,0.020,0.008,-0.001,-0.156,0.001,0.005,-18.521,0.005,-19.304,-18.515,-19.299
-2.166,-9.066,-0.001,1.000,0.000,-0.000,0.012,0.051,0.051,-24.108,0.050,-23.991,-24.075,-23.957,-0.919,-0.049,0.023,0.004,0.000,-0.156,0.001,0.005,-18.500,0.005,-19.289,-18.495,-19.286
-2.175,-9.066,-0.000,1.000,0.000,-0.000,0.011,0.051,0.052,-24.293,0.050,-24.184,-24.259,-24.150,-0.922,-0.048,0.024,-0.001,0.001,-0.157,0.001,0.004,-18.477,0.004,-19.268,-18.472,-19.266
-2.185,-9.067,-0.000,1.000,0.000,-0.000,0.011,0.051,0.052,-24.477,0.050,-24.377,-24.444,-24.343,-0.926,-0.046,0.024,-0.006,0.002,-0.158,0.000,0.003,-18.455,0.003,-19.245,-18.449,-19.242
-2.194,-9.067,0.000,1.000,0.000,-0.000,0.010,0.051,0.052,-24.662,0.050,-24.569,-24.628,-24.535,-0.929,-0.045,0.022,-0.011,0.003,-0.159,0.000,0.003,-18.436,0.002,-19.221,-18.429,-19.217
-2.203,-9.067,0.000,1.000,0.000,-0.000,0.009,0.051,0.052,-24.846,0.050,-24.761,-24.813,-24.727,-0.932,-0.044,0.018,-0.013,0.004,-0.159,-0.000,0.002,-18.422,0.002,-19.200,-18.412,-19.193
-2.212,-9.068,0.001,1.000,0.000,-0.000,0.008,0.051,0.052,-25.030,0.050,-24.953,-24.997,-24.919,-0.934,-0.042,0.012,-0.014,0.004,-0.160,-0.000,0.001,-18.415,0.001,-19.184,-18.402,-19.173
-2.222,-9.068,0.001,1.000,0.000,-0.000,0.007,0.051,0.052,-25.215,0.050,-25.145,-25.181,-25.110,-0.936,-0.041,0.005,-0.014,0.004,-0.160,-0.001,0.000,-18.416,-0.000,-19.175,-18.399,-19.160
-2.231,-9.069,0.001,1.000,0.000,-0.000,0.007,0.051,0.052,-25.399,0.050,-25.337,-25.365,-25.302,-0.937,-0.039,-0.003,-0.012,0.004,-0.161,-0.001,-0.000,-18.426,-0.001,-19.174,-18.404,-19.155
-2.241,-9.069,0.001,1.000,-0.000,0.000,0.006,0.051,0.052,-25.583,0.050,-25.528,-25.549,-25.493,-0.937,-0.038,-0.010,-0.009,0.003,-0.161,-0.001,-0.001,-18.442,-0.002,-19.182,-18.417,-19.158
-2.250,-9.069,0.000,1.000,-0.000,0.000,0.005,0.051,0.052,-25.768,0.050,-25.720,-25.733,-25.685,-0.937,-0.036,-0.017,-0.005,0.002,-0.161,-0.001,-0.002,-18.465,-0.003,-19.199,-18.437,-19.171
-2.259,-9.070,0.000,1.000,-0.000,0.000,0.004,0.051,0.052,-25.952,0.050,-25.912,-25.917,-25.877,-0.935,-0.034,-0.022,-0.002,0.001,-0.160,-0.001,-0.002,-18.493,-0.004,-19.222,-18.461,-19.192
-2.269,-9.070,-0.000,1.000,-0.000,0.000,0.003,0.051,0.052,-26.137,0.050,-26.105,-26.102,-26.069,-0.933,-0.033,-0.026,0.002,-0.001,-0.160,-0.001,-0.003,-18.523,-0.004,-19.251,-18.490,-19.218
-2.278,-9.070,-0.000,1.000,-0.000,0.000,0.003,0.051,0.052,-26.323,0.050,-26.297,-26.287,-26.261,-0.930,-0.031,-0.027,0.004,-0.002,-0.159,-0.001,-0.003,-18.553,-0.005,-19.281,-18.519,-19.248
-2.287,-9.071,-0.001,1.000,-0.000,0.000,0.002,0.051,0.051,-26.509,0.050,-26.490,-26.473,-26.454,-0.927,-0.030,-0.026,0.006,-0.003,-0.158,-0.001,-0.004,-18.580,-0.005,-19.311,-18.547,-19.279
-2.297,-9.071,-0.001,1.000,0.000,-0.000,0.001,0.051,0.051,-26.694,0.050,-26.684,-26.658,-26.647,-0.924,-0.028,-0.024,0.006,-0.004,-0.158,-0.001,-0.004,-18.604,-0.005,-19.338,-18.572,-19.307
-2.306,-9.071,-0.001,1.000,0.000,-0.000,0.000,0.051,0.051,-26.881,0.050,-26.877,-26.844,-26.840,-0.921,-0.027,-0.020,0.004,-0.004,-0.157,-0.001,-0.004,-18.621,-0.005,-19.359,-18.593,-19.331
-2.315,-9.072,-0.001,1.000,0.000,-0.000,-0.001,0.051,0.051,-27.067,0.050,-27.071,-27.030,-27.033,-0.919,-0.025,-0.015,0.003,-0.004,-0.156,-0.001,-0.004,-18.633,-0.005,-19.374,-18.607,-19.350
-2.324,-9.072,-0.001,1.000,0.000,-0.000,-0.001,0.051,0.051,-27.253,0.050,-27.264,-27.216,-27.227,-0.916,-0.024,-0.010,0.001,-0.003,-0.156,-0.001,-0.003,-18.639,-0.004,-19.382,-18.617,-19.361
-2.333,-9.072,-0.001,1.000,0.000,-0.000,-0.002,0.051,0.051,-27.440,0.050,-27.458,-27.402,-27.421,-0.914,-0.022,-0.005,-0.001,-0.002,-0.155,-0.001,-0.003,-18.640,-0.004,-19.385,-18.621,-19.366
-2.342,-9.072,-0.001,1.000,0.000,-0.000,-0.003,0.051,0.051,-27.626,0.049,-27.652,-27.589,-27.614,-0.913,-0.021,-0.002,-0.002,-0.001,-0.155,-0.000,-0.003,-18.638,-0.003,-19.382,-18.621,-19.367
-2.352,-9.073,-0.001,1.000,0.000,-0.000,-0.004,0.051,0.051,-27.812,0.049,-27.846,-27.775,-27.808,-0.912,-0.019,0.001,-0.002,-0.000,-0.155,-0.000,-0.002,-18.634,-0.002,-19.378,-18.619,-19.364
-2.361,-9.073,-0.001,1.000,0.000,-0.000,-0.005,0.051,0.051,-27.999,0.049,-28.040,-27.961,-28.002,-0.912,-0.018,0.002,-0.002,0.001,-0.155,0.000,-0.001,-18.631,-0.001,-19.373,-18.617,-19.360
-2.370,-9.073,-0.001,1.000,0.000,-0.000,-0.005,0.051,0.051,-28.185,0.049,-28.233,-28.147,-28.195,-0.912,-0.016,0.003,-0.002,0.001,-0.155,0.000,-0.000,-18.629,-0.000,-19.370,-18.615,-19.357
-2.379,-9.073,-0.001,1.000,0.000,-0.000,-0.006,0.051,0.051,-28.371,0.049,-28.427,-28.333,-28.389,-0.912,-0.015,0.002,-0.001,0.001,-0.155,0.001,0.001,-18.629,0.001,-19.369,-18.615,-19.356
-2.388,-9.073,-0.001,1.000,0.000,-0.000,-0.007,0.051,0.051,-28.558,0.049,-28.621,-28.519,-28.582,-0.913,-0.014,0.002,-0.001,0.001,-0.155,0.001,0.002,-18.632,0.002,-19.371,-18.617,-19.358
-2.397,-9.073,-0.001,1.000,0.000,-0.000,-0.008,0.051,0.051,-28.744,0.049,-28.815,-28.706,-28.776,-0.913,-0.012,0.001,-0.001,0.000,-0.155,0.001,0.002,-18.637,0.003,-19.376,-18.622,-19.363
-2.406,-9.073,-0.001,1.000,0.000,-0.000,-0.008,0.051,0.051,-28.930,0.049,-29.008,-28.892,-28.970,-0.914,-0.011,0.001,-0.002,-0.000,-0.155,0.001,0.003,-18.644,0.003,-19.383,-18.629,-19.369
-2.415,-9.074,-0.001,1.000,-0.000,-0.000,-0.009,0.051,0.051,-29.117,0.050,-29.202,-29.078,-29.163,-0.914,-0.009,0.002,-0.004,-0.001,-0.155,0.001,0.004,-18.652,0.004,-19.389,-18.637,-19.376
-2.425,-9.074,-0.001,1.000,-0.000,-0.000,-0.010,0.051,0.051,-29.303,0.050,-29.396,-29.265,-29.357,-0.915,-0.008,0.005,-0.006,-0.002,-0.155,0.001,0.004,-18.659,0.004,-19.393,-18.645,-19.382
-2.434,-9.074,-0.001,1.000,-0.000,-0.000,-0.011,0.051,0.051,-29.490,0.050,-29.590,-29.451,-29.551,-0.916,-0.007,0.008,-0.009,-0.002,-0.156,0.001,0.005,-18.663,0.005,-19.393,-18.651,-19.383
-2.443,-9.074,-0.001,1.000,-0.000,-0.000,-0.011,0.051,0.051,-29.677,0.050,-29.784,-29.638,-29.745,-0.918,-0.005,0.012,-0.011,-0.002,-0.156,0.001,0.005,-18.663,0.005,-19.386,-18.653,-19.379
-2.452,-9.074,-0.001,1.000,-0.000,-0.000,-0.012,0.051,0.052,-29.863,0.050,-29.978,-29.824,-29.939,-0.919,-0.004,0.016,-0.012,-0.002,-0.157,0.001,0.005,-18.658,0.005,-19.373,-18.651,-19.368
-2.461,-9.074,-0.001,1.000,-0.000,-0.000,-0.013,0.051,0.052,-30.050,0.050,-30.171,-30.011,-30.132,-0.922,-0.003,0.020,-0.012,-0.001,-0.157,0.001,0.004,-18.647,0.004,-19.353,-18.642,-19.351
-2.471,-9.074,-0.001,1.000,-0.000,-0.000,-0.014,0.051,0.052,-30.236,0.050,-30.365,-30.197,-30.325,-0.924,-0.001,0.023,-0.010,-0.000,-0.158,0.001,0.004,-18.631,0.004,-19.328,-18.628,-19.327
-2.480,-9.074,-0.000,1.000,-0.000,-0.000,-0.015,0.051,0.052,-30.422,0.050,-30.558,-30.383,-30.519,-0.927,0.000,0.024,-0.005,0.001,-0.158,0.001,0.004,-18.611,0.004,-19.300,-18.609,-19.300
-2.489,-9.074,-0.000,1.000,-0.000,-0.000,-0.015,0.051,0.052,-30.608,0.050,-30.751,-30.569,-30.711,-0.930,0.002,0.024,0.000,0.003,-0.159,0.001,0.003,-18.588,0.003,-19.272,-18.586,-19.272
-2.498,-9.074,0.000,1.000,-0.000,-0.000,-0.016,0.051,0.052,-30.794,0.050,-30.943,-30.755,-30.904,-0.933,0.003,0.022,0.007,0.004,-0.159,0.000,0.003,-18.564,0.003,-19.247,-18.561,-19.245
-2.508,-9.074,0.000,1.000,-0.000,-0.000,-0.017,0.051,0.052,-30.980,0.050,-31.136,-30.940,-31.096,-0.936,0.005,0.018,0.015,0.005,-0.160,0.000,0.003,-18.541,0.002,-19.229,-18.536,-19.224
-2.517,-9.074,0.001,1.000,-0.000,-0.000,-0.018,0.051,0.052,-31.165,0.050,-31.328,-31.126,-31.289,-0.938,0.006,0.013,0.022,0.005,-0.160,0.000,0.002,-18.522,0.001,-19.219,-18.512,-19.210
-2.526,-9.074,0.001,1.000,-0.000,-0.000,-0.019,0.051,0.052,-31.350,0.050,-31.520,-31.311,-31.481,-0.940,0.008,0.006,0.027,0.005,-0.160,-0.000,0.001,-18.507,0.000,-19.219,-18.493,-19.205
-2.536,-9.074,0.001,1.000,0.000,-0.000,-0.019,0.051,0.052,-31.535,0.050,-31.712,-31.495,-31.673,-0.941,0.009,-0.002,0.031,0.005,-0.160,-0.001,0.001,-18.498,-0.001,-19.229,-18.480,-19.210
-2.545,-9.073,0.001,1.000,0.000,0.000,-0.020,0.051,0.052,-31.720,0.050,-31.905,-31.680,-31.865,-0.941,0.011,-0.009,0.032,0.004,-0.160,-0.001,-0.000,-18.497,-0.002,-19.250,-18.473,-19.226
-2.555,-9.073,0.000,1.000,0.000,0.000,-0.021,0.051,0.052,-31.905,0.050,-32.097,-31.865,-32.057,-0.940,0.013,-0.016,0.029,0.003,-0.160,-0.001,-0.001,-18.502,-0.003,-19.279,-18.474,-19.250
-2.564,-9.073,0.000,1.000,0.001,0.000,-0.022,0.051,0.052,-32.090,0.050,-32.290,-32.050,-32.250,-0.939,0.014,-0.022,0.024,0.001,-0.160,-0.001,-0.002,-18.513,-0.003,-19.313,-18.482,-19.281
