5.000,-5.000,0.001,1.000,0.000,0.000,0.000,-0.000,-0.000,0.000,-0.000,0.000,0.000,0.000,-0.000,-0.000,0.000,-0.000,-0.000,-0.000,0.000,0.000,-0.000,0.000,-0.000,-0.000,-0.000
5.000,-5.000,0.001,1.000,-0.000,-0.000,-0.000,0.471,0.375,-0.000,0.342,-0.000,0.005,0.004,0.041,-0.000,0.008,-0.003,-0.073,-0.033,70.880,56.155,0.122,52.219,0.109,0.895,0.772
5.001,-5.000,0.001,1.000,0.000,-0.000,-0.000,0.931,0.773,0.005,0.694,0.006,0.015,0.015,0.056,0.013,0.003,0.012,-0.032,0.079,22.248,19.570,0.869,17.632,1.158,1.080,1.364
5.001,-5.000,0.001,1.000,0.000,-0.001,0.001,1.014,0.855,0.017,0.770,0.022,0.027,0.031,0.069,0.028,0.000,0.015,-0.010,0.164,-2.256,-0.797,1.556,-0.256,2.030,1.190,1.841
5.002,-4.999,0.001,1.000,0.000,-0.001,0.002,0.937,0.798,0.035,0.724,0.046,0.039,0.052,0.085,0.038,-0.001,0.009,-0.003,0.223,-11.353,-9.429,2.099,-7.822,2.758,1.373,2.303
5.003,-4.999,0.001,1.000,0.000,-0.001,0.003,0.819,0.699,0.058,0.639,0.077,0.055,0.077,0.105,0.046,-0.001,0.002,-0.002,0.261,-11.346,-9.382,2.509,-8.339,3.365,1.667,2.796
5.004,-4.999,0.001,1.000,0.000,-0.001,0.004,0.719,0.616,0.085,0.565,0.113,0.073,0.108,0.128,0.050,-0.001,-0.003,-0.002,0.286,-8.311,-7.209,2.873,-6.371,3.887,2.048,3.312
5.006,-4.998,0.001,1.000,0.000,-0.001,0.006,0.653,0.555,0.116,0.510,0.154,0.096,0.144,0.152,0.053,-0.002,-0.004,-0.001,0.304,-4.991,-5.005,3.230,-4.505,4.371,2.467,3.830
5.007,-4.997,0.001,1.000,0.000,-0.001,0.007,0.617,0.514,0.150,0.473,0.200,0.122,0.184,0.176,0.056,-0.002,-0.002,0.000,0.320,-2.390,-3.244,3.590,-3.040,4.837,2.893,4.337
5.009,-4.997,0.001,1.000,0.000,-0.001,0.009,0.602,0.488,0.187,0.448,0.251,0.153,0.230,0.198,0.059,-0.002,0.001,0.002,0.336,-0.768,-2.011,3.955,-1.992,5.298,3.308,4.830
5.011,-4.996,0.001,1.000,0.000,-0.001,0.011,0.598,0.472,0.229,0.432,0.306,0.189,0.281,0.220,0.063,-0.003,0.004,0.004,0.353,0.036,-1.219,4.321,-1.286,5.758,3.704,5.309
5.014,-4.996,0.000,1.000,0.000,-0.001,0.012,0.601,0.463,0.274,0.422,0.366,0.227,0.336,0.241,0.067,-0.003,0.007,0.005,0.373,0.315,-0.739,4.686,-0.829,6.217,4.078,5.773
5.016,-4.995,0.000,1.000,0.000,-0.001,0.014,0.604,0.457,0.323,0.415,0.431,0.270,0.396,0.260,0.072,-0.004,0.010,0.006,0.394,0.323,-0.459,5.044,-0.539,6.674,4.432,6.224
5.019,-4.994,0.000,1.000,0.000,-0.001,0.016,0.607,0.453,0.375,0.411,0.500,0.316,0.461,0.279,0.077,-0.004,0.012,0.006,0.416,0.232,-0.295,5.394,-0.355,7.126,4.767,6.663
5.022,-4.993,0.000,1.000,0.000,-0.001,0.018,0.608,0.451,0.430,0.408,0.573,0.365,0.530,0.297,0.082,-0.005,0.014,0.006,0.438,0.132,-0.197,5.735,-0.237,7.572,5.087,7.090
5.025,-4.993,0.000,1.000,0.000,-0.000,0.021,0.609,0.449,0.489,0.406,0.651,0.418,0.603,0.314,0.088,-0.006,0.015,0.006,0.461,0.061,-0.134,6.067,-0.160,8.010,5.393,7.505
5.028,-4.992,0.000,1.000,0.000,-0.000,0.023,0.610,0.448,0.552,0.404,0.733,0.473,0.680,0.330,0.093,-0.007,0.016,0.006,0.483,0.021,-0.091,6.389,-0.108,8.439,5.687,7.909
5.031,-4.991,0.000,1.000,0.001,-0.000,0.026,0.610,0.447,0.617,0.403,0.820,0.531,0.761,0.346,0.099,-0.008,0.016,0.006,0.505,0.001,-0.061,6.701,-0.073,8.859,5.969,8.302
5.035,-4.990,0.000,1.000,0.001,-0.000,0.028,0.610,0.447,0.686,0.403,0.911,0.592,0.846,0.361,0.105,-0.008,0.016,0.006,0.526,-0.005,-0.040,7.004,-0.050,9.268,6.241,8.684
5.038,-4.989,0.000,1.000,0.001,-0.000,0.031,0.610,0.446,0.757,0.402,1.005,0.656,0.934,0.376,0.111,-0.009,0.016,0.006,0.547,-0.006,-0.026,7.297,-0.034,9.667,6.503,9.054
5.042,-4.987,-0.000,0.999,0.001,-0.000,0.034,0.610,0.446,0.832,0.402,1.104,0.723,1.027,0.389,0.118,-0.010,0.016,0.005,0.568,-0.005,-0.016,7.582,-0.022,10.056,6.756,9.415
5.046,-4.986,-0.000,0.999,0.001,-0.000,0.036,0.610,0.446,0.909,0.402,1.206,0.791,1.123,0.402,0.124,-0.010,0.014,0.005,0.587,-0.003,-0.010,7.857,-0.015,10.433,7.001,9.764
5.050,-4.985,-0.000,0.999,0.001,-0.000,0.039,0.610,0.446,0.989,0.402,1.312,0.863,1.222,0.415,0.130,-0.011,0.012,0.005,0.606,-0.002,-0.007,8.124,-0.011,10.799,7.237,10.103
5.055,-4.984,-0.000,0.999,0.001,-0.000,0.043,0.610,0.446,1.071,0.402,1.422,0.936,1.325,0.426,0.137,-0.011,0.009,0.004,0.624,-0.001,-0.004,8.382,-0.007,11.153,7.466,10.431
5.059,-4.982,-0.001,0.999,0.001,-0.000,0.046,0.610,0.446,1.156,0.402,1.535,1.012,1.431,0.437,0.143,-0.011,0.005,0.003,0.642,-0.000,-0.003,8.632,-0.005,11.496,7.687,10.748
5.063,-4.981,-0.001,0.999,0.001,-0.000,0.049,0.610,0.446,1.244,0.402,1.652,1.090,1.540,0.448,0.149,-0.010,0.001,0.002,0.659,0.000,-0.002,8.873,-0.003,11.826,7.901,11.055
5.068,-4.979,-0.001,0.999,0.001,-0.000,0.052,0.610,0.446,1.334,0.402,1.772,1.170,1.652,0.458,0.156,-0.010,-0.005,0.001,0.675,0.000,-0.001,9.107,-0.001,12.143,8.108,11.350
5.072,-4.978,-0.001,0.998,0.001,-0.000,0.056,0.610,0.446,1.426,0.402,1.895,1.252,1.767,0.467,0.163,-0.009,-0.010,-0.000,0.690,0.000,-0.001,9.333,0.001,12.448,8.308,11.634
5.077,-4.976,-0.001,0.998,0.001,-0.000,0.059,0.610,0.446,1.520,0.402,2.021,1.336,1.884,0.476,0.169,-0.008,-0.015,-0.002,0.705,0.000,-0.001,9.551,0.002,12.740,8.503,11.907
5.082,-4.974,-0.001,0.998,0.001,-0.000,0.063,0.610,0.446,1.617,0.402,2.150,1.422,2.005,0.485,0.176,-0.007,-0.020,-0.003,0.720,0.000,-0.001,9.763,0.003,13.020,8.692,12.169
5.087,-4.972,-0.001,0.998,0.001,-0.000,0.066,0.610,0.446,1.716,0.402,2.281,1.510,2.128,0.493,0.183,-0.006,-0.024,-0.004,0.734,0.000,-0.001,9.967,0.004,13.288,8.875,12.419
5.092,-4.971,-0.001,0.998,0.001,-0.000,0.070,0.610,0.446,1.816,0.402,2.415,1.599,2.253,0.501,0.190,-0.005,-0.027,-0.005,0.747,0.000,-0.001,10.165,0.005,13.544,9.053,12.660
5.097,-4.969,-0.001,0.997,0.000,-0.000,0.074,0.610,0.446,1.919,0.402,2.552,1.691,2.381,0.508,0.197,-0.003,-0.029,-0.006,0.761,0.000,-0.001,10.356,0.005,13.790,9.226,12.890
5.102,-4.967,-0.001,0.997,0.000,-0.000,0.078,0.610,0.446,2.023,0.402,2.691,1.784,2.511,0.515,0.204,-0.002,-0.030,-0.007,0.773,0.000,-0.002,10.541,0.005,14.022,9.395,13.113
5.107,-4.965,-0.001,0.997,0.000,-0.000,0.082,0.610,0.446,2.130,0.402,2.832,1.879,2.643,0.522,0.211,-0.001,-0.029,-0.008,0.785,-0.000,-0.002,10.722,0.004,14.243,9.561,13.328
5.112,-4.962,-0.001,0.996,0.000,-0.001,0.085,0.610,0.446,2.238,0.402,2.976,1.975,2.777,0.528,0.218,-0.000,-0.027,-0.009,0.797,-0.000,-0.002,10.897,0.004,14.454,9.723,13.537
5.118,-4.960,-0.001,0.996,-0.000,-0.001,0.089,0.610,0.446,2.348,0.402,3.122,2.073,2.914,0.535,0.225,0.000,-0.023,-0.009,0.809,-0.000,-0.003,11.066,0.003,14.658,9.880,13.738
5.123,-4.958,-0.001,0.996,-0.000,-0.001,0.094,0.610,0.446,2.459,0.402,3.269,2.173,3.052,0.541,0.233,0.000,-0.018,-0.008,0.820,-0.001,-0.003,11.230,0.002,14.855,10.034,13.934
5.129,-4.956,-0.001,0.995,-0.000,-0.001,0.098,0.610,0.446,2.572,0.402,3.419,2.274,3.192,0.546,0.240,0.001,-0.012,-0.007,0.830,-0.001,-0.003,11.388,0.001,15.048,10.182,14.125
5.134,-4.953,-0.001,0.995,-0.000,-0.001,0.102,0.610,0.446,2.687,0.402,3.570,2.376,3.335,0.552,0.248,0.001,-0.006,-0.005,0.841,-0.001,-0.003,11.541,0.001,15.237,10.326,14.310
5.140,-4.951,-0.001,0.994,-0.000,-0.001,0.106,0.610,0.446,2.803,0.402,3.723,2.480,3.479,0.557,0.256,0.001,-0.001,-0.004,0.851,-0.000,-0.002,11.689,0.000,15.422,10.464,14.492
5.145,-4.948,-0.001,0.994,-0.000,-0.001,0.110,0.610,0.446,2.921,0.402,3.878,2.586,3.624,0.562,0.263,0.001,0.001,-0.003,0.861,-0.000,-0.002,11.833,0.000,15.603,10.596,14.669
5.151,-4.945,-0.001,0.993,-0.000,-0.001,0.115,0.610,0.446,3.040,0.402,4.035,2.692,3.772,0.566,0.271,0.001,-0.001,-0.003,0.872,-0.000,-0.002,11.972,0.001,15.779,10.723,14.842
5.157,-4.943,-0.001,0.993,-0.000,-0.001,0.119,0.610,0.446,3.160,0.402,4.194,2.800,3.921,0.570,0.279,0.002,-0.006,-0.005,0.883,0.000,-0.001,12.109,0.002,15.949,10.843,15.009
5.162,-4.940,-0.001,0.992,-0.000,-0.001,0.123,0.610,0.445,3.282,0.402,4.354,2.909,4.072,0.574,0.288,0.003,-0.012,-0.008,0.895,0.000,-0.001,12.245,0.003,16.114,10.957,15.171
5.168,-4.937,-0.001,0.992,-0.000,-0.001,0.128,0.610,0.445,3.405,0.402,4.516,3.019,4.225,0.577,0.297,0.004,-0.020,-0.011,0.908,0.000,-0.001,12.378,0.004,16.273,11.064,15.329
5.174,-4.934,-0.001,0.991,-0.001,-0.001,0.132,0.610,0.445,3.529,0.402,4.680,3.130,4.379,0.580,0.306,0.006,-0.029,-0.015,0.922,0.001,-0.001,12.507,0.005,16.424,11.166,15.479
5.180,-4.931,-0.001,0.991,-0.001,-0.001,0.137,0.610,0.445,3.655,0.402,4.845,3.242,4.534,0.583,0.315,0.008,-0.040,-0.018,0.937,0.001,-0.001,12.632,0.006,16.565,11.264,15.621
5.185,-4.928,-0.001,0.990,-0.001,-0.001,0.142,0.610,0.445,3.782,0.402,5.011,3.356,4.691,0.585,0.324,0.009,-0.052,-0.019,0.951,0.001,-0.001,12.754,0.007,16.695,11.362,15.753
5.191,-4.924,-0.001,0.989,-0.001,-0.001,0.146,0.610,0.445,3.910,0.402,5.179,3.470,4.849,0.588,0.333,0.010,-0.064,-0.019,0.965,0.001,-0.001,12.873,0.007,16.812,11.460,15.875
5.197,-4.921,-0.001,0.989,-0.002,-0.001,0.151,0.610,0.445,4.039,0.402,5.347,3.585,5.009,0.590,0.342,0.011,-0.074,-0.017,0.977,0.000,-0.002,12.990,0.007,16.917,11.563,15.986
5.203,-4.917,-0.001,0.988,-0.002,-0.002,0.156,0.610,0.445,4.170,0.403,5.517,3.701,5.169,0.593,0.351,0.012,-0.081,-0.016,0.986,-0.000,-0.002,13.106,0.005,17.010,11.672,16.086
5.209,-4.914,-0.000,0.987,-0.002,-0.002,0.161,0.610,0.445,4.302,0.403,5.687,3.818,5.330,0.596,0.360,0.012,-0.084,-0.013,0.993,-0.001,-0.003,13.220,0.003,17.092,11.791,16.177
5.215,-4.910,-0.000,0.986,-0.003,-0.002,0.166,0.610,0.445,4.434,0.403,5.859,3.937,5.492,0.599,0.368,0.012,-0.080,-0.011,0.995,-0.001,-0.004,13.333,0.001,17.164,11.921,16.259
5.221,-4.906,-0.000,0.985,-0.003,-0.002,0.171,0.610,0.445,4.568,0.403,6.031,4.057,5.655,0.602,0.377,0.011,-0.067,-0.007,0.995,-0.002,-0.004,13.433,-0.002,17.233,12.059,16.336
5.227,-4.903,-0.000,0.984,-0.003,-0.002,0.176,0.610,0.445,4.703,0.403,6.203,4.178,5.819,0.604,0.385,0.010,-0.041,-0.004,0.995,-0.002,-0.005,13.528,-0.005,17.309,12.194,16.415
5.233,-4.899,-0.000,0.984,-0.004,-0.002,0.180,0.610,0.445,4.839,0.402,6.377,4.301,5.984,0.607,0.393,0.008,-0.003,0.001,0.996,-0.002,-0.005,13.621,-0.007,17.396,12.318,16.496
5.239,-4.895,0.000,0.983,-0.003,-0.002,0.185,0.610,0.445,4.975,0.402,6.551,4.424,6.149,0.608,0.402,0.005,0.037,0.005,0.997,-0.002,-0.004,13.705,-0.008,17.495,12.427,16.584
5.245,-4.891,0.000,0.982,-0.003,-0.002,0.190,0.610,0.445,5.113,0.402,6.727,4.549,6.315,0.610,0.410,0.003,0.076,0.009,1.000,-0.002,-0.004,13.778,-0.009,17.607,12.518,16.681
5.251,-4.887,0.000,0.981,-0.003,-0.002,0.195,0.610,0.445,5.251,0.402,6.904,4.675,6.483,0.610,0.419,0.001,0.111,0.011,1.004,-0.002,-0.003,13.841,-0.010,17.731,12.592,16.789
5.257,-4.882,0.000,0.980,-0.002,-0.001,0.200,0.610,0.445,5.390,0.402,7.082,4.801,6.651,0.610,0.427,-0.001,0.140,0.012,1.007,-0.001,-0.003,13.892,-0.009,17.865,12.648,16.907
5.264,-4.878,0.000,0.979,-0.001,-0.001,0.205,0.610,0.445,5.529,0.402,7.261,4.927,6.821,0.609,0.436,-0.003,0.162,0.014,1.012,-0.001,-0.002,13.932,-0.009,18.008,12.689,17.033
5.270,-4.874,0.000,0.978,-0.001,-0.001,0.210,0.610,0.445,5.668,0.402,7.442,5.055,6.992,0.608,0.444,-0.005,0.177,0.015,1.016,-0.001,-0.001,13.961,-0.008,18.157,12.713,17.166
5.276,-4.869,-0.000,0.977,0.000,-0.001,0.215,0.610,0.445,5.808,0.402,7.624,5.182,7.164,0.606,0.452,-0.006,0.182,0.017,1.021,-0.000,-0.000,13.983,-0.007,18.309,12.723,17.303
5.282,-4.865,-0.000,0.976,0.001,-0.000,0.220,0.610,0.445,5.948,0.402,7.808,5.309,7.338,0.603,0.460,-0.006,0.176,0.017,1.026,-0.000,0.000,13.998,-0.006,18.463,12.720,17.441
5.288,-4.860,-0.000,0.974,0.002,-0.000,0.225,0.610,0.445,6.088,0.402,7.993,5.436,7.513,0.599,0.468,-0.006,0.157,0.014,1.033,0.000,0.001,14.009,-0.005,18.616,12.705,17.577
5.294,-4.855,-0.000,0.973,0.003,0.000,0.230,0.610,0.445,6.228,0.402,8.180,5.563,7.689,0.595,0.477,-0.004,0.128,0.010,1.041,0.001,0.003,14.020,-0.003,18.763,12.680,17.706
5.300,-4.850,-0.000,0.972,0.003,0.000,0.235,0.610,0.445,6.368,0.402,8.369,5.690,7.867,0.590,0.485,-0.003,0.097,0.005,1.051,0.001,0.004,14.045,-0.001,18.902,12.646,17.827
5.306,-4.846,-0.000,0.971,0.003,0.000,0.240,0.610,0.445,6.509,0.402,8.558,5.816,8.046,0.585,0.493,-0.001,0.068,0.003,1.062,0.002,0.006,14.079,0.001,19.028,12.609,17.938
5.311,-4.841,-0.000,0.969,0.004,0.000,0.245,0.610,0.445,6.650,0.402,8.749,5.942,8.226,0.580,0.502,-0.001,0.045,0.004,1.076,0.002,0.007,14.109,0.003,19.145,12.572,18.042
5.317,-4.836,-0.000,0.968,0.004,0.000,0.251,0.610,0.445,6.791,0.402,8.941,6.067,8.407,0.574,0.510,-0.001,0.023,0.011,1.092,0.003,0.008,14.140,0.004,19.255,12.533,18.138
5.323,-4.830,-0.000,0.967,0.004,0.000,0.256,0.610,0.445,6.933,0.402,9.134,6.192,8.589,0.568,0.519,-0.002,0.004,0.021,1.110,0.002,0.008,14.179,0.004,19.359,12.495,18.223
5.329,-4.825,-0.000,0.965,0.004,0.001,0.261,0.610,0.445,7.075,0.402,9.328,6.317,8.771,0.561,0.528,-0.004,-0.014,0.034,1.127,0.002,0.008,14.230,0.003,19.458,12.463,18.298
5.334,-4.820,-0.000,0.964,0.004,0.001,0.267,0.610,0.446,7.217,0.402,9.523,6.442,8.955,0.555,0.537,-0.006,-0.031,0.042,1.141,0.002,0.008,14.291,0.003,19.556,12.449,18.363
5.340,-4.814,-0.000,0.962,0.003,0.001,0.272,0.610,0.446,7.361,0.402,9.719,6.566,9.138,0.550,0.545,-0.007,-0.046,0.045,1.151,0.002,0.007,14.362,0.002,19.650,12.458,18.420
5.345,-4.809,-0.000,0.961,0.003,0.001,0.278,0.610,0.446,7.505,0.402,9.916,6.691,9.323,0.544,0.553,-0.008,-0.057,0.041,1.157,0.001,0.006,14.443,0.002,19.737,12.489,18.473
5.351,-4.803,-0.001,0.959,0.003,0.001,0.284,0.610,0.446,7.649,0.402,10.114,6.816,9.508,0.539,0.561,-0.008,-0.065,0.032,1.162,0.001,0.005,14.530,0.002,19.815,12.538,18.525
5.356,-4.798,-0.001,0.957,0.002,0.001,0.289,0.610,0.446,7.795,0.402,10.313,6.942,9.693,0.535,0.569,-0.008,-0.070,0.018,1.165,0.001,0.004,14.622,0.002,19.882,12.603,18.577
5.361,-4.792,-0.001,0.956,0.002,0.001,0.295,0.610,0.446,7.942,0.402,10.512,7.068,9.879,0.530,0.577,-0.006,-0.073,0.001,1.168,0.001,0.003,14.713,0.004,19.938,12.678,18.630
5.366,-4.786,-0.001,0.954,0.002,0.001,0.300,0.610,0.446,8.089,0.402,10.711,7.195,10.066,0.525,0.585,-0.005,-0.077,-0.016,1.170,0.000,0.001,14.801,0.005,19.982,12.760,18.684
5.372,-4.780,-0.001,0.952,0.001,0.001,0.306,0.610,0.446,8.238,0.402,10.911,7.323,10.253,0.520,0.593,-0.002,-0.083,-0.031,1.174,0.000,-0.000,14.884,0.007,20.011,12.843,18.737
5.377,-4.774,-0.001,0.950,0.001,0.000,0.311,0.610,0.446,8.387,0.402,11.111,7.452,10.441,0.515,0.601,0.000,-0.090,-0.043,1.178,0.000,-0.001,14.960,0.008,20.027,12.927,18.787
5.382,-4.768,-0.001,0.948,0.001,-0.000,0.317,0.610,0.446,8.537,0.402,11.312,7.582,10.629,0.509,0.609,0.003,-0.099,-0.050,1.184,0.000,-0.002,15.030,0.009,20.028,13.010,18.832
5.387,-4.762,-0.001,0.947,0.000,-0.001,0.323,0.610,0.446,8.688,0.402,11.512,7.712,10.817,0.504,0.617,0.005,-0.109,-0.050,1.189,0.000,-0.003,15.095,0.009,20.013,13.092,18.867
5.392,-4.756,-0.001,0.945,-0.000,-0.001,0.328,0.610,0.446,8.839,0.402,11.712,7.844,11.006,0.498,0.625,0.007,-0.117,-0.046,1.194,-0.000,-0.003,15.160,0.008,19.985,13.175,18.890
5.397,-4.750,-0.001,0.943,-0.001,-0.001,0.334,0.610,0.446,8.991,0.402,11.912,7.976,11.195,0.493,0.633,0.008,-0.123,-0.035,1.197,-0.000,-0.003,15.225,0.006,19.944,13.261,18.899
5.402,-4.743,-0.001,0.941,-0.001,-0.002,0.340,0.610,0.446,9.143,0.403,12.111,8.109,11.384,0.487,0.641,0.009,-0.125,-0.022,1.198,-0.001,-0.003,15.294,0.003,19.894,13.352,18.893
5.407,-4.737,-0.000,0.939,-0.002,-0.002,0.345,0.610,0.446,9.297,0.403,12.309,8.243,11.573,0.482,0.648,0.009,-0.123,-0.008,1.195,-0.001,-0.003,15.367,0.000,19.849,13.452,18.872
5.412,-4.730,-0.000,0.936,-0.002,-0.002,0.351,0.610,0.446,9.451,0.403,12.508,8.378,11.761,0.478,0.655,0.008,-0.115,0.002,1.187,-0.001,-0.003,15.434,-0.003,19.819,13.560,18.839
5.416,-4.724,-0.000,0.934,-0.003,-0.002,0.356,0.610,0.446,9.605,0.402,12.706,8.514,11.950,0.474,0.662,0.007,-0.099,0.009,1.177,-0.002,-0.003,15.490,-0.006,19.809,13.671,18.802
5.421,-4.717,-0.000,0.932,-0.003,-0.002,0.362,0.610,0.446,9.761,0.402,12.904,8.652,12.137,0.470,0.668,0.004,-0.072,0.019,1.164,-0.002,-0.003,15.537,-0.008,19.806,13.788,18.765
5.426,-4.710,-0.000,0.930,-0.004,-0.002,0.367,0.610,0.445,9.916,0.402,13.102,8.790,12.325,0.467,0.674,0.000,-0.034,0.034,1.147,-0.002,-0.003,15.576,-0.009,19.808,13.908,18.734
5.430,-4.704,-0.000,0.928,-0.004,-0.002,0.372,0.610,0.445,10.072,0.402,13.300,8.930,12.512,0.463,0.680,-0.004,0.013,0.043,1.136,-0.002,-0.003,15.624,-0.009,19.828,14.005,18.720
5.435,-4.697,-0.000,0.926,-0.004,-0.002,0.378,0.610,0.445,10.229,0.402,13.499,9.070,12.699,0.457,0.687,-0.007,0.057,0.043,1.129,-0.002,-0.004,15.673,-0.009,19.871,14.075,18.729
5.440,-4.690,-0.000,0.924,-0.003,-0.001,0.383,0.610,0.445,10.386,0.402,13.698,9.211,12.887,0.451,0.693,-0.010,0.092,0.036,1.126,-0.002,-0.004,15.714,-0.008,19.933,14.121,18.759
5.444,-4.683,-0.000,0.922,-0.003,-0.001,0.388,0.610,0.445,10.543,0.402,13.897,9.352,13.075,0.444,0.699,-0.011,0.118,0.023,1.124,-0.002,-0.004,15.744,-0.007,20.010,14.150,18.811
5.448,-4.676,-0.001,0.919,-0.002,-0.001,0.393,0.610,0.445,10.700,0.402,14.098,9.494,13.263,0.436,0.704,-0.011,0.132,0.005,1.124,-0.001,-0.004,15.758,-0.005,20.096,14.164,18.880
5.453,-4.669,-0.001,0.917,-0.002,-0.001,0.398,0.610,0.445,10.858,0.402,14.299,9.636,13.452,0.428,0.710,-0.010,0.135,-0.016,1.124,-0.001,-0.005,15.755,-0.003,20.189,14.168,18.963
5.457,-4.662,-0.001,0.915,-0.001,-0.000,0.404,0.610,0.445,11.015,0.402,14.502,9.777,13.642,0.420,0.715,-0.007,0.127,-0.039,1.125,-0.001,-0.005,15.734,-0.001,20.283,14.163,19.054
5.461,-4.654,-0.001,0.913,-0.001,-0.000,0.409,0.610,0.445,11.173,0.402,14.705,9.919,13.833,0.412,0.720,-0.004,0.112,-0.059,1.126,-0.001,-0.005,15.696,0.000,20.369,14.154,19.149
5.465,-4.647,-0.001,0.910,0.000,-0.000,0.414,0.610,0.445,11.329,0.402,14.909,10.060,14.025,0.403,0.724,-0.001,0.097,-0.072,1.127,-0.001,-0.005,15.646,0.002,20.439,14.147,19.244
5.469,-4.640,-0.001,0.908,0.001,-0.001,0.419,0.591,0.440,11.486,0.399,15.114,10.202,14.218,0.395,0.729,0.002,0.084,-0.075,1.128,-3.082,-0.779,15.600,-0.553,20.493,14.151,19.345
5.473,-4.633,-0.001,0.906,0.001,-0.001,0.424,0.557,0.432,11.641,0.393,15.319,10.344,14.412,0.389,0.733,0.004,0.073,-0.069,1.118,-3.294,-0.836,15.552,-0.483,20.517,14.186,19.430
5.477,-4.625,-0.001,0.903,0.002,-0.001,0.429,0.528,0.425,11.797,0.389,15.524,10.486,14.607,0.384,0.737,0.005,0.064,-0.057,1.104,-2.422,-0.614,15.506,-0.294,20.518,14.241,19.501
5.481,-4.618,-0.001,0.901,0.002,-0.001,0.434,0.509,0.420,11.951,0.387,15.729,10.628,14.802,0.379,0.741,0.006,0.059,-0.039,1.091,-1.405,-0.354,15.465,-0.139,20.508,14.297,19.561
5.485,-4.610,-0.001,0.899,0.002,-0.001,0.439,0.499,0.417,12.106,0.386,15.934,10.772,14.998,0.373,0.746,0.006,0.057,-0.018,1.081,-0.628,-0.156,15.433,-0.042,20.497,14.340,19.615
5.488,-4.603,-0.001,0.896,0.003,-0.001,0.444,0.495,0.416,12.260,0.386,16.139,10.915,15.195,0.367,0.751,0.005,0.056,0.003,1.077,-0.174,-0.044,15.411,0.008,20.492,14.366,19.665
5.492,-4.595,-0.001,0.894,0.003,-0.001,0.449,0.495,0.416,12.414,0.386,16.344,11.059,15.391,0.360,0.756,0.005,0.055,0.023,1.078,0.037,0.011,15.402,0.028,20.491,14.372,19.713
5.495,-4.588,-0.001,0.891,0.003,-0.001,0.453,0.496,0.416,12.568,0.387,16.549,11.202,15.589,0.352,0.762,0.004,0.051,0.039,1.081,0.102,0.029,15.403,0.030,20.504,14.359,19.758
5.499,-4.580,-0.000,0.889,0.003,-0.000,0.458,0.497,0.417,12.722,0.387,16.754,11.346,15.787,0.344,0.767,0.004,0.040,0.044,1.089,0.096,0.030,15.416,0.026,20.547,14.324,19.798
5.502,-4.573,-0.000,0.886,0.003,-0.000,0.463,0.498,0.417,12.877,0.387,16.960,11.489,15.985,0.333,0.773,0.005,0.027,0.038,1.104,0.067,0.025,15.440,0.020,20.617,14.261,19.838
5.506,-4.565,-0.000,0.884,0.003,0.000,0.468,0.498,0.417,13.031,0.387,17.167,11.631,16.183,0.322,0.778,0.007,0.011,0.028,1.123,0.040,0.020,15.470,0.017,20.696,14.181,19.875
5.509,-4.557,-0.000,0.881,0.003,0.000,0.473,0.498,0.417,13.186,0.388,17.374,11.772,16.382,0.311,0.784,0.008,-0.002,0.018,1.145,0.021,0.015,15.485,0.016,20.778,14.093,19.915
5.512,-4.549,-0.000,0.878,0.003,0.000,0.478,0.499,0.418,13.341,0.388,17.582,11.913,16.582,0.299,0.790,0.009,-0.013,0.013,1.172,0.010,0.012,15.486,0.014,20.860,13.997,19.956
5.515,-4.541,-0.000,0.875,0.003,0.000,0.483,0.499,0.418,13.496,0.388,17.791,12.052,16.781,0.286,0.796,0.009,-0.026,0.015,1.200,0.004,0.009,15.489,0.012,20.935,13.899,19.993
5.518,-4.533,-0.000,0.872,0.003,0.000,0.489,0.499,0.418,13.651,0.388,18.001,12.191,16.981,0.274,0.801,0.009,-0.041,0.018,1.224,0.001,0.007,15.501,0.011,20.988,13.822,20.021
5.520,-4.525,0.000,0.869,0.002,0.000,0.494,0.499,0.418,13.806,0.388,18.211,12.329,17.182,0.259,0.806,0.004,-0.088,0.049,1.265,-0.002,0.002,15.561,0.005,21.053,13.685,20.033
5.523,-4.517,0.000,0.866,0.002,0.000,0.500,0.499,0.418,13.962,0.388,18.422,12.465,17.382,0.246,0.811,0.000,-0.130,0.076,1.293,-0.003,-0.001,15.629,0.002,21.104,13.595,20.028
5.525,-4.509,0.000,0.863,0.001,0.000,0.505,0.499,0.418,14.118,0.388,18.633,12.601,17.582,0.235,0.816,-0.002,-0.150,0.089,1.303,-0.002,0.000,15.709,0.000,21.135,13.583,20.001
5.527,-4.501,0.000,0.860,0.000,0.000,0.511,0.499,0.418,14.276,0.388,18.844,12.737,17.782,0.229,0.822,0.000,-0.123,0.068,1.279,-0.000,0.003,15.836,-0.000,21.100,13.701,19.940
5.530,-4.493,0.000,0.856,-0.001,0.000,0.516,0.499,0.418,14.435,0.388,19.055,12.875,17.981,0.223,0.826,-0.000,-0.107,0.058,1.260,-0.000,0.003,15.957,-0.002,21.069,13.812,19.866
5.532,-4.484,0.000,0.853,-0.001,0.000,0.522,0.499,0.418,14.595,0.388,19.266,13.013,18.179,0.216,0.830,-0.002,-0.096,0.052,1.242,-0.001,0.001,16.062,-0.005,21.043,13.925,19.789
5.534,-4.476,-0.000,0.850,-0.002,0.000,0.527,0.499,0.418,14.756,0.388,19.476,13.153,18.377,0.209,0.834,-0.003,-0.082,0.043,1.221,-0.001,-0.000,16.159,-0.007,21.022,14.047,19.713
5.536,-4.468,-0.000,0.847,-0.002,0.000,0.532,0.499,0.418,14.918,0.388,19.686,13.294,18.574,0.203,0.837,-0.005,-0.063,0.027,1.197,-0.002,-0.002,16.246,-0.008,21.006,14.178,19.644
5.538,-4.459,-0.000,0.844,-0.002,0.000,0.537,0.498,0.418,15.081,0.388,19.896,13.437,18.770,0.197,0.840,-0.006,-0.041,0.008,1.175,-0.002,-0.003,16.319,-0.008,21.004,14.303,19.588
5.540,-4.451,-0.000,0.840,-0.002,-0.000,0.542,0.498,0.418,15.245,0.388,20.106,13.580,18.965,0.190,0.843,-0.008,-0.019,-0.008,1.155,-0.002,-0.004,16.374,-0.007,21.013,14.419,19.548
5.542,-4.442,-0.000,0.837,-0.002,-0.000,0.547,0.498,0.418,15.409,0.388,20.316,13.725,19.161,0.183,0.845,-0.011,0.006,-0.017,1.136,-0.001,-0.004,16.413,-0.004,21.014,14.527,19.531
5.544,-4.434,-0.000,0.834,-0.002,-0.000,0.551,0.498,0.418,15.573,0.388,20.526,13.871,19.356,0.175,0.846,-0.014,0.030,-0.024,1.124,-0.001,-0.003,16.436,-0.001,21.030,14.610,19.538
5.545,-4.425,-0.001,0.831,-0.002,-0.000,0.556,0.498,0.418,15.737,0.388,20.737,14.017,19.552,0.166,0.847,-0.015,0.048,-0.033,1.117,-0.000,-0.003,16.446,0.001,21.059,14.670,19.569
5.547,-4.417,-0.001,0.828,-0.002,-0.000,0.561,0.498,0.418,15.902,0.388,20.948,14.164,19.748,0.156,0.848,-0.014,0.055,-0.043,1.114,0.000,-0.002,16.442,0.003,21.094,14.708,19.618
5.549,-4.408,-0.001,0.825,-0.001,-0.000,0.565,0.498,0.418,16.066,0.388,21.159,14.311,19.944,0.146,0.848,-0.012,0.055,-0.054,1.115,0.000,-0.002,16.425,0.004,21.132,14.724,19.681
5.550,-4.400,-0.001,0.822,-0.001,-0.000,0.570,0.498,0.418,16.230,0.388,21.370,14.459,20.141,0.135,0.849,-0.009,0.052,-0.064,1.120,0.000,-0.002,16.396,0.004,21.169,14.723,19.754
5.551,-4.391,-0.001,0.818,-0.001,-0.000,0.575,0.498,0.418,16.394,0.388,21.582,14.606,20.339,0.124,0.849,-0.006,0.047,-0.067,1.126,0.000,-0.001,16.358,0.004,21.196,14.714,19.828
5.552,-4.383,-0.001,0.815,-0.000,-0.001,0.579,0.498,0.418,16.557,0.388,21.794,14.753,20.538,0.113,0.849,-0.003,0.042,-0.064,1.130,0.000,-0.002,16.314,0.003,21.209,14.707,19.898
5.553,-4.374,-0.001,0.812,0.000,-0.001,0.584,0.498,0.418,16.720,0.388,22.006,14.900,20.737,0.103,0.849,-0.001,0.038,-0.055,1.131,-0.000,-0.002,16.270,0.002,21.209,14.705,19.960
5.554,-4.366,-0.001,0.809,0.000,-0.001,0.588,0.498,0.418,16.883,0.388,22.218,15.047,20.937,0.094,0.850,0.001,0.033,-0.043,1.131,-0.001,-0.003,16.228,0.001,21.202,14.709,20.012
5.555,-4.357,-0.001,0.805,0.001,-0.001,0.593,0.498,0.417,17.045,0.388,22.430,15.194,21.137,0.085,0.851,0.002,0.029,-0.032,1.128,-0.001,-0.003,16.191,-0.000,21.190,14.722,20.053
5.556,-4.349,-0.001,0.802,0.001,-0.001,0.597,0.498,0.417,17.207,0.388,22.642,15.341,21.338,0.076,0.852,0.004,0.026,-0.024,1.124,-0.001,-0.004,16.159,-0.001,21.178,14.742,20.085
5.557,-4.340,-0.001,0.799,0.001,-0.001,0.602,0.498,0.417,17.368,0.388,22.854,15.489,21.539,0.068,0.853,0.005,0.022,-0.022,1.119,-0.001,-0.005,16.132,-0.000,21.167,14.769,20.113
5.558,-4.332,-0.001,0.795,0.001,-0.001,0.606,0.498,0.417,17.529,0.388,23.065,15.637,21.740,0.059,0.855,0.006,0.019,-0.026,1.116,-0.001,-0.005,16.108,0.001,21.158,14.798,20.139
5.558,-4.323,-0.001,0.792,0.001,-0.001,0.611,0.498,0.417,17.690,0.388,23.277,15.785,21.942,0.050,0.856,0.008,0.016,-0.035,1.115,-0.001,-0.005,16.084,0.002,21.149,14.825,20.169
5.559,-4.315,-0.001,0.788,0.001,-0.001,0.615,0.498,0.417,17.851,0.388,23.488,15.933,22.144,0.041,0.859,0.009,0.011,-0.047,1.116,-0.000,-0.004,16.057,0.004,21.140,14.849,20.203
5.559,-4.306,-0.001,0.785,0.002,-0.001,0.620,0.498,0.417,18.011,0.388,23.700,16.082,22.346,0.031,0.861,0.011,0.005,-0.059,1.120,0.000,-0.004,16.026,0.006,21.125,14.868,20.244
5.559,-4.298,-0.001,0.781,0.002,-0.002,0.624,0.498,0.417,18.171,0.388,23.911,16.231,22.548,0.020,0.863,0.012,-0.001,-0.068,1.127,0.001,-0.002,15.991,0.007,21.103,14.883,20.287
5.559,-4.289,-0.000,0.778,0.002,-0.002,0.628,0.498,0.417,18.331,0.388,24.122,16.379,22.752,0.010,0.864,0.013,-0.009,-0.072,1.134,0.001,-0.001,15.953,0.007,21.070,14.895,20.329
5.559,-4.280,-0.000,0.774,0.002,-0.002,0.633,0.498,0.417,18.490,0.388,24.332,16.528,22.955,-0.001,0.866,0.013,-0.017,-0.066,1.142,0.001,0.001,15.915,0.006,21.028,14.904,20.364
5.559,-4.272,-0.000,0.771,0.002,-0.002,0.637,0.498,0.417,18.649,0.388,24.542,16.678,23.159,-0.011,0.868,0.012,-0.024,-0.049,1.148,0.002,0.003,15.883,0.004,20.980,14.910,20.387
5.559,-4.263,-0.000,0.767,0.002,-0.003,0.642,0.498,0.417,18.808,0.388,24.752,16.827,23.363,-0.022,0.869,0.011,-0.031,-0.021,1.153,0.001,0.005,15.859,0.001,20.933,14.912,20.391
5.559,-4.254,0.000,0.763,0.002,-0.003,0.646,0.498,0.417,18.967,0.388,24.961,16.976,23.567,-0.032,0.869,0.008,-0.036,0.015,1.157,0.001,0.007,15.849,-0.002,20.893,14.908,20.372
5.558,-4.246,0.000,0.760,0.002,-0.003,0.650,0.498,0.417,19.125,0.388,25.170,17.125,23.770,-0.041,0.870,0.006,-0.038,0.056,1.158,0.001,0.008,15.857,-0.006,20.866,14.901,20.330
5.558,-4.237,0.000,0.756,0.001,-0.003,0.655,0.498,0.417,19.284,0.388,25.378,17.274,23.973,-0.051,0.870,0.003,-0.036,0.095,1.156,0.001,0.009,15.887,-0.008,20.857,14.893,20.264
5.557,-4.228,0.000,0.752,0.001,-0.002,0.659,0.498,0.418,19.443,0.388,25.587,17.423,24.175,-0.060,0.870,-0.000,-0.030,0.128,1.151,0.001,0.009,15.939,-0.010,20.869,14.883,20.180
5.557,-4.219,0.000,0.748,0.000,-0.002,0.663,0.498,0.418,19.603,0.388,25.796,17.571,24.377,-0.068,0.870,-0.002,-0.018,0.149,1.146,0.000,0.008,16.008,-0.010,20.901,14.868,20.090
5.556,-4.211,0.000,0.744,-0.000,-0.001,0.668,0.498,0.418,19.763,0.388,26.005,17.720,24.577,-0.078,0.870,-0.004,-0.003,0.158,1.142,0.000,0.007,16.088,-0.010,20.957,14.843,20.003
5.555,-4.202,0.000,0.741,-0.001,-0.001,0.672,0.498,0.418,19.924,0.388,26.215,17.868,24.777,-0.087,0.870,-0.005,0.014,0.156,1.140,-0.000,0.006,16.172,-0.009,21.037,14.804,19.922
5.554,-4.193,-0.000,0.737,-0.001,-0.000,0.676,0.498,0.418,20.087,0.388,26.426,18.016,24.976,-0.097,0.869,-0.007,0.029,0.143,1.139,-0.000,0.004,16.253,-0.007,21.138,14.752,19.852
5.553,-4.185,-0.000,0.733,-0.001,0.000,0.680,0.498,0.418,20.250,0.388,26.638,18.163,25.174,-0.108,0.867,-0.007,0.043,0.119,1.142,-0.000,0.003,16.322,-0.005,21.259,14.686,19.801
5.552,-4.176,-0.000,0.729,-0.002,0.001,0.685,0.498,0.418,20.413,0.388,26.851,18.310,25.372,-0.120,0.865,-0.007,0.055,0.085,1.148,0.000,0.002,16.370,-0.002,21.392,14.609,19.774
5.551,-4.167,-0.000,0.725,-0.002,0.001,0.689,0.498,0.418,20.577,0.387,27.066,18.455,25.569,-0.131,0.863,-0.006,0.064,0.045,1.157,0.000,0.000,16.397,0.001,21.524,14.525,19.772
5.550,-4.159,-0.000,0.721,-0.001,0.002,0.693,0.498,0.418,20.741,0.388,27.282,18.600,25.767,-0.144,0.860,-0.005,0.075,0.004,1.168,0.000,-0.001,16.427,0.004,21.642,14.437,19.792
5.548,-4.150,-0.000,0.717,-0.001,0.002,0.697,0.498,0.418,20.905,0.388,27.498,18.744,25.965,-0.156,0.856,-0.004,0.084,-0.033,1.180,0.000,-0.002,16.454,0.006,21.731,14.351,19.836
5.546,-4.142,-0.000,0.713,-0.001,0.002,0.701,0.498,0.418,21.070,0.388,27.716,18.887,26.164,-0.168,0.853,-0.004,0.087,-0.057,1.194,0.000,-0.003,16.464,0.006,21.793,14.269,19.899
5.545,-4.133,-0.000,0.709,-0.000,0.002,0.706,0.498,0.418,21.235,0.388,27.934,19.030,26.363,-0.181,0.848,-0.005,0.080,-0.067,1.208,-0.000,-0.003,16.452,0.006,21.834,14.191,19.975
5.543,-4.125,-0.000,0.704,0.000,0.002,0.710,0.498,0.418,21.399,0.388,28.153,19.171,26.563,-0.193,0.844,-0.006,0.063,-0.066,1.220,-0.000,-0.003,16.425,0.004,21.857,14.128,20.056
5.541,-4.116,-0.001,0.700,0.001,0.002,0.714,0.498,0.418,21.563,0.388,28.371,19.312,26.764,-0.204,0.840,-0.007,0.040,-0.058,1.227,-0.000,-0.003,16.388,0.003,21.864,14.091,20.132
5.539,-4.108,-0.001,0.695,0.001,0.002,0.719,0.498,0.418,21.727,0.388,28.590,19.453,26.966,-0.214,0.836,-0.008,0.014,-0.048,1.230,-0.000,-0.002,16.347,0.002,21.861,14.081,20.200
5.537,-4.100,-0.001,0.691,0.001,0.002,0.723,0.498,0.418,21.890,0.388,28.809,19.594,27.168,-0.224,0.832,-0.008,-0.014,-0.037,1.229,-0.000,-0.002,16.307,0.001,21.850,14.094,20.256
5.534,-4.091,-0.001,0.687,0.001,0.002,0.727,0.498,0.418,22.053,0.388,29.027,19.735,27.371,-0.234,0.829,-0.008,-0.040,-0.028,1.226,-0.000,-0.001,16.275,0.000,21.834,14.126,20.299
5.532,-4.083,-0.001,0.682,0.001,0.001,0.731,0.498,0.418,22.215,0.388,29.245,19.876,27.574,-0.244,0.826,-0.006,-0.061,-0.024,1.223,0.000,-0.001,16.253,0.001,21.813,14.174,20.331
5.529,-4.075,-0.001,0.678,0.001,0.001,0.735,0.498,0.418,22.378,0.388,29.463,20.018,27.778,-0.253,0.823,-0.004,-0.076,-0.028,1.220,0.000,-0.001,16.246,0.003,21.787,14.234,20.355
5.527,-4.066,-0.001,0.673,0.001,0.001,0.740,0.498,0.418,22.540,0.388,29.681,20.161,27.981,-0.263,0.820,-0.002,-0.083,-0.038,1.218,0.001,-0.001,16.254,0.005,21.752,14.303,20.375
5.524,-4.058,-0.001,0.669,0.001,0.000,0.744,0.498,0.418,22.703,0.388,29.898,20.305,28.185,-0.273,0.818,0.001,-0.081,-0.053,1.217,0.001,-0.001,16.273,0.006,21.707,14.373,20.395
5.521,-4.050,-0.001,0.664,0.001,-0.000,0.748,0.498,0.418,22.866,0.388,30.115,20.449,28.389,-0.283,0.816,0.005,-0.074,-0.068,1.220,0.001,-0.002,16.297,0.008,21.654,14.437,20.419
5.518,-4.042,-0.001,0.660,0.001,-0.001,0.752,0.499,0.418,23.029,0.388,30.331,20.593,28.594,-0.294,0.813,0.007,-0.063,-0.079,1.226,0.000,-0.003,16.316,0.008,21.592,14.490,20.447
5.515,-4.034,-0.001,0.655,0.001,-0.001,0.756,0.499,0.418,23.192,0.388,30.547,20.738,28.798,-0.305,0.810,0.009,-0.050,-0.083,1.234,-0.000,-0.003,16.326,0.007,21.524,14.534,20.478
5.512,-4.026,-0.001,0.650,0.001,-0.002,0.760,0.499,0.418,23.355,0.388,30.762,20.884,29.003,-0.317,0.807,0.010,-0.037,-0.079,1.240,-0.001,-0.004,16.324,0.005,21.454,14.573,20.507
5.509,-4.018,-0.001,0.645,0.001,-0.002,0.764,0.498,0.418,23.519,0.388,30.976,21.030,29.208,-0.327,0.804,0.010,-0.027,-0.068,1.244,-0.001,-0.005,16.308,0.002,21.386,14.612,20.527
5.506,-4.010,-0.000,0.641,0.002,-0.002,0.768,0.498,0.417,23.682,0.388,31.189,21.176,29.414,-0.337,0.801,0.009,-0.021,-0.050,1.242,-0.002,-0.005,16.280,-0.001,21.323,14.657,20.533
5.502,-4.002,-0.000,0.636,0.002,-0.003,0.772,0.498,0.417,23.844,0.388,31.402,21.323,29.619,-0.345,0.799,0.009,-0.024,-0.029,1.234,-0.002,-0.006,16.246,-0.005,21.250,14.721,20.523
5.499,-3.994,-0.000,0.631,0.002,-0.003,0.776,0.498,0.417,24.007,0.388,31.614,21.471,29.824,-0.353,0.798,0.009,-0.034,-0.011,1.215,-0.003,-0.006,16.214,-0.008,21.160,14.817,20.496
5.495,-3.986,-0.000,0.627,0.001,-0.003,0.779,0.498,0.417,24.169,0.388,31.825,21.620,30.029,-0.358,0.798,0.009,-0.044,0.006,1.185,-0.003,-0.005,16.202,-0.010,21.056,14.950,20.441
5.492,-3.978,-0.000,0.622,0.001,-0.003,0.783,0.498,0.417,24.331,0.388,32.036,21.770,30.233,-0.363,0.798,0.008,-0.031,0.022,1.157,-0.002,-0.003,16.208,-0.010,20.977,15.081,20.371
5.488,-3.970,-0.000,0.617,0.001,-0.003,0.787,0.498,0.417,24.493,0.388,32.245,21.921,30.436,-0.370,0.797,0.008,-0.013,0.032,1.138,-0.000,-0.000,16.214,-0.008,20.934,15.181,20.301
5.484,-3.962,0.000,0.613,0.001,-0.003,0.790,0.498,0.417,24.655,0.388,32.454,22.073,30.639,-0.376,0.796,0.002,0.035,0.069,1.118,0.001,0.003,16.209,-0.002,20.932,15.260,20.212
5.481,-3.954,0.000,0.609,0.001,-0.002,0.793,0.498,0.417,24.817,0.388,32.664,22.226,30.841,-0.383,0.794,-0.002,0.066,0.092,1.108,0.002,0.004,16.214,0.001,20.935,15.310,20.148
5.477,-3.946,-0.000,0.604,0.001,-0.002,0.797,0.498,0.417,24.979,0.388,32.873,22.379,31.042,-0.391,0.791,-0.006,0.088,0.106,1.106,0.002,0.004,16.225,0.002,20.938,15.357,20.106
5.473,-3.938,-0.000,0.600,0.000,-0.001,0.800,0.498,0.417,25.142,0.388,33.083,22.533,31.243,-0.400,0.788,-0.008,0.109,0.118,1.107,0.001,0.003,16.242,0.002,20.941,15.409,20.082
5.469,-3.930,-0.000,0.595,0.000,-0.000,0.803,0.498,0.417,25.304,0.388,33.292,22.687,31.444,-0.411,0.783,-0.007,0.059,0.069,1.111,0.000,0.003,16.275,-0.001,21.051,15.374,20.080
5.464,-3.922,-0.000,0.591,0.000,-0.000,0.807,0.498,0.417,25.467,0.388,33.504,22.841,31.644,-0.421,0.778,-0.005,0.002,0.014,1.117,0.000,0.003,16.305,-0.001,21.193,15.318,20.087
5.460,-3.915,-0.000,0.586,0.000,-0.000,0.810,0.498,0.417,25.630,0.388,33.716,22.994,31.845,-0.431,0.772,-0.007,-0.023,-0.015,1.120,0.001,0.004,16.331,-0.000,21.300,15.272,20.098
5.456,-3.907,-0.000,0.582,0.000,-0.000,0.813,0.498,0.417,25.794,0.388,33.930,23.146,32.046,-0.440,0.765,-0.009,-0.017,-0.020,1.123,0.001,0.005,16.351,0.001,21.375,15.229,20.115
5.451,-3.899,-0.000,0.577,0.000,-0.000,0.817,0.498,0.418,25.957,0.388,34.144,23.298,32.248,-0.449,0.758,-0.011,0.013,-0.005,1.126,0.002,0.006,16.365,0.001,21.427,15.176,20.138
5.447,-3.892,-0.001,0.573,0.000,-0.000,0.820,0.498,0.418,26.121,0.388,34.358,23.450,32.449,-0.458,0.751,-0.012,0.048,0.018,1.130,0.002,0.007,16.375,0.001,21.465,15.114,20.168
5.442,-3.884,-0.001,0.568,0.000,-0.000,0.823,0.499,0.418,26.285,0.388,34.573,23.600,32.651,-0.467,0.743,-0.011,0.067,0.029,1.136,0.002,0.007,16.384,-0.000,21.502,15.037,20.207
5.438,-3.877,-0.001,0.563,0.000,0.000,0.826,0.499,0.418,26.449,0.388,34.788,23.750,32.853,-0.477,0.734,-0.006,0.077,0.017,1.154,0.001,0.006,16.396,-0.001,21.569,14.921,20.266
5.433,-3.870,-0.001,0.558,0.001,0.001,0.830,0.499,0.418,26.613,0.388,35.004,23.899,33.056,-0.488,0.724,-0.001,0.086,-0.001,1.176,0.000,0.005,16.395,-0.002,21.650,14.785,20.333
5.428,-3.862,-0.001,0.553,0.001,0.001,0.833,0.499,0.418,26.776,0.388,35.221,24.046,33.260,-0.498,0.715,0.003,0.092,-0.007,1.197,0.000,0.003,16.382,-0.002,21.722,14.645,20.395
5.423,-3.855,-0.001,0.548,0.001,0.001,0.836,0.499,0.418,26.940,0.388,35.439,24.192,33.464,-0.509,0.705,0.004,0.091,0.003,1.222,-0.000,0.001,16.359,-0.002,21.786,14.488,20.448
5.418,-3.848,-0.001,0.543,0.001,0.002,0.840,0.499,0.418,27.104,0.388,35.657,24.336,33.669,-0.519,0.695,0.005,0.079,0.017,1.243,-0.000,-0.000,16.334,-0.000,21.851,14.335,20.490
5.412,-3.841,-0.001,0.538,0.001,0.002,0.843,0.499,0.418,27.267,0.388,35.876,24.478,33.874,-0.529,0.686,0.005,0.048,0.026,1.264,-0.001,-0.002,16.324,0.001,21.900,14.197,20.526
5.407,-3.835,-0.001,0.533,0.001,0.002,0.846,0.499,0.418,27.430,0.388,36.095,24.620,34.079,-0.540,0.675,0.002,-0.011,0.047,1.295,-0.001,-0.003,16.353,0.001,21.951,14.028,20.553
5.402,-3.828,-0.001,0.527,0.001,0.002,0.850,0.140,0.023,27.594,0.164,36.316,24.759,34.286,-0.545,0.672,0.002,-0.125,0.064,1.327,-63.077,-69.356,16.333,-42.863,22.021,13.934,20.665
5.396,-3.821,-0.000,0.522,0.001,0.001,0.853,-0.432,-0.576,27.755,-0.292,36.530,24.905,34.491,-0.458,0.724,0.051,-0.452,-0.071,0.669,-38.865,-40.635,16.131,-36.360,20.716,15.294,20.366
5.393,-3.814,0.000,0.521,-0.001,-0.002,0.853,-0.543,-0.747,27.917,-0.400,36.729,25.064,34.694,-0.337,0.748,0.095,-0.693,-0.166,-0.135,15.676,5.198,16.138,17.449,19.081,16.485,20.190
5.389,-3.806,0.001,0.523,-0.002,-0.005,0.853,-0.189,-0.516,28.078,-0.000,36.917,25.231,34.895,-0.324,0.736,0.036,-0.366,0.045,-0.292,47.999,36.358,16.180,53.701,18.808,16.726,20.194
5.386,-3.799,0.001,0.523,-0.003,-0.005,0.852,0.199,-0.170,28.240,0.431,37.105,25.397,35.097,-0.339,0.724,-0.033,0.093,0.185,-0.172,21.740,25.464,16.194,25.774,18.846,16.524,20.202
5.383,-3.792,0.001,0.524,-0.003,-0.003,0.852,0.166,-0.135,28.402,0.464,37.294,25.562,35.300,-0.358,0.724,-0.056,0.475,0.015,-0.045,-25.384,-17.473,16.058,-17.171,18.796,16.453,20.240
5.379,-3.784,0.000,0.524,-0.000,-0.001,0.852,-0.180,-0.399,28.562,0.167,37.481,25.725,35.502,-0.404,0.714,0.001,0.603,-0.526,0.222,-34.043,-26.024,16.100,-34.135,18.531,16.160,20.321
5.375,-3.777,0.000,0.523,0.003,-0.000,0.853,-0.363,-0.533,28.724,-0.064,37.663,25.888,35.701,-0.400,0.740,-0.006,0.333,-0.328,0.163,-1.887,-1.174,16.180,-9.353,17.934,16.596,19.302
5.371,-3.770,0.000,0.522,0.005,-0.000,0.853,-0.230,-0.425,28.886,0.004,37.839,26.057,35.890,-0.390,0.760,-0.012,0.056,-0.095,0.046,24.671,20.372,16.272,19.506,17.230,17.128,18.522
5.367,-3.762,0.000,0.522,0.005,-0.000,0.853,0.015,-0.200,29.049,0.206,38.011,26.228,36.074,-0.416,0.741,-0.019,-0.066,0.075,0.226,18.950,20.314,16.351,15.684,17.381,16.840,18.450
5.362,-3.755,-0.000,0.520,0.004,-0.001,0.854,0.065,-0.105,29.213,0.243,38.188,26.393,36.259,-0.444,0.712,-0.024,-0.173,0.184,0.447,-8.487,-1.959,16.414,-8.038,17.989,16.236,18.523
5.358,-3.748,-0.000,0.518,0.002,-0.001,0.855,-0.103,-0.205,29.377,0.078,38.370,26.555,36.444,-0.439,0.714,-0.033,-0.304,0.268,0.410,-20.470,-14.211,16.487,-21.384,18.211,16.269,18.375
5.354,-3.740,-0.001,0.517,0.000,-0.002,0.856,-0.248,-0.308,29.543,-0.099,38.549,26.721,36.625,-0.393,0.743,-0.011,-0.246,0.143,0.072,-6.199,-4.505,16.683,-11.068,17.708,17.019,17.689
5.350,-3.733,-0.001,0.518,-0.000,-0.002,0.856,-0.211,-0.280,29.713,-0.110,38.724,26.895,36.797,-0.347,0.758,0.020,-0.151,-0.050,-0.228,11.776,9.289,17.322,7.544,17.277,17.618,16.807
5.347,-3.725,-0.000,0.519,-0.000,-0.003,0.855,-0.070,-0.159,29.889,-0.002,38.895,27.072,36.962,-0.335,0.764,0.027,-0.088,-0.099,-0.321,13.152,12.397,17.718,10.934,16.918,17.925,16.399
5.343,-3.718,-0.000,0.520,-0.000,-0.003,0.854,-0.006,-0.082,30.066,0.053,39.064,27.252,37.126,-0.340,0.761,0.011,-0.008,-0.009,-0.291,-0.931,2.033,17.767,-0.762,16.913,17.955,16.298
5.340,-3.710,-0.000,0.521,-0.000,-0.003,0.853,-0.078,-0.118,30.244,-0.014,39.233,27.431,37.289,-0.345,0.760,0.002,0.045,0.043,-0.254,-11.230,-7.547,17.761,-10.898,16.981,17.936,16.309
5.337,-3.702,-0.000,0.523,-0.000,-0.003,0.853,-0.175,-0.189,30.422,-0.119,39.404,27.611,37.451,-0.328,0.766,-0.001,0.054,0.056,-0.356,-6.316,-4.932,17.942,-8.106,17.048,18.089,16.042
5.333,-3.695,-0.000,0.525,-0.000,-0.003,0.851,-0.181,-0.196,30.603,-0.147,39.574,27.793,37.609,-0.305,0.774,-0.003,0.066,0.052,-0.493,4.731,3.345,18.169,2.484,17.117,18.301,15.676
5.330,-3.687,-0.000,0.527,-0.000,-0.002,0.850,-0.106,-0.137,30.785,-0.090,39.746,27.977,37.766,-0.301,0.778,-0.004,0.103,0.044,-0.511,8.327,7.126,18.213,7.173,17.185,18.393,15.616
5.327,-3.679,-0.000,0.529,-0.000,-0.001,0.849,-0.053,-0.084,30.966,-0.040,39.918,28.161,37.923,-0.316,0.776,-0.007,0.157,0.051,-0.407,1.603,2.593,18.070,1.839,17.245,18.341,15.882
5.324,-3.672,-0.000,0.530,0.000,-0.001,0.848,-0.078,-0.093,31.146,-0.060,40.091,28.344,38.083,-0.328,0.775,-0.008,0.166,0.048,-0.313,-5.736,-3.743,17.972,-5.119,17.250,18.275,16.190
5.321,-3.664,-0.000,0.531,0.000,0.000,0.847,-0.138,-0.136,31.326,-0.119,40.262,28.527,38.246,-0.326,0.784,-0.007,0.089,-0.002,-0.318,-4.806,-3.815,18.067,-5.265,17.080,18.298,16.385
5.318,-3.656,-0.000,0.533,0.001,0.000,0.846,-0.155,-0.152,31.508,-0.144,40.433,28.710,38.410,-0.315,0.792,-0.008,0.039,-0.025,-0.378,1.427,0.762,18.186,0.329,17.004,18.414,16.401
5.314,-3.648,-0.001,0.535,0.001,0.000,0.845,-0.119,-0.125,31.690,-0.117,40.603,28.895,38.575,-0.313,0.796,-0.010,0.023,-0.030,-0.389,4.774,3.822,18.220,4.106,17.018,18.488,16.477
5.311,-3.640,-0.001,0.536,0.001,0.000,0.844,-0.082,-0.093,31.872,-0.083,40.773,29.080,38.740,-0.319,0.796,-0.011,0.022,-0.023,-0.338,1.909,2.087,18.187,2.031,17.061,18.469,16.680
5.308,-3.632,-0.001,0.537,0.001,0.000,0.843,-0.087,-0.091,32.054,-0.085,40.944,29.264,38.908,-0.323,0.796,-0.011,0.017,-0.010,-0.291,-2.505,-1.494,18.183,-2.047,17.084,18.428,16.882
5.305,-3.624,-0.001,0.539,0.001,0.000,0.843,-0.118,-0.113,32.236,-0.114,41.115,29.448,39.078,-0.320,0.798,-0.010,0.007,0.007,-0.297,-3.040,-2.350,18.249,-3.052,17.084,18.450,16.963
5.302,-3.616,-0.001,0.540,0.001,0.001,0.842,-0.135,-0.128,32.419,-0.133,41.286,29.633,39.247,-0.312,0.801,-0.008,0.000,0.024,-0.334,-0.042,-0.375,18.358,-0.537,17.094,18.514,16.946
5.299,-3.608,-0.001,0.541,0.001,0.001,0.841,-0.121,-0.121,32.603,-0.124,41.457,29.819,39.417,-0.307,0.803,-0.005,0.003,0.037,-0.352,2.282,1.650,18.448,1.875,17.129,18.548,16.945
5.296,-3.600,-0.001,0.543,0.001,0.001,0.840,-0.100,-0.104,32.788,-0.105,41.628,30.004,39.586,-0.307,0.804,-0.003,0.010,0.046,-0.336,1.444,1.345,18.492,1.487,17.179,18.520,17.016
5.292,-3.592,-0.001,0.544,0.001,0.001,0.839,-0.097,-0.099,32.973,-0.100,41.800,30.189,39.757,-0.309,0.805,-0.001,0.014,0.051,-0.311,-0.712,-0.271,18.517,-0.378,17.232,18.465,17.112
5.289,-3.584,-0.001,0.546,0.000,0.001,0.838,-0.110,-0.107,33.158,-0.110,41.973,30.373,39.928,-0.307,0.807,0.002,0.013,0.050,-0.306,-1.513,-1.078,18.569,-1.389,17.268,18.429,17.164
5.286,-3.576,-0.001,0.547,0.000,0.001,0.837,-0.120,-0.115,33.344,-0.121,42.146,30.557,40.100,-0.303,0.810,0.005,0.009,0.045,-0.322,-0.464,-0.472,18.665,-0.628,17.285,18.422,17.162
5.283,-3.568,-0.001,0.548,0.000,0.001,0.836,-0.119,-0.115,33.531,-0.121,42.318,30.742,40.272,-0.299,0.813,0.007,0.004,0.034,-0.336,0.718,0.409,18.765,0.481,17.294,18.421,17.151
5.280,-3.559,-0.001,0.550,-0.000,0.002,0.835,-0.110,-0.109,33.719,-0.115,42.492,30.926,40.443,-0.297,0.816,0.008,-0.001,0.018,-0.336,0.781,0.632,18.831,0.685,17.314,18.408,17.172
5.277,-3.551,-0.001,0.551,-0.000,0.002,0.834,-0.106,-0.105,33.908,-0.110,42.665,31.110,40.615,-0.297,0.819,0.009,-0.009,-0.000,-0.326,0.092,0.194,18.860,0.207,17.344,18.391,17.222
5.274,-3.543,-0.001,0.552,-0.000,0.001,0.834,-0.108,-0.105,34.096,-0.111,42.838,31.294,40.788,-0.296,0.822,0.008,-0.021,-0.019,-0.319,-0.461,-0.261,18.882,-0.340,17.367,18.389,17.273
5.271,-3.535,-0.001,0.554,-0.000,0.001,0.833,-0.112,-0.108,34.285,-0.115,43.012,31.478,40.961,-0.294,0.825,0.007,-0.037,-0.036,-0.321,-0.360,-0.247,18.919,-0.358,17.365,18.416,17.308
5.269,-3.527,-0.001,0.555,-0.000,0.001,0.832,-0.114,-0.110,34.475,-0.117,43.186,31.662,41.134,-0.292,0.829,0.005,-0.052,-0.049,-0.326,-0.031,-0.073,18.965,-0.113,17.343,18.467,17.333
5.266,-3.518,-0.001,0.556,0.000,0.001,0.831,-0.113,-0.110,34.665,-0.117,43.359,31.847,41.307,-0.289,0.832,0.003,-0.065,-0.058,-0.330,0.172,0.073,19.008,0.078,17.314,18.534,17.358
5.263,-3.510,-0.001,0.558,0.000,0.000,0.830,-0.112,-0.109,34.855,-0.116,43.532,32.033,41.481,-0.287,0.834,-0.000,-0.074,-0.061,-0.331,0.121,0.080,19.041,0.064,17.288,18.610,17.387
5.260,-3.502,-0.001,0.559,0.000,-0.000,0.829,-0.111,-0.108,35.046,-0.116,43.705,32.219,41.655,-0.284,0.836,-0.003,-0.080,-0.059,-0.330,0.035,0.035,19.067,0.022,17.263,18.694,17.415
5.257,-3.493,-0.001,0.561,0.000,-0.001,0.828,-0.111,-0.108,35.236,-0.116,43.877,32.407,41.829,-0.282,0.838,-0.005,-0.081,-0.050,-0.330,-0.008,0.014,19.091,0.005,17.241,18.783,17.437
5.254,-3.485,-0.001,0.562,0.000,-0.001,0.827,-0.111,-0.108,35.427,-0.116,44.050,32.595,42.004,-0.280,0.840,-0.005,-0.077,-0.038,-0.330,-0.020,0.005,19.114,-0.001,17.222,18.874,17.450
5.251,-3.476,-0.001,0.563,0.000,-0.002,0.826,-0.111,-0.108,35.619,-0.116,44.222,32.784,42.178,-0.277,0.841,-0.005,-0.065,-0.024,-0.330,-0.017,0.002,19.133,-0.003,17.212,18.962,17.453
5.249,-3.468,-0.001,0.565,-0.000,-0.002,0.825,-0.112,-0.108,35.810,-0.116,44.394,32.974,42.353,-0.274,0.842,-0.003,-0.046,-0.010,-0.331,-0.009,0.001,19.148,-0.002,17.210,19.042,17.445
5.246,-3.460,-0.001,0.566,-0.000,-0.002,0.824,-0.112,-0.108,36.002,-0.116,44.566,33.165,42.527,-0.272,0.843,-0.000,-0.023,0.003,-0.332,-0.002,0.001,19.154,-0.001,17.219,19.109,17.427
5.243,-3.451,-0.001,0.567,-0.000,-0.002,0.823,-0.112,-0.108,36.193,-0.116,44.738,33.356,42.701,-0.269,0.845,0.002,0.000,0.015,-0.333,0.001,-0.000,19.149,0.000,17.239,19.161,17.402
5.241,-3.443,-0.001,0.569,-0.000,-0.002,0.823,-0.112,-0.108,36.384,-0.116,44.911,33.548,42.875,-0.266,0.846,0.004,0.022,0.025,-0.334,0.002,-0.001,19.135,0.001,17.270,19.196,17.372
5.238,-3.434,-0.001,0.570,-0.000,-0.002,0.822,-0.112,-0.108,36.576,-0.116,45.084,33.740,43.049,-0.264,0.848,0.005,0.040,0.031,-0.335,0.001,-0.001,19.112,0.001,17.312,19.217,17.340
5.235,-3.426,-0.001,0.571,-0.000,-0.002,0.821,-0.112,-0.108,36.767,-0.116,45.257,33.932,43.222,-0.261,0.849,0.006,0.053,0.034,-0.336,0.000,-0.001,19.084,0.000,17.363,19.226,17.311
5.233,-3.417,-0.001,0.573,-0.000,-0.001,0.820,-0.112,-0.108,36.957,-0.116,45.431,34.125,43.395,-0.259,0.851,0.007,0.057,0.032,-0.337,-0.000,-0.001,19.056,-0.000,17.413,19.229,17.291
5.230,-3.409,-0.000,0.574,-0.000,-0.001,0.819,-0.112,-0.108,37.148,-0.116,45.605,34.317,43.568,-0.256,0.854,0.007,0.053,0.024,-0.337,-0.000,-0.001,19.034,-0.000,17.459,19.233,17.280
5.228,-3.400,-0.000,0.576,-0.000,-0.001,0.818,-0.112,-0.108,37.338,-0.116,45.780,34.509,43.740,-0.254,0.856,0.005,0.045,0.016,-0.338,-0.000,0.000,19.017,-0.000,17.508,19.236,17.278
5.225,-3.392,-0.000,0.577,-0.000,-0.001,0.817,-0.112,-0.108,37.528,-0.116,45.955,34.702,43.913,-0.251,0.858,0.003,0.037,0.011,-0.340,0.000,0.001,19.005,-0.000,17.565,19.240,17.281
5.223,-3.383,-0.000,0.578,-0.000,-0.000,0.816,-0.112,-0.108,37.718,-0.116,46.131,34.894,44.086,-0.249,0.860,-0.001,0.029,0.007,-0.340,0.001,0.002,19.001,-0.001,17.625,19.244,17.292
5.220,-3.374,-0.000,0.580,0.000,-0.000,0.815,-0.112,-0.108,37.908,-0.116,46.308,35.087,44.259,-0.246,0.862,-0.005,0.019,0.005,-0.340,0.001,0.004,19.009,-0.000,17.675,19.253,17.314
5.218,-3.366,-0.000,0.581,0.000,-0.000,0.814,-0.112,-0.108,38.098,-0.116,46.485,35.279,44.432,-0.243,0.863,-0.008,0.012,0.004,-0.340,0.001,0.005,19.031,-0.000,17.715,19.263,17.346
5.215,-3.357,-0.001,0.583,0.000,-0.000,0.813,-0.112,-0.108,38.289,-0.116,46.662,35.472,44.606,-0.240,0.865,-0.011,0.009,0.007,-0.340,0.001,0.006,19.063,-0.000,17.747,19.273,17.383
5.213,-3.348,-0.001,0.584,0.000,-0.000,0.812,-0.111,-0.108,38.480,-0.116,46.840,35.665,44.780,-0.237,0.865,-0.012,0.012,0.014,-0.339,0.001,0.007,19.103,-0.001,17.772,19.276,17.423
5.210,-3.340,-0.001,0.585,0.000,0.000,0.811,-0.111,-0.107,38.671,-0.116,47.018,35.857,44.955,-0.234,0.866,-0.011,0.019,0.022,-0.339,0.001,0.007,19.149,-0.001,17.793,19.270,17.465
5.208,-3.331,-0.001,0.587,-0.000,0.000,0.810,-0.111,-0.107,38.863,-0.116,47.196,36.050,45.129,-0.231,0.866,-0.009,0.026,0.028,-0.338,0.001,0.007,19.197,-0.001,17.812,19.253,17.506
5.206,-3.323,-0.001,0.588,-0.000,0.000,0.809,-0.111,-0.107,39.055,-0.116,47.374,36.242,45.305,-0.228,0.866,-0.007,0.034,0.032,-0.338,0.001,0.007,19.247,-0.002,17.832,19.222,17.545
5.204,-3.314,-0.001,0.589,-0.000,0.001,0.808,-0.111,-0.107,39.248,-0.116,47.552,36.434,45.480,-0.225,0.866,-0.004,0.042,0.036,-0.338,0.000,0.007,19.293,-0.003,17.852,19.180,17.581
5.201,-3.305,-0.001,0.591,-0.000,0.001,0.807,-0.111,-0.107,39.441,-0.116,47.731,36.626,45.656,-0.222,0.867,-0.002,0.049,0.038,-0.338,-0.000,0.006,19.335,-0.003,17.874,19.129,17.615
5.199,-3.297,-0.001,0.592,-0.000,0.001,0.806,-0.111,-0.107,39.634,-0.116,47.910,36.817,45.833,-0.219,0.868,0.001,0.052,0.037,-0.338,-0.001,0.005,19.372,-0.004,17.899,19.074,17.646
5.197,-3.288,-0.001,0.593,-0.000,0.002,0.805,-0.111,-0.107,39.828,-0.116,48.089,37.007,46.009,-0.217,0.869,0.003,0.049,0.031,-0.338,-0.001,0.004,19.404,-0.005,17.924,19.019,17.675
5.195,-3.279,-0.001,0.595,-0.000,0.002,0.804,-0.111,-0.107,40.022,-0.116,48.268,37.197,46.186,-0.214,0.870,0.005,0.040,0.021,-0.338,-0.001,0.003,19.431,-0.005,17.949,18.972,17.703
5.193,-3.270,-0.001,0.596,-0.000,0.002,0.803,-0.111,-0.107,40.217,-0.116,48.448,37.387,46.363,-0.211,0.872,0.006,0.023,0.008,-0.338,-0.001,0.002,19.454,-0.005,17.968,18.937,17.730
5.191,-3.262,-0.001,0.598,-0.000,0.002,0.802,-0.111,-0.107,40.411,-0.116,48.628,37.576,46.541,-0.208,0.874,0.006,0.001,-0.009,-0.338,-0.001,0.002,19.474,-0.005,17.979,18.918,17.755
5.189,-3.253,-0.001,0.599,0.000,0.002,0.801,-0.111,-0.107,40.606,-0.116,48.807,37.765,46.718,-0.206,0.876,0.006,-0.024,-0.026,-0.338,-0.000,0.001,19.492,-0.004,17.978,18.919,17.779
5.186,-3.244,-0.001,0.600,0.000,0.002,0.800,-0.111,-0.107,40.801,-0.116,48.987,37.955,46.896,-0.203,0.879,0.005,-0.049,-0.043,-0.338,-0.000,0.001,19.508,-0.004,17.964,18.940,17.802
5.184,-3.235,-0.001,0.602,0.000,0.001,0.799,-0.112,-0.107,40.996,-0.116,49.167,38.144,47.074,-0.200,0.881,0.003,-0.073,-0.058,-0.338,-0.000,0.001,19.525,-0.003,17.935,18.983,17.823
5.182,-3.227,-0.001,0.603,0.000,0.001,0.798,-0.112,-0.107,41.192,-0.116,49.346,38.334,47.253,-0.198,0.882,0.002,-0.091,-0.070,-0.338,-0.000,0.000,19.541,-0.003,17.894,19.044,17.842
5.180,-3.218,-0.001,0.604,0.000,0.000,0.797,-0.112,-0.107,41.387,-0.116,49.524,38.525,47.431,-0.195,0.884,0.000,-0.101,-0.077,-0.337,-0.000,-0.000,19.555,-0.003,17.842,19.121,17.859
5.179,-3.209,-0.001,0.606,0.000,-0.000,0.796,-0.112,-0.107,41.583,-0.116,49.703,38.717,47.610,-0.192,0.885,-0.001,-0.102,-0.080,-0.337,-0.000,-0.001,19.567,-0.002,17.783,19.208,17.873
5.177,-3.200,-0.001,0.607,0.000,-0.001,0.795,-0.112,-0.107,41.779,-0.116,49.880,38.909,47.789,-0.189,0.886,-0.002,-0.094,-0.077,-0.337,-0.000,-0.001,19.574,-0.002,17.723,19.300,17.884
5.175,-3.191,-0.001,0.608,0.000,-0.002,0.794,-0.112,-0.107,41.974,-0.116,50.057,39.103,47.968,-0.186,0.887,-0.002,-0.078,-0.070,-0.337,-0.000,-0.002,19.575,-0.002,17.667,19.392,17.891
5.173,-3.182,-0.001,0.610,0.000,-0.002,0.793,-0.112,-0.107,42.170,-0.116,50.233,39.297,48.146,-0.183,0.887,-0.001,-0.054,-0.058,-0.337,-0.000,-0.003,19.567,-0.001,17.618,19.476,17.893
5.171,-3.173,-0.001,0.611,0.000,-0.002,0.792,-0.112,-0.107,42.366,-0.117,50.409,39.492,48.325,-0.180,0.888,0.001,-0.028,-0.043,-0.338,-0.000,-0.004,19.547,-0.000,17.580,19.547,17.889
5.169,-3.165,-0.001,0.612,0.000,-0.003,0.791,-0.112,-0.107,42.561,-0.116,50.585,39.688,48.504,-0.177,0.888,0.003,-0.001,-0.025,-0.339,-0.000,-0.004,19.516,0.001,17.556,19.602,17.878
5.168,-3.156,-0.001,0.614,0.000,-0.003,0.790,-0.112,-0.107,42.756,-0.116,50.761,39.884,48.683,-0.174,0.889,0.005,0.023,-0.006,-0.340,-0.000,-0.005,19.475,0.002,17.548,19.638,17.861
5.166,-3.147,-0.001,0.615,0.001,-0.002,0.788,-0.112,-0.107,42.950,-0.116,50.936,40.081,48.861,-0.171,0.890,0.006,0.041,0.012,-0.341,-0.000,-0.005,19.427,0.003,17.557,19.656,17.837
5.164,-3.138,-0.001,0.616,0.001,-0.002,0.787,-0.112,-0.107,43.144,-0.116,51.112,40.277,49.040,-0.168,0.891,0.007,0.053,0.029,-0.342,0.000,-0.005,19.376,0.003,17.580,19.657,17.806
5.162,-3.129,-0.000,0.618,0.001,-0.002,0.786,-0.112,-0.107,43.338,-0.116,51.288,40.474,49.218,-0.165,0.892,0.006,0.057,0.042,-0.343,0.000,-0.004,19.327,0.003,17.617,19.647,17.771
5.161,-3.120,-0.000,0.619,0.001,-0.001,0.785,-0.112,-0.107,43.531,-0.116,51.464,40.670,49.395,-0.162,0.893,0.006,0.053,0.052,-0.344,0.000,-0.003,19.285,0.003,17.664,19.629,17.734
5.159,-3.111,-0.000,0.620,0.001,-0.001,0.784,-0.112,-0.107,43.724,-0.116,51.641,40.866,49.572,-0.159,0.894,0.004,0.040,0.056,-0.345,0.000,-0.002,19.258,0.003,17.710,19.610,17.699
5.158,-3.102,-0.000,0.622,0.000,-0.001,0.783,-0.112,-0.107,43.916,-0.116,51.818,41.062,49.749,-0.156,0.895,0.002,0.023,0.057,-0.345,0.001,-0.001,19.247,0.003,17.759,19.593,17.667
5.156,-3.093,-0.000,0.623,0.000,-0.001,0.782,-0.112,-0.107,44.109,-0.116,51.996,41.258,49.926,-0.153,0.897,-0.001,0.007,0.057,-0.346,0.001,0.001,19.250,0.003,17.816,19.578,17.636
5.155,-3.084,-0.000,0.624,0.000,-0.000,0.781,-0.112,-0.107,44.301,-0.116,52.175,41.454,50.102,-0.150,0.897,-0.004,-0.007,0.055,-0.346,0.001,0.002,19.271,0.003,17.873,19.567,17.610
5.153,-3.075,-0.000,0.626,-0.000,-0.000,0.780,-0.111,-0.107,44.494,-0.116,52.354,41.650,50.278,-0.147,0.898,-0.007,-0.016,0.052,-0.345,0.001,0.004,19.307,0.003,17.923,19.558,17.593
5.152,-3.066,-0.000,0.627,-0.000,-0.000,0.779,-0.111,-0.107,44.687,-0.116,52.533,41.845,50.454,-0.144,0.899,-0.009,-0.019,0.048,-0.345,0.001,0.005,19.357,0.003,17.965,19.550,17.585
5.150,-3.057,-0.001,0.629,-0.001,-0.000,0.778,-0.111,-0.107,44.881,-0.116,52.713,42.041,50.629,-0.141,0.899,-0.011,-0.013,0.046,-0.344,0.001,0.006,19.416,0.002,18.000,19.539,17.585
5.149,-3.048,-0.001,0.630,-0.001,0.000,0.777,-0.111,-0.107,45.076,-0.116,52.893,42.236,50.805,-0.138,0.899,-0.010,0.001,0.044,-0.343,0.001,0.007,19.478,0.002,18.028,19.519,17.593
5.147,-3.039,-0.001,0.631,-0.001,0.000,0.776,-0.111,-0.107,45.271,-0.116,53.074,42.431,50.981,-0.135,0.899,-0.008,0.019,0.041,-0.343,0.001,0.007,19.538,0.001,18.052,19.489,17.608
5.146,-3.030,-0.001,0.633,-0.001,0.000,0.775,-0.111,-0.107,45.467,-0.116,53.254,42.626,51.158,-0.132,0.899,-0.006,0.037,0.035,-0.342,0.000,0.006,19.594,-0.000,18.072,19.448,17.630
5.145,-3.021,-0.001,0.634,-0.001,0.001,0.773,-0.111,-0.107,45.663,-0.116,53.435,42.820,51.334,-0.129,0.899,-0.004,0.055,0.030,-0.342,-0.000,0.005,19.640,-0.001,18.091,19.396,17.659
5.144,-3.012,-0.001,0.635,-0.001,0.001,0.772,-0.111,-0.107,45.859,-0.116,53.616,43.014,51.511,-0.126,0.899,-0.002,0.071,0.024,-0.342,-0.001,0.004,19.674,-0.002,18.110,19.336,17.693
5.142,-3.003,-0.001,0.636,-0.001,0.001,0.771,-0.111,-0.107,46.056,-0.116,53.797,43.207,51.688,-0.122,0.899,-0.001,0.080,0.018,-0.342,-0.001,0.003,19.697,-0.003,18.132,19.273,17.731
5.141,-2.994,-0.001,0.638,-0.001,0.002,0.770,-0.040,-0.056,46.253,-0.058,53.980,43.399,51.865,-0.126,0.897,0.001,0.092,0.010,-0.308,11.480,8.598,19.716,9.760,18.357,19.128,17.816
5.140,-2.985,-0.001,0.639,-0.000,0.002,0.769,0.056,0.025,46.449,0.032,54.164,43.589,52.045,-0.148,0.895,0.003,0.112,-0.009,-0.156,5.949,5.933,19.449,6.376,18.623,18.808,18.192
5.138,-2.976,-0.001,0.639,0.000,0.003,0.769,0.056,0.035,46.642,0.047,54.352,43.775,52.230,-0.172,0.893,0.004,0.098,-0.023,0.001,-5.293,-3.645,19.046,-3.028,18.876,18.466,18.634
5.136,-2.967,-0.001,0.639,0.000,0.003,0.769,-0.020,-0.026,46.831,-0.009,54.541,43.959,52.417,-0.173,0.896,0.002,0.031,-0.021,0.021,-8.000,-6.901,18.837,-6.660,18.961,18.378,18.822
5.135,-2.959,-0.001,0.639,0.001,0.003,0.769,-0.067,-0.070,47.020,-0.054,54.731,44.143,52.605,-0.157,0.899,0.002,-0.030,-0.025,-0.067,-0.809,-1.409,18.985,-1.425,18.867,18.509,18.721
5.133,-2.950,-0.001,0.639,0.000,0.002,0.769,-0.036,-0.050,47.211,-0.032,54.919,44.329,52.791,-0.146,0.900,0.001,-0.066,-0.032,-0.127,5.944,4.683,19.199,4.858,18.756,18.633,18.604
5.132,-2.941,-0.001,0.640,0.000,0.002,0.769,0.022,0.000,47.403,0.018,55.106,44.515,52.978,-0.154,0.900,0.000,-0.079,-0.046,-0.079,4.363,4.332,19.163,4.201,18.796,18.610,18.704
5.130,-2.932,-0.001,0.640,0.000,0.001,0.768,0.033,0.018,47.594,0.035,55.295,44.701,53.166,-0.169,0.899,0.000,-0.091,-0.060,0.010,-1.956,-0.883,18.948,-0.865,18.943,18.515,18.912
5.128,-2.923,-0.001,0.640,0.000,0.001,0.769,-0.005,-0.009,47.782,0.008,55.485,44.886,53.356,-0.173,0.900,0.000,-0.110,-0.073,0.037,-4.576,-3.688,18.836,-3.824,18.997,18.532,19.022
5.127,-2.914,-0.001,0.640,0.000,0.000,0.769,-0.037,-0.038,47.971,-0.022,55.674,45.072,53.546,-0.164,0.903,0.001,-0.123,-0.083,-0.010,-1.385,-1.582,18.936,-1.729,18.857,18.704,18.973
5.125,-2.904,-0.001,0.640,0.000,-0.001,0.768,-0.029,-0.035,48.161,-0.021,55.862,45.260,53.735,-0.156,0.905,0.001,-0.116,-0.088,-0.058,2.598,1.927,19.091,1.793,18.656,18.903,18.889
5.124,-2.895,-0.001,0.640,0.000,-0.001,0.768,0.001,-0.010,48.352,0.003,56.048,45.450,53.924,-0.158,0.905,0.002,-0.088,-0.088,-0.050,2.717,2.524,19.113,2.330,18.575,19.007,18.906
5.122,-2.886,-0.001,0.640,0.000,-0.002,0.768,0.014,0.005,48.543,0.016,56.234,45.640,54.113,-0.165,0.905,0.003,-0.055,-0.082,-0.009,-0.251,0.229,19.020,0.155,18.611,19.027,18.996
5.120,-2.877,-0.001,0.640,0.000,-0.002,0.768,-0.001,-0.004,48.733,0.006,56.420,45.830,54.304,-0.168,0.905,0.004,-0.028,-0.070,0.010,-2.254,-1.708,18.943,-1.855,18.634,19.060,19.055
5.119,-2.868,-0.001,0.640,0.001,-0.002,0.768,-0.020,-0.020,48.922,-0.012,56.606,46.021,54.494,-0.164,0.906,0.005,-0.006,-0.052,-0.010,-1.242,-1.168,18.939,-1.330,18.562,19.156,19.037
5.117,-2.859,-0.001,0.640,0.001,-0.003,0.768,-0.022,-0.024,49.112,-0.016,56.791,46.213,54.684,-0.160,0.907,0.006,0.017,-0.031,-0.038,0.828,0.397,18.950,0.401,18.463,19.262,18.991
5.115,-2.850,-0.001,0.640,0.001,-0.003,0.768,-0.009,-0.015,49.301,-0.007,56.976,46.406,54.874,-0.159,0.908,0.007,0.040,-0.008,-0.044,1.414,1.175,18.914,1.104,18.430,19.313,18.972
5.114,-2.841,-0.000,0.641,0.001,-0.002,0.768,0.000,-0.006,49.490,0.001,57.160,46.600,55.064,-0.161,0.908,0.006,0.055,0.015,-0.030,0.358,0.475,18.842,0.414,18.473,19.301,18.980
5.112,-2.832,-0.000,0.641,0.001,-0.002,0.768,-0.002,-0.006,49.678,-0.000,57.345,46.792,55.254,-0.163,0.908,0.006,0.058,0.037,-0.019,-0.751,-0.471,18.777,-0.526,18.537,19.271,18.977
5.110,-2.823,-0.000,0.641,0.001,-0.002,0.768,-0.010,-0.012,49.865,-0.007,57.531,46.985,55.443,-0.162,0.909,0.005,0.051,0.055,-0.022,-0.696,-0.543,18.740,-0.643,18.583,19.258,18.940
5.109,-2.814,-0.000,0.641,0.001,-0.001,0.768,-0.014,-0.015,50.053,-0.011,57.717,47.178,55.632,-0.160,0.910,0.003,0.037,0.069,-0.033,-0.033,-0.061,18.728,-0.163,18.621,19.260,18.881
5.107,-2.805,-0.000,0.641,0.001,-0.001,0.768,-0.011,-0.013,50.240,-0.010,57.903,47.370,55.821,-0.159,0.911,0.001,0.019,0.076,-0.039,0.502,0.418,18.728,0.333,18.670,19.257,18.825
5.106,-2.796,-0.000,0.641,0.001,-0.001,0.767,-0.007,-0.009,50.427,-0.006,58.090,47.563,56.009,-0.160,0.912,-0.001,0.003,0.079,-0.035,0.346,0.349,18.737,0.280,18.736,19.239,18.786
5.104,-2.786,-0.000,0.641,0.000,-0.000,0.767,-0.005,-0.007,50.615,-0.005,58.278,47.755,56.197,-0.161,0.912,-0.004,-0.011,0.079,-0.029,0.001,0.092,18.759,0.072,18.815,19.215,18.755
5.102,-2.777,-0.000,0.641,-0.000,-0.000,0.767,-0.006,-0.007,50.803,-0.005,58.466,47.947,56.384,-0.161,0.913,-0.006,-0.021,0.075,-0.025,-0.190,-0.086,18.801,-0.109,18.888,19.197,18.730
5.101,-2.768,-0.000,0.641,-0.000,-0.000,0.767,-0.008,-0.008,50.991,-0.006,58.656,48.139,56.571,-0.161,0.913,-0.008,-0.025,0.068,-0.024,-0.121,-0.055,18.861,-0.095,18.952,19.185,18.710
5.099,-2.759,-0.001,0.642,-0.001,-0.000,0.767,-0.009,-0.008,51.180,-0.007,58.845,48.331,56.758,-0.161,0.913,-0.010,-0.022,0.059,-0.024,-0.029,-0.016,18.933,-0.039,19.007,19.174,18.698
5.098,-2.750,-0.001,0.642,-0.001,0.000,0.767,-0.009,-0.008,51.370,-0.007,59.036,48.522,56.945,-0.160,0.913,-0.010,-0.009,0.050,-0.024,0.013,0.000,19.008,-0.014,19.052,19.158,18.697
5.096,-2.741,-0.001,0.642,-0.001,0.000,0.767,-0.008,-0.008,51.560,-0.007,59.226,48.714,57.132,-0.160,0.913,-0.008,0.011,0.042,-0.024,0.023,0.006,19.080,-0.006,19.088,19.132,18.707
5.094,-2.732,-0.001,0.642,-0.001,0.000,0.767,-0.008,-0.008,51.751,-0.007,59.417,48.905,57.319,-0.160,0.913,-0.006,0.034,0.034,-0.024,0.018,0.006,19.143,-0.004,19.118,19.095,18.728
5.093,-2.723,-0.001,0.642,-0.001,0.001,0.767,-0.008,-0.008,51.943,-0.007,59.609,49.096,57.507,-0.160,0.913,-0.004,0.055,0.026,-0.024,0.009,0.005,19.194,-0.005,19.143,19.047,18.760
5.091,-2.713,-0.001,0.642,-0.001,0.001,0.767,-0.008,-0.008,52.135,-0.007,59.800,49.286,57.695,-0.159,0.912,-0.002,0.073,0.019,-0.025,0.001,0.004,19.232,-0.006,19.166,18.992,18.800
5.090,-2.704,-0.001,0.642,-0.001,0.001,0.767,-0.008,-0.008,52.327,-0.007,59.992,49.476,57.883,-0.159,0.912,-0.001,0.085,0.013,-0.025,-0.003,0.002,19.256,-0.007,19.189,18.932,18.847
5.088,-2.695,-0.001,0.642,-0.001,0.002,0.767,-0.008,-0.008,52.520,-0.007,60.184,49.665,58.072,-0.159,0.912,-0.000,0.087,0.006,-0.026,-0.004,0.001,19.268,-0.008,19.214,18.873,18.898
5.086,-2.686,-0.001,0.642,-0.000,0.002,0.766,-0.008,-0.008,52.713,-0.008,60.376,49.853,58.261,-0.158,0.912,0.001,0.079,-0.001,-0.026,-0.004,0.001,19.271,-0.008,19.239,18.821,18.952
5.085,-2.677,-0.001,0.642,-0.000,0.002,0.766,-0.008,-0.008,52.906,-0.008,60.569,50.041,58.451,-0.158,0.913,0.001,0.062,-0.009,-0.026,-0.003,0.000,19.269,-0.008,19.262,18.780,19.004
5.083,-2.668,-0.001,0.642,0.000,0.002,0.766,-0.008,-0.008,53.098,-0.008,60.762,50.229,58.641,-0.158,0.913,0.001,0.034,-0.018,-0.026,-0.002,0.000,19.265,-0.007,19.278,18.754,19.052
5.082,-2.659,-0.001,0.643,0.000,0.002,0.766,-0.008,-0.008,53.291,-0.008,60.954,50.416,58.832,-0.158,0.914,0.001,0.001,-0.028,-0.026,-0.001,0.000,19.262,-0.007,19.285,18.747,19.094
5.080,-2.650,-0.001,0.643,0.000,0.002,0.766,-0.008,-0.008,53.483,-0.008,61.147,50.604,59.023,-0.157,0.915,0.001,-0.035,-0.039,-0.026,-0.001,-0.000,19.262,-0.006,19.279,18.762,19.129
5.079,-2.640,-0.001,0.643,0.000,0.002,0.766,-0.008,-0.008,53.676,-0.008,61.340,50.791,59.214,-0.157,0.916,0.001,-0.067,-0.052,-0.025,-0.000,-0.000,19.268,-0.005,19.257,18.799,19.158
5.077,-2.631,-0.001,0.643,0.000,0.001,0.766,-0.008,-0.008,53.869,-0.008,61.532,50.980,59.406,-0.157,0.916,0.001,-0.094,-0.064,-0.024,-0.000,-0.001,19.277,-0.004,19.218,18.857,19.180
5.075,-2.622,-0.001,0.643,0.000,0.001,0.766,-0.008,-0.008,54.062,-0.008,61.724,51.169,59.598,-0.157,0.917,0.001,-0.110,-0.076,-0.023,-0.001,-0.001,19.290,-0.004,19.164,18.934,19.198
5.074,-2.613,-0.001,0.643,0.000,0.000,0.766,-0.008,-0.008,54.255,-0.008,61.916,51.358,59.790,-0.157,0.918,0.001,-0.114,-0.085,-0.023,-0.001,-0.002,19.301,-0.004,19.098,19.023,19.213
5.072,-2.604,-0.001,0.643,0.000,-0.001,0.766,-0.008,-0.008,54.448,-0.008,62.106,51.549,59.982,-0.157,0.918,0.001,-0.107,-0.091,-0.022,-0.001,-0.002,19.308,-0.004,19.024,19.119,19.226
5.071,-2.594,-0.001,0.643,0.000,-0.001,0.766,-0.008,-0.008,54.641,-0.008,62.296,51.741,60.174,-0.157,0.919,0.002,-0.088,-0.091,-0.022,-0.001,-0.003,19.306,-0.003,18.946,19.216,19.238
5.069,-2.585,-0.001,0.643,0.000,-0.002,0.766,-0.008,-0.008,54.834,-0.008,62.485,51.933,60.367,-0.157,0.919,0.003,-0.063,-0.085,-0.022,-0.001,-0.003,19.292,-0.003,18.872,19.307,19.248
5.068,-2.576,-0.001,0.643,0.000,-0.002,0.766,-0.008,-0.008,55.027,-0.008,62.673,52.127,60.559,-0.157,0.920,0.004,-0.033,-0.073,-0.022,-0.001,-0.004,19.265,-0.003,18.807,19.385,19.256
5.066,-2.567,-0.001,0.643,0.001,-0.003,0.765,-0.008,-0.008,55.219,-0.008,62.861,52.321,60.752,-0.157,0.920,0.006,-0.004,-0.056,-0.023,-0.001,-0.005,19.224,-0.002,18.756,19.447,19.261
5.064,-2.558,-0.001,0.644,0.001,-0.003,0.765,-0.008,-0.008,55.411,-0.008,63.049,52.516,60.945,-0.157,0.920,0.006,0.022,-0.034,-0.024,-0.001,-0.005,19.172,-0.001,18.722,19.490,19.259
5.063,-2.549,-0.001,0.644,0.001,-0.003,0.765,-0.008,-0.008,55.602,-0.008,63.236,52.711,61.137,-0.156,0.920,0.007,0.042,-0.010,-0.025,-0.000,-0.006,19.113,-0.000,18.707,19.514,19.248
5.061,-2.539,-0.000,0.644,0.001,-0.002,0.765,-0.008,-0.008,55.793,-0.008,63.423,52.906,61.330,-0.156,0.921,0.007,0.053,0.014,-0.026,-0.000,-0.005,19.053,0.000,18.712,19.520,19.228
5.060,-2.530,-0.000,0.644,0.001,-0.002,0.765,-0.008,-0.008,55.983,-0.008,63.610,53.101,61.522,-0.156,0.921,0.006,0.056,0.036,-0.027,-0.000,-0.005,18.996,0.001,18.736,19.511,19.196
5.058,-2.521,-0.000,0.644,0.001,-0.002,0.765,-0.008,-0.008,56.173,-0.008,63.798,53.296,61.713,-0.156,0.921,0.005,0.050,0.056,-0.027,0.000,-0.004,18.949,0.002,18.774,19.491,19.154
5.057,-2.512,-0.000,0.644,0.001,-0.001,0.765,-0.008,-0.008,56.362,-0.008,63.986,53.491,61.905,-0.155,0.922,0.003,0.038,0.071,-0.028,0.000,-0.003,18.918,0.002,18.825,19.466,19.105
5.055,-2.502,-0.000,0.644,0.001,-0.001,0.765,-0.008,-0.008,56.552,-0.008,64.174,53.686,62.095,-0.155,0.922,0.001,0.020,0.080,-0.028,0.001,-0.001,18.906,0.003,18.882,19.441,19.052
5.054,-2.493,-0.000,0.644,0.001,-0.001,0.765,-0.008,-0.008,56.741,-0.008,64.363,53.880,62.286,-0.155,0.922,-0.002,0.002,0.084,-0.028,0.001,0.000,18.915,0.003,18.945,19.418,18.999
5.052,-2.484,-0.000,0.644,0.000,-0.000,0.765,-0.008,-0.008,56.930,-0.008,64.553,54.074,62.475,-0.155,0.923,-0.004,-0.014,0.083,-0.028,0.001,0.001,18.944,0.003,19.009,19.399,18.949
5.050,-2.475,-0.000,0.645,-0.000,-0.000,0.765,-0.008,-0.008,57.120,-0.008,64.743,54.268,62.665,-0.154,0.923,-0.006,-0.024,0.078,-0.028,0.001,0.003,18.990,0.004,19.070,19.383,18.908
5.049,-2.466,-0.000,0.645,-0.000,-0.000,0.765,-0.008,-0.008,57.310,-0.008,64.934,54.462,62.854,-0.154,0.923,-0.009,-0.027,0.071,-0.027,0.001,0.004,19.051,0.003,19.127,19.367,18.877
5.047,-2.456,-0.001,0.645,-0.001,0.000,0.764,-0.008,-0.008,57.501,-0.008,65.126,54.655,63.042,-0.154,0.923,-0.010,-0.022,0.061,-0.027,0.001,0.005,19.121,0.003,19.177,19.349,18.858
5.046,-2.447,-0.001,0.645,-0.001,0.000,0.764,-0.008,-0.008,57.692,-0.008,65.318,54.848,63.231,-0.154,0.923,-0.009,-0.007,0.052,-0.026,0.001,0.006,19.193,0.002,19.218,19.324,18.852
5.044,-2.438,-0.001,0.645,-0.001,0.000,0.764,-0.008,-0.008,57.884,-0.008,65.510,55.042,63.419,-0.154,0.922,-0.007,0.014,0.043,-0.026,0.001,0.005,19.260,0.001,19.250,19.288,18.857
5.043,-2.429,-0.001,0.645,-0.001,0.001,0.764,-0.008,-0.008,58.077,-0.008,65.703,55.234,63.608,-0.153,0.922,-0.005,0.037,0.034,-0.026,0.000,0.005,19.318,-0.000,19.276,19.243,18.874
5.041,-2.419,-0.001,0.645,-0.001,0.001,0.764,-0.008,-0.008,58.271,-0.008,65.896,55.426,63.797,-0.153,0.921,-0.003,0.059,0.025,-0.026,-0.000,0.004,19.363,-0.001,19.297,19.188,18.902
5.040,-2.410,-0.001,0.645,-0.001,0.001,0.764,-0.008,-0.008,58.465,-0.008,66.089,55.618,63.986,-0.153,0.921,-0.002,0.077,0.017,-0.026,-0.001,0.003,19.394,-0.002,19.316,19.125,18.939
5.038,-2.401,-0.001,0.645,-0.001,0.001,0.764,-0.008,-0.008,58.659,-0.008,66.282,55.809,64.176,-0.152,0.920,-0.001,0.087,0.010,-0.027,-0.001,0.002,19.411,-0.004,19.336,19.060,18.983
5.037,-2.392,-0.001,0.645,-0.001,0.002,0.764,-0.008,-0.008,58.853,-0.008,66.476,55.999,64.366,-0.152,0.920,-0.000,0.088,0.003,-0.027,-0.001,0.001,19.417,-0.005,19.357,18.997,19.032
5.035,-2.383,-0.001,0.646,-0.000,0.002,0.764,-0.008,-0.008,59.047,-0.008,66.669,56.189,64.556,-0.152,0.920,0.001,0.079,-0.004,-0.027,-0.001,0.001,19.414,-0.005,19.378,18.942,19.083
5.034,-2.373,-0.001,0.646,-0.000,0.002,0.764,-0.008,-0.008,59.241,-0.008,66.863,56.378,64.747,-0.151,0.921,0.001,0.059,-0.013,-0.027,-0.001,0.001,19.405,-0.005,19.396,18.900,19.133
5.032,-2.364,-0.001,0.646,0.000,0.003,0.764,-0.008,-0.008,59.435,-0.008,67.057,56.567,64.939,-0.151,0.921,0.001,0.029,-0.022,-0.027,-0.001,0.000,19.395,-0.005,19.408,18.874,19.178
5.031,-2.355,-0.001,0.646,0.000,0.002,0.763,-0.008,-0.008,59.629,-0.008,67.251,56.756,65.131,-0.151,0.921,0.001,-0.005,-0.032,-0.027,-0.000,0.000,19.387,-0.005,19.409,18.868,19.217
5.029,-2.346,-0.001,0.646,0.000,0.002,0.763,-0.008,-0.008,59.823,-0.008,67.445,56.944,65.323,-0.151,0.922,0.001,-0.041,-0.043,-0.027,-0.000,-0.000,19.384,-0.004,19.396,18.885,19.248
5.028,-2.337,-0.001,0.646,0.000,0.002,0.763,-0.008,-0.008,60.017,-0.008,67.639,57.133,65.516,-0.150,0.922,0.001,-0.074,-0.055,-0.026,-0.000,-0.000,19.386,-0.003,19.367,18.924,19.273
5.026,-2.327,-0.001,0.646,0.000,0.001,0.763,-0.008,-0.008,60.211,-0.008,67.833,57.323,65.709,-0.150,0.923,0.001,-0.098,-0.067,-0.025,-0.000,-0.001,19.392,-0.003,19.322,18.984,19.292
5.025,-2.318,-0.001,0.646,0.000,0.001,0.763,-0.008,-0.008,60.405,-0.008,68.025,57.513,65.902,-0.150,0.924,0.001,-0.112,-0.079,-0.024,-0.000,-0.001,19.401,-0.003,19.261,19.061,19.306
5.023,-2.309,-0.001,0.646,0.000,0.000,0.763,-0.008,-0.008,60.599,-0.008,68.218,57.704,66.095,-0.150,0.924,0.001,-0.114,-0.087,-0.023,-0.001,-0.002,19.408,-0.002,19.189,19.151,19.317
5.022,-2.300,-0.001,0.646,0.000,-0.001,0.763,-0.008,-0.008,60.793,-0.008,68.409,57.896,66.288,-0.150,0.924,0.002,-0.104,-0.092,-0.023,-0.001,-0.002,19.409,-0.002,19.109,19.245,19.327
5.020,-2.290,-0.001,0.646,0.000,-0.001,0.763,-0.008,-0.008,60.987,-0.008,68.600,58.089,66.481,-0.150,0.925,0.003,-0.083,-0.091,-0.023,-0.001,-0.003,19.401,-0.002,19.028,19.339,19.335
5.019,-2.281,-0.001,0.647,0.000,-0.002,0.763,-0.008,-0.008,61.181,-0.008,68.790,58.283,66.675,-0.150,0.925,0.004,-0.056,-0.085,-0.023,-0.001,-0.003,19.380,-0.002,18.950,19.425,19.343
5.017,-2.272,-0.001,0.647,0.000,-0.002,0.763,-0.008,-0.008,61.374,-0.008,68.979,58.478,66.868,-0.150,0.925,0.005,-0.025,-0.071,-0.023,-0.001,-0.004,19.344,-0.002,18.883,19.497,19.348
5.016,-2.263,-0.001,0.647,0.001,-0.003,0.763,-0.008,-0.008,61.567,-0.008,69.168,58.673,67.062,-0.150,0.925,0.006,0.003,-0.053,-0.024,-0.001,-0.005,19.296,-0.001,18.831,19.552,19.350
5.014,-2.253,-0.001,0.647,0.001,-0.003,0.763,-0.008,-0.008,61.760,-0.008,69.356,58.868,67.255,-0.149,0.926,0.007,0.028,-0.030,-0.025,-0.000,-0.005,19.238,0.000,18.797,19.587,19.345
5.013,-2.244,-0.001,0.647,0.001,-0.003,0.763,-0.008,-0.008,61.952,-0.008,69.544,59.064,67.449,-0.149,0.926,0.007,0.046,-0.006,-0.026,-0.000,-0.005,19.175,0.001,18.783,19.604,19.331
5.011,-2.235,-0.000,0.647,0.001,-0.002,0.762,-0.008,-0.008,62.144,-0.008,69.731,59.261,67.642,-0.149,0.926,0.007,0.054,0.018,-0.027,-0.000,-0.005,19.111,0.002,18.789,19.603,19.306
5.010,-2.226,-0.000,0.647,0.001,-0.002,0.762,-0.008,-0.008,62.334,-0.008,69.919,59.456,67.835,-0.148,0.926,0.006,0.055,0.041,-0.028,0.000,-0.004,19.054,0.002,18.813,19.589,19.270
5.008,-2.216,-0.000,0.647,0.001,-0.002,0.762,-0.008,-0.008,62.525,-0.008,70.108,59.652,68.027,-0.148,0.926,0.004,0.047,0.061,-0.028,0.000,-0.003,19.008,0.003,18.852,19.565,19.224
5.007,-2.207,-0.000,0.647,0.001,-0.001,0.762,-0.008,-0.008,62.715,-0.008,70.296,59.848,68.219,-0.148,0.927,0.002,0.032,0.076,-0.029,0.001,-0.002,18.980,0.003,18.902,19.537,19.170
5.005,-2.198,-0.000,0.647,0.001,-0.001,0.762,-0.008,-0.008,62.904,-0.008,70.486,60.043,68.411,-0.148,0.927,-0.000,0.014,0.084,-0.029,0.001,-0.001,18.972,0.004,18.960,19.509,19.114
5.004,-2.189,-0.000,0.648,0.001,-0.001,0.762,-0.008,-0.008,63.094,-0.008,70.676,60.238,68.601,-0.147,0.927,-0.003,-0.004,0.088,-0.029,0.001,0.001,18.986,0.004,19.022,19.485,19.057
5.002,-2.179,-0.000,0.648,0.000,-0.000,0.762,-0.008,-0.008,63.284,-0.008,70.866,60.433,68.792,-0.147,0.927,-0.005,-0.019,0.086,-0.028,0.001,0.002,19.020,0.004,19.084,19.463,19.006
5.001,-2.170,-0.000,0.648,-0.000,-0.000,0.762,-0.008,-0.008,63.475,-0.008,71.057,60.627,68.982,-0.147,0.927,-0.007,-0.027,0.080,-0.028,0.001,0.003,19.071,0.004,19.144,19.444,18.963
4.999,-2.161,-0.000,0.648,-0.001,-0.000,0.762,-0.008,-0.008,63.666,-0.008,71.249,60.822,69.171,-0.147,0.927,-0.009,-0.027,0.072,-0.027,0.001,0.005,19.136,0.004,19.199,19.425,18.931
4.998,-2.151,-0.001,0.648,-0.001,0.000,0.762,-0.008,-0.008,63.857,-0.008,71.441,61.016,69.360,-0.147,0.927,-0.010,-0.019,0.062,-0.027,0.001,0.005,19.207,0.004,19.246,19.401,18.911
4.996,-2.142,-0.001,0.648,-0.001,0.000,0.762,-0.008,-0.008,64.050,-0.008,71.634,61.210,69.549,-0.146,0.927,-0.009,-0.002,0.052,-0.027,0.001,0.006,19.278,0.003,19.285,19.370,18.904
4.995,-2.133,-0.001,0.648,-0.001,0.000,0.761,-0.008,-0.008,64.243,-0.008,71.827,61.403,69.738,-0.146,0.926,-0.006,0.021,0.043,-0.026,0.000,0.005,19.342,0.002,19.315,19.328,18.909
4.993,-2.124,-0.001,0.648,-0.001,0.001,0.761,-0.008,-0.008,64.437,-0.008,72.020,61.596,69.928,-0.146,0.925,-0.004,0.044,0.032,-0.026,-0.000,0.005,19.396,0.000,19.338,19.277,18.927
4.992,-2.114,-0.001,0.648,-0.001,0.001,0.761,-0.008,-0.008,64.631,-0.008,72.214,61.789,70.117,-0.145,0.925,-0.003,0.066,0.023,-0.026,-0.000,0.004,19.436,-0.001,19.358,19.216,18.955
4.991,-2.105,-0.001,0.649,-0.001,0.001,0.761,-0.008,-0.008,64.825,-0.008,72.407,61.980,70.307,-0.145,0.925,-0.002,0.082,0.014,-0.027,-0.001,0.003,19.461,-0.002,19.376,19.151,18.993
4.989,-2.096,-0.001,0.649,-0.001,0.002,0.761,-0.008,-0.008,65.020,-0.008,72.601,62.172,70.497,-0.145,0.924,-0.001,0.090,0.006,-0.027,-0.001,0.002,19.472,-0.003,19.395,19.084,19.039
4.988,-2.087,-0.001,0.649,-0.001,0.002,0.761,-0.008,-0.008,65.215,-0.008,72.795,62.362,70.687,-0.144,0.924,0.000,0.087,-0.001,-0.027,-0.001,0.001,19.472,-0.004,19.415,19.022,19.089
4.986,-2.077,-0.001,0.649,-0.000,0.002,0.761,-0.056,-0.044,65.409,-0.045,72.989,62.552,70.879,-0.140,0.926,0.000,0.068,-0.010,-0.050,-7.631,-5.964,19.430,-6.187,19.315,19.032,19.120
4.985,-2.068,-0.001,0.649,-0.000,0.002,0.761,-0.119,-0.098,65.604,-0.103,73.181,62.743,71.069,-0.121,0.927,0.001,0.032,-0.017,-0.155,-3.911,-3.915,19.631,-4.187,19.137,19.172,18.932
4.984,-2.059,-0.001,0.650,0.000,0.002,0.760,-0.120,-0.108,65.802,-0.111,73.372,62.936,71.257,-0.103,0.927,0.001,0.002,-0.025,-0.263,3.404,1.848,19.931,2.396,18.966,19.324,18.672
4.983,-2.050,-0.001,0.651,0.000,0.002,0.759,-0.070,-0.074,66.002,-0.069,73.561,63.129,71.443,-0.100,0.926,0.000,-0.015,-0.038,-0.276,5.318,3.998,20.029,4.827,18.902,19.366,18.608
4.982,-2.040,-0.001,0.652,0.000,0.002,0.758,-0.038,-0.047,66.202,-0.037,73.750,63.323,71.630,-0.109,0.926,0.000,-0.035,-0.051,-0.211,0.668,0.942,19.874,1.111,18.952,19.302,18.745
4.981,-2.031,-0.001,0.653,0.000,0.002,0.758,-0.057,-0.059,66.400,-0.050,73.940,63.515,71.818,-0.114,0.927,-0.000,-0.068,-0.062,-0.167,-3.821,-2.886,19.707,-3.183,18.995,19.269,18.872
4.980,-2.022,-0.001,0.653,0.000,0.001,0.757,-0.095,-0.090,66.597,-0.085,74.130,63.709,72.007,-0.107,0.927,0.000,-0.103,-0.072,-0.196,-2.904,-2.602,19.735,-3.016,18.903,19.367,18.838
4.979,-2.013,-0.001,0.654,0.000,0.000,0.756,-0.104,-0.101,66.795,-0.098,74.318,63.903,72.194,-0.095,0.928,0.001,-0.121,-0.081,-0.254,1.054,0.402,19.889,0.406,18.710,19.538,18.706
4.978,-2.003,-0.001,0.655,0.000,-0.000,0.755,-0.080,-0.085,66.994,-0.081,74.504,64.099,72.381,-0.090,0.928,0.001,-0.113,-0.089,-0.274,2.931,2.305,19.971,2.488,18.558,19.668,18.641
4.977,-1.994,-0.001,0.656,0.000,-0.001,0.755,-0.059,-0.066,67.194,-0.061,74.689,64.296,72.568,-0.093,0.928,0.003,-0.089,-0.094,-0.243,1.023,1.135,19.902,1.237,18.518,19.715,18.691
4.976,-1.985,-0.001,0.657,0.000,-0.002,0.754,-0.063,-0.066,67.392,-0.060,74.874,64.493,72.755,-0.096,0.927,0.004,-0.065,-0.093,-0.211,-1.498,-0.935,19.791,-1.036,18.515,19.737,18.763
4.975,-1.975,-0.001,0.658,0.000,-0.002,0.753,-0.081,-0.079,67.590,-0.076,75.059,64.691,72.943,-0.094,0.927,0.005,-0.042,-0.084,-0.213,-1.723,-1.377,19.741,-1.643,18.449,19.802,18.768
4.974,-1.966,-0.001,0.659,0.001,-0.002,0.752,-0.090,-0.088,67.787,-0.086,75.243,64.890,73.130,-0.087,0.928,0.007,-0.017,-0.071,-0.240,-0.098,-0.299,19.739,-0.393,18.322,19.902,18.718
4.973,-1.957,-0.001,0.660,0.001,-0.003,0.752,-0.083,-0.084,67.984,-0.083,75.426,65.089,73.317,-0.083,0.928,0.008,0.011,-0.052,-0.256,1.227,0.887,19.713,0.907,18.214,19.978,18.678
4.972,-1.948,-0.001,0.661,0.001,-0.003,0.751,-0.072,-0.075,68.181,-0.073,75.608,65.289,73.504,-0.082,0.928,0.008,0.036,-0.030,-0.250,0.856,0.780,19.633,0.759,18.182,19.994,18.680
4.971,-1.938,-0.000,0.662,0.001,-0.003,0.750,-0.069,-0.071,68.377,-0.070,75.790,65.489,73.691,-0.082,0.928,0.007,0.051,-0.006,-0.236,-0.249,-0.038,19.535,-0.091,18.197,19.971,18.693
4.971,-1.929,-0.000,0.662,0.001,-0.002,0.749,-0.075,-0.075,68.572,-0.075,75.972,65.688,73.878,-0.080,0.928,0.006,0.054,0.018,-0.233,-0.756,-0.524,19.457,-0.665,18.214,19.948,18.679
4.970,-1.920,-0.000,0.663,0.001,-0.002,0.748,-0.081,-0.079,68.766,-0.080,76.154,65.888,74.064,-0.077,0.928,0.005,0.047,0.042,-0.241,-0.317,-0.262,19.407,-0.370,18.220,19.936,18.632
4.969,-1.910,-0.000,0.664,0.001,-0.002,0.748,-0.081,-0.080,68.960,-0.081,76.336,66.087,74.250,-0.073,0.928,0.003,0.035,0.064,-0.248,0.223,0.130,19.374,0.092,18.234,19.920,18.571
4.968,-1.901,-0.000,0.665,0.001,-0.001,0.747,-0.077,-0.077,69.154,-0.079,76.519,66.286,74.436,-0.071,0.929,0.000,0.019,0.082,-0.250,0.383,0.311,19.353,0.292,18.270,19.892,18.512
4.968,-1.892,-0.000,0.666,0.001,-0.001,0.746,-0.075,-0.075,69.347,-0.077,76.702,66.485,74.620,-0.069,0.928,-0.002,0.000,0.094,-0.246,0.131,0.148,19.349,0.131,18.323,19.855,18.456
4.967,-1.883,-0.000,0.667,0.001,-0.001,0.745,-0.075,-0.074,69.541,-0.076,76.885,66.683,74.805,-0.067,0.928,-0.004,-0.017,0.101,-0.243,-0.046,0.030,19.366,0.025,18.383,19.817,18.401
4.966,-1.873,-0.000,0.668,0.000,-0.001,0.744,-0.075,-0.074,69.734,-0.076,77.069,66.881,74.988,-0.065,0.928,-0.006,-0.029,0.103,-0.240,-0.083,-0.008,19.405,-0.035,18.443,19.783,18.345
4.966,-1.864,-0.000,0.669,-0.000,-0.000,0.743,-0.076,-0.074,69.929,-0.077,77.254,67.079,75.172,-0.063,0.928,-0.008,-0.034,0.099,-0.239,-0.052,-0.003,19.464,-0.031,18.500,19.750,18.292
4.965,-1.855,-0.001,0.670,-0.001,-0.000,0.743,-0.076,-0.074,70.124,-0.077,77.439,67.276,75.354,-0.061,0.928,-0.008,-0.030,0.092,-0.238,-0.019,0.003,19.536,-0.017,18.552,19.716,18.246
4.964,-1.845,-0.001,0.671,-0.001,0.000,0.742,-0.076,-0.074,70.320,-0.077,77.625,67.473,75.537,-0.059,0.927,-0.008,-0.017,0.082,-0.237,-0.001,0.005,19.612,-0.010,18.599,19.676,18.211
4.964,-1.836,-0.001,0.671,-0.002,0.000,0.741,-0.076,-0.074,70.516,-0.077,77.811,67.670,75.719,-0.057,0.927,-0.006,0.004,0.069,-0.237,0.005,0.005,19.687,-0.008,18.638,19.628,18.189
4.963,-1.827,-0.001,0.672,-0.002,0.001,0.740,-0.076,-0.074,70.713,-0.077,77.998,67.866,75.900,-0.055,0.927,-0.004,0.028,0.053,-0.236,0.005,0.004,19.752,-0.008,18.669,19.572,18.180
4.963,-1.818,-0.001,0.673,-0.002,0.001,0.739,-0.076,-0.074,70.911,-0.077,78.185,68.061,76.082,-0.052,0.926,-0.002,0.051,0.037,-0.236,0.002,0.003,19.804,-0.008,18.695,19.509,18.186
4.962,-1.808,-0.001,0.674,-0.002,0.001,0.739,-0.076,-0.074,71.109,-0.077,78.372,68.256,76.264,-0.050,0.926,-0.001,0.072,0.021,-0.237,-0.001,0.001,19.839,-0.009,18.716,19.442,18.206
4.962,-1.799,-0.001,0.675,-0.001,0.002,0.738,-0.076,-0.074,71.308,-0.078,78.559,68.450,76.446,-0.048,0.926,-0.000,0.087,0.006,-0.237,-0.002,-0.001,19.857,-0.010,18.735,19.374,18.239
4.961,-1.790,-0.001,0.676,-0.001,0.002,0.737,-0.076,-0.074,71.506,-0.078,78.746,68.643,76.629,-0.046,0.926,-0.000,0.093,-0.007,-0.237,-0.003,-0.002,19.860,-0.010,18.754,19.312,18.282
4.961,-1.781,-0.001,0.677,-0.001,0.002,0.736,-0.076,-0.074,71.705,-0.078,78.934,68.836,76.812,-0.043,0.926,-0.001,0.088,-0.019,-0.238,-0.003,-0.003,19.851,-0.010,18.772,19.258,18.332
4.960,-1.771,-0.001,0.678,-0.000,0.002,0.735,-0.076,-0.074,71.903,-0.078,79.122,69.029,76.996,-0.041,0.926,-0.002,0.073,-0.029,-0.238,-0.003,-0.003,19.834,-0.010,18.788,19.219,18.385
4.960,-1.762,-0.001,0.678,-0.000,0.003,0.735,-0.076,-0.074,72.102,-0.078,79.310,69.221,77.180,-0.039,0.926,-0.002,0.048,-0.037,-0.238,-0.003,-0.003,19.813,-0.010,18.799,19.195,18.437
4.960,-1.753,-0.001,0.679,0.000,0.002,0.734,-0.076,-0.074,72.300,-0.078,79.498,69.412,77.364,-0.036,0.926,-0.003,0.016,-0.044,-0.238,-0.003,-0.004,19.791,-0.009,18.802,19.190,18.484
4.959,-1.744,-0.001,0.680,0.000,0.002,0.733,-0.076,-0.074,72.497,-0.078,79.686,69.604,77.549,-0.034,0.926,-0.003,-0.020,-0.050,-0.238,-0.002,-0.004,19.773,-0.008,18.794,19.204,18.524
4.959,-1.734,-0.001,0.681,0.000,0.002,0.732,-0.076,-0.074,72.695,-0.078,79.874,69.797,77.735,-0.032,0.925,-0.003,-0.054,-0.056,-0.237,-0.002,-0.004,19.760,-0.007,18.774,19.239,18.554
4.959,-1.725,-0.001,0.682,0.000,0.002,0.731,-0.077,-0.074,72.893,-0.078,80.061,69.989,77.920,-0.029,0.925,-0.002,-0.081,-0.065,-0.236,-0.002,-0.004,19.753,-0.006,18.739,19.293,18.576
4.958,-1.716,-0.001,0.683,0.000,0.001,0.731,-0.077,-0.074,73.090,-0.078,80.248,70.183,78.106,-0.027,0.925,-0.001,-0.098,-0.074,-0.235,-0.002,-0.004,19.749,-0.006,18.689,19.362,18.590
4.958,-1.707,-0.001,0.684,0.000,0.000,0.730,-0.077,-0.074,73.288,-0.078,80.435,70.377,78.292,-0.025,0.925,0.001,-0.103,-0.083,-0.235,-0.002,-0.004,19.744,-0.006,18.626,19.443,18.598
4.958,-1.697,-0.001,0.684,0.000,-0.000,0.729,-0.077,-0.074,73.485,-0.078,80.621,70.571,78.478,-0.023,0.925,0.003,-0.097,-0.091,-0.234,-0.002,-0.005,19.734,-0.006,18.551,19.529,18.604
4.958,-1.688,-0.001,0.685,0.000,-0.001,0.728,-0.077,-0.074,73.682,-0.078,80.806,70.767,78.664,-0.021,0.926,0.005,-0.081,-0.095,-0.234,-0.002,-0.005,19.715,-0.006,18.470,19.614,18.609
4.957,-1.679,-0.001,0.686,0.000,-0.002,0.727,-0.077,-0.074,73.879,-0.079,80.990,70.964,78.850,-0.019,0.926,0.007,-0.058,-0.095,-0.234,-0.002,-0.006,19.683,-0.006,18.386,19.693,18.615
4.957,-1.670,-0.001,0.687,0.001,-0.002,0.727,-0.077,-0.074,74.076,-0.079,81.174,71.161,79.037,-0.017,0.926,0.009,-0.031,-0.089,-0.235,-0.002,-0.006,19.638,-0.005,18.306,19.761,18.623
4.957,-1.660,-0.001,0.688,0.001,-0.002,0.726,-0.077,-0.074,74.272,-0.079,81.356,71.359,79.223,-0.015,0.927,0.010,-0.005,-0.078,-0.236,-0.002,-0.006,19.581,-0.005,18.234,19.815,18.632
4.957,-1.651,-0.001,0.689,0.001,-0.003,0.725,-0.077,-0.074,74.468,-0.079,81.538,71.557,79.409,-0.012,0.927,0.010,0.018,-0.062,-0.237,-0.001,-0.006,19.515,-0.004,18.174,19.854,18.641
4.957,-1.642,-0.000,0.690,0.001,-0.003,0.724,-0.077,-0.074,74.662,-0.079,81.720,71.756,79.596,-0.010,0.927,0.009,0.034,-0.042,-0.238,-0.001,-0.006,19.445,-0.003,18.131,19.877,18.647
4.957,-1.632,-0.000,0.690,0.002,-0.003,0.723,-0.077,-0.074,74.856,-0.079,81.901,71.955,79.782,-0.008,0.928,0.008,0.042,-0.017,-0.239,-0.000,-0.006,19.376,-0.002,18.105,19.885,18.646
4.957,-1.623,-0.000,0.691,0.002,-0.002,0.723,-0.077,-0.074,75.050,-0.079,82.082,72.154,79.969,-0.005,0.928,0.006,0.041,0.009,-0.240,0.000,-0.005,19.315,-0.001,18.096,19.881,18.635
4.957,-1.614,-0.000,0.692,0.002,-0.002,0.722,-0.077,-0.075,75.243,-0.079,82.263,72.352,80.155,-0.003,0.928,0.003,0.033,0.037,-0.241,0.000,-0.004,19.267,0.000,18.104,19.866,18.612
4.957,-1.605,-0.000,0.693,0.002,-0.002,0.721,-0.077,-0.075,75.435,-0.079,82.444,72.551,80.341,-0.001,0.928,0.000,0.019,0.065,-0.241,0.001,-0.002,19.237,0.001,18.127,19.844,18.574
4.957,-1.595,-0.000,0.694,0.001,-0.002,0.720,-0.077,-0.075,75.628,-0.079,82.626,72.749,80.526,0.001,0.928,-0.002,0.003,0.089,-0.241,0.001,-0.000,19.230,0.002,18.163,19.816,18.522
4.957,-1.586,-0.000,0.695,0.001,-0.001,0.719,-0.077,-0.075,75.820,-0.079,82.807,72.947,80.711,0.004,0.927,-0.005,-0.014,0.109,-0.241,0.001,0.001,19.247,0.003,18.210,19.786,18.459
4.957,-1.577,-0.000,0.696,0.001,-0.001,0.718,-0.077,-0.075,76.013,-0.079,82.990,73.145,80.895,0.006,0.927,-0.006,-0.028,0.122,-0.241,0.002,0.003,19.287,0.004,18.265,19.754,18.389
4.957,-1.568,-0.000,0.697,0.000,-0.001,0.718,-0.077,-0.075,76.206,-0.079,83.173,73.342,81.079,0.008,0.926,-0.007,-0.036,0.128,-0.241,0.002,0.005,19.349,0.004,18.325,19.719,18.317
4.957,-1.558,-0.000,0.697,-0.001,-0.000,0.717,-0.077,-0.074,76.400,-0.079,83.356,73.539,81.262,0.010,0.926,-0.007,-0.036,0.127,-0.240,0.002,0.006,19.426,0.004,18.389,19.681,18.248
4.957,-1.549,-0.001,0.698,-0.001,-0.000,0.716,-0.077,-0.074,76.594,-0.079,83.540,73.736,81.444,0.012,0.926,-0.007,-0.028,0.120,-0.240,0.001,0.007,19.513,0.004,18.452,19.637,18.186
4.957,-1.540,-0.001,0.699,-0.002,0.000,0.715,-0.077,-0.074,76.790,-0.079,83.725,73.932,81.626,0.014,0.925,-0.005,-0.012,0.106,-0.239,0.001,0.006,19.602,0.003,18.511,19.586,18.135
4.957,-1.531,-0.001,0.700,-0.002,0.001,0.714,-0.077,-0.074,76.986,-0.079,83.911,74.128,81.807,0.016,0.925,-0.003,0.008,0.087,-0.239,0.000,0.006,19.685,0.002,18.565,19.528,18.099
4.957,-1.521,-0.001,0.701,-0.002,0.001,0.713,-0.077,-0.074,77.184,-0.078,84.097,74.322,81.988,0.019,0.925,-0.001,0.031,0.065,-0.239,-0.000,0.004,19.756,0.001,18.611,19.466,18.080
4.958,-1.512,-0.001,0.702,-0.002,0.001,0.712,-0.077,-0.074,77.381,-0.078,84.283,74.517,82.168,0.021,0.925,0.000,0.054,0.041,-0.239,-0.001,0.003,19.812,-0.000,18.650,19.401,18.078
4.958,-1.503,-0.001,0.703,-0.002,0.002,0.712,-0.077,-0.074,77.580,-0.079,84.470,74.711,82.349,0.023,0.926,0.001,0.072,0.018,-0.239,-0.001,0.001,19.848,-0.002,18.682,19.337,18.094
4.958,-1.494,-0.001,0.703,-0.002,0.002,0.711,-0.077,-0.074,77.778,-0.079,84.657,74.904,82.530,0.025,0.926,0.000,0.084,-0.002,-0.239,-0.001,0.000,19.866,-0.003,18.709,19.278,18.126
4.958,-1.484,-0.001,0.704,-0.001,0.002,0.710,-0.077,-0.074,77.977,-0.079,84.844,75.096,82.712,0.028,0.926,-0.001,0.087,-0.021,-0.240,-0.001,-0.001,19.868,-0.003,18.732,19.228,18.172
4.959,-1.475,-0.001,0.705,-0.001,0.002,0.709,-0.077,-0.074,78.176,-0.079,85.031,75.288,82.894,0.030,0.926,-0.002,0.082,-0.036,-0.240,-0.001,-0.001,19.856,-0.004,18.751,19.190,18.227
4.959,-1.466,-0.001,0.706,-0.001,0.002,0.708,-0.077,-0.074,78.374,-0.079,85.219,75.480,83.076,0.032,0.926,-0.004,0.067,-0.047,-0.240,-0.001,-0.002,19.836,-0.004,18.766,19.168,18.287
4.959,-1.456,-0.001,0.707,-0.000,0.002,0.707,-0.077,-0.074,78.572,-0.079,85.406,75.672,83.260,0.035,0.925,-0.005,0.044,-0.055,-0.240,-0.001,-0.002,19.812,-0.004,18.774,19.162,18.348
4.960,-1.447,-0.001,0.708,0.000,0.002,0.707,-0.077,-0.074,78.770,-0.079,85.594,75.863,83.443,0.037,0.925,-0.006,0.014,-0.059,-0.240,-0.001,-0.002,19.786,-0.004,18.774,19.173,18.405
4.960,-1.438,-0.001,0.708,0.000,0.002,0.706,-0.077,-0.074,78.968,-0.079,85.782,76.055,83.628,0.039,0.924,-0.007,-0.017,-0.062,-0.239,-0.001,-0.002,19.763,-0.004,18.765,19.201,18.454
4.960,-1.429,-0.001,0.709,0.000,0.002,0.705,-0.077,-0.074,79.166,-0.079,85.969,76.247,83.812,0.041,0.923,-0.006,-0.045,-0.065,-0.238,-0.001,-0.003,19.744,-0.004,18.744,19.246,18.494
4.961,-1.420,-0.001,0.710,0.000,0.001,0.704,-0.077,-0.074,79.363,-0.079,86.157,76.440,83.997,0.044,0.923,-0.004,-0.067,-0.069,-0.237,-0.001,-0.003,19.730,-0.003,18.712,19.306,18.524
4.961,-1.410,-0.001,0.711,0.000,0.001,0.703,-0.077,-0.074,79.560,-0.079,86.344,76.634,84.183,0.046,0.922,-0.002,-0.079,-0.076,-0.237,-0.001,-0.003,19.717,-0.003,18.668,19.377,18.545
4.962,-1.401,-0.001,0.712,0.000,0.000,0.702,-0.077,-0.074,79.757,-0.079,86.530,76.828,84.368,0.048,0.922,0.001,-0.082,-0.083,-0.236,-0.001,-0.003,19.701,-0.003,18.612,19.454,18.559
4.962,-1.392,-0.001,0.713,0.000,-0.000,0.702,-0.077,-0.074,79.954,-0.079,86.716,77.023,84.554,0.050,0.922,0.004,-0.076,-0.089,-0.235,-0.001,-0.004,19.680,-0.004,18.545,19.534,18.570
4.963,-1.383,-0.001,0.713,0.000,-0.001,0.701,-0.077,-0.074,80.151,-0.079,86.901,77.218,84.740,0.052,0.922,0.007,-0.063,-0.093,-0.235,-0.001,-0.004,19.650,-0.004,18.471,19.610,18.580
4.963,-1.373,-0.001,0.714,0.001,-0.001,0.700,-0.077,-0.074,80.347,-0.079,87.085,77.415,84.926,0.054,0.922,0.009,-0.044,-0.093,-0.236,-0.001,-0.005,19.608,-0.004,18.394,19.680,18.591
4.964,-1.364,-0.001,0.715,0.001,-0.002,0.699,-0.077,-0.075,80.543,-0.079,87.269,77.612,85.112,0.056,0.923,0.011,-0.022,-0.090,-0.236,-0.001,-0.005,19.556,-0.004,18.317,19.740,18.604
4.964,-1.355,-0.001,0.716,0.001,-0.002,0.698,-0.077,-0.075,80.738,-0.079,87.452,77.810,85.298,0.058,0.923,0.012,-0.002,-0.082,-0.237,-0.001,-0.005,19.495,-0.004,18.245,19.788,18.619
4.965,-1.346,-0.001,0.717,0.001,-0.002,0.697,-0.077,-0.075,80.933,-0.079,87.634,78.008,85.484,0.061,0.924,0.012,0.014,-0.069,-0.238,-0.001,-0.005,19.428,-0.004,18.182,19.823,18.635
4.966,-1.336,-0.000,0.718,0.002,-0.003,0.696,-0.077,-0.075,81.127,-0.079,87.815,78.206,85.670,0.063,0.924,0.010,0.024,-0.051,-0.239,-0.000,-0.005,19.361,-0.003,18.131,19.846,18.648
4.966,-1.327,-0.000,0.718,0.002,-0.003,0.696,-0.077,-0.075,81.320,-0.079,87.996,78.404,85.857,0.065,0.925,0.008,0.027,-0.027,-0.240,-0.000,-0.004,19.298,-0.002,18.094,19.857,18.656
4.967,-1.318,-0.000,0.719,0.002,-0.003,0.695,-0.077,-0.075,81.513,-0.079,88.177,78.603,86.043,0.068,0.925,0.005,0.023,-0.000,-0.241,0.000,-0.003,19.246,-0.000,18.073,19.859,18.655
4.968,-1.309,-0.000,0.720,0.002,-0.002,0.694,-0.077,-0.075,81.705,-0.079,88.358,78.802,86.230,0.070,0.925,0.002,0.013,0.029,-0.241,0.001,-0.001,19.210,0.001,18.068,19.852,18.640
4.968,-1.300,-0.000,0.721,0.002,-0.002,0.693,-0.077,-0.075,81.897,-0.079,88.539,79.000,86.416,0.072,0.925,-0.001,0.000,0.060,-0.241,0.001,0.000,19.193,0.002,18.078,19.837,18.610
4.969,-1.290,-0.000,0.722,0.002,-0.002,0.692,-0.077,-0.075,82.089,-0.079,88.720,79.198,86.602,0.075,0.924,-0.004,-0.013,0.089,-0.241,0.002,0.002,19.199,0.003,18.103,19.816,18.563
4.970,-1.281,-0.000,0.723,0.001,-0.002,0.691,-0.077,-0.075,82.281,-0.079,88.901,79.396,86.787,0.077,0.923,-0.006,-0.025,0.115,-0.241,0.002,0.004,19.229,0.005,18.142,19.787,18.502
4.971,-1.272,-0.000,0.723,0.001,-0.001,0.690,-0.077,-0.075,82.474,-0.079,89.082,79.594,86.972,0.079,0.922,-0.007,-0.032,0.135,-0.241,0.002,0.005,19.281,0.005,18.192,19.753,18.429
4.971,-1.263,-0.000,0.724,0.000,-0.001,0.689,-0.077,-0.075,82.667,-0.079,89.265,79.791,87.156,0.081,0.922,-0.007,-0.034,0.146,-0.241,0.002,0.006,19.352,0.006,18.252,19.711,18.350
4.972,-1.253,-0.001,0.725,-0.001,-0.001,0.689,-0.077,-0.075,82.861,-0.079,89.447,79.988,87.339,0.083,0.921,-0.006,-0.030,0.149,-0.240,0.002,0.007,19.437,0.006,18.320,19.662,18.271
4.973,-1.244,-0.001,0.726,-0.001,-0.000,0.688,-0.077,-0.075,83.056,-0.079,89.631,80.185,87.521,0.085,0.921,-0.004,-0.019,0.142,-0.240,0.001,0.007,19.530,0.006,18.391,19.606,18.196
4.974,-1.235,-0.001,0.727,-0.002,0.000,0.687,-0.077,-0.074,83.251,-0.079,89.815,80.380,87.703,0.087,0.920,-0.002,-0.004,0.127,-0.240,0.001,0.006,19.623,0.005,18.462,19.543,18.132
4.975,-1.226,-0.001,0.728,-0.002,0.001,0.686,-0.077,-0.074,83.448,-0.079,90.000,80.575,87.884,0.089,0.920,-0.000,0.015,0.105,-0.239,0.000,0.005,19.709,0.004,18.530,19.475,18.082
4.976,-1.217,-0.001,0.728,-0.002,0.001,0.685,-0.077,-0.074,83.645,-0.079,90.186,80.770,88.065,0.092,0.921,0.001,0.034,0.078,-0.239,-0.000,0.004,19.782,0.002,18.591,19.406,18.051
4.977,-1.207,-0.001,0.729,-0.002,0.002,0.684,-0.077,-0.074,83.844,-0.079,90.372,80.964,88.245,0.094,0.921,0.002,0.052,0.049,-0.239,-0.000,0.002,19.838,0.001,18.643,19.340,18.038
4.978,-1.198,-0.001,0.730,-0.002,0.002,0.683,-0.077,-0.074,84.042,-0.079,90.559,81.157,88.426,0.096,0.921,0.002,0.066,0.021,-0.240,-0.001,0.001,19.876,-0.000,18.687,19.279,18.045
4.979,-1.189,-0.001,0.731,-0.002,0.002,0.683,-0.077,-0.074,84.241,-0.079,90.746,81.349,88.606,0.098,0.922,0.001,0.073,-0.006,-0.240,-0.001,0.000,19.895,-0.001,18.722,19.229,18.071
4.980,-1.180,-0.001,0.732,-0.002,0.002,0.682,-0.077,-0.074,84.440,-0.079,90.933,81.541,88.787,0.101,0.922,-0.001,0.073,-0.029,-0.240,-0.001,-0.001,19.898,-0.002,18.748,19.192,18.112
4.981,-1.170,-0.001,0.733,-0.001,0.002,0.681,-0.077,-0.074,84.639,-0.079,91.121,81.733,88.968,0.103,0.922,-0.003,0.067,-0.048,-0.240,-0.001,-0.001,19.889,-0.002,18.767,19.170,18.166
4.982,-1.161,-0.001,0.733,-0.001,0.002,0.680,-0.077,-0.074,84.838,-0.079,91.308,81.925,89.150,0.105,0.921,-0.006,0.054,-0.061,-0.240,-0.001,-0.002,19.870,-0.002,18.778,19.164,18.227
