-5.000,-5.000,0.001,0.707,0.000,0.000,0.707,-0.000,-0.000,0.000,-0.000,0.000,0.000,0.000,-0.000,-0.000,0.000,-0.000,-0.000,-0.000,0.000,0.000,-0.000,0.000,-0.000,-0.000,-0.000
-5.000,-5.000,0.001,0.707,0.000,-0.000,0.707,0.498,0.398,-0.000,0.362,-0.000,0.005,0.004,0.001,0.042,0.009,-0.003,-0.080,-0.036,74.986,59.487,0.114,55.192,0.095,0.919,0.782
-5.000,-4.999,0.001,0.707,0.000,-0.000,0.707,0.962,0.763,0.005,0.718,0.006,0.016,0.015,-0.014,0.056,0.003,0.013,-0.034,0.081,22.485,18.368,0.919,17.786,1.171,1.073,1.364
-5.000,-4.999,0.001,0.707,0.001,-0.000,0.708,1.045,0.838,0.018,0.793,0.022,0.027,0.031,-0.028,0.069,0.000,0.013,-0.012,0.164,-2.088,-0.503,1.570,-0.369,2.033,1.194,1.843
-5.001,-4.998,0.001,0.706,0.001,-0.000,0.708,0.972,0.790,0.036,0.746,0.046,0.040,0.052,-0.038,0.085,-0.000,0.004,-0.005,0.221,-10.843,-7.875,2.087,-7.675,2.750,1.384,2.309
-5.001,-4.997,0.001,0.705,0.001,-0.000,0.709,0.856,0.705,0.059,0.662,0.077,0.055,0.078,-0.046,0.105,-0.001,-0.002,-0.003,0.261,-11.305,-8.481,2.501,-8.412,3.368,1.667,2.796
-5.001,-4.996,0.001,0.704,0.001,-0.000,0.710,0.755,0.627,0.086,0.586,0.113,0.073,0.108,-0.051,0.128,-0.001,-0.004,-0.002,0.289,-8.642,-6.987,2.877,-6.722,3.906,2.034,3.309
-5.002,-4.994,0.001,0.703,0.001,-0.000,0.711,0.685,0.567,0.116,0.528,0.155,0.096,0.144,-0.054,0.152,-0.002,-0.004,-0.000,0.309,-5.403,-5.056,3.237,-4.908,4.400,2.447,3.829
-5.003,-4.993,0.001,0.702,0.001,-0.000,0.712,0.645,0.525,0.151,0.487,0.201,0.122,0.185,-0.057,0.175,-0.002,-0.002,0.002,0.326,-2.732,-3.373,3.600,-3.393,4.873,2.873,4.342
-5.003,-4.991,0.001,0.701,0.001,-0.000,0.713,0.627,0.498,0.189,0.459,0.252,0.153,0.231,-0.060,0.198,-0.003,0.002,0.004,0.342,-0.990,-2.135,3.967,-2.266,5.338,3.292,4.842
-5.004,-4.989,0.001,0.700,0.001,-0.000,0.715,0.622,0.481,0.230,0.440,0.308,0.188,0.281,-0.064,0.220,-0.003,0.006,0.005,0.360,-0.080,-1.315,4.337,-1.485,5.802,3.693,5.328
-5.004,-4.986,0.000,0.698,0.001,-0.000,0.716,0.623,0.470,0.275,0.428,0.368,0.227,0.337,-0.068,0.241,-0.003,0.009,0.006,0.380,0.270,-0.806,4.705,-0.968,6.266,4.073,5.800
-5.005,-4.984,0.000,0.697,0.001,-0.000,0.717,0.626,0.464,0.324,0.420,0.433,0.269,0.397,-0.073,0.261,-0.004,0.012,0.007,0.401,0.317,-0.502,5.068,-0.633,6.728,4.433,6.259
-5.006,-4.981,0.000,0.695,0.001,-0.000,0.719,0.629,0.460,0.377,0.415,0.503,0.316,0.462,-0.078,0.280,-0.005,0.013,0.007,0.424,0.242,-0.324,5.423,-0.418,7.185,4.774,6.705
-5.007,-4.978,0.000,0.694,0.001,-0.000,0.720,0.631,0.457,0.433,0.412,0.577,0.365,0.531,-0.084,0.298,-0.005,0.015,0.007,0.446,0.145,-0.216,5.769,-0.280,7.638,5.099,7.139
-5.008,-4.975,0.000,0.692,0.001,-0.000,0.722,0.632,0.455,0.492,0.409,0.655,0.417,0.605,-0.089,0.316,-0.006,0.016,0.007,0.469,0.071,-0.147,6.106,-0.188,8.082,5.409,7.561
-5.009,-4.972,0.000,0.690,0.001,0.000,0.723,0.633,0.454,0.555,0.408,0.738,0.473,0.683,-0.095,0.332,-0.007,0.017,0.007,0.492,0.027,-0.100,6.433,-0.127,8.518,5.707,7.971
-5.009,-4.969,0.000,0.689,0.001,0.000,0.725,0.633,0.453,0.621,0.407,0.826,0.532,0.764,-0.101,0.348,-0.008,0.017,0.006,0.515,0.005,-0.068,6.750,-0.086,8.944,5.994,8.370
-5.011,-4.965,0.000,0.687,0.001,0.000,0.727,0.633,0.453,0.690,0.406,0.917,0.593,0.850,-0.107,0.363,-0.009,0.017,0.006,0.536,-0.004,-0.045,7.057,-0.058,9.361,6.269,8.758
-5.012,-4.961,-0.000,0.685,0.001,0.000,0.729,0.633,0.452,0.762,0.406,1.013,0.657,0.939,-0.114,0.378,-0.009,0.017,0.006,0.558,-0.006,-0.029,7.355,-0.039,9.767,6.535,9.135
-5.013,-4.958,-0.000,0.683,0.001,0.000,0.731,0.633,0.452,0.837,0.405,1.113,0.724,1.033,-0.120,0.392,-0.010,0.016,0.006,0.579,-0.005,-0.018,7.644,-0.026,10.162,6.791,9.501
-5.014,-4.954,-0.000,0.680,0.001,0.000,0.733,0.633,0.452,0.915,0.405,1.216,0.793,1.129,-0.126,0.405,-0.010,0.015,0.005,0.599,-0.003,-0.012,7.923,-0.017,10.545,7.039,9.857
-5.015,-4.949,-0.000,0.678,0.001,0.000,0.735,0.633,0.452,0.995,0.405,1.323,0.864,1.230,-0.133,0.418,-0.011,0.012,0.005,0.618,-0.002,-0.008,8.194,-0.012,10.918,7.278,10.201
-5.017,-4.945,-0.000,0.676,0.001,0.001,0.737,0.633,0.452,1.078,0.405,1.434,0.938,1.333,-0.139,0.429,-0.011,0.009,0.004,0.637,-0.001,-0.005,8.456,-0.008,11.278,7.509,10.535
-5.018,-4.941,-0.001,0.673,0.001,0.001,0.739,0.633,0.452,1.164,0.405,1.549,1.014,1.440,-0.146,0.441,-0.011,0.005,0.003,0.655,-0.001,-0.003,8.710,-0.005,11.627,7.733,10.857
-5.020,-4.936,-0.001,0.671,0.001,0.001,0.741,0.633,0.452,1.253,0.405,1.667,1.093,1.550,-0.153,0.451,-0.010,0.000,0.002,0.672,-0.000,-0.002,8.955,-0.003,11.962,7.950,11.168
-5.021,-4.932,-0.001,0.668,0.001,0.001,0.744,0.633,0.452,1.343,0.405,1.788,1.173,1.664,-0.159,0.461,-0.010,-0.005,0.001,0.689,0.000,-0.001,9.192,-0.001,12.285,8.159,11.468
-5.023,-4.927,-0.001,0.666,0.001,0.001,0.746,0.633,0.452,1.436,0.405,1.913,1.256,1.780,-0.166,0.471,-0.009,-0.010,-0.000,0.705,0.000,-0.001,9.422,0.001,12.595,8.362,11.757
-5.025,-4.922,-0.001,0.663,0.001,0.000,0.748,0.633,0.452,1.532,0.405,2.040,1.341,1.899,-0.173,0.480,-0.008,-0.016,-0.002,0.720,0.000,-0.001,9.644,0.002,12.893,8.559,12.034
-5.026,-4.918,-0.001,0.661,0.001,0.000,0.751,0.633,0.452,1.629,0.405,2.170,1.427,2.020,-0.180,0.489,-0.007,-0.021,-0.003,0.735,0.000,-0.001,9.858,0.003,13.177,8.751,12.300
-5.028,-4.913,-0.001,0.658,0.001,0.000,0.753,0.633,0.452,1.729,0.405,2.304,1.516,2.145,-0.187,0.497,-0.006,-0.025,-0.004,0.749,0.000,-0.001,10.066,0.004,13.450,8.936,12.555
-5.030,-4.908,-0.001,0.655,0.001,0.000,0.756,0.633,0.452,1.831,0.405,2.439,1.606,2.272,-0.194,0.505,-0.004,-0.028,-0.005,0.763,0.000,-0.001,10.267,0.005,13.710,9.117,12.799
-5.032,-4.903,-0.001,0.652,0.001,0.000,0.758,0.633,0.452,1.934,0.405,2.578,1.698,2.401,-0.201,0.512,-0.003,-0.030,-0.006,0.777,0.000,-0.002,10.461,0.005,13.959,9.292,13.034
-5.034,-4.897,-0.001,0.649,0.000,-0.000,0.761,0.633,0.452,2.040,0.405,2.719,1.792,2.532,-0.209,0.519,-0.002,-0.030,-0.007,0.790,0.000,-0.002,10.650,0.005,14.195,9.464,13.261
-5.036,-4.892,-0.001,0.646,0.000,-0.000,0.763,0.633,0.452,2.147,0.405,2.862,1.887,2.666,-0.216,0.526,-0.001,-0.030,-0.008,0.802,-0.000,-0.002,10.834,0.004,14.419,9.633,13.480
-5.038,-4.887,-0.001,0.643,0.000,-0.000,0.766,0.633,0.452,2.256,0.405,3.007,1.984,2.802,-0.223,0.533,-0.000,-0.027,-0.009,0.815,-0.000,-0.002,11.012,0.003,14.634,9.797,13.692
-5.041,-4.882,-0.001,0.640,0.000,-0.001,0.769,0.633,0.452,2.367,0.405,3.154,2.083,2.940,-0.231,0.539,0.000,-0.023,-0.009,0.826,-0.000,-0.003,11.184,0.003,14.841,9.958,13.898
-5.043,-4.876,-0.001,0.637,0.000,-0.001,0.771,0.633,0.452,2.480,0.405,3.304,2.184,3.080,-0.238,0.545,0.001,-0.017,-0.008,0.838,-0.001,-0.003,11.350,0.002,15.043,10.114,14.097
-5.045,-4.871,-0.001,0.633,0.000,-0.001,0.774,0.633,0.452,2.594,0.405,3.455,2.285,3.222,-0.246,0.551,0.001,-0.011,-0.006,0.848,-0.001,-0.003,11.511,0.001,15.240,10.264,14.291
-5.048,-4.865,-0.001,0.630,0.000,-0.001,0.777,0.633,0.452,2.710,0.405,3.608,2.389,3.366,-0.254,0.556,0.001,-0.005,-0.005,0.859,-0.001,-0.003,11.667,0.001,15.433,10.410,14.481
-5.050,-4.859,-0.001,0.627,0.000,-0.001,0.779,0.633,0.452,2.828,0.405,3.764,2.494,3.511,-0.262,0.561,0.001,-0.001,-0.004,0.870,-0.000,-0.002,11.817,0.000,15.622,10.549,14.666
-5.053,-4.854,-0.001,0.623,0.000,-0.001,0.782,0.633,0.452,2.947,0.405,3.921,2.600,3.659,-0.270,0.566,0.001,0.000,-0.003,0.881,-0.000,-0.002,11.963,0.001,15.806,10.683,14.846
-5.056,-4.848,-0.001,0.620,0.000,-0.001,0.785,0.633,0.452,3.067,0.405,4.080,2.707,3.808,-0.278,0.570,0.001,-0.002,-0.004,0.892,-0.000,-0.002,12.105,0.001,15.986,10.811,15.022
-5.059,-4.842,-0.001,0.616,0.000,-0.001,0.788,0.633,0.452,3.189,0.405,4.241,2.816,3.959,-0.287,0.574,0.002,-0.007,-0.005,0.903,0.000,-0.001,12.247,0.002,16.159,10.933,15.193
-5.062,-4.837,-0.001,0.613,0.000,-0.001,0.790,0.633,0.452,3.312,0.405,4.403,2.926,4.112,-0.295,0.578,0.003,-0.014,-0.009,0.916,0.000,-0.001,12.386,0.003,16.327,11.046,15.358
-5.065,-4.831,-0.001,0.609,0.000,-0.001,0.793,0.633,0.451,3.436,0.405,4.567,3.037,4.266,-0.304,0.581,0.005,-0.022,-0.013,0.930,0.000,-0.001,12.521,0.004,16.488,11.154,15.518
-5.068,-4.825,-0.001,0.605,0.000,-0.001,0.796,0.633,0.451,3.562,0.405,4.733,3.149,4.422,-0.314,0.584,0.006,-0.032,-0.017,0.945,0.001,-0.001,12.653,0.006,16.641,11.256,15.670
-5.071,-4.819,-0.001,0.601,0.000,-0.001,0.799,0.633,0.451,3.689,0.405,4.900,3.262,4.580,-0.323,0.587,0.008,-0.044,-0.019,0.960,0.001,-0.001,12.780,0.007,16.782,11.356,15.813
-5.074,-4.813,-0.001,0.598,0.000,-0.002,0.802,0.633,0.451,3.818,0.405,5.068,3.376,4.739,-0.333,0.590,0.010,-0.056,-0.020,0.975,0.001,-0.001,12.904,0.007,16.912,11.456,15.946
-5.078,-4.807,-0.001,0.594,-0.000,-0.002,0.805,0.633,0.451,3.947,0.405,5.238,3.491,4.899,-0.342,0.592,0.011,-0.068,-0.019,0.988,0.000,-0.001,13.026,0.007,17.030,11.557,16.068
-5.081,-4.801,-0.001,0.590,-0.000,-0.002,0.808,0.633,0.451,4.078,0.405,5.409,3.607,5.060,-0.351,0.594,0.012,-0.077,-0.017,1.000,0.000,-0.002,13.146,0.006,17.135,11.664,16.179
-5.085,-4.796,-0.001,0.586,-0.000,-0.003,0.811,0.633,0.451,4.210,0.405,5.581,3.724,5.222,-0.361,0.597,0.012,-0.083,-0.015,1.009,-0.000,-0.003,13.264,0.005,17.227,11.779,16.279
-5.088,-4.790,-0.000,0.581,-0.001,-0.003,0.814,0.633,0.451,4.344,0.406,5.753,3.843,5.385,-0.370,0.600,0.012,-0.084,-0.013,1.015,-0.001,-0.003,13.381,0.003,17.309,11.904,16.370
-5.092,-4.784,-0.000,0.577,-0.001,-0.003,0.817,0.633,0.451,4.478,0.406,5.927,3.963,5.550,-0.378,0.603,0.012,-0.078,-0.009,1.016,-0.001,-0.004,13.495,0.000,17.380,12.041,16.452
-5.096,-4.777,-0.000,0.573,-0.001,-0.004,0.819,0.633,0.451,4.613,0.406,6.101,4.084,5.714,-0.387,0.606,0.010,-0.061,-0.006,1.016,-0.002,-0.005,13.592,-0.003,17.454,12.184,16.532
-5.100,-4.771,-0.000,0.569,-0.001,-0.004,0.822,0.633,0.451,4.750,0.405,6.276,4.206,5.880,-0.395,0.608,0.009,-0.029,-0.002,1.016,-0.002,-0.005,13.689,-0.006,17.538,12.319,16.614
-5.104,-4.765,0.000,0.565,-0.001,-0.004,0.825,0.633,0.451,4.887,0.405,6.452,4.330,6.047,-0.404,0.611,0.007,0.011,0.002,1.017,-0.002,-0.005,13.781,-0.008,17.633,12.442,16.700
-5.108,-4.759,0.000,0.561,-0.001,-0.004,0.828,0.633,0.451,5.025,0.405,6.629,4.455,6.214,-0.413,0.612,0.004,0.053,0.007,1.019,-0.002,-0.004,13.864,-0.009,17.740,12.547,16.795
-5.112,-4.753,0.000,0.556,-0.001,-0.003,0.831,0.633,0.451,5.164,0.405,6.807,4.581,6.383,-0.421,0.613,0.002,0.091,0.010,1.022,-0.002,-0.004,13.935,-0.009,17.861,12.635,16.899
-5.116,-4.747,0.000,0.552,-0.001,-0.003,0.834,0.633,0.451,5.304,0.405,6.986,4.708,6.552,-0.430,0.613,-0.000,0.124,0.011,1.026,-0.002,-0.003,13.995,-0.010,17.992,12.704,17.014
-5.121,-4.741,0.000,0.548,-0.000,-0.002,0.837,0.633,0.451,5.444,0.405,7.167,4.835,6.723,-0.439,0.613,-0.002,0.151,0.013,1.030,-0.001,-0.002,14.043,-0.009,18.134,12.756,17.138
-5.125,-4.735,0.000,0.543,-0.000,-0.002,0.839,0.633,0.451,5.585,0.405,7.349,4.963,6.895,-0.447,0.611,-0.004,0.171,0.014,1.035,-0.001,-0.002,14.080,-0.008,18.283,12.792,17.271
-5.129,-4.729,0.000,0.539,0.000,-0.001,0.842,0.633,0.451,5.726,0.405,7.532,5.091,7.068,-0.456,0.610,-0.005,0.182,0.016,1.039,-0.001,-0.001,14.107,-0.008,18.437,12.811,17.409
-5.134,-4.723,-0.000,0.535,0.001,-0.000,0.845,0.633,0.451,5.867,0.405,7.717,5.219,7.243,-0.464,0.607,-0.006,0.183,0.017,1.045,-0.000,-0.000,14.126,-0.006,18.594,12.817,17.551
-5.139,-4.716,-0.000,0.530,0.001,0.001,0.848,0.633,0.451,6.008,0.405,7.904,5.347,7.419,-0.473,0.604,-0.006,0.172,0.017,1.051,-0.000,0.001,14.140,-0.005,18.751,12.808,17.692
-5.144,-4.710,-0.000,0.526,0.002,0.001,0.851,0.633,0.451,6.150,0.405,8.092,5.475,7.597,-0.481,0.600,-0.005,0.147,0.013,1.058,0.000,0.002,14.151,-0.004,18.906,12.789,17.829
-5.148,-4.704,-0.000,0.521,0.002,0.002,0.853,0.633,0.451,6.291,0.405,8.282,5.603,7.776,-0.489,0.595,-0.004,0.116,0.008,1.067,0.001,0.003,14.168,-0.002,19.055,12.759,17.959
-5.153,-4.699,-0.000,0.517,0.002,0.002,0.856,0.633,0.451,6.433,0.405,8.473,5.730,7.956,-0.498,0.590,-0.002,0.085,0.004,1.079,0.002,0.005,14.200,0.000,19.192,12.721,18.078
-5.158,-4.693,-0.000,0.512,0.002,0.003,0.859,0.633,0.451,6.575,0.405,8.666,5.857,8.138,-0.506,0.585,-0.001,0.057,0.003,1.091,0.002,0.006,14.233,0.002,19.316,12.683,18.189
-5.163,-4.687,-0.000,0.507,0.002,0.003,0.862,0.633,0.451,6.718,0.405,8.860,5.984,8.320,-0.515,0.579,-0.000,0.035,0.007,1.107,0.002,0.007,14.264,0.003,19.433,12.644,18.292
-5.169,-4.681,-0.000,0.502,0.002,0.003,0.865,0.633,0.451,6.861,0.405,9.055,6.110,8.503,-0.524,0.572,-0.001,0.014,0.016,1.124,0.002,0.008,14.300,0.004,19.543,12.604,18.385
-5.174,-4.675,-0.000,0.498,0.002,0.003,0.867,0.633,0.451,7.004,0.405,9.251,6.236,8.688,-0.534,0.566,-0.003,-0.005,0.029,1.142,0.002,0.008,14.347,0.003,19.646,12.567,18.467
-5.179,-4.670,-0.000,0.493,0.002,0.003,0.870,0.633,0.451,7.148,0.405,9.448,6.361,8.873,-0.543,0.559,-0.005,-0.023,0.040,1.158,0.002,0.008,14.405,0.003,19.748,12.541,18.539
-5.185,-4.664,-0.000,0.487,0.002,0.003,0.873,0.633,0.452,7.292,0.405,9.646,6.487,9.058,-0.551,0.553,-0.006,-0.039,0.045,1.170,0.002,0.007,14.473,0.002,19.848,12.539,18.601
-5.190,-4.659,-0.000,0.482,0.002,0.003,0.876,0.633,0.452,7.437,0.405,9.844,6.612,9.245,-0.560,0.548,-0.008,-0.052,0.045,1.179,0.001,0.007,14.552,0.002,19.943,12.559,18.657
-5.196,-4.653,-0.001,0.477,0.001,0.003,0.879,0.633,0.452,7.583,0.405,10.044,6.738,9.431,-0.568,0.542,-0.008,-0.061,0.038,1.185,0.001,0.006,14.639,0.002,20.029,12.599,18.711
-5.202,-4.648,-0.001,0.472,0.001,0.003,0.882,0.633,0.452,7.730,0.405,10.245,6.864,9.619,-0.576,0.537,-0.008,-0.068,0.026,1.189,0.001,0.005,14.731,0.002,20.106,12.657,18.765
-5.208,-4.643,-0.001,0.467,0.001,0.002,0.884,0.633,0.452,7.878,0.405,10.446,6.991,9.807,-0.584,0.532,-0.007,-0.072,0.010,1.192,0.001,0.003,14.825,0.003,20.171,12.728,18.819
-5.213,-4.637,-0.001,0.461,0.001,0.002,0.887,0.633,0.452,8.026,0.405,10.648,7.119,9.995,-0.593,0.527,-0.005,-0.076,-0.008,1.195,0.001,0.002,14.917,0.005,20.223,12.807,18.875
-5.219,-4.632,-0.001,0.456,0.001,0.002,0.890,0.633,0.452,8.176,0.405,10.851,7.247,10.184,-0.601,0.522,-0.003,-0.082,-0.025,1.198,0.000,0.000,15.005,0.006,20.262,12.891,18.931
-5.225,-4.627,-0.001,0.451,0.001,0.001,0.893,0.633,0.452,8.327,0.405,11.054,7.377,10.374,-0.609,0.517,-0.001,-0.089,-0.039,1.203,0.000,-0.001,15.086,0.008,20.285,12.977,18.985
-5.232,-4.622,-0.001,0.445,0.001,0.001,0.895,0.633,0.452,8.478,0.405,11.256,7.507,10.564,-0.617,0.511,0.002,-0.098,-0.048,1.208,0.000,-0.002,15.160,0.009,20.293,13.062,19.034
-5.238,-4.617,-0.001,0.440,0.001,0.000,0.898,0.633,0.452,8.630,0.405,11.459,7.638,10.755,-0.626,0.505,0.005,-0.108,-0.052,1.214,0.000,-0.003,15.230,0.009,20.284,13.146,19.075
-5.244,-4.612,-0.001,0.434,0.001,-0.001,0.901,0.633,0.452,8.782,0.405,11.662,7.770,10.945,-0.634,0.499,0.007,-0.117,-0.049,1.219,0.000,-0.003,15.298,0.008,20.260,13.232,19.104
-5.250,-4.607,-0.001,0.429,0.001,-0.001,0.903,0.633,0.452,8.936,0.405,11.865,7.903,11.137,-0.642,0.493,0.008,-0.124,-0.040,1.223,-0.000,-0.003,15.366,0.007,20.221,13.321,19.119
-5.257,-4.602,-0.001,0.423,0.000,-0.002,0.906,0.633,0.452,9.090,0.405,12.066,8.036,11.328,-0.650,0.488,0.009,-0.128,-0.027,1.225,-0.001,-0.003,15.437,0.004,20.173,13.414,19.119
-5.263,-4.597,-0.000,0.418,0.000,-0.002,0.909,0.633,0.452,9.244,0.405,12.268,8.171,11.519,-0.658,0.483,0.008,-0.127,-0.012,1.223,-0.001,-0.003,15.513,0.001,20.123,13.515,19.103
-5.270,-4.592,-0.000,0.412,-0.000,-0.003,0.911,0.633,0.452,9.400,0.405,12.469,8.307,11.710,-0.665,0.478,0.008,-0.120,-0.001,1.216,-0.001,-0.003,15.584,-0.002,20.088,13.626,19.073
-5.277,-4.587,-0.000,0.407,-0.000,-0.004,0.914,0.633,0.452,9.556,0.405,12.670,8.443,11.900,-0.672,0.474,0.007,-0.106,0.007,1.206,-0.002,-0.003,15.643,-0.005,20.074,13.742,19.037
-5.283,-4.583,-0.000,0.401,-0.001,-0.004,0.916,0.633,0.452,9.713,0.405,12.871,8.581,12.091,-0.678,0.470,0.005,-0.082,0.016,1.193,-0.002,-0.003,15.694,-0.008,20.072,13.862,19.000
-5.290,-4.578,-0.000,0.396,-0.001,-0.004,0.918,0.633,0.452,9.870,0.405,13.071,8.721,12.280,-0.685,0.466,0.001,-0.045,0.030,1.177,-0.002,-0.003,15.735,-0.009,20.073,13.987,18.965
-5.297,-4.573,-0.000,0.390,-0.001,-0.004,0.921,0.633,0.451,10.028,0.405,13.272,8.861,12.470,-0.691,0.462,-0.003,0.002,0.041,1.164,-0.002,-0.003,15.782,-0.009,20.089,14.094,18.947
-5.304,-4.569,-0.000,0.385,-0.001,-0.004,0.923,0.633,0.451,10.186,0.405,13.473,9.002,12.659,-0.697,0.456,-0.007,0.048,0.044,1.156,-0.002,-0.003,15.833,-0.009,20.129,14.173,18.950
-5.311,-4.564,-0.000,0.380,-0.001,-0.004,0.925,0.633,0.451,10.344,0.405,13.675,9.144,12.849,-0.704,0.450,-0.010,0.087,0.039,1.152,-0.002,-0.004,15.878,-0.008,20.188,14.225,18.977
-5.318,-4.560,-0.000,0.374,-0.001,-0.003,0.927,0.633,0.451,10.503,0.405,13.877,9.287,13.039,-0.710,0.443,-0.011,0.115,0.027,1.150,-0.002,-0.004,15.911,-0.007,20.263,14.258,19.026
-5.325,-4.555,-0.001,0.369,-0.001,-0.002,0.929,0.633,0.451,10.662,0.405,14.080,9.430,13.230,-0.716,0.435,-0.012,0.132,0.010,1.149,-0.001,-0.004,15.929,-0.005,20.349,14.276,19.094
-5.333,-4.551,-0.001,0.364,-0.001,-0.002,0.931,0.633,0.451,10.822,0.405,14.284,9.572,13.421,-0.721,0.427,-0.011,0.137,-0.011,1.150,-0.001,-0.005,15.930,-0.003,20.442,14.281,19.177
-5.340,-4.547,-0.001,0.358,-0.001,-0.001,0.934,0.633,0.451,10.981,0.405,14.489,9.715,13.613,-0.726,0.418,-0.008,0.130,-0.035,1.151,-0.001,-0.005,15.913,-0.002,20.539,14.277,19.269
-5.347,-4.543,-0.001,0.353,-0.000,-0.001,0.936,0.633,0.451,11.140,0.405,14.695,9.858,13.806,-0.731,0.409,-0.005,0.115,-0.057,1.152,-0.001,-0.005,15.878,0.000,20.630,14.269,19.366
-5.354,-4.539,-0.001,0.348,0.000,-0.000,0.938,0.633,0.451,11.298,0.405,14.901,10.001,14.000,-0.736,0.401,-0.001,0.099,-0.072,1.153,-0.001,-0.005,15.829,0.002,20.706,14.261,19.463
-5.362,-4.535,-0.001,0.342,0.001,-0.000,0.940,0.633,0.451,11.456,0.405,15.109,10.143,14.196,-0.741,0.392,0.001,0.084,-0.077,1.153,-0.000,-0.005,15.770,0.003,20.761,14.257,19.557
-5.369,-4.531,-0.001,0.337,0.001,0.000,0.942,0.333,0.101,11.616,0.220,15.316,10.285,14.392,-0.744,0.388,0.005,0.075,-0.085,1.177,-53.987,-63.320,16.136,-34.818,20.488,14.245,19.729
-5.376,-4.526,-0.001,0.332,0.002,0.000,0.943,-0.227,-0.525,11.778,-0.186,15.517,10.433,14.586,-0.684,0.466,0.058,0.029,-0.351,0.559,-44.942,-48.872,16.184,-36.819,19.962,15.392,18.796
-5.383,-4.522,0.000,0.331,0.005,-0.000,0.944,-0.372,-0.736,11.938,-0.297,15.716,10.590,14.765,-0.605,0.510,0.091,0.070,-0.471,0.001,15.644,5.316,15.936,17.417,19.941,16.005,17.177
-5.389,-4.516,0.001,0.332,0.006,-0.001,0.943,0.006,-0.465,12.098,0.102,15.916,10.752,14.933,-0.595,0.511,0.034,0.063,-0.174,-0.120,50.682,42.928,15.933,52.423,19.968,16.292,16.436
-5.395,-4.511,0.001,0.332,0.006,-0.000,0.943,0.398,-0.064,12.257,0.512,16.115,10.914,15.096,-0.598,0.494,-0.022,0.085,0.161,-0.041,20.671,28.946,15.964,24.185,19.932,16.086,16.236
-5.401,-4.507,0.000,0.332,0.005,0.001,0.943,0.368,-0.008,12.417,0.557,16.315,11.073,15.258,-0.604,0.472,-0.077,0.066,0.506,0.093,-24.038,-17.255,16.033,-13.427,19.887,15.641,16.241
-5.407,-4.502,-0.000,0.332,0.003,0.002,0.943,0.023,-0.296,12.578,0.306,16.513,11.230,15.419,-0.595,0.490,-0.058,0.073,0.388,-0.026,-36.921,-31.938,16.167,-31.161,19.583,15.846,16.053
-5.413,-4.497,-0.000,0.332,0.002,0.002,0.943,-0.196,-0.484,12.740,0.082,16.702,11.391,15.580,-0.593,0.520,0.042,0.077,-0.236,-0.174,-3.787,-2.984,16.226,-9.283,18.219,16.405,16.049
-5.418,-4.491,0.000,0.334,0.004,0.002,0.943,-0.054,-0.355,12.903,0.156,16.881,11.557,15.738,-0.571,0.541,0.045,0.084,-0.238,-0.374,27.482,25.465,16.260,20.388,17.845,16.750,15.570
-5.424,-4.486,0.000,0.335,0.004,0.002,0.942,0.215,-0.072,13.065,0.362,17.060,11.724,15.893,-0.565,0.532,-0.009,0.079,0.114,-0.355,20.529,25.639,16.302,15.809,17.868,16.552,15.371
-5.430,-4.481,0.000,0.336,0.004,0.003,0.942,0.275,0.056,13.229,0.410,17.237,11.887,16.048,-0.590,0.490,-0.025,0.028,0.221,-0.049,-8.290,-1.110,16.383,-6.283,17.593,15.813,15.804
-5.436,-4.476,-0.000,0.335,0.003,0.003,0.942,0.097,-0.061,13.393,0.262,17.411,12.039,16.210,-0.630,0.432,-0.010,-0.056,0.128,0.377,-22.760,-17.877,16.472,-20.110,17.387,14.769,16.555
-5.442,-4.472,-0.000,0.333,0.002,0.003,0.943,-0.072,-0.197,13.558,0.089,17.584,12.185,16.378,-0.637,0.435,-0.008,-0.105,0.092,0.388,-8.011,-6.315,16.423,-11.340,17.187,14.674,16.822
-5.449,-4.467,-0.000,0.332,0.002,0.003,0.943,-0.034,-0.159,13.721,0.079,17.754,12.335,16.545,-0.630,0.466,0.001,-0.082,0.019,0.210,13.585,12.443,16.207,8.012,16.758,15.186,16.758
-5.455,-4.463,-0.000,0.331,0.001,0.002,0.944,0.127,0.002,13.884,0.190,17.921,12.487,16.714,-0.638,0.457,-0.002,-0.096,0.033,0.274,14.884,16.452,16.277,11.032,16.745,15.126,16.889
-5.462,-4.458,-0.000,0.329,0.001,0.002,0.944,0.199,0.104,14.047,0.245,18.090,12.636,16.884,-0.654,0.424,-0.002,-0.094,0.036,0.474,-1.224,2.720,16.349,-0.723,17.154,14.619,17.136
-5.468,-4.454,-0.000,0.327,0.001,0.001,0.945,0.116,0.057,14.211,0.179,18.264,12.780,17.056,-0.662,0.410,-0.001,-0.112,0.023,0.560,-12.863,-9.847,16.320,-10.770,17.487,14.367,17.280
-5.475,-4.450,-0.000,0.324,0.001,0.001,0.946,0.004,-0.035,14.373,0.075,18.438,12.925,17.229,-0.659,0.433,0.002,-0.125,-0.010,0.424,-7.361,-6.395,16.133,-8.174,17.309,14.790,17.218
-5.481,-4.446,-0.000,0.323,0.000,0.000,0.946,-0.001,-0.041,14.534,0.049,18.609,13.076,17.400,-0.651,0.460,0.003,-0.122,-0.024,0.248,5.715,4.802,16.156,2.724,16.851,15.374,17.018
-5.488,-4.441,-0.000,0.322,0.000,-0.000,0.947,0.086,0.040,14.696,0.107,18.776,13.232,17.569,-0.653,0.465,0.001,-0.113,-0.007,0.210,9.473,9.480,16.208,7.085,16.659,15.639,16.947
-5.494,-4.436,-0.000,0.321,0.000,-0.001,0.947,0.145,0.108,14.858,0.154,18.944,13.388,17.739,-0.662,0.453,-0.003,-0.110,0.022,0.280,1.438,3.159,16.110,1.478,16.838,15.601,17.017
-5.501,-4.432,-0.000,0.319,-0.000,-0.001,0.948,0.112,0.094,15.018,0.131,19.113,13.544,17.910,-0.668,0.447,-0.006,-0.121,0.045,0.321,-6.719,-5.046,15.958,-5.296,17.064,15.593,17.072
-5.508,-4.427,-0.000,0.318,-0.001,-0.002,0.948,0.044,0.037,15.178,0.072,19.284,13.701,18.080,-0.667,0.454,-0.008,-0.125,0.052,0.267,-5.467,-4.962,16.028,-5.296,17.030,15.797,16.984
-5.514,-4.423,-0.000,0.317,-0.001,-0.002,0.949,0.026,0.017,15.339,0.047,19.453,13.860,18.249,-0.662,0.465,-0.007,-0.098,0.043,0.182,1.841,1.185,16.316,0.438,16.816,16.077,16.812
-5.521,-4.418,-0.000,0.316,-0.001,-0.003,0.949,0.069,0.054,15.504,0.074,19.621,14.022,18.417,-0.662,0.467,-0.006,-0.055,0.034,0.160,5.497,5.068,16.516,4.072,16.740,16.232,16.731
-5.528,-4.414,-0.000,0.315,-0.002,-0.003,0.949,0.110,0.095,15.669,0.106,19.789,14.184,18.584,-0.669,0.460,-0.006,-0.014,0.028,0.203,1.997,2.599,16.493,1.837,16.886,16.238,16.787
-5.534,-4.409,-0.001,0.314,-0.002,-0.003,0.949,0.102,0.096,15.833,0.104,19.959,14.346,18.752,-0.675,0.454,-0.007,0.015,0.025,0.244,-2.994,-2.107,16.394,-2.165,17.096,16.217,16.870
-5.541,-4.404,-0.001,0.313,-0.002,-0.003,0.950,0.066,0.066,15.997,0.074,20.130,14.509,18.921,-0.676,0.456,-0.008,0.029,0.021,0.233,-3.475,-3.132,16.421,-3.053,17.177,16.286,16.884
-5.548,-4.400,-0.001,0.312,-0.002,-0.002,0.950,0.048,0.048,16.162,0.055,20.302,14.672,19.090,-0.674,0.461,-0.008,0.041,0.015,0.192,0.067,-0.302,16.568,-0.450,17.159,16.410,16.841
-5.555,-4.395,-0.001,0.311,-0.002,-0.002,0.950,0.065,0.060,16.328,0.065,20.474,14.837,19.258,-0.674,0.462,-0.008,0.059,0.007,0.172,2.767,2.372,16.688,2.003,17.176,16.493,16.836
-5.561,-4.391,-0.001,0.310,-0.002,-0.002,0.951,0.089,0.084,16.495,0.085,20.646,15.002,19.427,-0.677,0.459,-0.008,0.077,-0.004,0.191,1.682,1.811,16.693,1.503,17.283,16.498,16.920
-5.568,-4.386,-0.001,0.309,-0.002,-0.001,0.951,0.092,0.090,16.662,0.090,20.819,15.167,19.597,-0.682,0.454,-0.007,0.085,-0.018,0.220,-0.984,-0.539,16.642,-0.494,17.417,16.473,17.048
-5.575,-4.381,-0.001,0.308,-0.001,-0.001,0.951,0.076,0.077,16.828,0.078,20.994,15.331,19.768,-0.685,0.453,-0.005,0.084,-0.033,0.225,-1.908,-1.647,16.629,-1.506,17.500,16.486,17.150
-5.582,-4.377,-0.001,0.307,-0.001,-0.001,0.952,0.063,0.065,16.995,0.067,21.169,15.497,19.940,-0.685,0.455,-0.004,0.080,-0.046,0.206,-0.480,-0.665,16.666,-0.596,17.531,16.546,17.208
-5.589,-4.372,-0.001,0.306,-0.001,-0.000,0.952,0.067,0.065,17.162,0.068,21.345,15.662,20.112,-0.685,0.456,-0.002,0.079,-0.056,0.189,1.051,0.739,16.696,0.675,17.555,16.608,17.265
-5.596,-4.368,-0.001,0.305,-0.000,-0.000,0.952,0.078,0.075,17.329,0.076,21.520,15.829,20.285,-0.687,0.455,-0.000,0.080,-0.062,0.192,0.993,0.945,16.680,0.794,17.599,16.634,17.357
-5.602,-4.363,-0.001,0.304,0.000,0.000,0.953,0.083,0.081,17.495,0.081,21.697,15.995,20.459,-0.690,0.452,0.001,0.079,-0.065,0.206,-0.019,0.164,16.631,0.135,17.652,16.635,17.473
-5.609,-4.359,-0.001,0.303,0.001,0.000,0.953,0.079,0.078,17.661,0.079,21.873,16.161,20.634,-0.693,0.451,0.003,0.075,-0.064,0.214,-0.722,-0.531,16.583,-0.522,17.690,16.642,17.580
-5.616,-4.354,-0.001,0.302,0.001,0.001,0.953,0.072,0.073,17.827,0.073,22.050,16.328,20.811,-0.695,0.451,0.004,0.068,-0.059,0.210,-0.451,-0.396,16.548,-0.421,17.710,16.671,17.658
-5.623,-4.350,-0.001,0.301,0.001,0.001,0.954,0.071,0.071,17.992,0.071,22.227,16.495,20.988,-0.696,0.451,0.005,0.062,-0.050,0.203,0.082,0.017,16.516,-0.045,17.723,16.709,17.717
-5.630,-4.345,-0.001,0.300,0.002,0.001,0.954,0.073,0.073,18.157,0.072,22.405,16.662,21.165,-0.698,0.451,0.005,0.057,-0.038,0.200,0.373,0.319,16.481,0.222,17.742,16.736,17.774
-5.637,-4.341,-0.001,0.299,0.002,0.001,0.954,0.076,0.076,18.322,0.074,22.582,16.829,21.343,-0.700,0.450,0.006,0.052,-0.025,0.203,0.188,0.200,16.445,0.123,17.767,16.747,17.834
-5.644,-4.336,-0.001,0.298,0.002,0.002,0.954,0.077,0.077,18.486,0.075,22.760,16.997,21.522,-0.703,0.449,0.006,0.046,-0.011,0.207,-0.002,0.057,16.415,0.028,17.798,16.747,17.889
-5.651,-4.332,-0.001,0.297,0.002,0.002,0.955,0.076,0.078,18.650,0.075,22.938,17.164,21.701,-0.705,0.448,0.006,0.038,0.002,0.210,-0.089,-0.024,16.397,-0.035,17.828,16.743,17.938
-5.658,-4.327,-0.001,0.296,0.002,0.002,0.955,0.076,0.077,18.814,0.074,23.117,17.332,21.880,-0.707,0.447,0.006,0.029,0.013,0.212,-0.059,-0.016,16.394,-0.034,17.856,16.737,17.980
-5.665,-4.323,-0.001,0.295,0.002,0.002,0.955,0.075,0.077,18.978,0.074,23.295,17.499,22.060,-0.710,0.447,0.007,0.017,0.021,0.212,-0.023,-0.006,16.404,-0.020,17.880,16.728,18.016
-5.672,-4.318,-0.001,0.294,0.002,0.002,0.956,0.075,0.077,19.142,0.074,23.474,17.666,22.241,-0.712,0.446,0.007,0.003,0.027,0.213,-0.002,-0.001,16.428,-0.012,17.899,16.714,18.047
-5.680,-4.314,-0.001,0.293,0.002,0.002,0.956,0.075,0.077,19.307,0.074,23.653,17.833,22.421,-0.715,0.446,0.006,-0.012,0.031,0.214,0.006,0.002,16.462,-0.008,17.910,16.697,18.073
-5.687,-4.309,-0.000,0.292,0.002,0.002,0.956,0.075,0.077,19.472,0.074,23.832,18.000,22.602,-0.717,0.445,0.006,-0.028,0.034,0.215,0.007,0.003,16.507,-0.006,17.913,16.679,18.092
-5.694,-4.305,-0.000,0.291,0.001,0.002,0.957,0.075,0.077,19.637,0.074,24.012,18.167,22.783,-0.720,0.445,0.006,-0.045,0.035,0.216,0.004,0.004,16.560,-0.005,17.907,16.661,18.105
-5.701,-4.301,-0.000,0.290,0.001,0.002,0.957,0.075,0.077,19.803,0.074,24.191,18.333,22.964,-0.722,0.444,0.005,-0.063,0.036,0.217,0.002,0.004,16.621,-0.005,17.894,16.648,18.110
-5.708,-4.296,-0.000,0.289,0.001,0.001,0.957,0.075,0.077,19.969,0.074,24.369,18.500,23.145,-0.724,0.443,0.005,-0.079,0.037,0.218,0.000,0.005,16.687,-0.004,17.878,16.642,18.107
-5.716,-4.292,-0.000,0.288,0.001,0.001,0.958,0.075,0.077,20.137,0.074,24.548,18.666,23.326,-0.727,0.442,0.004,-0.092,0.037,0.219,0.000,0.006,16.759,-0.003,17.860,16.646,18.096
-5.723,-4.287,-0.000,0.287,0.000,0.001,0.958,0.075,0.077,20.304,0.074,24.727,18.833,23.507,-0.729,0.442,0.002,-0.102,0.037,0.220,0.000,0.006,16.834,-0.002,17.845,16.660,18.076
-5.730,-4.283,-0.000,0.286,0.000,0.000,0.958,0.075,0.078,20.473,0.074,24.905,19.000,23.688,-0.731,0.441,0.001,-0.109,0.038,0.221,0.001,0.006,16.912,-0.001,17.835,16.685,18.048
-5.738,-4.278,-0.000,0.285,-0.000,-0.000,0.959,0.075,0.078,20.643,0.074,25.083,19.167,23.868,-0.733,0.440,-0.001,-0.111,0.039,0.222,0.001,0.006,16.990,-0.001,17.831,16.720,18.011
-5.745,-4.274,-0.000,0.284,-0.001,-0.001,0.959,0.075,0.078,20.813,0.074,25.262,19.334,24.048,-0.735,0.438,-0.003,-0.107,0.039,0.222,0.001,0.006,17.068,0.000,17.836,16.764,17.967
-5.752,-4.270,-0.000,0.283,-0.001,-0.001,0.959,0.075,0.078,20.984,0.074,25.440,19.502,24.227,-0.737,0.437,-0.004,-0.097,0.037,0.223,0.001,0.005,17.143,0.001,17.849,16.815,17.917
-5.760,-4.265,-0.000,0.282,-0.001,-0.001,0.959,0.075,0.078,21.156,0.074,25.619,19.670,24.406,-0.739,0.436,-0.004,-0.080,0.032,0.223,0.001,0.004,17.210,0.002,17.870,16.869,17.865
-5.767,-4.261,-0.000,0.281,-0.002,-0.002,0.960,0.075,0.078,21.328,0.074,25.798,19.839,24.585,-0.740,0.434,-0.005,-0.060,0.026,0.222,0.001,0.003,17.266,0.002,17.897,16.924,17.815
-5.774,-4.257,-0.000,0.280,-0.002,-0.002,0.960,0.075,0.078,21.501,0.074,25.977,20.009,24.763,-0.741,0.433,-0.006,-0.040,0.021,0.222,0.000,0.002,17.310,0.003,17.930,16.976,17.771
-5.782,-4.252,-0.000,0.279,-0.002,-0.002,0.960,0.075,0.078,21.674,0.074,26.156,20.179,24.940,-0.742,0.431,-0.007,-0.019,0.016,0.221,0.000,0.001,17.343,0.003,17.968,17.025,17.737
-5.789,-4.248,-0.001,0.277,-0.002,-0.002,0.961,0.075,0.078,21.848,0.074,26.336,20.349,25.118,-0.743,0.430,-0.009,0.001,0.010,0.221,0.000,0.001,17.368,0.002,18.011,17.070,17.716
-5.797,-4.244,-0.001,0.276,-0.002,-0.002,0.961,0.075,0.078,22.022,0.074,26.516,20.520,25.295,-0.744,0.428,-0.009,0.020,0.003,0.220,-0.000,-0.000,17.386,0.002,18.057,17.109,17.710
-5.804,-4.239,-0.001,0.275,-0.002,-0.002,0.961,0.075,0.078,22.196,0.074,26.697,20.691,25.472,-0.744,0.426,-0.010,0.037,-0.005,0.219,-0.000,-0.001,17.399,0.002,18.103,17.142,17.720
-5.812,-4.235,-0.001,0.274,-0.002,-0.002,0.962,0.075,0.078,22.370,0.074,26.878,20.863,25.649,-0.745,0.424,-0.010,0.050,-0.013,0.218,-0.000,-0.002,17.406,0.001,18.149,17.170,17.744
-5.819,-4.231,-0.001,0.273,-0.002,-0.001,0.962,0.075,0.078,22.544,0.074,27.060,21.035,25.827,-0.746,0.422,-0.009,0.060,-0.022,0.218,-0.001,-0.003,17.408,0.001,18.191,17.191,17.783
-5.827,-4.227,-0.001,0.272,-0.001,-0.001,0.962,0.075,0.078,22.718,0.074,27.242,21.207,26.005,-0.746,0.421,-0.008,0.067,-0.031,0.217,-0.001,-0.003,17.403,0.000,18.228,17.207,17.834
-5.834,-4.223,-0.001,0.271,-0.001,-0.001,0.963,0.075,0.078,22.892,0.074,27.425,21.379,26.183,-0.747,0.419,-0.006,0.070,-0.040,0.216,-0.001,-0.004,17.392,-0.000,18.258,17.219,17.894
-5.841,-4.218,-0.001,0.270,-0.001,-0.001,0.963,0.075,0.078,23.066,0.074,27.607,21.551,26.363,-0.747,0.417,-0.005,0.071,-0.047,0.216,-0.001,-0.004,17.373,-0.001,18.281,17.227,17.959
-5.849,-4.214,-0.001,0.269,-0.001,-0.000,0.963,0.075,0.078,23.239,0.074,27.790,21.723,26.543,-0.748,0.415,-0.003,0.071,-0.051,0.215,-0.001,-0.004,17.346,-0.001,18.297,17.234,18.028
-5.856,-4.210,-0.001,0.268,-0.000,-0.000,0.963,0.075,0.078,23.413,0.074,27.973,21.896,26.723,-0.749,0.414,-0.001,0.069,-0.054,0.215,-0.001,-0.004,17.312,-0.002,18.309,17.240,18.096
-5.864,-4.206,-0.001,0.267,0.000,0.000,0.964,0.075,0.078,23.585,0.074,28.156,22.068,26.904,-0.750,0.412,0.001,0.066,-0.054,0.215,-0.001,-0.005,17.270,-0.002,18.317,17.246,18.162
-5.871,-4.202,-0.001,0.266,0.001,0.000,0.964,0.075,0.078,23.758,0.074,28.340,22.241,27.086,-0.751,0.411,0.003,0.063,-0.053,0.215,-0.001,-0.005,17.222,-0.003,18.324,17.253,18.224
-5.879,-4.198,-0.001,0.265,0.001,0.001,0.964,0.075,0.077,23.930,0.074,28.523,22.413,27.269,-0.752,0.409,0.004,0.060,-0.049,0.215,-0.001,-0.004,17.170,-0.003,18.330,17.260,18.279
-5.886,-4.194,-0.001,0.264,0.001,0.001,0.965,0.075,0.077,24.101,0.074,28.706,22.586,27.452,-0.754,0.408,0.005,0.056,-0.045,0.215,-0.001,-0.004,17.116,-0.004,18.336,17.267,18.328
-5.894,-4.190,-0.001,0.263,0.001,0.001,0.965,0.075,0.077,24.272,0.074,28.890,22.759,27.635,-0.755,0.407,0.006,0.051,-0.039,0.215,-0.001,-0.004,17.062,-0.005,18.342,17.273,18.371
-5.902,-4.186,-0.001,0.262,0.002,0.001,0.965,0.075,0.077,24.443,0.074,29.073,22.931,27.819,-0.757,0.406,0.007,0.046,-0.032,0.215,-0.001,-0.004,17.012,-0.005,18.348,17.277,18.408
-5.909,-4.181,-0.001,0.261,0.002,0.001,0.965,0.075,0.077,24.612,0.073,29.257,23.104,28.004,-0.758,0.404,0.008,0.040,-0.025,0.216,-0.001,-0.003,16.968,-0.005,18.354,17.279,18.442
-5.917,-4.177,-0.001,0.260,0.002,0.002,0.966,0.075,0.077,24.782,0.073,29.440,23.277,28.188,-0.760,0.403,0.008,0.033,-0.017,0.216,-0.001,-0.002,16.933,-0.005,18.358,17.277,18.473
-5.924,-4.173,-0.001,0.259,0.002,0.002,0.966,0.075,0.077,24.951,0.073,29.624,23.450,28.373,-0.762,0.402,0.008,0.024,-0.010,0.217,-0.001,-0.002,16.909,-0.005,18.358,17.270,18.501
-5.932,-4.169,-0.001,0.258,0.002,0.002,0.966,0.075,0.077,25.120,0.073,29.807,23.622,28.558,-0.764,0.401,0.009,0.013,-0.002,0.218,-0.000,-0.001,16.896,-0.005,18.354,17.258,18.526
-5.940,-4.165,-0.001,0.257,0.002,0.002,0.967,0.075,0.077,25.289,0.073,29.991,23.795,28.744,-0.766,0.400,0.009,-0.000,0.006,0.218,-0.000,-0.000,16.894,-0.004,18.342,17.239,18.547
-5.947,-4.161,-0.000,0.256,0.002,0.002,0.967,0.075,0.077,25.458,0.073,30.174,23.967,28.929,-0.768,0.399,0.009,-0.014,0.015,0.219,0.000,0.001,16.904,-0.004,18.322,17.214,18.561
-5.955,-4.157,-0.000,0.254,0.002,0.002,0.967,0.075,0.077,25.627,0.073,30.357,24.139,29.115,-0.770,0.398,0.008,-0.030,0.024,0.220,0.000,0.002,16.924,-0.003,18.295,17.185,18.567
-5.963,-4.153,-0.000,0.253,0.002,0.002,0.967,0.075,0.077,25.797,0.073,30.540,24.311,29.300,-0.772,0.397,0.008,-0.046,0.034,0.221,0.001,0.003,16.955,-0.003,18.264,17.153,18.563
-5.970,-4.149,-0.000,0.252,0.002,0.001,0.968,0.075,0.077,25.966,0.073,30.722,24.482,29.486,-0.774,0.396,0.007,-0.062,0.045,0.222,0.001,0.003,16.997,-0.002,18.231,17.122,18.546
-5.978,-4.145,-0.000,0.251,0.001,0.001,0.968,0.075,0.077,26.137,0.073,30.905,24.653,29.671,-0.775,0.394,0.006,-0.076,0.056,0.223,0.001,0.004,17.048,-0.001,18.201,17.095,18.518
-5.986,-4.142,-0.000,0.250,0.001,0.001,0.968,0.075,0.077,26.307,0.073,31.086,24.824,29.856,-0.777,0.393,0.004,-0.088,0.065,0.224,0.001,0.005,17.109,-0.000,18.177,17.074,18.479
-5.994,-4.138,-0.000,0.249,0.000,0.000,0.968,0.075,0.077,26.479,0.073,31.268,24.995,30.041,-0.779,0.392,0.002,-0.096,0.072,0.225,0.001,0.006,17.177,0.001,18.163,17.063,18.430
-6.002,-4.134,-0.000,0.248,-0.000,-0.000,0.969,0.075,0.078,26.651,0.073,31.450,25.165,30.225,-0.781,0.390,-0.000,-0.099,0.076,0.225,0.001,0.006,17.253,0.002,18.161,17.062,18.373
-6.009,-4.130,-0.000,0.247,-0.001,-0.000,0.969,0.075,0.078,26.824,0.073,31.631,25.336,30.408,-0.782,0.389,-0.002,-0.096,0.075,0.226,0.001,0.006,17.333,0.003,18.170,17.071,18.309
-6.017,-4.126,-0.000,0.246,-0.001,-0.001,0.969,0.075,0.078,26.998,0.073,31.813,25.507,30.591,-0.784,0.387,-0.004,-0.086,0.069,0.226,0.001,0.005,17.415,0.003,18.191,17.090,18.242
-6.025,-4.122,-0.000,0.245,-0.001,-0.001,0.970,0.075,0.078,27.172,0.073,31.995,25.678,30.773,-0.785,0.386,-0.006,-0.070,0.057,0.226,0.001,0.005,17.492,0.004,18.222,17.117,18.176
-6.033,-4.118,-0.000,0.244,-0.002,-0.001,0.970,0.075,0.078,27.347,0.073,32.178,25.849,30.955,-0.786,0.384,-0.007,-0.052,0.043,0.226,0.001,0.004,17.557,0.005,18.259,17.150,18.115
-6.041,-4.114,-0.000,0.243,-0.002,-0.001,0.970,0.075,0.078,27.523,0.073,32.360,26.021,31.136,-0.787,0.382,-0.008,-0.034,0.029,0.225,0.001,0.003,17.607,0.005,18.298,17.185,18.064
-6.049,-4.111,-0.000,0.241,-0.002,-0.002,0.970,0.075,0.078,27.699,0.073,32.544,26.193,31.316,-0.787,0.380,-0.009,-0.016,0.014,0.224,0.000,0.002,17.642,0.005,18.340,17.222,18.026
-6.056,-4.107,-0.000,0.240,-0.002,-0.002,0.971,0.075,0.078,27.876,0.073,32.727,26.365,31.496,-0.787,0.378,-0.010,0.000,-0.000,0.224,0.000,0.001,17.664,0.004,18.382,17.260,18.003
-6.064,-4.103,-0.001,0.239,-0.002,-0.002,0.971,0.075,0.078,28.053,0.073,32.911,26.538,31.676,-0.788,0.376,-0.011,0.015,-0.014,0.223,0.000,0.001,17.676,0.004,18.421,17.297,17.996
-6.072,-4.099,-0.001,0.238,-0.002,-0.001,0.971,0.075,0.078,28.230,0.073,33.096,26.711,31.856,-0.788,0.374,-0.011,0.028,-0.026,0.222,-0.000,-0.000,17.678,0.003,18.456,17.331,18.006
-6.080,-4.096,-0.001,0.237,-0.002,-0.001,0.971,0.004,0.021,28.406,0.022,33.280,26.885,32.036,-0.786,0.379,-0.011,0.029,-0.037,0.182,-11.409,-9.507,17.581,-8.760,18.392,17.469,17.990
-6.088,-4.092,-0.001,0.237,-0.002,-0.001,0.972,-0.091,-0.066,28.583,-0.061,33.463,27.061,32.215,-0.773,0.398,-0.010,0.016,-0.044,0.037,-5.913,-6.220,17.856,-6.030,18.100,17.764,17.726
-6.096,-4.088,-0.001,0.237,-0.001,-0.001,0.972,-0.091,-0.081,28.763,-0.071,33.642,27.240,32.390,-0.758,0.415,-0.009,0.024,-0.043,-0.106,5.221,2.874,18.257,3.705,17.815,18.030,17.387
-6.103,-4.083,-0.001,0.237,-0.001,-0.001,0.971,-0.016,-0.027,28.947,-0.009,33.820,27.421,32.564,-0.756,0.415,-0.007,0.053,-0.045,-0.119,7.980,6.462,18.360,7.073,17.744,18.093,17.320
-6.111,-4.079,-0.001,0.238,-0.001,-0.001,0.971,0.031,0.016,29.129,0.037,33.998,27.602,32.738,-0.763,0.402,-0.005,0.076,-0.047,-0.034,0.827,1.405,18.140,1.447,17.811,17.980,17.524
-6.118,-4.075,-0.001,0.238,-0.001,-0.001,0.971,0.000,-0.005,29.309,0.016,34.176,27.781,32.914,-0.767,0.395,-0.003,0.073,-0.047,0.019,-5.933,-4.712,17.933,-4.820,17.832,17.894,17.714
-6.126,-4.071,-0.001,0.238,-0.000,-0.000,0.971,-0.057,-0.054,29.489,-0.036,34.354,27.960,33.091,-0.762,0.402,-0.001,0.055,-0.045,-0.029,-4.236,-4.112,17.958,-4.347,17.742,17.960,17.688
-6.134,-4.067,-0.001,0.238,0.000,-0.000,0.971,-0.068,-0.070,29.669,-0.053,34.531,28.140,33.267,-0.754,0.413,0.001,0.046,-0.042,-0.110,1.888,0.914,18.088,0.849,17.645,18.083,17.538
-6.141,-4.063,-0.001,0.239,0.000,0.000,0.971,-0.030,-0.043,29.850,-0.026,34.707,28.321,33.442,-0.751,0.416,0.002,0.053,-0.041,-0.131,4.556,3.758,18.102,3.762,17.625,18.124,17.494
-6.149,-4.059,-0.001,0.239,0.001,0.000,0.971,0.002,-0.013,30.030,0.003,34.883,28.502,33.618,-0.755,0.410,0.004,0.062,-0.041,-0.085,1.375,1.675,17.972,1.510,17.661,18.053,17.610
-6.156,-4.055,-0.001,0.240,0.001,0.001,0.971,-0.007,-0.015,30.209,-0.001,35.060,28.682,33.795,-0.758,0.404,0.005,0.061,-0.041,-0.041,-2.662,-1.819,17.837,-2.094,17.687,17.972,17.744
-6.164,-4.051,-0.001,0.240,0.001,0.001,0.971,-0.037,-0.039,30.388,-0.028,35.237,28.862,33.972,-0.757,0.407,0.007,0.049,-0.040,-0.053,-2.717,-2.296,17.790,-2.623,17.663,17.980,17.766
-6.171,-4.047,-0.001,0.240,0.001,0.001,0.971,-0.050,-0.051,30.565,-0.043,35.413,29.042,34.150,-0.754,0.414,0.007,0.040,-0.038,-0.095,0.299,-0.143,17.793,-0.196,17.615,18.051,17.703
-6.179,-4.043,-0.001,0.241,0.002,0.001,0.971,-0.035,-0.041,30.743,-0.033,35.589,29.223,34.326,-0.752,0.417,0.008,0.038,-0.035,-0.116,2.268,1.796,17.763,1.775,17.591,18.095,17.671
-6.186,-4.038,-0.001,0.241,0.002,0.001,0.970,-0.016,-0.025,30.921,-0.017,35.765,29.404,34.503,-0.754,0.416,0.009,0.038,-0.031,-0.097,1.194,1.246,17.687,1.204,17.604,18.066,17.720
-6.194,-4.034,-0.001,0.242,0.002,0.001,0.970,-0.015,-0.021,31.097,-0.013,35.941,29.584,34.681,-0.757,0.413,0.009,0.032,-0.025,-0.070,-0.854,-0.425,17.609,-0.497,17.628,18.004,17.794
-6.201,-4.030,-0.001,0.242,0.002,0.001,0.970,-0.028,-0.030,31.273,-0.023,36.118,29.764,34.859,-0.757,0.413,0.009,0.019,-0.017,-0.066,-1.403,-1.076,17.570,-1.233,17.620,17.972,17.827
-6.209,-4.026,-0.001,0.242,0.002,0.002,0.970,-0.037,-0.037,31.449,-0.032,36.294,29.944,35.037,-0.756,0.417,0.009,0.004,-0.007,-0.081,-0.322,-0.334,17.565,-0.469,17.576,17.976,17.816
-6.217,-4.022,-0.000,0.243,0.002,0.001,0.970,-0.033,-0.035,31.624,-0.032,36.469,30.123,35.215,-0.756,0.420,0.009,-0.010,0.004,-0.093,0.819,0.643,17.566,0.551,17.523,17.974,17.798
-6.224,-4.018,-0.000,0.243,0.002,0.001,0.970,-0.025,-0.027,31.800,-0.025,36.644,30.303,35.393,-0.757,0.420,0.009,-0.021,0.018,-0.089,0.749,0.707,17.561,0.633,17.490,17.934,17.802
-6.232,-4.013,-0.000,0.244,0.002,0.001,0.970,-0.021,-0.023,31.975,-0.021,36.819,30.482,35.571,-0.758,0.419,0.008,-0.035,0.031,-0.077,0.008,0.155,17.559,0.136,17.472,17.869,17.812
-6.239,-4.009,-0.000,0.244,0.002,0.001,0.970,-0.024,-0.024,32.151,-0.022,36.994,30.660,35.750,-0.758,0.419,0.007,-0.051,0.045,-0.069,-0.502,-0.317,17.574,-0.373,17.451,17.807,17.804
-6.247,-4.005,-0.000,0.244,0.001,0.001,0.970,-0.028,-0.027,32.327,-0.026,37.168,30.838,35.927,-0.758,0.420,0.006,-0.067,0.058,-0.071,-0.326,-0.240,17.611,-0.318,17.414,17.763,17.770
-6.254,-4.001,-0.000,0.245,0.001,0.001,0.970,-0.030,-0.029,32.503,-0.028,37.342,31.016,36.105,-0.758,0.421,0.004,-0.081,0.069,-0.075,-0.001,-0.028,17.666,-0.085,17.374,17.734,17.719
-6.262,-3.997,-0.000,0.245,0.001,0.000,0.970,-0.029,-0.028,32.680,-0.028,37.515,31.193,36.282,-0.758,0.423,0.002,-0.090,0.077,-0.077,0.210,0.146,17.730,0.110,17.346,17.711,17.660
-6.270,-3.992,-0.000,0.245,0.000,-0.000,0.969,-0.027,-0.027,32.858,-0.027,37.689,31.370,36.458,-0.758,0.423,0.000,-0.095,0.080,-0.076,0.134,0.109,17.797,0.080,17.335,17.692,17.599
-6.277,-3.988,-0.000,0.246,-0.000,-0.000,0.969,-0.026,-0.026,33.036,-0.026,37.862,31.547,36.634,-0.758,0.424,-0.002,-0.094,0.078,-0.074,0.026,0.043,17.869,0.028,17.338,17.683,17.534
-6.285,-3.984,-0.000,0.246,-0.001,-0.001,0.969,-0.026,-0.026,33.215,-0.026,38.036,31.724,36.809,-0.758,0.424,-0.004,-0.087,0.071,-0.073,-0.023,0.015,17.942,0.007,17.351,17.686,17.467
-6.292,-3.980,-0.000,0.246,-0.001,-0.001,0.969,-0.026,-0.025,33.395,-0.026,38.209,31.901,36.983,-0.758,0.425,-0.006,-0.075,0.059,-0.072,-0.027,0.003,18.013,-0.000,17.371,17.700,17.399
-6.300,-3.975,-0.000,0.247,-0.002,-0.001,0.969,-0.027,-0.025,33.576,-0.026,38.383,32.078,37.157,-0.757,0.425,-0.007,-0.059,0.045,-0.072,-0.015,-0.001,18.075,-0.002,17.396,17.722,17.334
-6.308,-3.971,-0.000,0.247,-0.002,-0.002,0.969,-0.027,-0.026,33.757,-0.026,38.557,32.255,37.330,-0.756,0.425,-0.007,-0.043,0.031,-0.073,-0.005,-0.003,18.121,-0.002,17.422,17.750,17.276
-6.315,-3.967,-0.000,0.247,-0.002,-0.002,0.969,-0.027,-0.026,33.938,-0.026,38.732,32.433,37.502,-0.756,0.426,-0.009,-0.027,0.017,-0.073,0.000,-0.004,18.153,-0.001,17.450,17.781,17.228
-6.323,-3.963,-0.000,0.248,-0.002,-0.002,0.969,-0.027,-0.026,34.120,-0.026,38.906,32.611,37.674,-0.754,0.426,-0.010,-0.011,0.004,-0.074,0.001,-0.004,18.171,-0.001,17.478,17.814,17.193
-6.330,-3.958,-0.001,0.248,-0.002,-0.002,0.969,-0.027,-0.026,34.301,-0.026,39.081,32.789,37.846,-0.753,0.426,-0.010,0.004,-0.007,-0.074,0.000,-0.005,18.179,-0.002,17.505,17.847,17.172
-6.338,-3.954,-0.001,0.249,-0.002,-0.002,0.969,-0.027,-0.026,34.483,-0.026,39.256,32.968,38.018,-0.752,0.426,-0.011,0.019,-0.018,-0.074,-0.001,-0.005,18.178,-0.002,17.531,17.878,17.165
-6.345,-3.950,-0.001,0.249,-0.002,-0.002,0.969,-0.027,-0.026,34.665,-0.026,39.432,33.147,38.190,-0.750,0.426,-0.011,0.031,-0.026,-0.075,-0.002,-0.006,18.171,-0.003,17.552,17.905,17.173
-6.353,-3.946,-0.001,0.249,-0.002,-0.001,0.968,-0.027,-0.026,34.847,-0.026,39.607,33.326,38.361,-0.749,0.426,-0.010,0.042,-0.033,-0.075,-0.003,-0.006,18.158,-0.004,17.569,17.928,17.194
-6.360,-3.941,-0.001,0.250,-0.002,-0.001,0.968,-0.027,-0.026,35.028,-0.026,39.783,33.505,38.533,-0.748,0.426,-0.009,0.050,-0.038,-0.076,-0.003,-0.007,18.140,-0.004,17.582,17.944,17.225
-6.368,-3.937,-0.001,0.250,-0.001,-0.001,0.968,-0.027,-0.026,35.209,-0.026,39.959,33.685,38.706,-0.746,0.426,-0.008,0.055,-0.042,-0.076,-0.003,-0.007,18.118,-0.004,17.589,17.955,17.265
-6.375,-3.933,-0.001,0.250,-0.001,-0.001,0.968,-0.027,-0.026,35.390,-0.026,40.135,33.864,38.879,-0.745,0.426,-0.006,0.059,-0.045,-0.077,-0.003,-0.007,18.092,-0.005,17.592,17.961,17.310
-6.383,-3.929,-0.001,0.251,-0.001,-0.001,0.968,-0.027,-0.026,35.571,-0.026,40.311,34.044,39.052,-0.744,0.426,-0.004,0.060,-0.046,-0.077,-0.003,-0.007,18.060,-0.005,17.591,17.962,17.359
-6.390,-3.924,-0.001,0.251,-0.000,-0.000,0.968,-0.027,-0.026,35.752,-0.026,40.487,34.223,39.226,-0.743,0.426,-0.002,0.061,-0.047,-0.077,-0.003,-0.007,18.024,-0.005,17.588,17.961,17.409
-6.397,-3.920,-0.001,0.251,-0.000,-0.000,0.968,-0.027,-0.026,35.932,-0.027,40.663,34.403,39.400,-0.742,0.426,-0.000,0.060,-0.047,-0.078,-0.003,-0.007,17.982,-0.005,17.585,17.959,17.458
-6.405,-3.916,-0.001,0.252,0.000,0.000,0.968,-0.027,-0.026,36.111,-0.027,40.838,34.583,39.575,-0.742,0.427,0.002,0.059,-0.047,-0.078,-0.003,-0.007,17.935,-0.005,17.581,17.957,17.504
-6.412,-3.912,-0.001,0.252,0.001,0.000,0.968,-0.027,-0.026,36.290,-0.027,41.014,34.762,39.750,-0.741,0.428,0.003,0.058,-0.046,-0.078,-0.003,-0.007,17.882,-0.006,17.579,17.956,17.546
-6.420,-3.907,-0.001,0.253,0.001,0.001,0.968,-0.027,-0.026,36.469,-0.027,41.190,34.942,39.926,-0.741,0.428,0.005,0.056,-0.045,-0.079,-0.002,-0.007,17.825,-0.006,17.577,17.956,17.584
-6.427,-3.903,-0.001,0.253,0.001,0.001,0.967,-0.027,-0.026,36.647,-0.027,41.366,35.121,40.102,-0.741,0.429,0.006,0.053,-0.042,-0.079,-0.002,-0.006,17.765,-0.006,17.576,17.956,17.617
-6.434,-3.899,-0.001,0.253,0.001,0.001,0.967,-0.027,-0.027,36.824,-0.027,41.541,35.301,40.278,-0.741,0.430,0.007,0.050,-0.039,-0.079,-0.002,-0.006,17.705,-0.006,17.576,17.956,17.646
-6.442,-3.894,-0.001,0.254,0.002,0.001,0.967,-0.027,-0.027,37.001,-0.027,41.717,35.480,40.455,-0.741,0.431,0.008,0.046,-0.034,-0.079,-0.002,-0.005,17.648,-0.006,17.575,17.955,17.672
-6.449,-3.890,-0.001,0.254,0.002,0.001,0.967,-0.027,-0.027,37.177,-0.027,41.893,35.660,40.632,-0.741,0.432,0.008,0.040,-0.028,-0.079,-0.002,-0.005,17.595,-0.006,17.572,17.951,17.695
-6.457,-3.886,-0.001,0.255,0.002,0.001,0.967,-0.027,-0.027,37.353,-0.027,42.069,35.839,40.809,-0.741,0.433,0.008,0.033,-0.021,-0.079,-0.001,-0.004,17.551,-0.006,17.567,17.943,17.716
-6.464,-3.881,-0.001,0.255,0.002,0.002,0.967,-0.027,-0.027,37.528,-0.027,42.244,36.019,40.986,-0.742,0.434,0.009,0.024,-0.013,-0.079,-0.001,-0.003,17.518,-0.006,17.558,17.929,17.735
-6.472,-3.877,-0.001,0.255,0.002,0.002,0.967,-0.027,-0.027,37.703,-0.027,42.420,36.198,41.164,-0.742,0.435,0.009,0.013,-0.003,-0.079,-0.001,-0.002,17.496,-0.005,17.544,17.909,17.751
-6.479,-3.873,-0.001,0.256,0.002,0.002,0.967,-0.027,-0.027,37.878,-0.027,42.595,36.377,41.341,-0.743,0.436,0.009,-0.001,0.006,-0.079,-0.000,-0.001,17.486,-0.005,17.523,17.881,17.762
-6.486,-3.868,-0.000,0.256,0.002,0.002,0.967,-0.027,-0.027,38.053,-0.027,42.770,36.556,41.519,-0.743,0.437,0.009,-0.015,0.017,-0.079,-0.000,0.000,17.488,-0.005,17.496,17.846,17.766
-6.494,-3.864,-0.000,0.256,0.002,0.002,0.967,-0.027,-0.027,38.228,-0.027,42.945,36.734,41.696,-0.743,0.438,0.008,-0.030,0.028,-0.078,0.000,0.001,17.502,-0.004,17.464,17.806,17.762
-6.501,-3.860,-0.000,0.257,0.002,0.001,0.966,-0.027,-0.027,38.403,-0.027,43.119,36.912,41.874,-0.743,0.439,0.007,-0.046,0.038,-0.078,0.000,0.003,17.528,-0.003,17.428,17.763,17.748
-6.509,-3.855,-0.000,0.257,0.001,0.001,0.966,-0.027,-0.027,38.578,-0.027,43.294,37.089,42.051,-0.743,0.440,0.006,-0.062,0.049,-0.077,0.001,0.004,17.564,-0.003,17.391,17.721,17.724
-6.516,-3.851,-0.000,0.258,0.001,0.001,0.966,-0.027,-0.027,38.754,-0.027,43.467,37.266,42.228,-0.744,0.440,0.005,-0.077,0.057,-0.077,0.001,0.005,17.610,-0.002,17.358,17.685,17.690
-6.524,-3.846,-0.000,0.258,0.001,0.001,0.966,-0.027,-0.027,38.931,-0.027,43.641,37.443,42.405,-0.744,0.441,0.003,-0.088,0.064,-0.076,0.001,0.005,17.666,-0.001,17.331,17.657,17.647
-6.531,-3.842,-0.000,0.258,0.000,0.000,0.966,-0.027,-0.027,39.108,-0.027,43.814,37.619,42.581,-0.744,0.442,0.001,-0.096,0.067,-0.075,0.001,0.006,17.729,-0.000,17.312,17.639,17.595
-6.538,-3.838,-0.000,0.259,-0.000,-0.000,0.966,-0.027,-0.027,39.285,-0.027,43.987,37.796,42.757,-0.744,0.443,-0.001,-0.100,0.068,-0.075,0.001,0.005,17.798,0.001,17.302,17.634,17.537
-6.546,-3.833,-0.000,0.259,-0.001,-0.001,0.966,-0.027,-0.026,39.464,-0.027,44.160,37.972,42.932,-0.744,0.443,-0.003,-0.098,0.064,-0.075,0.001,0.005,17.870,0.002,17.301,17.641,17.473
-6.553,-3.829,-0.000,0.259,-0.001,-0.001,0.966,-0.027,-0.026,39.643,-0.027,44.333,38.148,43.106,-0.744,0.444,-0.005,-0.089,0.057,-0.075,0.001,0.004,17.942,0.003,17.309,17.658,17.406
-6.561,-3.824,-0.000,0.260,-0.001,-0.001,0.966,-0.027,-0.026,39.822,-0.027,44.506,38.325,43.280,-0.743,0.444,-0.006,-0.075,0.046,-0.075,0.001,0.003,18.008,0.004,17.324,17.685,17.340
-6.568,-3.820,-0.000,0.260,-0.002,-0.002,0.966,-0.027,-0.026,40.003,-0.027,44.680,38.502,43.453,-0.743,0.445,-0.006,-0.058,0.034,-0.075,0.001,0.002,18.061,0.004,17.343,17.717,17.276
-6.576,-3.815,-0.000,0.260,-0.002,-0.002,0.965,-0.027,-0.026,40.184,-0.027,44.853,38.680,43.626,-0.742,0.445,-0.007,-0.042,0.023,-0.075,0.001,0.001,18.098,0.005,17.365,17.751,17.220
-6.583,-3.811,-0.000,0.261,-0.002,-0.002,0.965,-0.027,-0.026,40.365,-0.027,45.027,38.857,43.798,-0.741,0.445,-0.008,-0.025,0.013,-0.076,0.000,0.000,18.122,0.005,17.389,17.786,17.174
-6.590,-3.806,-0.000,0.261,-0.002,-0.002,0.965,-0.027,-0.026,40.546,-0.027,45.201,39.035,43.969,-0.740,0.445,-0.009,-0.008,0.004,-0.076,0.000,-0.000,18.136,0.004,17.415,17.820,17.141
-6.598,-3.802,-0.001,0.262,-0.002,-0.002,0.965,-0.027,-0.026,40.727,-0.027,45.375,39.214,44.141,-0.739,0.445,-0.010,0.009,-0.005,-0.076,-0.000,-0.001,18.141,0.004,17.442,17.852,17.123
-6.605,-3.798,-0.001,0.262,-0.002,-0.002,0.965,-0.027,-0.026,40.909,-0.027,45.550,39.392,44.312,-0.737,0.445,-0.010,0.025,-0.013,-0.077,-0.000,-0.002,18.139,0.003,17.468,17.880,17.119
-6.613,-3.793,-0.001,0.262,-0.002,-0.002,0.965,-0.027,-0.026,41.090,-0.027,45.725,39.571,44.483,-0.736,0.445,-0.010,0.039,-0.020,-0.077,-0.001,-0.003,18.132,0.002,17.492,17.903,17.129
-6.620,-3.789,-0.001,0.263,-0.002,-0.002,0.965,-0.027,-0.026,41.271,-0.027,45.900,39.750,44.654,-0.735,0.445,-0.010,0.049,-0.027,-0.077,-0.001,-0.003,18.121,0.002,17.514,17.920,17.152
-6.627,-3.784,-0.001,0.263,-0.002,-0.001,0.965,-0.027,-0.026,41.453,-0.027,46.075,39.930,44.826,-0.734,0.445,-0.008,0.057,-0.033,-0.078,-0.001,-0.004,18.105,0.001,17.531,17.932,17.186
-6.635,-3.780,-0.001,0.263,-0.001,-0.001,0.965,-0.027,-0.026,41.634,-0.027,46.250,40.109,44.998,-0.732,0.445,-0.007,0.062,-0.039,-0.078,-0.001,-0.004,18.085,0.000,17.544,17.938,17.229
-6.642,-3.775,-0.001,0.264,-0.001,-0.001,0.965,-0.027,-0.027,41.814,-0.027,46.426,40.288,45.171,-0.731,0.446,-0.005,0.065,-0.044,-0.079,-0.001,-0.005,18.058,-0.000,17.552,17.940,17.278
-6.649,-3.771,-0.001,0.264,-0.001,-0.001,0.964,-0.027,-0.027,41.995,-0.027,46.601,40.468,45.344,-0.730,0.446,-0.003,0.066,-0.048,-0.079,-0.001,-0.005,18.026,-0.001,17.557,17.940,17.330
-6.657,-3.766,-0.001,0.265,-0.000,-0.000,0.964,-0.027,-0.027,42.175,-0.027,46.777,40.647,45.517,-0.730,0.446,-0.001,0.067,-0.051,-0.079,-0.001,-0.005,17.987,-0.001,17.558,17.938,17.384
-6.664,-3.762,-0.001,0.265,-0.000,-0.000,0.964,-0.027,-0.027,42.354,-0.027,46.952,40.826,45.691,-0.729,0.447,0.001,0.066,-0.052,-0.079,-0.001,-0.006,17.941,-0.002,17.557,17.937,17.437
-6.671,-3.757,-0.001,0.265,0.000,0.000,0.964,-0.027,-0.027,42.534,-0.027,47.128,41.006,45.866,-0.728,0.447,0.002,0.064,-0.052,-0.080,-0.001,-0.005,17.888,-0.002,17.556,17.936,17.487
-6.678,-3.753,-0.001,0.266,0.001,0.000,0.964,-0.027,-0.027,42.712,-0.027,47.303,41.185,46.041,-0.728,0.448,0.004,0.062,-0.051,-0.080,-0.001,-0.005,17.830,-0.003,17.554,17.936,17.532
-6.686,-3.749,-0.001,0.266,0.001,0.001,0.964,-0.027,-0.027,42.890,-0.027,47.479,41.365,46.217,-0.728,0.448,0.005,0.059,-0.048,-0.080,-0.001,-0.005,17.768,-0.003,17.553,17.937,17.572
-6.693,-3.744,-0.001,0.266,0.001,0.001,0.964,-0.027,-0.027,43.068,-0.027,47.655,41.544,46.393,-0.728,0.449,0.006,0.055,-0.043,-0.080,-0.001,-0.005,17.704,-0.004,17.552,17.937,17.607
-6.700,-3.740,-0.001,0.267,0.002,0.001,0.964,-0.027,-0.027,43.244,-0.027,47.830,41.723,46.569,-0.728,0.450,0.007,0.051,-0.036,-0.080,-0.001,-0.004,17.642,-0.004,17.551,17.935,17.637
-6.707,-3.735,-0.001,0.267,0.002,0.001,0.964,-0.027,-0.027,43.420,-0.027,48.006,41.903,46.745,-0.728,0.451,0.007,0.046,-0.028,-0.080,-0.001,-0.004,17.586,-0.004,17.550,17.930,17.662
-6.715,-3.730,-0.001,0.268,0.002,0.001,0.964,-0.027,-0.027,43.596,-0.027,48.181,42.082,46.922,-0.728,0.452,0.008,0.039,-0.019,-0.080,-0.001,-0.003,17.538,-0.005,17.549,17.921,17.684
-6.722,-3.726,-0.001,0.268,0.002,0.002,0.963,-0.027,-0.027,43.771,-0.027,48.357,42.261,47.099,-0.728,0.453,0.008,0.031,-0.010,-0.080,-0.001,-0.002,17.501,-0.005,17.545,17.906,17.703
-6.729,-3.721,-0.001,0.268,0.002,0.002,0.963,-0.027,-0.027,43.946,-0.027,48.532,42.440,47.276,-0.729,0.454,0.008,0.020,0.000,-0.080,-0.000,-0.001,17.476,-0.005,17.539,17.886,17.720
-6.737,-3.717,-0.001,0.269,0.002,0.002,0.963,-0.027,-0.027,44.121,-0.027,48.707,42.619,47.453,-0.729,0.455,0.008,0.008,0.009,-0.080,-0.000,-0.000,17.464,-0.004,17.527,17.858,17.733
-6.744,-3.712,-0.001,0.269,0.002,0.002,0.963,-0.027,-0.027,44.295,-0.027,48.882,42.797,47.631,-0.729,0.456,0.008,-0.007,0.018,-0.080,0.000,0.001,17.465,-0.004,17.509,17.824,17.740
-6.751,-3.708,-0.000,0.270,0.002,0.002,0.963,-0.027,-0.027,44.470,-0.027,49.057,42.975,47.808,-0.730,0.457,0.008,-0.022,0.026,-0.079,0.000,0.002,17.478,-0.003,17.484,17.784,17.741
-6.759,-3.703,-0.000,0.270,0.002,0.002,0.963,-0.027,-0.027,44.645,-0.028,49.232,43.153,47.985,-0.730,0.458,0.007,-0.038,0.034,-0.079,0.001,0.003,17.502,-0.003,17.454,17.742,17.733
-6.766,-3.699,-0.000,0.270,0.001,0.001,0.963,-0.027,-0.027,44.820,-0.028,49.407,43.330,48.163,-0.730,0.459,0.006,-0.055,0.042,-0.078,0.001,0.004,17.537,-0.002,17.420,17.700,17.717
-6.773,-3.694,-0.000,0.271,0.001,0.001,0.963,-0.027,-0.027,44.996,-0.028,49.581,43.507,48.340,-0.730,0.460,0.005,-0.071,0.048,-0.077,0.001,0.005,17.581,-0.002,17.385,17.663,17.691
-6.780,-3.689,-0.000,0.271,0.001,0.001,0.963,-0.027,-0.027,45.172,-0.028,49.754,43.683,48.516,-0.730,0.461,0.004,-0.085,0.052,-0.077,0.001,0.006,17.633,-0.001,17.353,17.634,17.657
-6.788,-3.685,-0.000,0.271,0.000,0.001,0.962,-0.027,-0.027,45.348,-0.028,49.928,43.860,48.693,-0.730,0.461,0.002,-0.096,0.055,-0.076,0.001,0.006,17.692,-0.000,17.326,17.616,17.615
-6.795,-3.680,-0.000,0.272,0.000,0.000,0.962,-0.027,-0.027,45.526,-0.028,50.101,44.036,48.869,-0.730,0.462,0.000,-0.102,0.055,-0.076,0.001,0.006,17.757,0.001,17.306,17.611,17.566
-6.802,-3.676,-0.000,0.272,-0.000,-0.000,0.962,-0.027,-0.027,45.704,-0.028,50.274,44.212,49.044,-0.730,0.463,-0.002,-0.105,0.054,-0.075,0.001,0.006,17.824,0.002,17.293,17.617,17.509
-6.810,-3.671,-0.000,0.273,-0.001,-0.001,0.962,-0.027,-0.027,45.882,-0.028,50.447,44.388,49.219,-0.730,0.463,-0.003,-0.101,0.051,-0.075,0.001,0.006,17.893,0.003,17.289,17.636,17.447
-6.817,-3.666,-0.000,0.273,-0.001,-0.001,0.962,-0.027,-0.027,46.061,-0.028,50.620,44.565,49.393,-0.730,0.464,-0.005,-0.091,0.043,-0.075,0.001,0.005,17.959,0.003,17.292,17.664,17.382
-6.824,-3.662,-0.000,0.273,-0.001,-0.001,0.962,-0.192,-0.147,46.240,-0.160,50.793,44.741,49.565,-0.712,0.478,-0.005,-0.102,0.038,-0.187,-26.361,-19.936,17.880,-22.460,17.352,17.752,16.958
-6.831,-3.657,-0.000,0.275,-0.002,-0.002,0.961,-0.413,-0.327,46.421,-0.378,50.964,44.921,49.731,-0.671,0.514,0.002,-0.148,0.001,-0.484,-14.050,-12.967,18.378,-16.436,16.782,18.109,16.108
-6.838,-3.651,-0.000,0.278,-0.002,-0.003,0.961,-0.432,-0.373,46.608,-0.419,51.128,45.103,49.887,-0.630,0.543,0.006,-0.099,-0.042,-0.751,9.409,3.596,19.033,8.382,16.041,18.411,15.141
-6.844,-3.646,-0.000,0.282,-0.002,-0.003,0.959,-0.271,-0.279,46.801,-0.252,51.286,45.288,50.035,-0.617,0.548,0.003,-0.028,-0.055,-0.806,19.302,12.980,19.354,20.987,15.558,18.483,14.664
-6.850,-3.640,-0.000,0.285,-0.001,-0.003,0.958,-0.131,-0.173,46.993,-0.092,51.441,45.472,50.182,-0.626,0.533,-0.003,0.001,-0.034,-0.681,6.202,6.001,19.043,8.333,15.463,18.325,14.762
-6.856,-3.635,-0.000,0.288,-0.001,-0.003,0.957,-0.170,-0.188,47.180,-0.112,51.596,45.654,50.331,-0.634,0.522,-0.009,0.022,-0.005,-0.567,-11.999,-7.904,18.489,-10.736,15.504,18.148,14.972
-6.863,-3.630,-0.000,0.291,-0.001,-0.003,0.957,-0.309,-0.287,47.365,-0.255,51.751,45.836,50.480,-0.618,0.529,-0.013,0.022,0.024,-0.622,-12.730,-9.640,18.411,-14.860,15.412,18.123,14.763
-6.869,-3.625,-0.000,0.295,-0.001,-0.003,0.956,-0.374,-0.343,47.550,-0.349,51.904,46.017,50.625,-0.590,0.544,-0.013,0.041,0.030,-0.760,0.263,-0.927,18.663,-2.618,15.226,18.167,14.267
-6.874,-3.619,-0.001,0.298,-0.001,-0.003,0.954,-0.312,-0.307,47.738,-0.306,52.055,46.199,50.766,-0.571,0.552,-0.012,0.064,0.025,-0.831,10.455,7.065,18.889,9.620,15.082,18.146,13.912
-6.880,-3.614,-0.001,0.302,-0.001,-0.002,0.953,-0.212,-0.232,47.926,-0.206,52.206,46.380,50.905,-0.572,0.546,-0.011,0.086,0.016,-0.771,7.626,6.487,18.772,8.107,15.018,18.021,13.969
-6.886,-3.608,-0.001,0.306,-0.001,-0.002,0.952,-0.191,-0.205,48.112,-0.179,52.356,46.559,51.046,-0.582,0.537,-0.010,0.102,0.004,-0.656,-3.305,-1.172,18.388,-2.673,15.008,17.841,14.265
-6.892,-3.603,-0.001,0.309,-0.001,-0.001,0.951,-0.258,-0.245,48.295,-0.246,52.506,46.737,51.190,-0.580,0.535,-0.008,0.098,-0.003,-0.618,-8.391,-5.707,18.158,-9.098,14.981,17.720,14.394
-6.897,-3.597,-0.001,0.312,-0.001,-0.001,0.950,-0.321,-0.291,48.476,-0.322,52.655,46.914,51.333,-0.563,0.545,-0.006,0.077,-0.016,-0.689,-3.169,-2.699,18.222,-4.907,14.914,17.706,14.206
-6.903,-3.592,-0.001,0.315,-0.001,-0.001,0.949,-0.312,-0.290,48.659,-0.328,52.804,47.091,51.473,-0.546,0.554,-0.003,0.070,-0.032,-0.764,4.301,2.627,18.322,3.320,14.892,17.705,13.952
-6.908,-3.586,-0.001,0.319,-0.000,-0.000,0.948,-0.256,-0.251,48.842,-0.275,52.953,47.268,51.613,-0.541,0.554,-0.000,0.080,-0.049,-0.755,5.770,4.383,18.233,5.899,14.897,17.645,13.927
-6.914,-3.581,-0.001,0.322,0.000,-0.000,0.947,-0.221,-0.221,49.023,-0.237,53.102,47.444,51.753,-0.546,0.550,0.002,0.090,-0.062,-0.682,0.690,1.201,17.985,1.234,14.872,17.525,14.118
-6.919,-3.575,-0.001,0.325,0.000,0.000,0.946,-0.242,-0.230,49.202,-0.254,53.250,47.618,51.895,-0.547,0.548,0.003,0.085,-0.066,-0.635,-4.198,-2.603,17.777,-4.137,14.802,17.423,14.276
-6.925,-3.570,-0.001,0.328,0.001,0.001,0.945,-0.285,-0.259,49.379,-0.300,53.398,47.792,52.038,-0.538,0.553,0.004,0.069,-0.062,-0.660,-3.387,-2.534,17.704,-4.096,14.726,17.396,14.231
-6.930,-3.564,-0.001,0.332,0.001,0.001,0.943,-0.297,-0.271,49.556,-0.321,53.545,47.966,52.179,-0.525,0.560,0.005,0.058,-0.053,-0.715,0.844,0.146,17.683,0.137,14.690,17.402,14.069
-6.935,-3.559,-0.001,0.335,0.002,0.001,0.942,-0.274,-0.257,49.733,-0.301,53.692,48.140,52.319,-0.517,0.564,0.005,0.057,-0.042,-0.734,3.273,2.250,17.603,3.162,14.676,17.378,13.978
-6.940,-3.553,-0.001,0.338,0.002,0.001,0.941,-0.247,-0.237,49.908,-0.273,53.839,48.314,52.459,-0.516,0.563,0.005,0.059,-0.028,-0.706,1.635,1.479,17.456,2.010,14.643,17.300,14.024
-6.946,-3.547,-0.001,0.342,0.002,0.001,0.940,-0.246,-0.232,50.082,-0.268,53.985,48.486,52.600,-0.515,0.562,0.004,0.053,-0.011,-0.671,-1.268,-0.563,17.315,-1.003,14.592,17.200,14.101
-6.951,-3.542,-0.001,0.345,0.002,0.002,0.939,-0.265,-0.244,50.255,-0.287,54.130,48.658,52.741,-0.510,0.565,0.004,0.040,0.008,-0.667,-2.165,-1.446,17.238,-2.325,14.539,17.124,14.100
-6.956,-3.536,-0.001,0.348,0.002,0.002,0.938,-0.280,-0.255,50.427,-0.305,54.276,48.829,52.882,-0.502,0.569,0.004,0.024,0.025,-0.688,-0.578,-0.549,17.212,-0.949,14.502,17.072,14.017
-6.961,-3.530,-0.001,0.351,0.002,0.002,0.936,-0.276,-0.253,50.599,-0.304,54.420,48.999,53.021,-0.495,0.573,0.004,0.012,0.039,-0.705,1.217,0.781,17.193,1.007,14.477,17.017,13.930
-6.966,-3.525,-0.001,0.355,0.002,0.002,0.935,-0.262,-0.243,50.771,-0.290,54.565,49.169,53.160,-0.491,0.574,0.003,0.002,0.047,-0.699,1.313,1.034,17.156,1.378,14.457,16.933,13.897
-6.971,-3.519,-0.001,0.358,0.002,0.002,0.934,-0.254,-0.236,50.942,-0.281,54.710,49.338,53.299,-0.488,0.575,0.003,-0.008,0.052,-0.680,0.140,0.306,17.111,0.324,14.436,16.828,13.903
-6.975,-3.513,-0.001,0.361,0.001,0.002,0.933,-0.259,-0.237,51.113,-0.284,54.854,49.506,53.438,-0.485,0.576,0.002,-0.021,0.053,-0.668,-0.932,-0.519,17.088,-0.779,14.410,16.728,13.896
-6.980,-3.507,-0.001,0.364,0.001,0.002,0.931,-0.268,-0.243,51.284,-0.293,54.998,49.672,53.577,-0.479,0.579,0.002,-0.035,0.049,-0.669,-0.696,-0.462,17.096,-0.775,14.373,16.649,13.850
-6.985,-3.502,-0.001,0.367,0.001,0.002,0.930,-0.271,-0.245,51.455,-0.298,55.141,49.839,53.715,-0.473,0.582,0.002,-0.048,0.042,-0.677,0.037,-0.021,17.123,-0.120,14.326,16.588,13.783
-6.990,-3.496,-0.001,0.370,0.000,0.002,0.929,-0.268,-0.244,51.626,-0.295,55.284,50.004,53.853,-0.468,0.584,0.001,-0.058,0.030,-0.680,0.534,0.347,17.148,0.448,14.275,16.534,13.727
-6.994,-3.490,-0.001,0.373,0.000,0.002,0.928,-0.263,-0.240,51.798,-0.291,55.427,50.169,53.990,-0.464,0.586,0.001,-0.065,0.015,-0.675,0.339,0.269,17.156,0.340,14.229,16.483,13.693
-6.999,-3.484,-0.001,0.377,-0.000,0.001,0.926,-0.262,-0.238,51.969,-0.289,55.569,50.334,54.127,-0.460,0.588,0.000,-0.072,-0.001,-0.668,-0.022,0.076,17.154,0.060,14.185,16.442,13.670
-7.004,-3.478,-0.001,0.380,-0.000,0.001,0.925,-0.263,-0.239,52.141,-0.290,55.710,50.498,54.263,-0.455,0.589,-0.000,-0.078,-0.015,-0.662,-0.202,-0.086,17.150,-0.166,14.136,16.417,13.646
-7.008,-3.472,-0.001,0.383,-0.000,0.001,0.924,-0.265,-0.240,52.312,-0.292,55.852,50.662,54.400,-0.451,0.591,-0.001,-0.082,-0.027,-0.661,-0.132,-0.082,17.149,-0.147,14.080,16.409,13.614
-7.013,-3.466,-0.001,0.386,-0.000,0.000,0.923,-0.265,-0.240,52.484,-0.293,55.992,50.826,54.536,-0.446,0.593,-0.001,-0.086,-0.036,-0.661,-0.027,-0.034,17.147,-0.059,14.018,16.415,13.577
-7.017,-3.460,-0.001,0.389,-0.000,-0.000,0.921,-0.265,-0.240,52.655,-0.293,56.132,50.991,54.671,-0.441,0.595,-0.002,-0.087,-0.040,-0.661,0.017,-0.013,17.139,-0.021,13.955,16.430,13.537
-7.021,-3.454,-0.001,0.392,-0.000,-0.001,0.920,-0.265,-0.240,52.827,-0.293,56.271,51.155,54.806,-0.436,0.597,-0.002,-0.086,-0.039,-0.661,0.027,-0.006,17.126,-0.006,13.894,16.450,13.495
-7.026,-3.448,-0.001,0.395,-0.000,-0.001,0.919,-0.265,-0.240,52.998,-0.293,56.410,51.320,54.941,-0.431,0.599,-0.002,-0.085,-0.033,-0.660,0.021,-0.004,17.107,-0.002,13.834,16.473,13.449
-7.030,-3.442,-0.001,0.398,-0.000,-0.002,0.917,-0.265,-0.241,53.169,-0.293,56.548,51.484,55.075,-0.426,0.600,-0.001,-0.082,-0.022,-0.660,0.012,-0.004,17.085,-0.001,13.778,16.495,13.400
-7.034,-3.436,-0.001,0.401,-0.000,-0.002,0.916,-0.265,-0.241,53.339,-0.293,56.685,51.649,55.209,-0.421,0.602,-0.001,-0.076,-0.009,-0.659,0.004,-0.005,17.062,-0.000,13.726,16.513,13.345
-7.038,-3.430,-0.001,0.404,-0.000,-0.002,0.915,-0.265,-0.241,53.510,-0.293,56.822,51.815,55.342,-0.416,0.603,-0.001,-0.067,0.005,-0.658,-0.001,-0.005,17.039,-0.000,13.680,16.526,13.287
-7.043,-3.424,-0.001,0.407,-0.001,-0.003,0.913,-0.265,-0.241,53.680,-0.293,56.959,51.980,55.475,-0.411,0.604,-0.000,-0.056,0.019,-0.658,-0.003,-0.005,17.018,0.000,13.642,16.531,13.226
-7.047,-3.418,-0.001,0.410,-0.001,-0.003,0.912,-0.265,-0.241,53.850,-0.293,57.095,52.145,55.607,-0.406,0.606,-0.001,-0.042,0.032,-0.657,-0.003,-0.005,17.000,0.001,13.613,16.529,13.165
-7.051,-3.412,-0.001,0.413,-0.001,-0.003,0.911,-0.265,-0.241,54.020,-0.293,57.231,52.310,55.738,-0.401,0.607,-0.001,-0.026,0.042,-0.657,-0.002,-0.005,16.984,0.001,13.593,16.519,13.105
-7.055,-3.406,-0.001,0.416,-0.001,-0.003,0.909,-0.265,-0.241,54.190,-0.293,57.367,52.476,55.869,-0.396,0.609,-0.001,-0.010,0.048,-0.656,-0.001,-0.006,16.970,0.002,13.582,16.502,13.050
-7.059,-3.400,-0.001,0.419,-0.001,-0.003,0.908,-0.265,-0.241,54.360,-0.293,57.503,52.641,55.999,-0.392,0.610,-0.001,0.007,0.050,-0.656,-0.001,-0.006,16.957,0.002,13.582,16.479,12.999
-7.062,-3.394,-0.001,0.422,-0.002,-0.003,0.907,-0.265,-0.241,54.529,-0.293,57.639,52.805,56.129,-0.387,0.612,-0.000,0.024,0.048,-0.655,-0.001,-0.006,16.942,0.002,13.589,16.452,12.956
-7.066,-3.388,-0.001,0.425,-0.002,-0.002,0.905,-0.265,-0.241,54.699,-0.293,57.775,52.970,56.258,-0.383,0.614,-0.000,0.040,0.041,-0.654,-0.001,-0.006,16.924,0.001,13.603,16.424,12.922
-7.070,-3.382,-0.001,0.428,-0.002,-0.002,0.904,-0.265,-0.241,54.868,-0.293,57.911,53.134,56.387,-0.378,0.616,0.000,0.055,0.030,-0.654,-0.001,-0.007,16.900,0.001,13.621,16.394,12.898
-7.074,-3.376,-0.001,0.431,-0.002,-0.002,0.902,-0.265,-0.241,55.036,-0.293,58.047,53.297,56.516,-0.374,0.618,0.001,0.068,0.016,-0.653,-0.001,-0.007,16.869,0.000,13.643,16.367,12.884
-7.078,-3.369,-0.001,0.434,-0.002,-0.002,0.901,-0.265,-0.241,55.205,-0.293,58.184,53.461,56.645,-0.370,0.620,0.001,0.077,-0.001,-0.653,-0.001,-0.007,16.831,-0.001,13.666,16.342,12.880
-7.081,-3.363,-0.001,0.437,-0.001,-0.001,0.900,-0.265,-0.241,55.373,-0.293,58.320,53.624,56.774,-0.366,0.622,0.001,0.082,-0.017,-0.652,-0.001,-0.007,16.785,-0.001,13.687,16.320,12.886
-7.085,-3.357,-0.001,0.440,-0.001,-0.001,0.898,-0.265,-0.241,55.541,-0.293,58.457,53.787,56.903,-0.361,0.624,0.001,0.085,-0.032,-0.652,-0.001,-0.007,16.732,-0.002,13.705,16.302,12.901
-7.089,-3.351,-0.001,0.442,-0.001,-0.001,0.897,-0.265,-0.241,55.708,-0.293,58.595,53.950,57.032,-0.357,0.627,0.001,0.085,-0.043,-0.652,-0.001,-0.007,16.674,-0.002,13.719,16.287,12.922
-7.092,-3.344,-0.001,0.445,-0.000,-0.000,0.895,-0.265,-0.242,55.874,-0.293,58.732,54.113,57.161,-0.353,0.629,0.001,0.084,-0.050,-0.651,-0.001,-0.006,16.612,-0.002,13.728,16.273,12.948
-7.096,-3.338,-0.001,0.448,0.000,-0.000,0.894,-0.265,-0.242,56.040,-0.293,58.869,54.276,57.291,-0.349,0.631,0.000,0.081,-0.051,-0.651,-0.001,-0.005,16.550,-0.003,13.733,16.260,12.977
-7.099,-3.332,-0.001,0.451,0.000,0.000,0.892,-0.265,-0.242,56.205,-0.293,59.006,54.438,57.421,-0.344,0.633,-0.000,0.077,-0.047,-0.651,-0.001,-0.005,16.491,-0.003,13.733,16.246,13.007
-7.102,-3.325,-0.001,0.454,0.001,0.000,0.891,-0.265,-0.242,56.370,-0.293,59.144,54.601,57.551,-0.340,0.635,-0.001,0.072,-0.038,-0.651,-0.001,-0.004,16.436,-0.003,13.730,16.227,13.036
-7.106,-3.319,-0.001,0.457,0.001,0.001,0.889,-0.265,-0.242,56.534,-0.293,59.281,54.763,57.681,-0.335,0.636,-0.001,0.067,-0.024,-0.651,-0.000,-0.002,16.389,-0.002,13.725,16.203,13.062
-7.109,-3.313,-0.001,0.460,0.001,0.001,0.888,-0.265,-0.242,56.698,-0.293,59.418,54.925,57.812,-0.331,0.638,-0.002,0.062,-0.008,-0.651,-0.000,-0.001,16.352,-0.002,13.719,16.172,13.085
-7.112,-3.306,-0.001,0.463,0.001,0.001,0.886,-0.265,-0.242,56.861,-0.293,59.555,55.086,57.943,-0.326,0.639,-0.002,0.054,0.008,-0.650,-0.000,0.000,16.324,-0.002,13.714,16.132,13.103
-7.116,-3.300,-0.001,0.466,0.001,0.001,0.885,-0.265,-0.242,57.024,-0.293,59.693,55.247,58.074,-0.322,0.641,-0.001,0.045,0.023,-0.650,0.000,0.002,16.307,-0.002,13.710,16.084,13.115
-7.119,-3.294,-0.001,0.469,0.001,0.002,0.883,-0.265,-0.242,57.187,-0.293,59.830,55.408,58.205,-0.317,0.642,-0.001,0.034,0.035,-0.649,0.000,0.003,16.301,-0.002,13.708,16.030,13.122
-7.122,-3.287,-0.001,0.471,0.001,0.002,0.882,-0.265,-0.242,57.350,-0.293,59.967,55.568,58.337,-0.313,0.643,-0.001,0.024,0.046,-0.648,0.000,0.004,16.304,-0.002,13.708,15.971,13.122
-7.125,-3.281,-0.001,0.474,0.001,0.002,0.880,-0.265,-0.242,57.513,-0.293,60.104,55.727,58.468,-0.308,0.645,-0.002,0.014,0.053,-0.648,0.000,0.005,16.315,-0.002,13.708,15.909,13.117
-7.128,-3.274,-0.001,0.477,0.001,0.002,0.879,-0.265,-0.242,57.676,-0.293,60.241,55.886,58.599,-0.304,0.646,-0.002,0.006,0.056,-0.647,0.000,0.006,16.334,-0.002,13.710,15.850,13.108
-7.131,-3.268,-0.001,0.480,0.001,0.002,0.877,-0.265,-0.241,57.840,-0.293,60.378,56.044,58.730,-0.299,0.647,-0.002,-0.003,0.054,-0.646,0.000,0.006,16.358,-0.002,13.712,15.794,13.096
-7.134,-3.261,-0.001,0.483,0.000,0.003,0.876,-0.265,-0.241,58.004,-0.293,60.515,56.202,58.861,-0.295,0.649,-0.002,-0.012,0.048,-0.644,0.000,0.005,16.386,-0.002,13.715,15.746,13.082
-7.137,-3.255,-0.001,0.486,0.000,0.003,0.874,-0.265,-0.241,58.168,-0.293,60.652,56.359,58.992,-0.291,0.650,-0.002,-0.022,0.037,-0.643,0.000,0.005,16.415,-0.002,13.717,15.708,13.068
-7.140,-3.248,-0.001,0.488,-0.000,0.003,0.873,-0.265,-0.241,58.332,-0.293,60.789,56.516,59.122,-0.286,0.651,-0.002,-0.030,0.023,-0.642,-0.000,0.004,16.443,-0.002,13.717,15.682,13.055
-7.143,-3.242,-0.001,0.491,-0.000,0.002,0.871,-0.265,-0.241,58.497,-0.293,60.927,56.673,59.253,-0.282,0.653,-0.002,-0.038,0.006,-0.641,-0.000,0.003,16.468,-0.002,13.712,15.668,13.043
-7.146,-3.235,-0.001,0.494,-0.000,0.002,0.869,-0.265,-0.241,58.661,-0.293,61.064,56.830,59.383,-0.278,0.655,-0.001,-0.046,-0.013,-0.640,-0.000,0.002,16.488,-0.002,13.701,15.668,13.034
-7.148,-3.229,-0.001,0.497,-0.000,0.002,0.868,-0.265,-0.241,58.826,-0.293,61.201,56.986,59.513,-0.273,0.656,-0.001,-0.054,-0.030,-0.639,-0.000,0.001,16.503,-0.002,13.683,15.680,13.026
-7.151,-3.222,-0.001,0.500,-0.000,0.002,0.866,-0.265,-0.241,58.991,-0.293,61.337,57.143,59.644,-0.269,0.658,-0.001,-0.062,-0.046,-0.639,-0.000,0.001,16.511,-0.002,13.658,15.703,13.020
-7.154,-3.215,-0.001,0.502,-0.000,0.001,0.865,-0.265,-0.241,59.156,-0.293,61.474,57.300,59.774,-0.265,0.659,-0.001,-0.069,-0.058,-0.638,-0.000,0.000,16.512,-0.002,13.624,15.735,13.015
-7.156,-3.209,-0.001,0.505,-0.000,0.001,0.863,-0.265,-0.241,59.322,-0.293,61.610,57.458,59.904,-0.260,0.660,-0.000,-0.075,-0.066,-0.637,-0.000,-0.000,16.507,-0.002,13.582,15.774,13.010
-7.159,-3.202,-0.001,0.508,-0.000,0.000,0.861,-0.265,-0.241,59.487,-0.293,61.745,57.616,60.034,-0.256,0.662,-0.000,-0.079,-0.070,-0.636,-0.000,-0.000,16.498,-0.002,13.533,15.817,13.005
-7.162,-3.196,-0.001,0.511,0.000,-0.000,0.860,-0.265,-0.241,59.651,-0.294,61.880,57.774,60.164,-0.252,0.663,0.000,-0.082,-0.069,-0.636,-0.000,-0.001,16.485,-0.002,13.479,15.863,12.998
-7.164,-3.189,-0.001,0.513,0.000,-0.001,0.858,-0.265,-0.241,59.816,-0.294,62.015,57.933,60.294,-0.247,0.664,0.000,-0.081,-0.065,-0.635,-0.000,-0.001,16.471,-0.002,13.422,15.908,12.990
-7.166,-3.182,-0.001,0.516,0.000,-0.001,0.857,-0.265,-0.241,59.981,-0.294,62.149,58.093,60.424,-0.243,0.665,0.000,-0.078,-0.057,-0.635,-0.000,-0.001,16.457,-0.002,13.365,15.951,12.979
-7.169,-3.176,-0.001,0.519,0.000,-0.002,0.855,-0.265,-0.241,60.145,-0.294,62.282,58.252,60.553,-0.238,0.665,0.001,-0.072,-0.047,-0.635,-0.000,-0.001,16.443,-0.002,13.309,15.989,12.967
-7.171,-3.169,-0.001,0.521,0.000,-0.002,0.853,-0.265,-0.241,60.310,-0.294,62.415,58.412,60.683,-0.234,0.666,0.001,-0.062,-0.035,-0.634,-0.000,-0.001,16.430,-0.002,13.258,16.020,12.951
-7.174,-3.162,-0.001,0.524,0.000,-0.003,0.852,-0.265,-0.241,60.474,-0.294,62.547,58.573,60.812,-0.229,0.667,0.002,-0.051,-0.023,-0.635,-0.000,-0.002,16.419,-0.001,13.212,16.045,12.934
-7.176,-3.156,-0.001,0.527,0.000,-0.003,0.850,-0.265,-0.241,60.638,-0.294,62.679,58.733,60.942,-0.225,0.668,0.003,-0.037,-0.011,-0.635,-0.000,-0.002,16.408,-0.001,13.175,16.063,12.915
-7.178,-3.149,-0.001,0.529,0.000,-0.003,0.848,-0.265,-0.241,60.802,-0.294,62.811,58.894,61.071,-0.221,0.669,0.003,-0.023,-0.001,-0.635,-0.000,-0.003,16.397,-0.001,13.146,16.074,12.894
-7.180,-3.142,-0.001,0.532,0.000,-0.003,0.847,-0.265,-0.241,60.966,-0.294,62.942,59.055,61.200,-0.216,0.670,0.004,-0.009,0.008,-0.636,-0.000,-0.004,16.385,-0.000,13.127,16.078,12.873
-7.182,-3.136,-0.001,0.535,0.000,-0.003,0.845,-0.265,-0.241,61.130,-0.294,63.073,59.215,61.328,-0.212,0.672,0.005,0.005,0.015,-0.637,-0.000,-0.004,16.370,0.000,13.117,16.078,12.850
-7.184,-3.129,-0.001,0.538,-0.000,-0.003,0.843,-0.265,-0.241,61.293,-0.294,63.205,59.376,61.457,-0.208,0.673,0.006,0.017,0.019,-0.637,-0.000,-0.004,16.351,0.001,13.116,16.073,12.828
-7.187,-3.122,-0.001,0.540,-0.000,-0.003,0.842,-0.265,-0.241,61.457,-0.294,63.336,59.537,61.585,-0.204,0.675,0.006,0.028,0.022,-0.638,-0.000,-0.005,16.327,0.002,13.122,16.064,12.804
-7.189,-3.115,-0.001,0.543,-0.000,-0.002,0.840,-0.265,-0.242,61.620,-0.294,63.467,59.697,61.713,-0.199,0.676,0.006,0.037,0.024,-0.639,-0.000,-0.005,16.299,0.002,13.134,16.052,12.781
-7.191,-3.109,-0.000,0.546,-0.000,-0.002,0.838,-0.265,-0.242,61.783,-0.294,63.599,59.858,61.840,-0.195,0.677,0.006,0.043,0.024,-0.640,0.000,-0.004,16.265,0.002,13.151,16.038,12.758
-7.192,-3.102,-0.000,0.548,-0.000,-0.002,0.836,-0.265,-0.242,61.945,-0.294,63.730,60.018,61.968,-0.191,0.679,0.005,0.047,0.025,-0.640,0.000,-0.004,16.228,0.002,13.171,16.021,12.735
-7.194,-3.095,-0.000,0.551,0.000,-0.002,0.835,-0.265,-0.242,62.107,-0.294,63.862,60.178,62.095,-0.186,0.680,0.005,0.049,0.026,-0.641,0.000,-0.004,16.190,0.002,13.194,16.003,12.714
-7.196,-3.088,-0.000,0.554,0.000,-0.001,0.833,-0.265,-0.242,62.269,-0.293,63.994,60.338,62.222,-0.182,0.682,0.004,0.049,0.027,-0.641,0.000,-0.003,16.154,0.002,13.218,15.985,12.694
-7.198,-3.081,-0.000,0.556,0.000,-0.001,0.831,-0.265,-0.242,62.430,-0.293,64.126,60.498,62.349,-0.178,0.683,0.002,0.046,0.029,-0.641,0.000,-0.003,16.122,0.002,13.244,15.966,12.677
-7.200,-3.075,-0.000,0.559,0.000,-0.001,0.829,-0.265,-0.242,62.592,-0.293,64.259,60.658,62.476,-0.173,0.684,0.001,0.041,0.031,-0.641,0.000,-0.002,16.097,0.002,13.270,15.947,12.662
-7.201,-3.068,-0.000,0.562,0.000,-0.001,0.827,-0.265,-0.242,62.752,-0.293,64.392,60.817,62.602,-0.169,0.685,-0.000,0.037,0.034,-0.641,0.000,-0.001,16.081,0.001,13.297,15.927,12.651
-7.203,-3.061,-0.000,0.564,0.000,-0.000,0.826,-0.265,-0.242,62.913,-0.293,64.525,60.976,62.729,-0.164,0.686,-0.002,0.034,0.039,-0.642,0.000,-0.000,16.073,0.001,13.324,15.905,12.643
-7.205,-3.054,-0.000,0.567,-0.000,-0.000,0.824,-0.265,-0.242,63.074,-0.293,64.658,61.135,62.855,-0.160,0.687,-0.003,0.032,0.045,-0.641,0.000,0.001,16.075,0.001,13.350,15.879,12.638
