7.000,9.000,0.001,1.000,0.000,0.000,0.000,-0.000,-0.000,0.000,-0.000,0.000,0.000,0.000,-0.000,-0.000,0.000,-0.000,-0.000,-0.000,0.000,0.000,-0.000,0.000,-0.000,-0.000,-0.000
7.000,9.000,0.000,1.000,0.000,0.000,-0.000,0.020,0.015,-0.003,0.015,-0.003,-0.003,-0.003,-0.028,-0.000,-0.000,0.001,0.015,-0.002,3.155,2.522,-0.649,2.495,-0.656,-0.605,-0.612
6.999,9.000,0.000,1.000,0.000,0.000,-0.000,0.046,0.039,-0.013,0.038,-0.013,-0.012,-0.012,-0.056,-0.001,-0.000,0.001,0.020,-0.004,1.644,1.721,-1.227,1.679,-1.243,-1.189,-1.206
6.999,9.000,0.000,1.000,0.000,0.000,-0.000,0.047,0.043,-0.028,0.043,-0.028,-0.027,-0.027,-0.085,-0.002,-0.000,0.001,0.019,-0.008,-1.292,-0.786,-1.754,-0.705,-1.788,-1.755,-1.788
6.998,9.000,0.000,1.000,0.000,0.000,-0.000,0.027,0.028,-0.048,0.029,-0.049,-0.047,-0.048,-0.112,-0.002,-0.000,0.001,0.015,-0.011,-2.113,-1.793,-2.277,-1.669,-2.325,-2.298,-2.344
6.997,9.000,0.000,1.000,0.000,0.000,-0.000,0.014,0.015,-0.073,0.017,-0.074,-0.073,-0.074,-0.138,-0.002,-0.000,0.002,0.011,-0.011,-0.410,-0.537,-2.814,-0.501,-2.865,-2.816,-2.867
6.995,9.000,0.000,1.000,0.000,0.000,-0.000,0.020,0.019,-0.104,0.021,-0.106,-0.103,-0.105,-0.163,-0.002,-0.001,0.001,0.007,-0.012,1.394,1.035,-3.341,1.059,-3.397,-3.314,-3.370
6.993,9.000,0.000,1.000,0.000,0.000,-0.000,0.034,0.031,-0.140,0.032,-0.142,-0.139,-0.141,-0.188,-0.002,-0.001,0.000,0.004,-0.016,1.128,1.077,-3.833,1.024,-3.902,-3.799,-3.869
6.991,9.000,0.000,1.000,0.000,0.000,-0.000,0.039,0.036,-0.180,0.038,-0.184,-0.179,-0.182,-0.212,-0.003,-0.001,-0.000,0.002,-0.021,-0.217,0.016,-4.292,0.001,-4.383,-4.272,-4.363
6.989,9.000,0.000,1.000,0.000,0.000,-0.000,0.032,0.032,-0.226,0.033,-0.230,-0.224,-0.228,-0.236,-0.004,-0.002,0.000,0.000,-0.024,-1.013,-0.778,-4.742,-0.716,-4.849,-4.735,-4.841
6.987,9.000,0.000,1.000,0.000,0.000,-0.001,0.024,0.025,-0.275,0.027,-0.281,-0.274,-0.279,-0.258,-0.004,-0.002,0.001,-0.001,-0.025,-0.463,-0.446,-5.196,-0.434,-5.308,-5.184,-5.296
6.984,9.000,0.000,1.000,0.000,0.000,-0.001,0.023,0.024,-0.330,0.026,-0.336,-0.328,-0.334,-0.280,-0.004,-0.003,0.001,-0.002,-0.026,0.323,0.182,-5.642,0.167,-5.758,-5.619,-5.735
6.981,9.000,0.000,1.000,0.000,0.000,-0.001,0.028,0.027,-0.388,0.029,-0.396,-0.386,-0.394,-0.301,-0.004,-0.004,0.001,-0.003,-0.028,0.540,0.440,-6.069,0.408,-6.195,-6.040,-6.166
6.978,9.000,0.000,1.000,0.000,0.000,-0.001,0.032,0.031,-0.451,0.032,-0.460,-0.449,-0.458,-0.322,-0.004,-0.005,0.001,-0.003,-0.031,0.165,0.193,-6.476,0.168,-6.616,-6.449,-6.589
6.975,9.000,0.000,1.000,0.000,0.000,-0.001,0.032,0.031,-0.518,0.032,-0.528,-0.515,-0.526,-0.342,-0.005,-0.006,0.001,-0.003,-0.034,-0.180,-0.083,-6.871,-0.093,-7.025,-6.847,-7.002
6.971,9.000,0.000,1.000,0.000,0.000,-0.001,0.029,0.030,-0.588,0.031,-0.600,-0.585,-0.598,-0.361,-0.005,-0.007,0.001,-0.003,-0.036,-0.232,-0.141,-7.258,-0.184,-7.423,-7.235,-7.400
6.967,9.000,0.000,1.000,0.000,0.000,-0.002,0.028,0.029,-0.663,0.029,-0.677,-0.660,-0.674,-0.380,-0.005,-0.008,0.001,-0.003,-0.037,-0.074,-0.054,-7.637,-0.081,-7.810,-7.613,-7.786
6.963,8.999,0.000,1.000,0.000,0.000,-0.002,0.027,0.028,-0.741,0.029,-0.757,-0.738,-0.753,-0.398,-0.005,-0.009,0.001,-0.003,-0.039,0.010,-0.012,-8.006,-0.027,-8.186,-7.981,-8.161
6.959,8.999,-0.000,1.000,0.000,0.000,-0.002,0.028,0.028,-0.823,0.029,-0.840,-0.819,-0.837,-0.415,-0.005,-0.010,0.001,-0.003,-0.040,0.036,0.002,-8.364,-0.006,-8.550,-8.338,-8.525
6.955,8.999,-0.000,1.000,0.000,0.000,-0.002,0.028,0.028,-0.908,0.029,-0.928,-0.904,-0.924,-0.431,-0.005,-0.011,0.001,-0.003,-0.041,0.034,0.005,-8.711,-0.000,-8.905,-8.685,-8.879
6.951,8.999,-0.000,1.000,0.000,0.000,-0.002,0.028,0.029,-0.997,0.029,-1.018,-0.993,-1.014,-0.447,-0.005,-0.011,0.001,-0.003,-0.043,0.020,0.005,-9.047,0.000,-9.249,-9.022,-9.223
6.946,8.999,-0.000,1.000,0.000,0.000,-0.003,0.029,0.029,-1.089,0.029,-1.112,-1.085,-1.108,-0.463,-0.005,-0.012,0.001,-0.003,-0.044,0.007,0.003,-9.374,-0.001,-9.583,-9.348,-9.557
6.941,8.999,-0.000,1.000,0.000,0.000,-0.003,0.029,0.029,-1.184,0.029,-1.210,-1.180,-1.205,-0.477,-0.005,-0.012,0.000,-0.003,-0.046,-0.001,0.002,-9.690,-0.002,-9.907,-9.664,-9.881
6.937,8.999,-0.001,1.000,0.000,0.000,-0.003,0.029,0.029,-1.283,0.029,-1.311,-1.278,-1.306,-0.491,-0.005,-0.012,0.000,-0.003,-0.047,-0.004,0.001,-9.995,-0.003,-10.220,-9.970,-10.195
6.932,8.999,-0.001,1.000,0.000,0.000,-0.003,0.028,0.029,-1.384,0.029,-1.414,-1.379,-1.409,-0.505,-0.005,-0.012,-0.000,-0.003,-0.048,-0.003,0.000,-10.291,-0.003,-10.523,-10.266,-10.498
6.927,8.999,-0.001,1.000,0.000,0.000,-0.003,0.028,0.029,-1.489,0.029,-1.521,-1.483,-1.516,-0.518,-0.004,-0.011,-0.001,-0.002,-0.049,-0.002,-0.000,-10.576,-0.003,-10.815,-10.552,-10.790
6.921,8.999,-0.001,1.000,0.000,0.000,-0.004,0.028,0.029,-1.596,0.028,-1.631,-1.590,-1.625,-0.530,-0.004,-0.010,-0.001,-0.002,-0.051,-0.001,-0.001,-10.852,-0.003,-11.097,-10.827,-11.072
6.916,8.999,-0.001,1.000,0.000,0.000,-0.004,0.028,0.029,-1.706,0.028,-1.743,-1.700,-1.737,-0.542,-0.004,-0.009,-0.002,-0.002,-0.052,-0.001,-0.001,-11.117,-0.004,-11.368,-11.093,-11.343
6.910,8.999,-0.001,1.000,0.000,0.000,-0.004,0.028,0.029,-1.818,0.028,-1.858,-1.812,-1.852,-0.554,-0.004,-0.008,-0.002,-0.002,-0.053,-0.001,-0.001,-11.372,-0.004,-11.628,-11.348,-11.604
6.905,8.999,-0.001,1.000,0.000,0.000,-0.005,0.028,0.029,-1.933,0.028,-1.975,-1.927,-1.969,-0.565,-0.004,-0.006,-0.003,-0.002,-0.054,-0.001,-0.002,-11.617,-0.004,-11.878,-11.594,-11.854
6.899,8.999,-0.001,1.000,0.000,0.000,-0.005,0.028,0.029,-2.050,0.028,-2.095,-2.044,-2.089,-0.576,-0.004,-0.005,-0.003,-0.002,-0.055,-0.001,-0.002,-11.853,-0.004,-12.118,-11.830,-12.095
6.893,8.999,-0.001,1.000,0.000,0.000,-0.005,0.028,0.029,-2.170,0.028,-2.218,-2.163,-2.211,-0.586,-0.003,-0.003,-0.003,-0.002,-0.056,-0.001,-0.002,-12.079,-0.004,-12.348,-12.057,-12.326
6.887,8.999,-0.001,1.000,0.000,0.000,-0.005,0.028,0.029,-2.292,0.028,-2.342,-2.285,-2.335,-0.596,-0.003,-0.002,-0.003,-0.002,-0.057,-0.001,-0.003,-12.297,-0.004,-12.570,-12.275,-12.548
6.881,8.999,-0.001,1.000,0.000,0.000,-0.006,0.028,0.028,-2.416,0.028,-2.469,-2.409,-2.462,-0.606,-0.003,-0.001,-0.003,-0.001,-0.058,-0.001,-0.003,-12.507,-0.004,-12.783,-12.485,-12.761
6.875,8.999,-0.001,1.000,-0.000,0.000,-0.006,0.028,0.028,-2.542,0.028,-2.598,-2.535,-2.591,-0.616,-0.002,0.000,-0.002,-0.001,-0.059,-0.001,-0.003,-12.709,-0.004,-12.988,-12.688,-12.967
6.869,8.999,-0.001,1.000,-0.000,0.000,-0.006,0.028,0.028,-2.670,0.028,-2.729,-2.663,-2.721,-0.625,-0.002,0.001,-0.002,-0.001,-0.060,-0.001,-0.002,-12.905,-0.004,-13.187,-12.884,-13.166
6.863,8.999,-0.001,1.000,-0.000,0.000,-0.007,0.028,0.028,-2.800,0.028,-2.862,-2.792,-2.854,-0.634,-0.002,0.001,-0.001,-0.001,-0.060,-0.001,-0.002,-13.095,-0.003,-13.380,-13.074,-13.359
6.856,8.999,-0.001,1.000,-0.000,0.000,-0.007,0.028,0.028,-2.932,0.028,-2.996,-2.924,-2.988,-0.643,-0.001,0.001,-0.001,-0.001,-0.061,-0.000,-0.002,-13.279,-0.003,-13.568,-13.259,-13.548
6.850,8.999,-0.001,1.000,-0.000,0.000,-0.007,0.028,0.028,-3.066,0.028,-3.133,-3.058,-3.125,-0.652,-0.001,0.001,-0.000,-0.001,-0.062,-0.000,-0.002,-13.459,-0.003,-13.751,-13.439,-13.731
6.843,8.999,-0.001,1.000,-0.000,0.000,-0.007,0.028,0.028,-3.201,0.028,-3.271,-3.193,-3.263,-0.661,-0.001,0.001,0.000,-0.001,-0.063,-0.000,-0.001,-13.635,-0.002,-13.930,-13.615,-13.911
6.837,8.999,-0.001,1.000,-0.000,0.000,-0.008,0.028,0.028,-3.338,0.028,-3.412,-3.330,-3.403,-0.669,-0.000,0.000,0.000,-0.001,-0.063,0.000,-0.001,-13.806,-0.002,-14.105,-13.787,-14.086
6.830,8.999,-0.001,1.000,-0.000,0.000,-0.008,0.028,0.028,-3.477,0.028,-3.554,-3.469,-3.545,-0.678,0.000,0.000,0.000,-0.001,-0.064,0.000,-0.000,-13.974,-0.001,-14.277,-13.955,-14.258
6.823,8.999,-0.001,1.000,-0.000,0.000,-0.008,0.028,0.028,-3.618,0.028,-3.697,-3.609,-3.688,-0.686,0.001,0.000,-0.000,-0.002,-0.065,0.000,0.000,-14.138,-0.000,-14.444,-14.120,-14.426
6.816,8.999,-0.001,1.000,-0.000,0.000,-0.009,0.028,0.028,-3.760,0.028,-3.842,-3.751,-3.833,-0.694,0.001,0.000,-0.001,-0.002,-0.066,0.000,0.001,-14.298,0.000,-14.607,-14.280,-14.589
6.809,8.999,-0.001,1.000,-0.000,0.000,-0.009,0.028,0.028,-3.904,0.028,-3.989,-3.895,-3.980,-0.701,0.002,0.001,-0.002,-0.002,-0.066,0.001,0.001,-14.453,0.001,-14.765,-14.436,-14.748
6.802,8.999,-0.001,1.000,-0.000,0.000,-0.009,0.028,0.028,-4.049,0.028,-4.138,-4.040,-4.128,-0.709,0.002,0.002,-0.003,-0.002,-0.067,0.001,0.002,-14.604,0.001,-14.917,-14.587,-14.900
6.795,8.999,-0.001,1.000,-0.000,0.000,-0.010,0.028,0.028,-4.196,0.028,-4.288,-4.186,-4.278,-0.716,0.003,0.004,-0.005,-0.002,-0.068,0.001,0.002,-14.748,0.002,-15.062,-14.733,-15.046
6.788,8.999,-0.001,1.000,-0.000,0.000,-0.010,0.028,0.028,-4.344,0.028,-4.439,-4.334,-4.429,-0.724,0.003,0.006,-0.006,-0.001,-0.069,0.001,0.003,-14.886,0.002,-15.200,-14.871,-15.185
6.781,8.999,-0.001,1.000,-0.000,0.000,-0.010,0.028,0.028,-4.494,0.028,-4.592,-4.484,-4.582,-0.731,0.004,0.009,-0.007,-0.001,-0.069,0.001,0.003,-15.017,0.003,-15.330,-15.003,-15.316
6.773,8.999,-0.001,1.000,-0.000,0.000,-0.011,0.028,0.028,-4.644,0.028,-4.745,-4.634,-4.735,-0.738,0.004,0.012,-0.008,-0.001,-0.070,0.001,0.003,-15.141,0.003,-15.451,-15.128,-15.438
6.766,8.999,-0.001,1.000,-0.000,0.000,-0.011,0.028,0.029,-4.796,0.028,-4.901,-4.786,-4.890,-0.746,0.005,0.015,-0.008,-0.001,-0.071,0.001,0.004,-15.256,0.003,-15.564,-15.244,-15.552
6.758,8.999,-0.001,1.000,-0.000,0.000,-0.011,0.028,0.029,-4.949,0.028,-5.057,-4.939,-5.046,-0.753,0.005,0.017,-0.007,-0.000,-0.072,0.001,0.004,-15.364,0.003,-15.670,-15.353,-15.658
6.751,8.999,-0.001,1.000,-0.000,0.000,-0.012,0.028,0.029,-5.104,0.028,-5.214,-5.093,-5.203,-0.760,0.006,0.019,-0.005,-0.000,-0.072,0.001,0.004,-15.465,0.003,-15.768,-15.454,-15.757
6.743,8.999,-0.000,1.000,-0.000,0.000,-0.012,0.028,0.029,-5.259,0.028,-5.372,-5.248,-5.361,-0.768,0.006,0.020,-0.002,0.000,-0.073,0.001,0.004,-15.559,0.003,-15.861,-15.548,-15.850
6.735,8.999,-0.000,1.000,-0.000,0.000,-0.013,0.028,0.029,-5.415,0.028,-5.531,-5.404,-5.520,-0.775,0.007,0.020,0.001,0.001,-0.074,0.001,0.004,-15.648,0.003,-15.950,-15.637,-15.939
6.728,8.999,0.000,1.000,-0.000,0.000,-0.013,0.028,0.029,-5.572,0.028,-5.691,-5.561,-5.680,-0.782,0.008,0.019,0.005,0.001,-0.075,0.001,0.004,-15.732,0.003,-16.037,-15.721,-16.025
6.720,8.999,0.000,1.000,-0.000,0.000,-0.013,0.028,0.029,-5.729,0.028,-5.852,-5.719,-5.841,-0.789,0.008,0.017,0.009,0.001,-0.075,0.001,0.004,-15.814,0.003,-16.123,-15.802,-16.111
6.712,8.999,0.000,1.000,-0.000,0.000,-0.014,0.028,0.029,-5.888,0.028,-6.014,-5.877,-6.002,-0.796,0.009,0.014,0.013,0.001,-0.076,0.000,0.003,-15.895,0.002,-16.211,-15.882,-16.198
6.704,9.000,0.001,1.000,-0.000,0.000,-0.014,0.028,0.029,-6.047,0.028,-6.176,-6.036,-6.165,-0.802,0.010,0.009,0.016,0.001,-0.077,0.000,0.003,-15.975,0.002,-16.301,-15.962,-16.287
6.696,9.000,0.001,1.000,-0.000,0.000,-0.014,0.028,0.029,-6.208,0.028,-6.340,-6.196,-6.328,-0.808,0.010,0.004,0.019,0.000,-0.077,0.000,0.002,-16.056,0.001,-16.394,-16.042,-16.380
6.688,9.000,0.001,1.000,0.000,0.000,-0.015,0.028,0.029,-6.368,0.028,-6.504,-6.357,-6.493,-0.813,0.011,-0.001,0.021,-0.000,-0.078,-0.000,0.002,-16.140,0.001,-16.492,-16.125,-16.477
6.680,9.000,0.001,1.000,0.000,0.000,-0.015,0.028,0.029,-6.530,0.028,-6.669,-6.519,-6.658,-0.818,0.012,-0.007,0.021,-0.000,-0.078,-0.000,0.001,-16.226,-0.000,-16.594,-16.211,-16.578
6.671,9.000,0.000,1.000,0.000,0.000,-0.016,0.028,0.029,-6.693,0.028,-6.836,-6.681,-6.824,-0.822,0.013,-0.012,0.020,-0.001,-0.079,-0.001,0.000,-16.315,-0.001,-16.699,-16.300,-16.683
6.663,9.000,0.000,1.000,0.000,0.000,-0.016,0.028,0.029,-6.857,0.028,-7.003,-6.845,-6.991,-0.825,0.013,-0.017,0.017,-0.001,-0.079,-0.001,-0.000,-16.407,-0.002,-16.806,-16.391,-16.790
6.655,9.000,0.000,1.000,0.000,0.000,-0.016,0.028,0.029,-7.021,0.028,-7.172,-7.009,-7.160,-0.828,0.014,-0.020,0.013,-0.002,-0.079,-0.001,-0.001,-16.500,-0.002,-16.914,-16.485,-16.899
6.647,9.000,-0.000,1.000,0.000,0.000,-0.017,0.028,0.029,-7.187,0.028,-7.342,-7.174,-7.329,-0.830,0.015,-0.023,0.008,-0.002,-0.079,-0.001,-0.002,-16.595,-0.003,-17.021,-16.579,-17.006
6.638,9.001,-0.000,1.000,0.001,0.000,-0.017,0.028,0.029,-7.353,0.028,-7.512,-7.341,-7.500,-0.831,0.015,-0.023,0.003,-0.003,-0.079,-0.001,-0.002,-16.689,-0.003,-17.125,-16.674,-17.111
6.630,9.001,-0.001,1.000,0.001,0.000,-0.018,0.028,0.029,-7.520,0.028,-7.684,-7.508,-7.672,-0.833,0.016,-0.023,-0.003,-0.003,-0.080,-0.001,-0.003,-16.782,-0.004,-17.224,-16.768,-17.211
6.622,9.001,-0.001,1.000,0.000,0.000,-0.018,0.028,0.029,-7.689,0.028,-7.857,-7.676,-7.844,-0.833,0.017,-0.021,-0.009,-0.003,-0.080,-0.001,-0.003,-16.871,-0.004,-17.316,-16.859,-17.304
6.613,9.001,-0.001,1.000,0.000,-0.000,-0.018,0.028,0.029,-7.858,0.028,-8.030,-7.845,-8.018,-0.834,0.017,-0.018,-0.013,-0.002,-0.080,-0.001,-0.004,-16.957,-0.004,-17.400,-16.946,-17.389
6.605,9.001,-0.001,1.000,0.000,-0.000,-0.019,0.028,0.029,-8.028,0.028,-8.205,-8.015,-8.192,-0.835,0.018,-0.015,-0.016,-0.002,-0.080,-0.001,-0.004,-17.037,-0.004,-17.475,-17.028,-17.466
6.597,9.001,-0.001,1.000,0.000,-0.000,-0.019,0.028,0.029,-8.199,0.028,-8.380,-8.186,-8.367,-0.836,0.019,-0.011,-0.018,-0.001,-0.080,-0.001,-0.004,-17.112,-0.004,-17.542,-17.104,-17.534
6.588,9.002,-0.001,1.000,0.000,-0.000,-0.020,0.028,0.029,-8.370,0.028,-8.556,-8.357,-8.543,-0.837,0.019,-0.007,-0.017,-0.001,-0.080,-0.001,-0.004,-17.180,-0.004,-17.601,-17.173,-17.595
6.580,9.002,-0.001,1.000,0.000,-0.000,-0.020,0.028,0.029,-8.542,0.028,-8.732,-8.529,-8.719,-0.839,0.020,-0.003,-0.015,-0.000,-0.081,-0.001,-0.004,-17.244,-0.004,-17.655,-17.238,-17.649
6.571,9.002,-0.001,1.000,0.000,-0.000,-0.020,0.028,0.029,-8.715,0.028,-8.909,-8.702,-8.896,-0.841,0.021,-0.001,-0.012,-0.000,-0.081,-0.000,-0.003,-17.302,-0.003,-17.704,-17.297,-17.699
6.563,9.002,-0.001,1.000,-0.000,-0.000,-0.021,0.028,0.029,-8.888,0.028,-9.086,-8.875,-9.073,-0.843,0.022,0.001,-0.008,0.000,-0.081,-0.000,-0.003,-17.357,-0.002,-17.750,-17.352,-17.746
6.555,9.002,-0.001,1.000,-0.000,-0.000,-0.021,0.028,0.029,-9.062,0.028,-9.264,-9.049,-9.250,-0.845,0.022,0.002,-0.004,0.000,-0.081,-0.000,-0.002,-17.409,-0.002,-17.797,-17.404,-17.792
6.546,9.003,-0.001,1.000,-0.000,-0.000,-0.022,0.028,0.028,-9.236,0.028,-9.442,-9.223,-9.429,-0.847,0.023,0.002,-0.001,0.001,-0.081,0.000,-0.001,-17.459,-0.001,-17.844,-17.454,-17.839
6.538,9.003,-0.001,1.000,-0.000,-0.000,-0.022,0.028,0.028,-9.411,0.028,-9.621,-9.398,-9.607,-0.850,0.024,0.002,0.001,0.000,-0.081,0.000,-0.001,-17.509,0.000,-17.893,-17.504,-17.888
6.529,9.003,-0.001,1.000,-0.000,-0.000,-0.022,0.028,0.028,-9.587,0.028,-9.800,-9.573,-9.786,-0.853,0.025,0.002,0.002,0.000,-0.081,0.001,0.000,-17.559,0.001,-17.943,-17.554,-17.938
6.521,9.003,-0.001,1.000,-0.000,-0.000,-0.023,0.028,0.028,-9.762,0.028,-9.979,-9.749,-9.966,-0.855,0.025,0.001,0.001,-0.000,-0.081,0.001,0.001,-17.610,0.002,-17.995,-17.605,-17.990
6.512,9.004,-0.001,1.000,-0.000,-0.000,-0.023,0.028,0.028,-9.939,0.028,-10.160,-9.925,-10.146,-0.858,0.026,0.001,-0.002,-0.001,-0.082,0.001,0.002,-17.661,0.003,-18.046,-17.656,-18.041
6.503,9.004,-0.001,1.000,-0.000,-0.000,-0.024,0.028,0.029,-10.116,0.028,-10.340,-10.102,-10.327,-0.860,0.027,0.002,-0.006,-0.001,-0.082,0.001,0.002,-17.713,0.003,-18.096,-17.708,-18.091
6.495,9.004,-0.001,1.000,-0.000,-0.000,-0.024,0.028,0.029,-10.293,0.028,-10.522,-10.279,-10.508,-0.863,0.028,0.003,-0.011,-0.001,-0.082,0.001,0.003,-17.764,0.004,-18.142,-17.759,-18.138
6.486,9.004,-0.001,1.000,-0.000,-0.000,-0.024,0.028,0.029,-10.471,0.028,-10.703,-10.457,-10.690,-0.866,0.029,0.006,-0.016,-0.001,-0.083,0.001,0.003,-17.812,0.004,-18.183,-17.808,-18.180
6.478,9.005,-0.001,1.000,-0.000,-0.000,-0.025,0.028,0.029,-10.649,0.028,-10.885,-10.636,-10.872,-0.869,0.029,0.009,-0.020,-0.001,-0.083,0.001,0.004,-17.857,0.004,-18.217,-17.854,-18.215
6.469,9.005,-0.001,1.000,-0.000,-0.000,-0.025,0.028,0.029,-10.828,0.028,-11.068,-10.814,-11.054,-0.872,0.030,0.013,-0.022,-0.001,-0.084,0.001,0.004,-17.898,0.004,-18.244,-17.895,-18.242
6.460,9.005,-0.001,1.000,-0.000,-0.000,-0.026,0.028,0.029,-11.007,0.028,-11.250,-10.993,-11.236,-0.876,0.031,0.017,-0.021,-0.000,-0.084,0.001,0.004,-17.932,0.004,-18.263,-17.931,-18.262
6.451,9.006,-0.001,1.000,-0.001,-0.000,-0.026,0.028,0.029,-11.187,0.028,-11.433,-11.173,-11.419,-0.880,0.032,0.020,-0.018,0.000,-0.085,0.001,0.004,-17.960,0.004,-18.276,-17.959,-18.275
6.442,9.006,-0.000,1.000,-0.001,-0.000,-0.027,0.028,0.029,-11.366,0.028,-11.616,-11.353,-11.602,-0.884,0.033,0.022,-0.012,0.001,-0.085,0.001,0.004,-17.981,0.004,-18.284,-17.981,-18.284
6.434,9.006,-0.000,1.000,-0.001,-0.000,-0.027,0.028,0.029,-11.546,0.028,-11.798,-11.532,-11.785,-0.888,0.034,0.023,-0.003,0.001,-0.085,0.001,0.004,-17.996,0.003,-18.291,-17.996,-18.290
6.425,9.007,-0.000,1.000,-0.001,-0.000,-0.027,0.028,0.029,-11.726,0.028,-11.981,-11.712,-11.968,-0.892,0.035,0.023,0.008,0.002,-0.086,0.001,0.004,-18.006,0.003,-18.298,-18.005,-18.297
6.416,9.007,0.000,1.000,-0.001,-0.000,-0.028,0.028,0.029,-11.906,0.028,-12.164,-11.893,-12.151,-0.896,0.036,0.021,0.019,0.002,-0.086,0.001,0.004,-18.013,0.003,-18.309,-18.011,-18.307
6.407,9.007,0.000,1.000,-0.000,0.000,-0.028,0.028,0.029,-12.086,0.028,-12.348,-12.073,-12.334,-0.900,0.036,0.017,0.029,0.002,-0.086,0.000,0.003,-18.018,0.002,-18.327,-18.015,-18.323
6.398,9.008,0.001,1.000,-0.000,0.000,-0.029,0.028,0.029,-12.267,0.028,-12.531,-12.253,-12.517,-0.904,0.037,0.011,0.038,0.002,-0.087,0.000,0.003,-18.024,0.001,-18.352,-18.020,-18.347
6.389,9.008,0.001,1.000,-0.000,0.000,-0.029,0.028,0.029,-12.447,0.028,-12.715,-12.433,-12.701,-0.907,0.038,0.005,0.044,0.001,-0.087,-0.000,0.002,-18.033,0.001,-18.387,-18.026,-18.380
6.380,9.008,0.001,1.000,0.000,0.000,-0.030,0.028,0.029,-12.627,0.028,-12.899,-12.613,-12.885,-0.909,0.039,-0.002,0.046,0.001,-0.087,-0.000,0.002,-18.045,-0.000,-18.430,-18.038,-18.422
6.371,9.009,0.001,1.000,0.000,0.000,-0.030,0.028,0.029,-12.808,0.028,-13.083,-12.794,-13.069,-0.910,0.040,-0.009,0.045,0.000,-0.087,-0.001,0.001,-18.063,-0.001,-18.482,-18.054,-18.473
6.361,9.009,0.000,1.000,0.001,-0.000,-0.030,0.028,0.029,-12.989,0.028,-13.268,-12.975,-13.254,-0.911,0.041,-0.015,0.040,-0.001,-0.087,-0.001,-0.000,-18.088,-0.002,-18.540,-18.078,-18.530
6.352,9.010,0.000,1.000,0.001,-0.000,-0.031,0.028,0.029,-13.170,0.028,-13.454,-13.155,-13.440,-0.911,0.042,-0.020,0.032,-0.001,-0.087,-0.001,-0.001,-18.118,-0.003,-18.602,-18.107,-18.591
6.343,9.010,0.000,1.000,0.001,-0.000,-0.031,0.028,0.029,-13.351,0.028,-13.640,-13.337,-13.626,-0.910,0.042,-0.024,0.020,-0.002,-0.087,-0.001,-0.002,-18.154,-0.004,-18.664,-18.143,-18.654
6.334,9.011,-0.000,0.999,0.001,-0.000,-0.032,-0.018,-0.007,-13.533,-0.007,-13.827,-13.519,-13.813,-0.909,0.051,-0.025,0.015,-0.002,-0.035,-7.516,-6.075,-18.237,-5.946,-18.603,-18.293,-18.629
6.325,9.011,-0.000,1.000,0.001,-0.000,-0.032,-0.081,-0.063,-13.716,-0.063,-14.012,-13.703,-13.998,-0.905,0.068,-0.025,0.010,-0.003,0.055,-3.896,-4.010,-18.470,-4.071,-18.477,-18.507,-18.487
6.316,9.012,-0.001,1.000,0.001,-0.000,-0.031,-0.082,-0.073,-13.902,-0.071,-14.196,-13.889,-14.182,-0.901,0.080,-0.023,-0.007,-0.003,0.129,3.359,1.871,-18.706,2.270,-18.351,-18.698,-18.344
6.307,9.013,-0.001,1.000,0.001,-0.000,-0.030,-0.032,-0.038,-14.090,-0.031,-14.380,-14.076,-14.366,-0.900,0.078,-0.020,-0.033,-0.002,0.133,5.261,4.084,-18.791,4.629,-18.334,-18.777,-18.339
6.298,9.013,-0.001,1.000,0.001,-0.000,-0.030,-0.001,-0.010,-14.278,-0.000,-14.563,-14.264,-14.549,-0.898,0.068,-0.016,-0.050,-0.002,0.089,0.664,0.973,-18.756,1.084,-18.434,-18.748,-18.433
6.289,9.014,-0.001,1.000,0.000,-0.000,-0.030,-0.020,-0.023,-14.465,-0.012,-14.748,-14.451,-14.734,-0.897,0.063,-0.011,-0.048,-0.002,0.063,-3.785,-2.929,-18.745,-3.060,-18.527,-18.724,-18.493
6.280,9.015,-0.001,1.000,0.000,-0.000,-0.029,-0.057,-0.054,-14.653,-0.046,-14.934,-14.639,-14.919,-0.895,0.067,-0.007,-0.032,-0.001,0.089,-2.898,-2.661,-18.819,-2.937,-18.497,-18.794,-18.453
6.271,9.015,-0.001,1.000,0.000,-0.000,-0.029,-0.066,-0.066,-14.842,-0.059,-15.118,-14.827,-15.103,-0.894,0.075,-0.003,-0.020,0.000,0.133,1.057,0.438,-18.918,0.386,-18.379,-18.915,-18.370
6.262,9.016,-0.001,1.000,0.000,-0.000,-0.028,-0.043,-0.049,-15.031,-0.042,-15.301,-15.017,-15.287,-0.894,0.076,-0.000,-0.018,0.001,0.147,2.973,2.409,-18.959,2.453,-18.314,-18.984,-18.342
6.253,9.017,-0.001,1.000,-0.000,-0.000,-0.027,-0.021,-0.029,-15.221,-0.022,-15.485,-15.207,-15.470,-0.895,0.069,0.002,-0.018,0.001,0.122,1.079,1.219,-18.945,1.206,-18.364,-18.961,-18.383
6.244,9.018,-0.001,1.000,-0.000,-0.000,-0.027,-0.024,-0.029,-15.410,-0.022,-15.669,-15.396,-15.654,-0.895,0.064,0.002,-0.011,0.001,0.096,-1.532,-0.982,-18.931,-1.068,-18.449,-18.913,-18.430
6.235,9.018,-0.001,1.000,-0.000,-0.000,-0.026,-0.043,-0.043,-15.599,-0.038,-15.853,-15.585,-15.839,-0.895,0.064,0.002,-0.001,0.001,0.099,-1.784,-1.468,-18.952,-1.646,-18.470,-18.920,-18.434
6.226,9.019,-0.001,1.000,-0.000,-0.000,-0.026,-0.053,-0.052,-15.789,-0.048,-16.038,-15.775,-16.023,-0.896,0.067,0.002,0.006,0.001,0.121,-0.047,-0.300,-18.994,-0.321,-18.428,-18.978,-18.409
6.217,9.020,-0.001,1.000,-0.000,-0.000,-0.025,-0.045,-0.048,-15.979,-0.044,-16.222,-15.965,-16.207,-0.898,0.068,0.002,0.005,0.001,0.134,1.309,0.972,-19.023,0.988,-18.397,-19.030,-18.401
6.208,9.020,-0.001,1.000,-0.000,-0.000,-0.024,-0.033,-0.038,-16.169,-0.034,-16.406,-16.155,-16.391,-0.899,0.065,0.001,-0.002,0.000,0.127,0.862,0.831,-19.033,0.821,-18.423,-19.041,-18.428
6.199,9.021,-0.001,1.000,-0.000,-0.000,-0.024,-0.030,-0.034,-16.360,-0.030,-16.591,-16.345,-16.575,-0.900,0.062,0.002,-0.008,-0.001,0.113,-0.295,-0.053,-19.035,-0.071,-18.474,-19.032,-18.470
6.190,9.021,-0.001,1.000,-0.000,-0.000,-0.023,-0.037,-0.038,-16.550,-0.034,-16.775,-16.536,-16.760,-0.901,0.060,0.003,-0.011,-0.001,0.108,-0.792,-0.554,-19.048,-0.649,-18.508,-19.036,-18.497
6.181,9.022,-0.001,1.000,-0.000,-0.000,-0.023,-0.043,-0.042,-16.741,-0.040,-16.961,-16.726,-16.945,-0.903,0.060,0.006,-0.013,-0.001,0.114,-0.317,-0.279,-19.074,-0.353,-18.509,-19.065,-18.500
6.172,9.023,-0.001,1.000,-0.000,-0.000,-0.022,-0.043,-0.043,-16.932,-0.041,-17.146,-16.917,-17.130,-0.904,0.060,0.009,-0.015,-0.001,0.121,0.239,0.115,-19.103,0.102,-18.498,-19.098,-18.492
6.163,9.023,-0.001,1.000,-0.000,-0.000,-0.021,-0.039,-0.040,-17.123,-0.039,-17.331,-17.108,-17.315,-0.906,0.060,0.013,-0.017,-0.001,0.123,0.373,0.301,-19.120,0.272,-18.492,-19.117,-18.486
6.154,9.024,-0.001,1.000,-0.000,-0.000,-0.021,-0.037,-0.038,-17.314,-0.037,-17.515,-17.299,-17.500,-0.909,0.058,0.017,-0.016,-0.000,0.120,0.126,0.145,-19.121,0.112,-18.489,-19.118,-18.485
6.145,9.024,-0.001,1.000,-0.001,-0.000,-0.020,-0.037,-0.037,-17.505,-0.036,-17.700,-17.491,-17.685,-0.911,0.057,0.021,-0.012,0.000,0.117,-0.050,0.027,-19.113,-0.003,-18.484,-19.111,-18.481
6.136,9.025,-0.000,1.000,-0.001,-0.000,-0.020,-0.037,-0.037,-17.696,-0.037,-17.885,-17.682,-17.870,-0.915,0.056,0.023,-0.005,0.001,0.115,-0.105,-0.027,-19.101,-0.068,-18.472,-19.100,-18.471
6.127,9.026,-0.000,1.000,-0.001,-0.000,-0.019,-0.038,-0.038,-17.887,-0.037,-18.070,-17.873,-18.054,-0.918,0.055,0.024,0.004,0.001,0.115,-0.062,-0.012,-19.087,-0.048,-18.456,-19.085,-18.454
6.118,9.026,0.000,1.000,-0.001,-0.000,-0.018,-0.039,-0.038,-18.078,-0.038,-18.254,-18.063,-18.239,-0.921,0.054,0.024,0.012,0.002,0.116,-0.020,-0.003,-19.070,-0.023,-18.441,-19.068,-18.438
6.108,9.027,0.000,1.000,-0.000,-0.000,-0.018,-0.039,-0.038,-18.269,-0.038,-18.439,-18.254,-18.423,-0.925,0.053,0.021,0.019,0.002,0.118,0.001,0.001,-19.053,-0.012,-18.429,-19.049,-18.424
6.099,9.027,0.000,1.000,-0.000,-0.000,-0.017,-0.039,-0.038,-18.459,-0.038,-18.623,-18.444,-18.607,-0.928,0.052,0.017,0.025,0.002,0.118,0.008,0.002,-19.036,-0.008,-18.424,-19.030,-18.417
6.090,9.028,0.001,1.000,-0.000,-0.000,-0.017,-0.039,-0.038,-18.649,-0.038,-18.807,-18.634,-18.791,-0.930,0.051,0.010,0.028,0.002,0.119,0.006,0.001,-19.022,-0.007,-18.426,-19.015,-18.418
6.081,9.028,0.001,1.000,-0.000,-0.000,-0.016,-0.039,-0.038,-18.840,-0.038,-18.991,-18.825,-18.976,-0.932,0.050,0.003,0.029,0.002,0.120,0.003,0.001,-19.015,-0.008,-18.437,-19.005,-18.427
6.071,9.029,0.001,1.000,0.000,-0.000,-0.016,-0.039,-0.038,-19.030,-0.038,-19.176,-19.015,-19.160,-0.933,0.049,-0.004,0.027,0.001,0.120,-0.000,-0.001,-19.014,-0.008,-18.457,-19.003,-18.445
6.062,9.029,0.001,1.000,0.000,-0.000,-0.015,-0.039,-0.038,-19.220,-0.038,-19.361,-19.205,-19.345,-0.934,0.048,-0.011,0.023,0.000,0.120,-0.003,-0.002,-19.022,-0.009,-18.484,-19.009,-18.470
6.053,9.030,0.000,1.000,0.000,-0.000,-0.014,-0.039,-0.038,-19.410,-0.038,-19.546,-19.395,-19.529,-0.933,0.047,-0.018,0.017,-0.000,0.120,-0.004,-0.003,-19.038,-0.010,-18.516,-19.025,-18.502
6.043,9.030,0.000,1.000,0.000,-0.000,-0.014,-0.039,-0.038,-19.601,-0.038,-19.731,-19.585,-19.715,-0.932,0.046,-0.023,0.010,-0.001,0.120,-0.004,-0.004,-19.062,-0.010,-18.553,-19.047,-18.538
6.034,9.031,-0.000,1.000,0.000,-0.000,-0.013,-0.039,-0.038,-19.791,-0.038,-19.917,-19.776,-19.900,-0.930,0.044,-0.026,0.003,-0.002,0.120,-0.004,-0.005,-19.091,-0.010,-18.590,-19.076,-18.575
6.025,9.031,-0.000,1.000,0.000,-0.000,-0.013,-0.039,-0.038,-19.982,-0.039,-20.103,-19.967,-20.086,-0.928,0.043,-0.027,-0.004,-0.002,0.119,-0.004,-0.005,-19.123,-0.010,-18.626,-19.109,-18.611
6.015,9.031,-0.001,1.000,0.000,-0.000,-0.012,-0.039,-0.038,-20.174,-0.039,-20.289,-20.158,-20.272,-0.925,0.042,-0.026,-0.009,-0.003,0.119,-0.003,-0.006,-19.156,-0.009,-18.657,-19.143,-18.644
6.006,9.032,-0.001,1.000,0.000,-0.000,-0.011,-0.039,-0.038,-20.366,-0.039,-20.476,-20.350,-20.459,-0.922,0.041,-0.023,-0.013,-0.003,0.119,-0.003,-0.006,-19.188,-0.009,-18.683,-19.176,-18.671
5.997,9.032,-0.001,1.000,0.000,-0.000,-0.011,-0.039,-0.038,-20.558,-0.039,-20.663,-20.542,-20.646,-0.919,0.040,-0.019,-0.015,-0.003,0.118,-0.003,-0.006,-19.215,-0.008,-18.702,-19.206,-18.692
5.988,9.033,-0.001,1.000,0.000,-0.000,-0.010,-0.039,-0.038,-20.750,-0.039,-20.850,-20.734,-20.833,-0.917,0.039,-0.014,-0.015,-0.002,0.118,-0.002,-0.006,-19.237,-0.008,-18.713,-19.229,-18.705
5.979,9.033,-0.001,1.000,0.000,-0.000,-0.010,-0.039,-0.038,-20.942,-0.039,-21.037,-20.926,-21.020,-0.915,0.037,-0.009,-0.014,-0.001,0.118,-0.002,-0.005,-19.253,-0.007,-18.718,-19.247,-18.711
5.969,9.033,-0.001,1.000,0.000,-0.000,-0.009,-0.039,-0.038,-21.135,-0.039,-21.224,-21.119,-21.207,-0.913,0.036,-0.005,-0.011,-0.001,0.118,-0.001,-0.005,-19.264,-0.006,-18.718,-19.259,-18.712
5.960,9.034,-0.001,1.000,-0.000,-0.000,-0.008,-0.039,-0.038,-21.328,-0.039,-21.411,-21.311,-21.394,-0.912,0.035,-0.001,-0.008,0.000,0.118,-0.001,-0.004,-19.270,-0.005,-18.715,-19.266,-18.710
5.951,9.034,-0.001,1.000,-0.000,-0.000,-0.008,-0.039,-0.038,-21.520,-0.039,-21.598,-21.504,-21.581,-0.912,0.034,0.001,-0.005,0.001,0.118,-0.000,-0.003,-19.273,-0.004,-18.710,-19.270,-18.706
5.942,9.034,-0.001,1.000,-0.000,-0.000,-0.007,-0.039,-0.038,-21.713,-0.039,-21.786,-21.697,-21.768,-0.912,0.033,0.002,-0.002,0.001,0.118,-0.000,-0.002,-19.275,-0.003,-18.707,-19.272,-18.703
5.933,9.035,-0.001,1.000,-0.000,-0.000,-0.007,-0.039,-0.038,-21.906,-0.039,-21.973,-21.889,-21.955,-0.912,0.032,0.003,-0.000,0.001,0.119,0.000,-0.001,-19.278,-0.002,-18.706,-19.274,-18.702
5.924,9.035,-0.001,1.000,-0.000,-0.000,-0.006,-0.039,-0.038,-22.099,-0.039,-22.160,-22.082,-22.142,-0.912,0.031,0.002,0.001,0.001,0.119,0.000,-0.000,-19.282,-0.001,-18.709,-19.278,-18.704
5.915,9.035,-0.001,1.000,-0.000,-0.000,-0.005,-0.039,-0.038,-22.291,-0.039,-22.347,-22.275,-22.329,-0.913,0.030,0.002,0.001,0.001,0.119,0.001,0.001,-19.289,-0.000,-18.714,-19.284,-18.709
5.906,9.036,-0.001,1.000,-0.000,-0.000,-0.005,-0.039,-0.038,-22.484,-0.039,-22.534,-22.468,-22.516,-0.914,0.029,0.001,0.001,0.000,0.119,0.001,0.001,-19.298,0.001,-18.722,-19.293,-18.717
5.896,9.036,-0.001,1.000,-0.000,-0.000,-0.004,-0.039,-0.038,-22.677,-0.039,-22.721,-22.661,-22.704,-0.914,0.028,0.001,-0.000,-0.000,0.119,0.001,0.002,-19.309,0.001,-18.732,-19.304,-18.726
5.887,9.036,-0.001,1.000,-0.000,-0.000,-0.004,-0.039,-0.038,-22.871,-0.039,-22.909,-22.854,-22.891,-0.915,0.027,0.003,-0.001,-0.001,0.120,0.001,0.003,-19.320,0.002,-18.742,-19.315,-18.737
5.878,9.036,-0.001,1.000,-0.000,-0.000,-0.003,-0.039,-0.038,-23.064,-0.039,-23.096,-23.047,-23.078,-0.916,0.026,0.005,-0.001,-0.001,0.120,0.001,0.004,-19.329,0.003,-18.750,-19.324,-18.745
5.869,9.037,-0.001,1.000,-0.000,-0.000,-0.002,-0.039,-0.038,-23.257,-0.039,-23.284,-23.240,-23.266,-0.917,0.025,0.008,-0.001,-0.001,0.120,0.001,0.004,-19.334,0.003,-18.755,-19.331,-18.750
5.860,9.037,-0.001,1.000,-0.000,-0.000,-0.002,-0.039,-0.038,-23.450,-0.039,-23.471,-23.434,-23.453,-0.919,0.024,0.012,0.000,-0.001,0.120,0.001,0.004,-19.334,0.003,-18.754,-19.332,-18.751
5.851,9.037,-0.001,1.000,-0.000,-0.000,-0.001,-0.039,-0.038,-23.644,-0.039,-23.659,-23.627,-23.641,-0.921,0.023,0.016,0.001,-0.001,0.120,0.001,0.004,-19.327,0.004,-18.748,-19.326,-18.745
5.841,9.037,-0.001,1.000,-0.000,-0.000,-0.001,-0.039,-0.038,-23.837,-0.039,-23.846,-23.820,-23.828,-0.923,0.022,0.020,0.003,0.000,0.120,0.001,0.004,-19.314,0.003,-18.736,-19.313,-18.734
5.832,9.038,-0.001,1.000,-0.000,-0.000,-0.000,-0.039,-0.038,-24.030,-0.039,-24.033,-24.013,-24.016,-0.926,0.020,0.023,0.004,0.001,0.121,0.001,0.004,-19.295,0.003,-18.719,-19.295,-18.718
5.823,9.038,-0.000,1.000,-0.000,-0.000,0.001,-0.039,-0.038,-24.223,-0.039,-24.220,-24.206,-24.203,-0.929,0.019,0.025,0.005,0.002,0.121,0.001,0.004,-19.271,0.003,-18.698,-19.271,-18.698
5.814,9.038,-0.000,1.000,-0.000,-0.000,0.001,-0.039,-0.038,-24.415,-0.039,-24.407,-24.399,-24.389,-0.932,0.018,0.024,0.004,0.002,0.121,0.001,0.003,-19.246,0.002,-18.677,-19.245,-18.675
5.804,9.038,0.000,1.000,-0.000,-0.000,0.002,-0.039,-0.038,-24.608,-0.039,-24.594,-24.591,-24.576,-0.935,0.017,0.022,0.004,0.003,0.121,0.000,0.002,-19.222,0.002,-18.657,-19.219,-18.654
5.795,9.038,0.000,1.000,0.000,-0.000,0.002,-0.039,-0.038,-24.800,-0.039,-24.780,-24.783,-24.763,-0.938,0.016,0.018,0.002,0.003,0.122,-0.000,0.002,-19.201,0.001,-18.640,-19.197,-18.635
5.785,9.039,0.001,1.000,0.000,-0.000,0.003,-0.039,-0.038,-24.992,-0.039,-24.967,-24.975,-24.949,-0.940,0.015,0.012,-0.000,0.003,0.122,-0.000,0.001,-19.187,0.000,-18.628,-19.181,-18.621
5.776,9.039,0.001,1.000,0.000,-0.000,0.004,-0.039,-0.038,-25.184,-0.039,-25.153,-25.167,-25.135,-0.942,0.014,0.005,-0.003,0.002,0.122,-0.001,-0.001,-19.181,-0.001,-18.622,-19.173,-18.613
5.767,9.039,0.001,1.000,-0.000,-0.000,0.004,-0.039,-0.038,-25.376,-0.039,-25.339,-25.358,-25.321,-0.943,0.013,-0.003,-0.005,0.002,0.122,-0.001,-0.002,-19.185,-0.002,-18.624,-19.174,-18.613
5.757,9.039,0.001,1.000,-0.000,-0.000,0.005,-0.039,-0.038,-25.567,-0.039,-25.526,-25.550,-25.507,-0.943,0.011,-0.010,-0.007,0.001,0.122,-0.001,-0.003,-19.197,-0.003,-18.633,-19.185,-18.620
5.748,9.039,0.000,1.000,-0.000,-0.000,0.005,-0.039,-0.038,-25.759,-0.039,-25.712,-25.742,-25.694,-0.943,0.010,-0.017,-0.008,0.000,0.122,-0.002,-0.004,-19.218,-0.004,-18.649,-19.204,-18.635
5.738,9.039,0.000,1.000,-0.000,-0.000,0.006,-0.039,-0.038,-25.952,-0.039,-25.899,-25.934,-25.880,-0.941,0.009,-0.022,-0.008,-0.001,0.122,-0.002,-0.004,-19.246,-0.004,-18.670,-19.231,-18.655
5.729,9.039,-0.000,1.000,-0.000,-0.000,0.007,-0.039,-0.038,-26.144,-0.039,-26.085,-26.127,-26.067,-0.939,0.008,-0.026,-0.007,-0.002,0.121,-0.002,-0.005,-19.278,-0.005,-18.696,-19.263,-18.680
5.720,9.039,-0.000,1.000,-0.000,-0.000,0.007,-0.039,-0.038,-26.337,-0.039,-26.272,-26.320,-26.254,-0.936,0.007,-0.027,-0.005,-0.002,0.121,-0.002,-0.005,-19.311,-0.005,-18.722,-19.296,-18.707
5.710,9.039,-0.001,1.000,-0.000,-0.000,0.008,-0.039,-0.038,-26.531,-0.039,-26.460,-26.513,-26.441,-0.933,0.006,-0.026,-0.002,-0.003,0.121,-0.002,-0.005,-19.342,-0.006,-18.748,-19.328,-18.733
5.701,9.039,-0.001,1.000,-0.000,-0.000,0.008,-0.039,-0.038,-26.724,-0.039,-26.647,-26.706,-26.628,-0.930,0.005,-0.024,0.001,-0.003,0.121,-0.001,-0.005,-19.368,-0.006,-18.771,-19.356,-18.758
5.692,9.039,-0.001,1.000,-0.000,-0.000,0.009,-0.039,-0.038,-26.918,-0.039,-26.835,-26.900,-26.816,-0.927,0.003,-0.020,0.004,-0.003,0.121,-0.001,-0.005,-19.389,-0.005,-18.790,-19.378,-18.779
5.682,9.039,-0.001,1.000,-0.000,-0.000,0.010,-0.039,-0.038,-27.112,-0.039,-27.023,-27.094,-27.004,-0.924,0.002,-0.015,0.006,-0.002,0.120,-0.001,-0.005,-19.401,-0.005,-18.804,-19.393,-18.795
5.673,9.039,-0.001,1.000,-0.000,-0.000,0.010,-0.039,-0.038,-27.306,-0.039,-27.211,-27.288,-27.192,-0.922,0.001,-0.010,0.007,-0.002,0.120,-0.001,-0.004,-19.407,-0.005,-18.812,-19.401,-18.805
5.664,9.039,-0.001,1.000,-0.000,-0.000,0.011,-0.039,-0.038,-27.500,-0.039,-27.399,-27.482,-27.380,-0.920,0.000,-0.005,0.007,-0.001,0.120,-0.000,-0.004,-19.407,-0.004,-18.816,-19.402,-18.810
5.655,9.039,-0.001,1.000,-0.000,-0.000,0.011,-0.039,-0.038,-27.694,-0.040,-27.588,-27.676,-27.568,-0.919,-0.001,-0.001,0.006,-0.000,0.120,-0.000,-0.003,-19.403,-0.003,-18.816,-19.399,-18.811
5.646,9.039,-0.001,1.000,-0.000,-0.000,0.012,-0.039,-0.038,-27.888,-0.040,-27.776,-27.870,-27.756,-0.918,-0.002,0.001,0.004,0.001,0.121,-0.000,-0.002,-19.397,-0.003,-18.813,-19.394,-18.809
5.636,9.039,-0.001,1.000,-0.000,-0.000,0.013,-0.039,-0.038,-28.082,-0.040,-27.964,-28.064,-27.944,-0.918,-0.003,0.002,0.001,0.001,0.121,0.000,-0.001,-19.392,-0.002,-18.810,-19.389,-18.807
5.627,9.039,-0.001,1.000,-0.000,-0.000,0.013,-0.039,-0.038,-28.276,-0.040,-28.152,-28.257,-28.132,-0.918,-0.004,0.003,-0.001,0.001,0.121,0.000,-0.000,-19.388,-0.001,-18.808,-19.385,-18.805
5.618,9.039,-0.001,1.000,-0.000,-0.000,0.014,-0.039,-0.038,-28.470,-0.040,-28.340,-28.451,-28.320,-0.918,-0.005,0.002,-0.002,0.001,0.121,0.001,0.000,-19.388,-0.000,-18.808,-19.384,-18.804
5.609,9.039,-0.001,1.000,-0.000,-0.000,0.014,-0.039,-0.038,-28.664,-0.040,-28.528,-28.645,-28.508,-0.918,-0.006,0.002,-0.002,0.001,0.121,0.001,0.001,-19.391,0.001,-18.811,-19.387,-18.806
5.600,9.039,-0.001,1.000,-0.000,-0.000,0.015,-0.039,-0.038,-28.858,-0.040,-28.716,-28.839,-28.696,-0.919,-0.007,0.001,-0.000,0.000,0.121,0.001,0.002,-19.397,0.001,-18.816,-19.392,-18.811
5.590,9.039,-0.001,1.000,-0.000,-0.000,0.016,-0.039,-0.038,-29.052,-0.040,-28.904,-29.033,-28.885,-0.919,-0.009,0.002,0.003,-0.000,0.121,0.001,0.003,-19.404,0.002,-18.824,-19.399,-18.818
5.581,9.039,-0.001,1.000,-0.000,-0.000,0.016,-0.039,-0.038,-29.246,-0.040,-29.093,-29.227,-29.073,-0.920,-0.010,0.003,0.006,-0.001,0.121,0.001,0.004,-19.410,0.003,-18.832,-19.406,-18.827
5.572,9.039,-0.001,1.000,0.000,-0.000,0.017,-0.039,-0.038,-29.440,-0.039,-29.281,-29.421,-29.261,-0.921,-0.011,0.005,0.011,-0.001,0.121,0.001,0.004,-19.413,0.004,-18.841,-19.409,-18.836
5.563,9.039,-0.001,1.000,0.000,-0.000,0.018,-0.039,-0.038,-29.634,-0.039,-29.470,-29.615,-29.449,-0.922,-0.012,0.008,0.015,-0.001,0.121,0.001,0.005,-19.411,0.004,-18.847,-19.408,-18.843
5.554,9.039,-0.001,1.000,0.000,-0.000,0.018,-0.039,-0.038,-29.828,-0.039,-29.658,-29.809,-29.638,-0.923,-0.013,0.012,0.018,-0.001,0.121,0.001,0.005,-19.402,0.005,-18.850,-19.400,-18.847
5.544,9.039,-0.001,1.000,0.000,-0.000,0.019,-0.039,-0.038,-30.022,-0.039,-29.847,-30.003,-29.826,-0.925,-0.014,0.016,0.019,-0.001,0.122,0.001,0.005,-19.385,0.005,-18.848,-19.385,-18.847
5.535,9.038,-0.001,1.000,0.000,-0.000,0.019,-0.039,-0.038,-30.216,-0.039,-30.035,-30.197,-30.015,-0.927,-0.015,0.020,0.018,0.000,0.122,0.001,0.005,-19.363,0.005,-18.841,-19.363,-18.840
5.526,9.038,-0.001,1.000,0.000,-0.000,0.020,-0.039,-0.038,-30.409,-0.039,-30.223,-30.390,-30.203,-0.930,-0.017,0.023,0.014,0.001,0.122,0.001,0.005,-19.335,0.005,-18.827,-19.336,-18.827
5.517,9.038,-0.000,1.000,0.000,-0.000,0.021,-0.039,-0.038,-30.602,-0.039,-30.411,-30.584,-30.391,-0.932,-0.018,0.025,0.007,0.002,0.122,0.001,0.004,-19.305,0.004,-18.809,-19.306,-18.809
5.507,9.038,-0.000,1.000,0.001,-0.000,0.021,-0.039,-0.038,-30.795,-0.039,-30.599,-30.777,-30.579,-0.935,-0.019,0.024,-0.001,0.002,0.122,0.000,0.003,-19.276,0.003,-18.787,-19.276,-18.787
5.498,9.038,0.000,1.000,0.000,-0.000,0.022,-0.039,-0.038,-30.988,-0.039,-30.787,-30.969,-30.767,-0.938,-0.020,0.022,-0.011,0.003,0.122,0.000,0.002,-19.251,0.003,-18.763,-19.250,-18.762
5.488,9.038,0.000,1.000,0.000,-0.000,0.022,-0.039,-0.038,-31.180,-0.039,-30.975,-31.162,-30.955,-0.941,-0.022,0.018,-0.020,0.003,0.122,-0.000,0.001,-19.233,0.002,-18.739,-19.230,-18.736
5.479,9.037,0.001,1.000,0.000,-0.000,0.023,-0.039,-0.038,-31.373,-0.039,-31.162,-31.354,-31.142,-0.943,-0.023,0.012,-0.029,0.003,0.122,-0.001,-0.000,-19.225,0.001,-18.718,-19.219,-18.713
5.470,9.037,0.001,1.000,0.000,-0.000,0.024,-0.039,-0.038,-31.565,-0.039,-31.349,-31.546,-31.329,-0.945,-0.024,0.005,-0.035,0.003,0.122,-0.001,-0.001,-19.227,-0.000,-18.701,-19.219,-18.693
5.460,9.037,0.001,1.000,-0.000,-0.000,0.024,-0.039,-0.038,-31.757,-0.039,-31.536,-31.738,-31.516,-0.946,-0.025,-0.003,-0.038,0.002,0.122,-0.001,-0.003,-19.240,-0.001,-18.690,-19.230,-18.680
5.451,9.037,0.001,1.000,-0.000,-0.000,0.025,-0.039,-0.038,-31.950,-0.039,-31.723,-31.931,-31.702,-0.946,-0.026,-0.010,-0.038,0.001,0.122,-0.001,-0.004,-19.263,-0.002,-18.685,-19.250,-18.673
5.441,9.036,0.000,1.000,-0.000,-0.000,0.025,-0.039,-0.038,-32.143,-0.039,-31.910,-32.123,-31.889,-0.945,-0.027,-0.017,-0.034,0.000,0.122,-0.001,-0.004,-19.294,-0.003,-18.688,-19.280,-18.673
5.432,9.036,0.000,1.000,-0.001,-0.000,0.026,-0.039,-0.038,-32.336,-0.039,-32.097,-32.316,-32.076,-0.943,-0.029,-0.022,-0.027,-0.001,0.121,-0.002,-0.005,-19.330,-0.004,-18.697,-19.315,-18.681
5.422,9.036,-0.000,1.000,-0.001,-0.000,0.027,-0.039,-0.038,-32.529,-0.039,-32.284,-32.510,-32.263,-0.941,-0.030,-0.026,-0.017,-0.002,0.121,-0.002,-0.005,-19.368,-0.004,-18.712,-19.352,-18.696
5.413,9.035,-0.000,1.000,-0.001,-0.000,0.027,0.017,0.004,-32.723,0.004,-32.472,-32.703,-32.450,-0.937,-0.041,-0.027,-0.014,-0.003,0.059,8.959,7.031,-19.313,7.261,-18.901,-19.266,-18.826
5.404,9.035,-0.001,1.000,-0.001,-0.000,0.027,0.092,0.070,-32.915,0.071,-32.662,-32.894,-32.640,-0.933,-0.061,-0.026,-0.013,-0.003,-0.052,4.630,4.810,-19.113,4.752,-19.133,-19.075,-19.076
5.394,9.034,-0.001,1.000,-0.001,-0.000,0.027,0.092,0.079,-33.105,0.082,-32.854,-33.084,-32.832,-0.929,-0.076,-0.023,0.003,-0.003,-0.144,-4.048,-2.814,-18.934,-2.266,-19.336,-18.886,-19.303
5.385,9.033,-0.001,1.000,-0.001,-0.000,0.026,0.033,0.030,-33.294,0.040,-33.048,-33.273,-33.025,-0.926,-0.074,-0.019,0.031,-0.003,-0.148,-6.277,-5.581,-18.915,-5.030,-19.401,-18.858,-19.374
5.376,9.033,-0.001,1.000,-0.001,-0.000,0.025,-0.004,-0.007,-33.484,0.006,-33.242,-33.462,-33.219,-0.925,-0.061,-0.015,0.049,-0.002,-0.090,-0.744,-1.417,-18.990,-1.193,-19.326,-18.972,-19.318
5.367,9.032,-0.001,1.000,-0.000,-0.000,0.025,0.019,0.007,-33.674,0.020,-33.435,-33.652,-33.412,-0.924,-0.055,-0.010,0.044,-0.001,-0.055,4.495,3.599,-19.019,3.468,-19.255,-19.064,-19.284
5.357,9.032,-0.001,1.000,-0.000,-0.000,0.025,0.063,0.047,-33.864,0.057,-33.627,-33.843,-33.605,-0.922,-0.060,-0.005,0.025,-0.001,-0.086,3.462,3.524,-18.959,3.173,-19.317,-19.013,-19.353
5.348,9.031,-0.001,1.000,-0.000,-0.000,0.024,0.074,0.062,-34.053,0.071,-33.821,-34.032,-33.799,-0.919,-0.069,-0.002,0.011,-0.001,-0.141,-1.306,-0.480,-18.887,-0.471,-19.467,-18.871,-19.452
5.339,9.030,-0.001,1.000,-0.000,-0.000,0.023,0.046,0.042,-34.242,0.051,-34.017,-34.220,-33.994,-0.917,-0.070,0.001,0.010,-0.000,-0.157,-3.566,-2.928,-18.867,-2.832,-19.548,-18.797,-19.489
5.330,9.030,-0.001,1.000,0.000,-0.000,0.023,0.019,0.019,-34.430,0.028,-34.212,-34.408,-34.188,-0.918,-0.063,0.002,0.013,0.001,-0.127,-1.255,-1.354,-18.888,-1.401,-19.491,-18.849,-19.455
5.321,9.029,-0.001,1.000,0.000,-0.000,0.022,0.024,0.020,-34.619,0.028,-34.406,-34.597,-34.383,-0.920,-0.056,0.003,0.008,0.002,-0.097,1.921,1.483,-18.905,1.272,-19.400,-18.929,-19.419
5.311,9.028,-0.001,1.000,0.000,-0.000,0.021,0.048,0.041,-34.808,0.046,-34.600,-34.787,-34.577,-0.920,-0.057,0.002,-0.002,0.001,-0.103,2.205,2.113,-18.892,1.860,-19.398,-18.934,-19.435
5.302,9.028,-0.001,1.000,0.000,-0.000,0.021,0.059,0.054,-34.997,0.058,-34.795,-34.976,-34.772,-0.920,-0.061,0.002,-0.008,0.000,-0.133,-0.003,0.370,-18.866,0.342,-19.480,-18.871,-19.485
5.293,9.027,-0.001,1.000,0.000,-0.000,0.020,0.049,0.048,-35.186,0.053,-34.990,-35.164,-34.967,-0.920,-0.063,0.001,-0.004,-0.000,-0.150,-1.665,-1.269,-18.859,-1.220,-19.551,-18.827,-19.520
5.284,9.027,-0.001,1.000,0.000,-0.000,0.019,0.034,0.036,-35.374,0.040,-35.185,-35.353,-35.162,-0.921,-0.060,0.002,0.005,-0.000,-0.141,-1.027,-0.994,-18.877,-0.987,-19.551,-18.848,-19.521
5.275,9.026,-0.001,1.000,0.000,-0.000,0.019,0.032,0.032,-35.563,0.036,-35.381,-35.541,-35.357,-0.922,-0.055,0.003,0.011,-0.001,-0.124,0.490,0.210,-18.906,0.185,-19.517,-18.898,-19.509
5.265,9.025,-0.001,1.000,0.000,-0.000,0.018,0.041,0.038,-35.752,0.042,-35.576,-35.730,-35.552,-0.924,-0.054,0.005,0.013,-0.001,-0.119,1.054,0.897,-18.918,0.778,-19.508,-18.922,-19.512
5.256,9.025,-0.001,1.000,0.000,-0.000,0.018,0.048,0.045,-35.942,0.048,-35.771,-35.920,-35.747,-0.925,-0.054,0.009,0.013,-0.001,-0.128,0.369,0.451,-18.906,0.344,-19.536,-18.905,-19.536
5.247,9.024,-0.001,1.000,0.000,-0.000,0.017,0.048,0.046,-36.130,0.048,-35.966,-36.108,-35.943,-0.926,-0.055,0.013,0.013,-0.001,-0.139,-0.434,-0.237,-18.881,-0.279,-19.567,-18.875,-19.561
5.238,9.024,-0.001,1.000,0.000,-0.000,0.016,0.042,0.042,-36.319,0.044,-36.162,-36.297,-36.139,-0.928,-0.054,0.017,0.014,-0.001,-0.141,-0.552,-0.431,-18.864,-0.465,-19.571,-18.858,-19.566
5.228,9.023,-0.001,1.000,0.000,-0.000,0.016,0.039,0.039,-36.508,0.041,-36.358,-36.486,-36.334,-0.931,-0.052,0.021,0.012,-0.000,-0.134,-0.129,-0.164,-18.856,-0.178,-19.551,-18.853,-19.549
5.219,9.023,-0.000,1.000,0.000,-0.000,0.015,0.039,0.039,-36.696,0.040,-36.553,-36.674,-36.529,-0.934,-0.050,0.023,0.007,0.001,-0.129,0.224,0.115,-18.847,0.109,-19.524,-18.845,-19.523
5.210,9.022,-0.000,1.000,0.000,-0.000,0.014,0.042,0.041,-36.885,0.042,-36.748,-36.862,-36.725,-0.937,-0.049,0.025,-0.000,0.001,-0.128,0.216,0.179,-18.828,0.142,-19.500,-18.825,-19.500
5.200,9.022,-0.000,1.000,0.000,-0.000,0.014,0.043,0.042,-37.073,0.043,-36.943,-37.051,-36.919,-0.940,-0.048,0.024,-0.008,0.002,-0.131,0.057,0.075,-18.802,0.052,-19.480,-18.798,-19.479
5.191,9.021,0.000,1.000,0.000,-0.000,0.013,0.043,0.043,-37.261,0.043,-37.138,-37.238,-37.114,-0.944,-0.047,0.022,-0.013,0.003,-0.134,-0.022,0.024,-18.778,0.010,-19.460,-18.774,-19.458
5.181,9.021,0.000,1.000,0.000,-0.000,0.012,0.043,0.043,-37.448,0.043,-37.332,-37.426,-37.309,-0.946,-0.046,0.017,-0.018,0.003,-0.136,-0.040,0.005,-18.763,-0.011,-19.441,-18.756,-19.436
5.172,9.020,0.001,1.000,0.000,-0.000,0.012,0.042,0.043,-37.636,0.043,-37.527,-37.614,-37.503,-0.949,-0.045,0.011,-0.020,0.003,-0.137,-0.033,-0.000,-18.757,-0.017,-19.425,-18.747,-19.418
5.162,9.020,0.001,1.000,0.000,-0.000,0.011,0.042,0.043,-37.824,0.043,-37.721,-37.801,-37.697,-0.951,-0.044,0.004,-0.020,0.003,-0.137,-0.019,-0.001,-18.760,-0.014,-19.415,-18.747,-19.404
5.153,9.020,0.001,1.000,0.000,-0.000,0.010,0.042,0.043,-38.011,0.043,-37.915,-37.989,-37.891,-0.952,-0.042,-0.004,-0.018,0.002,-0.138,-0.008,-0.001,-18.772,-0.012,-19.413,-18.756,-19.399
5.143,9.019,0.001,1.000,-0.000,-0.000,0.009,0.042,0.043,-38.199,0.043,-38.109,-38.176,-38.085,-0.952,-0.041,-0.012,-0.014,0.001,-0.137,-0.003,-0.001,-18.792,-0.012,-19.420,-18.774,-19.403
5.134,9.019,0.000,1.000,-0.000,0.000,0.009,0.042,0.043,-38.387,0.042,-38.303,-38.364,-38.279,-0.951,-0.040,-0.018,-0.010,0.001,-0.137,-0.001,-0.001,-18.819,-0.011,-19.435,-18.799,-19.416
5.124,9.018,0.000,1.000,-0.000,0.000,0.008,0.042,0.043,-38.575,0.042,-38.498,-38.552,-38.473,-0.949,-0.038,-0.024,-0.005,-0.000,-0.137,-0.001,-0.002,-18.850,-0.011,-19.458,-18.829,-19.437
5.115,9.018,-0.000,1.000,-0.000,-0.000,0.007,0.042,0.043,-38.764,0.042,-38.693,-38.741,-38.668,-0.947,-0.037,-0.027,-0.000,-0.002,-0.136,-0.002,-0.003,-18.883,-0.011,-19.485,-18.861,-19.464
5.105,9.018,-0.000,1.000,-0.000,-0.000,0.007,0.042,0.043,-38.953,0.042,-38.888,-38.929,-38.863,-0.944,-0.035,-0.027,0.004,-0.003,-0.135,-0.002,-0.003,-18.915,-0.011,-19.515,-18.893,-19.494
5.096,9.017,-0.001,1.000,-0.000,-0.000,0.006,0.042,0.043,-39.142,0.042,-39.083,-39.119,-39.058,-0.941,-0.034,-0.026,0.007,-0.003,-0.135,-0.003,-0.004,-18.943,-0.011,-19.544,-18.923,-19.524
5.087,9.017,-0.001,1.000,-0.000,-0.000,0.005,0.042,0.043,-39.332,0.042,-39.279,-39.308,-39.253,-0.938,-0.033,-0.023,0.008,-0.004,-0.134,-0.003,-0.004,-18.966,-0.010,-19.571,-18.948,-19.552
5.077,9.017,-0.001,1.000,-0.000,-0.000,0.005,0.042,0.042,-39.522,0.042,-39.474,-39.497,-39.449,-0.935,-0.031,-0.019,0.008,-0.003,-0.133,-0.003,-0.004,-18.983,-0.009,-19.592,-18.967,-19.576
5.068,9.016,-0.001,1.000,-0.000,-0.000,0.004,0.042,0.042,-39.712,0.042,-39.670,-39.687,-39.645,-0.932,-0.030,-0.014,0.007,-0.003,-0.132,-0.002,-0.004,-18.993,-0.008,-19.607,-18.979,-19.594
5.059,9.016,-0.001,1.000,0.000,-0.000,0.003,0.042,0.042,-39.902,0.042,-39.866,-39.877,-39.841,-0.930,-0.029,-0.009,0.005,-0.002,-0.132,-0.002,-0.004,-18.996,-0.007,-19.615,-18.985,-19.605
5.049,9.016,-0.001,1.000,0.000,-0.000,0.003,0.042,0.042,-40.091,0.042,-40.063,-40.067,-40.037,-0.928,-0.027,-0.004,0.003,-0.001,-0.131,-0.001,-0.003,-18.995,-0.006,-19.618,-18.987,-19.610
5.040,9.015,-0.001,1.000,0.000,-0.000,0.002,0.042,0.042,-40.281,0.042,-40.259,-40.257,-40.233,-0.927,-0.026,-0.001,0.001,-0.000,-0.131,-0.001,-0.003,-18.992,-0.005,-19.617,-18.984,-19.610
5.031,9.015,-0.001,1.000,0.000,-0.000,0.001,0.042,0.042,-40.471,0.041,-40.455,-40.447,-40.429,-0.927,-0.025,0.002,-0.000,0.001,-0.131,-0.000,-0.002,-18.987,-0.004,-19.614,-18.981,-19.608
5.021,9.015,-0.001,1.000,0.000,-0.000,0.001,0.042,0.042,-40.661,0.041,-40.651,-40.636,-40.625,-0.926,-0.024,0.003,-0.001,0.001,-0.131,-0.000,-0.001,-18.984,-0.003,-19.610,-18.978,-19.605
5.012,9.015,-0.001,1.000,0.000,-0.000,0.000,0.042,0.042,-40.851,0.041,-40.847,-40.826,-40.821,-0.927,-0.022,0.003,-0.002,0.001,-0.131,0.000,-0.000,-18.982,-0.002,-19.609,-18.976,-19.603
5.003,9.015,-0.001,1.000,0.000,-0.000,-0.001,0.042,0.042,-41.041,0.041,-41.043,-41.016,-41.017,-0.927,-0.021,0.002,-0.001,0.001,-0.131,0.001,0.001,-18.984,-0.001,-19.610,-18.977,-19.604
4.994,9.014,-0.001,1.000,0.000,-0.000,-0.001,0.042,0.042,-41.231,0.041,-41.239,-41.206,-41.213,-0.927,-0.020,0.002,-0.001,0.001,-0.131,0.001,0.002,-18.988,0.000,-19.613,-18.981,-19.607
4.984,9.014,-0.001,1.000,0.000,-0.000,-0.002,0.042,0.042,-41.421,0.041,-41.436,-41.396,-41.409,-0.928,-0.019,0.001,-0.001,0.000,-0.131,0.001,0.003,-18.995,0.001,-19.620,-18.988,-19.613
4.975,9.014,-0.001,1.000,0.000,-0.000,-0.002,0.042,0.042,-41.611,0.041,-41.632,-41.585,-41.605,-0.929,-0.017,0.002,-0.001,-0.001,-0.131,0.001,0.003,-19.003,0.002,-19.627,-18.995,-19.621
4.966,9.014,-0.001,1.000,0.000,-0.000,-0.003,0.042,0.042,-41.801,0.041,-41.828,-41.775,-41.802,-0.929,-0.016,0.003,-0.002,-0.001,-0.131,0.001,0.004,-19.011,0.003,-19.634,-19.003,-19.628
4.956,9.014,-0.001,1.000,-0.000,-0.000,-0.004,0.042,0.042,-41.991,0.041,-42.024,-41.966,-41.998,-0.930,-0.015,0.006,-0.003,-0.002,-0.131,0.001,0.004,-19.016,0.003,-19.638,-19.009,-19.633
4.947,9.013,-0.001,1.000,-0.000,-0.000,-0.004,0.042,0.042,-42.181,0.042,-42.221,-42.156,-42.194,-0.932,-0.014,0.010,-0.004,-0.002,-0.132,0.001,0.005,-19.017,0.004,-19.637,-19.012,-19.634
4.938,9.013,-0.001,1.000,-0.000,-0.000,-0.005,0.042,0.043,-42.371,0.042,-42.417,-42.346,-42.391,-0.933,-0.013,0.014,-0.005,-0.001,-0.132,0.001,0.005,-19.013,0.004,-19.630,-19.009,-19.628
4.928,9.013,-0.001,1.000,-0.000,-0.000,-0.006,0.042,0.043,-42.561,0.042,-42.613,-42.536,-42.587,-0.935,-0.012,0.018,-0.006,-0.001,-0.132,0.001,0.004,-19.003,0.004,-19.616,-19.001,-19.616
4.919,9.013,-0.001,1.000,-0.000,-0.000,-0.006,0.042,0.043,-42.751,0.042,-42.809,-42.726,-42.783,-0.938,-0.010,0.022,-0.006,0.000,-0.133,0.001,0.004,-18.987,0.003,-19.596,-18.986,-19.597
4.910,9.013,-0.000,1.000,-0.000,-0.000,-0.007,0.042,0.043,-42.941,0.042,-43.005,-42.915,-42.979,-0.941,-0.009,0.024,-0.004,0.001,-0.133,0.001,0.004,-18.966,0.003,-19.570,-18.966,-19.572
4.900,9.013,-0.000,1.000,-0.000,-0.000,-0.008,0.042,0.043,-43.130,0.042,-43.201,-43.105,-43.174,-0.944,-0.008,0.025,-0.002,0.002,-0.134,0.001,0.003,-18.943,0.002,-19.543,-18.943,-19.544
4.891,9.013,0.000,1.000,-0.000,-0.000,-0.008,0.042,0.043,-43.320,0.042,-43.396,-43.294,-43.370,-0.947,-0.007,0.024,0.002,0.003,-0.134,0.000,0.003,-18.918,0.002,-19.516,-18.917,-19.516
4.881,9.013,0.000,1.000,-0.000,-0.000,-0.009,0.042,0.043,-43.509,0.042,-43.591,-43.483,-43.565,-0.950,-0.006,0.021,0.006,0.004,-0.135,0.000,0.002,-18.895,0.001,-19.493,-18.892,-19.491
4.872,9.013,0.000,1.000,-0.000,-0.000,-0.010,0.042,0.043,-43.698,0.042,-43.786,-43.672,-43.759,-0.952,-0.004,0.015,0.010,0.004,-0.135,-0.000,0.002,-18.875,0.000,-19.477,-18.870,-19.472
4.862,9.013,0.001,1.000,-0.000,-0.000,-0.010,0.042,0.043,-43.886,0.042,-43.981,-43.861,-43.954,-0.955,-0.003,0.008,0.014,0.004,-0.135,-0.000,0.001,-18.860,-0.001,-19.469,-18.852,-19.461
4.853,9.013,0.001,1.000,0.000,-0.000,-0.011,0.042,0.043,-44.075,0.042,-44.175,-44.049,-44.149,-0.956,-0.002,0.001,0.017,0.003,-0.136,-0.001,0.000,-18.853,-0.002,-19.471,-18.841,-19.459
4.843,9.013,0.001,1.000,0.000,-0.000,-0.012,0.042,0.043,-44.263,0.042,-44.370,-44.238,-44.343,-0.956,-0.000,-0.007,0.019,0.002,-0.136,-0.001,-0.001,-18.853,-0.003,-19.483,-18.838,-19.468
4.834,9.013,0.001,1.000,0.000,-0.000,-0.012,0.042,0.043,-44.452,0.042,-44.565,-44.426,-44.538,-0.956,0.001,-0.014,0.019,0.001,-0.135,-0.001,-0.001,-18.860,-0.004,-19.504,-18.842,-19.486
4.824,9.013,0.000,1.000,0.000,0.000,-0.013,0.042,0.043,-44.641,0.042,-44.760,-44.615,-44.733,-0.955,0.002,-0.021,0.016,0.000,-0.135,-0.002,-0.002,-18.874,-0.004,-19.533,-18.854,-19.512
4.815,9.013,0.000,1.000,0.000,0.000,-0.014,0.042,0.043,-44.829,0.042,-44.956,-44.803,-44.928,-0.953,0.004,-0.025,0.012,-0.001,-0.135,-0.002,-0.003,-18.894,-0.005,-19.566,-18.872,-19.544
4.805,9.013,-0.000,1.000,0.000,-0.000,-0.015,0.042,0.043,-45.019,0.042,-45.152,-44.992,-45.124,-0.950,0.005,-0.027,0.007,-0.002,-0.134,-0.002,-0.004,-18.917,-0.006,-19.600,-18.895,-19.578
4.796,9.013,-0.000,1.000,0.000,-0.000,-0.015,0.042,0.043,-45.208,0.041,-45.348,-45.181,-45.320,-0.947,0.006,-0.027,0.001,-0.003,-0.134,-0.002,-0.004,-18.942,-0.006,-19.632,-18.920,-19.611
4.786,9.013,-0.001,1.000,0.000,-0.000,-0.016,0.042,0.043,-45.397,0.041,-45.544,-45.370,-45.516,-0.943,0.007,-0.025,-0.005,-0.004,-0.133,-0.002,-0.005,-18.966,-0.006,-19.660,-18.945,-19.640
4.777,9.013,-0.001,1.000,0.000,-0.000,-0.017,0.042,0.043,-45.587,0.041,-45.741,-45.560,-45.713,-0.940,0.009,-0.021,-0.011,-0.004,-0.133,-0.001,-0.005,-18.987,-0.006,-19.680,-18.968,-19.662
4.767,9.013,-0.001,1.000,0.000,-0.000,-0.017,0.042,0.043,-45.777,0.041,-45.938,-45.750,-45.909,-0.937,0.010,-0.017,-0.015,-0.004,-0.132,-0.001,-0.005,-19.005,-0.006,-19.691,-18.988,-19.676
4.758,9.013,-0.001,1.000,0.000,-0.000,-0.018,0.042,0.042,-45.967,0.041,-46.135,-45.940,-46.106,-0.934,0.011,-0.012,-0.017,-0.003,-0.132,-0.001,-0.005,-19.017,-0.005,-19.695,-19.004,-19.683
4.749,9.013,-0.001,1.000,0.000,-0.000,-0.018,0.042,0.042,-46.157,0.041,-46.332,-46.130,-46.303,-0.932,0.012,-0.007,-0.017,-0.002,-0.132,-0.001,-0.004,-19.025,-0.005,-19.692,-19.015,-19.682
4.739,9.013,-0.001,1.000,0.000,-0.000,-0.019,0.042,0.042,-46.348,0.041,-46.529,-46.320,-46.500,-0.931,0.014,-0.003,-0.015,-0.001,-0.132,-0.001,-0.004,-19.029,-0.004,-19.684,-19.021,-19.676
4.730,9.014,-0.001,1.000,0.000,-0.000,-0.020,0.042,0.042,-46.538,0.041,-46.725,-46.510,-46.697,-0.930,0.015,0.000,-0.011,-0.000,-0.131,-0.000,-0.003,-19.030,-0.003,-19.673,-19.023,-19.668
4.721,9.014,-0.001,1.000,-0.000,-0.000,-0.020,0.042,0.042,-46.728,0.041,-46.922,-46.700,-46.893,-0.929,0.016,0.002,-0.007,0.001,-0.131,0.000,-0.002,-19.029,-0.002,-19.664,-19.023,-19.659
4.711,9.014,-0.001,1.000,-0.000,-0.000,-0.021,0.042,0.042,-46.919,0.041,-47.119,-46.891,-47.090,-0.929,0.017,0.003,-0.002,0.001,-0.131,0.000,-0.001,-19.028,-0.001,-19.656,-19.023,-19.652
4.702,9.014,-0.001,1.000,-0.000,-0.000,-0.022,0.042,0.042,-47.109,0.041,-47.315,-47.081,-47.286,-0.929,0.019,0.003,0.001,0.001,-0.131,0.001,-0.000,-19.029,0.000,-19.653,-19.022,-19.648
4.693,9.014,-0.001,1.000,-0.000,-0.000,-0.022,0.042,0.042,-47.299,0.041,-47.512,-47.271,-47.483,-0.929,0.020,0.002,0.002,0.001,-0.131,0.001,0.001,-19.030,0.001,-19.653,-19.024,-19.647
4.684,9.014,-0.001,1.000,-0.000,-0.000,-0.023,0.042,0.042,-47.489,0.041,-47.708,-47.461,-47.679,-0.930,0.021,0.002,0.000,0.000,-0.131,0.001,0.002,-19.035,0.002,-19.656,-19.028,-19.650
4.674,9.015,-0.001,1.000,-0.000,-0.000,-0.024,0.042,0.042,-47.680,0.041,-47.905,-47.652,-47.876,-0.930,0.022,0.002,-0.003,-0.000,-0.131,0.001,0.002,-19.041,0.003,-19.661,-19.034,-19.655
4.665,9.015,-0.001,1.000,-0.000,-0.000,-0.024,0.042,0.042,-47.870,0.041,-48.101,-47.842,-48.072,-0.931,0.023,0.003,-0.008,-0.001,-0.131,0.001,0.003,-19.049,0.004,-19.666,-19.042,-19.660
4.656,9.015,-0.001,1.000,-0.000,-0.000,-0.025,0.042,0.042,-48.061,0.041,-48.298,-48.032,-48.269,-0.931,0.025,0.005,-0.014,-0.001,-0.131,0.001,0.004,-19.058,0.004,-19.667,-19.051,-19.662
4.646,9.015,-0.001,1.000,-0.000,-0.000,-0.026,0.042,0.042,-48.251,0.041,-48.495,-48.223,-48.466,-0.932,0.026,0.008,-0.020,-0.002,-0.131,0.001,0.004,-19.065,0.004,-19.662,-19.059,-19.659
4.637,9.016,-0.001,1.000,-0.000,-0.000,-0.026,0.042,0.042,-48.442,0.041,-48.691,-48.414,-48.662,-0.934,0.027,0.012,-0.024,-0.002,-0.132,0.001,0.004,-19.069,0.004,-19.651,-19.065,-19.649
4.628,9.016,-0.001,1.000,-0.000,-0.000,-0.027,0.042,0.043,-48.633,0.041,-48.888,-48.604,-48.858,-0.936,0.028,0.016,-0.025,-0.001,-0.132,0.001,0.004,-19.069,0.004,-19.632,-19.067,-19.632
4.618,9.016,-0.001,1.000,-0.001,-0.000,-0.028,0.042,0.043,-48.824,0.041,-49.084,-48.795,-49.055,-0.938,0.030,0.020,-0.023,-0.001,-0.133,0.001,0.004,-19.063,0.004,-19.606,-19.062,-19.608
4.609,9.016,-0.001,1.000,-0.001,-0.000,-0.028,0.042,0.043,-49.014,0.041,-49.280,-48.986,-49.251,-0.940,0.031,0.023,-0.017,0.000,-0.133,0.001,0.004,-19.050,0.004,-19.576,-19.051,-19.579
4.599,9.017,-0.000,1.000,-0.001,-0.000,-0.029,0.042,0.043,-49.204,0.041,-49.476,-49.176,-49.446,-0.943,0.032,0.025,-0.007,0.002,-0.134,0.001,0.004,-19.032,0.003,-19.544,-19.034,-19.547
4.590,9.017,-0.000,1.000,-0.001,-0.000,-0.030,0.042,0.043,-49.395,0.041,-49.671,-49.366,-49.642,-0.946,0.034,0.024,0.005,0.003,-0.134,0.001,0.004,-19.009,0.003,-19.514,-19.011,-19.517
4.581,9.017,0.000,1.000,-0.001,-0.000,-0.030,0.042,0.043,-49.585,0.041,-49.866,-49.556,-49.837,-0.949,0.035,0.022,0.018,0.003,-0.134,0.001,0.003,-18.983,0.002,-19.490,-18.983,-19.490
4.571,9.018,0.000,1.000,-0.001,-0.000,-0.031,0.042,0.043,-49.774,0.041,-50.061,-49.746,-50.031,-0.952,0.036,0.018,0.031,0.004,-0.135,0.000,0.003,-18.955,0.002,-19.474,-18.954,-19.472
4.562,9.018,0.001,0.999,-0.000,-0.000,-0.032,0.042,0.043,-49.964,0.042,-50.255,-49.935,-50.226,-0.954,0.038,0.012,0.042,0.004,-0.135,0.000,0.003,-18.929,0.001,-19.469,-18.924,-19.463
4.552,9.019,0.001,0.999,-0.000,-0.000,-0.032,0.042,0.043,-50.153,0.042,-50.450,-50.124,-50.421,-0.956,0.039,0.005,0.050,0.004,-0.135,-0.000,0.002,-18.906,-0.000,-19.476,-18.898,-19.466
4.542,9.019,0.001,0.999,0.000,-0.000,-0.033,0.042,0.043,-50.342,0.042,-50.645,-50.313,-50.615,-0.956,0.040,-0.003,0.054,0.003,-0.134,-0.000,0.001,-18.888,-0.001,-19.494,-18.876,-19.481
4.533,9.019,0.001,0.999,0.000,-0.000,-0.034,0.042,0.043,-50.531,0.041,-50.840,-50.502,-50.810,-0.956,0.042,-0.010,0.053,0.002,-0.134,-0.001,0.000,-18.877,-0.002,-19.523,-18.862,-19.506
4.523,9.020,0.000,0.999,0.001,-0.000,-0.034,0.042,0.043,-50.719,0.041,-51.035,-50.691,-51.006,-0.956,0.043,-0.017,0.046,0.001,-0.134,-0.001,-0.001,-18.874,-0.003,-19.559,-18.855,-19.539
4.514,9.020,0.000,0.999,0.001,-0.000,-0.035,0.042,0.043,-50.908,0.041,-51.231,-50.879,-51.201,-0.954,0.044,-0.022,0.035,-0.000,-0.134,-0.001,-0.002,-18.878,-0.004,-19.600,-18.857,-19.578
4.504,9.021,-0.000,0.999,0.001,-0.000,-0.036,0.042,0.043,-51.097,0.041,-51.427,-51.068,-51.397,-0.951,0.045,-0.026,0.021,-0.001,-0.133,-0.001,-0.003,-18.889,-0.004,-19.642,-18.866,-19.619
4.495,9.021,-0.000,0.999,0.001,-0.000,-0.036,0.042,0.043,-51.286,0.041,-51.624,-51.256,-51.594,-0.948,0.046,-0.027,0.005,-0.003,-0.133,-0.002,-0.004,-18.905,-0.005,-19.680,-18.882,-19.657
4.485,9.022,-0.001,0.999,0.001,-0.000,-0.037,0.042,0.043,-51.475,0.041,-51.821,-51.445,-51.790,-0.945,0.048,-0.026,-0.010,-0.004,-0.133,-0.002,-0.005,-18.926,-0.005,-19.712,-18.903,-19.690
4.476,9.022,-0.001,0.999,0.001,-0.000,-0.038,-0.017,-0.003,-51.665,-0.003,-52.018,-51.635,-51.987,-0.941,0.059,-0.023,-0.014,-0.004,-0.071,-9.465,-7.688,-19.031,-7.443,-19.634,-19.042,-19.595
4.466,9.023,-0.001,0.999,0.001,-0.000,-0.038,-0.097,-0.074,-51.856,-0.073,-52.213,-51.827,-52.182,-0.935,0.080,-0.019,-0.013,-0.004,0.046,-4.937,-5.091,-19.290,-5.161,-19.398,-19.291,-19.354
4.457,9.024,-0.001,0.999,0.001,-0.000,-0.037,-0.097,-0.087,-52.051,-0.083,-52.405,-52.021,-52.374,-0.930,0.097,-0.014,-0.023,-0.004,0.152,4.253,2.317,-19.541,2.929,-19.104,-19.539,-19.108
4.448,9.025,-0.001,0.999,0.001,-0.000,-0.036,-0.035,-0.042,-52.247,-0.032,-52.596,-52.217,-52.564,-0.929,0.097,-0.010,-0.045,-0.002,0.162,6.703,5.368,-19.603,5.957,-18.993,-19.626,-19.047
4.439,9.026,-0.001,0.999,0.000,-0.000,-0.036,0.006,-0.006,-52.442,0.008,-52.786,-52.413,-52.755,-0.927,0.082,-0.005,-0.058,-0.002,0.097,0.927,1.361,-19.522,1.457,-19.107,-19.529,-19.129
4.429,9.026,-0.001,0.999,0.000,-0.000,-0.035,-0.018,-0.021,-52.637,-0.007,-52.978,-52.607,-52.947,-0.925,0.074,-0.002,-0.046,-0.001,0.055,-4.834,-3.747,-19.476,-3.903,-19.234,-19.426,-19.174
4.420,9.027,-0.001,0.999,-0.000,-0.000,-0.035,-0.066,-0.061,-52.832,-0.051,-53.170,-52.802,-53.138,-0.923,0.080,0.001,-0.019,-0.000,0.089,-3.793,-3.476,-19.533,-3.844,-19.171,-19.476,-19.094
4.411,9.028,-0.001,0.999,-0.000,-0.000,-0.034,-0.078,-0.076,-53.028,-0.068,-53.361,-52.997,-53.329,-0.923,0.091,0.002,-0.001,0.001,0.152,1.348,0.584,-19.617,0.495,-18.978,-19.613,-18.963
4.402,9.029,-0.001,0.999,-0.000,-0.000,-0.034,-0.047,-0.055,-53.224,-0.046,-53.550,-53.194,-53.518,-0.923,0.092,0.003,-0.001,0.002,0.170,3.923,3.120,-19.637,3.271,-18.871,-19.680,-18.913
4.392,9.030,-0.001,0.999,-0.000,-0.000,-0.033,-0.019,-0.029,-53.420,-0.019,-53.739,-53.390,-53.707,-0.924,0.084,0.002,-0.007,0.001,0.136,1.340,1.516,-19.595,1.606,-18.931,-19.623,-18.960
4.383,9.031,-0.001,0.999,-0.000,-0.000,-0.032,-0.024,-0.029,-53.616,-0.019,-53.929,-53.586,-53.897,-0.924,0.076,0.002,-0.007,0.000,0.102,-2.052,-1.345,-19.560,-1.472,-19.033,-19.538,-19.014
4.374,9.031,-0.001,0.999,-0.000,-0.000,-0.032,-0.049,-0.048,-53.812,-0.040,-54.119,-53.781,-54.087,-0.924,0.076,0.002,-0.002,-0.000,0.106,-2.333,-1.924,-19.572,-2.199,-19.047,-19.533,-19.009
4.365,9.032,-0.001,1.000,-0.000,-0.000,-0.031,-0.061,-0.060,-54.008,-0.054,-54.309,-53.977,-54.277,-0.924,0.081,0.002,-0.001,-0.000,0.136,0.023,-0.281,-19.616,-0.374,-18.979,-19.598,-18.958
4.355,9.033,-0.001,1.000,-0.000,-0.000,-0.030,-0.050,-0.053,-54.204,-0.047,-54.499,-54.173,-54.466,-0.925,0.083,0.003,-0.009,-0.001,0.154,1.797,1.373,-19.644,1.364,-18.925,-19.650,-18.924
4.346,9.034,-0.001,1.000,-0.000,-0.000,-0.030,-0.034,-0.040,-54.400,-0.034,-54.688,-54.370,-54.656,-0.926,0.079,0.006,-0.021,-0.001,0.143,1.142,1.118,-19.636,1.057,-18.936,-19.645,-18.938
4.337,9.035,-0.001,1.000,-0.000,-0.000,-0.029,-0.031,-0.035,-54.597,-0.030,-54.878,-54.566,-54.845,-0.927,0.074,0.009,-0.027,-0.002,0.121,-0.525,-0.187,-19.610,-0.225,-18.968,-19.610,-18.970
4.328,9.035,-0.001,1.000,-0.000,-0.000,-0.028,-0.041,-0.041,-54.793,-0.037,-55.067,-54.762,-55.035,-0.929,0.072,0.013,-0.026,-0.002,0.115,-1.169,-0.865,-19.597,-0.998,-18.970,-19.594,-18.972
4.318,9.036,-0.001,1.000,-0.001,-0.000,-0.028,-0.049,-0.048,-54.989,-0.045,-55.257,-54.958,-55.225,-0.930,0.073,0.017,-0.020,-0.001,0.126,-0.405,-0.420,-19.610,-0.496,-18.930,-19.609,-18.932
4.309,9.037,-0.001,1.000,-0.001,-0.000,-0.027,-0.048,-0.049,-55.185,-0.046,-55.446,-55.154,-55.414,-0.932,0.075,0.021,-0.013,-0.001,0.139,0.485,0.260,-19.625,0.275,-18.880,-19.624,-18.877
4.300,9.037,-0.000,1.000,-0.001,-0.000,-0.026,-0.042,-0.044,-55.381,-0.041,-55.635,-55.350,-55.602,-0.935,0.074,0.024,-0.006,0.000,0.142,0.601,0.499,-19.615,0.478,-18.845,-19.614,-18.840
4.290,9.038,-0.000,1.000,-0.001,-0.000,-0.026,-0.038,-0.041,-55.577,-0.038,-55.823,-55.546,-55.790,-0.938,0.071,0.025,0.003,0.002,0.135,0.145,0.205,-19.577,0.165,-18.825,-19.579,-18.825
4.281,9.039,0.000,1.000,-0.001,-0.000,-0.025,-0.039,-0.040,-55.773,-0.038,-56.011,-55.742,-55.979,-0.941,0.069,0.024,0.014,0.003,0.129,-0.271,-0.125,-19.533,-0.198,-18.808,-19.539,-18.813
4.271,9.040,0.000,1.000,-0.001,-0.000,-0.024,-0.042,-0.042,-55.968,-0.041,-56.199,-55.937,-56.167,-0.944,0.068,0.021,0.026,0.004,0.129,-0.284,-0.181,-19.500,-0.260,-18.789,-19.505,-18.794
4.262,9.040,0.000,1.000,-0.000,-0.000,-0.024,-0.044,-0.043,-56.163,-0.043,-56.387,-56.132,-56.355,-0.947,0.068,0.016,0.035,0.004,0.134,-0.075,-0.066,-19.478,-0.105,-18.774,-19.478,-18.773
4.253,9.041,0.001,1.000,-0.000,-0.000,-0.023,-0.044,-0.044,-56.357,-0.043,-56.575,-56.327,-56.542,-0.949,0.067,0.010,0.039,0.004,0.137,0.041,-0.006,-19.459,-0.022,-18.768,-19.454,-18.761
4.243,9.042,0.001,1.000,-0.000,-0.000,-0.022,-0.044,-0.044,-56.552,-0.043,-56.762,-56.521,-56.730,-0.950,0.066,0.002,0.040,0.004,0.139,0.057,0.020,-19.444,0.000,-18.772,-19.434,-18.760
4.234,9.042,0.001,1.000,0.000,-0.000,-0.022,-0.043,-0.043,-56.746,-0.043,-56.950,-56.716,-56.917,-0.951,0.065,-0.005,0.037,0.003,0.140,0.037,0.020,-19.434,0.001,-18.788,-19.420,-18.772
4.224,9.043,0.001,1.000,0.000,-0.000,-0.021,-0.043,-0.043,-56.941,-0.043,-57.138,-56.910,-57.105,-0.951,0.063,-0.013,0.031,0.002,0.140,0.015,0.013,-19.431,-0.001,-18.812,-19.414,-18.792
4.215,9.044,0.000,1.000,0.000,0.000,-0.020,-0.043,-0.043,-57.135,-0.043,-57.326,-57.104,-57.293,-0.950,0.062,-0.019,0.023,0.001,0.140,0.002,0.009,-19.437,-0.003,-18.842,-19.417,-18.820
4.205,9.044,0.000,1.000,0.001,0.000,-0.020,-0.043,-0.043,-57.329,-0.043,-57.515,-57.298,-57.482,-0.948,0.060,-0.024,0.013,0.000,0.139,-0.003,0.006,-19.451,-0.005,-18.875,-19.428,-18.850
4.196,9.045,-0.000,1.000,0.001,0.000,-0.019,-0.043,-0.043,-57.524,-0.044,-57.704,-57.492,-57.670,-0.945,0.059,-0.027,0.002,-0.001,0.139,-0.004,0.004,-19.471,-0.005,-18.908,-19.447,-18.882
4.186,9.045,-0.000,1.000,0.001,-0.000,-0.018,-0.043,-0.043,-57.719,-0.044,-57.893,-57.687,-57.859,-0.942,0.057,-0.027,-0.007,-0.003,0.138,-0.003,0.003,-19.495,-0.005,-18.937,-19.470,-18.911
4.177,9.046,-0.001,1.000,0.000,-0.000,-0.017,-0.043,-0.043,-57.914,-0.044,-58.083,-57.882,-58.049,-0.939,0.056,-0.025,-0.015,-0.004,0.137,-0.002,0.002,-19.519,-0.005,-18.960,-19.496,-18.936
4.167,9.046,-0.001,1.000,0.000,-0.000,-0.017,-0.043,-0.043,-58.109,-0.044,-58.272,-58.077,-58.238,-0.936,0.054,-0.022,-0.020,-0.004,0.136,-0.000,0.002,-19.543,-0.005,-18.976,-19.521,-18.954
4.158,9.047,-0.001,1.000,0.000,-0.000,-0.016,-0.043,-0.043,-58.305,-0.044,-58.462,-58.272,-58.428,-0.933,0.053,-0.018,-0.022,-0.004,0.136,0.000,0.001,-19.562,-0.004,-18.984,-19.544,-18.965
4.149,9.047,-0.001,1.000,0.000,-0.000,-0.015,-0.043,-0.043,-58.500,-0.044,-58.652,-58.468,-58.617,-0.930,0.052,-0.013,-0.022,-0.003,0.135,0.000,0.001,-19.577,-0.004,-18.984,-19.561,-18.969
4.139,9.048,-0.001,1.000,0.000,-0.000,-0.015,-0.043,-0.043,-58.696,-0.044,-58.842,-58.663,-58.807,-0.928,0.050,-0.008,-0.019,-0.002,0.135,0.000,0.001,-19.586,-0.003,-18.979,-19.573,-18.966
4.130,9.049,-0.001,1.000,-0.000,-0.000,-0.014,-0.043,-0.043,-58.892,-0.044,-59.031,-58.859,-58.997,-0.926,0.049,-0.004,-0.015,-0.001,0.135,0.000,0.002,-19.590,-0.003,-18.969,-19.580,-18.958
4.121,9.049,-0.001,1.000,-0.000,-0.000,-0.013,-0.043,-0.043,-59.088,-0.044,-59.221,-59.055,-59.186,-0.925,0.048,-0.000,-0.010,-0.000,0.134,0.001,0.002,-19.589,-0.002,-18.957,-19.582,-18.948
4.112,9.049,-0.001,1.000,-0.000,-0.000,-0.013,-0.043,-0.043,-59.284,-0.044,-59.411,-59.251,-59.376,-0.924,0.046,0.002,-0.006,0.000,0.134,0.001,0.003,-19.587,-0.001,-18.946,-19.580,-18.938
4.102,9.050,-0.001,1.000,-0.000,-0.000,-0.012,-0.043,-0.043,-59.480,-0.044,-59.600,-59.447,-59.565,-0.924,0.045,0.003,-0.002,0.001,0.135,0.001,0.003,-19.583,0.000,-18.937,-19.578,-18.930
4.093,9.050,-0.001,1.000,-0.000,-0.000,-0.011,-0.043,-0.043,-59.676,-0.044,-59.789,-59.642,-59.754,-0.924,0.044,0.003,0.001,0.001,0.135,0.002,0.004,-19.581,0.001,-18.931,-19.575,-18.924
4.084,9.051,-0.001,1.000,-0.000,-0.000,-0.011,-0.043,-0.043,-59.871,-0.044,-59.979,-59.838,-59.943,-0.925,0.043,0.002,0.002,0.001,0.135,0.002,0.004,-19.581,0.002,-18.930,-19.574,-18.922
4.075,9.051,-0.001,1.000,-0.000,-0.000,-0.010,-0.043,-0.043,-60.067,-0.044,-60.168,-60.034,-60.133,-0.925,0.041,0.002,0.001,0.001,0.135,0.002,0.005,-19.583,0.003,-18.932,-19.576,-18.924
4.065,9.052,-0.001,1.000,-0.000,-0.000,-0.009,-0.043,-0.043,-60.263,-0.044,-60.357,-60.230,-60.322,-0.925,0.040,0.001,0.000,-0.000,0.135,0.002,0.006,-19.588,0.004,-18.936,-19.580,-18.928
4.056,9.052,-0.001,1.000,-0.000,-0.000,-0.009,-0.043,-0.043,-60.459,-0.044,-60.547,-60.426,-60.511,-0.926,0.039,0.002,-0.002,-0.001,0.135,0.002,0.006,-19.594,0.004,-18.941,-19.586,-18.933
4.047,9.052,-0.001,1.000,-0.000,-0.000,-0.008,-0.043,-0.043,-60.655,-0.044,-60.736,-60.621,-60.701,-0.927,0.038,0.004,-0.003,-0.002,0.135,0.002,0.006,-19.599,0.005,-18.945,-19.592,-18.938
4.038,9.053,-0.001,1.000,-0.000,-0.000,-0.007,-0.043,-0.042,-60.851,-0.044,-60.926,-60.817,-60.890,-0.927,0.036,0.007,-0.004,-0.002,0.135,0.002,0.007,-19.602,0.005,-18.946,-19.597,-18.940
4.028,9.053,-0.001,1.000,-0.000,-0.000,-0.007,-0.043,-0.042,-61.047,-0.044,-61.115,-61.013,-61.079,-0.929,0.035,0.010,-0.004,-0.002,0.135,0.002,0.007,-19.601,0.006,-18.941,-19.598,-18.938
4.019,9.053,-0.001,1.000,-0.000,-0.000,-0.006,-0.043,-0.042,-61.243,-0.044,-61.304,-61.209,-61.269,-0.930,0.034,0.014,-0.003,-0.002,0.135,0.002,0.007,-19.593,0.006,-18.931,-19.593,-18.930
4.010,9.054,-0.001,1.000,-0.000,-0.000,-0.005,-0.043,-0.042,-61.439,-0.044,-61.494,-61.405,-61.458,-0.932,0.033,0.019,-0.002,-0.001,0.135,0.002,0.006,-19.580,0.006,-18.916,-19.581,-18.916
4.000,9.054,-0.001,1.000,-0.000,-0.000,-0.005,-0.043,-0.042,-61.634,-0.043,-61.683,-61.601,-61.647,-0.935,0.032,0.022,0.001,-0.000,0.135,0.001,0.006,-19.559,0.005,-18.895,-19.562,-18.898
3.991,9.054,-0.000,1.000,-0.000,-0.000,-0.004,-0.043,-0.042,-61.830,-0.043,-61.871,-61.796,-61.836,-0.937,0.030,0.025,0.003,0.001,0.135,0.001,0.006,-19.533,0.005,-18.871,-19.538,-18.874
3.982,9.055,-0.000,1.000,-0.000,-0.000,-0.003,-0.043,-0.042,-62.025,-0.043,-62.060,-61.992,-62.024,-0.940,0.029,0.025,0.005,0.002,0.136,0.001,0.005,-19.505,0.005,-18.845,-19.509,-18.849
3.972,9.055,0.000,1.000,-0.000,-0.000,-0.003,-0.043,-0.042,-62.220,-0.043,-62.248,-62.187,-62.213,-0.943,0.028,0.024,0.007,0.003,0.136,0.001,0.005,-19.475,0.004,-18.821,-19.479,-18.824
3.963,9.055,0.000,1.000,-0.000,-0.000,-0.002,-0.043,-0.042,-62.415,-0.043,-62.436,-62.381,-62.401,-0.946,0.027,0.020,0.007,0.004,0.136,0.000,0.004,-19.449,0.003,-18.800,-19.450,-18.801
3.953,9.056,0.000,1.000,-0.000,-0.000,-0.001,-0.043,-0.042,-62.609,-0.043,-62.624,-62.576,-62.589,-0.949,0.025,0.015,0.006,0.005,0.137,-0.000,0.003,-19.427,0.002,-18.785,-19.425,-18.782
3.944,9.056,0.001,1.000,-0.000,-0.000,-0.001,-0.043,-0.042,-62.803,-0.043,-62.812,-62.770,-62.777,-0.951,0.024,0.008,0.005,0.005,0.137,-0.000,0.002,-19.413,0.001,-18.777,-19.407,-18.770
3.934,9.056,0.001,1.000,-0.000,-0.000,0.000,-0.043,-0.042,-62.997,-0.043,-63.000,-62.964,-62.964,-0.952,0.023,-0.000,0.003,0.004,0.137,-0.001,0.001,-19.408,0.000,-18.776,-19.398,-18.764
3.925,9.056,0.001,1.000,-0.000,-0.000,0.001,-0.043,-0.042,-63.191,-0.043,-63.188,-63.158,-63.152,-0.952,0.021,-0.008,-0.000,0.003,0.137,-0.001,-0.001,-19.413,-0.001,-18.783,-19.398,-18.767
3.915,9.056,0.000,1.000,-0.000,0.000,0.001,-0.043,-0.042,-63.386,-0.043,-63.376,-63.352,-63.340,-0.952,0.020,-0.015,-0.002,0.002,0.136,-0.001,-0.002,-19.427,-0.002,-18.797,-19.408,-18.777
3.906,9.057,0.000,1.000,-0.000,0.000,0.002,-0.043,-0.042,-63.580,-0.043,-63.564,-63.546,-63.527,-0.951,0.019,-0.021,-0.004,0.001,0.136,-0.001,-0.003,-19.448,-0.003,-18.817,-19.426,-18.794
3.896,9.057,0.000,1.000,-0.000,0.000,0.003,-0.043,-0.042,-63.775,-0.043,-63.752,-63.740,-63.716,-0.948,0.017,-0.025,-0.005,-0.000,0.136,-0.001,-0.003,-19.475,-0.004,-18.841,-19.451,-18.816
3.887,9.057,-0.000,1.000,-0.000,0.000,0.004,-0.043,-0.042,-63.969,-0.043,-63.941,-63.935,-63.904,-0.946,0.016,-0.027,-0.005,-0.002,0.135,-0.001,-0.004,-19.505,-0.004,-18.866,-19.479,-18.840
3.877,9.057,-0.000,1.000,-0.000,0.000,0.004,-0.043,-0.042,-64.165,-0.043,-64.129,-64.130,-64.092,-0.942,0.015,-0.027,-0.004,-0.003,0.135,-0.001,-0.004,-19.533,-0.005,-18.891,-19.508,-18.864
3.868,9.057,-0.001,1.000,-0.000,-0.000,0.005,-0.043,-0.042,-64.360,-0.043,-64.318,-64.325,-64.281,-0.939,0.013,-0.025,-0.003,-0.004,0.135,-0.001,-0.004,-19.559,-0.005,-18.912,-19.535,-18.887
3.859,9.057,-0.001,1.000,-0.000,-0.000,0.006,-0.043,-0.042,-64.556,-0.043,-64.508,-64.521,-64.470,-0.936,0.012,-0.021,-0.001,-0.004,0.134,-0.001,-0.004,-19.579,-0.005,-18.929,-19.558,-18.907
3.849,9.058,-0.001,1.000,-0.000,-0.000,0.006,-0.043,-0.042,-64.752,-0.044,-64.697,-64.716,-64.659,-0.933,0.011,-0.016,0.001,-0.004,0.134,-0.001,-0.004,-19.592,-0.004,-18.941,-19.574,-18.921
3.840,9.058,-0.001,1.000,-0.000,-0.000,0.007,-0.043,-0.042,-64.948,-0.044,-64.886,-64.912,-64.848,-0.930,0.010,-0.011,0.003,-0.004,0.134,-0.001,-0.003,-19.598,-0.004,-18.946,-19.583,-18.930
3.831,9.058,-0.001,1.000,-0.000,-0.000,0.008,-0.043,-0.042,-65.144,-0.044,-65.076,-65.108,-65.038,-0.928,0.008,-0.006,0.004,-0.003,0.134,-0.000,-0.003,-19.598,-0.003,-18.947,-19.586,-18.934
3.821,9.058,-0.001,1.000,-0.000,-0.000,0.008,-0.043,-0.042,-65.340,-0.044,-65.265,-65.304,-65.227,-0.927,0.007,-0.002,0.003,-0.001,0.134,-0.000,-0.002,-19.593,-0.003,-18.944,-19.584,-18.934
3.812,9.058,-0.001,1.000,-0.000,-0.000,0.009,-0.043,-0.042,-65.535,-0.044,-65.455,-65.500,-65.416,-0.926,0.006,0.001,0.003,-0.000,0.134,-0.000,-0.001,-19.585,-0.002,-18.939,-19.578,-18.931
3.803,9.058,-0.001,1.000,-0.000,-0.000,0.010,-0.043,-0.042,-65.731,-0.044,-65.644,-65.695,-65.606,-0.925,0.005,0.002,0.001,0.001,0.134,0.000,-0.001,-19.578,-0.001,-18.933,-19.572,-18.926
3.794,9.058,-0.001,1.000,-0.000,-0.000,0.010,-0.043,-0.042,-65.927,-0.044,-65.833,-65.891,-65.795,-0.925,0.004,0.003,-0.000,0.001,0.134,0.000,0.000,-19.572,-0.000,-18.928,-19.566,-18.921
3.784,9.058,-0.001,1.000,-0.000,-0.000,0.011,-0.043,-0.042,-66.123,-0.044,-66.023,-66.087,-65.984,-0.925,0.002,0.003,-0.001,0.001,0.134,0.001,0.001,-19.569,0.000,-18.926,-19.563,-18.919
3.775,9.058,-0.001,1.000,-0.000,-0.000,0.012,-0.043,-0.042,-66.318,-0.044,-66.212,-66.282,-66.173,-0.925,0.001,0.002,-0.001,0.001,0.134,0.001,0.002,-19.570,0.001,-18.926,-19.563,-18.918
3.766,9.058,-0.001,1.000,-0.000,-0.000,0.012,-0.043,-0.042,-66.514,-0.044,-66.401,-66.478,-66.363,-0.926,-0.000,0.001,-0.000,0.000,0.134,0.001,0.003,-19.573,0.002,-18.929,-19.566,-18.921
3.757,9.058,-0.001,1.000,-0.000,-0.000,0.013,-0.043,-0.042,-66.710,-0.044,-66.590,-66.674,-66.552,-0.926,-0.001,0.001,0.002,-0.000,0.134,0.001,0.004,-19.578,0.003,-18.934,-19.571,-18.926
3.747,9.058,-0.001,1.000,-0.000,-0.000,0.014,-0.043,-0.042,-66.906,-0.044,-66.780,-66.869,-66.741,-0.927,-0.003,0.002,0.005,-0.001,0.134,0.002,0.004,-19.583,0.004,-18.941,-19.576,-18.933
3.738,9.058,-0.001,1.000,-0.000,-0.000,0.014,-0.043,-0.042,-67.102,-0.044,-66.969,-67.065,-66.930,-0.927,-0.004,0.004,0.009,-0.002,0.134,0.002,0.005,-19.585,0.004,-18.947,-19.579,-18.940
3.729,9.058,-0.001,1.000,0.000,-0.000,0.015,-0.043,-0.042,-67.297,-0.043,-67.159,-67.261,-67.120,-0.928,-0.005,0.008,0.013,-0.002,0.134,0.002,0.005,-19.582,0.005,-18.951,-19.578,-18.946
3.719,9.058,-0.001,1.000,0.000,-0.000,0.016,-0.043,-0.042,-67.493,-0.043,-67.348,-67.457,-67.309,-0.929,-0.006,0.011,0.016,-0.002,0.134,0.002,0.006,-19.573,0.005,-18.952,-19.571,-18.949
3.710,9.058,-0.001,1.000,0.000,-0.000,0.016,-0.043,-0.042,-67.689,-0.043,-67.538,-67.652,-67.499,-0.931,-0.008,0.016,0.017,-0.002,0.135,0.001,0.006,-19.556,0.005,-18.948,-19.557,-18.948
3.701,9.058,-0.001,1.000,0.000,-0.000,0.017,-0.043,-0.042,-67.884,-0.043,-67.727,-67.848,-67.688,-0.933,-0.009,0.020,0.017,-0.001,0.135,0.001,0.006,-19.532,0.005,-18.939,-19.536,-18.941
3.691,9.058,-0.001,1.000,0.000,-0.000,0.018,-0.043,-0.042,-68.079,-0.043,-67.917,-68.043,-67.878,-0.936,-0.010,0.023,0.014,-0.000,0.135,0.001,0.005,-19.504,0.005,-18.924,-19.509,-18.928
3.682,9.058,-0.000,1.000,0.000,-0.000,0.018,-0.043,-0.042,-68.274,-0.043,-68.106,-68.238,-68.067,-0.938,-0.012,0.025,0.008,0.001,0.135,0.001,0.005,-19.473,0.005,-18.904,-19.479,-18.909
3.673,9.057,-0.000,1.000,0.000,-0.000,0.019,-0.043,-0.042,-68.469,-0.043,-68.295,-68.433,-68.256,-0.941,-0.013,0.025,0.001,0.003,0.135,0.000,0.004,-19.442,0.004,-18.881,-19.447,-18.886
3.663,9.057,0.000,1.000,0.000,-0.000,0.020,-0.043,-0.042,-68.663,-0.043,-68.483,-68.627,-68.445,-0.944,-0.014,0.022,-0.008,0.004,0.136,0.000,0.003,-19.415,0.003,-18.856,-19.419,-18.860
3.654,9.057,0.000,1.000,0.000,-0.000,0.020,-0.043,-0.042,-68.857,-0.043,-68.672,-68.821,-68.633,-0.947,-0.016,0.018,-0.017,0.005,0.136,-0.000,0.002,-19.395,0.002,-18.832,-19.396,-18.834
3.644,9.057,0.001,1.000,0.000,-0.000,0.021,-0.043,-0.042,-69.051,-0.043,-68.860,-69.015,-68.821,-0.949,-0.017,0.013,-0.025,0.005,0.135,-0.000,0.000,-19.384,0.001,-18.811,-19.381,-18.809
3.635,9.057,0.001,1.000,0.000,-0.000,0.022,-0.043,-0.042,-69.245,-0.043,-69.048,-69.209,-69.009,-0.951,-0.018,0.005,-0.031,0.005,0.135,-0.001,-0.001,-19.383,0.000,-18.794,-19.376,-18.788
3.625,9.057,0.001,1.000,-0.000,-0.000,0.022,-0.043,-0.042,-69.439,-0.043,-69.236,-69.402,-69.197,-0.952,-0.020,-0.002,-0.035,0.004,0.135,-0.001,-0.002,-19.394,-0.001,-18.783,-19.382,-18.772
3.616,9.056,0.001,1.000,-0.000,-0.000,0.023,-0.043,-0.042,-69.633,-0.043,-69.424,-69.596,-69.385,-0.952,-0.021,-0.010,-0.035,0.004,0.135,-0.001,-0.003,-19.415,-0.002,-18.779,-19.398,-18.764
3.606,9.056,0.000,1.000,-0.000,0.000,0.024,-0.043,-0.042,-69.827,-0.043,-69.612,-69.790,-69.572,-0.951,-0.022,-0.017,-0.033,0.002,0.135,-0.001,-0.004,-19.444,-0.003,-18.782,-19.423,-18.762
3.597,9.056,0.000,1.000,-0.001,0.000,0.024,-0.043,-0.042,-70.022,-0.043,-69.799,-69.985,-69.760,-0.949,-0.024,-0.022,-0.026,0.001,0.134,-0.001,-0.005,-19.479,-0.003,-18.792,-19.455,-18.768
3.587,9.056,0.000,1.000,-0.001,0.000,0.025,-0.043,-0.042,-70.217,-0.043,-69.987,-70.179,-69.948,-0.947,-0.025,-0.026,-0.017,-0.001,0.134,-0.001,-0.005,-19.516,-0.004,-18.807,-19.490,-18.781
3.578,9.055,-0.000,1.000,-0.001,0.000,0.026,-0.043,-0.042,-70.412,-0.043,-70.176,-70.375,-70.136,-0.944,-0.026,-0.027,-0.007,-0.002,0.134,-0.001,-0.005,-19.552,-0.004,-18.826,-19.525,-18.798
3.568,9.055,-0.001,1.000,-0.001,-0.000,0.026,-0.043,-0.042,-70.608,-0.043,-70.364,-70.570,-70.324,-0.941,-0.027,-0.026,0.004,-0.004,0.134,-0.001,-0.005,-19.583,-0.005,-18.846,-19.557,-18.819
3.559,9.055,-0.001,1.000,-0.001,-0.000,0.027,-0.043,-0.042,-70.804,-0.043,-70.552,-70.766,-70.512,-0.938,-0.028,-0.024,0.014,-0.004,0.134,-0.001,-0.005,-19.606,-0.005,-18.867,-19.582,-18.842
3.550,9.055,-0.001,1.000,-0.001,-0.000,0.028,-0.043,-0.042,-71.000,-0.043,-70.741,-70.962,-70.700,-0.934,-0.029,-0.020,0.021,-0.005,0.134,-0.001,-0.004,-19.620,-0.005,-18.887,-19.599,-18.863
3.540,9.054,-0.001,1.000,-0.000,-0.000,0.028,0.003,-0.008,-71.194,-0.008,-70.929,-71.156,-70.888,-0.920,-0.036,-0.015,0.019,-0.011,0.093,7.334,5.718,-19.244,5.928,-18.702,-19.283,-18.715
3.531,9.054,-0.001,1.000,-0.000,-0.000,0.029,0.064,0.046,-71.384,0.047,-71.116,-71.347,-71.075,-0.905,-0.052,-0.010,0.009,-0.012,0.004,3.826,3.941,-18.810,3.963,-18.639,-18.855,-18.665
3.522,9.053,-0.001,1.000,-0.000,-0.000,0.028,0.065,0.054,-71.571,0.057,-71.302,-71.533,-71.262,-0.890,-0.066,-0.005,0.009,-0.012,-0.080,-3.270,-2.182,-18.429,-1.827,-18.619,-18.397,-18.599
3.513,9.053,-0.001,1.000,-0.000,-0.000,0.028,0.017,0.015,-71.753,0.022,-71.488,-71.715,-71.447,-0.877,-0.065,-0.002,0.021,-0.009,-0.090,-5.179,-4.512,-18.166,-4.070,-18.462,-18.095,-18.415
3.505,9.052,-0.001,1.000,-0.000,-0.000,0.028,-0.015,-0.015,-71.934,-0.005,-71.671,-71.895,-71.629,-0.867,-0.055,0.001,0.029,-0.005,-0.042,-0.669,-1.058,-17.963,-0.984,-18.139,-17.956,-18.138
3.496,9.051,-0.001,1.000,-0.000,-0.000,0.027,0.004,-0.003,-72.113,0.007,-71.850,-72.074,-71.810,-0.858,-0.049,0.002,0.020,-0.002,-0.012,3.748,3.003,-17.741,2.937,-17.814,-17.822,-17.889
3.488,9.051,-0.001,1.000,0.000,-0.000,0.027,0.041,0.030,-72.289,0.038,-72.028,-72.252,-71.988,-0.847,-0.053,0.003,0.002,-0.001,-0.036,2.886,2.882,-17.482,2.677,-17.640,-17.573,-17.724
3.479,9.050,-0.001,1.000,-0.000,-0.000,0.027,0.050,0.043,-72.462,0.050,-72.204,-72.426,-72.164,-0.836,-0.060,0.002,-0.007,-0.000,-0.079,-1.039,-0.381,-17.233,-0.462,-17.563,-17.259,-17.588
3.471,9.050,-0.001,1.000,-0.000,-0.000,0.027,0.027,0.026,-72.634,0.033,-72.379,-72.597,-72.339,-0.826,-0.060,0.002,-0.003,0.000,-0.091,-2.960,-2.422,-17.032,-2.387,-17.434,-17.012,-17.414
3.463,9.049,-0.001,1.000,-0.000,-0.000,0.026,0.006,0.006,-72.803,0.014,-72.552,-72.766,-72.512,-0.818,-0.054,0.001,0.005,0.001,-0.068,-1.011,-1.155,-16.867,-1.156,-17.198,-16.867,-17.198
3.455,9.049,-0.001,1.000,-0.000,-0.000,0.026,0.010,0.007,-72.971,0.014,-72.722,-72.934,-72.683,-0.811,-0.049,0.001,0.008,0.001,-0.045,1.557,1.007,-16.709,1.026,-16.944,-16.749,-16.986
3.446,9.048,-0.001,1.000,0.000,-0.000,0.026,0.028,0.021,-73.137,0.028,-72.891,-73.101,-72.852,-0.803,-0.049,0.002,0.007,0.001,-0.047,1.714,1.553,-16.531,1.430,-16.763,-16.583,-16.817
3.438,9.048,-0.001,1.000,0.000,-0.000,0.025,0.037,0.031,-73.302,0.037,-73.058,-73.266,-73.020,-0.794,-0.052,0.003,0.007,-0.000,-0.065,0.029,0.309,-16.339,0.250,-16.644,-16.374,-16.679
3.431,9.047,-0.001,1.000,0.000,-0.000,0.025,0.030,0.027,-73.464,0.033,-73.224,-73.429,-73.186,-0.786,-0.053,0.004,0.012,-0.001,-0.076,-1.269,-0.920,-16.157,-0.962,-16.522,-16.176,-16.538
3.423,9.047,-0.001,1.000,0.000,-0.000,0.025,0.018,0.018,-73.625,0.023,-73.388,-73.590,-73.350,-0.779,-0.050,0.007,0.019,-0.001,-0.070,-0.833,-0.733,-15.999,-0.805,-16.357,-16.020,-16.374
3.415,9.046,-0.001,1.000,0.000,-0.000,0.024,0.016,0.015,-73.784,0.019,-73.551,-73.749,-73.513,-0.773,-0.047,0.009,0.022,-0.001,-0.057,0.287,0.108,-15.856,0.065,-16.173,-15.884,-16.199
3.407,9.046,-0.001,1.000,0.000,-0.000,0.024,0.022,0.019,-73.942,0.023,-73.712,-73.907,-73.674,-0.767,-0.046,0.012,0.021,-0.000,-0.051,0.784,0.659,-15.705,0.573,-16.003,-15.735,-16.035
3.400,9.045,-0.001,1.000,0.000,-0.000,0.024,0.028,0.025,-74.098,0.028,-73.871,-74.064,-73.834,-0.761,-0.046,0.015,0.016,-0.000,-0.057,0.323,0.366,-15.535,0.298,-15.860,-15.565,-15.891
3.392,9.045,-0.001,1.000,0.001,-0.000,0.024,0.028,0.026,-74.253,0.029,-74.029,-74.218,-73.992,-0.756,-0.047,0.017,0.012,0.000,-0.064,-0.229,-0.084,-15.360,-0.106,-15.722,-15.390,-15.753
3.385,9.044,-0.000,1.000,0.001,-0.000,0.023,0.024,0.024,-74.405,0.026,-74.185,-74.372,-74.149,-0.751,-0.046,0.019,0.008,0.001,-0.065,-0.384,-0.273,-15.196,-0.306,-15.577,-15.226,-15.608
3.377,9.044,-0.000,1.000,0.001,-0.000,0.023,0.022,0.022,-74.557,0.024,-74.340,-74.523,-74.304,-0.746,-0.045,0.020,0.003,0.002,-0.062,-0.133,-0.121,-15.048,-0.147,-15.422,-15.077,-15.453
3.370,9.043,-0.000,1.000,0.001,-0.000,0.023,0.021,0.021,-74.706,0.023,-74.494,-74.673,-74.458,-0.742,-0.043,0.019,-0.003,0.003,-0.059,0.048,-0.020,-14.908,-0.026,-15.268,-14.936,-15.297
3.362,9.043,0.000,1.000,0.001,-0.000,0.022,0.022,0.022,-74.855,0.023,-74.646,-74.822,-74.610,-0.737,-0.042,0.018,-0.010,0.003,-0.057,0.094,0.039,-14.773,0.022,-15.119,-14.799,-15.147
3.355,9.043,0.000,1.000,0.001,-0.000,0.022,0.023,0.022,-75.002,0.023,-74.796,-74.969,-74.761,-0.733,-0.042,0.016,-0.016,0.004,-0.056,0.051,0.031,-14.643,0.011,-14.977,-14.667,-15.003
3.348,9.042,0.000,1.000,0.000,-0.000,0.022,0.023,0.022,-75.148,0.023,-74.945,-75.115,-74.910,-0.729,-0.041,0.013,-0.021,0.004,-0.056,0.016,0.017,-14.521,0.003,-14.842,-14.542,-14.865
3.340,9.042,0.001,1.000,0.000,-0.000,0.021,0.023,0.022,-75.292,0.023,-75.093,-75.260,-75.058,-0.725,-0.040,0.009,-0.024,0.004,-0.056,-0.002,0.010,-14.406,-0.001,-14.714,-14.425,-14.734
3.333,9.041,0.001,1.000,0.000,-0.000,0.021,0.023,0.022,-75.436,0.023,-75.240,-75.404,-75.205,-0.720,-0.040,0.005,-0.026,0.004,-0.056,-0.007,0.006,-14.301,-0.002,-14.593,-14.317,-14.611
3.326,9.041,0.001,1.000,0.000,-0.000,0.021,0.023,0.022,-75.578,0.023,-75.385,-75.546,-75.351,-0.716,-0.039,0.001,-0.026,0.004,-0.056,-0.007,0.005,-14.205,-0.003,-14.480,-14.218,-14.495
3.319,9.041,0.001,1.000,-0.000,-0.000,0.021,0.023,0.022,-75.720,0.023,-75.529,-75.688,-75.495,-0.711,-0.038,-0.004,-0.025,0.003,-0.055,-0.004,0.005,-14.117,-0.003,-14.375,-14.127,-14.387
3.312,9.040,0.001,1.000,-0.000,-0.000,0.020,0.023,0.022,-75.861,0.023,-75.673,-75.829,-75.638,-0.706,-0.038,-0.008,-0.023,0.003,-0.055,-0.001,0.005,-14.036,-0.003,-14.278,-14.044,-14.288
3.305,9.040,0.000,1.000,-0.000,-0.000,0.020,0.023,0.023,-76.001,0.023,-75.815,-75.969,-75.781,-0.701,-0.037,-0.012,-0.020,0.002,-0.055,0.000,0.005,-13.962,-0.004,-14.189,-13.968,-14.196
3.298,9.039,0.000,1.000,-0.000,-0.000,0.020,0.023,0.023,-76.140,0.023,-75.956,-76.108,-75.922,-0.696,-0.036,-0.015,-0.015,0.001,-0.054,0.001,0.004,-13.893,-0.004,-14.107,-13.897,-14.112
3.291,9.039,0.000,1.000,-0.000,-0.000,0.020,0.023,0.023,-76.278,0.023,-76.097,-76.247,-76.063,-0.691,-0.036,-0.017,-0.011,0.001,-0.054,0.001,0.004,-13.827,-0.004,-14.030,-13.831,-14.034
3.284,9.039,-0.000,1.000,-0.000,-0.000,0.019,0.023,0.023,-76.416,0.023,-76.237,-76.385,-76.203,-0.685,-0.035,-0.018,-0.006,0.000,-0.053,0.001,0.003,-13.765,-0.004,-13.959,-13.767,-13.962
3.277,9.038,-0.000,1.000,-0.000,-0.000,0.019,0.023,0.023,-76.554,0.023,-76.376,-76.522,-76.342,-0.680,-0.034,-0.019,-0.001,-0.000,-0.053,0.001,0.003,-13.703,-0.004,-13.892,-13.706,-13.895
3.270,9.038,-0.000,1.000,-0.000,-0.000,0.019,0.023,0.023,-76.690,0.023,-76.515,-76.659,-76.481,-0.675,-0.034,-0.019,0.003,-0.001,-0.052,0.000,0.003,-13.642,-0.003,-13.828,-13.645,-13.830
3.263,9.038,-0.001,1.000,-0.000,-0.000,0.018,0.023,0.023,-76.827,0.023,-76.653,-76.795,-76.619,-0.669,-0.033,-0.018,0.007,-0.001,-0.052,0.000,0.002,-13.581,-0.003,-13.766,-13.583,-13.768
3.257,9.037,-0.001,1.000,-0.000,-0.000,0.018,0.023,0.023,-76.962,0.023,-76.790,-76.931,-76.756,-0.664,-0.033,-0.016,0.010,-0.001,-0.051,0.000,0.002,-13.518,-0.003,-13.705,-13.521,-13.708
3.250,9.037,-0.001,1.000,-0.000,-0.000,0.018,0.023,0.023,-77.097,0.023,-76.927,-77.066,-76.893,-0.659,-0.032,-0.014,0.012,-0.001,-0.051,0.000,0.002,-13.453,-0.003,-13.644,-13.458,-13.647
3.244,9.037,-0.001,1.000,-0.000,-0.000,0.018,0.023,0.023,-77.231,0.023,-77.063,-77.200,-77.029,-0.654,-0.031,-0.012,0.013,-0.001,-0.050,0.000,0.002,-13.387,-0.002,-13.582,-13.392,-13.587
3.237,9.036,-0.001,1.000,-0.000,-0.000,0.017,0.023,0.023,-77.365,0.023,-77.199,-77.333,-77.165,-0.649,-0.031,-0.010,0.013,-0.001,-0.050,0.000,0.002,-13.319,-0.002,-13.520,-13.326,-13.526
3.231,9.036,-0.001,1.000,-0.000,-0.000,0.017,0.023,0.023,-77.498,0.023,-77.333,-77.466,-77.300,-0.645,-0.030,-0.007,0.012,-0.001,-0.050,0.001,0.002,-13.250,-0.002,-13.457,-13.258,-13.464
3.224,9.036,-0.001,1.000,-0.000,-0.000,0.017,0.023,0.023,-77.630,0.023,-77.468,-77.599,-77.434,-0.640,-0.030,-0.005,0.011,-0.001,-0.049,0.001,0.002,-13.181,-0.001,-13.393,-13.189,-13.401
3.218,9.036,-0.001,1.000,-0.000,-0.000,0.017,0.023,0.023,-77.761,0.023,-77.601,-77.730,-77.568,-0.636,-0.029,-0.003,0.009,-0.000,-0.049,0.001,0.002,-13.112,-0.001,-13.329,-13.120,-13.337
3.211,9.035,-0.001,1.000,-0.000,-0.000,0.016,0.023,0.023,-77.892,0.023,-77.734,-77.861,-77.701,-0.633,-0.029,-0.001,0.007,0.000,-0.049,0.001,0.002,-13.043,-0.001,-13.265,-13.052,-13.274
3.205,9.035,-0.001,1.000,0.000,-0.000,0.016,0.023,0.023,-78.022,0.023,-77.867,-77.991,-77.833,-0.629,-0.028,0.000,0.004,0.000,-0.048,0.001,0.002,-12.976,-0.000,-13.201,-12.985,-13.210
3.199,9.035,-0.001,1.000,0.000,-0.000,0.016,0.023,0.023,-78.151,0.023,-77.998,-78.121,-77.965,-0.626,-0.028,0.001,0.002,0.001,-0.048,0.001,0.002,-12.912,0.000,-13.139,-12.921,-13.148
3.193,9.034,-0.001,1.000,0.000,-0.000,0.016,0.023,0.023,-78.280,0.023,-78.129,-78.250,-78.096,-0.623,-0.028,0.001,0.000,0.001,-0.048,0.001,0.002,-12.850,0.000,-13.078,-12.859,-13.087
3.186,9.034,-0.001,1.000,0.000,-0.000,0.016,0.023,0.023,-78.408,0.023,-78.260,-78.378,-78.227,-0.620,-0.027,0.001,-0.001,0.001,-0.048,0.001,0.003,-12.791,0.001,-13.019,-12.800,-13.028
3.180,9.034,-0.001,1.000,0.000,-0.000,0.015,0.023,0.023,-78.536,0.023,-78.390,-78.506,-78.357,-0.618,-0.027,0.001,-0.002,0.001,-0.048,0.001,0.003,-12.735,0.001,-12.963,-12.744,-12.972
3.174,9.034,-0.001,1.000,0.000,-0.000,0.015,0.023,0.023,-78.663,0.023,-78.519,-78.633,-78.486,-0.615,-0.026,0.001,-0.002,0.001,-0.047,0.001,0.003,-12.683,0.001,-12.910,-12.692,-12.919
3.168,9.033,-0.001,1.000,-0.000,-0.000,0.015,0.023,0.023,-78.790,0.023,-78.648,-78.759,-78.615,-0.613,-0.026,0.001,-0.002,0.001,-0.047,0.001,0.003,-12.635,0.001,-12.860,-12.642,-12.868
3.162,9.033,-0.001,1.000,-0.000,-0.000,0.015,0.023,0.023,-78.916,0.023,-78.776,-78.886,-78.744,-0.611,-0.026,0.000,-0.002,0.001,-0.047,0.001,0.003,-12.589,0.002,-12.813,-12.596,-12.821
3.156,9.033,-0.001,1.000,-0.000,-0.000,0.014,0.023,0.023,-79.042,0.023,-78.904,-79.011,-78.872,-0.609,-0.025,0.000,-0.001,0.000,-0.047,0.001,0.003,-12.545,0.002,-12.769,-12.553,-12.776
3.150,9.033,-0.001,1.000,-0.000,-0.000,0.014,0.023,0.023,-79.167,0.023,-79.032,-79.137,-78.999,-0.607,-0.025,0.000,0.001,0.000,-0.047,0.001,0.003,-12.504,0.002,-12.727,-12.511,-12.734
3.144,9.032,-0.001,1.000,-0.000,-0.000,0.014,0.023,0.023,-79.292,0.023,-79.159,-79.262,-79.126,-0.605,-0.025,0.000,0.002,-0.000,-0.047,0.001,0.003,-12.464,0.002,-12.687,-12.471,-12.694
3.138,9.032,-0.001,1.000,-0.000,-0.000,0.014,0.023,0.023,-79.416,0.023,-79.286,-79.386,-79.253,-0.603,-0.024,0.001,0.004,-0.001,-0.047,0.001,0.003,-12.425,0.002,-12.648,-12.432,-12.656
3.132,9.032,-0.001,1.000,0.000,-0.000,0.013,0.023,0.023,-79.540,0.023,-79.412,-79.510,-79.379,-0.602,-0.024,0.002,0.005,-0.001,-0.047,0.001,0.003,-12.386,0.002,-12.611,-12.394,-12.619
3.126,9.032,-0.001,1.000,0.000,-0.000,0.013,0.023,0.023,-79.664,0.023,-79.538,-79.634,-79.505,-0.600,-0.024,0.003,0.006,-0.001,-0.047,0.001,0.003,-12.347,0.002,-12.574,-12.355,-12.582
3.120,9.031,-0.001,1.000,0.000,-0.000,0.013,0.023,0.023,-79.787,0.023,-79.663,-79.757,-79.631,-0.599,-0.023,0.005,0.007,-0.001,-0.047,0.001,0.003,-12.307,0.002,-12.537,-12.315,-12.546
3.114,9.031,-0.001,1.000,0.000,-0.000,0.013,0.023,0.023,-79.910,0.023,-79.788,-79.880,-79.756,-0.597,-0.023,0.006,0.008,-0.001,-0.047,0.001,0.003,-12.265,0.002,-12.499,-12.275,-12.508
3.108,9.031,-0.001,1.000,0.000,-0.000,0.012,0.023,0.023,-80.032,0.023,-79.913,-80.003,-79.881,-0.596,-0.023,0.008,0.008,-0.001,-0.046,0.001,0.003,-12.223,0.002,-12.460,-12.233,-12.470
3.102,9.031,-0.001,1.000,0.000,-0.000,0.012,0.023,0.023,-80.154,0.023,-80.038,-80.125,-80.006,-0.595,-0.022,0.010,0.008,-0.001,-0.046,0.001,0.003,-12.179,0.002,-12.419,-12.190,-12.430
3.096,9.030,-0.001,1.000,0.000,-0.000,0.012,0.023,0.023,-80.276,0.023,-80.162,-80.247,-80.130,-0.594,-0.022,0.012,0.007,-0.001,-0.046,0.000,0.003,-12.134,0.002,-12.378,-12.145,-12.389
3.090,9.030,-0.001,1.000,0.000,-0.000,0.012,0.023,0.023,-80.397,0.023,-80.285,-80.368,-80.253,-0.593,-0.022,0.013,0.006,-0.000,-0.046,0.000,0.002,-12.088,0.002,-12.334,-12.100,-12.347
3.084,9.030,-0.001,1.000,0.000,-0.000,0.012,0.023,0.023,-80.518,0.023,-80.408,-80.489,-80.377,-0.593,-0.021,0.014,0.004,0.000,-0.046,0.000,0.002,-12.042,0.002,-12.290,-12.054,-12.303
3.078,9.030,-0.000,1.000,0.000,-0.000,0.011,0.023,0.024,-80.638,0.023,-80.531,-80.609,-80.500,-0.592,-0.021,0.015,0.002,0.000,-0.046,0.000,0.002,-11.995,0.002,-12.245,-12.007,-12.258
3.072,9.030,-0.000,1.000,0.000,-0.000,0.011,0.023,0.024,-80.758,0.023,-80.653,-80.729,-80.622,-0.592,-0.021,0.016,0.000,0.001,-0.046,0.000,0.002,-11.950,0.001,-12.200,-11.962,-12.213
3.066,9.029,-0.000,1.000,0.000,-0.000,0.011,0.023,0.024,-80.877,0.023,-80.775,-80.848,-80.744,-0.591,-0.021,0.015,-0.002,0.001,-0.046,0.000,0.001,-11.905,0.001,-12.155,-11.917,-12.167
3.060,9.029,0.000,1.000,0.000,-0.000,0.011,0.023,0.024,-80.996,0.023,-80.896,-80.967,-80.865,-0.591,-0.020,0.015,-0.003,0.002,-0.047,0.000,0.001,-11.863,0.001,-12.111,-11.874,-12.123
3.054,9.029,0.000,1.000,0.000,-0.000,0.010,0.023,0.024,-81.114,0.023,-81.017,-81.086,-80.986,-0.590,-0.020,0.014,-0.005,0.002,-0.047,0.000,0.001,-11.823,0.001,-12.069,-11.834,-12.080
3.048,9.029,0.000,1.000,0.000,-0.000,0.010,0.023,0.024,-81.232,0.023,-81.138,-81.204,-81.107,-0.590,-0.020,0.012,-0.007,0.002,-0.047,-0.000,0.001,-11.787,0.000,-12.029,-11.796,-12.039
3.042,9.029,0.000,1.000,0.000,-0.000,0.010,0.023,0.024,-81.350,0.023,-81.258,-81.322,-81.227,-0.590,-0.019,0.010,-0.008,0.002,-0.047,-0.000,0.000,-11.754,0.000,-11.992,-11.762,-12.001
3.037,9.028,0.000,1.000,0.000,-0.000,0.010,0.023,0.024,-81.467,0.023,-81.378,-81.439,-81.347,-0.589,-0.019,0.008,-0.009,0.002,-0.047,-0.000,0.000,-11.725,-0.000,-11.958,-11.731,-11.966
3.031,9.028,0.001,1.000,0.000,-0.000,0.009,0.023,0.024,-81.584,0.023,-81.497,-81.556,-81.466,-0.589,-0.019,0.005,-0.009,0.002,-0.047,-0.000,-0.000,-11.699,-0.000,-11.928,-11.705,-11.935
3.025,9.028,0.001,1.000,0.000,-0.000,0.009,0.023,0.024,-81.701,0.023,-81.616,-81.673,-81.586,-0.588,-0.018,0.002,-0.009,0.002,-0.047,-0.000,-0.000,-11.678,-0.000,-11.902,-11.682,-11.907
3.019,9.028,0.001,1.000,0.000,-0.000,0.009,0.023,0.024,-81.818,0.023,-81.735,-81.790,-81.705,-0.588,-0.018,-0.001,-0.009,0.002,-0.046,-0.000,-0.000,-11.661,-0.001,-11.881,-11.664,-11.884
3.013,9.028,0.001,1.000,-0.000,-0.000,0.009,0.023,0.024,-81.935,0.023,-81.854,-81.906,-81.823,-0.587,-0.018,-0.004,-0.008,0.002,-0.046,-0.000,-0.001,-11.648,-0.001,-11.863,-11.650,-11.865
3.007,9.027,0.001,1.000,-0.000,-0.000,0.009,0.023,0.024,-82.051,0.023,-81.972,-82.023,-81.942,-0.586,-0.018,-0.006,-0.007,0.001,-0.046,-0.000,-0.001,-11.639,-0.001,-11.849,-11.639,-11.849
3.001,9.027,0.000,1.000,-0.000,-0.000,0.008,0.023,0.024,-82.167,0.023,-82.091,-82.139,-82.060,-0.585,-0.017,-0.009,-0.006,0.001,-0.046,-0.000,-0.001,-11.632,-0.001,-11.838,-11.632,-11.838
2.995,9.027,0.000,1.000,-0.000,-0.000,0.008,0.023,0.024,-82.284,0.023,-82.209,-82.256,-82.179,-0.584,-0.017,-0.011,-0.005,0.001,-0.046,-0.000,-0.001,-11.629,-0.001,-11.831,-11.627,-11.829
2.990,9.027,0.000,1.000,-0.000,-0.000,0.008,0.023,0.024,-82.400,0.023,-82.327,-82.372,-82.297,-0.582,-0.017,-0.013,-0.004,0.001,-0.046,-0.000,-0.001,-11.627,-0.002,-11.826,-11.625,-11.824
2.984,9.027,0.000,1.000,-0.000,-0.000,0.008,0.023,0.024,-82.516,0.023,-82.446,-82.488,-82.415,-0.581,-0.016,-0.014,-0.002,0.000,-0.046,-0.000,-0.001,-11.627,-0.002,-11.824,-11.624,-11.821
2.978,9.027,-0.000,1.000,-0.000,-0.000,0.007,0.023,0.024,-82.632,0.023,-82.564,-82.604,-82.533,-0.579,-0.016,-0.015,-0.001,-0.000,-0.046,-0.000,-0.001,-11.628,-0.002,-11.823,-11.624,-11.819
2.972,9.026,-0.000,1.000,-0.000,-0.000,0.007,0.023,0.023,-82.749,0.023,-82.682,-82.720,-82.651,-0.578,-0.016,-0.016,0.000,-0.001,-0.046,-0.000,-0.001,-11.628,-0.002,-11.823,-11.625,-11.819
2.966,9.026,-0.000,1.000,-0.000,-0.000,0.007,0.023,0.023,-82.865,0.023,-82.800,-82.837,-82.770,-0.576,-0.015,-0.016,0.001,-0.001,-0.045,-0.000,-0.001,-11.628,-0.002,-11.822,-11.625,-11.819
2.961,9.026,-0.001,1.000,-0.000,-0.000,0.007,0.023,0.023,-82.981,0.023,-82.919,-82.953,-82.888,-0.574,-0.015,-0.015,0.002,-0.001,-0.045,-0.000,-0.001,-11.628,-0.002,-11.822,-11.625,-11.818
2.955,9.026,-0.001,1.000,-0.000,-0.000,0.006,0.023,0.023,-83.098,0.023,-83.037,-83.069,-83.006,-0.573,-0.015,-0.014,0.003,-0.001,-0.045,-0.000,-0.001,-11.625,-0.002,-11.820,-11.623,-11.817
2.949,9.026,-0.001,1.000,-0.000,-0.000,0.006,0.023,0.023,-83.214,0.023,-83.155,-83.185,-83.124,-0.571,-0.014,-0.013,0.003,-0.001,-0.045,-0.000,-0.001,-11.621,-0.002,-11.817,-11.619,-11.814
2.944,9.026,-0.001,1.000,-0.000,-0.000,0.006,0.023,0.023,-83.330,0.023,-83.273,-83.302,-83.242,-0.569,-0.014,-0.012,0.004,-0.001,-0.045,-0.000,-0.001,-11.614,-0.002,-11.812,-11.613,-11.810
2.938,9.026,-0.001,1.000,-0.000,-0.000,0.006,0.023,0.023,-83.446,0.023,-83.391,-83.418,-83.360,-0.567,-0.014,-0.010,0.004,-0.001,-0.044,-0.000,-0.001,-11.606,-0.002,-11.805,-11.605,-11.804
2.932,9.025,-0.001,1.000,-0.000,-0.000,0.006,0.023,0.023,-83.562,0.023,-83.509,-83.534,-83.478,-0.566,-0.014,-0.008,0.003,-0.001,-0.044,-0.000,-0.001,-11.595,-0.001,-11.795,-11.595,-11.795
2.927,9.025,-0.001,1.000,-0.000,-0.000,0.005,0.023,0.023,-83.678,0.023,-83.627,-83.650,-83.596,-0.564,-0.013,-0.006,0.003,-0.001,-0.044,-0.000,-0.001,-11.582,-0.001,-11.784,-11.583,-11.784
2.921,9.025,-0.001,1.000,-0.000,-0.000,0.005,0.023,0.023,-83.794,0.023,-83.745,-83.765,-83.714,-0.563,-0.013,-0.005,0.003,-0.001,-0.044,-0.000,-0.001,-11.567,-0.001,-11.771,-11.569,-11.772
2.915,9.025,-0.001,1.000,-0.000,-0.000,0.005,0.023,0.023,-83.909,0.023,-83.862,-83.881,-83.832,-0.561,-0.013,-0.003,0.002,-0.001,-0.044,-0.000,-0.001,-11.551,-0.001,-11.756,-11.554,-11.758
2.910,9.025,-0.001,1.000,-0.000,-0.000,0.005,0.023,0.023,-84.025,0.023,-83.980,-83.996,-83.949,-0.560,-0.012,-0.002,0.001,-0.000,-0.044,-0.000,-0.001,-11.535,-0.001,-11.740,-11.537,-11.742
2.904,9.025,-0.001,1.000,-0.000,-0.000,0.004,0.023,0.023,-84.140,0.023,-84.097,-84.112,-84.067,-0.559,-0.012,-0.001,0.001,-0.000,-0.044,-0.000,-0.001,-11.517,-0.001,-11.723,-11.520,-11.726
2.899,9.025,-0.001,1.000,-0.000,-0.000,0.004,0.023,0.023,-84.255,0.023,-84.214,-84.227,-84.184,-0.558,-0.012,0.000,0.000,0.000,-0.044,-0.000,-0.000,-11.500,-0.001,-11.706,-11.503,-11.710
2.893,9.025,-0.001,1.000,-0.000,-0.000,0.004,0.023,0.023,-84.370,0.023,-84.331,-84.342,-84.301,-0.557,-0.012,0.001,-0.000,0.000,-0.043,0.000,-0.000,-11.483,-0.000,-11.690,-11.487,-11.693
2.887,9.024,-0.001,1.000,-0.000,-0.000,0.004,0.023,0.023,-84.485,0.023,-84.448,-84.457,-84.418,-0.556,-0.011,0.001,-0.001,0.000,-0.043,0.000,0.000,-11.467,-0.000,-11.674,-11.471,-11.677
