-5.000,-7.000,0.001,1.000,0.000,0.000,0.000,-0.000,-0.000,0.000,-0.000,0.000,0.000,0.000,-0.000,-0.000,0.000,-0.000,-0.000,-0.000,0.000,0.000,-0.000,0.000,-0.000,-0.000,-0.000
-5.000,-7.000,0.001,1.000,0.000,-0.000,-0.000,0.226,0.181,0.001,0.165,0.001,0.004,0.004,0.037,0.002,0.001,0.003,-0.023,-0.007,36.026,30.572,0.268,27.168,0.300,0.777,0.748
-4.999,-7.000,0.001,1.000,0.000,-0.000,0.000,0.504,0.452,0.007,0.392,0.008,0.014,0.015,0.061,0.009,0.000,0.009,-0.023,0.050,15.732,18.920,0.868,15.074,1.114,1.201,1.384
-4.999,-7.000,0.001,1.000,0.000,-0.000,0.000,0.524,0.497,0.020,0.447,0.024,0.028,0.031,0.079,0.017,0.000,0.011,-0.017,0.114,-10.933,-10.315,1.723,-3.580,2.030,1.473,1.924
-4.998,-7.000,0.001,1.000,0.000,-0.000,0.001,0.335,0.293,0.041,0.346,0.048,0.044,0.053,0.101,0.021,0.000,0.006,-0.014,0.136,-22.887,-25.963,2.444,-14.700,2.772,1.849,2.425
-4.997,-6.999,0.001,1.000,0.000,-0.000,0.002,0.163,0.091,0.067,0.221,0.078,0.065,0.080,0.130,0.019,0.000,-0.002,-0.015,0.110,-8.387,-11.067,2.788,-7.724,3.181,2.440,2.946
-4.995,-6.999,0.001,1.000,0.000,-0.001,0.002,0.201,0.108,0.096,0.230,0.111,0.093,0.112,0.161,0.018,0.000,-0.007,-0.017,0.091,13.760,12.817,2.975,8.613,3.453,3.076,3.509
-4.993,-6.999,0.001,1.000,0.000,-0.001,0.003,0.367,0.287,0.127,0.344,0.148,0.126,0.150,0.185,0.025,0.000,0.001,-0.011,0.137,15.749,19.211,3.260,11.362,3.978,3.487,4.083
-4.991,-6.999,0.001,1.000,0.000,-0.001,0.004,0.455,0.418,0.162,0.413,0.191,0.162,0.194,0.202,0.037,-0.001,0.009,-0.001,0.215,1.014,5.092,3.775,1.802,4.709,3.691,4.602
-4.989,-6.998,0.001,1.000,0.000,-0.001,0.005,0.392,0.380,0.203,0.379,0.242,0.200,0.242,0.219,0.045,-0.002,0.008,0.004,0.262,-11.820,-10.911,4.367,-7.811,5.387,3.929,5.065
-4.987,-6.998,0.000,1.000,0.000,-0.001,0.006,0.269,0.256,0.249,0.288,0.298,0.241,0.295,0.241,0.045,-0.003,0.002,0.003,0.257,-10.426,-11.196,4.807,-8.493,5.851,4.348,5.510
-4.984,-6.997,0.000,1.000,0.000,-0.001,0.007,0.227,0.206,0.298,0.243,0.358,0.287,0.352,0.266,0.044,-0.003,-0.000,0.001,0.240,2.304,1.678,5.077,-0.015,6.163,4.860,5.974
-4.982,-6.997,0.000,1.000,0.000,-0.001,0.009,0.299,0.280,0.350,0.282,0.422,0.338,0.414,0.288,0.049,-0.004,0.007,0.002,0.262,10.099,11.238,5.326,6.444,6.555,5.270,6.467
-4.979,-6.996,0.000,1.000,0.000,-0.001,0.010,0.383,0.384,0.405,0.340,0.490,0.392,0.481,0.305,0.059,-0.005,0.016,0.006,0.322,5.288,7.817,5.683,4.022,7.117,5.512,6.949
-4.976,-6.996,0.000,1.000,0.000,-0.001,0.012,0.388,0.411,0.464,0.349,0.564,0.448,0.553,0.320,0.067,-0.006,0.018,0.008,0.374,-3.852,-2.415,6.131,-2.162,7.706,5.720,7.391
-4.972,-6.995,0.000,1.000,0.000,-0.000,0.014,0.325,0.353,0.528,0.307,0.644,0.507,0.629,0.338,0.071,-0.007,0.012,0.007,0.388,-7.388,-7.588,6.552,-5.332,8.180,6.032,7.799
-4.969,-6.994,0.000,1.000,0.000,-0.000,0.016,0.272,0.294,0.595,0.264,0.728,0.569,0.709,0.358,0.071,-0.008,0.008,0.005,0.378,-2.415,-3.100,6.876,-2.520,8.531,6.434,8.196
-4.965,-6.994,0.000,1.000,0.001,-0.000,0.018,0.284,0.302,0.665,0.265,0.815,0.636,0.793,0.377,0.074,-0.009,0.010,0.004,0.384,4.231,4.165,7.142,2.338,8.878,6.810,8.604
-4.961,-6.993,0.000,1.000,0.001,-0.000,0.020,0.336,0.359,0.738,0.298,0.905,0.705,0.881,0.392,0.082,-0.010,0.017,0.005,0.419,4.932,5.919,7.424,3.452,9.310,7.078,9.021
-4.957,-6.992,-0.000,1.000,0.001,-0.000,0.022,0.364,0.398,0.814,0.320,1.001,0.777,0.974,0.406,0.091,-0.010,0.020,0.007,0.463,0.420,1.506,7.749,0.684,9.789,7.284,9.424
-4.953,-6.991,-0.000,1.000,0.001,-0.000,0.024,0.345,0.386,0.893,0.310,1.101,0.851,1.070,0.419,0.097,-0.011,0.017,0.007,0.489,-3.649,-3.425,8.087,-2.302,10.222,7.522,9.800
-4.949,-6.990,-0.000,1.000,0.001,-0.000,0.027,0.307,0.347,0.975,0.284,1.205,0.928,1.169,0.435,0.100,-0.012,0.011,0.005,0.491,-3.079,-3.526,8.396,-2.379,10.576,7.828,10.151
-4.945,-6.989,-0.000,1.000,0.001,-0.000,0.029,0.295,0.329,1.061,0.271,1.312,1.008,1.273,0.450,0.103,-0.012,0.007,0.004,0.489,0.557,0.113,8.672,-0.014,10.894,8.148,10.488
-4.940,-6.988,-0.001,1.000,0.001,-0.000,0.032,0.314,0.347,1.149,0.282,1.423,1.090,1.379,0.463,0.108,-0.012,0.007,0.004,0.503,2.829,2.977,8.932,1.790,11.238,8.419,10.827
-4.935,-6.987,-0.001,0.999,0.001,-0.000,0.034,0.339,0.375,1.239,0.299,1.537,1.176,1.489,0.474,0.116,-0.012,0.007,0.005,0.532,1.634,2.173,9.189,1.263,11.612,8.630,11.169
-4.930,-6.986,-0.001,0.999,0.001,-0.000,0.037,0.342,0.383,1.332,0.303,1.655,1.263,1.603,0.485,0.123,-0.011,0.004,0.004,0.560,-0.867,-0.501,9.445,-0.388,11.978,8.826,11.502
-4.926,-6.984,-0.001,0.999,0.001,-0.000,0.040,0.326,0.369,1.428,0.294,1.777,1.352,1.719,0.496,0.129,-0.010,-0.003,0.003,0.574,-1.973,-2.027,9.697,-1.246,12.302,9.052,11.812
-4.921,-6.983,-0.001,0.999,0.001,-0.000,0.043,0.311,0.352,1.526,0.283,1.901,1.444,1.839,0.507,0.133,-0.009,-0.011,0.002,0.576,-0.769,-1.026,9.946,-0.652,12.589,9.304,12.097
-4.915,-6.982,-0.001,0.999,0.001,-0.000,0.045,0.313,0.351,1.627,0.283,2.028,1.538,1.961,0.518,0.137,-0.008,-0.015,0.001,0.580,0.891,0.729,10.187,0.475,12.866,9.548,12.368
-4.910,-6.980,-0.001,0.999,0.001,-0.000,0.048,0.324,0.363,1.730,0.290,2.159,1.635,2.086,0.528,0.143,-0.007,-0.017,0.001,0.594,1.204,1.351,10.414,0.813,13.151,9.757,12.637
-4.905,-6.979,-0.001,0.999,0.001,-0.000,0.051,0.332,0.373,1.835,0.296,2.291,1.733,2.214,0.536,0.151,-0.005,-0.018,0.000,0.615,0.286,0.521,10.623,0.290,13.438,9.937,12.907
-4.899,-6.977,-0.001,0.999,0.001,-0.000,0.055,0.330,0.372,1.943,0.296,2.427,1.834,2.344,0.545,0.158,-0.004,-0.020,-0.000,0.634,-0.636,-0.517,10.823,-0.309,13.711,10.115,13.168
-4.894,-6.976,-0.001,0.998,0.000,-0.000,0.058,0.323,0.365,2.052,0.291,2.566,1.936,2.477,0.554,0.164,-0.003,-0.021,-0.001,0.644,-0.661,-0.690,11.025,-0.453,13.958,10.306,13.410
-4.888,-6.974,-0.001,0.998,0.000,-0.000,0.061,0.319,0.361,2.163,0.288,2.706,2.040,2.612,0.563,0.169,-0.002,-0.021,-0.001,0.650,-0.110,-0.218,11.228,-0.147,14.189,10.505,13.635
-4.883,-6.972,-0.001,0.998,0.000,-0.000,0.064,0.320,0.361,2.276,0.289,2.849,2.146,2.750,0.571,0.175,-0.001,-0.018,-0.001,0.656,0.351,0.275,11.427,0.170,14.413,10.695,13.851
-4.877,-6.971,-0.001,0.998,0.000,-0.000,0.068,0.324,0.365,2.392,0.291,2.995,2.254,2.889,0.578,0.181,-0.000,-0.014,-0.001,0.667,0.308,0.346,11.613,0.181,14.636,10.869,14.066
-4.871,-6.969,-0.001,0.997,0.000,-0.000,0.071,0.326,0.367,2.509,0.292,3.142,2.363,3.031,0.586,0.189,0.000,-0.008,-0.000,0.681,0.065,0.135,11.787,0.065,14.859,11.030,14.279
-4.865,-6.967,-0.001,0.997,0.000,-0.000,0.074,0.325,0.368,2.627,0.292,3.292,2.474,3.175,0.593,0.196,0.000,-0.004,0.000,0.693,-0.072,0.001,11.955,-0.007,15.077,11.185,14.487
-4.859,-6.965,-0.001,0.997,0.000,-0.000,0.078,0.325,0.368,2.748,0.292,3.444,2.587,3.321,0.600,0.203,0.001,0.000,0.001,0.704,-0.089,-0.036,12.120,-0.042,15.287,11.337,14.688
-4.853,-6.963,-0.001,0.997,0.000,-0.000,0.081,0.324,0.367,2.870,0.291,3.597,2.701,3.469,0.606,0.210,0.001,0.003,0.001,0.713,-0.051,-0.016,12.281,-0.033,15.491,11.488,14.884
-4.847,-6.961,-0.001,0.996,0.000,-0.000,0.085,0.324,0.367,2.993,0.291,3.753,2.817,3.618,0.613,0.216,0.001,0.003,0.001,0.722,-0.018,-0.005,12.438,-0.019,15.689,11.636,15.075
-4.841,-6.958,-0.001,0.996,0.000,-0.000,0.088,0.323,0.367,3.118,0.291,3.911,2.934,3.770,0.619,0.224,0.001,0.001,0.000,0.731,-0.000,-0.001,12.591,-0.012,15.881,11.780,15.261
-4.835,-6.956,-0.001,0.996,0.000,-0.000,0.092,0.323,0.367,3.245,0.291,4.071,3.052,3.924,0.624,0.231,0.001,-0.004,-0.000,0.740,0.006,0.001,12.741,-0.009,16.067,11.920,15.441
-4.829,-6.954,-0.001,0.995,0.000,-0.000,0.096,0.324,0.367,3.373,0.291,4.233,3.172,4.079,0.630,0.238,0.002,-0.012,-0.001,0.749,0.005,0.001,12.888,-0.008,16.245,12.058,15.615
-4.822,-6.951,-0.001,0.995,0.000,-0.000,0.100,0.324,0.367,3.503,0.291,4.396,3.293,4.236,0.636,0.245,0.003,-0.022,-0.003,0.757,0.002,0.000,13.032,-0.008,16.414,12.194,15.782
-4.816,-6.949,-0.001,0.995,-0.000,-0.000,0.103,0.324,0.367,3.634,0.291,4.561,3.416,4.395,0.641,0.253,0.004,-0.035,-0.004,0.766,0.000,-0.001,13.173,-0.007,16.572,12.328,15.940
-4.809,-6.946,-0.001,0.994,-0.000,-0.000,0.107,0.324,0.367,3.766,0.290,4.727,3.540,4.555,0.646,0.260,0.006,-0.048,-0.006,0.775,-0.001,-0.001,13.313,-0.006,16.719,12.461,16.088
-4.803,-6.944,-0.001,0.994,-0.001,-0.000,0.111,0.324,0.367,3.900,0.290,4.895,3.665,4.716,0.651,0.268,0.008,-0.061,-0.008,0.783,-0.002,-0.002,13.451,-0.005,16.854,12.594,16.226
-4.796,-6.941,-0.001,0.993,-0.001,-0.001,0.115,0.324,0.367,4.035,0.290,5.064,3.792,4.879,0.656,0.276,0.010,-0.071,-0.009,0.792,-0.002,-0.002,13.586,-0.004,16.977,12.725,16.353
-4.790,-6.938,-0.001,0.993,-0.001,-0.001,0.119,0.324,0.367,4.172,0.290,5.235,3.920,5.043,0.660,0.284,0.011,-0.077,-0.010,0.800,-0.001,-0.002,13.718,-0.004,17.091,12.854,16.470
-4.783,-6.935,-0.001,0.992,-0.002,-0.001,0.123,0.324,0.367,4.310,0.290,5.406,4.049,5.209,0.665,0.292,0.013,-0.077,-0.010,0.808,-0.001,-0.003,13.847,-0.003,17.196,12.981,16.578
-4.776,-6.932,-0.001,0.992,-0.002,-0.001,0.127,0.324,0.367,4.449,0.290,5.579,4.179,5.375,0.669,0.301,0.014,-0.071,-0.010,0.817,-0.001,-0.003,13.970,-0.003,17.296,13.104,16.678
-4.770,-6.929,-0.000,0.991,-0.002,-0.001,0.131,0.324,0.367,4.589,0.290,5.752,4.311,5.542,0.673,0.309,0.014,-0.057,-0.009,0.825,-0.001,-0.004,14.087,-0.003,17.393,13.221,16.773
-4.763,-6.926,-0.000,0.991,-0.003,-0.001,0.135,0.323,0.367,4.730,0.290,5.926,4.444,5.710,0.677,0.318,0.014,-0.035,-0.007,0.832,-0.001,-0.004,14.196,-0.003,17.491,13.332,16.866
-4.756,-6.923,-0.000,0.990,-0.003,-0.001,0.139,0.323,0.367,4.873,0.290,6.102,4.578,5.879,0.681,0.327,0.013,-0.008,-0.004,0.840,-0.001,-0.005,14.295,-0.003,17.594,13.432,16.959
-4.749,-6.920,-0.000,0.990,-0.003,-0.001,0.143,0.323,0.367,5.016,0.290,6.278,4.712,6.049,0.684,0.335,0.011,0.025,-0.001,0.846,-0.002,-0.005,14.383,-0.003,17.703,13.523,17.055
-4.743,-6.916,-0.000,0.989,-0.002,-0.001,0.148,0.323,0.367,5.160,0.290,6.456,4.848,6.221,0.687,0.344,0.009,0.059,0.002,0.853,-0.002,-0.006,14.460,-0.004,17.821,13.601,17.158
-4.736,-6.913,0.000,0.988,-0.002,-0.001,0.152,0.323,0.367,5.305,0.290,6.635,4.984,6.393,0.689,0.352,0.006,0.094,0.006,0.858,-0.002,-0.007,14.525,-0.004,17.950,13.665,17.267
-4.729,-6.909,0.000,0.988,-0.002,-0.001,0.156,0.323,0.367,5.451,0.290,6.815,5.121,6.566,0.691,0.361,0.003,0.125,0.010,0.863,-0.002,-0.007,14.579,-0.005,18.089,13.717,17.385
-4.722,-6.906,0.000,0.987,-0.001,-0.000,0.160,0.323,0.367,5.597,0.290,6.997,5.259,6.740,0.692,0.369,0.000,0.151,0.014,0.868,-0.002,-0.007,14.623,-0.006,18.238,13.756,17.511
-4.715,-6.902,0.000,0.986,-0.000,-0.000,0.165,0.323,0.367,5.743,0.290,7.180,5.396,6.916,0.693,0.377,-0.002,0.168,0.016,0.872,-0.002,-0.007,14.658,-0.007,18.395,13.784,17.646
-4.708,-6.898,0.000,0.986,0.001,-0.000,0.169,0.323,0.367,5.890,0.290,7.364,5.534,7.093,0.693,0.385,-0.005,0.174,0.018,0.875,-0.002,-0.007,14.687,-0.007,18.558,13.802,17.786
-4.701,-6.894,0.000,0.985,0.002,0.000,0.173,0.323,0.366,6.037,0.290,7.551,5.672,7.272,0.692,0.392,-0.006,0.168,0.018,0.878,-0.001,-0.006,14.713,-0.007,18.723,13.813,17.930
-4.694,-6.890,-0.000,0.984,0.002,0.000,0.178,0.323,0.366,6.184,0.290,7.739,5.810,7.452,0.691,0.400,-0.008,0.152,0.017,0.881,-0.001,-0.006,14.737,-0.006,18.885,13.821,18.075
-4.687,-6.886,-0.000,0.983,0.003,0.001,0.182,0.323,0.366,6.332,0.290,7.929,5.949,7.633,0.690,0.407,-0.008,0.127,0.016,0.884,-0.001,-0.005,14.762,-0.004,19.039,13.828,18.215
-4.680,-6.882,-0.000,0.982,0.004,0.001,0.186,0.323,0.366,6.480,0.290,8.120,6.087,7.816,0.688,0.414,-0.009,0.095,0.016,0.887,-0.000,-0.004,14.792,-0.003,19.181,13.838,18.349
-4.673,-6.878,-0.000,0.982,0.004,0.001,0.191,0.323,0.366,6.628,0.290,8.312,6.225,8.000,0.686,0.422,-0.009,0.058,0.016,0.890,0.000,-0.004,14.830,-0.001,19.309,13.854,18.472
-4.667,-6.874,-0.000,0.981,0.004,0.001,0.195,0.323,0.366,6.776,0.290,8.506,6.364,8.186,0.684,0.429,-0.008,0.020,0.016,0.893,0.000,-0.003,14.876,0.001,19.422,13.878,18.584
-4.660,-6.869,-0.000,0.980,0.004,0.001,0.200,0.323,0.366,6.925,0.290,8.701,6.503,8.372,0.682,0.436,-0.008,-0.016,0.017,0.896,0.001,-0.002,14.934,0.002,19.521,13.912,18.682
-4.653,-6.865,-0.001,0.979,0.004,0.001,0.204,0.323,0.366,7.075,0.290,8.896,6.642,8.559,0.680,0.443,-0.008,-0.047,0.017,0.899,0.001,-0.000,15.003,0.003,19.606,13.957,18.767
-4.646,-6.860,-0.001,0.978,0.004,0.001,0.208,0.323,0.366,7.225,0.290,9.093,6.782,8.747,0.678,0.450,-0.008,-0.072,0.017,0.902,0.001,0.001,15.084,0.003,19.681,14.014,18.840
-4.639,-6.856,-0.001,0.977,0.003,0.001,0.213,0.323,0.366,7.377,0.290,9.290,6.923,8.936,0.675,0.458,-0.008,-0.088,0.016,0.906,0.001,0.002,15.174,0.003,19.749,14.082,18.904
-4.633,-6.851,-0.001,0.976,0.003,0.001,0.217,0.323,0.366,7.529,0.290,9.488,7.064,9.125,0.673,0.465,-0.008,-0.095,0.013,0.909,0.001,0.003,15.271,0.002,19.812,14.159,18.960
-4.626,-6.847,-0.001,0.975,0.002,0.001,0.222,0.323,0.366,7.682,0.290,9.686,7.206,9.315,0.671,0.473,-0.009,-0.096,0.009,0.912,0.001,0.004,15.373,0.001,19.871,14.243,19.013
-4.619,-6.842,-0.001,0.974,0.002,0.001,0.226,0.323,0.366,7.836,0.290,9.885,7.349,9.506,0.668,0.480,-0.008,-0.091,0.003,0.915,0.001,0.005,15.476,0.000,19.927,14.333,19.064
-4.613,-6.837,-0.001,0.973,0.001,0.001,0.231,0.323,0.366,7.992,0.290,10.085,7.493,9.696,0.666,0.488,-0.008,-0.083,-0.004,0.918,0.001,0.005,15.576,-0.001,19.980,14.426,19.115
-4.606,-6.832,-0.001,0.972,0.001,0.001,0.235,0.323,0.366,8.148,0.290,10.285,7.637,9.888,0.663,0.495,-0.006,-0.075,-0.012,0.921,0.000,0.005,15.671,-0.002,20.028,14.520,19.167
-4.599,-6.827,-0.001,0.971,0.001,0.000,0.239,0.323,0.366,8.305,0.290,10.485,7.783,10.080,0.661,0.503,-0.005,-0.069,-0.019,0.924,0.000,0.005,15.759,-0.002,20.070,14.613,19.219
-4.593,-6.822,-0.001,0.970,0.000,0.000,0.244,0.323,0.367,8.463,0.290,10.686,7.930,10.272,0.658,0.510,-0.002,-0.067,-0.026,0.926,0.000,0.005,15.839,-0.003,20.102,14.705,19.271
-4.586,-6.817,-0.001,0.969,0.000,0.000,0.248,0.323,0.367,8.622,0.290,10.887,8.077,10.465,0.655,0.518,0.001,-0.069,-0.030,0.929,0.000,0.005,15.911,-0.002,20.123,14.793,19.319
-4.580,-6.812,-0.001,0.967,-0.000,-0.000,0.253,0.323,0.367,8.781,0.290,11.088,8.225,10.659,0.653,0.525,0.004,-0.075,-0.033,0.932,0.000,0.004,15.977,-0.002,20.132,14.878,19.361
-4.573,-6.806,-0.001,0.966,-0.001,-0.000,0.257,0.323,0.367,8.941,0.290,11.290,8.375,10.852,0.650,0.533,0.007,-0.083,-0.032,0.936,0.000,0.004,16.038,-0.002,20.129,14.959,19.394
-4.567,-6.801,-0.001,0.965,-0.001,-0.001,0.262,0.323,0.367,9.102,0.290,11.491,8.525,11.046,0.647,0.541,0.010,-0.092,-0.028,0.940,0.000,0.004,16.096,-0.001,20.116,15.037,19.416
-4.560,-6.795,-0.001,0.964,-0.001,-0.001,0.267,0.323,0.367,9.263,0.290,11.692,8.675,11.241,0.645,0.549,0.012,-0.099,-0.021,0.944,0.000,0.003,16.153,-0.001,20.097,15.110,19.427
-4.554,-6.790,-0.001,0.963,-0.002,-0.001,0.271,0.323,0.367,9.425,0.290,11.893,8.827,11.435,0.642,0.557,0.013,-0.101,-0.011,0.948,0.000,0.002,16.212,-0.000,20.077,15.180,19.426
-4.547,-6.784,-0.001,0.961,-0.002,-0.001,0.276,0.323,0.367,9.587,0.290,12.094,8.979,11.629,0.639,0.566,0.013,-0.097,-0.001,0.952,0.000,0.001,16.272,0.000,20.060,15.246,19.415
-4.541,-6.779,-0.001,0.960,-0.003,-0.001,0.280,0.323,0.367,9.750,0.290,12.294,9.132,11.823,0.636,0.574,0.011,-0.086,0.009,0.956,-0.000,0.000,16.334,0.001,20.053,15.308,19.399
-4.535,-6.773,-0.000,0.959,-0.003,-0.001,0.285,0.323,0.367,9.914,0.290,12.495,9.285,12.017,0.633,0.583,0.009,-0.066,0.018,0.960,-0.000,-0.001,16.397,0.001,20.059,15.365,19.382
-4.528,-6.767,-0.000,0.957,-0.003,-0.001,0.289,0.323,0.367,10.078,0.290,12.695,9.439,12.211,0.630,0.591,0.005,-0.039,0.023,0.962,-0.001,-0.002,16.459,0.001,20.083,15.416,19.369
-4.522,-6.761,-0.000,0.956,-0.004,-0.001,0.294,0.323,0.367,10.243,0.290,12.896,9.593,12.405,0.626,0.599,0.002,-0.006,0.025,0.964,-0.001,-0.003,16.516,0.001,20.126,15.462,19.366
-4.516,-6.755,-0.000,0.954,-0.004,-0.001,0.299,0.323,0.367,10.409,0.290,13.098,9.748,12.598,0.622,0.607,-0.002,0.030,0.023,0.966,-0.001,-0.004,16.565,0.000,20.188,15.500,19.377
-4.510,-6.749,-0.000,0.953,-0.003,-0.001,0.303,0.323,0.367,10.575,0.290,13.300,9.903,12.792,0.617,0.614,-0.005,0.068,0.018,0.966,-0.001,-0.005,16.602,-0.001,20.267,15.530,19.404
-4.503,-6.743,-0.000,0.951,-0.003,-0.001,0.308,0.323,0.367,10.741,0.290,13.503,10.059,12.986,0.612,0.621,-0.008,0.103,0.010,0.966,-0.001,-0.005,16.624,-0.001,20.360,15.553,19.450
-4.497,-6.736,-0.001,0.950,-0.002,-0.001,0.312,0.323,0.367,10.907,0.290,13.707,10.214,13.181,0.607,0.628,-0.009,0.132,-0.001,0.965,-0.001,-0.006,16.630,-0.002,20.462,15.566,19.514
-4.491,-6.730,-0.001,0.948,-0.002,-0.000,0.317,0.323,0.367,11.073,0.290,13.913,10.370,13.377,0.601,0.634,-0.009,0.153,-0.013,0.964,-0.001,-0.006,16.618,-0.002,20.569,15.570,19.596
-4.485,-6.724,-0.001,0.947,-0.001,-0.000,0.322,0.323,0.366,11.239,0.290,14.119,10.526,13.573,0.596,0.640,-0.008,0.164,-0.025,0.963,-0.001,-0.006,16.588,-0.002,20.675,15.565,19.691
-4.479,-6.717,-0.001,0.945,-0.000,-0.000,0.326,0.323,0.366,11.405,0.290,14.326,10.681,13.771,0.590,0.646,-0.006,0.165,-0.034,0.963,-0.001,-0.006,16.543,-0.002,20.773,15.550,19.795
-4.474,-6.711,-0.001,0.944,0.001,0.000,0.331,0.323,0.366,11.570,0.290,14.534,10.837,13.969,0.584,0.651,-0.003,0.159,-0.039,0.962,-0.001,-0.005,16.485,-0.001,20.859,15.527,19.902
-4.468,-6.704,-0.001,0.942,0.001,0.000,0.335,0.323,0.366,11.735,0.290,14.743,10.992,14.169,0.577,0.657,0.000,0.146,-0.038,0.963,-0.000,-0.005,16.420,-0.001,20.930,15.497,20.006
-4.462,-6.698,-0.001,0.941,0.002,0.000,0.340,0.323,0.366,11.898,0.290,14.953,11.147,14.369,0.571,0.662,0.003,0.129,-0.031,0.963,-0.000,-0.004,16.353,-0.000,20.987,15.460,20.103
-4.456,-6.691,-0.001,0.939,0.003,0.000,0.344,0.323,0.366,12.062,0.290,15.163,11.301,14.571,0.565,0.668,0.006,0.109,-0.019,0.964,-0.000,-0.004,16.289,0.000,21.032,15.418,20.188
-4.451,-6.684,-0.001,0.937,0.003,0.000,0.349,-0.013,0.055,12.228,0.068,15.371,11.455,14.773,0.577,0.663,0.017,0.037,-0.069,0.897,-55.762,-52.652,17.038,-39.726,20.380,15.621,20.268
-4.445,-6.678,-0.000,0.936,0.003,-0.001,0.352,-0.497,-0.416,12.401,-0.343,15.569,11.617,14.973,0.640,0.598,0.063,-0.092,-0.272,0.319,-31.875,-33.625,17.495,-32.973,19.331,16.767,19.517
-4.438,-6.673,0.000,0.936,0.003,-0.002,0.352,-0.568,-0.561,12.577,-0.430,15.761,11.789,15.162,0.667,0.534,0.071,-0.053,-0.272,-0.153,16.335,3.984,17.507,17.335,19.308,17.427,18.244
-4.431,-6.667,0.001,0.936,0.004,-0.003,0.351,-0.240,-0.376,12.752,-0.062,15.955,11.964,15.340,0.664,0.532,0.014,0.052,0.008,-0.211,42.732,28.919,17.520,48.324,19.362,17.580,17.596
-4.425,-6.662,0.001,0.937,0.004,-0.002,0.350,0.096,-0.112,12.927,0.320,16.148,12.139,15.515,0.651,0.538,-0.043,0.123,0.320,-0.128,17.788,17.780,17.571,21.763,19.366,17.333,17.401
-4.418,-6.656,0.000,0.937,0.004,0.001,0.350,0.045,-0.123,13.103,0.322,16.342,12.310,15.689,0.637,0.552,-0.071,0.108,0.466,0.009,-24.614,-18.241,17.611,-18.803,19.165,16.983,17.526
-4.412,-6.651,-0.000,0.937,0.004,0.001,0.350,-0.264,-0.363,13.280,0.033,16.529,12.481,15.867,0.652,0.562,0.010,0.069,-0.072,0.013,-29.723,-23.385,17.730,-32.425,18.345,17.211,17.859
-4.405,-6.645,0.000,0.937,0.004,0.001,0.350,-0.425,-0.496,13.458,-0.187,16.710,12.655,16.043,0.677,0.529,0.023,0.033,-0.167,-0.246,-1.037,-2.266,17.857,-8.253,17.956,17.651,17.340
-4.398,-6.640,0.000,0.937,0.004,0.000,0.348,-0.301,-0.414,13.637,-0.118,16.888,12.833,16.214,0.691,0.513,-0.005,-0.079,-0.008,-0.387,22.587,16.688,17.912,19.061,17.665,17.987,17.026
-4.392,-6.635,-0.000,0.938,0.004,0.000,0.346,-0.073,-0.226,13.816,0.085,17.065,13.013,16.385,0.672,0.536,-0.019,-0.103,0.069,-0.205,18.094,17.299,17.974,16.431,17.645,17.728,17.324
-4.385,-6.629,-0.000,0.938,0.003,0.001,0.346,-0.019,-0.145,13.996,0.134,17.242,13.186,16.562,0.634,0.571,-0.022,-0.136,0.082,0.122,-7.144,-1.718,18.042,-6.600,17.908,17.028,17.876
-4.379,-6.624,-0.000,0.938,0.002,0.001,0.347,-0.172,-0.235,14.177,-0.019,17.422,13.355,16.742,0.629,0.576,-0.019,-0.189,0.058,0.179,-19.127,-13.043,18.057,-20.552,18.043,16.880,18.069
-4.372,-6.618,-0.001,0.938,0.001,0.000,0.347,-0.312,-0.334,14.357,-0.193,17.601,13.527,16.920,0.667,0.539,-0.001,-0.152,-0.053,-0.131,-6.599,-4.948,18.113,-11.328,17.597,17.571,17.565
-4.365,-6.613,-0.001,0.938,0.001,-0.000,0.346,-0.287,-0.318,14.540,-0.211,17.774,13.706,17.092,0.696,0.499,0.004,-0.167,-0.072,-0.423,10.274,7.489,18.499,6.873,17.021,18.212,16.885
-4.358,-6.608,-0.001,0.939,0.000,-0.001,0.344,-0.155,-0.214,14.727,-0.102,17.942,13.890,17.260,0.701,0.494,0.004,-0.136,-0.064,-0.466,13.019,11.266,18.728,11.750,16.706,18.486,16.664
-4.352,-6.603,-0.000,0.940,-0.000,-0.001,0.342,-0.084,-0.139,14.914,-0.035,18.110,14.075,17.427,0.690,0.511,0.007,-0.122,-0.072,-0.337,0.320,2.574,18.622,0.652,16.833,18.415,16.862
-4.345,-6.598,-0.000,0.940,-0.001,-0.002,0.341,-0.145,-0.167,15.099,-0.092,18.279,14.258,17.597,0.686,0.519,0.008,-0.128,-0.054,-0.265,-10.481,-6.763,18.441,-10.424,17.009,18.375,17.005
-4.338,-6.593,-0.000,0.941,-0.001,-0.002,0.339,-0.242,-0.235,15.283,-0.199,18.449,14.443,17.766,0.698,0.505,0.003,-0.149,-0.000,-0.361,-7.014,-5.327,18.510,-8.937,16.840,18.608,16.799
-4.331,-6.588,-0.000,0.941,-0.002,-0.002,0.337,-0.259,-0.251,15.470,-0.237,18.615,14.631,17.932,0.714,0.481,-0.000,-0.152,0.040,-0.513,3.440,2.072,18.891,1.395,16.433,18.932,16.398
-4.323,-6.583,-0.000,0.942,-0.003,-0.002,0.334,-0.193,-0.204,15.661,-0.185,18.778,14.821,18.095,0.720,0.473,-0.001,-0.112,0.059,-0.561,8.108,6.324,19.212,7.312,16.187,19.105,16.190
-4.316,-6.578,-0.000,0.943,-0.003,-0.002,0.332,-0.134,-0.153,15.853,-0.129,18.940,15.012,18.257,0.718,0.479,-0.001,-0.063,0.064,-0.505,2.680,3.067,19.216,2.946,16.291,19.102,16.252
-4.309,-6.573,-0.000,0.944,-0.004,-0.002,0.330,-0.149,-0.154,16.045,-0.139,19.104,15.203,18.420,0.718,0.485,-0.002,-0.025,0.065,-0.453,-4.811,-2.873,19.102,-4.416,16.513,19.077,16.357
-4.302,-6.569,-0.000,0.945,-0.004,-0.002,0.328,-0.205,-0.193,16.236,-0.196,19.270,15.394,18.583,0.724,0.477,-0.002,-0.008,0.065,-0.487,-5.213,-3.909,19.215,-5.800,16.559,19.155,16.289
-4.295,-6.564,-0.000,0.946,-0.004,-0.001,0.325,-0.231,-0.215,16.430,-0.232,19.435,15.586,18.745,0.734,0.464,-0.004,0.012,0.061,-0.561,0.227,-0.239,19.507,-0.847,16.446,19.291,16.112
-4.287,-6.559,-0.000,0.947,-0.004,-0.001,0.322,-0.204,-0.198,16.626,-0.213,19.599,15.780,18.906,0.740,0.457,-0.005,0.044,0.050,-0.594,4.299,3.080,19.722,3.739,16.391,19.385,16.031
-4.280,-6.555,-0.000,0.948,-0.004,-0.001,0.320,-0.166,-0.167,16.824,-0.177,19.763,15.974,19.067,0.742,0.459,-0.006,0.081,0.035,-0.566,2.716,2.419,19.737,2.842,16.504,19.398,16.123
-4.272,-6.550,-0.001,0.948,-0.003,-0.001,0.317,-0.161,-0.159,17.021,-0.168,19.929,16.168,19.229,0.744,0.462,-0.006,0.107,0.018,-0.526,-1.493,-0.669,19.667,-1.082,16.695,19.376,16.280
-4.265,-6.545,-0.001,0.949,-0.003,-0.000,0.314,-0.187,-0.176,17.217,-0.192,20.097,16.361,19.392,0.748,0.460,-0.006,0.121,0.001,-0.524,-3.092,-2.226,19.665,-3.105,16.826,19.395,16.371
-4.257,-6.541,-0.001,0.950,-0.002,-0.000,0.312,-0.208,-0.193,17.414,-0.216,20.265,16.556,19.556,0.754,0.452,-0.005,0.130,-0.015,-0.559,-0.882,-0.988,19.745,-1.323,16.878,19.466,16.380
-4.250,-6.536,-0.001,0.951,-0.001,-0.000,0.309,-0.203,-0.193,17.612,-0.215,20.434,16.751,19.720,0.761,0.444,-0.003,0.143,-0.029,-0.589,1.643,0.960,19.807,1.271,16.925,19.537,16.395
-4.242,-6.532,-0.001,0.952,-0.001,-0.000,0.306,-0.184,-0.179,17.810,-0.198,20.604,16.946,19.884,0.764,0.442,-0.001,0.157,-0.039,-0.587,1.785,1.392,19.785,1.769,17.014,19.561,16.493
-4.235,-6.528,-0.001,0.953,0.000,-0.000,0.304,-0.174,-0.170,18.007,-0.187,20.775,17.142,20.050,0.767,0.442,0.001,0.164,-0.043,-0.565,0.068,0.294,19.707,0.314,17.121,19.541,16.652
-4.227,-6.523,-0.001,0.954,0.001,0.000,0.301,-0.182,-0.174,18.204,-0.192,20.946,17.337,20.217,0.770,0.441,0.003,0.159,-0.040,-0.553,-1.316,-0.827,19.638,-1.151,17.208,19.515,16.798
-4.219,-6.519,-0.001,0.954,0.002,0.000,0.298,-0.194,-0.182,18.400,-0.204,21.119,17.532,20.385,0.775,0.436,0.005,0.143,-0.031,-0.563,-0.901,-0.677,19.606,-1.004,17.267,19.508,16.884
-4.211,-6.514,-0.001,0.955,0.002,0.000,0.296,-0.197,-0.185,18.596,-0.209,21.292,17.727,20.554,0.780,0.430,0.006,0.122,-0.017,-0.581,0.264,0.120,19.591,0.058,17.318,19.504,16.937
-4.204,-6.510,-0.001,0.956,0.003,0.000,0.293,-0.190,-0.180,18.792,-0.204,21.465,17.922,20.724,0.784,0.425,0.006,0.099,-0.001,-0.587,0.876,0.654,19.568,0.769,17.375,19.480,17.000
-4.196,-6.506,-0.001,0.957,0.003,0.000,0.290,-0.184,-0.175,18.988,-0.197,21.639,18.117,20.895,0.788,0.423,0.005,0.072,0.016,-0.579,0.390,0.380,19.543,0.453,17.429,19.431,17.085
-4.188,-6.502,-0.000,0.958,0.004,0.001,0.287,-0.183,-0.173,19.183,-0.195,21.814,18.311,21.066,0.791,0.421,0.003,0.041,0.031,-0.570,-0.232,-0.060,19.534,-0.091,17.479,19.378,17.164
-4.180,-6.498,-0.000,0.959,0.004,0.001,0.285,-0.187,-0.175,19.379,-0.198,21.989,18.504,21.238,0.795,0.417,0.001,0.008,0.042,-0.567,-0.399,-0.230,19.557,-0.368,17.522,19.340,17.214
-4.172,-6.493,-0.000,0.959,0.004,0.001,0.282,-0.189,-0.177,19.574,-0.201,22.164,18.698,21.410,0.799,0.413,-0.002,-0.024,0.048,-0.570,-0.142,-0.092,19.610,-0.185,17.564,19.321,17.237
-4.164,-6.489,-0.001,0.960,0.003,0.001,0.279,-0.190,-0.177,19.771,-0.202,22.340,18.891,21.582,0.802,0.408,-0.005,-0.053,0.049,-0.573,0.060,0.018,19.684,-0.019,17.601,19.319,17.245
-4.156,-6.485,-0.001,0.961,0.003,0.001,0.276,-0.189,-0.177,19.968,-0.202,22.516,19.084,21.755,0.805,0.404,-0.008,-0.077,0.042,-0.574,0.129,0.080,19.770,0.064,17.636,19.333,17.250
-4.148,-6.481,-0.001,0.962,0.002,0.001,0.274,-0.188,-0.176,20.166,-0.201,22.693,19.278,21.927,0.808,0.400,-0.010,-0.094,0.029,-0.572,0.065,0.057,19.864,0.029,17.665,19.366,17.255
-4.140,-6.477,-0.001,0.963,0.002,0.001,0.271,-0.187,-0.176,20.365,-0.201,22.869,19.472,22.100,0.811,0.395,-0.010,-0.104,0.011,-0.571,0.014,0.028,19.960,0.009,17.688,19.417,17.260
-4.132,-6.473,-0.001,0.963,0.001,0.001,0.268,-0.187,-0.175,20.565,-0.201,23.046,19.666,22.273,0.814,0.391,-0.010,-0.108,-0.010,-0.569,-0.011,0.014,20.052,-0.000,17.700,19.485,17.265
-4.123,-6.469,-0.001,0.964,0.001,0.001,0.265,-0.187,-0.175,20.766,-0.201,23.223,19.861,22.445,0.816,0.387,-0.009,-0.108,-0.031,-0.568,-0.015,0.009,20.134,-0.004,17.699,19.567,17.270
-4.115,-6.466,-0.001,0.965,0.000,0.001,0.263,-0.188,-0.175,20.968,-0.201,23.400,20.057,22.618,0.818,0.382,-0.006,-0.105,-0.048,-0.568,-0.011,0.006,20.201,-0.005,17.684,19.657,17.276
-4.107,-6.462,-0.001,0.966,0.000,0.000,0.260,-0.188,-0.175,21.170,-0.201,23.577,20.254,22.791,0.821,0.378,-0.004,-0.102,-0.058,-0.567,-0.005,0.005,20.253,-0.005,17.654,19.751,17.282
-4.099,-6.458,-0.001,0.966,-0.000,-0.000,0.257,-0.188,-0.175,21.373,-0.201,23.753,20.452,22.964,0.823,0.373,-0.000,-0.098,-0.063,-0.567,-0.001,0.004,20.290,-0.005,17.612,19.845,17.286
-4.091,-6.454,-0.001,0.967,-0.001,-0.000,0.254,-0.188,-0.175,21.576,-0.201,23.929,20.651,23.136,0.825,0.369,0.003,-0.095,-0.060,-0.568,0.000,0.002,20.316,-0.006,17.559,19.932,17.285
-4.082,-6.451,-0.001,0.968,-0.001,-0.001,0.252,-0.188,-0.175,21.779,-0.201,24.104,20.851,23.309,0.828,0.364,0.006,-0.092,-0.051,-0.568,0.000,0.002,20.334,-0.006,17.499,20.012,17.280
-4.074,-6.447,-0.001,0.969,-0.002,-0.001,0.249,-0.188,-0.175,21.983,-0.201,24.279,21.051,23.482,0.831,0.360,0.008,-0.089,-0.037,-0.569,-0.000,0.001,20.350,-0.005,17.438,20.080,17.266
-4.066,-6.443,-0.001,0.969,-0.002,-0.001,0.246,-0.188,-0.175,22.186,-0.201,24.453,21.253,23.655,0.834,0.356,0.009,-0.086,-0.020,-0.571,-0.001,-0.000,20.368,-0.005,17.379,20.138,17.246
-4.057,-6.440,-0.001,0.970,-0.002,-0.002,0.243,-0.188,-0.175,22.390,-0.201,24.627,21.454,23.827,0.837,0.351,0.010,-0.082,-0.003,-0.572,-0.001,-0.001,20.390,-0.005,17.328,20.186,17.217
-4.049,-6.436,-0.001,0.971,-0.003,-0.002,0.241,-0.188,-0.175,22.594,-0.201,24.800,21.656,23.999,0.840,0.347,0.010,-0.075,0.013,-0.574,-0.001,-0.002,20.419,-0.004,17.287,20.226,17.183
-4.041,-6.433,-0.001,0.971,-0.003,-0.002,0.238,-0.188,-0.175,22.799,-0.202,24.973,21.859,24.171,0.843,0.343,0.009,-0.063,0.025,-0.575,-0.001,-0.003,20.452,-0.003,17.260,20.261,17.145
-4.032,-6.430,-0.001,0.972,-0.003,-0.002,0.235,-0.188,-0.175,23.003,-0.202,25.145,22.061,24.342,0.847,0.339,0.008,-0.046,0.032,-0.577,-0.001,-0.004,20.487,-0.002,17.248,20.293,17.107
-4.024,-6.426,-0.000,0.973,-0.004,-0.002,0.232,-0.188,-0.175,23.208,-0.202,25.318,22.265,24.513,0.850,0.334,0.007,-0.023,0.034,-0.579,-0.001,-0.005,20.519,-0.001,17.252,20.321,17.073
-4.015,-6.423,-0.000,0.973,-0.004,-0.001,0.229,-0.188,-0.175,23.414,-0.202,25.490,22.468,24.683,0.854,0.330,0.006,0.006,0.032,-0.581,-0.001,-0.006,20.543,0.001,17.271,20.346,17.046
-4.007,-6.420,-0.000,0.974,-0.004,-0.001,0.226,-0.188,-0.175,23.619,-0.202,25.663,22.671,24.854,0.857,0.326,0.004,0.039,0.027,-0.583,-0.001,-0.007,20.555,0.001,17.305,20.366,17.030
-3.998,-6.416,-0.000,0.975,-0.003,-0.001,0.224,-0.188,-0.175,23.825,-0.202,25.836,22.875,25.024,0.860,0.321,0.003,0.076,0.021,-0.585,-0.001,-0.008,20.550,0.002,17.352,20.379,17.027
-3.989,-6.413,-0.000,0.975,-0.003,-0.001,0.221,-0.188,-0.175,24.030,-0.202,26.010,23.079,25.194,0.864,0.317,0.002,0.112,0.016,-0.586,-0.001,-0.008,20.530,0.002,17.410,20.383,17.040
-3.981,-6.410,-0.000,0.976,-0.002,-0.001,0.218,-0.188,-0.175,24.235,-0.201,26.185,23.283,25.365,0.867,0.312,0.001,0.143,0.012,-0.588,-0.001,-0.008,20.496,0.001,17.479,20.374,17.070
-3.972,-6.407,-0.000,0.977,-0.001,-0.000,0.215,-0.188,-0.176,24.440,-0.201,26.360,23.486,25.536,0.870,0.307,0.000,0.168,0.010,-0.590,-0.001,-0.008,20.453,0.001,17.556,20.352,17.116
-3.963,-6.404,-0.000,0.977,-0.001,-0.000,0.212,-0.188,-0.176,24.644,-0.201,26.536,23.690,25.707,0.873,0.302,-0.001,0.182,0.012,-0.592,-0.001,-0.008,20.406,-0.000,17.639,20.315,17.175
-3.955,-6.401,-0.000,0.978,0.000,0.000,0.209,-0.188,-0.176,24.848,-0.201,26.712,23.893,25.879,0.876,0.297,-0.001,0.183,0.015,-0.594,-0.001,-0.007,20.361,-0.001,17.727,20.264,17.244
-3.946,-6.398,-0.000,0.978,0.001,0.000,0.206,-0.188,-0.176,25.051,-0.202,26.890,24.095,26.052,0.878,0.292,-0.002,0.171,0.018,-0.595,-0.001,-0.006,20.322,-0.002,17.815,20.201,17.319
-3.937,-6.395,-0.000,0.979,0.002,0.001,0.203,-0.188,-0.176,25.255,-0.202,27.069,24.297,26.226,0.881,0.287,-0.003,0.145,0.020,-0.596,-0.000,-0.004,20.295,-0.002,17.900,20.130,17.396
-3.928,-6.392,-0.000,0.980,0.002,0.001,0.201,-0.188,-0.176,25.457,-0.202,27.248,24.498,26.400,0.883,0.282,-0.003,0.110,0.022,-0.596,0.000,-0.002,20.280,-0.002,17.974,20.058,17.469
-3.919,-6.389,-0.000,0.980,0.003,0.001,0.198,-0.188,-0.176,25.660,-0.202,27.428,24.698,26.575,0.885,0.277,-0.005,0.071,0.023,-0.595,0.001,0.001,20.280,-0.001,18.034,19.989,17.532
-3.910,-6.387,-0.000,0.981,0.003,0.001,0.195,-0.188,-0.176,25.863,-0.202,27.609,24.897,26.751,0.887,0.271,-0.006,0.030,0.024,-0.594,0.001,0.003,20.296,-0.000,18.079,19.931,17.585
-3.902,-6.384,-0.000,0.981,0.003,0.001,0.192,-0.188,-0.176,26.066,-0.202,27.790,25.097,26.927,0.888,0.266,-0.008,-0.009,0.023,-0.593,0.002,0.006,20.327,0.001,18.111,19.890,17.625
-3.893,-6.381,-0.001,0.982,0.003,0.001,0.189,-0.188,-0.176,26.270,-0.202,27.971,25.295,27.103,0.889,0.261,-0.009,-0.044,0.019,-0.591,0.002,0.007,20.373,0.001,18.131,19.869,17.651
-3.884,-6.379,-0.001,0.983,0.003,0.001,0.186,-0.188,-0.176,26.474,-0.202,28.152,25.494,27.280,0.890,0.255,-0.010,-0.072,0.013,-0.589,0.002,0.009,20.427,0.001,18.142,19.869,17.666
-3.875,-6.376,-0.001,0.983,0.002,0.001,0.183,-0.188,-0.176,26.678,-0.202,28.334,25.693,27.456,0.891,0.250,-0.011,-0.091,0.004,-0.587,0.001,0.009,20.487,0.001,18.144,19.890,17.669
-3.866,-6.374,-0.001,0.984,0.002,0.001,0.180,-0.188,-0.175,26.883,-0.202,28.515,25.892,27.633,0.891,0.245,-0.011,-0.099,-0.008,-0.585,0.001,0.009,20.547,0.001,18.138,19.931,17.665
-3.857,-6.371,-0.001,0.984,0.001,0.001,0.177,-0.188,-0.175,27.089,-0.201,28.697,26.091,27.810,0.892,0.239,-0.010,-0.099,-0.020,-0.584,0.001,0.008,20.602,0.001,18.126,19.987,17.656
-3.848,-6.369,-0.001,0.985,0.001,0.001,0.174,-0.188,-0.175,27.295,-0.201,28.878,26.292,27.986,0.892,0.234,-0.008,-0.091,-0.031,-0.582,0.000,0.006,20.646,0.000,18.108,20.053,17.644
-3.839,-6.367,-0.001,0.985,0.000,0.001,0.172,-0.188,-0.175,27.502,-0.201,29.059,26.493,28.162,0.893,0.229,-0.007,-0.080,-0.039,-0.581,-0.000,0.005,20.678,-0.000,18.084,20.124,17.633
-3.830,-6.364,-0.001,0.986,0.000,0.000,0.169,-0.188,-0.175,27.709,-0.201,29.239,26.694,28.339,0.893,0.223,-0.005,-0.068,-0.044,-0.581,-0.001,0.003,20.698,-0.001,18.056,20.195,17.624
-3.821,-6.362,-0.001,0.986,-0.000,0.000,0.166,-0.188,-0.175,27.916,-0.202,29.420,26.896,28.515,0.894,0.218,-0.002,-0.057,-0.045,-0.580,-0.001,0.002,20.709,-0.002,18.024,20.262,17.619
-3.812,-6.360,-0.001,0.987,-0.000,-0.000,0.163,-0.188,-0.175,28.123,-0.202,29.600,27.099,28.691,0.895,0.213,-0.000,-0.049,-0.044,-0.580,-0.001,0.001,20.714,-0.003,17.988,20.322,17.617
-3.803,-6.358,-0.001,0.987,-0.001,-0.000,0.160,-0.188,-0.175,28.330,-0.202,29.779,27.303,28.867,0.896,0.207,0.002,-0.044,-0.041,-0.580,-0.001,-0.000,20.717,-0.004,17.949,20.374,17.619
-3.795,-6.356,-0.001,0.988,-0.001,-0.001,0.157,-0.188,-0.175,28.537,-0.202,29.959,27.507,29.044,0.898,0.202,0.004,-0.044,-0.036,-0.581,-0.001,-0.001,20.721,-0.004,17.907,20.418,17.622
-3.786,-6.354,-0.001,0.988,-0.001,-0.001,0.154,-0.188,-0.175,28.745,-0.202,30.138,27.711,29.220,0.899,0.197,0.006,-0.046,-0.032,-0.582,-0.001,-0.002,20.726,-0.004,17.863,20.455,17.624
-3.777,-6.352,-0.001,0.988,-0.001,-0.001,0.152,-0.188,-0.175,28.952,-0.202,30.316,27.916,29.396,0.901,0.192,0.008,-0.051,-0.028,-0.582,-0.001,-0.003,20.735,-0.004,17.816,20.489,17.625
-3.768,-6.350,-0.001,0.989,-0.001,-0.001,0.149,-0.188,-0.175,29.159,-0.202,30.494,28.121,29.572,0.903,0.187,0.010,-0.056,-0.025,-0.583,-0.001,-0.003,20.746,-0.004,17.770,20.521,17.622
-3.758,-6.348,-0.001,0.989,-0.002,-0.001,0.146,-0.188,-0.175,29.367,-0.202,30.671,28.326,29.748,0.906,0.182,0.011,-0.058,-0.022,-0.584,-0.001,-0.004,20.756,-0.004,17.725,20.555,17.613
-3.749,-6.346,-0.001,0.990,-0.002,-0.001,0.143,-0.188,-0.175,29.574,-0.202,30.848,28.532,29.924,0.908,0.177,0.012,-0.055,-0.019,-0.586,-0.001,-0.005,20.763,-0.004,17.683,20.590,17.599
-3.740,-6.345,-0.001,0.990,-0.002,-0.002,0.140,-0.188,-0.175,29.782,-0.202,31.025,28.738,30.100,0.911,0.172,0.013,-0.047,-0.016,-0.587,-0.001,-0.005,20.763,-0.003,17.646,20.625,17.578
-3.731,-6.343,-0.001,0.991,-0.002,-0.002,0.137,-0.188,-0.175,29.990,-0.202,31.201,28.945,30.276,0.914,0.167,0.014,-0.032,-0.011,-0.589,-0.001,-0.006,20.753,-0.002,17.616,20.657,17.552
-3.722,-6.341,-0.000,0.991,-0.002,-0.002,0.134,-0.188,-0.175,30.197,-0.202,31.377,29.151,30.451,0.916,0.162,0.014,-0.011,-0.004,-0.591,-0.001,-0.006,20.732,-0.001,17.595,20.684,17.522
-3.713,-6.340,-0.000,0.991,-0.002,-0.002,0.131,-0.188,-0.176,30.404,-0.202,31.553,29.358,30.626,0.919,0.157,0.014,0.015,0.007,-0.593,-0.000,-0.006,20.701,-0.000,17.585,20.699,17.490
-3.704,-6.338,-0.000,0.992,-0.002,-0.002,0.128,-0.188,-0.176,30.611,-0.202,31.729,29.565,30.801,0.921,0.152,0.012,0.044,0.020,-0.596,-0.000,-0.006,20.663,0.001,17.589,20.699,17.460
-3.694,-6.337,-0.000,0.992,-0.002,-0.001,0.125,-0.188,-0.176,30.818,-0.202,31.905,29.772,30.976,0.923,0.147,0.010,0.073,0.037,-0.598,-0.000,-0.006,20.621,0.001,17.609,20.680,17.435
-3.685,-6.335,0.000,0.992,-0.002,-0.001,0.122,-0.188,-0.176,31.024,-0.202,32.081,29.979,31.150,0.926,0.141,0.008,0.099,0.056,-0.600,0.000,-0.005,20.583,0.002,17.647,20.641,17.416
-3.676,-6.334,0.000,0.993,-0.001,-0.001,0.119,-0.188,-0.176,31.229,-0.202,32.258,30.185,31.324,0.928,0.136,0.004,0.119,0.073,-0.601,0.000,-0.004,20.554,0.002,17.702,20.584,17.408
-3.667,-6.333,0.000,0.993,-0.001,-0.000,0.116,-0.188,-0.176,31.435,-0.202,32.436,30.390,31.498,0.930,0.130,0.000,0.130,0.086,-0.603,0.000,-0.003,20.540,0.002,17.773,20.511,17.410
-3.657,-6.331,0.000,0.994,0.000,0.000,0.113,-0.188,-0.176,31.640,-0.202,32.614,30.595,31.672,0.931,0.124,-0.004,0.130,0.092,-0.604,0.000,-0.001,20.542,0.002,17.861,20.428,17.424
-3.648,-6.330,0.000,0.994,0.001,0.001,0.110,-0.188,-0.176,31.846,-0.202,32.793,30.799,31.847,0.933,0.119,-0.007,0.116,0.089,-0.604,0.001,0.000,20.562,0.002,17.958,20.343,17.448
-3.639,-6.329,0.000,0.994,0.001,0.001,0.108,-0.028,-0.064,32.049,-0.066,32.974,31.002,32.023,0.935,0.138,-0.009,0.120,0.066,-0.477,25.978,19.159,20.123,22.809,18.296,20.135,17.827
-3.629,-6.327,-0.000,0.994,0.002,0.001,0.106,0.193,0.122,32.248,0.142,33.160,31.200,32.204,0.923,0.188,-0.003,0.156,0.007,-0.141,13.815,13.794,19.624,14.794,18.917,19.457,18.530
-3.620,-6.325,-0.000,0.994,0.003,0.001,0.106,0.199,0.143,32.442,0.186,33.352,31.390,32.393,0.908,0.230,-0.000,0.095,-0.049,0.160,-11.374,-9.206,19.260,-5.295,19.411,18.666,19.177
-3.611,-6.323,-0.000,0.994,0.003,0.001,0.107,0.026,-0.011,32.633,0.071,33.547,31.575,32.587,0.906,0.236,-0.006,0.024,-0.048,0.222,-18.706,-17.458,19.024,-14.520,19.606,18.349,19.451
-3.602,-6.320,-0.000,0.994,0.003,0.001,0.108,-0.087,-0.126,32.823,-0.029,33.743,31.759,32.781,0.911,0.212,-0.014,-0.036,-0.025,0.074,-2.399,-3.881,18.975,-3.598,19.508,18.546,19.299
-3.593,-6.318,-0.000,0.994,0.003,0.001,0.108,-0.018,-0.081,33.013,0.017,33.938,31.946,32.972,0.911,0.197,-0.018,-0.060,-0.011,-0.023,13.679,11.046,19.014,10.964,19.508,18.715,19.118
-3.584,-6.316,-0.001,0.994,0.002,0.001,0.108,0.116,0.043,33.203,0.131,34.133,32.132,33.164,0.904,0.213,-0.017,-0.055,-0.018,0.080,10.393,11.045,18.896,9.328,19.671,18.537,19.285
-3.575,-6.314,-0.001,0.994,0.002,0.001,0.109,0.146,0.091,33.391,0.166,34.331,32.316,33.359,0.895,0.240,-0.013,-0.062,-0.038,0.248,-4.336,-1.704,18.651,-2.371,19.834,18.216,19.626
-3.566,-6.312,-0.001,0.994,0.002,0.000,0.110,0.056,0.026,33.576,0.098,34.529,32.497,33.556,0.893,0.248,-0.012,-0.080,-0.036,0.295,-11.210,-9.268,18.454,-9.368,19.837,18.148,19.805
-3.557,-6.309,-0.001,0.994,0.001,0.000,0.112,-0.025,-0.045,33.761,0.022,34.727,32.680,33.754,0.896,0.232,-0.012,-0.095,-0.024,0.190,-3.542,-3.542,18.543,-4.499,19.666,18.391,19.659
-3.548,-6.307,-0.001,0.994,0.001,-0.000,0.112,-0.003,-0.031,33.948,0.026,34.923,32.865,33.949,0.896,0.216,-0.009,-0.083,-0.020,0.084,6.770,5.580,18.809,4.538,19.528,18.636,19.405
-3.539,-6.305,-0.001,0.994,0.001,-0.000,0.113,0.075,0.040,34.136,0.085,35.118,33.052,34.143,0.893,0.219,-0.007,-0.061,-0.018,0.097,6.951,7.058,18.878,5.679,19.518,18.682,19.372
-3.530,-6.303,-0.001,0.994,0.000,-0.000,0.113,0.106,0.080,34.324,0.113,35.314,33.238,34.337,0.890,0.236,-0.004,-0.043,-0.017,0.187,-0.999,0.459,18.682,-0.356,19.609,18.583,19.542
-3.521,-6.300,-0.001,0.993,0.000,-0.000,0.114,0.063,0.052,34.510,0.081,35.510,33.424,34.533,0.889,0.243,-0.003,-0.037,-0.014,0.226,-6.205,-4.948,18.535,-5.130,19.637,18.561,19.658
-3.512,-6.298,-0.001,0.993,-0.000,-0.000,0.115,0.012,0.008,34.696,0.034,35.706,33.610,34.730,0.891,0.235,-0.001,-0.038,-0.011,0.171,-3.065,-2.936,18.646,-3.341,19.528,18.699,19.581
-3.503,-6.295,-0.001,0.993,-0.000,-0.001,0.116,0.013,0.006,34.884,0.027,35.900,33.798,34.925,0.893,0.225,0.001,-0.037,-0.011,0.101,2.929,2.235,18.875,1.697,19.380,18.867,19.432
-3.495,-6.293,-0.001,0.993,-0.000,-0.001,0.117,0.054,0.041,35.073,0.056,36.094,33.987,35.119,0.893,0.227,0.003,-0.028,-0.014,0.102,4.251,4.023,18.954,3.399,19.338,18.917,19.416
-3.486,-6.291,-0.001,0.993,-0.001,-0.001,0.117,0.079,0.068,35.262,0.079,36.288,34.176,35.313,0.892,0.238,0.005,-0.023,-0.020,0.159,0.431,1.049,18.849,0.812,19.422,18.851,19.534
-3.477,-6.288,-0.001,0.993,-0.001,-0.001,0.118,0.063,0.060,35.450,0.069,36.482,34.364,35.509,0.891,0.246,0.007,-0.032,-0.026,0.197,-3.025,-2.317,18.745,-2.287,19.500,18.802,19.639
-3.468,-6.286,-0.001,0.993,-0.001,-0.001,0.119,0.034,0.035,35.637,0.044,36.677,34.552,35.706,0.894,0.244,0.009,-0.049,-0.032,0.178,-2.257,-2.140,18.780,-2.151,19.446,18.866,19.633
-3.459,-6.284,-0.001,0.993,-0.001,-0.001,0.120,0.027,0.026,35.826,0.035,36.871,34.742,35.902,0.897,0.239,0.011,-0.059,-0.035,0.134,0.808,0.388,18.892,0.243,19.303,18.994,19.562
-3.450,-6.281,-0.001,0.993,-0.001,-0.001,0.120,0.045,0.040,36.015,0.046,37.063,34.932,36.097,0.899,0.239,0.013,-0.055,-0.034,0.121,2.248,1.957,18.947,1.695,19.206,19.080,19.527
-3.441,-6.279,-0.001,0.993,-0.002,-0.002,0.121,0.061,0.056,36.204,0.060,37.255,35.123,36.293,0.900,0.245,0.014,-0.044,-0.029,0.145,0.816,0.983,18.907,0.823,19.214,19.082,19.552
-3.432,-6.276,-0.001,0.993,-0.002,-0.002,0.122,0.059,0.056,36.393,0.060,37.448,35.314,36.488,0.900,0.251,0.015,-0.031,-0.020,0.171,-1.122,-0.757,18.846,-0.731,19.256,19.061,19.576
-3.423,-6.274,-0.000,0.992,-0.002,-0.002,0.123,0.045,0.045,36.581,0.049,37.640,35.504,36.684,0.902,0.252,0.015,-0.016,-0.007,0.169,-1.321,-1.152,18.823,-1.153,19.247,19.083,19.550
-3.414,-6.271,-0.000,0.992,-0.002,-0.002,0.124,0.037,0.037,36.770,0.042,37.833,35.695,36.879,0.904,0.251,0.014,0.004,0.009,0.149,-0.127,-0.301,18.827,-0.322,19.192,19.140,19.486
-3.405,-6.269,-0.000,0.992,-0.002,-0.002,0.124,0.042,0.040,36.958,0.044,38.024,35.887,37.074,0.907,0.251,0.012,0.033,0.027,0.136,0.890,0.688,18.818,0.579,19.159,19.176,19.426
-3.396,-6.266,0.000,0.992,-0.002,-0.002,0.125,0.051,0.047,37.146,0.050,38.216,36.079,37.268,0.908,0.254,0.010,0.065,0.046,0.140,0.658,0.648,18.786,0.525,19.189,19.157,19.396
-3.387,-6.264,0.000,0.992,-0.001,-0.001,0.126,0.053,0.051,37.334,0.053,38.408,36.270,37.462,0.908,0.257,0.006,0.096,0.063,0.150,-0.095,0.057,18.749,0.033,19.259,19.099,19.388
-3.378,-6.261,0.000,0.992,-0.001,-0.001,0.126,0.050,0.049,37.521,0.051,38.601,36.461,37.655,0.909,0.259,0.002,0.119,0.078,0.154,-0.507,-0.359,18.727,-0.374,19.341,19.033,19.383
-3.368,-6.258,0.000,0.992,-0.000,-0.000,0.127,0.046,0.046,37.708,0.047,38.795,36.651,37.849,0.909,0.260,-0.002,0.133,0.086,0.150,-0.257,-0.211,18.722,-0.248,19.424,18.971,19.382
-3.359,-6.256,0.000,0.992,0.000,0.000,0.128,0.045,0.045,37.895,0.046,38.990,36.840,38.043,0.910,0.261,-0.005,0.135,0.086,0.144,0.039,-0.007,18.731,-0.046,19.516,18.906,19.392
-3.350,-6.253,0.000,0.992,0.001,0.001,0.129,0.046,0.046,38.083,0.046,39.185,37.029,38.237,0.910,0.262,-0.008,0.125,0.077,0.142,0.195,0.154,18.747,0.097,19.621,18.832,19.420
-3.341,-6.251,-0.000,0.992,0.002,0.001,0.129,0.048,0.047,38.270,0.047,39.382,37.217,38.432,0.910,0.264,-0.011,0.104,0.062,0.143,0.110,0.107,18.769,0.056,19.730,18.754,19.464
-3.332,-6.248,-0.000,0.992,0.002,0.001,0.130,0.048,0.048,38.458,0.047,39.580,37.404,38.626,0.909,0.265,-0.012,0.077,0.045,0.145,0.021,0.043,18.795,0.019,19.828,18.681,19.517
-3.323,-6.245,-0.000,0.991,0.002,0.002,0.131,0.048,0.048,38.646,0.047,39.779,37.590,38.822,0.908,0.266,-0.013,0.048,0.028,0.147,-0.017,0.016,18.825,0.005,19.905,18.621,19.571
-3.314,-6.243,-0.000,0.991,0.002,0.002,0.131,0.048,0.048,38.835,0.047,39.978,37.776,39.018,0.906,0.268,-0.014,0.018,0.011,0.148,-0.023,0.007,18.860,0.000,19.961,18.581,19.625
-3.305,-6.240,-0.001,0.991,0.002,0.002,0.132,0.048,0.048,39.023,0.047,40.178,37.962,39.214,0.905,0.269,-0.014,-0.011,-0.004,0.149,-0.016,0.005,18.896,-0.000,19.995,18.561,19.674
-3.296,-6.237,-0.001,0.991,0.002,0.002,0.133,0.048,0.048,39.213,0.047,40.378,38.148,39.411,0.903,0.270,-0.013,-0.037,-0.017,0.150,-0.006,0.006,18.932,-0.000,20.011,18.562,19.716
-3.287,-6.235,-0.001,0.991,0.002,0.002,0.134,0.048,0.048,39.402,0.047,40.578,38.333,39.609,0.901,0.271,-0.012,-0.057,-0.027,0.151,0.001,0.007,18.967,0.000,20.011,18.583,19.749
-3.278,-6.232,-0.001,0.991,0.002,0.001,0.134,0.048,0.048,39.592,0.047,40.778,38.519,39.806,0.899,0.272,-0.011,-0.070,-0.034,0.152,0.003,0.007,18.998,0.000,19.999,18.620,19.773
-3.269,-6.229,-0.001,0.991,0.001,0.001,0.135,0.048,0.048,39.782,0.047,40.978,38.706,40.004,0.898,0.273,-0.009,-0.075,-0.039,0.152,0.003,0.007,19.023,-0.000,19.979,18.669,19.787
-3.260,-6.226,-0.001,0.991,0.001,0.001,0.136,0.048,0.049,39.972,0.047,41.178,38.893,40.202,0.896,0.274,-0.007,-0.074,-0.041,0.153,0.002,0.007,19.042,-0.001,19.954,18.727,19.794
-3.251,-6.224,-0.001,0.991,0.001,0.001,0.137,0.048,0.049,40.163,0.047,41.377,39.080,40.400,0.895,0.275,-0.006,-0.068,-0.040,0.153,0.000,0.006,19.056,-0.002,19.926,18.789,19.795
-3.242,-6.221,-0.001,0.991,0.000,0.000,0.137,0.048,0.049,40.353,0.047,41.576,39.269,40.598,0.894,0.276,-0.004,-0.060,-0.039,0.154,-0.001,0.005,19.064,-0.003,19.896,18.851,19.794
-3.233,-6.218,-0.001,0.990,0.000,0.000,0.138,0.048,0.049,40.544,0.047,41.775,39.457,40.796,0.893,0.278,-0.002,-0.051,-0.037,0.154,-0.001,0.003,19.070,-0.004,19.866,18.911,19.793
-3.224,-6.215,-0.001,0.990,0.000,-0.000,0.139,0.048,0.049,40.735,0.047,41.973,39.647,40.994,0.892,0.279,-0.000,-0.044,-0.035,0.154,-0.001,0.002,19.075,-0.004,19.835,18.965,19.794
-3.215,-6.213,-0.001,0.990,-0.000,-0.000,0.140,0.048,0.049,40.926,0.047,42.172,39.837,41.192,0.892,0.280,0.002,-0.040,-0.033,0.154,-0.001,0.001,19.081,-0.005,19.802,19.013,19.798
-3.206,-6.210,-0.001,0.990,-0.000,-0.000,0.140,0.048,0.049,41.116,0.047,42.369,40.027,41.390,0.892,0.282,0.003,-0.039,-0.033,0.154,-0.001,0.000,19.088,-0.005,19.765,19.056,19.804
-3.197,-6.207,-0.001,0.990,-0.000,-0.001,0.141,0.048,0.049,41.307,0.047,42.567,40.218,41.588,0.892,0.283,0.005,-0.043,-0.033,0.154,-0.001,-0.001,19.096,-0.005,19.723,19.094,19.812
-3.188,-6.204,-0.001,0.990,-0.001,-0.001,0.142,0.048,0.049,41.498,0.047,42.764,40.409,41.786,0.892,0.285,0.007,-0.049,-0.033,0.154,-0.001,-0.002,19.106,-0.005,19.675,19.130,19.818
-3.179,-6.201,-0.001,0.990,-0.001,-0.001,0.143,0.048,0.049,41.690,0.047,42.960,40.600,41.984,0.893,0.286,0.009,-0.055,-0.033,0.154,-0.001,-0.002,19.117,-0.005,19.623,19.164,19.821
-3.171,-6.198,-0.001,0.990,-0.001,-0.001,0.144,0.048,0.049,41.881,0.047,43.156,40.792,42.182,0.894,0.288,0.011,-0.061,-0.031,0.154,-0.001,-0.003,19.126,-0.004,19.569,19.200,19.817
-3.162,-6.195,-0.001,0.990,-0.001,-0.001,0.144,0.048,0.049,42.072,0.047,43.352,40.984,42.380,0.895,0.290,0.012,-0.062,-0.027,0.154,-0.001,-0.003,19.133,-0.004,19.515,19.236,19.804
-3.153,-6.193,-0.001,0.989,-0.002,-0.002,0.145,0.048,0.049,42.263,0.047,43.547,41.177,42.578,0.896,0.292,0.013,-0.058,-0.021,0.154,-0.001,-0.003,19.135,-0.003,19.467,19.272,19.782
-3.144,-6.190,-0.001,0.989,-0.002,-0.002,0.146,0.048,0.049,42.455,0.047,43.741,41.370,42.776,0.898,0.294,0.014,-0.047,-0.013,0.154,-0.001,-0.004,19.130,-0.002,19.427,19.306,19.750
-3.135,-6.187,-0.000,0.989,-0.002,-0.002,0.147,0.048,0.049,42.646,0.047,43.935,41.563,42.973,0.899,0.296,0.014,-0.028,-0.004,0.154,-0.000,-0.004,19.117,-0.001,19.398,19.334,19.710
-3.126,-6.184,-0.000,0.989,-0.002,-0.002,0.147,0.048,0.049,42.837,0.047,44.129,41.756,43.170,0.900,0.298,0.013,-0.003,0.008,0.154,-0.000,-0.004,19.095,-0.001,19.383,19.353,19.666
-3.117,-6.181,-0.000,0.989,-0.002,-0.002,0.148,0.048,0.048,43.028,0.047,44.323,41.950,43.367,0.901,0.300,0.011,0.028,0.020,0.153,-0.000,-0.004,19.066,-0.000,19.386,19.359,19.621
-3.108,-6.178,-0.000,0.989,-0.002,-0.001,0.149,0.048,0.048,43.218,0.047,44.517,42.144,43.563,0.902,0.302,0.009,0.061,0.034,0.152,-0.000,-0.004,19.031,0.000,19.407,19.349,19.581
-3.099,-6.175,-0.000,0.989,-0.002,-0.001,0.150,0.048,0.048,43.408,0.047,44.711,42.337,43.758,0.903,0.303,0.006,0.094,0.047,0.151,-0.000,-0.004,18.994,0.001,19.447,19.321,19.552
-3.090,-6.172,0.000,0.989,-0.001,-0.001,0.150,0.048,0.048,43.598,0.047,44.906,42.530,43.954,0.903,0.305,0.003,0.123,0.058,0.150,-0.000,-0.004,18.960,0.000,19.505,19.276,19.537
-3.081,-6.169,0.000,0.989,-0.001,-0.000,0.151,0.048,0.048,43.788,0.047,45.101,42.722,44.149,0.903,0.306,-0.000,0.145,0.067,0.149,-0.000,-0.004,18.932,0.000,19.580,19.214,19.538
-3.072,-6.165,0.000,0.988,0.000,-0.000,0.152,0.048,0.048,43.977,0.047,45.297,42.914,44.345,0.903,0.308,-0.004,0.154,0.070,0.148,-0.000,-0.003,18.911,-0.000,19.670,19.139,19.557
-3.063,-6.162,-0.000,0.988,0.001,0.000,0.153,0.048,0.048,44.166,0.047,45.495,43.105,44.540,0.903,0.309,-0.007,0.149,0.066,0.147,-0.000,-0.003,18.899,-0.000,19.771,19.055,19.591
-3.053,-6.159,-0.000,0.988,0.001,0.001,0.153,0.048,0.048,44.355,0.047,45.693,43.295,44.736,0.902,0.310,-0.008,0.130,0.056,0.147,-0.000,-0.002,18.896,-0.000,19.874,18.968,19.637
-3.044,-6.156,-0.000,0.988,0.002,0.001,0.154,0.048,0.048,44.544,0.047,45.892,43.485,44.933,0.902,0.311,-0.010,0.102,0.043,0.148,0.000,-0.001,18.902,-0.000,19.967,18.882,19.690
-3.035,-6.153,-0.000,0.988,0.002,0.001,0.155,0.048,0.048,44.733,0.047,46.092,43.673,45.130,0.900,0.313,-0.010,0.070,0.031,0.148,0.001,0.000,18.914,0.001,20.040,18.805,19.744
-3.026,-6.150,-0.000,0.988,0.003,0.002,0.155,0.048,0.048,44.922,0.047,46.293,43.861,45.328,0.899,0.313,-0.011,0.037,0.020,0.149,0.001,0.002,18.933,0.001,20.092,18.743,19.796
-3.017,-6.147,-0.001,0.988,0.003,0.002,0.156,0.048,0.048,45.112,0.047,46.494,44.048,45.526,0.897,0.314,-0.012,0.004,0.009,0.149,0.001,0.003,18.958,0.002,20.125,18.700,19.841
-3.009,-6.144,-0.001,0.988,0.003,0.002,0.157,0.048,0.048,45.301,0.047,46.695,44.235,45.725,0.895,0.315,-0.012,-0.027,-0.000,0.150,0.002,0.005,18.989,0.002,20.141,18.677,19.878
-3.000,-6.141,-0.001,0.987,0.002,0.002,0.158,0.048,0.048,45.491,0.047,46.897,44.422,45.924,0.893,0.316,-0.011,-0.053,-0.009,0.151,0.002,0.006,19.024,0.002,20.143,18.676,19.905
-2.991,-6.137,-0.001,0.987,0.002,0.002,0.158,0.048,0.048,45.682,0.047,47.098,44.608,46.123,0.891,0.317,-0.011,-0.072,-0.016,0.152,0.001,0.007,19.059,0.002,20.135,18.694,19.922
-2.982,-6.134,-0.001,0.987,0.002,0.001,0.159,0.048,0.048,45.873,0.047,47.299,44.795,46.322,0.890,0.318,-0.010,-0.082,-0.023,0.153,0.001,0.007,19.094,0.002,20.119,18.730,19.929
-2.973,-6.131,-0.001,0.987,0.001,0.001,0.160,0.048,0.049,46.064,0.047,47.500,44.983,46.521,0.888,0.319,-0.009,-0.084,-0.029,0.153,0.001,0.007,19.125,0.001,20.097,18.779,19.929
-2.964,-6.128,-0.001,0.987,0.001,0.001,0.161,0.048,0.049,46.255,0.047,47.701,45.171,46.721,0.887,0.320,-0.007,-0.080,-0.035,0.154,0.000,0.006,19.150,0.000,20.071,18.838,19.924
-2.955,-6.125,-0.001,0.987,0.001,0.001,0.161,0.048,0.049,46.447,0.047,47.902,45.360,46.920,0.885,0.321,-0.005,-0.073,-0.039,0.154,-0.000,0.005,19.168,-0.001,20.042,18.901,19.917
-2.946,-6.121,-0.001,0.987,0.000,0.000,0.162,0.048,0.049,46.638,0.047,48.102,45.549,47.119,0.884,0.323,-0.003,-0.064,-0.042,0.154,-0.000,0.004,19.180,-0.002,20.008,18.964,19.911
-2.937,-6.118,-0.001,0.987,0.000,0.000,0.163,0.048,0.049,46.830,0.047,48.302,45.739,47.318,0.883,0.324,-0.001,-0.057,-0.044,0.155,-0.001,0.003,19.187,-0.003,19.971,19.026,19.908
-2.929,-6.115,-0.001,0.987,-0.000,-0.000,0.164,0.048,0.049,47.022,0.047,48.502,45.930,47.517,0.883,0.325,0.001,-0.052,-0.045,0.155,-0.001,0.002,19.192,-0.003,19.928,19.083,19.908
-2.920,-6.112,-0.001,0.986,-0.000,-0.000,0.165,0.048,0.049,47.214,0.047,48.701,46.121,47.716,0.882,0.326,0.003,-0.050,-0.044,0.155,-0.001,0.001,19.195,-0.004,19.879,19.134,19.911
-2.911,-6.108,-0.001,0.986,-0.001,-0.001,0.165,0.048,0.049,47.406,0.047,48.899,46.312,47.915,0.882,0.328,0.005,-0.052,-0.042,0.154,-0.001,0.000,19.198,-0.004,19.824,19.178,19.913
-2.902,-6.105,-0.001,0.986,-0.001,-0.001,0.166,0.048,0.049,47.598,0.047,49.097,46.504,48.115,0.882,0.329,0.007,-0.057,-0.038,0.154,-0.001,-0.001,19.203,-0.004,19.764,19.218,19.913
-2.893,-6.102,-0.001,0.986,-0.001,-0.001,0.167,0.048,0.049,47.790,0.047,49.294,46.697,48.314,0.882,0.331,0.009,-0.063,-0.033,0.155,-0.001,-0.002,19.209,-0.004,19.700,19.254,19.908
-2.885,-6.098,-0.001,0.986,-0.001,-0.001,0.168,0.048,0.049,47.982,0.047,49.491,46.889,48.513,0.883,0.333,0.011,-0.068,-0.026,0.155,-0.001,-0.002,19.217,-0.003,19.636,19.287,19.895
-2.876,-6.095,-0.001,0.986,-0.002,-0.001,0.168,0.048,0.049,48.174,0.047,49.687,47.082,48.712,0.884,0.335,0.012,-0.069,-0.018,0.155,-0.001,-0.003,19.225,-0.003,19.576,19.320,19.872
-2.867,-6.092,-0.001,0.986,-0.002,-0.002,0.169,0.048,0.049,48.367,0.047,49.883,47.276,48.910,0.884,0.336,0.012,-0.064,-0.010,0.155,-0.001,-0.003,19.232,-0.002,19.523,19.351,19.840
-2.858,-6.088,-0.001,0.985,-0.002,-0.002,0.170,0.048,0.049,48.559,0.047,50.078,47.469,49.108,0.885,0.338,0.013,-0.053,-0.002,0.155,-0.000,-0.004,19.234,-0.001,19.483,19.381,19.798
-2.849,-6.085,-0.000,0.985,-0.002,-0.002,0.171,0.048,0.049,48.751,0.047,50.272,47.663,49.306,0.886,0.340,0.012,-0.033,0.006,0.155,-0.000,-0.004,19.229,-0.000,19.456,19.407,19.750
-2.840,-6.082,-0.000,0.985,-0.003,-0.002,0.171,0.048,0.049,48.944,0.047,50.467,47.857,49.503,0.887,0.342,0.011,-0.007,0.014,0.154,-0.000,-0.004,19.216,0.001,19.444,19.425,19.699
-2.831,-6.078,-0.000,0.985,-0.003,-0.002,0.172,0.048,0.049,49.136,0.047,50.661,48.052,49.700,0.888,0.344,0.010,0.025,0.022,0.154,-0.000,-0.005,19.193,0.001,19.451,19.433,19.651
-2.823,-6.075,-0.000,0.985,-0.002,-0.001,0.173,0.048,0.048,49.327,0.047,50.856,48.246,49.896,0.889,0.346,0.008,0.061,0.029,0.153,-0.000,-0.005,19.160,0.002,19.475,19.427,19.611
-2.814,-6.071,-0.000,0.985,-0.002,-0.001,0.174,0.048,0.048,49.519,0.047,51.051,48.440,50.092,0.889,0.348,0.005,0.097,0.036,0.152,-0.000,-0.005,19.121,0.002,19.517,19.406,19.583
-2.805,-6.068,-0.000,0.985,-0.001,-0.001,0.174,0.048,0.048,49.710,0.047,51.246,48.634,50.288,0.889,0.349,0.003,0.128,0.042,0.150,-0.000,-0.005,19.080,0.002,19.574,19.369,19.572
-2.796,-6.064,-0.000,0.985,-0.001,-0.000,0.175,0.048,0.048,49.900,0.047,51.442,48.828,50.484,0.889,0.351,-0.000,0.152,0.047,0.149,-0.001,-0.004,19.039,0.001,19.646,19.316,19.579
-2.787,-6.061,-0.000,0.984,-0.000,-0.000,0.176,0.048,0.048,50.091,0.047,51.639,49.020,50.680,0.889,0.352,-0.003,0.165,0.050,0.148,-0.001,-0.004,19.001,0.001,19.730,19.248,19.605
-2.778,-6.057,-0.000,0.984,0.001,0.000,0.177,0.048,0.048,50.281,0.047,51.837,49.212,50.876,0.889,0.353,-0.005,0.164,0.048,0.147,-0.001,-0.004,18.970,0.000,19.824,19.167,19.646
-2.769,-6.054,-0.000,0.984,0.001,0.001,0.177,0.048,0.048,50.470,0.047,52.036,49.404,51.073,0.888,0.355,-0.007,0.148,0.043,0.147,-0.000,-0.003,18.947,-0.000,19.920,19.079,19.700
-2.760,-6.050,-0.000,0.984,0.002,0.001,0.178,0.048,0.048,50.659,0.047,52.235,49.594,51.270,0.887,0.356,-0.007,0.121,0.035,0.147,-0.000,-0.002,18.932,-0.000,20.007,18.989,19.760
-2.751,-6.047,-0.000,0.984,0.003,0.001,0.179,0.048,0.048,50.849,0.047,52.436,49.784,51.468,0.886,0.357,-0.008,0.088,0.028,0.147,0.000,-0.001,18.925,0.000,20.076,18.902,19.820
-2.743,-6.043,-0.000,0.984,0.003,0.001,0.179,0.003,0.013,51.039,0.014,52.636,49.972,51.666,0.887,0.351,-0.008,0.046,0.023,0.116,-7.144,-5.922,19.053,-5.537,19.980,18.886,19.814
-2.734,-6.040,-0.000,0.984,0.003,0.001,0.180,-0.057,-0.041,51.230,-0.038,52.835,50.162,51.864,0.891,0.337,-0.009,-0.001,0.018,0.017,-3.689,-3.833,19.235,-3.763,19.814,19.024,19.659
-2.725,-6.036,-0.001,0.984,0.003,0.002,0.180,-0.057,-0.050,51.423,-0.045,53.033,50.353,52.059,0.894,0.323,-0.010,-0.035,0.013,-0.075,3.221,1.888,19.409,2.175,19.706,19.174,19.464
-2.716,-6.033,-0.001,0.984,0.003,0.002,0.179,-0.010,-0.016,51.618,-0.008,53.230,50.545,52.253,0.892,0.322,-0.010,-0.048,0.007,-0.080,4.907,3.993,19.466,4.259,19.698,19.192,19.425
-2.707,-6.030,-0.001,0.984,0.002,0.002,0.179,0.019,0.011,51.812,0.020,53.427,50.736,52.448,0.888,0.331,-0.010,-0.058,0.000,-0.023,0.545,0.915,19.421,0.964,19.724,19.107,19.528
-2.698,-6.026,-0.001,0.984,0.002,0.001,0.179,0.001,-0.001,52.006,0.009,53.624,50.927,52.644,0.885,0.335,-0.010,-0.074,-0.008,0.011,-3.545,-2.767,19.393,-2.840,19.708,19.069,19.608
-2.689,-6.023,-0.001,0.984,0.002,0.001,0.179,-0.034,-0.030,52.200,-0.022,53.821,51.118,52.840,0.886,0.329,-0.009,-0.091,-0.017,-0.018,-2.619,-2.429,19.470,-2.621,19.638,19.152,19.554
-2.680,-6.020,-0.001,0.984,0.001,0.001,0.179,-0.041,-0.040,52.396,-0.033,54.017,51.310,53.035,0.887,0.321,-0.008,-0.095,-0.027,-0.066,1.061,0.483,19.609,0.435,19.557,19.284,19.426
-2.671,-6.017,-0.001,0.984,0.001,0.001,0.178,-0.020,-0.024,52.592,-0.018,54.212,51.504,53.229,0.886,0.319,-0.006,-0.083,-0.037,-0.078,2.698,2.215,19.684,2.188,19.511,19.368,19.360
-2.663,-6.013,-0.001,0.984,0.000,0.001,0.178,-0.001,-0.006,52.789,-0.001,54.407,51.697,53.422,0.884,0.322,-0.005,-0.069,-0.045,-0.050,0.859,0.998,19.644,0.948,19.505,19.390,19.394
-2.654,-6.010,-0.001,0.984,0.000,0.000,0.178,-0.005,-0.007,52.985,-0.001,54.602,51.891,53.617,0.882,0.326,-0.002,-0.060,-0.050,-0.023,-1.458,-1.000,19.572,-0.987,19.501,19.407,19.446
-2.645,-6.007,-0.001,0.984,-0.000,0.000,0.178,-0.022,-0.020,53.181,-0.015,54.797,52.086,53.811,0.882,0.324,-0.000,-0.060,-0.051,-0.028,-1.529,-1.270,19.564,-1.404,19.448,19.468,19.441
-2.636,-6.004,-0.001,0.984,-0.000,-0.000,0.178,-0.030,-0.028,53.377,-0.024,54.991,52.281,54.005,0.883,0.320,0.002,-0.060,-0.050,-0.051,0.012,-0.142,19.618,-0.256,19.351,19.558,19.389
-2.627,-6.001,-0.001,0.984,-0.001,-0.001,0.177,-0.022,-0.023,53.573,-0.020,55.184,52.477,54.199,0.883,0.318,0.004,-0.059,-0.047,-0.064,1.193,0.882,19.661,0.862,19.255,19.628,19.348
-2.619,-5.997,-0.001,0.984,-0.001,-0.001,0.177,-0.012,-0.015,53.770,-0.012,55.376,52.673,54.392,0.883,0.319,0.007,-0.059,-0.041,-0.056,0.705,0.657,19.646,0.617,19.196,19.657,19.351
-2.610,-5.994,-0.001,0.984,-0.001,-0.001,0.177,-0.010,-0.012,53.966,-0.009,55.568,52.870,54.586,0.883,0.321,0.008,-0.061,-0.034,-0.042,-0.317,-0.143,19.606,-0.142,19.156,19.666,19.368
-2.601,-5.991,-0.001,0.984,-0.001,-0.001,0.176,-0.016,-0.016,54.162,-0.014,55.759,53.067,54.780,0.884,0.321,0.010,-0.067,-0.026,-0.039,-0.708,-0.547,19.590,-0.599,19.103,19.685,19.360
-2.592,-5.988,-0.001,0.984,-0.002,-0.001,0.176,-0.021,-0.020,54.358,-0.019,55.950,53.264,54.973,0.885,0.319,0.011,-0.070,-0.016,-0.047,-0.253,-0.265,19.607,-0.303,19.023,19.723,19.320
-2.583,-5.985,-0.001,0.984,-0.002,-0.002,0.176,-0.021,-0.021,54.554,-0.019,56.140,53.461,55.166,0.886,0.318,0.012,-0.067,-0.008,-0.055,0.230,0.079,19.631,0.094,18.945,19.764,19.267
-2.574,-5.981,-0.001,0.984,-0.002,-0.002,0.176,-0.018,-0.020,54.750,-0.018,56.329,53.659,55.358,0.888,0.318,0.012,-0.055,0.001,-0.058,0.300,0.213,19.640,0.204,18.891,19.795,19.216
-2.565,-5.978,-0.001,0.984,-0.003,-0.002,0.175,-0.016,-0.018,54.947,-0.016,56.517,53.857,55.550,0.889,0.318,0.012,-0.037,0.008,-0.056,0.091,0.088,19.632,0.080,18.863,19.813,19.169
-2.556,-5.975,-0.000,0.985,-0.003,-0.002,0.175,-0.016,-0.018,55.143,-0.016,56.706,54.055,55.742,0.890,0.319,0.011,-0.012,0.014,-0.054,-0.034,0.015,19.613,0.016,18.852,19.824,19.121
-2.548,-5.972,-0.000,0.985,-0.003,-0.002,0.175,-0.016,-0.018,55.339,-0.016,56.895,54.253,55.933,0.892,0.319,0.010,0.018,0.020,-0.054,-0.061,-0.010,19.586,-0.014,18.854,19.828,19.074
-2.539,-5.969,-0.000,0.985,-0.003,-0.001,0.175,-0.017,-0.018,55.535,-0.016,57.083,54.452,56.123,0.893,0.319,0.008,0.052,0.026,-0.054,-0.038,-0.008,19.550,-0.016,18.872,19.822,19.032
-2.530,-5.965,-0.000,0.985,-0.002,-0.001,0.174,-0.017,-0.018,55.730,-0.016,57.272,54.650,56.313,0.894,0.319,0.006,0.087,0.032,-0.056,-0.017,-0.005,19.508,-0.012,18.904,19.802,19.001
-2.521,-5.962,-0.000,0.985,-0.002,-0.001,0.174,-0.017,-0.018,55.925,-0.016,57.461,54.848,56.503,0.895,0.318,0.004,0.119,0.038,-0.057,-0.003,-0.003,19.462,-0.009,18.951,19.767,18.984
-2.512,-5.959,-0.000,0.985,-0.001,-0.001,0.174,-0.017,-0.018,56.119,-0.016,57.651,55.045,56.693,0.895,0.318,0.001,0.144,0.044,-0.059,0.002,-0.002,19.416,-0.008,19.012,19.717,18.984
-2.503,-5.956,-0.000,0.985,-0.000,-0.000,0.174,-0.017,-0.018,56.313,-0.016,57.842,55.242,56.883,0.896,0.317,-0.002,0.161,0.049,-0.060,0.003,-0.001,19.374,-0.007,19.086,19.651,19.001
-2.494,-5.953,-0.000,0.985,0.000,0.000,0.173,-0.017,-0.018,56.507,-0.016,58.033,55.438,57.073,0.896,0.317,-0.004,0.164,0.051,-0.061,0.001,-0.000,19.339,-0.007,19.171,19.572,19.034
-2.485,-5.950,-0.000,0.985,0.001,0.001,0.173,-0.017,-0.018,56.700,-0.017,58.225,55.633,57.264,0.897,0.316,-0.006,0.153,0.048,-0.061,-0.000,0.000,19.312,-0.007,19.262,19.483,19.080
-2.476,-5.946,-0.000,0.985,0.002,0.001,0.173,-0.017,-0.018,56.893,-0.017,58.418,55.828,57.455,0.896,0.315,-0.007,0.129,0.041,-0.061,-0.001,0.001,19.296,-0.007,19.349,19.391,19.134
-2.467,-5.943,-0.000,0.985,0.002,0.001,0.172,-0.017,-0.018,57.086,-0.017,58.612,56.021,57.646,0.896,0.314,-0.008,0.097,0.033,-0.061,-0.001,0.002,19.288,-0.006,19.423,19.301,19.190
-2.458,-5.940,-0.000,0.985,0.003,0.001,0.172,-0.017,-0.018,57.279,-0.017,58.807,56.214,57.839,0.895,0.313,-0.008,0.063,0.026,-0.060,-0.000,0.004,19.291,-0.005,19.478,19.219,19.241
-2.449,-5.937,-0.000,0.985,0.003,0.002,0.172,-0.017,-0.018,57.472,-0.017,59.001,56.406,58.031,0.894,0.313,-0.009,0.027,0.020,-0.059,0.001,0.005,19.303,-0.003,19.515,19.153,19.286
-2.440,-5.934,-0.001,0.985,0.003,0.002,0.171,-0.017,-0.018,57.665,-0.017,59.197,56.597,58.224,0.893,0.312,-0.010,-0.007,0.013,-0.058,0.001,0.006,19.326,-0.002,19.536,19.105,19.322
-2.431,-5.931,-0.001,0.985,0.003,0.002,0.171,-0.017,-0.018,57.858,-0.017,59.392,56.788,58.418,0.892,0.311,-0.011,-0.038,0.006,-0.057,0.001,0.007,19.356,-0.002,19.544,19.079,19.347
-2.422,-5.928,-0.001,0.985,0.003,0.002,0.171,-0.017,-0.018,58.052,-0.017,59.588,56.979,58.611,0.891,0.310,-0.011,-0.063,-0.001,-0.055,0.001,0.008,19.391,-0.001,19.540,19.075,19.361
-2.413,-5.925,-0.001,0.985,0.002,0.002,0.171,-0.017,-0.017,58.246,-0.017,59.783,57.169,58.805,0.890,0.309,-0.010,-0.080,-0.009,-0.054,0.001,0.008,19.429,-0.001,19.529,19.091,19.365
-2.405,-5.922,-0.001,0.985,0.002,0.001,0.170,-0.017,-0.017,58.441,-0.017,59.978,57.360,58.998,0.888,0.308,-0.010,-0.088,-0.018,-0.053,0.001,0.008,19.466,-0.001,19.510,19.126,19.361
-2.396,-5.918,-0.001,0.985,0.001,0.001,0.170,-0.017,-0.017,58.636,-0.017,60.173,57.552,59.192,0.887,0.307,-0.008,-0.088,-0.027,-0.052,0.000,0.007,19.499,-0.002,19.487,19.174,19.351
-2.387,-5.915,-0.001,0.985,0.001,0.001,0.170,-0.017,-0.017,58.831,-0.017,60.368,57.744,59.385,0.887,0.306,-0.007,-0.082,-0.035,-0.051,-0.000,0.006,19.523,-0.002,19.459,19.232,19.338
-2.378,-5.912,-0.001,0.986,0.001,0.001,0.170,-0.017,-0.017,59.026,-0.017,60.562,57.937,59.579,0.886,0.306,-0.005,-0.074,-0.042,-0.051,-0.001,0.005,19.540,-0.003,19.426,19.294,19.325
-2.369,-5.909,-0.001,0.986,0.000,0.000,0.169,-0.017,-0.017,59.221,-0.017,60.756,58.130,59.772,0.885,0.305,-0.003,-0.066,-0.046,-0.050,-0.001,0.004,19.549,-0.004,19.388,19.356,19.315
-2.360,-5.906,-0.001,0.986,0.000,0.000,0.169,-0.017,-0.017,59.417,-0.017,60.950,58.324,59.965,0.885,0.304,-0.001,-0.058,-0.048,-0.050,-0.001,0.003,19.552,-0.004,19.344,19.416,19.308
-2.351,-5.903,-0.001,0.986,-0.000,-0.000,0.169,-0.017,-0.017,59.612,-0.017,61.143,58.518,60.158,0.885,0.304,0.001,-0.054,-0.047,-0.050,-0.001,0.002,19.551,-0.005,19.295,19.470,19.304
-2.343,-5.900,-0.001,0.986,-0.000,-0.000,0.169,-0.017,-0.017,59.808,-0.017,61.336,58.713,60.351,0.885,0.303,0.003,-0.052,-0.045,-0.050,-0.001,0.001,19.550,-0.005,19.241,19.518,19.301
-2.334,-5.897,-0.001,0.986,-0.001,-0.001,0.168,-0.017,-0.017,60.003,-0.017,61.528,58.908,60.544,0.885,0.303,0.005,-0.054,-0.042,-0.051,-0.001,0.000,19.549,-0.005,19.180,19.558,19.299
-2.325,-5.894,-0.001,0.986,-0.001,-0.001,0.168,-0.017,-0.017,60.199,-0.017,61.720,59.104,60.737,0.885,0.303,0.007,-0.058,-0.036,-0.051,-0.001,-0.001,19.549,-0.005,19.116,19.594,19.293
-2.316,-5.891,-0.001,0.986,-0.001,-0.001,0.168,-0.017,-0.017,60.394,-0.017,61.910,59.300,60.930,0.886,0.302,0.009,-0.063,-0.030,-0.051,-0.001,-0.002,19.552,-0.005,19.051,19.625,19.282
-2.307,-5.888,-0.001,0.986,-0.001,-0.001,0.168,-0.017,-0.017,60.590,-0.017,62.101,59.497,61.123,0.887,0.302,0.011,-0.066,-0.023,-0.051,-0.001,-0.002,19.556,-0.004,18.988,19.654,19.264
-2.298,-5.885,-0.001,0.986,-0.002,-0.001,0.167,-0.017,-0.017,60.786,-0.017,62.290,59.693,61.315,0.888,0.302,0.012,-0.066,-0.016,-0.052,-0.001,-0.003,19.561,-0.004,18.929,19.682,19.238
-2.289,-5.882,-0.001,0.986,-0.002,-0.002,0.167,-0.017,-0.017,60.981,-0.017,62.479,59.890,61.507,0.890,0.302,0.012,-0.060,-0.008,-0.052,-0.001,-0.003,19.563,-0.003,18.879,19.710,19.203
-2.280,-5.879,-0.001,0.986,-0.002,-0.002,0.167,-0.017,-0.017,61.177,-0.017,62.668,60.088,61.699,0.891,0.302,0.012,-0.047,-0.001,-0.052,-0.001,-0.004,19.561,-0.002,18.840,19.736,19.160
-2.272,-5.876,-0.000,0.986,-0.003,-0.002,0.167,-0.017,-0.017,61.372,-0.017,62.856,60.285,61.891,0.893,0.302,0.012,-0.026,0.006,-0.053,-0.000,-0.004,19.550,-0.001,18.814,19.758,19.113
-2.263,-5.873,-0.000,0.986,-0.003,-0.002,0.166,-0.017,-0.017,61.568,-0.017,63.044,60.483,62.082,0.894,0.302,0.011,0.000,0.014,-0.054,-0.000,-0.005,19.531,-0.000,18.803,19.772,19.064
-2.254,-5.870,-0.000,0.986,-0.003,-0.002,0.166,-0.017,-0.017,61.763,-0.017,63.232,60.680,62.272,0.895,0.302,0.010,0.031,0.021,-0.055,-0.000,-0.005,19.501,0.001,18.808,19.775,19.018
-2.245,-5.867,-0.000,0.986,-0.002,-0.001,0.166,-0.017,-0.017,61.958,-0.017,63.420,60.878,62.462,0.897,0.302,0.008,0.066,0.029,-0.056,-0.000,-0.005,19.463,0.001,18.830,19.764,18.980
-2.236,-5.864,-0.000,0.986,-0.002,-0.001,0.165,-0.017,-0.017,62.152,-0.017,63.609,61.076,62.652,0.898,0.302,0.006,0.099,0.038,-0.057,-0.000,-0.005,19.420,0.001,18.868,19.737,18.954
-2.227,-5.861,-0.000,0.986,-0.001,-0.001,0.165,-0.017,-0.017,62.346,-0.017,63.798,61.273,62.841,0.899,0.301,0.003,0.128,0.046,-0.059,-0.000,-0.005,19.377,0.001,18.922,19.694,18.943
-2.218,-5.858,-0.000,0.986,-0.001,-0.000,0.165,-0.017,-0.018,62.540,-0.017,63.987,61.470,63.031,0.899,0.301,0.000,0.150,0.053,-0.060,-0.001,-0.004,19.337,0.001,18.990,19.635,18.949
-2.209,-5.855,-0.000,0.986,-0.000,-0.000,0.165,-0.017,-0.018,62.733,-0.017,64.178,61.666,63.220,0.900,0.300,-0.003,0.160,0.057,-0.061,-0.001,-0.004,19.304,0.000,19.072,19.561,18.971
-2.200,-5.852,-0.000,0.986,0.001,0.000,0.164,-0.017,-0.018,62.926,-0.017,64.369,61.861,63.410,0.900,0.300,-0.005,0.157,0.057,-0.062,-0.000,-0.003,19.279,-0.000,19.163,19.477,19.008
-2.191,-5.849,-0.000,0.986,0.001,0.001,0.164,-0.017,-0.018,63.119,-0.017,64.561,62.055,63.600,0.900,0.299,-0.007,0.139,0.051,-0.062,-0.000,-0.002,19.265,-0.001,19.257,19.387,19.055
-2.182,-5.846,-0.000,0.987,0.002,0.001,0.164,-0.017,-0.018,63.311,-0.017,64.754,62.248,63.791,0.900,0.298,-0.008,0.110,0.041,-0.062,0.000,-0.001,19.261,-0.000,19.343,19.297,19.109
-2.173,-5.843,-0.000,0.987,0.002,0.001,0.163,-0.017,-0.018,63.504,-0.017,64.948,62.441,63.982,0.900,0.297,-0.009,0.077,0.032,-0.061,0.001,0.001,19.265,0.000,19.412,19.214,19.161
-2.164,-5.840,-0.000,0.987,0.003,0.002,0.163,-0.017,-0.018,63.696,-0.017,65.142,62.633,64.174,0.899,0.296,-0.010,0.043,0.023,-0.060,0.001,0.002,19.278,0.001,19.461,19.143,19.210
-2.155,-5.837,-0.000,0.987,0.003,0.002,0.163,-0.017,-0.018,63.889,-0.017,65.337,62.824,64.367,0.898,0.296,-0.011,0.009,0.014,-0.059,0.001,0.004,19.299,0.001,19.493,19.090,19.252
-2.146,-5.834,-0.001,0.987,0.003,0.002,0.163,-0.017,-0.018,64.082,-0.017,65.532,63.015,64.559,0.897,0.295,-0.011,-0.023,0.005,-0.058,0.002,0.005,19.328,0.002,19.509,19.058,19.285
-2.137,-5.831,-0.001,0.987,0.003,0.002,0.162,-0.017,-0.017,64.276,-0.017,65.727,63.205,64.752,0.895,0.294,-0.011,-0.051,-0.003,-0.057,0.002,0.006,19.362,0.002,19.511,19.048,19.308
-2.128,-5.828,-0.001,0.987,0.002,0.002,0.162,-0.017,-0.017,64.470,-0.017,65.922,63.396,64.945,0.894,0.293,-0.011,-0.071,-0.011,-0.055,0.001,0.007,19.398,0.002,19.503,19.058,19.320
-2.119,-5.825,-0.001,0.987,0.002,0.001,0.162,-0.017,-0.017,64.664,-0.017,66.117,63.586,65.139,0.893,0.292,-0.010,-0.083,-0.019,-0.054,0.001,0.007,19.434,0.002,19.487,19.088,19.323
-2.110,-5.822,-0.001,0.987,0.001,0.001,0.161,-0.017,-0.017,64.858,-0.017,66.312,63.777,65.332,0.892,0.291,-0.009,-0.086,-0.027,-0.053,0.001,0.007,19.465,0.001,19.465,19.132,19.319
-2.101,-5.819,-0.001,0.987,0.001,0.001,0.161,-0.017,-0.017,65.053,-0.017,66.506,63.969,65.525,0.891,0.290,-0.008,-0.083,-0.034,-0.052,0.000,0.006,19.491,0.000,19.438,19.187,19.310
-2.092,-5.816,-0.001,0.987,0.001,0.001,0.161,-0.017,-0.017,65.248,-0.017,66.700,64.161,65.718,0.890,0.290,-0.006,-0.076,-0.039,-0.051,-0.000,0.005,19.508,-0.001,19.407,19.247,19.298
-2.083,-5.814,-0.001,0.987,0.000,0.001,0.161,-0.017,-0.017,65.443,-0.017,66.894,64.354,65.911,0.889,0.289,-0.004,-0.067,-0.043,-0.051,-0.000,0.004,19.518,-0.001,19.372,19.309,19.288
-2.074,-5.811,-0.001,0.987,0.000,0.000,0.160,-0.017,-0.017,65.639,-0.017,67.088,64.547,66.104,0.889,0.288,-0.002,-0.058,-0.044,-0.051,-0.001,0.003,19.522,-0.002,19.333,19.369,19.280
-2.066,-5.808,-0.001,0.987,-0.000,-0.000,0.160,-0.017,-0.017,65.834,-0.017,67.281,64.741,66.297,0.888,0.288,-0.000,-0.052,-0.044,-0.051,-0.001,0.002,19.523,-0.003,19.291,19.423,19.275
-2.057,-5.805,-0.001,0.987,-0.000,-0.000,0.160,-0.017,-0.017,66.029,-0.017,67.474,64.936,66.489,0.888,0.287,0.002,-0.048,-0.043,-0.051,-0.001,0.001,19.522,-0.004,19.243,19.472,19.272
-2.048,-5.802,-0.001,0.987,-0.001,-0.001,0.160,-0.017,-0.017,66.224,-0.017,67.666,65.131,66.682,0.889,0.287,0.004,-0.048,-0.040,-0.051,-0.001,0.000,19.522,-0.004,19.190,19.514,19.272
-2.039,-5.799,-0.001,0.987,-0.001,-0.001,0.159,-0.017,-0.017,66.419,-0.017,67.858,65.326,66.875,0.889,0.286,0.006,-0.052,-0.037,-0.051,-0.001,-0.001,19.523,-0.004,19.133,19.550,19.270
-2.030,-5.796,-0.001,0.987,-0.001,-0.001,0.159,-0.017,-0.017,66.615,-0.017,68.049,65.522,67.067,0.890,0.286,0.008,-0.057,-0.033,-0.051,-0.001,-0.002,19.526,-0.004,19.073,19.582,19.266
-2.021,-5.793,-0.001,0.987,-0.001,-0.001,0.159,-0.017,-0.017,66.810,-0.018,68.239,65.718,67.260,0.891,0.286,0.010,-0.061,-0.028,-0.052,-0.001,-0.002,19.530,-0.004,19.011,19.612,19.256
-2.012,-5.791,-0.001,0.987,-0.002,-0.001,0.159,-0.017,-0.017,67.005,-0.018,68.429,65.914,67.453,0.892,0.286,0.011,-0.064,-0.023,-0.052,-0.001,-0.003,19.535,-0.003,18.952,19.642,19.238
-2.003,-5.788,-0.001,0.987,-0.002,-0.001,0.158,-0.017,-0.017,67.201,-0.018,68.618,66.111,67.645,0.893,0.286,0.012,-0.062,-0.017,-0.052,-0.001,-0.003,19.538,-0.003,18.898,19.671,19.212
-1.994,-5.785,-0.001,0.987,-0.002,-0.002,0.158,-0.017,-0.017,67.396,-0.018,68.807,66.307,67.837,0.895,0.286,0.013,-0.054,-0.010,-0.053,-0.001,-0.004,19.537,-0.002,18.852,19.700,19.178
-1.985,-5.782,-0.001,0.987,-0.002,-0.002,0.158,-0.017,-0.017,67.591,-0.018,68.995,66.505,68.028,0.896,0.286,0.013,-0.039,-0.003,-0.053,-0.000,-0.004,19.528,-0.001,18.817,19.726,19.136
-1.976,-5.779,-0.000,0.987,-0.002,-0.002,0.158,-0.017,-0.017,67.787,-0.018,69.183,66.702,68.219,0.898,0.286,0.013,-0.016,0.005,-0.054,-0.000,-0.004,19.511,-0.000,18.794,19.746,19.090
-1.967,-5.776,-0.000,0.988,-0.002,-0.002,0.157,-0.017,-0.017,67.982,-0.018,69.371,66.899,68.410,0.899,0.286,0.012,0.011,0.014,-0.055,-0.000,-0.005,19.485,0.001,18.787,19.757,19.043
-1.958,-5.773,-0.000,0.988,-0.002,-0.002,0.157,-0.017,-0.017,68.176,-0.018,69.559,67.097,68.600,0.901,0.286,0.010,0.043,0.024,-0.056,-0.000,-0.005,19.450,0.002,18.796,19.754,19.000
-1.949,-5.771,-0.000,0.988,-0.002,-0.001,0.157,-0.017,-0.017,68.371,-0.018,69.747,67.295,68.790,0.902,0.285,0.008,0.077,0.035,-0.057,-0.000,-0.005,19.410,0.002,18.823,19.736,18.965
-1.940,-5.768,-0.000,0.988,-0.002,-0.001,0.157,-0.017,-0.017,68.564,-0.018,69.935,67.492,68.980,0.903,0.285,0.005,0.109,0.046,-0.058,-0.000,-0.005,19.367,0.002,18.866,19.700,18.943
-1.931,-5.765,0.000,0.988,-0.001,-0.001,0.156,-0.017,-0.017,68.758,-0.018,70.124,67.688,69.169,0.904,0.285,0.002,0.135,0.056,-0.059,-0.000,-0.004,19.328,0.002,18.925,19.648,18.936
-1.922,-5.762,0.000,0.988,-0.000,-0.000,0.156,-0.017,-0.018,68.951,-0.018,70.314,67.885,69.358,0.905,0.284,-0.001,0.151,0.063,-0.060,-0.000,-0.004,19.295,0.001,19.000,19.580,18.945
-1.913,-5.759,0.000,0.988,0.000,0.000,0.156,-0.017,-0.018,69.144,-0.018,70.504,68.080,69.548,0.905,0.284,-0.004,0.156,0.065,-0.061,-0.000,-0.003,19.271,0.001,19.088,19.500,18.969
-1.904,-5.756,-0.000,0.988,0.001,0.001,0.155,-0.017,-0.018,69.336,-0.018,70.696,68.275,69.738,0.905,0.283,-0.007,0.146,0.061,-0.062,-0.000,-0.002,19.257,0.000,19.183,19.412,19.007
-1.895,-5.754,-0.000,0.988,0.002,0.001,0.155,-0.017,-0.018,69.529,-0.018,70.888,68.468,69.928,0.905,0.282,-0.008,0.123,0.052,-0.062,-0.000,-0.001,19.254,0.000,19.278,19.322,19.055
-1.886,-5.751,-0.000,0.988,0.002,0.001,0.155,-0.017,-0.018,69.722,-0.018,71.081,68.661,70.119,0.905,0.281,-0.009,0.092,0.040,-0.061,0.000,-0.000,19.260,0.001,19.360,19.236,19.106
-1.877,-5.748,-0.000,0.988,0.002,0.001,0.154,-0.017,-0.018,69.914,-0.018,71.275,68.853,70.310,0.904,0.281,-0.010,0.059,0.029,-0.061,0.001,0.001,19.273,0.001,19.423,19.161,19.156
-1.868,-5.745,-0.000,0.988,0.003,0.002,0.154,-0.017,-0.018,70.107,-0.017,71.470,69.044,70.502,0.903,0.280,-0.011,0.026,0.018,-0.060,0.001,0.003,19.294,0.002,19.467,19.101,19.202
-1.859,-5.742,-0.001,0.988,0.003,0.002,0.154,-0.017,-0.018,70.300,-0.017,71.664,69.235,70.694,0.902,0.279,-0.012,-0.007,0.007,-0.058,0.001,0.004,19.322,0.002,19.493,19.062,19.241
-1.850,-5.739,-0.001,0.988,0.003,0.002,0.154,0.257,0.204,70.492,0.184,71.863,69.424,70.887,0.884,0.304,-0.002,0.058,-0.054,0.085,43.686,37.534,18.927,33.015,20.256,18.681,19.401
-1.841,-5.736,-0.000,0.988,0.003,0.001,0.155,0.578,0.508,70.678,0.448,72.069,69.606,71.084,0.846,0.368,0.022,0.077,-0.178,0.525,16.416,17.552,18.372,16.371,20.752,17.663,20.054
-1.833,-5.732,-0.000,0.987,0.004,-0.000,0.159,0.595,0.535,70.861,0.506,72.277,69.777,71.287,0.808,0.416,0.042,-0.062,-0.312,0.872,-11.802,-12.421,18.276,-4.231,20.954,16.500,20.512
-1.825,-5.728,0.000,0.987,0.003,-0.002,0.164,0.393,0.307,71.043,0.392,72.487,69.938,71.494,0.788,0.435,0.018,-0.119,-0.182,1.010,-24.615,-28.693,18.265,-16.014,20.958,15.794,20.679
-1.817,-5.724,0.000,0.986,0.003,-0.002,0.168,0.204,0.082,71.226,0.254,72.696,70.095,71.700,0.776,0.429,-0.036,-0.123,0.152,0.959,-9.834,-12.431,18.255,-8.857,20.925,15.577,20.445
-1.810,-5.719,-0.000,0.985,0.002,-0.001,0.173,0.238,0.102,71.408,0.259,72.906,70.250,71.903,0.770,0.423,-0.067,-0.155,0.346,0.891,14.503,14.667,18.265,8.800,20.939,15.574,20.189
-1.802,-5.715,-0.001,0.984,0.001,0.000,0.177,0.419,0.312,71.590,0.380,73.116,70.407,72.104,0.772,0.432,-0.033,-0.128,0.132,0.879,16.807,22.054,17.964,11.996,21.076,15.756,20.245
-1.794,-5.711,-0.001,0.983,0.000,0.001,0.182,0.509,0.458,71.767,0.449,73.328,70.564,72.308,0.755,0.465,-0.004,-0.123,-0.041,1.048,1.241,6.344,17.480,1.942,21.399,15.463,20.511
-1.787,-5.706,-0.001,0.982,-0.000,0.000,0.187,0.453,0.435,71.940,0.420,73.544,70.716,72.515,0.738,0.491,0.011,-0.112,-0.125,1.187,-10.972,-9.504,17.045,-6.987,21.730,15.127,20.726
-1.779,-5.701,-0.001,0.981,-0.001,-0.001,0.193,0.334,0.319,72.109,0.336,73.761,70.868,72.722,0.739,0.494,0.016,-0.067,-0.155,1.156,-10.405,-10.869,16.864,-8.053,21.749,15.239,20.763
-1.772,-5.696,-0.001,0.980,-0.001,-0.002,0.199,0.286,0.267,72.278,0.290,73.977,71.022,72.929,0.747,0.484,0.012,-0.018,-0.119,1.030,1.209,1.126,16.958,-0.646,21.441,15.609,20.619
-1.765,-5.691,-0.001,0.979,-0.001,-0.002,0.204,0.348,0.337,72.448,0.322,74.190,71.179,73.135,0.746,0.484,0.004,-0.008,-0.050,0.978,9.433,11.192,17.076,5.827,21.132,15.811,20.525
-1.757,-5.686,-0.001,0.978,-0.001,-0.002,0.208,0.418,0.426,72.619,0.368,74.401,71.337,73.340,0.731,0.502,0.000,-0.016,-0.005,1.061,3.283,4.719,16.982,2.604,21.192,15.633,20.587
-1.750,-5.681,-0.001,0.977,-0.001,-0.002,0.214,0.420,0.441,72.788,0.374,74.614,71.492,73.546,0.714,0.522,0.001,-0.040,0.012,1.159,-2.511,-1.418,16.851,-1.315,21.378,15.351,20.668
-1.743,-5.676,-0.001,0.976,-0.001,-0.002,0.220,0.380,0.408,72.956,0.349,74.829,71.644,73.753,0.706,0.533,0.003,-0.066,0.020,1.185,-4.495,-4.296,16.781,-3.157,21.454,15.262,20.689
-1.736,-5.670,-0.001,0.974,-0.002,-0.002,0.225,0.348,0.376,73.124,0.323,75.043,71.798,73.960,0.708,0.536,0.004,-0.084,0.027,1.141,-1.789,-1.923,16.807,-1.716,21.323,15.408,20.638
-1.729,-5.665,-0.001,0.973,-0.002,-0.002,0.231,0.352,0.381,73.292,0.321,75.255,71.953,74.166,0.710,0.539,0.005,-0.081,0.036,1.093,1.761,1.894,16.886,0.774,21.144,15.597,20.554
-1.722,-5.660,-0.001,0.972,-0.002,-0.002,0.236,0.366,0.393,73.461,0.327,75.466,72.109,74.371,0.706,0.547,0.006,-0.055,0.041,1.089,0.884,0.692,16.912,0.440,21.116,15.671,20.495
-1.715,-5.654,-0.000,0.970,-0.003,-0.002,0.241,0.371,0.397,73.630,0.330,75.677,72.266,74.576,0.701,0.557,0.006,-0.025,0.042,1.094,0.171,0.092,16.932,0.065,21.133,15.697,20.439
-1.708,-5.649,-0.000,0.969,-0.003,-0.001,0.247,0.370,0.396,73.800,0.329,75.889,72.423,74.780,0.696,0.565,0.006,-0.000,0.037,1.095,-0.189,-0.160,16.947,-0.170,21.165,15.720,20.383
-1.701,-5.643,-0.000,0.968,-0.003,-0.001,0.252,0.368,0.394,73.969,0.327,76.101,72.581,74.984,0.692,0.573,0.006,0.024,0.029,1.090,-0.252,-0.220,16.954,-0.227,21.203,15.749,20.331
-1.694,-5.637,-0.000,0.966,-0.003,-0.001,0.257,0.366,0.392,74.139,0.325,76.313,72.738,75.187,0.687,0.580,0.004,0.053,0.020,1.082,-0.166,-0.193,16.951,-0.171,21.242,15.781,20.288
-1.687,-5.631,-0.000,0.965,-0.002,-0.001,0.262,0.365,0.391,74.308,0.324,76.525,72.896,75.389,0.683,0.587,0.001,0.084,0.011,1.073,-0.066,-0.143,16.936,-0.088,21.285,15.810,20.264
-1.680,-5.625,-0.000,0.964,-0.002,-0.001,0.268,0.364,0.389,74.478,0.323,76.739,73.054,75.592,0.678,0.594,-0.001,0.111,0.001,1.066,-0.007,-0.099,16.909,-0.036,21.334,15.827,20.263
-1.673,-5.619,-0.000,0.962,-0.001,-0.001,0.273,0.364,0.389,74.646,0.323,76.952,73.213,75.795,0.672,0.601,-0.003,0.133,-0.009,1.061,0.016,-0.067,16.870,-0.015,21.388,15.831,20.286
-1.667,-5.613,-0.000,0.961,-0.001,-0.000,0.278,0.365,0.388,74.815,0.323,77.166,73.371,75.998,0.666,0.608,-0.005,0.148,-0.016,1.058,0.020,-0.046,16.821,-0.007,21.445,15.820,20.332
-1.660,-5.607,-0.000,0.959,0.000,-0.000,0.283,0.365,0.388,74.983,0.323,77.381,73.529,76.201,0.659,0.615,-0.007,0.155,-0.019,1.057,0.015,-0.032,16.765,-0.005,21.503,15.792,20.395
-1.653,-5.601,-0.000,0.958,0.001,-0.000,0.288,0.365,0.387,75.150,0.323,77.596,73.687,76.406,0.652,0.621,-0.007,0.151,-0.019,1.057,0.008,-0.022,16.703,-0.003,21.570,15.748,20.468
-1.647,-5.595,-0.001,0.956,0.002,-0.000,0.293,0.365,0.387,75.317,0.323,77.812,73.844,76.611,0.643,0.628,-0.006,0.135,-0.017,1.058,0.003,-0.015,16.640,-0.003,21.641,15.685,20.545
-1.641,-5.588,-0.001,0.955,0.002,0.000,0.298,0.365,0.387,75.483,0.323,78.029,74.000,76.817,0.635,0.634,-0.005,0.112,-0.010,1.061,0.001,-0.010,16.580,-0.002,21.705,15.608,20.621
-1.634,-5.582,-0.001,0.953,0.003,0.000,0.303,0.365,0.387,75.649,0.323,78.246,74.156,77.023,0.627,0.640,-0.003,0.086,0.003,1.064,-0.000,-0.006,16.530,-0.002,21.746,15.527,20.690
-1.628,-5.576,-0.001,0.951,0.003,0.000,0.308,0.365,0.387,75.814,0.323,78.464,74.311,77.230,0.619,0.646,-0.001,0.063,0.021,1.066,-0.000,-0.003,16.494,-0.002,21.770,15.449,20.745
-1.622,-5.569,-0.001,0.950,0.003,0.001,0.313,0.365,0.387,75.979,0.323,78.682,74.465,77.438,0.611,0.652,-0.001,0.040,0.041,1.067,-0.000,-0.001,16.475,-0.003,21.785,15.375,20.784
-1.616,-5.563,-0.001,0.948,0.003,0.001,0.318,0.365,0.387,76.143,0.323,78.900,74.618,77.646,0.603,0.657,-0.001,0.019,0.057,1.068,0.000,0.001,16.475,-0.004,21.799,15.308,20.807
-1.610,-5.556,-0.001,0.946,0.003,0.001,0.323,0.365,0.387,76.308,0.323,79.118,74.771,77.854,0.596,0.664,-0.001,-0.001,0.068,1.069,0.000,0.002,16.493,-0.004,21.815,15.249,20.816
-1.604,-5.549,-0.001,0.945,0.003,0.001,0.328,0.365,0.387,76.473,0.323,79.336,74.923,78.062,0.589,0.670,-0.001,-0.020,0.071,1.071,0.000,0.002,16.529,-0.003,21.833,15.200,20.816
-1.598,-5.543,-0.001,0.943,0.003,0.002,0.334,0.365,0.387,76.639,0.323,79.555,75.075,78.270,0.581,0.676,-0.001,-0.037,0.065,1.073,0.000,0.002,16.582,-0.001,21.851,15.161,20.810
-1.592,-5.536,-0.001,0.941,0.003,0.002,0.339,0.365,0.387,76.805,0.323,79.773,75.227,78.478,0.574,0.683,-0.001,-0.053,0.050,1.076,0.001,0.002,16.646,0.002,21.866,15.137,20.804
-1.587,-5.529,-0.001,0.939,0.002,0.002,0.344,0.365,0.387,76.972,0.323,79.992,75.378,78.686,0.567,0.690,0.000,-0.067,0.028,1.078,0.001,0.001,16.717,0.006,21.870,15.128,20.801
-1.581,-5.522,-0.001,0.937,0.002,0.002,0.349,0.365,0.387,77.139,0.323,80.210,75.529,78.894,0.560,0.697,0.001,-0.078,0.001,1.082,0.001,0.000,16.781,0.010,21.862,15.135,20.805
-1.575,-5.515,-0.001,0.935,0.002,0.002,0.354,0.365,0.387,77.307,0.323,80.429,75.681,79.103,0.553,0.704,0.003,-0.087,-0.027,1.087,0.002,-0.000,16.838,0.015,21.839,15.158,20.816
-1.570,-5.508,-0.001,0.933,0.001,0.001,0.359,0.365,0.387,77.476,0.323,80.647,75.833,79.311,0.546,0.712,0.004,-0.095,-0.049,1.091,0.002,-0.001,16.888,0.020,21.797,15.194,20.829
-1.564,-5.501,-0.001,0.931,0.001,0.001,0.364,0.365,0.387,77.645,0.323,80.865,75.985,79.519,0.538,0.719,0.004,-0.103,-0.062,1.095,0.002,-0.001,16.933,0.022,21.737,15.242,20.838
-1.559,-5.494,-0.001,0.929,0.000,0.000,0.369,0.365,0.387,77.815,0.323,81.082,76.137,79.728,0.531,0.726,0.004,-0.112,-0.062,1.098,0.001,-0.001,16.977,0.018,21.661,15.300,20.838
-1.554,-5.486,-0.001,0.927,0.000,-0.000,0.374,0.365,0.387,77.985,0.324,81.298,76.291,79.936,0.523,0.732,0.003,-0.120,-0.049,1.099,0.000,-0.002,17.012,0.013,21.581,15.365,20.823
-1.549,-5.479,-0.001,0.925,-0.000,-0.001,0.379,0.365,0.387,78.155,0.324,81.513,76.445,80.144,0.516,0.738,0.001,-0.125,-0.028,1.098,-0.000,-0.002,17.034,0.009,21.505,15.438,20.792
-1.544,-5.472,-0.001,0.923,-0.001,-0.001,0.384,0.365,0.387,78.325,0.324,81.728,76.599,80.352,0.508,0.744,0.000,-0.121,-0.004,1.096,-0.001,-0.002,17.054,0.003,21.443,15.514,20.741
-1.539,-5.464,-0.001,0.921,-0.002,-0.001,0.389,0.365,0.387,78.496,0.324,81.942,76.755,80.559,0.501,0.750,-0.001,-0.105,0.017,1.093,-0.002,-0.002,17.081,-0.003,21.400,15.587,20.674
-1.534,-5.457,-0.001,0.919,-0.002,-0.001,0.394,0.365,0.387,78.667,0.324,82.156,76.911,80.765,0.493,0.755,-0.001,-0.081,0.032,1.089,-0.002,-0.002,17.116,-0.008,21.372,15.658,20.597
-1.529,-5.449,-0.001,0.917,-0.002,-0.001,0.399,0.365,0.387,78.838,0.324,82.370,77.068,80.971,0.486,0.761,-0.001,-0.056,0.041,1.085,-0.003,-0.003,17.152,-0.014,21.361,15.720,20.516
-1.524,-5.441,-0.001,0.915,-0.003,-0.001,0.404,0.365,0.387,79.010,0.323,82.584,77.226,81.175,0.478,0.766,-0.002,-0.030,0.046,1.081,-0.003,-0.003,17.183,-0.018,21.373,15.768,20.438
-1.519,-5.434,-0.001,0.912,-0.003,-0.001,0.409,0.365,0.387,79.182,0.323,82.797,77.383,81.379,0.471,0.771,-0.003,-0.004,0.046,1.077,-0.003,-0.003,17.210,-0.017,21.406,15.803,20.369
-1.514,-5.426,-0.001,0.910,-0.003,-0.001,0.414,0.365,0.387,79.354,0.323,83.012,77.542,81.583,0.463,0.775,-0.005,0.024,0.041,1.074,-0.002,-0.003,17.229,-0.012,21.455,15.826,20.315
-1.510,-5.418,-0.001,0.908,-0.003,-0.000,0.419,0.365,0.387,79.526,0.323,83.227,77.700,81.786,0.454,0.780,-0.006,0.052,0.029,1.070,-0.001,-0.003,17.240,-0.009,21.516,15.841,20.283
-1.505,-5.410,-0.001,0.906,-0.003,-0.000,0.424,0.365,0.387,79.699,0.323,83.442,77.858,81.989,0.446,0.784,-0.006,0.075,0.010,1.067,-0.001,-0.003,17.239,-0.006,21.584,15.846,20.276
-1.501,-5.402,-0.001,0.903,-0.002,0.000,0.429,0.365,0.387,79.871,0.323,83.658,78.017,82.191,0.438,0.789,-0.006,0.092,-0.014,1.065,-0.001,-0.003,17.225,-0.003,21.653,15.844,20.295
-1.497,-5.395,-0.001,0.901,-0.002,0.000,0.433,0.365,0.387,80.043,0.323,83.875,78.175,82.395,0.429,0.793,-0.005,0.102,-0.039,1.064,-0.001,-0.003,17.194,-0.001,21.715,15.837,20.339
-1.492,-5.387,-0.001,0.899,-0.001,0.000,0.438,0.365,0.387,80.215,0.323,84.093,78.334,82.598,0.420,0.797,-0.003,0.107,-0.062,1.063,-0.001,-0.003,17.146,0.001,21.763,15.827,20.404
-1.488,-5.379,-0.001,0.896,-0.000,0.000,0.443,0.365,0.387,80.386,0.323,84.310,78.492,82.803,0.411,0.801,-0.002,0.107,-0.079,1.062,-0.001,-0.003,17.082,0.002,21.794,15.817,20.484
-1.484,-5.371,-0.001,0.894,0.000,0.000,0.448,0.365,0.387,80.557,0.323,84.528,78.650,83.008,0.402,0.805,-0.000,0.105,-0.087,1.062,-0.001,-0.003,17.005,0.002,21.806,15.807,20.571
-1.480,-5.362,-0.001,0.892,0.001,-0.000,0.453,0.365,0.387,80.726,0.323,84.746,78.808,83.214,0.393,0.809,0.001,0.099,-0.086,1.061,-0.001,-0.003,16.919,0.000,21.803,15.797,20.660
-1.476,-5.354,-0.001,0.889,0.001,-0.000,0.457,0.365,0.387,80.895,0.323,84.964,78.966,83.421,0.384,0.812,0.002,0.089,-0.077,1.061,-0.001,-0.002,16.829,-0.002,21.790,15.788,20.745
-1.472,-5.346,-0.001,0.887,0.002,-0.000,0.462,0.365,0.387,81.063,0.323,85.182,79.124,83.629,0.375,0.815,0.003,0.076,-0.063,1.060,-0.000,-0.001,16.742,-0.004,21.773,15.778,20.819
-1.469,-5.338,-0.001,0.884,0.002,-0.000,0.467,0.365,0.387,81.230,0.323,85.400,79.281,83.837,0.367,0.819,0.003,0.061,-0.045,1.060,-0.000,0.000,16.663,-0.006,21.756,15.767,20.881
-1.465,-5.330,-0.001,0.882,0.003,-0.001,0.471,0.365,0.387,81.396,0.323,85.617,79.439,84.047,0.358,0.822,0.004,0.044,-0.026,1.061,0.000,0.001,16.597,-0.006,21.742,15.753,20.930
-1.462,-5.322,-0.001,0.879,0.003,-0.001,0.476,0.365,0.387,81.562,0.323,85.835,79.596,84.256,0.349,0.826,0.004,0.026,-0.009,1.062,0.001,0.002,16.547,-0.005,21.734,15.737,20.966
-1.458,-5.313,-0.001,0.877,0.003,-0.001,0.481,0.365,0.387,81.727,0.323,86.052,79.754,84.466,0.340,0.830,0.004,0.008,0.005,1.065,0.001,0.003,16.516,-0.003,21.728,15.715,20.992
-1.455,-5.305,-0.001,0.874,0.003,-0.001,0.485,0.365,0.387,81.892,0.323,86.269,79.911,84.676,0.331,0.834,0.005,-0.010,0.014,1.069,0.002,0.004,16.503,0.001,21.724,15.690,21.011
-1.452,-5.297,-0.001,0.872,0.003,-0.000,0.490,0.365,0.387,82.057,0.323,86.486,80.067,84.886,0.322,0.838,0.005,-0.027,0.019,1.073,0.003,0.006,16.509,0.006,21.709,15.664,21.024
-1.448,-5.288,-0.001,0.869,0.003,-0.001,0.495,0.365,0.387,82.222,0.323,86.703,80.224,85.096,0.313,0.842,0.006,-0.041,0.022,1.077,0.004,0.006,16.532,0.011,21.680,15.640,21.032
-1.445,-5.280,-0.001,0.866,0.002,-0.001,0.499,0.365,0.387,82.388,0.323,86.920,80.380,85.307,0.304,0.847,0.007,-0.049,0.023,1.082,0.004,0.006,16.568,0.017,21.644,15.610,21.036
-1.442,-5.271,-0.000,0.864,0.002,-0.001,0.504,0.365,0.387,82.554,0.323,87.136,80.536,85.517,0.294,0.851,0.007,-0.052,0.025,1.089,0.003,0.006,16.613,0.017,21.605,15.572,21.036
-1.439,-5.263,-0.000,0.861,0.002,-0.001,0.509,0.365,0.387,82.720,0.323,87.352,80.692,85.727,0.284,0.855,0.008,-0.051,0.030,1.097,0.002,0.004,16.649,0.013,21.570,15.530,21.031
-1.437,-5.254,-0.000,0.858,0.001,-0.001,0.514,0.365,0.387,82.887,0.323,87.568,80.847,85.938,0.274,0.860,0.007,-0.047,0.039,1.106,0.000,0.003,16.680,0.009,21.543,15.485,21.019
-1.434,-5.246,-0.000,0.855,0.001,-0.001,0.518,0.365,0.387,83.054,0.323,87.783,81.001,86.148,0.264,0.864,0.006,-0.044,0.054,1.112,-0.000,0.002,16.721,0.005,21.522,15.440,20.992
-1.431,-5.237,-0.000,0.852,0.001,-0.000,0.523,0.365,0.387,83.221,0.323,87.998,81.156,86.357,0.255,0.867,0.004,-0.043,0.074,1.115,-0.001,0.001,16.781,0.001,21.509,15.400,20.945
-1.429,-5.228,-0.000,0.849,0.000,-0.000,0.528,0.365,0.387,83.389,0.323,88.213,81.309,86.567,0.245,0.870,0.001,-0.045,0.096,1.116,-0.001,0.001,16.847,-0.003,21.509,15.367,20.878
-1.426,-5.220,-0.000,0.846,-0.000,0.000,0.533,0.365,0.387,83.558,0.323,88.428,81.463,86.775,0.236,0.873,-0.002,-0.047,0.114,1.113,-0.001,0.000,16.912,-0.007,21.529,15.346,20.795
-1.424,-5.211,-0.000,0.843,-0.001,0.001,0.537,0.365,0.387,83.728,0.323,88.644,81.616,86.982,0.227,0.876,-0.004,-0.047,0.125,1.108,-0.002,-0.000,16.979,-0.011,21.568,15.337,20.698
-1.422,-5.202,-0.000,0.840,-0.001,0.001,0.542,0.365,0.387,83.898,0.323,88.860,81.770,87.189,0.218,0.879,-0.005,-0.038,0.118,1.102,-0.003,-0.001,17.054,-0.021,21.627,15.340,20.599
-1.420,-5.193,-0.000,0.837,-0.002,0.001,0.546,0.365,0.387,84.069,0.323,89.076,81.923,87.394,0.210,0.881,-0.005,-0.024,0.095,1.094,-0.003,-0.002,17.130,-0.022,21.697,15.357,20.504
-1.418,-5.184,-0.000,0.834,-0.002,0.002,0.551,0.365,0.387,84.240,0.323,89.294,82.077,87.599,0.201,0.884,-0.005,-0.014,0.065,1.087,-0.002,-0.003,17.194,-0.015,21.770,15.379,20.423
-1.416,-5.176,-0.000,0.831,-0.002,0.002,0.556,0.365,0.387,84.413,0.323,89.512,82.231,87.803,0.192,0.886,-0.005,-0.008,0.034,1.083,-0.001,-0.003,17.241,-0.009,21.844,15.400,20.361
-1.414,-5.167,-0.000,0.828,-0.002,0.002,0.560,0.365,0.387,84.585,0.323,89.731,82.385,88.006,0.183,0.888,-0.007,-0.005,0.004,1.080,-0.001,-0.003,17.273,-0.003,21.909,15.424,20.321
-1.412,-5.158,-0.001,0.825,-0.002,0.002,0.565,0.365,0.387,84.758,0.323,89.950,82.539,88.209,0.173,0.889,-0.008,-0.003,-0.025,1.077,0.000,-0.002,17.291,0.001,21.962,15.452,20.307
-1.410,-5.149,-0.001,0.822,-0.002,0.002,0.569,0.365,0.387,84.931,0.323,90.170,82.694,88.412,0.163,0.891,-0.009,-0.000,-0.050,1.076,0.001,-0.002,17.297,0.005,21.998,15.485,20.317
-1.409,-5.140,-0.001,0.819,-0.002,0.002,0.573,0.365,0.387,85.104,0.323,90.390,82.849,88.616,0.153,0.892,-0.010,0.003,-0.069,1.075,0.001,-0.001,17.293,0.008,22.015,15.521,20.348
-1.407,-5.131,-0.001,0.816,-0.001,0.001,0.578,0.365,0.387,85.277,0.323,90.610,83.004,88.820,0.143,0.892,-0.011,0.009,-0.081,1.074,0.001,-0.001,17.278,0.009,22.016,15.559,20.397
-1.406,-5.122,-0.001,0.813,-0.001,0.001,0.582,0.365,0.387,85.449,0.323,90.830,83.160,89.024,0.133,0.893,-0.010,0.017,-0.086,1.073,0.001,-0.001,17.253,0.008,22.002,15.596,20.458
-1.405,-5.113,-0.001,0.810,-0.001,0.001,0.586,0.365,0.387,85.622,0.323,91.050,83.316,89.229,0.123,0.893,-0.010,0.026,-0.083,1.072,0.000,-0.001,17.220,0.006,21.979,15.631,20.527
-1.403,-5.104,-0.001,0.807,-0.000,0.000,0.591,0.365,0.387,85.794,0.323,91.270,83.473,89.434,0.113,0.892,-0.008,0.033,-0.077,1.071,-0.000,-0.002,17.180,0.004,21.952,15.661,20.598
-1.402,-5.095,-0.001,0.804,-0.000,0.000,0.595,0.365,0.387,85.965,0.323,91.489,83.630,89.641,0.103,0.892,-0.006,0.037,-0.067,1.070,-0.001,-0.002,17.134,0.001,21.923,15.687,20.666
-1.401,-5.086,-0.001,0.800,0.000,0.000,0.599,0.365,0.387,86.136,0.323,91.708,83.787,89.848,0.094,0.892,-0.003,0.039,-0.058,1.068,-0.001,-0.003,17.085,-0.002,21.896,15.709,20.729
-1.400,-5.078,-0.001,0.797,0.001,-0.000,0.604,0.365,0.387,86.307,0.323,91.927,83.944,90.055,0.084,0.892,0.000,0.038,-0.051,1.067,-0.001,-0.003,17.033,-0.003,21.871,15.726,20.785
-1.400,-5.069,-0.001,0.794,0.001,-0.000,0.608,0.365,0.387,86.477,0.323,92.146,84.101,90.263,0.075,0.893,0.004,0.033,-0.047,1.066,-0.001,-0.003,16.981,-0.002,21.847,15.742,20.833
-1.399,-5.060,-0.001,0.791,0.001,-0.000,0.612,0.365,0.387,86.647,0.323,92.364,84.259,90.472,0.066,0.893,0.007,0.026,-0.048,1.066,-0.001,-0.003,16.929,0.000,21.820,15.756,20.875
-1.398,-5.051,-0.001,0.787,0.001,-0.000,0.616,0.365,0.387,86.816,0.323,92.582,84.416,90.681,0.056,0.895,0.010,0.018,-0.052,1.067,-0.000,-0.003,16.879,0.004,21.788,15.772,20.914
-1.398,-5.042,-0.001,0.784,0.002,-0.001,0.621,0.365,0.387,86.984,0.323,92.800,84.574,90.890,0.047,0.896,0.012,0.008,-0.059,1.069,0.001,-0.003,16.830,0.008,21.748,15.789,20.951
-1.397,-5.033,-0.001,0.781,0.002,-0.001,0.625,0.365,0.387,87.152,0.323,93.017,84.732,91.100,0.037,0.898,0.013,-0.001,-0.066,1.071,0.001,-0.002,16.784,0.013,21.697,15.809,20.987
-1.397,-5.024,-0.001,0.777,0.002,-0.001,0.629,0.365,0.387,87.320,0.323,93.234,84.890,91.310,0.028,0.900,0.014,-0.009,-0.071,1.074,0.003,-0.001,16.741,0.021,21.637,15.831,21.023
