-3.000,1.000,0.001,1.000,0.000,0.000,0.000,-0.000,-0.000,0.000,-0.000,0.000,0.000,0.000,-0.000,-0.000,0.000,-0.000,-0.000,-0.000,0.000,0.000,-0.000,0.000,-0.000,-0.000,-0.000
-3.000,1.000,0.001,1.000,0.000,-0.000,0.000,-0.334,-0.241,0.006,-0.273,0.007,0.002,0.002,0.016,-0.001,0.000,-0.001,-0.012,0.010,-48.411,-36.388,1.011,-41.462,1.144,0.387,0.431
-3.000,1.000,0.001,1.000,-0.000,-0.000,-0.000,-0.685,-0.518,0.019,-0.607,0.020,0.009,0.009,0.049,-0.012,0.001,-0.011,-0.028,-0.074,-16.232,-14.611,1.584,-16.820,1.428,1.180,0.912
-2.999,1.000,0.001,1.000,-0.000,-0.000,-0.001,-0.702,-0.566,0.038,-0.631,0.035,0.025,0.020,0.079,-0.027,0.001,-0.020,-0.031,-0.166,11.439,4.713,2.177,12.643,1.568,1.987,1.331
-2.998,0.999,0.001,1.000,-0.000,-0.000,-0.002,-0.504,-0.452,0.062,-0.398,0.052,0.049,0.036,0.109,-0.033,0.001,-0.012,-0.029,-0.201,24.469,15.803,2.688,29.590,1.783,2.689,1.836
-2.997,0.999,0.001,1.000,-0.000,-0.001,-0.003,-0.306,-0.311,0.091,-0.157,0.072,0.078,0.057,0.134,-0.028,0.001,0.009,-0.019,-0.164,11.755,9.689,3.142,14.442,2.372,3.149,2.395
-2.995,0.999,0.001,1.000,-0.000,-0.001,-0.003,-0.319,-0.303,0.125,-0.165,0.100,0.111,0.083,0.152,-0.025,0.000,0.016,-0.008,-0.133,-12.953,-7.462,3.703,-14.674,3.196,3.480,2.843
-2.994,0.999,0.001,1.000,-0.000,-0.001,-0.004,-0.452,-0.389,0.165,-0.337,0.135,0.148,0.114,0.173,-0.031,-0.000,0.008,-0.004,-0.170,-12.289,-8.585,4.259,-18.193,3.685,3.969,3.206
-2.992,0.998,0.001,1.000,-0.000,-0.001,-0.005,-0.521,-0.439,0.211,-0.461,0.173,0.191,0.147,0.196,-0.043,-0.001,-0.003,-0.001,-0.244,-2.159,-2.170,4.836,-6.522,3.938,4.557,3.502
-2.990,0.998,0.001,1.000,-0.000,-0.001,-0.006,-0.513,-0.441,0.262,-0.491,0.213,0.239,0.184,0.216,-0.054,-0.002,-0.008,0.003,-0.309,3.050,1.494,5.415,-0.096,4.227,5.115,3.774
-2.988,0.997,0.000,1.000,-0.000,-0.001,-0.008,-0.476,-0.418,0.319,-0.478,0.257,0.293,0.223,0.236,-0.062,-0.003,-0.010,0.006,-0.353,3.966,2.679,5.958,2.104,4.567,5.633,4.078
-2.985,0.997,0.000,1.000,-0.000,-0.001,-0.010,-0.442,-0.393,0.381,-0.457,0.305,0.352,0.265,0.257,-0.067,-0.004,-0.009,0.007,-0.380,2.585,2.111,6.469,1.960,4.937,6.116,4.416
-2.982,0.996,0.000,1.000,-0.000,-0.001,-0.012,-0.423,-0.376,0.448,-0.440,0.356,0.415,0.311,0.277,-0.071,-0.004,-0.009,0.008,-0.398,1.260,1.278,6.954,1.502,5.313,6.577,4.775
-2.980,0.995,0.000,1.000,-0.000,-0.001,-0.014,-0.415,-0.367,0.520,-0.427,0.411,0.483,0.361,0.296,-0.075,-0.005,-0.010,0.008,-0.414,0.382,0.594,7.419,1.052,5.684,7.022,5.133
-2.977,0.994,0.000,1.000,-0.000,-0.000,-0.016,-0.414,-0.363,0.596,-0.418,0.470,0.556,0.414,0.315,-0.079,-0.006,-0.012,0.008,-0.431,-0.057,0.192,7.870,0.709,6.047,7.455,5.481
-2.973,0.994,0.000,1.000,-0.000,-0.000,-0.018,-0.416,-0.362,0.677,-0.412,0.532,0.632,0.470,0.333,-0.084,-0.007,-0.014,0.008,-0.449,-0.202,0.038,8.308,0.473,6.398,7.876,5.814
-2.970,0.993,0.000,1.000,-0.000,-0.000,-0.021,-0.418,-0.362,0.762,-0.408,0.598,0.713,0.530,0.350,-0.089,-0.008,-0.016,0.008,-0.467,-0.190,-0.039,8.737,0.319,6.737,8.287,6.131
-2.966,0.992,0.000,1.000,-0.001,-0.000,-0.023,-0.419,-0.363,0.852,-0.406,0.667,0.798,0.593,0.367,-0.095,-0.009,-0.017,0.007,-0.486,-0.125,-0.042,9.157,0.220,7.065,8.686,6.436
-2.963,0.991,0.000,1.000,-0.001,-0.000,-0.025,-0.420,-0.363,0.946,-0.404,0.739,0.887,0.659,0.383,-0.100,-0.009,-0.016,0.006,-0.504,-0.065,-0.023,9.568,0.154,7.381,9.073,6.728
-2.959,0.990,-0.000,1.000,-0.001,-0.000,-0.028,-0.421,-0.363,1.043,-0.403,0.814,0.980,0.727,0.397,-0.106,-0.010,-0.016,0.005,-0.523,-0.027,-0.012,9.968,0.107,7.686,9.450,7.009
-2.955,0.989,-0.000,1.000,-0.001,-0.000,-0.031,-0.421,-0.363,1.145,-0.402,0.893,1.076,0.799,0.412,-0.112,-0.010,-0.014,0.004,-0.541,-0.007,-0.006,10.357,0.073,7.980,9.816,7.279
-2.950,0.987,-0.000,0.999,-0.001,-0.000,-0.033,-0.421,-0.363,1.250,-0.401,0.974,1.176,0.873,0.425,-0.118,-0.011,-0.012,0.004,-0.558,0.002,-0.003,10.735,0.050,8.265,10.170,7.540
-2.946,0.986,-0.000,0.999,-0.001,-0.000,-0.036,-0.421,-0.363,1.360,-0.401,1.058,1.279,0.950,0.438,-0.124,-0.011,-0.010,0.003,-0.575,0.004,-0.002,11.101,0.033,8.540,10.514,7.791
-2.942,0.985,-0.001,0.999,-0.001,-0.000,-0.039,-0.421,-0.363,1.472,-0.400,1.145,1.386,1.029,0.450,-0.130,-0.011,-0.007,0.003,-0.592,0.004,-0.002,11.454,0.022,8.807,10.846,8.034
-2.937,0.984,-0.001,0.999,-0.001,-0.000,-0.042,-0.421,-0.363,1.589,-0.400,1.234,1.496,1.110,0.462,-0.136,-0.011,-0.003,0.002,-0.608,0.003,-0.003,11.796,0.015,9.064,11.168,8.268
-2.932,0.982,-0.001,0.999,-0.001,-0.000,-0.045,-0.421,-0.364,1.708,-0.400,1.326,1.609,1.194,0.473,-0.142,-0.010,0.001,0.001,-0.623,0.002,-0.004,12.124,0.011,9.312,11.477,8.495
-2.928,0.981,-0.001,0.999,-0.001,-0.000,-0.048,-0.421,-0.364,1.831,-0.400,1.420,1.726,1.280,0.484,-0.148,-0.010,0.006,0.000,-0.638,0.001,-0.006,12.440,0.008,9.552,11.775,8.714
-2.923,0.979,-0.001,0.999,-0.001,-0.000,-0.052,-0.421,-0.364,1.957,-0.400,1.517,1.845,1.368,0.494,-0.155,-0.009,0.011,-0.001,-0.652,-0.000,-0.009,12.743,0.007,9.784,12.062,8.926
-2.918,0.978,-0.001,0.998,-0.001,-0.000,-0.055,-0.421,-0.364,2.086,-0.400,1.616,1.967,1.459,0.503,-0.161,-0.007,0.016,-0.002,-0.666,-0.001,-0.011,13.034,0.006,10.007,12.337,9.131
-2.913,0.976,-0.001,0.998,-0.001,-0.000,-0.058,-0.421,-0.364,2.218,-0.400,1.717,2.092,1.551,0.512,-0.168,-0.006,0.020,-0.003,-0.680,-0.001,-0.014,13.312,0.005,10.223,12.601,9.329
-2.907,0.974,-0.001,0.998,-0.001,-0.000,-0.062,-0.421,-0.364,2.352,-0.400,1.820,2.219,1.645,0.521,-0.174,-0.005,0.023,-0.004,-0.693,-0.002,-0.019,13.578,0.004,10.432,12.853,9.521
-2.902,0.973,-0.001,0.998,-0.001,-0.000,-0.065,-0.421,-0.364,2.489,-0.400,1.926,2.349,1.741,0.529,-0.181,-0.004,0.025,-0.005,-0.706,-0.002,-0.022,13.833,0.004,10.633,13.095,9.707
-2.897,0.971,-0.001,0.998,-0.000,-0.000,-0.069,-0.421,-0.364,2.629,-0.400,2.033,2.481,1.839,0.537,-0.188,-0.002,0.026,-0.005,-0.718,-0.002,-0.023,14.079,0.004,10.827,13.328,9.887
-2.891,0.969,-0.001,0.997,-0.000,-0.000,-0.072,-0.421,-0.365,2.771,-0.400,2.142,2.615,1.939,0.545,-0.195,-0.001,0.024,-0.005,-0.730,-0.002,-0.023,14.315,0.004,11.015,13.551,10.061
-2.886,0.967,-0.001,0.997,-0.000,-0.000,-0.076,-0.421,-0.365,2.915,-0.400,2.253,2.752,2.041,0.552,-0.202,-0.001,0.022,-0.005,-0.742,-0.001,-0.020,14.544,0.004,11.196,13.766,10.230
-2.880,0.965,-0.001,0.997,-0.000,-0.000,-0.080,-0.421,-0.365,3.062,-0.400,2.366,2.890,2.144,0.559,-0.209,0.000,0.018,-0.005,-0.753,-0.001,-0.016,14.766,0.004,11.370,13.975,10.392
-2.875,0.963,-0.001,0.997,0.000,-0.000,-0.083,-0.421,-0.365,3.210,-0.399,2.481,3.031,2.248,0.566,-0.216,0.000,0.013,-0.004,-0.764,-0.000,-0.013,14.981,0.004,11.538,14.177,10.549
-2.869,0.960,-0.001,0.996,0.000,-0.001,-0.087,-0.421,-0.365,3.361,-0.399,2.597,3.174,2.355,0.572,-0.224,0.001,0.008,-0.004,-0.775,-0.000,-0.012,15.192,0.004,11.701,14.374,10.700
-2.863,0.958,-0.001,0.996,0.000,-0.001,-0.091,-0.421,-0.365,3.514,-0.399,2.715,3.319,2.462,0.578,-0.231,0.001,0.003,-0.003,-0.786,-0.000,-0.011,15.397,0.003,11.858,14.567,10.846
-2.858,0.956,-0.001,0.995,0.000,-0.001,-0.095,-0.421,-0.366,3.669,-0.399,2.834,3.465,2.572,0.584,-0.239,0.001,0.000,-0.002,-0.796,-0.000,-0.010,15.595,0.003,12.010,14.756,10.987
-2.852,0.953,-0.001,0.995,0.000,-0.001,-0.099,-0.421,-0.366,3.826,-0.399,2.955,3.614,2.682,0.589,-0.246,0.001,-0.001,-0.002,-0.806,-0.001,-0.011,15.787,0.002,12.158,14.941,11.124
-2.846,0.951,-0.001,0.995,0.000,-0.001,-0.103,-0.421,-0.366,3.985,-0.399,3.077,3.764,2.794,0.595,-0.254,0.001,0.001,-0.003,-0.816,-0.001,-0.013,15.974,0.002,12.302,15.122,11.256
-2.840,0.948,-0.001,0.994,0.000,-0.001,-0.107,-0.421,-0.366,4.145,-0.399,3.201,3.916,2.907,0.599,-0.262,0.002,0.006,-0.004,-0.826,-0.003,-0.019,16.154,0.001,12.442,15.299,11.384
-2.834,0.946,-0.001,0.994,0.000,-0.001,-0.111,-0.421,-0.366,4.308,-0.399,3.326,4.070,3.022,0.604,-0.270,0.003,0.013,-0.005,-0.837,-0.004,-0.029,16.329,0.000,12.576,15.470,11.507
-2.828,0.943,-0.001,0.993,0.000,-0.001,-0.116,-0.421,-0.367,4.472,-0.399,3.452,4.226,3.137,0.608,-0.278,0.004,0.022,-0.008,-0.848,-0.006,-0.042,16.496,-0.001,12.709,15.635,11.626
-2.822,0.940,-0.001,0.993,0.000,-0.001,-0.120,-0.421,-0.367,4.638,-0.399,3.580,4.383,3.254,0.612,-0.286,0.005,0.032,-0.010,-0.860,-0.008,-0.064,16.653,-0.001,12.841,15.793,11.740
-2.815,0.937,-0.001,0.992,0.001,-0.001,-0.124,-0.421,-0.368,4.805,-0.399,3.709,4.541,3.372,0.616,-0.295,0.007,0.044,-0.013,-0.872,-0.009,-0.092,16.800,-0.001,12.972,15.941,11.852
-2.809,0.934,-0.001,0.992,0.001,-0.001,-0.128,-0.421,-0.369,4.974,-0.399,3.840,4.702,3.491,0.619,-0.304,0.009,0.057,-0.016,-0.884,-0.010,-0.077,16.935,-0.002,13.101,16.081,11.963
-2.803,0.931,-0.001,0.991,0.001,-0.001,-0.133,-0.421,-0.369,5.144,-0.399,3.971,4.863,3.611,0.623,-0.313,0.010,0.069,-0.018,-0.895,-0.009,-0.064,17.056,-0.002,13.227,16.210,12.075
-2.797,0.928,-0.001,0.991,0.001,-0.001,-0.137,-0.421,-0.370,5.315,-0.399,4.104,5.026,3.733,0.626,-0.321,0.012,0.078,-0.019,-0.906,-0.007,-0.051,17.164,-0.001,13.352,16.328,12.190
-2.791,0.925,-0.001,0.990,0.002,-0.001,-0.142,-0.421,-0.370,5.487,-0.399,4.238,5.190,3.855,0.629,-0.330,0.013,0.084,-0.020,-0.915,-0.004,-0.036,17.259,0.000,13.474,16.435,12.309
-2.784,0.921,-0.000,0.989,0.002,-0.001,-0.146,-0.421,-0.371,5.660,-0.399,4.374,5.354,3.979,0.633,-0.339,0.014,0.085,-0.019,-0.922,-0.001,-0.020,17.343,0.001,13.594,16.534,12.433
-2.778,0.918,-0.000,0.989,0.003,-0.002,-0.151,-0.421,-0.371,5.834,-0.399,4.510,5.520,4.104,0.636,-0.347,0.014,0.080,-0.017,-0.926,0.001,-0.010,17.417,0.002,13.711,16.623,12.564
-2.772,0.914,-0.000,0.988,0.003,-0.002,-0.155,-0.421,-0.371,6.008,-0.399,4.648,5.687,4.230,0.640,-0.355,0.013,0.064,-0.013,-0.927,0.003,-0.000,17.487,0.003,13.823,16.706,12.699
-2.765,0.911,-0.000,0.987,0.003,-0.002,-0.160,-0.421,-0.371,6.183,-0.399,4.787,5.854,4.358,0.643,-0.364,0.011,0.034,-0.008,-0.929,0.004,0.012,17.565,0.003,13.929,16.788,12.828
-2.759,0.907,0.000,0.986,0.003,-0.002,-0.165,-0.421,-0.371,6.360,-0.399,4.926,6.023,4.487,0.646,-0.372,0.009,-0.006,-0.001,-0.931,0.007,0.033,17.652,0.004,14.027,16.873,12.947
-2.752,0.903,0.000,0.986,0.003,-0.002,-0.169,-0.421,-0.370,6.537,-0.399,5.067,6.192,4.617,0.648,-0.380,0.006,-0.048,0.007,-0.933,0.010,0.054,17.752,0.004,14.115,16.964,13.053
-2.746,0.900,0.000,0.985,0.003,-0.002,-0.174,-0.421,-0.370,6.715,-0.399,5.209,6.362,4.748,0.650,-0.388,0.003,-0.089,0.013,-0.935,0.012,0.070,17.865,0.004,14.191,17.066,13.142
-2.739,0.896,0.000,0.984,0.002,-0.001,-0.178,-0.421,-0.369,6.894,-0.399,5.351,6.533,4.880,0.651,-0.397,0.001,-0.125,0.017,-0.938,0.012,0.079,17.990,0.004,14.257,17.178,13.214
-2.733,0.892,0.000,0.983,0.002,-0.001,-0.183,-0.421,-0.368,7.074,-0.399,5.494,6.705,5.012,0.651,-0.405,-0.001,-0.153,0.019,-0.942,0.012,0.083,18.127,0.003,14.311,17.300,13.269
-2.726,0.888,0.000,0.982,0.001,-0.001,-0.188,-0.421,-0.367,7.256,-0.399,5.637,6.879,5.145,0.651,-0.413,-0.003,-0.174,0.021,-0.946,0.009,0.103,18.273,0.002,14.355,17.430,13.307
-2.720,0.883,0.000,0.981,0.000,-0.001,-0.192,-0.421,-0.366,7.440,-0.399,5.781,7.054,5.278,0.650,-0.422,-0.005,-0.185,0.022,-0.950,0.008,0.096,18.427,0.001,14.389,17.567,13.330
-2.713,0.879,0.000,0.980,-0.001,-0.000,-0.197,-0.421,-0.365,7.625,-0.399,5.925,7.230,5.411,0.649,-0.430,-0.006,-0.184,0.022,-0.955,0.007,0.068,18.586,0.001,14.416,17.707,13.339
-2.707,0.875,-0.000,0.979,-0.002,-0.000,-0.202,-0.421,-0.365,7.812,-0.399,6.069,7.408,5.545,0.646,-0.438,-0.006,-0.170,0.019,-0.962,0.005,0.047,18.748,-0.000,14.437,17.847,13.336
-2.700,0.870,-0.000,0.978,-0.002,0.000,-0.206,-0.421,-0.364,8.000,-0.399,6.213,7.587,5.678,0.644,-0.446,-0.006,-0.145,0.015,-0.969,0.001,0.028,18.905,-0.002,14.456,17.983,13.325
-2.694,0.866,-0.000,0.977,-0.003,0.000,-0.211,-0.421,-0.364,8.190,-0.399,6.358,7.768,5.811,0.640,-0.455,-0.005,-0.114,0.011,-0.977,-0.001,0.014,19.051,-0.004,14.480,18.112,13.310
-2.687,0.861,-0.000,0.976,-0.003,0.000,-0.216,-0.421,-0.364,8.381,-0.399,6.503,7.950,5.944,0.637,-0.463,-0.004,-0.083,0.008,-0.987,-0.002,0.005,19.185,-0.005,14.518,18.231,13.291
-2.681,0.857,-0.000,0.975,-0.004,0.001,-0.221,-0.421,-0.364,8.573,-0.399,6.649,8.132,6.077,0.632,-0.472,-0.004,-0.054,0.008,-0.999,-0.003,-0.002,19.309,-0.006,14.556,18.342,13.272
-2.675,0.852,-0.000,0.974,-0.004,0.001,-0.226,-0.421,-0.364,8.767,-0.399,6.794,8.316,6.210,0.628,-0.480,-0.004,-0.028,0.011,-1.012,-0.004,-0.008,19.424,-0.007,14.595,18.444,13.256
-2.669,0.847,-0.000,0.973,-0.004,0.001,-0.231,-0.421,-0.364,8.962,-0.399,6.940,8.501,6.342,0.623,-0.489,-0.004,-0.003,0.018,-1.026,-0.004,-0.014,19.528,-0.007,14.640,18.534,13.244
-2.662,0.842,-0.000,0.972,-0.004,0.001,-0.236,-0.421,-0.364,9.158,-0.399,7.087,8.687,6.475,0.619,-0.498,-0.006,0.021,0.027,-1.039,-0.005,-0.019,19.625,-0.007,14.695,18.613,13.240
-2.656,0.837,-0.000,0.971,-0.004,0.001,-0.241,-0.421,-0.365,9.354,-0.399,7.234,8.874,6.607,0.614,-0.506,-0.007,0.043,0.033,-1.050,-0.005,-0.022,19.719,-0.007,14.760,18.681,13.253
-2.650,0.832,-0.001,0.969,-0.003,0.001,-0.246,-0.421,-0.365,9.552,-0.400,7.382,9.061,6.740,0.610,-0.515,-0.008,0.062,0.035,-1.058,-0.004,-0.022,19.806,-0.006,14.835,18.741,13.284
-2.644,0.827,-0.001,0.968,-0.003,0.001,-0.251,-0.421,-0.365,9.750,-0.400,7.531,9.248,6.873,0.606,-0.523,-0.009,0.074,0.031,-1.063,-0.003,-0.021,19.885,-0.005,14.919,18.796,13.337
-2.638,0.821,-0.001,0.967,-0.003,0.001,-0.256,-0.421,-0.365,9.950,-0.400,7.681,9.437,7.007,0.603,-0.531,-0.009,0.081,0.023,-1.066,-0.003,-0.022,19.953,-0.004,15.011,18.849,13.407
-2.632,0.816,-0.001,0.965,-0.002,0.001,-0.261,-0.421,-0.365,10.150,-0.400,7.831,9.625,7.141,0.599,-0.539,-0.008,0.083,0.010,-1.067,-0.003,-0.025,20.012,-0.003,15.106,18.903,13.490
-2.626,0.811,-0.001,0.964,-0.002,0.001,-0.267,-0.421,-0.366,10.350,-0.400,7.983,9.815,7.276,0.596,-0.547,-0.007,0.083,-0.005,-1.067,-0.004,-0.033,20.064,-0.002,15.201,18.956,13.582
-2.620,0.805,-0.001,0.962,-0.002,0.001,-0.272,-0.421,-0.366,10.551,-0.400,8.135,10.004,7.413,0.592,-0.554,-0.005,0.083,-0.020,-1.068,-0.006,-0.043,20.107,-0.000,15.290,19.012,13.675
-2.614,0.800,-0.001,0.961,-0.001,0.000,-0.277,-0.421,-0.367,10.752,-0.400,8.289,10.195,7.550,0.588,-0.562,-0.002,0.084,-0.034,-1.070,-0.007,-0.056,20.141,0.001,15.372,19.068,13.767
-2.608,0.794,-0.001,0.959,-0.001,0.000,-0.282,-0.421,-0.367,10.954,-0.400,8.443,10.386,7.688,0.584,-0.570,0.000,0.085,-0.044,-1.074,-0.008,-0.085,20.163,0.001,15.444,19.124,13.852
-2.602,0.788,-0.001,0.958,-0.000,-0.000,-0.287,-0.421,-0.368,11.155,-0.400,8.597,10.577,7.827,0.580,-0.578,0.003,0.089,-0.050,-1.080,-0.009,-0.108,20.174,0.002,15.506,19.177,13.931
-2.597,0.782,-0.001,0.956,-0.000,-0.001,-0.292,-0.421,-0.369,11.357,-0.400,8.753,10.769,7.967,0.575,-0.587,0.006,0.095,-0.052,-1.087,-0.010,-0.086,20.174,0.002,15.561,19.223,14.002
-2.591,0.776,-0.001,0.955,0.000,-0.001,-0.297,-0.421,-0.370,11.559,-0.400,8.909,10.962,8.107,0.570,-0.595,0.009,0.101,-0.048,-1.094,-0.009,-0.067,20.164,0.002,15.611,19.259,14.068
-2.585,0.770,-0.001,0.953,0.001,-0.001,-0.303,-0.421,-0.371,11.760,-0.400,9.065,11.154,8.248,0.565,-0.603,0.011,0.108,-0.039,-1.101,-0.005,-0.047,20.146,0.002,15.660,19.282,14.131
-2.580,0.764,-0.001,0.951,0.001,-0.002,-0.308,-0.422,-0.371,11.962,-0.400,9.222,11.347,8.390,0.560,-0.612,0.011,0.112,-0.026,-1.106,-0.001,-0.024,20.123,0.002,15.711,19.290,14.195
-2.574,0.758,-0.000,0.950,0.002,-0.002,-0.313,-0.422,-0.371,12.163,-0.400,9.379,11.540,8.532,0.556,-0.620,0.011,0.113,-0.011,-1.108,0.001,-0.010,20.099,0.002,15.767,19.282,14.262
-2.569,0.752,-0.000,0.948,0.002,-0.002,-0.319,-0.422,-0.371,12.364,-0.400,9.537,11.733,8.675,0.551,-0.627,0.010,0.108,0.002,-1.107,0.003,0.002,20.077,0.002,15.830,19.262,14.336
-2.563,0.746,-0.000,0.946,0.003,-0.002,-0.324,-0.421,-0.371,12.564,-0.400,9.696,11.925,8.819,0.548,-0.635,0.009,0.097,0.014,-1.101,0.005,0.020,20.062,0.002,15.898,19.233,14.418
-2.558,0.739,-0.000,0.944,0.003,-0.002,-0.329,-0.421,-0.371,12.765,-0.400,9.855,12.118,8.963,0.544,-0.642,0.006,0.074,0.025,-1.092,0.009,0.046,20.056,0.002,15.956,19.203,14.512
-2.552,0.733,-0.000,0.943,0.004,-0.002,-0.334,-0.421,-0.370,12.965,-0.399,10.015,12.310,9.109,0.542,-0.648,0.001,0.040,0.035,-1.078,0.012,0.068,20.058,0.003,16.005,19.177,14.617
-2.547,0.726,-0.000,0.941,0.004,-0.002,-0.339,-0.421,-0.369,13.166,-0.399,10.175,12.501,9.255,0.538,-0.655,-0.003,-0.004,0.042,-1.066,0.013,0.082,20.076,0.004,16.060,19.164,14.711
-2.541,0.720,-0.000,0.939,0.004,-0.002,-0.344,-0.421,-0.369,13.367,-0.399,10.336,12.693,9.403,0.534,-0.661,-0.007,-0.049,0.040,-1.058,0.013,0.086,20.117,0.004,16.117,19.172,14.785
-2.536,0.713,-0.000,0.937,0.003,-0.001,-0.349,-0.421,-0.368,13.568,-0.399,10.498,12.885,9.551,0.529,-0.668,-0.009,-0.087,0.032,-1.053,0.011,0.087,20.178,0.004,16.167,19.203,14.837
-2.531,0.706,-0.000,0.935,0.003,-0.001,-0.354,-0.421,-0.367,13.771,-0.399,10.659,13.077,9.700,0.523,-0.674,-0.011,-0.116,0.019,-1.051,0.008,0.100,20.255,0.004,16.205,19.255,14.873
-2.526,0.700,-0.001,0.933,0.002,-0.001,-0.359,-0.421,-0.366,13.974,-0.399,10.822,13.270,9.849,0.517,-0.681,-0.011,-0.135,0.002,-1.049,0.007,0.068,20.343,0.004,16.225,19.327,14.895
-2.520,0.693,-0.001,0.932,0.002,-0.001,-0.364,-0.421,-0.365,14.177,-0.399,10.984,13.464,9.998,0.510,-0.687,-0.010,-0.144,-0.018,-1.049,0.004,0.037,20.435,0.004,16.228,19.412,14.907
-2.515,0.686,-0.001,0.930,0.001,-0.000,-0.369,-0.421,-0.365,14.382,-0.399,11.146,13.658,10.147,0.503,-0.692,-0.008,-0.142,-0.037,-1.049,0.002,0.019,20.527,0.004,16.212,19.508,14.909
-2.510,0.679,-0.001,0.928,0.000,-0.000,-0.373,-0.421,-0.365,14.588,-0.399,11.308,13.854,10.296,0.495,-0.698,-0.005,-0.132,-0.053,-1.050,0.000,0.008,20.612,0.004,16.180,19.608,14.906
-2.506,0.672,-0.001,0.926,-0.000,-0.000,-0.378,-0.421,-0.365,14.794,-0.399,11.470,14.050,10.445,0.488,-0.703,-0.001,-0.120,-0.063,-1.052,-0.000,0.001,20.681,0.003,16.134,19.706,14.899
-2.501,0.665,-0.001,0.924,-0.001,-0.001,-0.383,-0.421,-0.365,15.002,-0.399,11.631,14.248,10.594,0.481,-0.709,0.002,-0.106,-0.063,-1.053,-0.001,-0.004,20.733,0.003,16.080,19.799,14.890
-2.496,0.658,-0.001,0.922,-0.002,-0.001,-0.388,-0.421,-0.365,15.209,-0.399,11.791,14.446,10.743,0.473,-0.714,0.004,-0.094,-0.055,-1.054,-0.001,-0.007,20.768,0.002,16.022,19.882,14.880
-2.491,0.651,-0.001,0.920,-0.002,-0.001,-0.393,-0.268,-0.263,15.419,-0.235,11.949,14.646,10.891,0.472,-0.717,0.004,-0.091,-0.030,-1.031,26.504,18.462,21.109,28.990,15.626,19.956,14.955
-2.486,0.644,-0.001,0.918,-0.002,-0.001,-0.397,-0.012,-0.067,15.629,0.048,12.106,14.844,11.045,0.515,-0.690,0.018,-0.055,-0.097,-0.690,19.202,16.568,20.707,22.039,15.827,19.560,15.805
-2.481,0.637,-0.000,0.917,-0.003,-0.001,-0.399,0.029,-0.018,15.832,0.128,12.268,15.036,11.207,0.557,-0.653,0.038,-0.061,-0.191,-0.303,-10.515,-7.128,20.146,-5.829,16.509,18.831,16.669
-2.475,0.630,-0.000,0.916,-0.004,-0.002,-0.400,-0.162,-0.168,16.033,-0.029,12.435,15.221,11.376,0.567,-0.634,0.016,-0.099,-0.028,-0.139,-22.487,-18.586,20.044,-21.430,16.866,18.286,16.979
-2.470,0.624,-0.000,0.916,-0.004,-0.001,-0.401,-0.316,-0.304,16.233,-0.201,12.603,15.404,11.545,0.549,-0.648,-0.014,-0.166,0.172,-0.250,-6.034,-6.827,20.091,-9.773,16.643,18.364,16.770
-2.464,0.617,-0.000,0.915,-0.004,-0.000,-0.403,-0.269,-0.290,16.434,-0.189,12.767,15.590,11.711,0.526,-0.679,-0.012,-0.099,0.154,-0.463,13.489,8.553,19.928,10.837,16.249,18.866,16.413
-2.459,0.611,-0.000,0.914,-0.004,0.000,-0.405,-0.111,-0.173,16.632,-0.048,12.929,15.780,11.875,0.525,-0.689,0.000,-0.035,0.072,-0.489,14.506,12.079,19.773,13.598,16.203,19.110,16.387
-2.454,0.604,-0.000,0.913,-0.004,0.001,-0.407,-0.045,-0.105,16.828,0.018,13.092,15.971,12.040,0.540,-0.685,0.004,-0.018,0.037,-0.387,-1.773,0.689,19.370,-0.998,16.486,19.080,16.640
-2.448,0.597,-0.000,0.913,-0.004,0.001,-0.409,-0.131,-0.157,17.020,-0.061,13.259,16.162,12.207,0.544,-0.686,0.003,0.005,0.039,-0.353,-12.879,-9.133,19.126,-12.753,16.756,19.072,16.750
-2.443,0.590,-0.000,0.912,-0.004,0.001,-0.410,-0.239,-0.238,17.212,-0.181,13.427,16.353,12.373,0.524,-0.700,0.001,0.029,0.039,-0.471,-6.762,-5.571,19.299,-9.100,16.753,19.255,16.491
-2.438,0.583,-0.000,0.911,-0.004,0.001,-0.413,-0.242,-0.247,17.407,-0.210,13.594,16.547,12.536,0.496,-0.715,-0.004,0.085,0.058,-0.639,5.598,3.563,19.638,3.307,16.789,19.462,16.011
-2.433,0.576,-0.000,0.909,-0.003,0.001,-0.416,-0.157,-0.184,17.604,-0.140,13.762,16.742,12.695,0.491,-0.722,-0.004,0.130,0.041,-0.663,9.341,7.554,19.759,8.434,16.790,19.558,15.934
-2.428,0.568,-0.000,0.908,-0.003,0.001,-0.419,-0.097,-0.129,17.801,-0.083,13.930,16.938,12.856,0.508,-0.718,-0.001,0.162,0.012,-0.543,1.702,2.636,19.580,2.032,16.871,19.466,16.292
-2.423,0.561,-0.000,0.907,-0.002,0.001,-0.421,-0.127,-0.140,17.995,-0.108,14.100,17.131,13.021,0.520,-0.714,-0.002,0.191,0.010,-0.446,-6.427,-4.106,19.397,-5.994,17.031,19.324,16.630
-2.418,0.554,-0.000,0.906,-0.001,0.000,-0.423,-0.193,-0.187,18.189,-0.176,14.271,17.325,13.188,0.514,-0.721,-0.003,0.193,0.015,-0.471,-5.443,-4.205,19.396,-6.244,17.107,19.325,16.704
-2.413,0.547,-0.000,0.905,-0.000,-0.000,-0.425,-0.214,-0.206,18.384,-0.208,14.442,17.518,13.354,0.499,-0.733,-0.003,0.184,0.017,-0.554,1.403,0.630,19.488,0.133,17.132,19.418,16.619
-2.408,0.539,-0.000,0.904,0.001,-0.000,-0.428,-0.175,-0.179,18.579,-0.178,14.613,17.713,13.521,0.494,-0.739,-0.003,0.182,0.016,-0.579,5.358,4.088,19.495,4.743,17.218,19.445,16.649
-2.403,0.532,-0.000,0.903,0.002,-0.001,-0.430,-0.132,-0.143,18.773,-0.137,14.786,17.907,13.688,0.500,-0.739,-0.002,0.171,0.012,-0.522,2.443,2.481,19.392,2.638,17.366,19.341,16.883
-2.398,0.525,-0.000,0.902,0.002,-0.001,-0.433,-0.134,-0.138,18.967,-0.136,14.961,18.099,13.858,0.506,-0.738,-0.001,0.137,0.008,-0.461,-2.584,-1.416,19.307,-2.128,17.493,19.203,17.144
-2.393,0.517,-0.000,0.901,0.003,-0.001,-0.435,-0.169,-0.162,19.160,-0.169,15.136,18.291,14.030,0.502,-0.743,-0.002,0.087,0.010,-0.464,-3.546,-2.611,19.324,-3.648,17.552,19.153,17.260
-2.388,0.510,-0.000,0.900,0.003,-0.001,-0.437,-0.190,-0.179,19.353,-0.193,15.312,18.483,14.203,0.493,-0.750,-0.003,0.039,0.015,-0.509,-0.342,-0.583,19.411,-0.918,17.593,19.181,17.240
-2.383,0.502,-0.000,0.898,0.003,-0.001,-0.439,-0.176,-0.171,19.548,-0.185,15.488,18.675,14.375,0.486,-0.755,-0.005,0.003,0.020,-0.536,2.565,1.831,19.482,2.168,17.658,19.203,17.229
-2.378,0.495,-0.000,0.897,0.003,-0.001,-0.442,-0.151,-0.151,19.743,-0.162,15.665,18.867,14.548,0.486,-0.757,-0.007,-0.024,0.022,-0.516,1.955,1.731,19.505,2.021,17.724,19.179,17.313
-2.373,0.487,-0.001,0.896,0.003,-0.001,-0.444,-0.145,-0.143,19.938,-0.153,15.842,19.058,14.722,0.487,-0.758,-0.009,-0.051,0.021,-0.482,-0.628,-0.127,19.520,-0.270,17.768,19.145,17.435
-2.368,0.480,-0.001,0.895,0.003,-0.001,-0.446,-0.159,-0.151,20.133,-0.164,16.020,19.250,14.896,0.485,-0.760,-0.010,-0.079,0.018,-0.472,-1.882,-1.283,19.580,-1.739,17.788,19.159,17.499
-2.363,0.472,-0.001,0.894,0.003,-0.000,-0.448,-0.174,-0.162,20.330,-0.179,16.198,19.442,15.071,0.479,-0.764,-0.011,-0.100,0.011,-0.488,-0.759,-0.647,19.693,-0.955,17.800,19.228,17.483
-2.358,0.464,-0.001,0.893,0.002,-0.000,-0.450,-0.173,-0.162,20.527,-0.180,16.376,19.634,15.246,0.473,-0.768,-0.011,-0.108,-0.002,-0.505,0.841,0.497,19.819,0.580,17.812,19.318,17.445
-2.354,0.457,-0.001,0.892,0.002,0.000,-0.453,-0.161,-0.155,20.726,-0.171,16.554,19.828,15.420,0.470,-0.770,-0.010,-0.105,-0.017,-0.503,1.107,0.854,19.908,1.023,17.825,19.400,17.445
-2.349,0.449,-0.001,0.891,0.001,0.000,-0.455,-0.155,-0.149,20.925,-0.164,16.733,20.022,15.595,0.468,-0.772,-0.008,-0.097,-0.032,-0.489,0.192,0.286,19.952,0.328,17.837,19.472,17.484
-2.344,0.441,-0.001,0.890,0.001,0.000,-0.457,-0.158,-0.150,21.125,-0.165,16.911,20.217,15.770,0.466,-0.774,-0.006,-0.089,-0.044,-0.479,-0.664,-0.392,19.982,-0.551,17.838,19.551,17.523
-2.340,0.433,-0.001,0.888,0.000,0.000,-0.459,-0.165,-0.154,21.325,-0.172,17.089,20.413,15.945,0.462,-0.777,-0.003,-0.082,-0.052,-0.482,-0.581,-0.417,20.030,-0.618,17.817,19.647,17.532
-2.335,0.426,-0.001,0.887,-0.000,0.000,-0.461,-0.168,-0.157,21.526,-0.176,17.267,20.610,16.121,0.457,-0.780,-0.000,-0.075,-0.057,-0.491,-0.046,-0.092,20.087,-0.177,17.776,19.748,17.523
-2.331,0.418,-0.001,0.886,-0.001,0.000,-0.463,-0.166,-0.156,21.727,-0.176,17.445,20.808,16.296,0.453,-0.783,0.002,-0.067,-0.057,-0.498,0.362,0.220,20.134,0.242,17.729,19.841,17.520
-2.326,0.410,-0.001,0.885,-0.001,-0.000,-0.466,-0.162,-0.154,21.928,-0.173,17.622,21.007,16.471,0.450,-0.786,0.004,-0.061,-0.053,-0.498,0.269,0.189,20.156,0.217,17.685,19.916,17.534
-2.322,0.402,-0.001,0.884,-0.002,-0.000,-0.468,-0.161,-0.152,22.130,-0.172,17.798,21.207,16.647,0.447,-0.789,0.006,-0.059,-0.045,-0.495,0.032,0.061,20.166,0.062,17.645,19.977,17.556
-2.317,0.394,-0.001,0.883,-0.002,-0.000,-0.470,-0.162,-0.152,22.331,-0.172,17.975,21.407,16.822,0.444,-0.792,0.008,-0.059,-0.035,-0.494,-0.114,-0.023,20.177,-0.056,17.604,20.030,17.573
-2.313,0.386,-0.001,0.882,-0.002,-0.000,-0.472,-0.163,-0.153,22.533,-0.172,18.151,21.607,16.998,0.441,-0.795,0.009,-0.060,-0.023,-0.494,-0.078,-0.025,20.197,-0.057,17.562,20.078,17.580
-2.308,0.378,-0.001,0.880,-0.003,-0.000,-0.474,-0.163,-0.153,22.735,-0.173,18.326,21.808,17.174,0.438,-0.799,0.009,-0.060,-0.011,-0.496,-0.023,-0.013,20.223,-0.027,17.524,20.124,17.578
-2.304,0.370,-0.001,0.879,-0.003,0.000,-0.477,-0.163,-0.153,22.938,-0.173,18.501,22.010,17.350,0.435,-0.803,0.009,-0.057,-0.000,-0.498,0.003,-0.008,20.251,-0.012,17.495,20.168,17.569
-2.300,0.362,-0.001,0.878,-0.003,0.000,-0.479,-0.163,-0.153,23.140,-0.173,18.676,22.211,17.525,0.431,-0.806,0.009,-0.049,0.009,-0.500,0.011,-0.007,20.280,-0.006,17.477,20.209,17.552
-2.295,0.354,-0.001,0.877,-0.003,0.000,-0.481,-0.163,-0.153,23.343,-0.173,18.851,22.414,17.701,0.428,-0.810,0.009,-0.034,0.016,-0.502,0.009,-0.007,20.304,-0.004,17.471,20.249,17.530
-2.291,0.346,-0.000,0.876,-0.003,0.000,-0.483,-0.163,-0.153,23.546,-0.173,19.025,22.616,17.876,0.425,-0.814,0.009,-0.014,0.022,-0.504,0.004,-0.007,20.321,-0.002,17.478,20.283,17.504
-2.287,0.338,-0.000,0.874,-0.003,0.001,-0.485,-0.163,-0.153,23.750,-0.173,19.200,22.819,18.051,0.422,-0.818,0.009,0.012,0.027,-0.506,0.000,-0.008,20.327,-0.001,17.498,20.311,17.478
-2.283,0.330,-0.000,0.873,-0.003,0.001,-0.488,-0.163,-0.153,23.953,-0.173,19.375,23.023,18.225,0.419,-0.822,0.009,0.042,0.031,-0.508,-0.002,-0.008,20.321,-0.001,17.531,20.327,17.455
-2.278,0.321,-0.000,0.872,-0.003,0.001,-0.490,-0.163,-0.153,24.156,-0.173,19.551,23.226,18.400,0.415,-0.826,0.008,0.074,0.037,-0.510,-0.002,-0.008,20.303,-0.000,17.578,20.330,17.439
-2.274,0.313,-0.000,0.871,-0.002,0.001,-0.492,-0.163,-0.153,24.359,-0.173,19.727,23.429,18.574,0.412,-0.829,0.007,0.104,0.043,-0.512,-0.002,-0.008,20.278,0.000,17.638,20.317,17.432
-2.270,0.305,-0.000,0.869,-0.002,0.000,-0.494,-0.163,-0.153,24.562,-0.173,19.904,23.632,18.749,0.408,-0.833,0.005,0.129,0.049,-0.514,-0.001,-0.008,20.250,-0.000,17.710,20.288,17.438
-2.266,0.296,-0.000,0.868,-0.001,0.000,-0.496,-0.163,-0.154,24.764,-0.173,20.081,23.835,18.923,0.405,-0.837,0.003,0.147,0.055,-0.516,-0.001,-0.007,20.225,-0.001,17.793,20.243,17.457
-2.262,0.288,-0.000,0.867,-0.000,0.000,-0.499,-0.163,-0.154,24.966,-0.173,20.260,24.037,19.098,0.401,-0.840,0.001,0.154,0.058,-0.518,-0.001,-0.006,20.207,-0.001,17.886,20.186,17.490
-2.258,0.280,-0.000,0.865,0.001,0.000,-0.501,-0.163,-0.154,25.168,-0.173,20.439,24.239,19.273,0.397,-0.844,-0.002,0.148,0.058,-0.519,-0.001,-0.005,20.200,-0.002,17.986,20.120,17.533
-2.254,0.271,-0.000,0.864,0.002,-0.000,-0.503,-0.163,-0.154,25.370,-0.173,20.619,24.439,19.448,0.393,-0.847,-0.004,0.129,0.052,-0.520,-0.000,-0.003,20.205,-0.002,18.088,20.050,17.587
-2.250,0.263,-0.000,0.863,0.002,-0.000,-0.505,-0.163,-0.154,25.572,-0.173,20.801,24.640,19.625,0.389,-0.850,-0.006,0.099,0.041,-0.520,-0.000,-0.001,20.223,-0.002,18.182,19.984,17.645
-2.246,0.254,-0.000,0.862,0.003,-0.000,-0.508,-0.163,-0.154,25.775,-0.173,20.983,24.839,19.801,0.385,-0.852,-0.008,0.064,0.029,-0.520,0.000,0.001,20.251,-0.001,18.262,19.925,17.705
-2.243,0.246,-0.000,0.860,0.003,-0.000,-0.510,-0.163,-0.154,25.977,-0.173,21.166,25.038,19.979,0.380,-0.854,-0.010,0.031,0.017,-0.519,0.001,0.003,20.288,-0.001,18.323,19.881,17.761
-2.239,0.237,-0.000,0.859,0.003,-0.000,-0.512,-0.163,-0.154,26.181,-0.173,21.349,25.237,20.157,0.376,-0.856,-0.012,-0.002,0.005,-0.517,0.001,0.005,20.333,-0.000,18.365,19.855,17.813
-2.235,0.229,-0.001,0.858,0.003,-0.000,-0.514,-0.163,-0.154,26.384,-0.173,21.533,25.435,20.335,0.371,-0.857,-0.013,-0.030,-0.007,-0.516,0.001,0.006,20.383,0.000,18.390,19.850,17.858
-2.231,0.220,-0.001,0.856,0.003,-0.000,-0.517,-0.163,-0.154,26.588,-0.173,21.717,25.634,20.514,0.366,-0.858,-0.014,-0.053,-0.019,-0.514,0.001,0.007,20.434,0.000,18.401,19.867,17.895
-2.228,0.211,-0.001,0.855,0.002,0.000,-0.519,-0.163,-0.154,26.793,-0.173,21.901,25.833,20.693,0.361,-0.859,-0.013,-0.070,-0.029,-0.512,0.001,0.007,20.483,0.001,18.399,19.902,17.924
-2.224,0.203,-0.001,0.854,0.002,0.000,-0.521,-0.163,-0.153,26.998,-0.173,22.085,26.032,20.872,0.357,-0.860,-0.012,-0.078,-0.037,-0.510,0.001,0.006,20.526,0.001,18.387,19.953,17.943
-2.221,0.194,-0.001,0.852,0.001,0.000,-0.523,-0.163,-0.153,27.203,-0.173,22.269,26.232,21.052,0.352,-0.861,-0.011,-0.079,-0.042,-0.509,0.000,0.005,20.560,0.000,18.368,20.015,17.955
-2.217,0.186,-0.001,0.851,0.001,0.000,-0.525,-0.163,-0.153,27.409,-0.173,22.452,26.432,21.231,0.347,-0.861,-0.009,-0.074,-0.044,-0.508,0.000,0.004,20.584,-0.000,18.343,20.083,17.960
-2.214,0.177,-0.001,0.850,0.001,0.000,-0.527,-0.163,-0.153,27.615,-0.173,22.636,26.633,21.411,0.342,-0.862,-0.006,-0.066,-0.043,-0.507,-0.000,0.003,20.598,-0.001,18.315,20.152,17.959
-2.210,0.168,-0.001,0.848,0.000,0.000,-0.530,-0.163,-0.153,27.821,-0.173,22.819,26.835,21.590,0.338,-0.863,-0.004,-0.056,-0.040,-0.506,-0.001,0.002,20.606,-0.002,18.286,20.217,17.957
-2.207,0.160,-0.001,0.847,-0.000,0.000,-0.532,-0.163,-0.153,28.027,-0.173,23.001,27.038,21.770,0.333,-0.864,-0.002,-0.046,-0.035,-0.506,-0.001,0.001,20.610,-0.003,18.257,20.275,17.954
-2.204,0.151,-0.001,0.846,-0.000,0.000,-0.534,-0.163,-0.153,28.233,-0.173,23.184,27.241,21.949,0.329,-0.866,0.000,-0.039,-0.031,-0.506,-0.001,-0.000,20.613,-0.003,18.228,20.326,17.953
-2.200,0.142,-0.001,0.844,-0.001,0.000,-0.536,-0.163,-0.153,28.439,-0.173,23.366,27.444,22.129,0.324,-0.867,0.002,-0.034,-0.028,-0.506,-0.001,-0.001,20.618,-0.004,18.199,20.369,17.955
-2.197,0.134,-0.001,0.843,-0.001,0.000,-0.538,-0.163,-0.153,28.645,-0.173,23.548,27.648,22.309,0.320,-0.869,0.004,-0.033,-0.027,-0.507,-0.002,-0.002,20.626,-0.005,18.169,20.406,17.962
-2.194,0.125,-0.001,0.841,-0.001,-0.000,-0.540,-0.163,-0.153,28.852,-0.173,23.729,27.852,22.488,0.316,-0.872,0.006,-0.034,-0.028,-0.508,-0.002,-0.003,20.637,-0.005,18.138,20.440,17.971
-2.191,0.116,-0.001,0.840,-0.001,-0.000,-0.542,-0.163,-0.153,29.058,-0.173,23.910,28.057,22.668,0.312,-0.874,0.007,-0.037,-0.032,-0.508,-0.002,-0.004,20.650,-0.005,18.103,20.473,17.983
-2.188,0.108,-0.001,0.839,-0.001,-0.000,-0.545,-0.163,-0.153,29.265,-0.173,24.091,28.262,22.848,0.308,-0.877,0.008,-0.039,-0.036,-0.509,-0.002,-0.005,20.662,-0.005,18.065,20.507,17.997
-2.185,0.099,-0.001,0.837,-0.002,-0.000,-0.547,-0.163,-0.153,29.471,-0.173,24.272,28.467,23.028,0.304,-0.880,0.010,-0.039,-0.040,-0.510,-0.001,-0.005,20.669,-0.005,18.026,20.545,18.009
-2.182,0.090,-0.001,0.836,-0.002,-0.000,-0.549,-0.163,-0.153,29.678,-0.174,24.452,28.673,23.208,0.300,-0.883,0.011,-0.036,-0.042,-0.512,-0.001,-0.006,20.669,-0.005,17.986,20.585,18.019
-2.179,0.081,-0.001,0.835,-0.002,-0.000,-0.551,-0.163,-0.154,29.885,-0.174,24.632,28.879,23.388,0.296,-0.886,0.012,-0.029,-0.040,-0.513,-0.001,-0.006,20.659,-0.004,17.948,20.625,18.023
-2.176,0.072,-0.001,0.833,-0.002,-0.000,-0.553,-0.163,-0.154,30.091,-0.174,24.811,29.085,23.569,0.292,-0.889,0.014,-0.017,-0.033,-0.515,-0.001,-0.006,20.637,-0.004,17.913,20.661,18.021
-2.173,0.063,-0.000,0.832,-0.003,-0.001,-0.555,-0.163,-0.154,30.298,-0.174,24.990,29.292,23.749,0.288,-0.892,0.014,-0.001,-0.020,-0.516,-0.001,-0.006,20.604,-0.003,17.886,20.688,18.010
-2.170,0.054,-0.000,0.830,-0.003,-0.001,-0.557,-0.163,-0.154,30.503,-0.174,25.169,29.499,23.929,0.284,-0.895,0.015,0.017,-0.002,-0.519,-0.001,-0.006,20.563,-0.002,17.868,20.702,17.991
-2.167,0.045,-0.000,0.829,-0.002,-0.001,-0.560,-0.163,-0.154,30.709,-0.174,25.347,29.706,24.108,0.280,-0.898,0.014,0.037,0.021,-0.521,-0.000,-0.006,20.519,-0.001,17.865,20.698,17.964
-2.164,0.036,-0.000,0.827,-0.002,-0.001,-0.562,-0.163,-0.154,30.914,-0.174,25.526,29.913,24.288,0.276,-0.901,0.013,0.055,0.047,-0.523,0.000,-0.005,20.478,0.000,17.878,20.673,17.932
-2.162,0.027,0.000,0.826,-0.002,-0.001,-0.564,-0.163,-0.154,31.118,-0.174,25.705,30.119,24.467,0.271,-0.904,0.011,0.072,0.073,-0.525,0.000,-0.004,20.445,0.001,17.910,20.627,17.898
-2.159,0.018,0.000,0.824,-0.001,-0.000,-0.566,-0.163,-0.154,31.323,-0.174,25.884,30.325,24.646,0.267,-0.907,0.007,0.084,0.097,-0.527,0.001,-0.003,20.427,0.002,17.961,20.563,17.866
-2.156,0.009,0.000,0.823,-0.000,-0.000,-0.568,-0.163,-0.154,31.527,-0.174,26.064,30.531,24.824,0.262,-0.910,0.003,0.089,0.114,-0.528,0.001,-0.002,20.428,0.002,18.030,20.486,17.838
-2.154,0.000,0.000,0.821,0.000,-0.000,-0.570,-0.163,-0.154,31.731,-0.174,26.245,30.735,25.003,0.258,-0.912,-0.001,0.086,0.122,-0.529,0.001,0.000,20.450,0.003,18.116,20.402,17.817
-2.151,-0.009,0.000,0.820,0.001,0.000,-0.573,-0.163,-0.154,31.936,-0.174,26.426,30.939,25.181,0.253,-0.915,-0.005,0.073,0.117,-0.529,0.001,0.002,20.492,0.003,18.213,20.319,17.806
-2.149,-0.018,0.000,0.818,0.001,0.001,-0.575,-0.163,-0.154,32.141,-0.174,26.609,31.141,25.359,0.248,-0.917,-0.009,0.053,0.101,-0.528,0.001,0.004,20.551,0.003,18.315,20.245,17.806
-2.146,-0.027,0.000,0.817,0.002,0.001,-0.577,-0.163,-0.154,32.347,-0.174,26.793,31.344,25.537,0.243,-0.918,-0.013,0.030,0.076,-0.527,0.001,0.005,20.621,0.003,18.411,20.187,17.815
-2.144,-0.037,-0.000,0.815,0.002,0.001,-0.579,-0.163,-0.154,32.554,-0.173,26.977,31.545,25.715,0.238,-0.919,-0.015,0.007,0.046,-0.526,0.001,0.006,20.694,0.003,18.491,20.149,17.832
-2.141,-0.046,-0.000,0.814,0.002,0.001,-0.581,-0.163,-0.154,32.761,-0.173,27.163,31.747,25.894,0.233,-0.920,-0.017,-0.011,0.015,-0.524,0.001,0.007,20.765,0.003,18.552,20.134,17.856
-2.139,-0.055,-0.000,0.812,0.002,0.001,-0.583,-0.163,-0.154,32.969,-0.173,27.348,31.948,26.072,0.228,-0.920,-0.017,-0.025,-0.015,-0.522,0.001,0.007,20.827,0.003,18.592,20.142,17.887
-2.137,-0.064,-0.001,0.811,0.002,0.001,-0.585,-0.163,-0.154,33.177,-0.173,27.534,32.150,26.251,0.223,-0.919,-0.017,-0.034,-0.042,-0.520,0.001,0.006,20.875,0.003,18.609,20.170,17.922
-2.135,-0.073,-0.001,0.809,0.002,0.001,-0.588,-0.163,-0.154,33.386,-0.173,27.720,32.351,26.431,0.218,-0.919,-0.016,-0.038,-0.062,-0.519,0.001,0.005,20.907,0.002,18.607,20.215,17.959
-2.132,-0.083,-0.001,0.808,0.001,0.001,-0.590,-0.163,-0.154,33.596,-0.173,27.906,32.554,26.611,0.213,-0.918,-0.014,-0.038,-0.075,-0.517,0.000,0.005,20.920,0.002,18.588,20.271,17.995
-2.130,-0.092,-0.001,0.806,0.001,0.001,-0.592,-0.163,-0.153,33.805,-0.173,28.092,32.757,26.791,0.208,-0.917,-0.012,-0.035,-0.078,-0.515,0.000,0.004,20.916,0.002,18.557,20.332,18.028
-2.128,-0.101,-0.001,0.805,0.001,0.000,-0.594,-0.163,-0.153,34.014,-0.173,28.277,32.960,26.971,0.203,-0.917,-0.009,-0.030,-0.073,-0.514,0.000,0.003,20.899,0.001,18.518,20.391,18.055
-2.126,-0.110,-0.001,0.803,0.000,0.000,-0.596,-0.163,-0.153,34.223,-0.173,28.462,33.165,27.152,0.198,-0.916,-0.006,-0.024,-0.062,-0.514,-0.000,0.002,20.873,0.001,18.478,20.444,18.075
-2.124,-0.119,-0.001,0.802,-0.000,0.000,-0.598,-0.163,-0.153,34.431,-0.173,28.647,33.369,27.333,0.193,-0.915,-0.004,-0.018,-0.046,-0.513,-0.000,0.001,20.846,-0.000,18.439,20.488,18.089
-2.122,-0.128,-0.001,0.800,-0.000,0.000,-0.600,-0.163,-0.153,34.640,-0.173,28.831,33.574,27.513,0.188,-0.915,-0.002,-0.013,-0.029,-0.513,-0.001,-0.000,20.822,-0.001,18.407,20.521,18.096
-2.121,-0.137,-0.001,0.799,-0.000,-0.000,-0.602,-0.163,-0.153,34.848,-0.173,29.015,33.780,27.694,0.183,-0.915,-0.000,-0.010,-0.015,-0.513,-0.001,-0.001,20.805,-0.002,18.382,20.545,18.100
-2.119,-0.147,-0.001,0.797,-0.000,-0.000,-0.604,-0.163,-0.153,35.056,-0.173,29.199,33.985,27.875,0.178,-0.916,0.001,-0.009,-0.007,-0.513,-0.001,-0.002,20.797,-0.003,18.365,20.562,18.103
-2.117,-0.156,-0.001,0.795,-0.000,-0.000,-0.606,-0.163,-0.153,35.264,-0.173,29.383,34.191,28.057,0.173,-0.917,0.003,-0.009,-0.005,-0.513,-0.001,-0.003,20.797,-0.003,18.355,20.577,18.107
-2.115,-0.165,-0.001,0.794,-0.000,-0.000,-0.608,-0.163,-0.154,35.472,-0.173,29.566,34.397,28.238,0.169,-0.919,0.004,-0.011,-0.011,-0.514,-0.002,-0.004,20.802,-0.004,18.347,20.592,18.115
-2.114,-0.174,-0.001,0.792,-0.001,-0.000,-0.610,-0.005,-0.042,35.681,-0.041,29.750,34.603,28.419,0.175,-0.916,0.006,0.012,-0.024,-0.462,25.612,19.144,20.869,22.234,18.471,20.488,18.194
-2.112,-0.183,-0.001,0.791,-0.001,-0.000,-0.611,0.212,0.144,35.887,0.162,29.937,34.805,28.604,0.227,-0.905,0.016,0.071,-0.082,-0.123,13.685,13.905,20.259,14.484,18.941,19.909,18.906
-2.109,-0.192,-0.001,0.792,-0.001,-0.001,-0.611,0.219,0.167,36.086,0.207,30.129,35.000,28.797,0.281,-0.887,0.030,0.057,-0.162,0.245,-11.079,-9.045,19.569,-4.991,19.530,19.099,19.679
-2.106,-0.201,-0.001,0.793,-0.001,-0.002,-0.610,0.049,0.013,36.279,0.095,30.326,35.188,28.996,0.293,-0.885,0.024,-0.015,-0.141,0.337,-18.765,-17.836,19.071,-14.304,19.833,18.734,20.014
-2.103,-0.210,-0.000,0.793,-0.002,-0.002,-0.609,-0.068,-0.107,36.468,-0.007,30.523,35.377,29.195,0.265,-0.897,0.016,-0.041,-0.087,0.158,-2.884,-4.474,18.933,-3.985,19.479,19.048,19.826
-2.101,-0.219,-0.000,0.794,-0.002,-0.002,-0.609,-0.003,-0.067,36.658,0.035,30.715,35.570,29.392,0.243,-0.907,0.012,-0.034,-0.051,0.005,13.437,10.807,18.934,10.526,19.008,19.417,19.581
-2.098,-0.228,-0.000,0.794,-0.002,-0.002,-0.608,0.132,0.057,36.846,0.147,30.905,35.764,29.588,0.257,-0.904,0.012,-0.019,-0.031,0.080,10.660,11.282,18.763,9.376,19.027,19.327,19.684
-2.096,-0.237,-0.000,0.794,-0.002,-0.002,-0.608,0.165,0.108,37.033,0.184,31.097,35.955,29.786,0.285,-0.893,0.013,-0.030,-0.012,0.256,-3.942,-1.420,18.517,-2.027,19.340,18.916,19.941
-2.093,-0.246,0.000,0.795,-0.002,-0.002,-0.607,0.077,0.044,37.217,0.119,31.292,36.143,29.986,0.293,-0.889,0.011,-0.029,0.029,0.307,-11.220,-9.416,18.384,-9.224,19.545,18.700,20.000
-2.090,-0.255,0.000,0.796,-0.002,-0.002,-0.606,-0.005,-0.030,37.401,0.042,31.487,36.330,30.186,0.278,-0.897,0.010,-0.008,0.063,0.199,-3.887,-3.869,18.393,-4.764,19.365,18.876,19.802
-2.087,-0.264,0.000,0.796,-0.002,-0.002,-0.605,0.014,-0.018,37.585,0.043,31.679,36.520,30.382,0.264,-0.904,0.008,0.017,0.091,0.093,6.626,5.559,18.449,4.260,19.080,19.103,19.576
-2.085,-0.273,0.000,0.797,-0.002,-0.001,-0.605,0.092,0.055,37.770,0.100,31.869,36.711,30.578,0.270,-0.904,0.005,0.042,0.126,0.113,7.141,7.359,18.432,5.676,19.087,19.049,19.529
-2.082,-0.282,0.000,0.797,-0.001,-0.001,-0.604,0.125,0.098,37.954,0.129,32.061,36.900,30.773,0.287,-0.898,0.001,0.062,0.151,0.212,-0.751,0.751,18.386,-0.191,19.332,18.763,19.609
-2.079,-0.291,0.000,0.798,-0.000,-0.001,-0.603,0.084,0.072,38.138,0.099,32.256,37.087,30.970,0.294,-0.895,-0.004,0.059,0.163,0.251,-6.161,-4.897,18.423,-5.030,19.542,18.558,19.614
-2.076,-0.300,0.000,0.798,0.000,-0.000,-0.602,0.033,0.027,38.322,0.052,32.451,37.272,31.165,0.289,-0.899,-0.007,0.040,0.158,0.205,-3.201,-3.009,18.537,-3.416,19.565,18.566,19.507
-2.073,-0.309,0.000,0.799,0.001,0.000,-0.601,0.032,0.025,38.508,0.044,32.647,37.458,31.360,0.283,-0.902,-0.010,0.026,0.138,0.156,2.833,2.254,18.656,1.573,19.556,18.626,19.396
-2.070,-0.318,0.000,0.799,0.001,0.001,-0.601,0.073,0.061,38.695,0.073,32.843,37.645,31.554,0.288,-0.902,-0.013,0.023,0.110,0.169,4.292,4.159,18.718,3.372,19.678,18.575,19.390
-2.067,-0.327,-0.000,0.800,0.002,0.001,-0.600,0.099,0.090,38.883,0.096,33.041,37.830,31.748,0.297,-0.898,-0.015,0.019,0.076,0.222,0.509,1.150,18.736,0.835,19.890,18.433,19.468
-2.064,-0.336,-0.000,0.801,0.002,0.001,-0.599,0.084,0.082,39.070,0.087,33.241,38.013,31.943,0.304,-0.895,-0.017,0.006,0.038,0.252,-2.966,-2.274,18.770,-2.182,20.047,18.343,19.540
-2.061,-0.345,-0.000,0.801,0.002,0.001,-0.598,0.054,0.057,39.258,0.063,33.441,38.197,32.138,0.302,-0.895,-0.018,-0.012,0.000,0.233,-2.254,-2.102,18.861,-2.090,20.091,18.377,19.548
-2.058,-0.354,-0.001,0.802,0.002,0.001,-0.597,0.047,0.049,39.447,0.054,33.642,38.381,32.334,0.298,-0.895,-0.017,-0.022,-0.032,0.198,0.822,0.404,18.978,0.276,20.082,18.472,19.523
-2.055,-0.363,-0.001,0.803,0.002,0.001,-0.596,0.065,0.062,39.638,0.066,33.843,38.566,32.529,0.299,-0.893,-0.016,-0.021,-0.058,0.189,2.246,1.963,19.044,1.693,20.092,18.534,19.544
-2.052,-0.372,-0.001,0.803,0.002,0.001,-0.596,0.081,0.078,39.828,0.079,34.044,38.752,32.725,0.304,-0.890,-0.015,-0.016,-0.075,0.212,0.782,0.959,19.025,0.805,20.124,18.544,19.634
-2.049,-0.381,-0.001,0.804,0.001,0.001,-0.595,0.079,0.078,40.018,0.079,34.245,38.937,32.922,0.309,-0.887,-0.012,-0.015,-0.082,0.234,-1.130,-0.781,18.973,-0.723,20.138,18.555,19.738
-2.046,-0.389,-0.001,0.805,0.001,0.000,-0.594,0.065,0.067,40.208,0.069,34.447,39.123,33.119,0.309,-0.885,-0.010,-0.018,-0.080,0.232,-1.297,-1.148,18.954,-1.112,20.105,18.613,19.795
-2.043,-0.398,-0.001,0.805,0.001,0.000,-0.593,0.058,0.060,40.397,0.061,34.647,39.309,33.318,0.308,-0.884,-0.008,-0.020,-0.070,0.213,-0.116,-0.240,18.970,-0.300,20.045,18.698,19.806
-2.040,-0.407,-0.001,0.806,0.000,0.000,-0.592,0.063,0.063,40.587,0.064,34.848,39.497,33.516,0.308,-0.882,-0.005,-0.018,-0.056,0.202,0.940,0.694,18.981,0.620,19.995,18.766,19.812
-2.037,-0.416,-0.001,0.807,0.000,-0.000,-0.591,0.071,0.070,40.777,0.070,35.047,39.685,33.714,0.310,-0.880,-0.003,-0.013,-0.039,0.207,0.617,0.598,18.954,0.488,19.968,18.799,19.842
-2.034,-0.425,-0.001,0.807,-0.000,-0.000,-0.590,0.073,0.073,40.966,0.072,35.247,39.873,33.912,0.313,-0.878,-0.001,-0.012,-0.024,0.218,-0.171,-0.031,18.911,-0.041,19.957,18.813,19.880
-2.031,-0.433,-0.001,0.808,-0.000,-0.000,-0.589,0.069,0.070,41.155,0.069,35.447,40.061,34.111,0.315,-0.877,0.001,-0.013,-0.013,0.221,-0.540,-0.417,18.887,-0.419,19.944,18.831,19.903
-2.027,-0.442,-0.001,0.808,-0.000,-0.000,-0.589,0.065,0.067,41.344,0.066,35.646,40.249,34.310,0.317,-0.877,0.002,-0.016,-0.008,0.217,-0.234,-0.229,18.895,-0.242,19.923,18.860,19.907
-2.024,-0.451,-0.001,0.809,-0.000,-0.000,-0.588,0.064,0.066,41.533,0.064,35.845,40.438,34.510,0.318,-0.877,0.004,-0.020,-0.010,0.211,0.077,-0.014,18.915,-0.023,19.900,18.894,19.908
-2.021,-0.460,-0.001,0.810,-0.000,-0.000,-0.587,0.066,0.066,41.722,0.065,36.044,40.627,34.709,0.320,-0.877,0.005,-0.023,-0.018,0.208,0.182,0.126,18.935,0.082,19.878,18.926,19.916
-2.018,-0.469,-0.001,0.810,-0.001,-0.000,-0.586,0.067,0.067,41.912,0.066,36.243,40.817,34.908,0.322,-0.878,0.007,-0.025,-0.031,0.209,0.088,0.078,18.947,0.036,19.856,18.955,19.934
-2.015,-0.477,-0.001,0.811,-0.001,-0.000,-0.585,0.068,0.068,42.101,0.066,36.441,41.006,35.107,0.325,-0.879,0.009,-0.027,-0.044,0.210,0.013,0.031,18.953,0.010,19.830,18.987,19.959
-2.011,-0.486,-0.001,0.812,-0.001,-0.000,-0.584,0.068,0.068,42.291,0.066,36.639,41.196,35.307,0.327,-0.880,0.010,-0.027,-0.056,0.211,-0.017,0.010,18.951,-0.001,19.795,19.023,19.987
-2.008,-0.495,-0.001,0.812,-0.001,-0.001,-0.583,0.068,0.068,42.480,0.066,36.837,41.387,35.507,0.330,-0.881,0.012,-0.025,-0.064,0.212,-0.022,0.003,18.938,-0.004,19.751,19.063,20.014
-2.005,-0.504,-0.001,0.813,-0.002,-0.001,-0.583,0.067,0.068,42.669,0.066,37.034,41.578,35.707,0.332,-0.882,0.014,-0.020,-0.063,0.212,-0.016,0.001,18.914,-0.004,19.702,19.101,20.035
-2.001,-0.513,-0.001,0.813,-0.002,-0.001,-0.582,0.067,0.068,42.858,0.066,37.231,41.769,35.908,0.335,-0.883,0.015,-0.012,-0.054,0.213,-0.008,0.001,18.879,-0.004,19.653,19.135,20.048
-1.998,-0.521,-0.000,0.814,-0.002,-0.001,-0.581,0.067,0.068,43.047,0.066,37.427,41.960,36.108,0.337,-0.884,0.016,-0.002,-0.037,0.213,-0.002,0.002,18.836,-0.003,19.609,19.158,20.049
-1.995,-0.530,-0.000,0.815,-0.002,-0.001,-0.580,0.067,0.068,43.235,0.066,37.623,42.152,36.309,0.340,-0.885,0.016,0.010,-0.011,0.214,0.001,0.002,18.789,-0.002,19.576,19.167,20.035
-1.991,-0.539,-0.000,0.815,-0.002,-0.001,-0.579,0.067,0.068,43.423,0.066,37.819,42.344,36.509,0.342,-0.885,0.015,0.023,0.019,0.214,0.002,0.002,18.744,-0.001,19.558,19.157,20.006
-1.988,-0.548,-0.000,0.816,-0.002,-0.001,-0.578,0.067,0.068,43.610,0.066,38.014,42.535,36.709,0.345,-0.886,0.013,0.036,0.052,0.214,0.002,0.002,18.707,-0.001,19.561,19.129,19.964
-1.984,-0.557,0.000,0.817,-0.001,-0.001,-0.577,0.067,0.068,43.797,0.066,38.210,42.726,36.908,0.347,-0.887,0.010,0.049,0.083,0.214,0.002,0.003,18.683,-0.000,19.587,19.082,19.913
-1.981,-0.566,0.000,0.817,-0.001,-0.001,-0.576,0.067,0.068,43.984,0.066,38.406,42.917,37.107,0.349,-0.887,0.007,0.060,0.109,0.214,0.001,0.003,18.675,0.000,19.636,19.019,19.858
-1.977,-0.575,0.000,0.818,-0.000,-0.001,-0.576,0.067,0.068,44.170,0.066,38.603,43.106,37.305,0.352,-0.887,0.003,0.068,0.127,0.213,0.001,0.004,18.685,0.001,19.708,18.945,19.805
-1.974,-0.583,0.000,0.818,0.000,-0.000,-0.575,0.067,0.068,44.357,0.066,38.800,43.295,37.503,0.354,-0.887,-0.002,0.070,0.133,0.213,0.001,0.004,18.714,0.002,19.799,18.865,19.761
-1.970,-0.592,0.000,0.819,0.001,0.000,-0.574,0.067,0.068,44.545,0.066,38.999,43.484,37.701,0.356,-0.887,-0.006,0.064,0.127,0.213,0.002,0.005,18.760,0.002,19.904,18.787,19.728
-1.967,-0.601,0.000,0.820,0.002,0.000,-0.573,0.067,0.068,44.733,0.066,39.198,43.671,37.898,0.358,-0.887,-0.010,0.052,0.107,0.214,0.002,0.005,18.818,0.002,20.015,18.716,19.711
-1.963,-0.610,-0.000,0.820,0.002,0.001,-0.572,0.067,0.068,44.921,0.066,39.399,43.858,38.095,0.360,-0.886,-0.013,0.035,0.079,0.214,0.002,0.006,18.883,0.003,20.121,18.659,19.710
-1.960,-0.619,-0.000,0.821,0.002,0.001,-0.571,0.067,0.069,45.110,0.066,39.601,44.044,38.292,0.362,-0.885,-0.015,0.018,0.047,0.214,0.002,0.006,18.948,0.003,20.210,18.618,19.723
-1.956,-0.628,-0.000,0.821,0.002,0.001,-0.570,0.067,0.069,45.300,0.066,39.803,44.230,38.489,0.363,-0.883,-0.016,0.003,0.014,0.214,0.002,0.007,19.010,0.004,20.277,18.597,19.749
-1.952,-0.637,-0.000,0.822,0.002,0.001,-0.569,0.067,0.069,45.490,0.066,40.006,44.416,38.687,0.365,-0.881,-0.017,-0.009,-0.016,0.214,0.002,0.007,19.062,0.004,20.320,18.595,19.785
-1.949,-0.645,-0.001,0.823,0.002,0.001,-0.569,0.067,0.069,45.681,0.066,40.210,44.602,38.885,0.366,-0.879,-0.016,-0.020,-0.041,0.214,0.002,0.007,19.102,0.004,20.340,18.612,19.829
-1.945,-0.654,-0.001,0.823,0.002,0.001,-0.568,0.067,0.069,45.872,0.066,40.413,44.789,39.084,0.367,-0.876,-0.015,-0.028,-0.059,0.215,0.002,0.007,19.129,0.003,20.339,18.644,19.877
-1.941,-0.663,-0.001,0.824,0.002,0.001,-0.567,0.067,0.069,46.064,0.066,40.616,44.975,39.283,0.369,-0.874,-0.013,-0.034,-0.070,0.215,0.001,0.007,19.140,0.003,20.322,18.687,19.924
-1.938,-0.672,-0.001,0.824,0.001,0.000,-0.566,0.067,0.069,46.255,0.066,40.819,45.162,39.482,0.370,-0.871,-0.011,-0.036,-0.072,0.215,0.001,0.006,19.139,0.002,20.292,18.737,19.965
-1.934,-0.680,-0.001,0.825,0.001,0.000,-0.565,0.067,0.069,46.447,0.066,41.022,45.350,39.682,0.371,-0.869,-0.009,-0.037,-0.067,0.215,0.001,0.006,19.127,0.002,20.255,18.789,19.999
-1.930,-0.689,-0.001,0.826,0.001,0.000,-0.564,0.068,0.069,46.638,0.066,41.224,45.538,39.882,0.372,-0.866,-0.007,-0.035,-0.058,0.215,0.000,0.005,19.109,0.001,20.215,18.841,20.023
-1.926,-0.698,-0.001,0.826,0.000,-0.000,-0.563,0.068,0.069,46.829,0.066,41.426,45.727,40.082,0.373,-0.864,-0.004,-0.033,-0.045,0.215,-0.000,0.004,19.090,-0.001,20.176,18.887,20.039
-1.923,-0.706,-0.001,0.827,0.000,-0.000,-0.562,0.067,0.069,47.020,0.066,41.628,45.916,40.283,0.375,-0.863,-0.002,-0.030,-0.033,0.215,-0.001,0.003,19.073,-0.002,20.140,18.929,20.048
-1.919,-0.715,-0.001,0.827,-0.000,-0.000,-0.561,0.067,0.069,47.210,0.066,41.829,46.105,40.483,0.376,-0.861,-0.000,-0.029,-0.024,0.215,-0.001,0.002,19.061,-0.003,20.108,18.964,20.052
-1.915,-0.723,-0.001,0.828,-0.000,-0.000,-0.561,0.067,0.069,47.401,0.066,42.030,46.295,40.684,0.378,-0.860,0.002,-0.029,-0.019,0.215,-0.001,0.001,19.057,-0.004,20.079,18.995,20.055
-1.911,-0.732,-0.001,0.829,-0.000,-0.000,-0.560,0.067,0.069,47.591,0.066,42.231,46.485,40.884,0.380,-0.860,0.004,-0.030,-0.019,0.215,-0.001,-0.000,19.059,-0.004,20.049,19.023,20.060
-1.908,-0.741,-0.001,0.829,-0.001,-0.000,-0.559,0.067,0.069,47.782,0.066,42.431,46.676,41.085,0.382,-0.859,0.005,-0.032,-0.024,0.215,-0.001,-0.001,19.066,-0.004,20.017,19.049,20.068
-1.904,-0.749,-0.001,0.830,-0.001,-0.000,-0.558,0.067,0.069,47.973,0.066,42.631,46.866,41.286,0.384,-0.860,0.007,-0.035,-0.032,0.215,-0.001,-0.002,19.075,-0.004,19.979,19.077,20.079
-1.900,-0.758,-0.001,0.830,-0.001,-0.000,-0.557,0.067,0.069,48.164,0.066,42.831,47.057,41.487,0.387,-0.860,0.008,-0.038,-0.041,0.215,-0.001,-0.003,19.083,-0.004,19.935,19.108,20.092
-1.896,-0.766,-0.001,0.831,-0.001,-0.000,-0.556,0.067,0.069,48.354,0.066,43.030,47.248,41.688,0.389,-0.860,0.010,-0.039,-0.049,0.216,-0.001,-0.003,19.085,-0.004,19.885,19.142,20.107
-1.892,-0.775,-0.001,0.832,-0.002,-0.000,-0.555,0.067,0.069,48.545,0.066,43.228,47.440,41.889,0.392,-0.861,0.011,-0.037,-0.053,0.216,-0.001,-0.003,19.080,-0.003,19.832,19.179,20.120
-1.888,-0.784,-0.001,0.832,-0.002,-0.001,-0.554,0.067,0.069,48.736,0.066,43.426,47.632,42.090,0.394,-0.862,0.013,-0.031,-0.051,0.216,-0.001,-0.003,19.064,-0.003,19.778,19.215,20.128
-1.884,-0.792,-0.001,0.833,-0.002,-0.001,-0.553,0.067,0.069,48.926,0.066,43.624,47.824,42.291,0.397,-0.862,0.014,-0.023,-0.043,0.216,-0.001,-0.004,19.038,-0.002,19.728,19.248,20.126
-1.880,-0.801,-0.001,0.833,-0.002,-0.001,-0.553,0.067,0.069,49.117,0.066,43.821,48.017,42.492,0.399,-0.863,0.014,-0.010,-0.028,0.216,-0.000,-0.004,19.002,-0.001,19.686,19.274,20.113
-1.876,-0.810,-0.000,0.834,-0.002,-0.001,-0.552,0.067,0.069,49.306,0.066,44.018,48.210,42.693,0.402,-0.863,0.014,0.006,-0.007,0.216,-0.000,-0.004,18.959,-0.001,19.657,19.287,20.087
-1.872,-0.818,-0.000,0.835,-0.002,-0.001,-0.551,0.067,0.069,49.496,0.066,44.214,48.403,42.894,0.404,-0.864,0.013,0.024,0.018,0.216,-0.000,-0.003,18.914,0.000,19.645,19.284,20.049
-1.868,-0.827,-0.000,0.835,-0.002,-0.001,-0.550,0.067,0.069,49.685,0.066,44.411,48.595,43.094,0.407,-0.864,0.012,0.043,0.045,0.216,-0.000,-0.003,18.871,0.001,19.652,19.263,20.001
-1.864,-0.835,-0.000,0.836,-0.002,-0.001,-0.549,0.067,0.069,49.873,0.066,44.607,48.788,43.294,0.409,-0.864,0.010,0.063,0.071,0.215,-0.000,-0.003,18.834,0.001,19.681,19.222,19.948
-1.860,-0.844,0.000,0.836,-0.001,-0.001,-0.548,0.067,0.069,50.061,0.066,44.804,48.980,43.493,0.411,-0.864,0.007,0.081,0.094,0.215,0.000,-0.002,18.809,0.002,19.732,19.164,19.896
-1.856,-0.853,0.000,0.837,-0.001,-0.000,-0.547,0.067,0.069,50.250,0.066,45.002,49.171,43.692,0.413,-0.864,0.003,0.094,0.110,0.214,0.000,-0.002,18.799,0.002,19.803,19.092,19.851
-1.852,-0.861,0.000,0.838,0.000,-0.000,-0.546,0.067,0.069,50.438,0.066,45.201,49.362,43.890,0.416,-0.864,-0.001,0.100,0.117,0.214,0.000,-0.001,18.805,0.002,19.892,19.010,19.818
-1.848,-0.870,0.000,0.838,0.001,0.000,-0.545,0.067,0.069,50.626,0.066,45.400,49.551,44.089,0.418,-0.863,-0.005,0.096,0.112,0.214,0.000,-0.000,18.826,0.002,19.996,18.924,19.799
-1.843,-0.879,0.000,0.839,0.002,0.000,-0.544,0.067,0.069,50.814,0.066,45.600,49.740,44.286,0.419,-0.863,-0.008,0.082,0.096,0.214,0.000,0.000,18.860,0.002,20.105,18.841,19.796
-1.839,-0.887,-0.000,0.839,0.002,0.000,-0.544,0.067,0.069,51.003,0.066,45.802,49.928,44.484,0.421,-0.862,-0.010,0.061,0.071,0.214,0.001,0.001,18.902,0.002,20.208,18.767,19.809
-1.835,-0.896,-0.000,0.840,0.002,0.000,-0.543,0.067,0.069,51.192,0.066,46.005,50.115,44.683,0.423,-0.860,-0.012,0.039,0.045,0.214,0.001,0.002,18.948,0.003,20.294,18.706,19.833
-1.831,-0.904,-0.000,0.841,0.003,0.001,-0.542,0.067,0.069,51.382,0.066,46.208,50.302,44.881,0.424,-0.859,-0.014,0.019,0.019,0.214,0.001,0.003,18.995,0.003,20.356,18.661,19.866
-1.826,-0.913,-0.000,0.841,0.003,0.001,-0.541,0.067,0.069,51.572,0.066,46.412,50.489,45.080,0.426,-0.857,-0.014,0.000,-0.005,0.215,0.001,0.004,19.038,0.003,20.395,18.637,19.905
-1.822,-0.922,-0.001,0.842,0.003,0.001,-0.540,0.067,0.069,51.763,0.066,46.616,50.675,45.279,0.427,-0.854,-0.015,-0.017,-0.025,0.215,0.001,0.005,19.075,0.003,20.412,18.632,19.949
-1.818,-0.930,-0.001,0.842,0.002,0.000,-0.539,0.067,0.069,51.953,0.066,46.820,50.861,45.479,0.428,-0.852,-0.014,-0.032,-0.041,0.215,0.001,0.006,19.105,0.003,20.412,18.646,19.992
-1.814,-0.939,-0.001,0.843,0.002,0.000,-0.538,0.067,0.069,52.145,0.066,47.024,51.048,45.679,0.429,-0.849,-0.013,-0.043,-0.051,0.215,0.001,0.006,19.126,0.003,20.396,18.675,20.032
-1.809,-0.947,-0.001,0.843,0.002,0.000,-0.537,0.068,0.069,52.336,0.066,47.228,51.235,45.880,0.430,-0.847,-0.012,-0.050,-0.056,0.216,0.001,0.006,19.138,0.002,20.371,18.717,20.065
-1.805,-0.956,-0.001,0.844,0.001,0.000,-0.536,0.068,0.069,52.527,0.066,47.431,51.422,46.080,0.431,-0.844,-0.010,-0.054,-0.056,0.216,0.001,0.006,19.141,0.001,20.338,18.766,20.089
-1.801,-0.964,-0.001,0.845,0.001,0.000,-0.535,0.068,0.069,52.719,0.066,47.634,51.610,46.281,0.432,-0.842,-0.007,-0.054,-0.052,0.216,0.000,0.005,19.137,0.000,20.301,18.820,20.105
-1.796,-0.972,-0.001,0.845,0.001,-0.000,-0.534,0.068,0.069,52.910,0.066,47.837,51.799,46.482,0.434,-0.840,-0.005,-0.052,-0.046,0.216,-0.000,0.004,19.130,-0.001,20.262,18.874,20.113
-1.792,-0.981,-0.001,0.846,0.000,-0.000,-0.534,0.068,0.069,53.101,0.066,48.040,51.988,46.684,0.435,-0.838,-0.003,-0.049,-0.040,0.217,-0.000,0.004,19.122,-0.002,20.224,18.926,20.115
-1.788,-0.989,-0.001,0.846,0.000,-0.000,-0.533,0.068,0.069,53.293,0.066,48.242,52.177,46.885,0.436,-0.836,-0.001,-0.046,-0.035,0.217,-0.001,0.002,19.115,-0.003,20.184,18.974,20.115
-1.783,-0.997,-0.001,0.847,-0.000,-0.000,-0.532,0.067,0.069,53.484,0.066,48.443,52.367,47.086,0.438,-0.835,0.002,-0.044,-0.033,0.217,-0.001,0.001,19.113,-0.003,20.143,19.018,20.115
-1.779,-1.006,-0.001,0.847,-0.000,-0.000,-0.531,0.067,0.069,53.675,0.066,48.645,52.558,47.287,0.440,-0.834,0.003,-0.044,-0.032,0.217,-0.001,0.000,19.114,-0.004,20.099,19.057,20.117
-1.774,-1.014,-0.001,0.848,-0.001,-0.000,-0.530,0.067,0.069,53.866,0.066,48.845,52.748,47.488,0.442,-0.834,0.005,-0.045,-0.034,0.217,-0.001,-0.001,19.118,-0.004,20.051,19.092,20.121
-1.770,-1.023,-0.001,0.849,-0.001,-0.000,-0.529,0.067,0.069,54.057,0.066,49.046,52.940,47.689,0.444,-0.833,0.007,-0.046,-0.037,0.217,-0.001,-0.002,19.124,-0.004,19.997,19.126,20.127
-1.766,-1.031,-0.001,0.849,-0.001,-0.000,-0.528,0.067,0.069,54.248,0.066,49.245,53.131,47.891,0.446,-0.833,0.008,-0.048,-0.040,0.217,-0.001,-0.002,19.130,-0.004,19.938,19.158,20.134
-1.761,-1.039,-0.001,0.850,-0.002,-0.000,-0.527,0.067,0.069,54.440,0.066,49.444,53.323,48.092,0.449,-0.833,0.010,-0.048,-0.042,0.217,-0.001,-0.003,19.134,-0.003,19.878,19.191,20.140
-1.757,-1.048,-0.001,0.850,-0.002,-0.000,-0.526,0.006,0.021,54.631,0.020,49.643,53.515,48.294,0.447,-0.835,0.011,-0.054,-0.040,0.197,-9.893,-8.158,19.088,-7.643,19.872,19.256,20.100
-1.752,-1.056,-0.001,0.851,-0.002,-0.000,-0.526,-0.077,-0.055,54.823,-0.052,49.840,53.709,48.493,0.428,-0.846,0.011,-0.065,-0.034,0.054,-5.142,-5.389,19.351,-5.268,19.509,19.561,19.808
-1.748,-1.064,-0.001,0.851,-0.003,-0.000,-0.526,-0.077,-0.068,55.018,-0.061,50.033,53.906,48.689,0.407,-0.857,0.012,-0.053,-0.026,-0.095,4.504,2.495,19.690,3.115,19.017,19.912,19.453
-1.744,-1.073,-0.001,0.850,-0.003,-0.000,-0.526,-0.012,-0.021,55.216,-0.008,50.222,54.106,48.883,0.407,-0.859,0.012,-0.015,-0.014,-0.113,6.910,5.597,19.761,6.072,18.826,20.035,19.338
-1.740,-1.082,-0.000,0.850,-0.003,-0.000,-0.527,0.028,0.016,55.412,0.032,50.411,54.306,49.077,0.420,-0.853,0.012,0.024,0.003,-0.029,0.699,1.182,19.588,1.488,18.981,19.905,19.427
-1.736,-1.090,-0.000,0.850,-0.003,-0.000,-0.527,0.002,-0.001,55.607,0.016,50.602,54.504,49.272,0.428,-0.849,0.012,0.042,0.022,0.023,-4.967,-3.950,19.449,-3.922,19.156,19.771,19.474
-1.731,-1.099,-0.000,0.850,-0.002,-0.000,-0.527,-0.046,-0.043,55.802,-0.026,50.793,54.702,49.466,0.421,-0.854,0.011,0.049,0.041,-0.021,-3.653,-3.446,19.460,-3.695,19.109,19.810,19.357
-1.727,-1.107,-0.000,0.850,-0.002,-0.000,-0.527,-0.055,-0.057,55.997,-0.042,50.983,54.901,49.658,0.411,-0.860,0.009,0.061,0.057,-0.095,1.576,0.635,19.523,0.660,18.969,19.923,19.171
-1.723,-1.116,-0.000,0.850,-0.002,-0.000,-0.527,-0.024,-0.035,56.192,-0.020,51.173,55.100,49.850,0.408,-0.863,0.008,0.084,0.072,-0.118,3.747,3.063,19.517,3.012,18.946,19.940,19.072
-1.719,-1.124,0.000,0.849,-0.001,-0.000,-0.528,0.002,-0.011,56.387,0.003,51.363,55.299,50.040,0.413,-0.861,0.004,0.113,0.089,-0.082,1.177,1.420,19.449,1.201,19.049,19.816,19.093
-1.715,-1.133,0.000,0.849,-0.000,-0.000,-0.528,-0.004,-0.012,56.581,-0.000,51.554,55.496,50.231,0.417,-0.860,0.000,0.127,0.101,-0.050,-2.123,-1.418,19.405,-1.683,19.188,19.660,19.130
-1.711,-1.142,0.000,0.849,0.001,0.000,-0.528,-0.029,-0.031,56.775,-0.022,51.746,55.692,50.423,0.415,-0.861,-0.004,0.119,0.100,-0.060,-2.196,-1.818,19.423,-2.110,19.274,19.575,19.112
-1.707,-1.150,0.000,0.849,0.001,0.000,-0.529,-0.039,-0.040,56.970,-0.034,51.939,55.888,50.614,0.410,-0.864,-0.006,0.099,0.089,-0.090,0.195,-0.059,19.474,-0.200,19.327,19.540,19.067
-1.703,-1.159,-0.000,0.849,0.002,0.000,-0.529,-0.027,-0.032,57.165,-0.026,52.133,56.083,50.804,0.408,-0.865,-0.009,0.078,0.069,-0.100,1.824,1.501,19.509,1.416,19.406,19.485,19.063
-1.698,-1.168,-0.000,0.848,0.002,0.000,-0.529,-0.012,-0.018,57.360,-0.013,52.328,56.278,50.995,0.410,-0.864,-0.010,0.056,0.046,-0.082,1.000,1.052,19.521,0.970,19.511,19.386,19.119
-1.694,-1.176,-0.000,0.848,0.003,0.000,-0.530,-0.010,-0.014,57.555,-0.010,52.523,56.471,51.187,0.412,-0.862,-0.012,0.032,0.024,-0.061,-0.649,-0.298,19.531,-0.341,19.597,19.287,19.196
-1.690,-1.185,-0.000,0.848,0.003,0.000,-0.530,-0.021,-0.021,57.751,-0.017,52.719,56.663,51.379,0.411,-0.861,-0.013,0.006,0.004,-0.057,-1.130,-0.860,19.564,-0.940,19.637,19.238,19.247
-1.686,-1.193,-0.001,0.848,0.003,0.000,-0.530,-0.028,-0.027,57.946,-0.024,52.916,56.856,51.571,0.408,-0.861,-0.014,-0.018,-0.015,-0.068,-0.286,-0.321,19.618,-0.370,19.644,19.238,19.266
-1.682,-1.202,-0.001,0.848,0.003,0.000,-0.530,-0.026,-0.027,58.143,-0.024,53.112,57.048,51.764,0.405,-0.860,-0.014,-0.036,-0.031,-0.076,0.597,0.378,19.668,0.399,19.638,19.258,19.282
-1.678,-1.211,-0.001,0.848,0.002,0.000,-0.531,-0.019,-0.022,58.340,-0.019,53.308,57.241,51.957,0.404,-0.859,-0.013,-0.047,-0.043,-0.073,0.541,0.475,19.693,0.446,19.628,19.278,19.315
-1.674,-1.219,-0.001,0.847,0.002,0.000,-0.531,-0.017,-0.019,58.537,-0.016,53.505,57.434,52.150,0.404,-0.857,-0.012,-0.055,-0.050,-0.064,0.042,0.137,19.696,0.115,19.613,19.303,19.356
-1.670,-1.228,-0.001,0.847,0.002,0.000,-0.531,-0.018,-0.019,58.734,-0.017,53.701,57.627,52.344,0.404,-0.855,-0.010,-0.059,-0.053,-0.058,-0.319,-0.180,19.691,-0.231,19.587,19.341,19.388
-1.666,-1.236,-0.001,0.847,0.001,0.000,-0.532,-0.021,-0.021,58.931,-0.020,53.896,57.821,52.538,0.402,-0.854,-0.008,-0.060,-0.052,-0.059,-0.240,-0.154,19.691,-0.225,19.550,19.395,19.398
-1.662,-1.245,-0.001,0.847,0.001,0.000,-0.532,-0.023,-0.022,59.127,-0.021,54.092,58.015,52.732,0.401,-0.853,-0.006,-0.058,-0.049,-0.062,-0.042,-0.047,19.692,-0.084,19.507,19.456,19.394
-1.658,-1.253,-0.001,0.847,0.000,0.000,-0.532,-0.023,-0.022,59.324,-0.021,54.287,58.210,52.926,0.399,-0.852,-0.004,-0.054,-0.044,-0.064,0.056,0.010,19.689,-0.013,19.462,19.515,19.385
-1.654,-1.262,-0.001,0.847,0.000,-0.000,-0.532,-0.022,-0.022,59.521,-0.021,54.481,58.405,53.120,0.398,-0.852,-0.001,-0.049,-0.038,-0.065,0.060,0.014,19.684,0.002,19.418,19.568,19.376
-1.650,-1.270,-0.001,0.846,-0.000,-0.000,-0.533,-0.021,-0.022,59.718,-0.021,54.675,58.601,53.314,0.397,-0.851,0.001,-0.045,-0.034,-0.065,0.037,0.010,19.679,0.001,19.374,19.614,19.370
-1.646,-1.279,-0.001,0.846,-0.000,-0.000,-0.533,-0.021,-0.022,59.915,-0.021,54.868,58.798,53.507,0.397,-0.851,0.003,-0.043,-0.032,-0.066,0.014,0.006,19.676,-0.001,19.329,19.653,19.366
-1.642,-1.287,-0.001,0.846,-0.001,-0.000,-0.533,-0.021,-0.022,60.112,-0.021,55.061,58.994,53.701,0.396,-0.852,0.005,-0.042,-0.033,-0.066,-0.000,0.004,19.677,-0.003,19.282,19.687,19.365
-1.638,-1.296,-0.001,0.846,-0.001,-0.000,-0.533,-0.021,-0.022,60.308,-0.022,55.254,59.191,53.895,0.396,-0.852,0.006,-0.043,-0.035,-0.066,-0.006,0.002,19.680,-0.004,19.231,19.717,19.368
-1.634,-1.304,-0.001,0.846,-0.001,-0.000,-0.534,-0.021,-0.022,60.505,-0.022,55.446,59.389,54.088,0.396,-0.853,0.008,-0.044,-0.038,-0.066,-0.005,0.001,19.683,-0.004,19.176,19.746,19.373
-1.630,-1.313,-0.001,0.845,-0.002,-0.000,-0.534,-0.021,-0.022,60.702,-0.022,55.638,59.586,54.282,0.395,-0.855,0.009,-0.044,-0.040,-0.066,-0.003,0.000,19.685,-0.003,19.120,19.776,19.378
-1.626,-1.322,-0.001,0.845,-0.002,-0.000,-0.534,-0.021,-0.022,60.899,-0.022,55.828,59.784,54.476,0.395,-0.856,0.010,-0.042,-0.042,-0.067,-0.001,-0.000,19.683,-0.003,19.064,19.807,19.381
-1.622,-1.330,-0.001,0.845,-0.002,-0.000,-0.535,-0.021,-0.022,61.096,-0.022,56.019,59.982,54.670,0.395,-0.857,0.011,-0.037,-0.040,-0.067,-0.000,-0.001,19.674,-0.002,19.010,19.838,19.380
-1.618,-1.339,-0.001,0.845,-0.002,-0.000,-0.535,-0.021,-0.022,61.292,-0.022,56.209,60.181,54.863,0.395,-0.859,0.012,-0.028,-0.034,-0.067,0.000,-0.001,19.656,-0.002,18.963,19.868,19.372
-1.614,-1.347,-0.001,0.845,-0.003,-0.000,-0.535,-0.021,-0.022,61.489,-0.022,56.398,60.380,55.057,0.395,-0.860,0.013,-0.016,-0.023,-0.068,0.000,-0.002,19.628,-0.001,18.924,19.894,19.355
-1.610,-1.356,-0.000,0.845,-0.003,-0.001,-0.535,-0.021,-0.022,61.685,-0.022,56.587,60.579,55.250,0.395,-0.862,0.013,0.000,-0.008,-0.068,-0.000,-0.002,19.591,-0.000,18.897,19.911,19.327
-1.606,-1.364,-0.000,0.844,-0.003,-0.001,-0.536,-0.021,-0.022,61.881,-0.022,56.776,60.778,55.444,0.395,-0.863,0.013,0.020,0.011,-0.069,-0.000,-0.002,19.547,0.001,18.885,19.915,19.290
-1.602,-1.373,-0.000,0.844,-0.002,-0.001,-0.536,-0.021,-0.022,62.076,-0.022,56.965,60.977,55.636,0.395,-0.864,0.012,0.040,0.032,-0.070,-0.000,-0.002,19.500,0.001,18.889,19.902,19.246
-1.598,-1.382,-0.000,0.844,-0.002,-0.000,-0.536,-0.021,-0.022,62.271,-0.022,57.154,61.176,55.828,0.395,-0.865,0.010,0.062,0.055,-0.071,0.000,-0.001,19.456,0.002,18.912,19.872,19.198
-1.595,-1.390,-0.000,0.844,-0.002,-0.000,-0.537,-0.021,-0.022,62.465,-0.022,57.343,61.374,56.020,0.395,-0.867,0.008,0.082,0.076,-0.072,0.000,-0.001,19.418,0.002,18.953,19.822,19.152
-1.591,-1.399,0.000,0.844,-0.001,-0.000,-0.537,-0.021,-0.022,62.659,-0.022,57.533,61.572,56.212,0.394,-0.868,0.005,0.098,0.094,-0.073,0.000,-0.000,19.393,0.003,19.013,19.756,19.112
-1.587,-1.408,0.000,0.843,-0.000,-0.000,-0.537,-0.021,-0.022,62.853,-0.022,57.724,61.769,56.402,0.394,-0.869,0.002,0.107,0.105,-0.074,0.001,0.001,19.382,0.003,19.089,19.677,19.082
-1.583,-1.416,0.000,0.843,0.000,0.000,-0.538,-0.021,-0.022,63.047,-0.022,57.915,61.966,56.593,0.394,-0.870,-0.002,0.108,0.107,-0.074,0.001,0.001,19.387,0.002,19.181,19.590,19.065
-1.579,-1.425,0.000,0.843,0.001,0.000,-0.538,-0.021,-0.022,63.241,-0.022,58.107,62.161,56.784,0.393,-0.870,-0.005,0.097,0.098,-0.074,0.001,0.002,19.408,0.002,19.282,19.502,19.063
-1.575,-1.434,-0.000,0.843,0.002,0.000,-0.538,-0.021,-0.022,63.435,-0.022,58.301,62.356,56.974,0.392,-0.871,-0.008,0.077,0.080,-0.074,0.001,0.003,19.441,0.002,19.382,19.418,19.074
-1.571,-1.443,-0.000,0.843,0.002,0.000,-0.538,-0.021,-0.022,63.629,-0.021,58.495,62.550,57.165,0.392,-0.871,-0.010,0.053,0.057,-0.073,0.002,0.004,19.483,0.002,19.472,19.344,19.096
-1.567,-1.451,-0.000,0.842,0.003,0.001,-0.539,-0.021,-0.022,63.824,-0.021,58.690,62.743,57.356,0.391,-0.871,-0.012,0.030,0.033,-0.072,0.002,0.005,19.527,0.003,19.541,19.286,19.126
-1.563,-1.460,-0.000,0.842,0.003,0.001,-0.539,-0.021,-0.021,64.020,-0.021,58.886,62.935,57.548,0.390,-0.870,-0.013,0.008,0.010,-0.071,0.002,0.006,19.572,0.003,19.588,19.247,19.161
-1.559,-1.469,-0.000,0.842,0.003,0.001,-0.539,-0.021,-0.021,64.216,-0.021,59.082,63.128,57.740,0.389,-0.869,-0.014,-0.011,-0.012,-0.070,0.002,0.007,19.614,0.003,19.614,19.229,19.199
-1.555,-1.477,-0.001,0.842,0.003,0.001,-0.540,-0.021,-0.021,64.412,-0.021,59.278,63.320,57.932,0.387,-0.868,-0.014,-0.028,-0.031,-0.069,0.002,0.007,19.650,0.003,19.621,19.232,19.239
-1.551,-1.486,-0.001,0.842,0.002,0.000,-0.540,-0.021,-0.021,64.609,-0.021,59.474,63.512,58.124,0.386,-0.867,-0.014,-0.041,-0.046,-0.068,0.001,0.007,19.678,0.003,19.613,19.253,19.276
-1.548,-1.495,-0.001,0.842,0.002,0.000,-0.540,-0.021,-0.021,64.806,-0.021,59.670,63.705,58.317,0.385,-0.865,-0.013,-0.050,-0.055,-0.067,0.001,0.007,19.696,0.002,19.592,19.290,19.307
-1.544,-1.503,-0.001,0.841,0.002,0.000,-0.541,-0.021,-0.021,65.003,-0.021,59.866,63.898,58.511,0.384,-0.864,-0.011,-0.054,-0.058,-0.067,0.001,0.006,19.703,0.002,19.562,19.337,19.332
-1.540,-1.512,-0.001,0.841,0.001,0.000,-0.541,-0.021,-0.021,65.200,-0.021,60.061,64.092,58.704,0.382,-0.862,-0.009,-0.055,-0.057,-0.066,0.000,0.006,19.700,0.001,19.525,19.390,19.348
-1.536,-1.521,-0.001,0.841,0.001,0.000,-0.541,-0.021,-0.021,65.397,-0.021,60.256,64.286,58.897,0.381,-0.861,-0.007,-0.053,-0.052,-0.065,0.000,0.005,19.691,0.000,19.486,19.445,19.356
-1.532,-1.529,-0.001,0.841,0.000,-0.000,-0.541,-0.021,-0.021,65.594,-0.021,60.451,64.481,59.091,0.380,-0.860,-0.004,-0.049,-0.045,-0.065,-0.000,0.004,19.679,-0.000,19.446,19.497,19.358
-1.529,-1.538,-0.001,0.841,0.000,-0.000,-0.542,-0.021,-0.021,65.790,-0.021,60.645,64.676,59.285,0.379,-0.859,-0.002,-0.045,-0.038,-0.065,-0.000,0.003,19.667,-0.001,19.406,19.546,19.356
-1.525,-1.546,-0.001,0.840,-0.000,-0.000,-0.542,-0.021,-0.021,65.987,-0.021,60.839,64.872,59.478,0.378,-0.859,0.000,-0.041,-0.032,-0.064,-0.001,0.002,19.658,-0.002,19.368,19.588,19.352
-1.521,-1.555,-0.001,0.840,-0.000,-0.000,-0.542,-0.021,-0.021,66.184,-0.021,61.033,65.068,59.672,0.378,-0.859,0.002,-0.039,-0.028,-0.064,-0.001,0.001,19.653,-0.003,19.328,19.625,19.349
-1.517,-1.564,-0.001,0.840,-0.001,-0.000,-0.542,-0.021,-0.021,66.380,-0.021,61.226,65.264,59.865,0.377,-0.859,0.004,-0.038,-0.028,-0.064,-0.001,-0.000,19.653,-0.004,19.287,19.657,19.349
-1.513,-1.572,-0.001,0.840,-0.001,-0.000,-0.543,-0.021,-0.021,66.577,-0.021,61.418,65.461,60.059,0.377,-0.860,0.006,-0.039,-0.030,-0.065,-0.001,-0.001,19.656,-0.004,19.243,19.685,19.352
-1.510,-1.581,-0.001,0.840,-0.001,-0.000,-0.543,-0.021,-0.021,66.773,-0.021,61.610,65.658,60.252,0.376,-0.861,0.007,-0.040,-0.035,-0.065,-0.001,-0.002,19.661,-0.004,19.196,19.713,19.357
-1.506,-1.589,-0.001,0.840,-0.001,-0.000,-0.543,-0.021,-0.021,66.970,-0.021,61.802,65.855,60.446,0.376,-0.862,0.009,-0.041,-0.040,-0.065,-0.001,-0.003,19.665,-0.004,19.144,19.742,19.365
-1.502,-1.598,-0.001,0.839,-0.002,-0.000,-0.544,-0.021,-0.021,67.166,-0.021,61.993,66.053,60.640,0.376,-0.863,0.010,-0.040,-0.044,-0.065,-0.001,-0.003,19.664,-0.003,19.091,19.774,19.372
-1.498,-1.607,-0.001,0.839,-0.002,-0.000,-0.544,-0.021,-0.021,67.363,-0.022,62.184,66.251,60.833,0.376,-0.865,0.011,-0.037,-0.046,-0.066,-0.001,-0.004,19.657,-0.003,19.037,19.806,19.377
-1.495,-1.615,-0.001,0.839,-0.002,-0.000,-0.544,-0.021,-0.021,67.560,-0.022,62.374,66.449,61.027,0.376,-0.866,0.012,-0.030,-0.042,-0.066,-0.001,-0.004,19.639,-0.002,18.987,19.839,19.376
-1.491,-1.624,-0.001,0.839,-0.002,-0.001,-0.544,-0.021,-0.021,67.756,-0.022,62.564,66.647,61.221,0.376,-0.868,0.013,-0.019,-0.034,-0.067,-0.001,-0.004,19.612,-0.002,18.942,19.868,19.367
-1.487,-1.633,-0.001,0.839,-0.003,-0.001,-0.545,-0.021,-0.021,67.952,-0.022,62.753,66.846,61.414,0.376,-0.869,0.013,-0.005,-0.020,-0.067,-0.000,-0.004,19.575,-0.001,18.908,19.889,19.348
-1.483,-1.641,-0.000,0.838,-0.003,-0.001,-0.545,-0.021,-0.021,68.147,-0.022,62.942,67.045,61.608,0.376,-0.871,0.013,0.012,-0.000,-0.068,-0.000,-0.004,19.530,0.000,18.885,19.899,19.318
-1.480,-1.650,-0.000,0.838,-0.002,-0.001,-0.545,-0.021,-0.021,68.342,-0.022,63.131,67.244,61.801,0.376,-0.872,0.013,0.031,0.022,-0.069,-0.000,-0.004,19.482,0.001,18.879,19.892,19.279
-1.476,-1.659,-0.000,0.838,-0.002,-0.001,-0.546,-0.021,-0.021,68.537,-0.022,63.320,67.443,61.993,0.376,-0.873,0.011,0.051,0.047,-0.070,0.000,-0.004,19.436,0.002,18.891,19.867,19.233
-1.472,-1.668,-0.000,0.838,-0.002,-0.001,-0.546,-0.021,-0.021,68.731,-0.022,63.509,67.641,62.185,0.376,-0.874,0.009,0.070,0.072,-0.071,0.000,-0.003,19.397,0.002,18.923,19.822,19.184
-1.468,-1.676,0.000,0.838,-0.001,-0.000,-0.546,-0.021,-0.021,68.925,-0.022,63.698,67.839,62.377,0.375,-0.876,0.006,0.087,0.093,-0.072,0.000,-0.002,19.370,0.003,18.974,19.760,19.138
-1.465,-1.685,0.000,0.838,-0.000,-0.000,-0.546,-0.021,-0.021,69.119,-0.022,63.888,68.036,62.568,0.375,-0.877,0.003,0.098,0.108,-0.072,0.000,-0.002,19.359,0.003,19.044,19.683,19.100
-1.461,-1.694,0.000,0.837,0.000,-0.000,-0.547,-0.021,-0.021,69.312,-0.021,64.079,68.233,62.759,0.374,-0.878,-0.001,0.101,0.115,-0.073,0.000,-0.001,19.365,0.003,19.130,19.597,19.073
-1.457,-1.703,0.000,0.837,0.001,0.000,-0.547,-0.021,-0.021,69.506,-0.021,64.271,68.428,62.950,0.374,-0.878,-0.005,0.094,0.110,-0.073,0.001,0.000,19.387,0.003,19.229,19.509,19.059
-1.453,-1.711,0.000,0.837,0.002,0.000,-0.547,-0.021,-0.021,69.700,-0.021,64.464,68.623,63.140,0.373,-0.879,-0.008,0.077,0.094,-0.073,0.001,0.001,19.424,0.003,19.332,19.424,19.060
-1.450,-1.720,-0.000,0.837,0.002,0.000,-0.548,-0.021,-0.021,69.894,-0.021,64.657,68.817,63.331,0.373,-0.879,-0.010,0.055,0.070,-0.072,0.001,0.003,19.470,0.003,19.429,19.349,19.072
-1.446,-1.729,-0.000,0.837,0.002,0.001,-0.548,-0.021,-0.021,70.089,-0.021,64.852,69.010,63.522,0.372,-0.879,-0.012,0.032,0.044,-0.072,0.001,0.004,19.521,0.003,19.508,19.290,19.095
-1.442,-1.738,-0.000,0.836,0.003,0.001,-0.548,-0.021,-0.021,70.285,-0.021,65.048,69.203,63.713,0.371,-0.879,-0.014,0.011,0.018,-0.071,0.001,0.005,19.571,0.003,19.566,19.249,19.125
-1.438,-1.747,-0.000,0.836,0.003,0.001,-0.549,-0.021,-0.021,70.481,-0.021,65.243,69.395,63.904,0.370,-0.878,-0.015,-0.007,-0.007,-0.070,0.001,0.005,19.618,0.003,19.601,19.229,19.161
-1.435,-1.755,-0.001,0.836,0.003,0.001,-0.549,-0.021,-0.021,70.677,-0.021,65.439,69.587,64.096,0.369,-0.877,-0.015,-0.023,-0.029,-0.069,0.001,0.006,19.658,0.003,19.616,19.230,19.200
-1.431,-1.764,-0.001,0.836,0.002,0.001,-0.549,-0.021,-0.021,70.874,-0.021,65.636,69.780,64.288,0.368,-0.875,-0.015,-0.036,-0.047,-0.068,0.001,0.006,19.688,0.003,19.613,19.250,19.239
-1.427,-1.773,-0.001,0.836,0.002,0.000,-0.549,-0.021,-0.021,71.071,-0.021,65.832,69.972,64.481,0.366,-0.874,-0.013,-0.044,-0.058,-0.067,0.001,0.006,19.707,0.003,19.595,19.285,19.275
-1.424,-1.782,-0.001,0.835,0.002,0.000,-0.550,-0.021,-0.021,71.268,-0.021,66.028,70.166,64.674,0.365,-0.872,-0.012,-0.049,-0.063,-0.066,0.001,0.006,19.713,0.002,19.566,19.332,19.305
-1.420,-1.790,-0.001,0.835,0.001,0.000,-0.550,-0.021,-0.021,71.465,-0.021,66.223,70.359,64.867,0.364,-0.871,-0.010,-0.050,-0.062,-0.066,0.000,0.005,19.709,0.001,19.530,19.384,19.327
-1.416,-1.799,-0.001,0.835,0.001,0.000,-0.550,-0.021,-0.021,71.662,-0.021,66.418,70.553,65.060,0.362,-0.869,-0.007,-0.048,-0.057,-0.065,0.000,0.004,19.698,0.001,19.490,19.438,19.341
-1.413,-1.808,-0.001,0.835,0.001,0.000,-0.550,-0.021,-0.021,71.859,-0.021,66.613,70.748,65.254,0.361,-0.868,-0.005,-0.044,-0.048,-0.065,-0.000,0.004,19.682,-0.000,19.449,19.490,19.348
-1.409,-1.816,-0.001,0.835,0.000,-0.000,-0.551,-0.021,-0.021,72.056,-0.021,66.807,70.943,65.447,0.360,-0.867,-0.003,-0.040,-0.039,-0.064,-0.000,0.003,19.666,-0.001,19.409,19.537,19.348
-1.406,-1.825,-0.001,0.835,-0.000,-0.000,-0.551,-0.021,-0.021,72.252,-0.021,67.001,71.139,65.641,0.359,-0.867,-0.001,-0.037,-0.030,-0.064,-0.001,0.001,19.653,-0.002,19.372,19.578,19.346
-1.402,-1.834,-0.001,0.834,-0.000,-0.000,-0.551,-0.021,-0.021,72.449,-0.021,67.195,71.335,65.834,0.359,-0.866,0.001,-0.035,-0.025,-0.064,-0.001,0.000,19.646,-0.003,19.336,19.612,19.343
-1.398,-1.842,-0.001,0.834,-0.000,-0.000,-0.552,-0.021,-0.021,72.645,-0.021,67.388,71.531,66.027,0.358,-0.867,0.003,-0.034,-0.023,-0.064,-0.001,-0.001,19.644,-0.004,19.300,19.642,19.342
-1.395,-1.851,-0.001,0.834,-0.001,-0.000,-0.552,-0.021,-0.021,72.842,-0.021,67.581,71.727,66.221,0.358,-0.867,0.005,-0.035,-0.026,-0.064,-0.001,-0.002,19.647,-0.004,19.262,19.669,19.344
-1.391,-1.860,-0.001,0.834,-0.001,-0.000,-0.552,-0.021,-0.021,73.038,-0.021,67.773,71.924,66.414,0.357,-0.868,0.007,-0.036,-0.031,-0.065,-0.001,-0.003,19.652,-0.004,19.221,19.695,19.350
-1.388,-1.868,-0.001,0.834,-0.001,-0.000,-0.552,-0.021,-0.021,73.235,-0.021,67.965,72.121,66.608,0.357,-0.869,0.008,-0.038,-0.038,-0.065,-0.001,-0.003,19.657,-0.004,19.175,19.723,19.359
-1.384,-1.877,-0.001,0.833,-0.001,-0.000,-0.553,-0.021,-0.021,73.431,-0.021,68.156,72.319,66.802,0.357,-0.870,0.009,-0.038,-0.045,-0.065,-0.001,-0.004,19.658,-0.004,19.125,19.753,19.369
-1.381,-1.886,-0.001,0.833,-0.002,-0.000,-0.553,-0.021,-0.021,73.628,-0.021,68.347,72.516,66.995,0.357,-0.872,0.011,-0.035,-0.049,-0.065,-0.001,-0.004,19.652,-0.004,19.073,19.786,19.379
-1.377,-1.894,-0.001,0.833,-0.002,-0.000,-0.553,-0.021,-0.021,73.824,-0.021,68.538,72.714,67.189,0.357,-0.873,0.012,-0.030,-0.049,-0.066,-0.001,-0.004,19.636,-0.003,19.021,19.820,19.384
-1.373,-1.903,-0.001,0.833,-0.002,-0.001,-0.553,-0.021,-0.021,74.021,-0.022,68.728,72.913,67.383,0.357,-0.875,0.013,-0.021,-0.043,-0.066,-0.001,-0.004,19.609,-0.002,18.973,19.852,19.383
-1.370,-1.912,-0.001,0.833,-0.002,-0.001,-0.554,-0.036,-0.032,74.216,-0.033,68.917,73.111,67.577,0.356,-0.876,0.014,-0.010,-0.030,-0.071,-2.335,-1.810,19.559,-1.895,18.927,19.856,19.335
-1.366,-1.921,-0.000,0.832,-0.002,-0.001,-0.554,-0.055,-0.049,74.412,-0.050,69.106,73.310,67.769,0.350,-0.878,0.014,0.001,-0.012,-0.106,-1.228,-1.228,19.559,-1.286,18.807,19.910,19.222
-1.363,-1.930,-0.000,0.832,-0.002,-0.001,-0.555,-0.056,-0.052,74.608,-0.054,69.293,73.509,67.961,0.344,-0.881,0.014,0.018,0.011,-0.141,0.893,0.462,19.560,0.537,18.675,19.966,19.094
-1.359,-1.938,-0.000,0.832,-0.002,-0.001,-0.555,-0.042,-0.043,74.803,-0.043,69.480,73.709,68.151,0.342,-0.882,0.013,0.041,0.037,-0.148,1.524,1.180,19.512,1.302,18.622,19.954,19.011
-1.356,-1.947,-0.000,0.831,-0.002,-0.001,-0.556,-0.032,-0.034,74.998,-0.034,69.666,73.908,68.341,0.344,-0.882,0.011,0.063,0.064,-0.133,0.368,0.409,19.435,0.468,18.652,19.872,18.967
-1.353,-1.956,0.000,0.831,-0.001,-0.001,-0.556,-0.036,-0.036,75.192,-0.035,69.853,74.107,68.531,0.344,-0.881,0.008,0.079,0.090,-0.122,-0.917,-0.660,19.375,-0.615,18.707,19.768,18.922
-1.349,-1.965,0.000,0.831,-0.001,-0.000,-0.557,-0.046,-0.043,75.385,-0.043,70.040,74.304,68.720,0.342,-0.882,0.005,0.087,0.109,-0.128,-0.774,-0.671,19.352,-0.708,18.746,19.682,18.853
-1.346,-1.974,0.000,0.830,-0.000,-0.000,-0.557,-0.049,-0.047,75.579,-0.047,70.228,74.500,68.908,0.339,-0.883,0.001,0.089,0.120,-0.140,0.038,-0.074,19.355,-0.102,18.785,19.603,18.779
-1.342,-1.982,0.000,0.830,0.001,0.000,-0.558,-0.045,-0.045,75.773,-0.045,70.416,74.696,69.095,0.337,-0.884,-0.003,0.086,0.120,-0.145,0.611,0.412,19.369,0.445,18.848,19.512,18.727
-1.339,-1.991,0.000,0.829,0.001,0.000,-0.559,-0.040,-0.041,75.966,-0.041,70.605,74.890,69.282,0.337,-0.884,-0.007,0.074,0.108,-0.141,0.336,0.288,19.388,0.291,18.936,19.407,18.704
-1.336,-2.000,0.000,0.829,0.002,0.001,-0.559,-0.039,-0.040,76.160,-0.039,70.795,75.084,69.469,0.336,-0.884,-0.010,0.055,0.087,-0.135,-0.065,0.014,19.416,0.016,19.030,19.306,18.700
-1.332,-2.009,-0.000,0.829,0.002,0.001,-0.560,-0.041,-0.041,76.355,-0.040,70.986,75.277,69.657,0.335,-0.883,-0.012,0.033,0.059,-0.132,-0.249,-0.146,19.454,-0.189,19.107,19.225,18.704
-1.329,-2.018,-0.000,0.828,0.002,0.001,-0.560,-0.043,-0.042,76.549,-0.042,71.177,75.468,69.844,0.333,-0.882,-0.014,0.013,0.031,-0.132,-0.122,-0.069,19.497,-0.118,19.160,19.169,18.710
-1.326,-2.027,-0.000,0.828,0.003,0.001,-0.561,-0.043,-0.042,76.745,-0.043,71.369,75.660,70.031,0.331,-0.881,-0.015,-0.005,0.003,-0.134,-0.014,-0.019,19.540,-0.043,19.189,19.137,18.721
-1.322,-2.035,-0.001,0.828,0.002,0.001,-0.561,-0.043,-0.042,76.940,-0.043,71.561,75.851,70.218,0.329,-0.880,-0.016,-0.019,-0.023,-0.134,0.029,0.001,19.575,-0.012,19.197,19.126,18.739
-1.319,-2.044,-0.001,0.827,0.002,0.001,-0.562,-0.043,-0.042,77.136,-0.043,71.753,76.043,70.406,0.327,-0.878,-0.015,-0.030,-0.045,-0.134,0.034,0.007,19.598,-0.001,19.188,19.133,18.762
-1.316,-2.053,-0.001,0.827,0.002,0.001,-0.562,-0.043,-0.042,77.332,-0.043,71.944,76.234,70.593,0.325,-0.876,-0.014,-0.037,-0.060,-0.133,0.024,0.008,19.608,0.001,19.162,19.155,18.786
-1.313,-2.062,-0.001,0.826,0.002,0.001,-0.563,-0.043,-0.042,77.528,-0.043,72.136,76.426,70.781,0.323,-0.874,-0.013,-0.041,-0.068,-0.132,0.011,0.007,19.603,0.001,19.124,19.188,18.808
-1.309,-2.070,-0.001,0.826,0.001,0.000,-0.564,-0.042,-0.042,77.724,-0.043,72.327,76.618,70.969,0.321,-0.872,-0.011,-0.042,-0.069,-0.131,0.002,0.005,19.586,-0.000,19.077,19.227,18.824
-1.306,-2.079,-0.001,0.826,0.001,0.000,-0.564,-0.043,-0.042,77.920,-0.043,72.517,76.810,71.158,0.319,-0.871,-0.008,-0.040,-0.064,-0.131,-0.003,0.004,19.560,-0.001,19.026,19.268,18.834
-1.303,-2.088,-0.001,0.825,0.001,0.000,-0.565,-0.043,-0.042,78.115,-0.043,72.707,77.003,71.346,0.317,-0.869,-0.006,-0.037,-0.054,-0.130,-0.003,0.003,19.528,-0.002,18.973,19.307,18.836
-1.300,-2.097,-0.001,0.825,0.000,-0.000,-0.565,-0.043,-0.042,78.310,-0.043,72.897,77.196,71.534,0.315,-0.867,-0.004,-0.033,-0.043,-0.130,-0.002,0.003,19.495,-0.003,18.923,19.340,18.831
-1.297,-2.105,-0.001,0.825,0.000,-0.000,-0.566,-0.043,-0.042,78.505,-0.043,73.086,77.390,71.723,0.313,-0.866,-0.002,-0.030,-0.031,-0.130,-0.002,0.002,19.466,-0.003,18.876,19.367,18.821
-1.294,-2.114,-0.001,0.824,-0.000,-0.000,-0.566,-0.043,-0.042,78.700,-0.043,73.274,77.584,71.911,0.312,-0.865,0.000,-0.027,-0.022,-0.130,-0.001,0.001,19.442,-0.004,18.834,19.387,18.809
-1.290,-2.123,-0.001,0.824,-0.000,-0.000,-0.567,-0.043,-0.042,78.894,-0.043,73.462,77.778,72.099,0.310,-0.865,0.002,-0.026,-0.017,-0.130,-0.001,-0.000,19.426,-0.004,18.795,19.402,18.797
-1.287,-2.131,-0.001,0.824,-0.000,-0.000,-0.567,-0.043,-0.042,79.088,-0.043,73.650,77.972,72.287,0.309,-0.865,0.004,-0.027,-0.017,-0.130,-0.001,-0.001,19.416,-0.005,18.757,19.414,18.788
-1.284,-2.140,-0.001,0.823,-0.001,-0.000,-0.568,-0.043,-0.042,79.282,-0.043,73.838,78.166,72.475,0.308,-0.866,0.005,-0.028,-0.022,-0.130,-0.001,-0.002,19.411,-0.005,18.718,19.426,18.783
-1.281,-2.149,-0.001,0.823,-0.001,-0.000,-0.568,-0.043,-0.042,79.477,-0.043,74.024,78.360,72.662,0.307,-0.866,0.007,-0.030,-0.030,-0.130,-0.001,-0.003,19.407,-0.005,18.676,19.439,18.782
-1.278,-2.157,-0.001,0.822,-0.001,-0.000,-0.569,-0.043,-0.042,79.671,-0.043,74.211,78.555,72.850,0.306,-0.867,0.008,-0.031,-0.040,-0.130,-0.001,-0.003,19.401,-0.005,18.629,19.456,18.785
-1.275,-2.166,-0.001,0.822,-0.001,-0.000,-0.569,-0.043,-0.042,79.865,-0.043,74.397,78.749,73.038,0.305,-0.869,0.010,-0.030,-0.050,-0.131,-0.001,-0.004,19.389,-0.005,18.578,19.478,18.791
-1.272,-2.175,-0.001,0.822,-0.002,-0.000,-0.570,-0.043,-0.042,80.058,-0.043,74.583,78.944,73.226,0.304,-0.870,0.011,-0.027,-0.056,-0.131,-0.001,-0.004,19.368,-0.004,18.523,19.502,18.796
-1.269,-2.183,-0.001,0.821,-0.002,-0.001,-0.571,-0.043,-0.042,80.252,-0.043,74.768,79.139,73.414,0.304,-0.871,0.013,-0.021,-0.057,-0.131,-0.001,-0.004,19.336,-0.004,18.466,19.528,18.799
-1.266,-2.192,-0.001,0.821,-0.002,-0.001,-0.571,-0.043,-0.042,80.445,-0.043,74.952,79.335,73.602,0.303,-0.873,0.014,-0.013,-0.050,-0.132,-0.001,-0.004,19.294,-0.004,18.411,19.549,18.796
-1.263,-2.201,-0.001,0.821,-0.002,-0.001,-0.572,-0.043,-0.042,80.638,-0.043,75.136,79.530,73.790,0.302,-0.874,0.014,-0.002,-0.037,-0.132,-0.001,-0.004,19.242,-0.003,18.361,19.564,18.784
-1.260,-2.209,-0.000,0.820,-0.002,-0.001,-0.572,-0.043,-0.042,80.830,-0.043,75.319,79.726,73.978,0.301,-0.875,0.015,0.011,-0.016,-0.133,-0.000,-0.004,19.184,-0.002,18.321,19.566,18.761
-1.257,-2.218,-0.000,0.820,-0.002,-0.001,-0.573,-0.043,-0.042,81.021,-0.043,75.502,79.922,74.165,0.300,-0.877,0.014,0.024,0.010,-0.134,-0.000,-0.004,19.126,-0.001,18.293,19.552,18.727
-1.254,-2.227,-0.000,0.819,-0.002,-0.001,-0.573,-0.043,-0.042,81.212,-0.043,75.685,80.117,74.352,0.299,-0.878,0.013,0.038,0.039,-0.135,-0.000,-0.003,19.074,-0.000,18.282,19.520,18.683
-1.251,-2.236,0.000,0.819,-0.002,-0.001,-0.574,-0.043,-0.042,81.403,-0.043,75.868,80.312,74.539,0.298,-0.879,0.011,0.050,0.069,-0.136,0.000,-0.002,19.031,0.000,18.291,19.470,18.631
-1.248,-2.245,0.000,0.819,-0.001,-0.001,-0.574,-0.043,-0.042,81.593,-0.043,76.051,80.506,74.725,0.297,-0.880,0.008,0.061,0.096,-0.137,0.000,-0.001,19.004,0.001,18.320,19.402,18.575
-1.245,-2.253,0.000,0.818,-0.001,-0.001,-0.575,-0.043,-0.042,81.783,-0.043,76.234,80.700,74.910,0.296,-0.881,0.004,0.068,0.117,-0.137,0.001,-0.000,18.994,0.002,18.369,19.322,18.520
-1.242,-2.262,0.000,0.818,-0.000,-0.000,-0.575,-0.043,-0.042,81.973,-0.043,76.418,80.893,75.095,0.295,-0.882,0.000,0.069,0.128,-0.137,0.001,0.001,19.005,0.002,18.436,19.233,18.470
-1.239,-2.271,0.000,0.817,0.001,0.000,-0.576,-0.043,-0.042,82.163,-0.043,76.603,81.085,75.280,0.294,-0.883,-0.004,0.065,0.129,-0.138,0.001,0.002,19.034,0.003,18.518,19.144,18.430
-1.236,-2.280,0.000,0.817,0.001,0.000,-0.577,-0.043,-0.042,82.354,-0.043,76.789,81.276,75.464,0.293,-0.883,-0.007,0.053,0.117,-0.137,0.001,0.003,19.079,0.003,18.609,19.060,18.401
-1.233,-2.289,0.000,0.817,0.002,0.001,-0.577,-0.043,-0.042,82.545,-0.043,76.975,81.466,75.648,0.292,-0.884,-0.010,0.037,0.094,-0.137,0.001,0.004,19.135,0.003,18.700,18.988,18.384
-1.230,-2.298,-0.000,0.816,0.002,0.001,-0.578,-0.043,-0.042,82.736,-0.043,77.163,81.656,75.832,0.290,-0.883,-0.013,0.019,0.066,-0.136,0.001,0.005,19.196,0.003,18.781,18.932,18.380
-1.227,-2.306,-0.000,0.816,0.002,0.001,-0.578,-0.043,-0.042,82.929,-0.043,77.351,81.845,76.015,0.289,-0.883,-0.015,0.004,0.034,-0.135,0.001,0.005,19.256,0.003,18.845,18.895,18.387
-1.225,-2.315,-0.000,0.815,0.002,0.001,-0.579,-0.043,-0.042,83.122,-0.043,77.540,82.033,76.199,0.287,-0.882,-0.016,-0.009,0.003,-0.134,0.001,0.006,19.309,0.003,18.890,18.878,18.404
-1.222,-2.324,-0.001,0.815,0.002,0.001,-0.579,-0.043,-0.042,83.315,-0.043,77.729,82.222,76.383,0.286,-0.881,-0.016,-0.019,-0.026,-0.133,0.001,0.006,19.351,0.003,18.913,18.881,18.430
-1.219,-2.333,-0.001,0.815,0.002,0.001,-0.580,-0.043,-0.042,83.509,-0.043,77.918,82.411,76.568,0.284,-0.880,-0.016,-0.026,-0.049,-0.133,0.001,0.005,19.380,0.003,18.916,18.901,18.462
-1.216,-2.342,-0.001,0.814,0.002,0.001,-0.580,-0.043,-0.042,83.702,-0.043,78.107,82.600,76.753,0.282,-0.878,-0.014,-0.030,-0.067,-0.132,0.001,0.005,19.393,0.002,18.902,18.935,18.496
-1.213,-2.350,-0.001,0.814,0.001,0.001,-0.581,-0.043,-0.042,83.896,-0.043,78.296,82.790,76.938,0.280,-0.877,-0.013,-0.031,-0.075,-0.131,0.000,0.005,19.390,0.002,18.873,18.977,18.529
-1.210,-2.359,-0.001,0.814,0.001,0.001,-0.582,-0.043,-0.042,84.090,-0.043,78.484,82.980,77.123,0.279,-0.875,-0.011,-0.031,-0.076,-0.130,0.000,0.004,19.374,0.001,18.834,19.024,18.559
-1.208,-2.368,-0.001,0.813,0.001,0.000,-0.582,-0.043,-0.042,84.284,-0.043,78.672,83.170,77.309,0.277,-0.873,-0.008,-0.028,-0.070,-0.130,0.000,0.003,19.348,0.001,18.790,19.070,18.582
-1.205,-2.377,-0.001,0.813,0.000,0.000,-0.583,-0.043,-0.042,84.477,-0.043,78.860,83.361,77.495,0.275,-0.872,-0.006,-0.025,-0.058,-0.129,-0.000,0.003,19.317,0.000,18.744,19.111,18.597
-1.202,-2.385,-0.001,0.812,0.000,0.000,-0.583,-0.043,-0.042,84.670,-0.043,79.047,83.553,77.681,0.274,-0.870,-0.004,-0.022,-0.043,-0.129,-0.000,0.002,19.286,-0.001,18.701,19.146,18.605
-1.199,-2.394,-0.001,0.812,-0.000,-0.000,-0.584,-0.043,-0.042,84.863,-0.043,79.234,83.744,77.867,0.272,-0.869,-0.002,-0.019,-0.029,-0.129,-0.001,0.001,19.258,-0.002,18.663,19.172,18.606
-1.197,-2.403,-0.001,0.812,-0.000,-0.000,-0.584,-0.043,-0.042,85.055,-0.043,79.421,83.936,78.053,0.271,-0.869,-0.000,-0.018,-0.018,-0.129,-0.001,-0.000,19.237,-0.002,18.630,19.192,18.604
-1.194,-2.411,-0.001,0.811,-0.000,-0.000,-0.585,-0.043,-0.042,85.248,-0.043,79.607,84.128,78.239,0.269,-0.869,0.002,-0.018,-0.011,-0.129,-0.001,-0.001,19.225,-0.003,18.603,19.207,18.600
-1.191,-2.420,-0.001,0.811,-0.000,-0.000,-0.585,-0.043,-0.042,85.440,-0.043,79.793,84.320,78.425,0.268,-0.869,0.003,-0.019,-0.010,-0.129,-0.001,-0.002,19.219,-0.004,18.579,19.219,18.598
-1.189,-2.429,-0.001,0.811,-0.000,-0.000,-0.586,-0.043,-0.042,85.632,-0.043,79.978,84.512,78.611,0.267,-0.869,0.005,-0.021,-0.015,-0.129,-0.001,-0.003,19.219,-0.004,18.555,19.232,18.599
-1.186,-2.437,-0.001,0.810,-0.001,-0.000,-0.586,-0.043,-0.042,85.824,-0.043,80.164,84.705,78.797,0.266,-0.870,0.006,-0.022,-0.025,-0.129,-0.001,-0.004,19.221,-0.004,18.528,19.248,18.605
-1.183,-2.446,-0.001,0.810,-0.001,-0.000,-0.587,-0.043,-0.042,86.016,-0.043,80.349,84.897,78.983,0.265,-0.872,0.008,-0.024,-0.038,-0.129,-0.001,-0.004,19.220,-0.004,18.497,19.268,18.615
-1.181,-2.455,-0.001,0.809,-0.001,-0.000,-0.587,-0.043,-0.042,86.209,-0.043,80.534,85.090,79.169,0.265,-0.873,0.009,-0.023,-0.050,-0.130,-0.001,-0.004,19.212,-0.004,18.458,19.294,18.629
-1.178,-2.464,-0.001,0.809,-0.001,-0.000,-0.588,-0.043,-0.042,86.401,-0.043,80.718,85.283,79.356,0.264,-0.875,0.011,-0.021,-0.060,-0.130,-0.001,-0.005,19.195,-0.004,18.414,19.323,18.644
-1.175,-2.472,-0.001,0.809,-0.002,-0.001,-0.588,-0.043,-0.042,86.592,-0.043,80.902,85.477,79.542,0.263,-0.876,0.013,-0.016,-0.064,-0.131,-0.001,-0.005,19.165,-0.004,18.365,19.353,18.659
-1.173,-2.481,-0.001,0.808,-0.002,-0.001,-0.589,-0.043,-0.042,86.784,-0.043,81.085,85.670,79.729,0.262,-0.878,0.014,-0.009,-0.061,-0.131,-0.001,-0.005,19.125,-0.004,18.313,19.380,18.670
-1.170,-2.490,-0.001,0.808,-0.002,-0.001,-0.589,-0.043,-0.042,86.975,-0.044,81.268,85.864,79.916,0.262,-0.880,0.015,-0.000,-0.049,-0.132,-0.001,-0.004,19.075,-0.003,18.263,19.400,18.672
-1.167,-2.499,-0.000,0.807,-0.002,-0.001,-0.590,-0.043,-0.042,87.165,-0.044,81.451,86.058,80.102,0.261,-0.881,0.015,0.009,-0.029,-0.132,-0.001,-0.004,19.020,-0.002,18.219,19.408,18.664
-1.165,-2.508,-0.000,0.807,-0.002,-0.001,-0.590,-0.043,-0.042,87.355,-0.044,81.633,86.252,80.289,0.260,-0.883,0.015,0.019,-0.002,-0.133,-0.000,-0.004,18.965,-0.002,18.185,19.400,18.644
-1.162,-2.516,-0.000,0.807,-0.002,-0.001,-0.591,-0.043,-0.042,87.545,-0.044,81.814,86.446,80.475,0.259,-0.884,0.014,0.029,0.029,-0.134,-0.000,-0.003,18.915,-0.001,18.167,19.375,18.611
-1.160,-2.525,0.000,0.806,-0.002,-0.001,-0.592,-0.043,-0.042,87.734,-0.044,81.996,86.640,80.661,0.258,-0.885,0.012,0.037,0.061,-0.135,0.000,-0.002,18.877,0.000,18.167,19.331,18.568
-1.157,-2.534,0.000,0.806,-0.001,-0.001,-0.592,-0.043,-0.042,87.922,-0.044,82.178,86.833,80.846,0.257,-0.886,0.009,0.044,0.091,-0.135,0.001,-0.001,18.855,0.001,18.187,19.271,18.516
-1.155,-2.543,0.000,0.805,-0.001,-0.001,-0.593,-0.043,-0.042,88.111,-0.044,82.360,87.025,81.031,0.256,-0.888,0.006,0.048,0.116,-0.136,0.001,-0.000,18.853,0.002,18.227,19.197,18.460
-1.152,-2.552,0.000,0.805,-0.000,-0.000,-0.593,-0.043,-0.042,88.299,-0.044,82.542,87.217,81.216,0.255,-0.889,0.002,0.049,0.132,-0.136,0.001,0.001,18.870,0.003,18.287,19.117,18.405
-1.149,-2.561,0.000,0.805,0.000,-0.000,-0.594,-0.043,-0.042,88.488,-0.043,82.726,87.407,81.399,0.254,-0.890,-0.002,0.045,0.136,-0.136,0.001,0.002,18.908,0.003,18.364,19.034,18.355
-1.147,-2.570,0.000,0.804,0.001,0.000,-0.594,-0.043,-0.042,88.678,-0.043,82.910,87.597,81.583,0.253,-0.890,-0.006,0.036,0.129,-0.136,0.001,0.003,18.962,0.004,18.452,18.958,18.314
-1.144,-2.579,0.000,0.804,0.001,0.001,-0.595,-0.043,-0.042,88.868,-0.043,83.095,87.787,81.766,0.252,-0.891,-0.010,0.025,0.110,-0.136,0.001,0.004,19.028,0.004,18.543,18.892,18.285
-1.142,-2.587,-0.000,0.803,0.002,0.001,-0.595,-0.043,-0.042,89.058,-0.043,83.281,87.975,81.949,0.250,-0.891,-0.013,0.011,0.082,-0.135,0.001,0.005,19.100,0.004,18.630,18.842,18.268
-1.139,-2.596,-0.000,0.803,0.002,0.001,-0.596,-0.043,-0.042,89.250,-0.043,83.467,88.164,82.131,0.249,-0.891,-0.015,-0.001,0.049,-0.134,0.001,0.005,19.171,0.004,18.704,18.811,18.264
-1.137,-2.605,-0.000,0.803,0.002,0.001,-0.596,-0.043,-0.042,89.442,-0.043,83.655,88.352,82.314,0.247,-0.890,-0.016,-0.010,0.015,-0.133,0.001,0.005,19.235,0.004,18.761,18.800,18.273
-1.134,-2.614,-0.000,0.802,0.002,0.002,-0.597,-0.043,-0.042,89.634,-0.043,83.842,88.540,82.497,0.246,-0.889,-0.017,-0.017,-0.018,-0.133,0.001,0.005,19.287,0.004,18.798,18.807,18.294
-1.132,-2.623,-0.001,0.802,0.002,0.001,-0.598,-0.043,-0.042,89.827,-0.043,84.030,88.728,82.680,0.244,-0.888,-0.016,-0.021,-0.045,-0.132,0.001,0.005,19.323,0.003,18.814,18.832,18.324
-1.130,-2.632,-0.001,0.801,0.002,0.001,-0.598,-0.043,-0.042,90.021,-0.043,84.219,88.916,82.863,0.243,-0.886,-0.015,-0.023,-0.066,-0.131,0.001,0.005,19.341,0.003,18.810,18.869,18.359
-1.127,-2.641,-0.001,0.801,0.001,0.001,-0.599,-0.043,-0.042,90.214,-0.043,84.407,89.105,83.047,0.241,-0.885,-0.013,-0.022,-0.079,-0.130,0.000,0.004,19.342,0.002,18.790,18.914,18.398
-1.125,-2.650,-0.001,0.801,0.001,0.001,-0.599,-0.043,-0.042,90.407,-0.043,84.594,89.295,83.231,0.240,-0.883,-0.011,-0.020,-0.082,-0.130,0.000,0.004,19.326,0.002,18.757,18.963,18.435
-1.122,-2.658,-0.001,0.800,0.001,0.001,-0.600,-0.043,-0.042,90.601,-0.043,84.782,89.484,83.416,0.238,-0.881,-0.009,-0.017,-0.077,-0.129,0.000,0.003,19.300,0.001,18.717,19.010,18.468
-1.120,-2.667,-0.001,0.800,0.000,0.000,-0.600,-0.043,-0.042,90.793,-0.043,84.969,89.675,83.600,0.236,-0.880,-0.007,-0.014,-0.065,-0.129,-0.000,0.002,19.266,0.001,18.673,19.052,18.494
-1.118,-2.676,-0.001,0.800,0.000,0.000,-0.601,-0.043,-0.042,90.986,-0.043,85.155,89.865,83.786,0.235,-0.878,-0.005,-0.011,-0.049,-0.129,-0.000,0.001,19.231,-0.000,18.632,19.086,18.512
-1.115,-2.685,-0.001,0.799,-0.000,-0.000,-0.601,-0.043,-0.042,91.178,-0.043,85.341,90.056,83.971,0.233,-0.877,-0.003,-0.010,-0.033,-0.129,-0.001,0.000,19.200,-0.001,18.595,19.112,18.523
-1.113,-2.694,-0.001,0.799,-0.000,-0.000,-0.602,-0.043,-0.042,91.370,-0.043,85.527,90.248,84.156,0.232,-0.877,-0.001,-0.009,-0.019,-0.129,-0.001,-0.001,19.176,-0.002,18.565,19.130,18.529
-1.111,-2.702,-0.001,0.798,-0.000,-0.000,-0.602,-0.043,-0.042,91.562,-0.043,85.713,90.439,84.341,0.230,-0.876,0.001,-0.009,-0.009,-0.129,-0.001,-0.002,19.160,-0.003,18.542,19.142,18.531
-1.108,-2.711,-0.001,0.798,-0.000,-0.000,-0.603,-0.043,-0.042,91.753,-0.043,85.898,90.630,84.527,0.229,-0.876,0.002,-0.011,-0.006,-0.129,-0.001,-0.002,19.153,-0.003,18.525,19.151,18.532
-1.106,-2.720,-0.001,0.798,-0.000,-0.000,-0.603,-0.043,-0.042,91.945,-0.043,86.083,90.822,84.712,0.228,-0.877,0.004,-0.013,-0.009,-0.129,-0.001,-0.003,19.152,-0.004,18.510,19.162,18.535
-1.104,-2.729,-0.001,0.797,-0.000,-0.000,-0.604,-0.043,-0.042,92.136,-0.043,86.268,91.014,84.897,0.227,-0.878,0.005,-0.015,-0.018,-0.129,-0.001,-0.004,19.153,-0.004,18.494,19.175,18.542
-1.102,-2.737,-0.001,0.797,-0.001,-0.000,-0.604,-0.043,-0.042,92.328,-0.043,86.453,91.206,85.083,0.226,-0.879,0.007,-0.016,-0.032,-0.129,-0.001,-0.004,19.153,-0.004,18.475,19.194,18.554
-1.099,-2.746,-0.001,0.796,-0.001,-0.000,-0.605,-0.043,-0.042,92.519,-0.043,86.638,91.398,85.268,0.226,-0.881,0.009,-0.016,-0.046,-0.130,-0.001,-0.005,19.147,-0.004,18.448,19.218,18.571
-1.097,-2.755,-0.001,0.796,-0.001,-0.000,-0.605,-0.043,-0.042,92.711,-0.043,86.822,91.590,85.454,0.225,-0.882,0.011,-0.014,-0.059,-0.130,-0.001,-0.005,19.132,-0.004,18.413,19.247,18.591
-1.095,-2.764,-0.001,0.796,-0.001,-0.001,-0.606,-0.043,-0.042,92.902,-0.043,87.006,91.783,85.640,0.224,-0.884,0.012,-0.011,-0.067,-0.130,-0.001,-0.005,19.104,-0.004,18.370,19.278,18.613
-1.093,-2.773,-0.001,0.795,-0.001,-0.001,-0.606,-0.043,-0.042,93.093,-0.043,87.189,91.975,85.826,0.223,-0.886,0.014,-0.005,-0.068,-0.131,-0.001,-0.005,19.065,-0.004,18.322,19.308,18.633
-1.090,-2.782,-0.001,0.795,-0.002,-0.001,-0.607,-0.043,-0.042,93.283,-0.044,87.372,92.169,86.013,0.222,-0.887,0.015,0.001,-0.060,-0.131,-0.001,-0.005,19.016,-0.004,18.271,19.330,18.647
