5.000,-5.000,0.001,1.000,0.000,0.000,0.000,-0.000,-0.000,0.000,-0.000,0.000,0.000,0.000,-0.000,-0.000,0.000,-0.000,-0.000,-0.000,0.000,0.000,-0.000,0.000,-0.000,-0.000,-0.000
5.000,-5.000,0.001,1.000,-0.000,-0.000,-0.000,0.457,0.363,-0.007,0.332,-0.007,-0.001,-0.002,-0.012,-0.005,0.001,-0.006,-0.002,-0.054,68.787,54.478,-1.174,50.723,-1.271,-0.244,-0.443
5.000,-5.000,0.001,1.000,-0.000,0.000,-0.000,0.904,0.751,-0.020,0.675,-0.021,-0.006,-0.010,-0.043,-0.015,0.000,-0.012,0.016,-0.079,21.729,19.159,-1.353,17.298,-1.571,-0.799,-1.116
4.999,-5.000,0.001,1.000,-0.000,0.000,-0.001,0.986,0.832,-0.034,0.751,-0.039,-0.016,-0.024,-0.066,-0.030,0.000,-0.017,0.014,-0.153,-2.146,-0.622,-1.563,-0.005,-2.044,-1.120,-1.738
4.998,-5.001,0.001,1.000,-0.000,0.000,-0.002,0.911,0.777,-0.051,0.708,-0.063,-0.028,-0.044,-0.087,-0.040,0.000,-0.015,0.010,-0.218,-11.128,-9.211,-1.867,-7.428,-2.596,-1.409,-2.317
4.997,-5.001,0.001,1.000,-0.000,0.000,-0.003,0.796,0.681,-0.072,0.627,-0.092,-0.044,-0.070,-0.110,-0.046,0.000,-0.007,0.009,-0.264,-10.985,-9.023,-2.268,-7.945,-3.184,-1.743,-2.876
4.996,-5.002,0.001,1.000,-0.000,0.000,-0.005,0.700,0.601,-0.097,0.557,-0.126,-0.064,-0.102,-0.134,-0.050,-0.000,0.003,0.009,-0.293,-7.947,-6.836,-2.699,-6.079,-3.762,-2.135,-3.419
4.995,-5.002,0.001,1.000,-0.000,0.000,-0.006,0.637,0.544,-0.126,0.505,-0.167,-0.087,-0.138,-0.159,-0.052,-0.001,0.010,0.010,-0.313,-4.708,-4.698,-3.134,-4.304,-4.311,-2.558,-3.948
4.993,-5.003,0.000,1.000,-0.000,0.000,-0.008,0.603,0.506,-0.160,0.469,-0.212,-0.115,-0.181,-0.183,-0.053,-0.002,0.013,0.009,-0.329,-2.209,-3.019,-3.567,-2.909,-4.840,-2.987,-4.461
4.991,-5.003,0.000,1.000,-0.000,0.000,-0.009,0.589,0.482,-0.197,0.445,-0.263,-0.147,-0.228,-0.206,-0.054,-0.002,0.014,0.007,-0.345,-0.676,-1.859,-3.990,-1.910,-5.356,-3.406,-4.959
4.989,-5.004,0.000,1.000,-0.000,0.000,-0.011,0.587,0.467,-0.239,0.430,-0.320,-0.183,-0.280,-0.229,-0.056,-0.003,0.014,0.005,-0.363,0.071,-1.120,-4.402,-1.236,-5.861,-3.808,-5.446
4.986,-5.004,0.000,1.000,0.000,0.000,-0.013,0.589,0.458,-0.285,0.420,-0.381,-0.223,-0.337,-0.250,-0.058,-0.003,0.013,0.004,-0.383,0.319,-0.677,-4.801,-0.799,-6.357,-4.190,-5.921
4.984,-5.005,0.000,1.000,0.000,0.000,-0.015,0.592,0.453,-0.335,0.413,-0.447,-0.267,-0.398,-0.271,-0.060,-0.004,0.013,0.002,-0.405,0.314,-0.419,-5.187,-0.522,-6.845,-4.554,-6.386
4.981,-5.005,0.000,1.000,0.000,0.000,-0.017,0.595,0.450,-0.389,0.409,-0.517,-0.314,-0.464,-0.291,-0.061,-0.004,0.013,0.001,-0.427,0.221,-0.270,-5.559,-0.345,-7.324,-4.900,-6.839
4.978,-5.006,0.000,1.000,0.000,0.000,-0.019,0.597,0.448,-0.446,0.406,-0.593,-0.364,-0.535,-0.311,-0.063,-0.005,0.014,0.000,-0.451,0.124,-0.181,-5.920,-0.232,-7.795,-5.231,-7.281
4.975,-5.007,0.000,1.000,0.000,0.000,-0.022,0.598,0.446,-0.507,0.404,-0.673,-0.418,-0.610,-0.330,-0.065,-0.006,0.014,-0.001,-0.474,0.056,-0.124,-6.269,-0.157,-8.255,-5.550,-7.712
4.971,-5.007,0.000,1.000,0.000,0.000,-0.024,0.598,0.445,-0.572,0.403,-0.758,-0.475,-0.689,-0.348,-0.066,-0.007,0.015,-0.001,-0.497,0.018,-0.084,-6.607,-0.107,-8.705,-5.856,-8.132
4.968,-5.008,0.000,1.000,0.000,0.000,-0.027,0.598,0.444,-0.640,0.402,-0.847,-0.535,-0.772,-0.365,-0.067,-0.008,0.015,-0.002,-0.519,0.000,-0.057,-6.935,-0.073,-9.143,-6.151,-8.542
4.964,-5.009,0.000,1.000,0.001,0.000,-0.029,0.598,0.444,-0.711,0.401,-0.941,-0.598,-0.860,-0.382,-0.068,-0.009,0.016,-0.002,-0.542,-0.006,-0.038,-7.253,-0.050,-9.571,-6.436,-8.940
4.960,-5.009,-0.000,0.999,0.001,0.000,-0.032,0.598,0.443,-0.785,0.401,-1.039,-0.664,-0.951,-0.399,-0.069,-0.009,0.016,-0.002,-0.563,-0.007,-0.025,-7.561,-0.034,-9.987,-6.711,-9.327
4.956,-5.010,-0.000,0.999,0.001,0.000,-0.035,0.598,0.443,-0.862,0.401,-1.141,-0.733,-1.046,-0.414,-0.069,-0.010,0.015,-0.003,-0.584,-0.005,-0.016,-7.859,-0.023,-10.391,-6.977,-9.703
4.952,-5.011,-0.000,0.999,0.001,0.000,-0.038,0.598,0.443,-0.942,0.401,-1.247,-0.804,-1.145,-0.429,-0.068,-0.011,0.014,-0.003,-0.604,-0.004,-0.011,-8.147,-0.016,-10.784,-7.234,-10.068
4.948,-5.011,-0.000,0.999,0.001,0.000,-0.041,0.598,0.443,-1.025,0.400,-1.356,-0.877,-1.248,-0.444,-0.068,-0.011,0.011,-0.004,-0.624,-0.002,-0.008,-8.427,-0.011,-11.164,-7.483,-10.423
4.943,-5.012,-0.000,0.999,0.001,0.000,-0.044,0.598,0.443,-1.110,0.400,-1.470,-0.953,-1.354,-0.458,-0.067,-0.011,0.008,-0.005,-0.642,-0.001,-0.006,-8.697,-0.008,-11.532,-7.723,-10.766
4.938,-5.013,-0.001,0.999,0.001,0.000,-0.047,0.598,0.443,-1.199,0.400,-1.587,-1.032,-1.463,-0.471,-0.066,-0.011,0.004,-0.006,-0.660,-0.001,-0.005,-8.959,-0.006,-11.887,-7.956,-11.097
4.934,-5.013,-0.001,0.999,0.001,0.000,-0.051,0.598,0.443,-1.289,0.400,-1.707,-1.112,-1.576,-0.484,-0.065,-0.010,-0.001,-0.007,-0.678,-0.001,-0.004,-9.213,-0.004,-12.229,-8.181,-11.417
4.929,-5.014,-0.001,0.999,0.001,0.000,-0.054,0.598,0.443,-1.383,0.400,-1.831,-1.195,-1.691,-0.497,-0.063,-0.010,-0.007,-0.008,-0.694,-0.000,-0.003,-9.458,-0.002,-12.557,-8.399,-11.726
4.924,-5.015,-0.001,0.998,0.001,0.000,-0.058,0.598,0.443,-1.479,0.400,-1.959,-1.280,-1.810,-0.509,-0.061,-0.009,-0.013,-0.009,-0.711,-0.000,-0.003,-9.695,-0.000,-12.872,-8.610,-12.022
4.919,-5.015,-0.001,0.998,0.001,0.000,-0.061,0.598,0.443,-1.577,0.400,-2.089,-1.367,-1.932,-0.520,-0.059,-0.007,-0.018,-0.010,-0.726,-0.000,-0.003,-9.925,0.001,-13.174,-8.815,-12.307
4.913,-5.016,-0.001,0.998,0.001,0.000,-0.065,0.598,0.443,-1.677,0.400,-2.222,-1.457,-2.056,-0.531,-0.056,-0.006,-0.023,-0.011,-0.741,-0.000,-0.004,-10.145,0.002,-13.463,-9.013,-12.581
4.908,-5.016,-0.001,0.998,0.000,0.000,-0.069,0.598,0.443,-1.779,0.400,-2.358,-1.548,-2.183,-0.542,-0.053,-0.005,-0.026,-0.012,-0.757,-0.000,-0.004,-10.358,0.003,-13.740,-9.205,-12.844
4.902,-5.017,-0.001,0.997,0.000,0.000,-0.072,0.598,0.443,-1.884,0.400,-2.497,-1.641,-2.313,-0.553,-0.050,-0.004,-0.028,-0.012,-0.771,-0.000,-0.004,-10.564,0.003,-14.006,-9.391,-13.097
4.897,-5.017,-0.001,0.997,0.000,0.000,-0.076,0.598,0.443,-1.991,0.400,-2.638,-1.736,-2.445,-0.563,-0.047,-0.003,-0.028,-0.012,-0.786,-0.001,-0.004,-10.763,0.004,-14.261,-9.572,-13.341
4.891,-5.018,-0.001,0.997,0.000,-0.000,-0.080,0.598,0.443,-2.099,0.400,-2.782,-1.832,-2.580,-0.573,-0.043,-0.001,-0.027,-0.012,-0.800,-0.001,-0.005,-10.956,0.003,-14.506,-9.748,-13.575
4.885,-5.018,-0.001,0.996,-0.000,-0.000,-0.084,0.598,0.443,-2.210,0.400,-2.928,-1.930,-2.717,-0.583,-0.039,-0.001,-0.025,-0.011,-0.813,-0.001,-0.005,-11.142,0.003,-14.741,-9.919,-13.801
4.880,-5.019,-0.001,0.996,-0.000,-0.000,-0.088,0.598,0.443,-2.322,0.400,-3.077,-2.030,-2.856,-0.592,-0.035,-0.000,-0.020,-0.010,-0.826,-0.001,-0.005,-11.323,0.003,-14.970,-10.085,-14.020
4.874,-5.019,-0.001,0.996,-0.000,-0.000,-0.092,0.598,0.442,-2.436,0.400,-3.228,-2.132,-2.997,-0.601,-0.031,0.000,-0.015,-0.009,-0.839,-0.001,-0.005,-11.497,0.002,-15.191,-10.245,-14.232
4.868,-5.019,-0.001,0.995,-0.000,-0.000,-0.097,0.598,0.442,-2.552,0.400,-3.381,-2.235,-3.140,-0.610,-0.026,0.001,-0.010,-0.008,-0.852,-0.001,-0.004,-11.665,0.002,-15.407,-10.400,-14.439
4.861,-5.020,-0.001,0.995,-0.000,-0.000,-0.101,0.598,0.442,-2.670,0.400,-3.536,-2.340,-3.286,-0.619,-0.022,0.001,-0.004,-0.007,-0.864,-0.001,-0.004,-11.828,0.002,-15.618,-10.550,-14.641
4.855,-5.020,-0.001,0.994,-0.000,-0.000,-0.105,0.598,0.442,-2.789,0.400,-3.693,-2.446,-3.433,-0.628,-0.017,0.001,-0.000,-0.006,-0.877,-0.000,-0.003,-11.986,0.002,-15.823,-10.694,-14.839
4.849,-5.020,-0.001,0.994,-0.000,-0.000,-0.110,0.598,0.442,-2.909,0.401,-3.852,-2.554,-3.583,-0.636,-0.011,0.001,0.002,-0.006,-0.889,-0.000,-0.003,-12.138,0.002,-16.024,-10.832,-15.032
4.842,-5.020,-0.001,0.993,-0.000,-0.000,-0.114,0.598,0.442,-3.031,0.401,-4.013,-2.663,-3.734,-0.644,-0.006,0.001,0.002,-0.007,-0.901,0.000,-0.002,-12.285,0.003,-16.219,-10.965,-15.221
4.836,-5.020,-0.001,0.993,-0.000,-0.000,-0.119,0.598,0.442,-3.155,0.401,-4.177,-2.773,-3.887,-0.652,-0.001,0.002,-0.002,-0.008,-0.914,0.000,-0.002,-12.427,0.004,-16.408,-11.091,-15.404
4.829,-5.020,-0.001,0.992,-0.000,-0.000,-0.123,0.598,0.442,-3.280,0.401,-4.342,-2.885,-4.042,-0.660,0.005,0.003,-0.009,-0.010,-0.927,0.001,-0.001,-12.565,0.005,-16.589,-11.213,-15.582
4.823,-5.020,-0.001,0.992,-0.000,-0.000,-0.128,0.598,0.442,-3.406,0.401,-4.508,-2.998,-4.199,-0.667,0.010,0.004,-0.019,-0.013,-0.941,0.001,-0.001,-12.700,0.006,-16.762,-11.330,-15.754
4.816,-5.020,-0.001,0.991,-0.001,-0.001,-0.132,0.598,0.442,-3.534,0.401,-4.677,-3.111,-4.357,-0.674,0.016,0.006,-0.032,-0.014,-0.954,0.001,-0.000,-12.833,0.007,-16.924,-11.446,-15.918
4.809,-5.020,-0.001,0.991,-0.001,-0.001,-0.137,0.598,0.442,-3.663,0.401,-4.847,-3.226,-4.517,-0.682,0.022,0.007,-0.047,-0.015,-0.968,0.001,-0.000,-12.965,0.008,-17.076,-11.560,-16.073
4.802,-5.019,-0.001,0.990,-0.001,-0.001,-0.142,0.598,0.442,-3.793,0.401,-5.018,-3.343,-4.678,-0.689,0.029,0.009,-0.061,-0.014,-0.982,0.001,-0.000,-13.097,0.008,-17.216,-11.674,-16.219
4.795,-5.019,-0.001,0.989,-0.001,-0.001,-0.147,0.598,0.442,-3.925,0.401,-5.191,-3.460,-4.841,-0.696,0.035,0.010,-0.074,-0.012,-0.995,0.001,-0.000,-13.228,0.008,-17.345,-11.789,-16.353
4.789,-5.019,-0.001,0.988,-0.002,-0.001,-0.152,0.598,0.442,-4.058,0.401,-5.365,-3.578,-5.005,-0.703,0.042,0.011,-0.083,-0.009,-1.007,0.000,-0.001,-13.359,0.007,-17.462,-11.907,-16.476
4.781,-5.018,-0.001,0.988,-0.002,-0.001,-0.157,0.598,0.442,-4.192,0.401,-5.540,-3.698,-5.171,-0.710,0.050,0.012,-0.087,-0.006,-1.018,0.000,-0.001,-13.488,0.005,-17.568,-12.028,-16.588
4.774,-5.018,-0.000,0.987,-0.003,-0.001,-0.162,0.598,0.442,-4.328,0.401,-5.716,-3.819,-5.337,-0.717,0.058,0.012,-0.084,-0.002,-1.027,-0.000,-0.002,-13.615,0.003,-17.665,-12.153,-16.689
4.767,-5.017,-0.000,0.986,-0.003,-0.001,-0.167,0.598,0.442,-4.464,0.401,-5.893,-3.941,-5.504,-0.723,0.067,0.012,-0.073,0.002,-1.033,-0.001,-0.003,-13.738,0.000,-17.755,-12.280,-16.782
4.760,-5.016,-0.000,0.985,-0.003,-0.000,-0.172,0.598,0.442,-4.602,0.401,-6.071,-4.065,-5.673,-0.729,0.076,0.011,-0.055,0.006,-1.037,-0.002,-0.003,-13.855,-0.003,-17.841,-12.410,-16.868
4.753,-5.015,-0.000,0.984,-0.004,-0.000,-0.177,0.598,0.442,-4.741,0.401,-6.250,-4.189,-5.842,-0.735,0.086,0.010,-0.028,0.013,-1.038,-0.002,-0.004,-13.966,-0.006,-17.926,-12.542,-16.953
4.745,-5.015,-0.000,0.983,-0.004,-0.000,-0.182,0.598,0.442,-4.882,0.401,-6.430,-4.315,-6.012,-0.741,0.097,0.007,0.004,0.020,-1.036,-0.002,-0.004,-14.069,-0.009,-18.015,-12.672,-17.038
4.738,-5.014,0.000,0.982,-0.004,-0.000,-0.187,0.598,0.442,-5.023,0.401,-6.611,-4.443,-6.183,-0.746,0.107,0.004,0.041,0.027,-1.036,-0.002,-0.003,-14.159,-0.011,-18.117,-12.787,-17.129
4.730,-5.012,0.000,0.981,-0.003,-0.000,-0.193,0.598,0.442,-5.165,0.401,-6.792,-4.571,-6.354,-0.750,0.117,0.002,0.080,0.030,-1.038,-0.002,-0.002,-14.234,-0.012,-18.236,-12.880,-17.229
4.723,-5.011,0.000,0.980,-0.003,-0.000,-0.198,0.598,0.442,-5.307,0.401,-6.975,-4.700,-6.527,-0.754,0.126,-0.001,0.116,0.030,-1.041,-0.001,-0.001,-14.295,-0.012,-18.370,-12.952,-17.339
4.715,-5.010,0.000,0.979,-0.002,-0.000,-0.203,0.598,0.442,-5.451,0.401,-7.160,-4.830,-6.701,-0.757,0.135,-0.003,0.146,0.028,-1.045,-0.001,-0.001,-14.343,-0.011,-18.518,-13.003,-17.458
4.708,-5.009,0.000,0.978,-0.001,-0.000,-0.208,0.598,0.442,-5.594,0.400,-7.346,-4.960,-6.876,-0.759,0.144,-0.004,0.166,0.023,-1.049,-0.001,0.000,-14.380,-0.010,-18.677,-13.037,-17.587
4.700,-5.007,-0.000,0.977,-0.000,-0.000,-0.213,0.598,0.442,-5.738,0.400,-7.533,-5.091,-7.053,-0.761,0.152,-0.005,0.176,0.017,-1.054,-0.000,0.001,-14.408,-0.009,-18.842,-13.054,-17.723
4.692,-5.005,-0.000,0.976,0.001,-0.000,-0.218,0.598,0.442,-5.882,0.400,-7.723,-5.221,-7.231,-0.762,0.160,-0.006,0.173,0.010,-1.059,-0.000,0.001,-14.429,-0.007,-19.011,-13.058,-17.863
4.685,-5.004,-0.000,0.975,0.001,-0.001,-0.223,0.598,0.442,-6.027,0.400,-7.914,-5.352,-7.410,-0.764,0.168,-0.005,0.160,0.001,-1.066,0.000,0.002,-14.445,-0.005,-19.179,-13.047,-18.006
4.677,-5.002,-0.000,0.974,0.002,-0.001,-0.229,0.598,0.442,-6.171,0.400,-8.106,-5.482,-7.591,-0.764,0.175,-0.004,0.141,-0.008,-1.077,0.001,0.003,-14.456,-0.003,-19.348,-13.020,-18.149
4.669,-5.000,-0.000,0.972,0.003,-0.001,-0.234,0.598,0.442,-6.316,0.400,-8.301,-5.612,-7.773,-0.765,0.182,-0.003,0.118,-0.015,-1.089,0.001,0.004,-14.470,0.000,-19.509,-12.986,-18.291
4.662,-4.998,-0.000,0.971,0.003,-0.001,-0.239,0.598,0.442,-6.461,0.400,-8.496,-5.742,-7.957,-0.765,0.189,-0.001,0.091,-0.019,-1.102,0.002,0.005,-14.489,0.003,-19.658,-12.954,-18.427
4.654,-4.997,-0.000,0.970,0.004,-0.001,-0.244,0.598,0.442,-6.606,0.400,-8.694,-5.871,-8.142,-0.765,0.196,-0.001,0.062,-0.018,-1.114,0.002,0.006,-14.519,0.005,-19.793,-12.930,-18.557
4.646,-4.995,-0.000,0.968,0.004,-0.001,-0.250,0.598,0.442,-6.751,0.400,-8.892,-6.001,-8.328,-0.766,0.204,-0.001,0.032,-0.011,-1.127,0.002,0.006,-14.560,0.006,-19.922,-12.911,-18.678
4.639,-4.992,-0.000,0.967,0.004,-0.001,-0.255,0.598,0.442,-6.897,0.400,-9.092,-6.130,-8.515,-0.766,0.211,-0.002,0.003,-0.000,-1.144,0.002,0.006,-14.615,0.006,-20.049,-12.894,-18.791
4.631,-4.990,-0.000,0.965,0.004,-0.001,-0.261,0.598,0.442,-7.043,0.400,-9.293,-6.258,-8.704,-0.767,0.219,-0.003,-0.022,0.011,-1.161,0.002,0.006,-14.682,0.006,-20.175,-12.881,-18.892
4.623,-4.988,-0.000,0.964,0.004,-0.001,-0.267,0.598,0.442,-7.191,0.400,-9.496,-6.387,-8.893,-0.767,0.226,-0.005,-0.041,0.021,-1.176,0.002,0.006,-14.759,0.005,-20.293,-12.878,-18.979
4.616,-4.986,-0.000,0.962,0.004,-0.001,-0.272,0.598,0.442,-7.339,0.401,-9.699,-6.516,-9.083,-0.766,0.235,-0.007,-0.054,0.025,-1.189,0.001,0.005,-14.844,0.004,-20.398,-12.890,-19.052
4.608,-4.983,-0.000,0.961,0.003,-0.001,-0.278,0.598,0.443,-7.487,0.401,-9.903,-6.645,-9.274,-0.766,0.244,-0.008,-0.062,0.024,-1.198,0.001,0.004,-14.935,0.003,-20.489,-12.917,-19.112
4.601,-4.981,-0.001,0.959,0.003,-0.001,-0.284,0.598,0.443,-7.637,0.401,-10.109,-6.774,-9.465,-0.765,0.254,-0.008,-0.067,0.016,-1.205,0.001,0.003,-15.029,0.003,-20.566,-12.957,-19.163
4.593,-4.978,-0.001,0.957,0.003,-0.000,-0.290,0.598,0.443,-7.788,0.401,-10.315,-6.904,-9.657,-0.764,0.263,-0.008,-0.069,0.004,-1.209,0.000,0.002,-15.123,0.003,-20.627,-13.008,-19.208
4.585,-4.976,-0.001,0.955,0.002,-0.000,-0.295,0.598,0.443,-7.940,0.401,-10.521,-7.035,-9.850,-0.762,0.273,-0.006,-0.072,-0.011,-1.213,0.000,0.001,-15.216,0.004,-20.674,-13.069,-19.251
4.578,-4.973,-0.001,0.954,0.002,-0.000,-0.301,0.598,0.443,-8.092,0.401,-10.728,-7.166,-10.042,-0.761,0.283,-0.005,-0.077,-0.026,-1.217,0.000,-0.001,-15.305,0.005,-20.707,-13.135,-19.294
4.570,-4.970,-0.001,0.952,0.002,-0.000,-0.307,0.598,0.443,-8.246,0.401,-10.935,-7.297,-10.235,-0.759,0.293,-0.002,-0.084,-0.040,-1.221,0.000,-0.002,-15.390,0.006,-20.727,-13.207,-19.339
4.562,-4.967,-0.001,0.950,0.001,-0.000,-0.313,0.598,0.443,-8.400,0.401,-11.143,-7.430,-10.429,-0.758,0.303,0.000,-0.093,-0.051,-1.226,-0.000,-0.003,-15.469,0.008,-20.736,-13.284,-19.384
4.555,-4.964,-0.001,0.948,0.001,-0.000,-0.319,0.598,0.443,-8.555,0.401,-11.350,-7.563,-10.623,-0.757,0.312,0.003,-0.103,-0.056,-1.233,-0.000,-0.004,-15.543,0.008,-20.735,-13.366,-19.430
4.547,-4.961,-0.001,0.946,-0.000,-0.001,-0.324,0.598,0.442,-8.711,0.401,-11.557,-7.697,-10.818,-0.756,0.323,0.006,-0.114,-0.054,-1.239,-0.000,-0.005,-15.616,0.008,-20.725,-13.453,-19.472
4.540,-4.957,-0.001,0.944,-0.001,-0.001,-0.330,0.598,0.442,-8.868,0.401,-11.765,-7.832,-11.013,-0.755,0.333,0.007,-0.123,-0.045,-1.245,-0.000,-0.005,-15.694,0.006,-20.707,-13.549,-19.506
4.532,-4.954,-0.001,0.942,-0.001,-0.001,-0.336,0.598,0.442,-9.025,0.401,-11.971,-7.968,-11.208,-0.754,0.344,0.008,-0.129,-0.029,-1.249,-0.001,-0.004,-15.777,0.004,-20.682,-13.654,-19.529
4.525,-4.951,-0.001,0.940,-0.002,-0.000,-0.342,0.598,0.442,-9.183,0.401,-12.178,-8.105,-11.403,-0.753,0.356,0.009,-0.128,-0.010,-1.249,-0.001,-0.004,-15.860,0.001,-20.652,-13.768,-19.540
4.517,-4.947,-0.000,0.937,-0.003,-0.000,-0.348,0.598,0.442,-9.342,0.401,-12.385,-8.243,-11.598,-0.752,0.369,0.008,-0.119,0.009,-1.246,-0.001,-0.003,-15.941,-0.002,-20.620,-13.888,-19.537
4.510,-4.943,-0.000,0.935,-0.003,-0.000,-0.354,0.598,0.442,-9.502,0.401,-12.591,-8.383,-11.794,-0.750,0.381,0.007,-0.101,0.027,-1.240,-0.001,-0.002,-16.018,-0.006,-20.590,-14.012,-19.521
4.502,-4.939,-0.000,0.933,-0.003,0.000,-0.360,0.598,0.442,-9.662,0.401,-12.796,-8.524,-11.989,-0.747,0.395,0.005,-0.079,0.038,-1.230,-0.001,-0.001,-16.086,-0.010,-20.579,-14.133,-19.492
4.495,-4.935,-0.000,0.931,-0.004,0.001,-0.365,0.598,0.442,-9.824,0.401,-13.002,-8.666,-12.184,-0.743,0.408,0.003,-0.051,0.047,-1.216,-0.002,-0.000,-16.143,-0.013,-20.587,-14.251,-19.459
4.487,-4.931,-0.000,0.929,-0.004,0.001,-0.371,0.598,0.442,-9.985,0.401,-13.208,-8.809,-12.378,-0.739,0.422,-0.001,-0.015,0.057,-1.199,-0.002,0.000,-16.191,-0.014,-20.604,-14.371,-19.432
4.480,-4.927,-0.000,0.926,-0.004,0.001,-0.376,0.598,0.442,-10.147,0.401,-13.414,-8.953,-12.572,-0.734,0.435,-0.005,0.024,0.064,-1.182,-0.001,0.000,-16.230,-0.014,-20.629,-14.480,-19.419
4.473,-4.922,-0.000,0.924,-0.003,0.001,-0.382,0.598,0.442,-10.310,0.400,-13.621,-9.098,-12.767,-0.729,0.447,-0.008,0.061,0.060,-1.171,-0.001,0.000,-16.263,-0.012,-20.671,-14.553,-19.423
4.465,-4.918,-0.000,0.922,-0.003,0.001,-0.387,0.598,0.442,-10.473,0.400,-13.828,-9.244,-12.961,-0.724,0.456,-0.011,0.093,0.048,-1.167,-0.001,0.000,-16.284,-0.010,-20.730,-14.589,-19.444
4.458,-4.913,-0.001,0.920,-0.002,0.001,-0.393,0.598,0.442,-10.635,0.400,-14.035,-9.390,-13.155,-0.718,0.465,-0.011,0.114,0.027,-1.165,-0.001,-0.000,-16.289,-0.008,-20.801,-14.598,-19.482
4.451,-4.909,-0.001,0.917,-0.002,0.001,-0.398,0.598,0.442,-10.798,0.400,-14.244,-9.536,-13.351,-0.713,0.473,-0.011,0.125,0.001,-1.165,-0.001,-0.001,-16.276,-0.006,-20.881,-14.590,-19.536
4.444,-4.904,-0.001,0.915,-0.001,0.001,-0.403,0.598,0.442,-10.961,0.400,-14.453,-9.682,-13.546,-0.707,0.480,-0.009,0.123,-0.028,-1.165,-0.001,-0.003,-16.245,-0.003,-20.964,-14.570,-19.603
4.437,-4.899,-0.001,0.913,-0.001,0.000,-0.409,0.598,0.442,-11.123,0.400,-14.663,-9.827,-13.743,-0.701,0.488,-0.005,0.114,-0.054,-1.167,-0.001,-0.004,-16.200,-0.000,-21.043,-14.548,-19.683
4.430,-4.894,-0.001,0.910,-0.000,-0.000,-0.414,0.598,0.442,-11.285,0.400,-14.874,-9.973,-13.940,-0.695,0.495,-0.002,0.103,-0.074,-1.169,-0.001,-0.005,-16.148,0.002,-21.113,-14.529,-19.775
4.423,-4.889,-0.001,0.908,-0.000,-0.001,-0.419,0.598,0.442,-11.446,0.400,-15.085,-10.118,-14.138,-0.690,0.503,0.001,0.090,-0.083,-1.171,-0.001,-0.006,-16.093,0.004,-21.171,-14.521,-19.875
4.416,-4.884,-0.001,0.905,0.000,-0.001,-0.425,0.598,0.442,-11.607,0.400,-15.297,-10.263,-14.337,-0.685,0.511,0.003,0.078,-0.081,-1.172,-0.000,-0.005,-16.037,0.006,-21.217,-14.529,-19.979
4.409,-4.879,-0.001,0.903,0.000,-0.002,-0.430,0.598,0.442,-11.767,0.400,-15.510,-10.408,-14.538,-0.679,0.520,0.005,0.066,-0.069,-1.171,-0.000,-0.005,-15.986,0.006,-21.254,-14.550,-20.083
4.402,-4.874,-0.001,0.900,0.000,-0.002,-0.435,0.580,0.438,-11.926,0.397,-15.722,-10.554,-14.739,-0.674,0.530,0.005,0.059,-0.050,-1.169,-2.912,-0.730,-15.933,-0.529,-21.289,-14.577,-20.177
4.396,-4.868,-0.001,0.898,0.001,-0.002,-0.440,0.548,0.430,-12.086,0.392,-15.935,-10.700,-14.941,-0.668,0.541,0.005,0.055,-0.027,-1.160,-3.108,-0.782,-15.905,-0.463,-21.304,-14.627,-20.257
4.389,-4.863,-0.001,0.895,0.001,-0.003,-0.446,0.521,0.423,-12.245,0.388,-16.148,-10.847,-15.144,-0.662,0.552,0.005,0.051,-0.006,-1.148,-2.279,-0.573,-15.897,-0.274,-21.308,-14.688,-20.322
4.383,-4.857,-0.001,0.893,0.001,-0.003,-0.451,0.503,0.418,-12.404,0.386,-16.361,-10.994,-15.348,-0.656,0.563,0.005,0.044,0.011,-1.138,-1.316,-0.329,-15.905,-0.123,-21.310,-14.737,-20.373
4.376,-4.852,-0.001,0.890,0.001,-0.003,-0.456,0.494,0.416,-12.563,0.386,-16.575,-11.141,-15.552,-0.651,0.572,0.005,0.036,0.020,-1.133,-0.584,-0.143,-15.930,-0.029,-21.319,-14.756,-20.414
4.369,-4.846,-0.000,0.888,0.002,-0.003,-0.461,0.490,0.415,-12.722,0.386,-16.788,-11.289,-15.756,-0.646,0.580,0.005,0.026,0.022,-1.137,-0.158,-0.037,-15.966,0.021,-21.338,-14.738,-20.448
4.363,-4.840,-0.000,0.885,0.002,-0.003,-0.466,0.490,0.415,-12.882,0.386,-17.001,-11.436,-15.961,-0.641,0.586,0.007,0.019,0.013,-1.150,0.040,0.015,-15.986,0.042,-21.371,-14.680,-20.480
4.357,-4.834,-0.000,0.882,0.002,-0.003,-0.471,0.490,0.415,-13.042,0.386,-17.215,-11.582,-16.165,-0.638,0.591,0.009,0.016,-0.002,-1.173,0.101,0.033,-15.981,0.045,-21.422,-14.585,-20.518
4.350,-4.828,-0.000,0.879,0.002,-0.003,-0.476,0.491,0.416,-13.202,0.387,-17.430,-11.728,-16.371,-0.635,0.595,0.010,0.011,-0.010,-1.206,0.093,0.032,-15.974,0.040,-21.501,-14.459,-20.563
4.344,-4.822,-0.000,0.876,0.002,-0.003,-0.482,0.492,0.416,-13.361,0.387,-17.645,-11.871,-16.577,-0.632,0.599,0.010,-0.002,-0.010,-1.241,0.063,0.024,-15.976,0.030,-21.610,-14.320,-20.609
4.338,-4.816,-0.000,0.873,0.002,-0.003,-0.487,0.493,0.416,-13.521,0.387,-17.862,-12.014,-16.783,-0.629,0.604,0.009,-0.032,0.000,-1.278,0.035,0.015,-15.998,0.018,-21.706,-14.194,-20.661
4.331,-4.810,0.000,0.870,0.002,-0.002,-0.493,0.493,0.416,-13.682,0.388,-18.080,-12.155,-16.990,-0.628,0.608,0.003,-0.100,0.042,-1.329,0.015,0.006,-16.073,0.005,-21.845,-14.047,-20.738
4.325,-4.804,0.000,0.867,0.001,-0.002,-0.499,0.493,0.416,-13.843,0.388,-18.299,-12.295,-17.198,-0.624,0.615,-0.000,-0.142,0.071,-1.360,0.003,0.002,-16.144,-0.002,-21.937,-13.969,-20.779
4.319,-4.798,0.000,0.863,0.001,-0.001,-0.505,0.493,0.416,-14.004,0.388,-18.518,-12.435,-17.406,-0.619,0.624,-0.003,-0.167,0.095,-1.380,-0.002,-0.001,-16.211,-0.005,-22.007,-13.945,-20.791
4.313,-4.792,0.000,0.860,0.000,-0.000,-0.510,0.493,0.416,-14.167,0.387,-18.738,-12.575,-17.613,-0.607,0.638,0.002,-0.106,0.063,-1.350,-0.002,0.002,-16.286,-0.004,-21.924,-14.042,-20.701
4.307,-4.785,0.000,0.856,0.000,0.000,-0.516,0.493,0.416,-14.330,0.387,-18.957,-12.716,-17.820,-0.597,0.650,0.004,-0.068,0.048,-1.329,-0.002,0.003,-16.375,-0.005,-21.863,-14.138,-20.605
4.301,-4.779,0.000,0.853,0.000,0.000,-0.522,0.493,0.416,-14.494,0.387,-19.176,-12.857,-18.025,-0.588,0.661,0.002,-0.054,0.053,-1.315,-0.002,0.002,-16.468,-0.007,-21.839,-14.219,-20.521
4.295,-4.772,0.000,0.850,-0.000,0.001,-0.527,0.493,0.416,-14.660,0.387,-19.394,-13.000,-18.230,-0.579,0.671,-0.002,-0.049,0.065,-1.304,-0.002,0.001,-16.556,-0.010,-21.837,-14.291,-20.441
4.289,-4.765,0.000,0.846,-0.000,0.001,-0.533,0.493,0.416,-14.825,0.387,-19.612,-13.143,-18.434,-0.568,0.681,-0.006,-0.048,0.067,-1.288,-0.002,0.000,-16.636,-0.012,-21.835,-14.370,-20.357
4.284,-4.758,-0.000,0.843,-0.000,0.002,-0.538,0.493,0.416,-14.992,0.387,-19.831,-13.287,-18.637,-0.556,0.691,-0.008,-0.044,0.052,-1.264,-0.002,-0.001,-16.704,-0.013,-21.822,-14.464,-20.266
4.278,-4.751,-0.000,0.839,-0.000,0.002,-0.544,0.493,0.416,-15.160,0.387,-20.049,-13.433,-18.839,-0.543,0.701,-0.008,-0.035,0.021,-1.234,-0.002,-0.001,-16.756,-0.013,-21.792,-14.572,-20.175
4.273,-4.744,-0.000,0.836,-0.000,0.002,-0.549,0.493,0.416,-15.327,0.387,-20.266,-13.579,-19.041,-0.530,0.710,-0.008,-0.023,-0.010,-1.206,-0.002,-0.002,-16.793,-0.011,-21.758,-14.683,-20.105
4.268,-4.737,-0.000,0.833,-0.000,0.002,-0.554,0.493,0.416,-15.495,0.387,-20.484,-13.726,-19.242,-0.518,0.718,-0.010,-0.008,-0.027,-1.181,-0.001,-0.001,-16.819,-0.008,-21.728,-14.792,-20.068
4.262,-4.730,-0.000,0.830,-0.001,0.002,-0.558,0.493,0.416,-15.664,0.387,-20.701,-13.875,-19.442,-0.507,0.725,-0.013,0.011,-0.035,-1.164,-0.000,-0.001,-16.824,-0.004,-21.708,-14.890,-20.065
4.257,-4.723,-0.001,0.826,-0.001,0.002,-0.563,0.493,0.416,-15.832,0.387,-20.918,-14.024,-19.643,-0.496,0.731,-0.014,0.029,-0.042,-1.154,0.000,-0.000,-16.819,-0.000,-21.698,-14.960,-20.089
4.252,-4.715,-0.001,0.823,-0.001,0.001,-0.568,0.493,0.416,-16.000,0.387,-21.135,-14.174,-19.844,-0.487,0.736,-0.014,0.039,-0.050,-1.150,0.001,0.000,-16.810,0.003,-21.696,-15.002,-20.132
4.248,-4.708,-0.001,0.820,-0.001,0.001,-0.573,0.493,0.416,-16.168,0.387,-21.352,-14.324,-20.046,-0.479,0.739,-0.011,0.044,-0.061,-1.152,0.001,0.000,-16.793,0.005,-21.701,-15.015,-20.191
4.243,-4.701,-0.001,0.816,-0.001,0.000,-0.577,0.493,0.416,-16.336,0.387,-21.569,-14.474,-20.248,-0.470,0.742,-0.008,0.048,-0.071,-1.158,0.001,0.000,-16.764,0.006,-21.713,-15.010,-20.261
4.238,-4.693,-0.001,0.813,-0.001,0.000,-0.582,0.493,0.416,-16.503,0.387,-21.786,-14.624,-20.451,-0.462,0.745,-0.004,0.049,-0.073,-1.164,0.001,-0.000,-16.730,0.007,-21.726,-15.004,-20.339
4.234,-4.686,-0.001,0.810,-0.001,-0.000,-0.587,0.493,0.416,-16.670,0.387,-22.004,-14.774,-20.655,-0.454,0.750,-0.002,0.047,-0.065,-1.169,0.000,-0.001,-16.696,0.007,-21.737,-15.005,-20.419
4.229,-4.678,-0.001,0.806,-0.001,-0.001,-0.592,0.493,0.416,-16.837,0.387,-22.221,-14.924,-20.859,-0.446,0.754,-0.000,0.041,-0.050,-1.171,0.000,-0.002,-16.664,0.006,-21.748,-15.016,-20.496
4.225,-4.671,-0.001,0.803,-0.001,-0.001,-0.596,0.493,0.416,-17.004,0.387,-22.439,-15.074,-21.065,-0.437,0.760,0.001,0.032,-0.034,-1.170,-0.000,-0.003,-16.632,0.006,-21.756,-15.036,-20.563
4.220,-4.663,-0.001,0.799,-0.001,-0.001,-0.601,0.493,0.416,-17.170,0.387,-22.656,-15.225,-21.270,-0.428,0.766,0.002,0.023,-0.022,-1.167,-0.001,-0.005,-16.600,0.006,-21.757,-15.064,-20.614
4.216,-4.655,-0.001,0.796,-0.001,-0.001,-0.606,0.493,0.416,-17.336,0.387,-22.874,-15.376,-21.477,-0.419,0.772,0.004,0.013,-0.019,-1.161,-0.001,-0.006,-16.566,0.006,-21.749,-15.096,-20.650
4.212,-4.647,-0.001,0.792,-0.001,-0.001,-0.610,0.493,0.416,-17.501,0.387,-23.091,-15.527,-21.683,-0.409,0.778,0.006,0.005,-0.025,-1.156,-0.001,-0.007,-16.529,0.007,-21.732,-15.128,-20.675
4.208,-4.640,-0.001,0.789,-0.001,-0.002,-0.615,0.493,0.416,-17.666,0.387,-23.308,-15.678,-21.890,-0.400,0.784,0.008,-0.002,-0.037,-1.153,-0.001,-0.007,-16.491,0.008,-21.708,-15.154,-20.695
4.204,-4.632,-0.001,0.785,-0.001,-0.002,-0.619,0.493,0.416,-17.831,0.387,-23.525,-15.830,-22.097,-0.391,0.789,0.010,-0.008,-0.052,-1.154,-0.000,-0.007,-16.450,0.010,-21.679,-15.172,-20.717
4.200,-4.624,-0.001,0.781,-0.001,-0.002,-0.624,0.493,0.416,-17.995,0.387,-23.742,-15.982,-22.305,-0.383,0.794,0.012,-0.012,-0.067,-1.158,0.000,-0.006,-16.408,0.011,-21.646,-15.183,-20.744
4.196,-4.616,-0.001,0.778,-0.001,-0.002,-0.628,0.493,0.416,-18.159,0.388,-23.958,-16.134,-22.512,-0.375,0.800,0.013,-0.016,-0.079,-1.165,0.001,-0.004,-16.369,0.011,-21.608,-15.190,-20.777
4.193,-4.608,-0.000,0.774,-0.002,-0.002,-0.633,0.493,0.416,-18.323,0.388,-24.174,-16.285,-22.720,-0.368,0.805,0.014,-0.019,-0.083,-1.174,0.001,-0.003,-16.334,0.011,-21.569,-15.199,-20.818
4.189,-4.600,-0.000,0.770,-0.002,-0.003,-0.638,0.493,0.416,-18.486,0.388,-24.390,-16.438,-22.929,-0.360,0.811,0.014,-0.023,-0.074,-1.183,0.001,-0.001,-16.309,0.009,-21.532,-15.212,-20.863
4.185,-4.592,-0.000,0.767,-0.002,-0.003,-0.642,0.493,0.416,-18.649,0.388,-24.605,-16.590,-23.137,-0.352,0.817,0.012,-0.030,-0.051,-1.192,0.001,0.001,-16.295,0.006,-21.506,-15.232,-20.909
4.182,-4.583,0.000,0.763,-0.002,-0.003,-0.647,0.493,0.416,-18.812,0.388,-24.820,-16.742,-23.347,-0.345,0.824,0.009,-0.039,-0.014,-1.199,0.001,0.003,-16.295,0.002,-21.495,-15.257,-20.949
4.179,-4.575,0.000,0.759,-0.003,-0.003,-0.651,0.493,0.416,-18.975,0.388,-25.035,-16.895,-23.556,-0.336,0.830,0.006,-0.048,0.031,-1.204,0.001,0.005,-16.309,-0.003,-21.500,-15.290,-20.973
4.175,-4.567,0.000,0.755,-0.003,-0.002,-0.656,0.493,0.416,-19.138,0.388,-25.250,-17.048,-23.766,-0.326,0.837,0.002,-0.054,0.077,-1.203,0.000,0.007,-16.338,-0.007,-21.514,-15.329,-20.969
4.172,-4.558,0.000,0.751,-0.002,-0.002,-0.660,0.493,0.416,-19.302,0.388,-25.465,-17.201,-23.976,-0.316,0.844,-0.000,-0.053,0.115,-1.197,0.000,0.008,-16.396,-0.011,-21.534,-15.366,-20.932
4.169,-4.550,0.000,0.747,-0.002,-0.001,-0.665,0.493,0.416,-19.466,0.388,-25.680,-17.355,-24.185,-0.304,0.850,-0.002,-0.044,0.142,-1.188,0.000,0.009,-16.480,-0.014,-21.559,-15.393,-20.863
4.166,-4.541,0.000,0.743,-0.002,-0.001,-0.669,0.493,0.416,-19.631,0.387,-25.896,-17.509,-24.393,-0.292,0.855,-0.003,-0.029,0.159,-1.178,-0.000,0.009,-16.579,-0.016,-21.595,-15.403,-20.772
4.163,-4.533,0.000,0.739,-0.001,0.000,-0.674,0.493,0.416,-19.798,0.387,-26.112,-17.663,-24.600,-0.281,0.860,-0.005,-0.010,0.166,-1.169,-0.000,0.009,-16.677,-0.016,-21.646,-15.389,-20.671
4.160,-4.524,0.000,0.735,-0.001,0.001,-0.678,0.493,0.416,-19.965,0.387,-26.329,-17.817,-24.806,-0.270,0.863,-0.006,0.011,0.162,-1.164,0.000,0.008,-16.762,-0.015,-21.716,-15.346,-20.568
4.158,-4.516,-0.000,0.731,-0.000,0.001,-0.682,0.493,0.416,-20.133,0.387,-26.547,-17.970,-25.011,-0.260,0.865,-0.007,0.032,0.146,-1.163,0.000,0.008,-16.824,-0.013,-21.804,-15.272,-20.473
4.155,-4.507,-0.000,0.727,0.000,0.001,-0.686,0.493,0.416,-20.301,0.387,-26.765,-18.122,-25.216,-0.250,0.866,-0.007,0.050,0.117,-1.167,0.000,0.007,-16.854,-0.010,-21.903,-15.168,-20.390
4.153,-4.498,-0.000,0.723,0.001,0.002,-0.691,0.493,0.417,-20.470,0.387,-26.985,-18.273,-25.419,-0.241,0.865,-0.006,0.067,0.076,-1.176,0.000,0.005,-16.859,-0.007,-22.007,-15.038,-20.325
4.150,-4.490,-0.000,0.719,0.001,0.002,-0.695,0.493,0.417,-20.638,0.387,-27.205,-18.423,-25.622,-0.233,0.864,-0.004,0.086,0.028,-1.190,0.000,0.003,-16.863,-0.003,-22.102,-14.885,-20.281
4.148,-4.481,-0.000,0.715,0.002,0.001,-0.699,0.493,0.417,-20.807,0.387,-27.427,-18.571,-25.825,-0.225,0.862,-0.003,0.105,-0.017,-1.206,0.000,0.001,-16.860,0.000,-22.186,-14.729,-20.267
4.146,-4.472,-0.000,0.711,0.002,0.001,-0.703,0.493,0.417,-20.975,0.387,-27.649,-18.718,-26.028,-0.218,0.861,-0.002,0.115,-0.051,-1.225,0.000,-0.001,-16.848,0.003,-22.252,-14.583,-20.292
4.144,-4.464,-0.000,0.706,0.002,0.000,-0.708,0.493,0.417,-21.144,0.387,-27.872,-18.863,-26.231,-0.210,0.860,-0.003,0.111,-0.068,-1.247,-0.000,-0.003,-16.827,0.005,-22.308,-14.451,-20.358
4.142,-4.455,-0.000,0.702,0.002,-0.000,-0.712,0.493,0.417,-21.312,0.387,-28.095,-19.007,-26.435,-0.203,0.861,-0.005,0.097,-0.072,-1.268,-0.000,-0.004,-16.798,0.006,-22.357,-14.346,-20.449
4.140,-4.447,-0.000,0.697,0.002,-0.001,-0.717,0.493,0.416,-21.480,0.387,-28.319,-19.150,-26.640,-0.194,0.861,-0.006,0.078,-0.070,-1.282,-0.001,-0.005,-16.765,0.006,-22.393,-14.278,-20.548
4.138,-4.438,-0.000,0.693,0.002,-0.001,-0.721,0.493,0.416,-21.647,0.387,-28.543,-19.292,-26.846,-0.185,0.862,-0.009,0.037,-0.052,-1.299,-0.000,-0.005,-16.745,0.006,-22.445,-14.226,-20.655
4.136,-4.429,-0.001,0.688,0.002,-0.002,-0.726,0.493,0.416,-21.815,0.387,-28.768,-19.434,-27.053,-0.177,0.864,-0.013,-0.015,-0.024,-1.318,-0.000,-0.004,-16.748,0.006,-22.516,-14.184,-20.762
4.134,-4.421,-0.001,0.683,0.002,-0.002,-0.730,0.493,0.416,-21.982,0.387,-28.993,-19.576,-27.261,-0.164,0.866,-0.010,-0.019,-0.034,-1.305,-0.000,-0.004,-16.693,0.005,-22.494,-14.236,-20.816
4.133,-4.412,-0.001,0.678,0.002,-0.002,-0.735,0.493,0.416,-22.149,0.387,-29.218,-19.719,-27.469,-0.151,0.868,-0.007,-0.035,-0.040,-1.297,-0.000,-0.003,-16.657,0.005,-22.473,-14.295,-20.857
4.131,-4.403,-0.001,0.674,0.002,-0.002,-0.739,0.493,0.416,-22.315,0.387,-29.442,-19.862,-27.678,-0.139,0.870,-0.004,-0.055,-0.046,-1.292,0.000,-0.003,-16.637,0.006,-22.444,-14.357,-20.887
4.130,-4.395,-0.001,0.669,0.001,-0.001,-0.743,0.493,0.416,-22.482,0.387,-29.667,-20.006,-27.887,-0.127,0.872,-0.001,-0.072,-0.055,-1.288,0.001,-0.002,-16.629,0.007,-22.402,-14.420,-20.909
4.129,-4.386,-0.001,0.664,0.001,-0.001,-0.748,0.493,0.416,-22.648,0.387,-29.890,-20.151,-28.096,-0.116,0.874,0.001,-0.083,-0.065,-1.288,0.001,-0.001,-16.630,0.008,-22.346,-14.480,-20.926
4.128,-4.377,-0.001,0.659,0.000,-0.001,-0.752,0.493,0.416,-22.814,0.387,-30.114,-20.296,-28.306,-0.105,0.876,0.004,-0.088,-0.076,-1.290,0.001,-0.001,-16.637,0.009,-22.277,-14.538,-20.943
4.127,-4.368,-0.001,0.654,-0.000,-0.001,-0.756,0.493,0.416,-22.981,0.387,-30.336,-20.441,-28.515,-0.094,0.878,0.006,-0.085,-0.083,-1.294,0.001,-0.002,-16.647,0.009,-22.198,-14.594,-20.962
4.126,-4.360,-0.001,0.649,-0.001,-0.001,-0.760,0.493,0.416,-23.147,0.388,-30.557,-20.588,-28.725,-0.083,0.880,0.008,-0.078,-0.086,-1.299,0.000,-0.002,-16.654,0.008,-22.115,-14.650,-20.986
4.125,-4.351,-0.001,0.644,-0.001,-0.001,-0.765,0.493,0.416,-23.314,0.388,-30.778,-20.734,-28.935,-0.072,0.882,0.008,-0.067,-0.081,-1.302,-0.000,-0.003,-16.654,0.006,-22.034,-14.713,-21.014
4.124,-4.342,-0.001,0.639,-0.002,-0.001,-0.769,0.493,0.416,-23.480,0.388,-30.998,-20.882,-29.145,-0.061,0.885,0.008,-0.056,-0.066,-1.303,-0.001,-0.005,-16.642,0.003,-21.961,-14.785,-21.043
4.124,-4.333,-0.000,0.634,-0.002,-0.001,-0.773,0.493,0.416,-23.646,0.388,-31.217,-21.030,-29.356,-0.048,0.888,0.008,-0.047,-0.044,-1.299,-0.002,-0.006,-16.616,-0.000,-21.901,-14.872,-21.069
4.123,-4.324,-0.000,0.629,-0.003,-0.001,-0.777,0.493,0.416,-23.812,0.388,-31.436,-21.179,-29.567,-0.035,0.892,0.006,-0.040,-0.016,-1.289,-0.003,-0.007,-16.582,-0.004,-21.852,-14.972,-21.081
4.123,-4.315,-0.000,0.624,-0.003,-0.001,-0.781,0.493,0.416,-23.978,0.388,-31.655,-21.330,-29.777,-0.020,0.894,0.006,-0.030,0.007,-1.271,-0.003,-0.008,-16.572,-0.008,-21.804,-15.081,-21.062
4.123,-4.306,-0.000,0.620,-0.003,-0.001,-0.785,0.493,0.416,-24.144,0.388,-31.872,-21.481,-29.988,-0.004,0.896,0.007,-0.018,0.023,-1.245,-0.004,-0.008,-16.579,-0.011,-21.748,-15.201,-21.009
4.123,-4.297,-0.000,0.615,-0.003,-0.001,-0.789,0.493,0.416,-24.310,0.387,-32.089,-21.634,-30.197,0.013,0.898,0.008,-0.011,0.036,-1.214,-0.003,-0.007,-16.604,-0.013,-21.667,-15.333,-20.941
4.123,-4.288,-0.000,0.610,-0.002,-0.001,-0.792,0.493,0.416,-24.476,0.387,-32.306,-21.788,-30.406,0.029,0.900,0.007,-0.005,0.050,-1.186,-0.002,-0.004,-16.631,-0.012,-21.601,-15.457,-20.867
4.123,-4.279,-0.000,0.605,-0.002,-0.000,-0.796,0.493,0.416,-24.642,0.387,-32.521,-21.943,-30.615,0.044,0.902,0.006,-0.004,0.057,-1.170,-0.000,0.000,-16.649,-0.010,-21.563,-15.541,-20.798
4.124,-4.270,-0.000,0.601,-0.002,-0.000,-0.800,0.493,0.416,-24.809,0.387,-32.737,-22.099,-30.822,0.059,0.904,0.001,0.036,0.090,-1.149,0.002,0.005,-16.680,-0.005,-21.561,-15.626,-20.739
4.125,-4.261,-0.000,0.596,-0.001,-0.000,-0.803,0.493,0.416,-24.976,0.387,-32.953,-22.255,-31.030,0.072,0.905,-0.004,0.071,0.115,-1.139,0.003,0.007,-16.715,-0.002,-21.561,-15.689,-20.694
4.125,-4.252,-0.000,0.591,-0.001,-0.000,-0.806,0.493,0.416,-25.143,0.387,-33.168,-22.412,-31.236,0.082,0.905,-0.006,0.084,0.115,-1.136,0.003,0.008,-16.737,-0.001,-21.583,-15.734,-20.650
4.126,-4.243,-0.000,0.587,-0.000,-0.000,-0.810,0.493,0.416,-25.311,0.387,-33.385,-22.569,-31.442,0.089,0.902,-0.004,0.017,0.048,-1.140,0.002,0.008,-16.719,-0.002,-21.690,-15.667,-20.571
4.127,-4.234,-0.000,0.582,-0.000,-0.000,-0.813,0.493,0.416,-25.478,0.387,-33.602,-22.726,-31.648,0.098,0.899,-0.006,-0.019,0.005,-1.142,0.002,0.008,-16.711,-0.001,-21.778,-15.606,-20.527
4.128,-4.225,-0.000,0.578,-0.000,-0.000,-0.816,0.493,0.416,-25.645,0.387,-33.820,-22.882,-31.853,0.108,0.896,-0.009,-0.028,-0.017,-1.144,0.002,0.007,-16.712,-0.000,-21.858,-15.563,-20.511
4.129,-4.216,-0.000,0.573,-0.000,0.000,-0.820,0.493,0.416,-25.812,0.387,-34.039,-23.037,-32.058,0.118,0.894,-0.012,-0.017,-0.020,-1.145,0.002,0.007,-16.722,0.001,-21.927,-15.530,-20.520
4.131,-4.207,-0.001,0.568,-0.000,-0.000,-0.823,0.493,0.416,-25.979,0.387,-34.259,-23.192,-32.264,0.128,0.891,-0.013,0.008,-0.009,-1.147,0.002,0.007,-16.742,0.002,-21.970,-15.499,-20.558
4.132,-4.198,-0.001,0.563,-0.000,-0.000,-0.826,0.493,0.416,-26.147,0.387,-34.479,-23.347,-32.469,0.137,0.889,-0.013,0.038,0.005,-1.154,0.002,0.007,-16.761,0.003,-22.006,-15.451,-20.613
4.133,-4.190,-0.001,0.559,-0.000,-0.000,-0.829,0.493,0.416,-26.314,0.387,-34.699,-23.501,-32.676,0.144,0.885,-0.010,0.058,0.007,-1.168,0.002,0.007,-16.768,0.003,-22.053,-15.361,-20.671
4.135,-4.181,-0.001,0.554,0.000,-0.001,-0.833,0.493,0.416,-26.482,0.387,-34.920,-23.654,-32.883,0.150,0.882,-0.005,0.066,0.001,-1.184,0.002,0.006,-16.763,0.004,-22.107,-15.244,-20.728
4.136,-4.172,-0.001,0.549,0.000,-0.001,-0.836,0.493,0.417,-26.650,0.387,-35.141,-23.806,-33.090,0.157,0.878,-0.001,0.071,-0.005,-1.200,0.001,0.005,-16.770,0.004,-22.154,-15.120,-20.780
4.138,-4.163,-0.001,0.544,0.000,-0.001,-0.839,0.493,0.417,-26.818,0.387,-35.363,-23.956,-33.298,0.164,0.875,0.002,0.072,-0.007,-1.215,0.001,0.002,-16.793,0.005,-22.194,-14.992,-20.826
4.140,-4.154,-0.001,0.539,0.001,-0.001,-0.843,0.493,0.417,-26.986,0.387,-35.585,-24.106,-33.507,0.170,0.872,0.005,0.066,-0.002,-1.236,0.000,0.000,-16.809,0.006,-22.246,-14.855,-20.876
4.141,-4.146,-0.001,0.533,0.001,-0.002,-0.846,0.493,0.417,-27.154,0.387,-35.808,-24.254,-33.716,0.177,0.869,0.006,0.054,0.005,-1.260,-0.000,-0.002,-16.814,0.007,-22.305,-14.711,-20.925
4.143,-4.137,-0.001,0.528,0.001,-0.002,-0.849,0.493,0.417,-27.322,0.387,-36.031,-24.400,-33.925,0.184,0.867,0.008,0.040,0.004,-1.281,-0.000,-0.003,-16.818,0.008,-22.349,-14.576,-20.961
4.145,-4.128,-0.001,0.522,0.001,-0.002,-0.853,0.493,0.416,-27.490,0.387,-36.255,-24.545,-34.135,0.191,0.865,0.009,0.016,-0.001,-1.305,-0.000,-0.004,-16.830,0.007,-22.383,-14.447,-20.993
4.147,-4.120,-0.001,0.517,0.001,-0.002,-0.856,0.493,0.416,-27.659,0.388,-36.479,-24.689,-34.345,0.196,0.864,0.006,-0.039,0.013,-1.351,-0.001,-0.004,-16.878,0.002,-22.475,-14.268,-21.054
4.149,-4.111,-0.000,0.511,0.001,-0.002,-0.860,0.493,0.416,-27.828,0.388,-36.704,-24.831,-34.556,0.204,0.862,0.005,-0.064,0.008,-1.379,-0.001,-0.004,-16.923,-0.002,-22.508,-14.150,-21.090
4.151,-4.102,-0.000,0.505,0.001,-0.001,-0.863,0.493,0.416,-27.997,0.387,-36.929,-24.972,-34.767,0.214,0.860,0.005,-0.071,-0.005,-1.396,-0.002,-0.004,-16.967,-0.004,-22.504,-14.082,-21.110
4.153,-4.094,-0.000,0.499,0.001,-0.001,-0.867,0.493,0.416,-28.167,0.387,-37.154,-25.112,-34.978,0.225,0.858,0.004,-0.067,-0.016,-1.407,-0.001,-0.003,-17.011,-0.005,-22.480,-14.053,-21.125
4.156,-4.085,-0.000,0.493,0.000,-0.001,-0.870,0.493,0.416,-28.337,0.387,-37.378,-25.253,-35.190,0.239,0.856,0.004,-0.045,-0.030,-1.403,-0.001,-0.003,-17.035,-0.004,-22.426,-14.081,-21.132
4.158,-4.077,-0.000,0.487,0.000,-0.001,-0.874,0.217,0.111,-28.508,0.207,-37.599,-25.395,-35.401,0.273,0.849,0.007,0.056,-0.059,-1.273,-48.745,-54.124,-17.191,-33.507,-21.524,-14.426,-21.015
4.161,-4.068,-0.000,0.482,-0.000,-0.002,-0.876,-0.260,-0.405,-28.680,-0.165,-37.807,-25.544,-35.608,0.357,0.812,0.035,0.070,-0.237,-0.828,-35.961,-39.120,-17.168,-32.357,-20.176,-15.496,-20.384
4.165,-4.061,0.000,0.480,-0.002,-0.002,-0.878,-0.358,-0.570,-28.852,-0.259,-38.003,-25.704,-35.807,0.417,0.764,0.073,-0.060,-0.474,-0.428,15.927,5.449,-17.113,15.615,-19.156,-16.278,-19.422
4.169,-4.053,0.001,0.478,-0.004,-0.003,-0.879,-0.021,-0.341,-29.023,0.081,-38.194,-25.868,-36.000,0.418,0.778,0.027,-0.116,-0.183,-0.473,43.145,34.949,-17.128,43.701,-19.120,-16.577,-19.441
4.174,-4.045,0.001,0.476,-0.004,-0.002,-0.880,0.299,-0.031,-29.194,0.413,-38.385,-26.036,-36.195,0.431,0.786,-0.028,-0.124,0.166,-0.422,15.224,20.452,-17.187,18.274,-19.131,-17.022,-19.455
4.178,-4.037,0.000,0.474,-0.003,-0.001,-0.881,0.242,-0.024,-29.367,0.420,-38.577,-26.209,-36.389,0.450,0.788,-0.083,-0.101,0.519,-0.335,-23.598,-17.611,-17.246,-14.999,-19.122,-17.532,-19.424
4.182,-4.029,-0.000,0.472,-0.001,0.001,-0.881,-0.061,-0.272,-29.539,0.181,-38.768,-26.383,-36.584,0.433,0.786,-0.067,-0.163,0.430,-0.432,-29.909,-25.061,-17.196,-27.418,-19.058,-17.280,-19.336
4.187,-4.022,-0.001,0.471,0.000,0.001,-0.882,-0.221,-0.409,-29.710,-0.001,-38.955,-26.556,-36.771,0.475,0.717,0.032,0.239,-0.112,-0.137,-0.297,-0.853,-17.049,-5.811,-18.315,-17.239,-18.114
4.192,-4.015,0.000,0.471,-0.000,-0.001,-0.882,-0.080,-0.293,-29.881,0.081,-39.135,-26.728,-36.948,0.491,0.687,0.074,0.273,-0.341,0.034,24.219,21.196,-17.054,18.588,-17.853,-17.248,-17.327
4.197,-4.008,0.000,0.471,-0.001,-0.002,-0.882,0.146,-0.067,-30.051,0.261,-39.314,-26.901,-37.122,0.483,0.709,0.010,-0.088,-0.060,0.012,16.371,19.572,-17.103,13.325,-17.913,-17.412,-17.456
4.201,-4.001,0.000,0.471,-0.001,-0.001,-0.882,0.181,0.017,-30.223,0.293,-39.494,-27.077,-37.297,0.488,0.718,-0.042,-0.239,0.189,0.050,-8.876,-2.972,-17.176,-6.796,-17.966,-17.630,-17.510
4.206,-3.993,-0.000,0.471,-0.001,0.001,-0.882,0.019,-0.090,-30.395,0.154,-39.673,-27.253,-37.472,0.486,0.714,-0.032,-0.092,0.148,0.040,-19.369,-14.831,-17.273,-17.912,-17.975,-17.692,-17.401
4.211,-3.986,-0.000,0.472,-0.001,0.001,-0.882,-0.116,-0.197,-30.569,0.009,-39.852,-27.431,-37.644,0.500,0.690,-0.005,0.002,-0.006,0.164,-5.487,-4.543,-17.507,-8.762,-17.735,-17.793,-16.932
4.216,-3.980,-0.000,0.473,-0.001,0.001,-0.881,-0.074,-0.163,-30.745,0.010,-40.028,-27.609,-37.810,0.516,0.669,0.008,0.071,-0.072,0.303,12.159,10.351,-17.891,7.808,-17.505,-17.932,-16.451
4.221,-3.973,-0.000,0.474,-0.001,0.000,-0.881,0.065,-0.032,-30.925,0.113,-40.203,-27.789,-37.974,0.510,0.672,0.002,0.043,-0.043,0.306,12.514,13.114,-18.019,9.914,-17.531,-18.013,-16.366
4.226,-3.966,-0.000,0.475,-0.001,-0.000,-0.880,0.122,0.046,-31.104,0.161,-40.378,-27.969,-38.140,0.483,0.697,-0.003,0.010,-0.030,0.134,-1.620,1.606,-17.590,-0.909,-17.566,-17.860,-16.786
4.231,-3.959,-0.000,0.475,-0.001,-0.000,-0.880,0.047,0.003,-31.278,0.099,-40.554,-28.147,-38.309,0.470,0.713,-0.008,0.046,-0.005,0.028,-11.274,-8.385,-17.245,-9.766,-17.603,-17.747,-17.154
4.236,-3.952,-0.000,0.475,-0.001,-0.001,-0.880,-0.048,-0.073,-31.450,0.008,-40.730,-28.324,-38.481,0.477,0.709,-0.012,0.098,0.015,0.065,-5.897,-5.075,-17.315,-6.866,-17.602,-17.800,-17.188
4.241,-3.945,-0.001,0.476,-0.000,-0.001,-0.880,-0.048,-0.076,-31.624,-0.011,-40.905,-28.503,-38.653,0.484,0.703,-0.011,0.072,-0.007,0.111,5.312,4.197,-17.523,2.921,-17.402,-17.860,-17.151
4.246,-3.938,-0.001,0.476,-0.000,-0.001,-0.879,0.029,-0.008,-31.800,0.045,-41.079,-28.681,-38.825,0.478,0.707,-0.010,0.026,-0.018,0.079,8.125,7.748,-17.561,6.486,-17.331,-17.830,-17.274
4.250,-3.931,-0.001,0.476,-0.000,-0.001,-0.879,0.077,0.046,-31.975,0.086,-41.253,-28.859,-38.999,0.463,0.717,-0.009,-0.011,-0.020,-0.012,0.920,2.255,-17.344,1.204,-17.494,-17.681,-17.527
4.255,-3.924,-0.001,0.476,-0.001,-0.001,-0.879,0.047,0.031,-32.147,0.065,-41.429,-29.035,-39.175,0.455,0.723,-0.009,-0.009,-0.006,-0.068,-5.937,-4.346,-17.155,-4.809,-17.708,-17.565,-17.721
4.259,-3.916,-0.001,0.476,-0.001,-0.001,-0.879,-0.011,-0.015,-32.319,0.013,-41.607,-29.211,-39.353,0.459,0.720,-0.009,0.013,0.017,-0.052,-4.443,-3.903,-17.191,-4.480,-17.779,-17.582,-17.770
4.264,-3.909,-0.001,0.476,-0.000,-0.001,-0.880,-0.024,-0.029,-32.491,-0.007,-41.784,-29.387,-39.530,0.467,0.715,-0.008,0.012,0.029,-0.008,1.813,1.170,-17.361,0.651,-17.682,-17.670,-17.738
4.269,-3.902,-0.001,0.476,-0.000,-0.001,-0.880,0.014,0.001,-32.665,0.019,-41.960,-29.564,-39.708,0.467,0.715,-0.005,-0.007,0.034,-0.004,4.677,4.139,-17.454,3.679,-17.653,-17.687,-17.759
4.273,-3.895,-0.001,0.476,-0.000,-0.001,-0.880,0.047,0.035,-32.840,0.048,-42.137,-29.740,-39.886,0.460,0.719,-0.002,-0.025,0.036,-0.046,1.550,1.975,-17.421,1.575,-17.757,-17.594,-17.855
4.278,-3.888,-0.001,0.475,-0.000,-0.001,-0.880,0.040,0.034,-33.014,0.045,-42.316,-29.916,-40.065,0.455,0.723,0.001,-0.029,0.036,-0.084,-2.624,-1.795,-17.386,-1.943,-17.860,-17.485,-17.941
4.282,-3.880,-0.001,0.475,0.000,-0.001,-0.880,0.009,0.009,-33.188,0.019,-42.494,-30.090,-40.244,0.457,0.722,0.005,-0.021,0.033,-0.078,-2.906,-2.556,-17.435,-2.656,-17.855,-17.458,-17.945
4.287,-3.873,-0.001,0.475,0.000,-0.000,-0.880,-0.006,-0.006,-33.363,0.002,-42.672,-30.265,-40.424,0.464,0.718,0.008,-0.012,0.028,-0.043,0.096,-0.344,-17.531,-0.380,-17.775,-17.495,-17.884
4.292,-3.866,-0.001,0.475,0.000,-0.000,-0.880,0.008,0.003,-33.538,0.011,-42.850,-30.440,-40.602,0.468,0.717,0.010,-0.011,0.021,-0.022,2.301,1.803,-17.597,1.713,-17.715,-17.511,-17.837
4.296,-3.859,-0.001,0.475,0.000,-0.000,-0.880,0.028,0.021,-33.714,0.028,-43.027,-30.615,-40.781,0.466,0.719,0.011,-0.013,0.013,-0.037,1.387,1.409,-17.609,1.310,-17.706,-17.457,-17.853
4.301,-3.852,-0.001,0.474,0.000,-0.000,-0.880,0.031,0.026,-33.891,0.032,-43.204,-30.789,-40.959,0.463,0.723,0.011,-0.012,0.004,-0.062,-0.740,-0.344,-17.608,-0.378,-17.710,-17.372,-17.898
4.306,-3.844,-0.001,0.474,0.000,-0.000,-0.880,0.018,0.017,-34.067,0.023,-43.381,-30.962,-41.138,0.463,0.724,0.011,-0.002,-0.007,-0.071,-1.557,-1.248,-17.620,-1.299,-17.690,-17.322,-17.923
4.310,-3.837,-0.000,0.474,0.000,-0.000,-0.881,0.007,0.007,-34.243,0.012,-43.558,-31.136,-41.318,0.466,0.724,0.009,0.008,-0.016,-0.059,-0.480,-0.546,-17.638,-0.591,-17.656,-17.327,-17.918
4.315,-3.830,-0.000,0.474,0.000,-0.000,-0.881,0.009,0.007,-34.419,0.012,-43.734,-31.309,-41.497,0.470,0.724,0.007,0.008,-0.019,-0.045,0.775,0.531,-17.657,0.477,-17.632,-17.354,-17.912
4.320,-3.823,-0.000,0.473,0.000,-0.000,-0.881,0.019,0.015,-34.596,0.019,-43.910,-31.483,-41.676,0.471,0.725,0.003,-0.003,-0.014,-0.044,0.842,0.772,-17.677,0.672,-17.630,-17.373,-17.927
4.324,-3.815,-0.000,0.473,0.000,-0.000,-0.881,0.023,0.020,-34.773,0.023,-44.087,-31.657,-41.855,0.471,0.727,-0.001,-0.016,-0.006,-0.053,0.095,0.237,-17.694,0.191,-17.649,-17.384,-17.961
4.329,-3.808,-0.000,0.473,-0.000,-0.000,-0.881,0.021,0.019,-34.950,0.022,-44.263,-31.830,-42.035,0.471,0.728,-0.005,-0.028,0.003,-0.059,-0.533,-0.340,-17.717,-0.390,-17.673,-17.409,-17.990
4.334,-3.801,-0.000,0.473,-0.000,0.000,-0.881,0.015,0.015,-35.127,0.018,-44.440,-32.005,-42.215,0.472,0.729,-0.008,-0.039,0.015,-0.057,-0.408,-0.320,-17.748,-0.385,-17.703,-17.458,-18.000
4.339,-3.794,-0.001,0.472,-0.000,0.000,-0.881,0.013,0.013,-35.305,0.015,-44.618,-32.180,-42.395,0.474,0.728,-0.009,-0.050,0.027,-0.051,-0.013,-0.078,-17.786,-0.108,-17.737,-17.522,-17.989
4.343,-3.786,-0.001,0.472,-0.000,0.001,-0.882,0.015,0.014,-35.483,0.016,-44.795,-32.355,-42.575,0.475,0.728,-0.008,-0.054,0.032,-0.048,0.231,0.146,-17.821,0.109,-17.773,-17.583,-17.960
4.348,-3.779,-0.001,0.472,-0.000,0.001,-0.882,0.017,0.015,-35.661,0.017,-44.973,-32.531,-42.754,0.476,0.727,-0.005,-0.047,0.030,-0.047,0.153,0.135,-17.846,0.076,-17.810,-17.633,-17.920
4.353,-3.772,-0.001,0.472,-0.000,0.001,-0.882,0.018,0.016,-35.840,0.017,-45.151,-32.708,-42.933,0.476,0.727,-0.003,-0.037,0.026,-0.048,0.033,0.055,-17.858,0.023,-17.848,-17.674,-17.872
4.358,-3.764,-0.001,0.472,-0.000,0.001,-0.882,0.018,0.017,-36.019,0.017,-45.330,-32.885,-43.112,0.476,0.727,-0.001,-0.026,0.021,-0.049,-0.021,0.019,-17.857,0.001,-17.884,-17.708,-17.821
4.362,-3.757,-0.001,0.471,0.000,0.001,-0.882,0.017,0.017,-36.197,0.017,-45.509,-33.062,-43.290,0.476,0.726,0.001,-0.013,0.014,-0.050,-0.032,0.006,-17.844,-0.006,-17.917,-17.738,-17.768
4.367,-3.750,-0.001,0.471,0.000,0.001,-0.882,0.017,0.017,-36.375,0.017,-45.688,-33.239,-43.467,0.476,0.726,0.003,0.002,0.005,-0.050,-0.025,0.003,-17.819,-0.007,-17.945,-17.760,-17.719
4.372,-3.743,-0.001,0.471,0.000,0.001,-0.882,0.017,0.017,-36.553,0.017,-45.868,-33.417,-43.644,0.476,0.725,0.004,0.018,-0.005,-0.049,-0.013,0.004,-17.784,-0.006,-17.967,-17.777,-17.679
4.377,-3.735,-0.001,0.471,0.000,0.001,-0.882,0.017,0.017,-36.731,0.017,-46.048,-33.595,-43.821,0.476,0.725,0.005,0.033,-0.017,-0.049,-0.003,0.005,-17.742,-0.005,-17.986,-17.790,-17.652
4.381,-3.728,-0.001,0.470,0.000,0.001,-0.882,0.017,0.017,-36.908,0.017,-46.228,-33.773,-43.997,0.477,0.725,0.005,0.046,-0.028,-0.049,0.002,0.005,-17.695,-0.004,-18.001,-17.799,-17.641
4.386,-3.721,-0.001,0.470,0.000,0.001,-0.883,0.017,0.017,-37.085,0.017,-46.408,-33.951,-44.174,0.478,0.725,0.004,0.056,-0.038,-0.048,0.003,0.005,-17.647,-0.003,-18.014,-17.806,-17.649
4.391,-3.714,-0.001,0.470,-0.000,0.000,-0.883,0.017,0.017,-37.261,0.017,-46.588,-34.129,-44.350,0.478,0.725,0.002,0.062,-0.045,-0.048,0.003,0.005,-17.601,-0.002,-18.026,-17.814,-17.675
4.396,-3.706,-0.000,0.470,-0.000,0.000,-0.883,0.017,0.017,-37.437,0.017,-46.768,-34.307,-44.527,0.479,0.726,-0.000,0.064,-0.048,-0.048,0.001,0.004,-17.561,-0.001,-18.038,-17.823,-17.718
4.401,-3.699,-0.001,0.470,-0.000,-0.000,-0.883,0.017,0.017,-37.612,0.017,-46.949,-34.486,-44.705,0.479,0.726,-0.003,0.062,-0.048,-0.048,0.001,0.003,-17.530,-0.001,-18.051,-17.834,-17.775
4.405,-3.692,-0.001,0.469,-0.000,-0.001,-0.883,0.017,0.017,-37.788,0.017,-47.129,-34.664,-44.883,0.480,0.726,-0.006,0.055,-0.043,-0.048,0.000,0.002,-17.509,0.000,-18.065,-17.848,-17.843
4.410,-3.685,-0.001,0.469,-0.000,-0.001,-0.883,0.017,0.017,-37.963,0.017,-47.310,-34.843,-45.061,0.480,0.726,-0.008,0.045,-0.035,-0.048,-0.000,0.001,-17.501,0.001,-18.081,-17.863,-17.916
4.415,-3.677,-0.001,0.469,-0.000,-0.001,-0.883,0.017,0.017,-38.138,0.017,-47.491,-35.021,-45.241,0.481,0.726,-0.010,0.033,-0.024,-0.048,-0.000,0.000,-17.505,0.001,-18.098,-17.879,-17.989
4.420,-3.670,-0.001,0.469,-0.000,-0.001,-0.883,0.017,0.017,-38.313,0.017,-47.672,-35.200,-45.421,0.481,0.726,-0.010,0.018,-0.011,-0.048,-0.000,-0.001,-17.520,0.002,-18.115,-17.894,-18.058
4.425,-3.663,-0.001,0.469,-0.000,-0.002,-0.883,0.017,0.017,-38.488,0.017,-47.853,-35.379,-45.602,0.481,0.726,-0.009,0.003,0.002,-0.048,-0.000,-0.002,-17.547,0.002,-18.130,-17.905,-18.118
4.429,-3.656,-0.001,0.468,-0.000,-0.001,-0.884,0.017,0.017,-38.664,0.017,-48.034,-35.558,-45.784,0.482,0.725,-0.007,-0.011,0.013,-0.049,-0.000,-0.003,-17.582,0.002,-18.141,-17.911,-18.166
4.434,-3.648,-0.001,0.468,-0.000,-0.001,-0.884,0.017,0.017,-38.840,0.017,-48.216,-35.737,-45.965,0.482,0.725,-0.005,-0.023,0.023,-0.049,-0.000,-0.003,-17.625,0.002,-18.146,-17.909,-18.199
4.439,-3.641,-0.001,0.468,-0.000,-0.001,-0.884,0.017,0.017,-39.016,0.017,-48.397,-35.916,-46.147,0.482,0.724,-0.002,-0.031,0.030,-0.049,-0.000,-0.004,-17.671,0.002,-18.143,-17.900,-18.219
4.444,-3.634,-0.001,0.468,-0.000,-0.001,-0.884,0.017,0.017,-39.193,0.017,-48.579,-36.095,-46.330,0.482,0.724,0.001,-0.035,0.033,-0.050,-0.000,-0.004,-17.719,0.002,-18.133,-17.881,-18.226
4.449,-3.627,-0.001,0.467,-0.000,-0.001,-0.884,0.017,0.017,-39.371,0.017,-48.760,-36.274,-46.512,0.483,0.724,0.004,-0.035,0.033,-0.050,-0.000,-0.004,-17.765,0.002,-18.113,-17.854,-18.223
4.453,-3.619,-0.001,0.467,0.000,-0.000,-0.884,0.017,0.017,-39.548,0.017,-48.941,-36.452,-46.694,0.483,0.724,0.007,-0.031,0.030,-0.050,-0.000,-0.004,-17.807,0.002,-18.085,-17.820,-18.212
4.458,-3.612,-0.001,0.467,0.000,-0.000,-0.884,0.017,0.017,-39.727,0.017,-49.122,-36.630,-46.876,0.484,0.724,0.009,-0.025,0.024,-0.051,0.000,-0.003,-17.842,0.002,-18.050,-17.780,-18.198
4.463,-3.605,-0.001,0.467,0.000,-0.000,-0.884,0.017,0.017,-39.905,0.017,-49.302,-36.808,-47.058,0.485,0.724,0.011,-0.017,0.016,-0.051,0.000,-0.003,-17.869,0.002,-18.011,-17.738,-18.184
4.468,-3.598,-0.001,0.467,0.000,-0.000,-0.884,0.017,0.017,-40.084,0.017,-49.482,-36.985,-47.240,0.485,0.724,0.011,-0.009,0.008,-0.051,0.000,-0.002,-17.889,0.002,-17.971,-17.697,-18.172
4.473,-3.590,-0.001,0.466,0.000,-0.000,-0.885,0.017,0.017,-40.263,0.017,-49.661,-37.162,-47.422,0.486,0.725,0.011,-0.003,0.001,-0.051,0.000,-0.002,-17.904,0.001,-17.933,-17.661,-18.166
4.478,-3.583,-0.001,0.466,0.000,-0.000,-0.885,0.017,0.017,-40.442,0.017,-49.841,-37.338,-47.603,0.487,0.725,0.009,0.002,-0.005,-0.051,0.000,-0.001,-17.915,0.001,-17.903,-17.634,-18.166
4.483,-3.576,-0.000,0.466,0.000,-0.000,-0.885,0.017,0.017,-40.621,0.017,-50.019,-37.515,-47.785,0.488,0.726,0.007,0.003,-0.008,-0.051,0.000,-0.000,-17.924,0.000,-17.882,-17.617,-18.171
4.488,-3.569,-0.000,0.466,0.000,-0.000,-0.885,0.017,0.017,-40.801,0.017,-50.198,-37.691,-47.967,0.489,0.727,0.003,0.001,-0.007,-0.051,-0.000,0.000,-17.935,-0.000,-17.872,-17.614,-18.180
4.492,-3.561,-0.000,0.465,0.000,-0.000,-0.885,0.017,0.017,-40.980,0.017,-50.377,-37.867,-48.149,0.490,0.728,-0.000,-0.005,-0.004,-0.051,-0.000,0.001,-17.947,-0.001,-17.875,-17.624,-18.191
4.497,-3.554,-0.000,0.465,0.000,-0.000,-0.885,0.017,0.017,-41.160,0.017,-50.556,-38.043,-48.330,0.491,0.728,-0.004,-0.015,0.004,-0.051,-0.000,0.001,-17.964,-0.002,-17.892,-17.647,-18.200
4.502,-3.547,-0.000,0.465,0.000,0.000,-0.885,0.017,0.017,-41.339,0.017,-50.735,-38.220,-48.513,0.492,0.729,-0.007,-0.028,0.015,-0.051,-0.000,0.002,-17.984,-0.003,-17.920,-17.681,-18.203
4.507,-3.540,-0.001,0.465,0.000,0.000,-0.885,0.017,0.017,-41.519,0.017,-50.914,-38.397,-48.695,0.493,0.729,-0.008,-0.044,0.027,-0.051,-0.000,0.002,-18.009,-0.004,-17.956,-17.723,-18.195
4.512,-3.532,-0.001,0.465,0.000,0.001,-0.886,0.017,0.017,-41.700,0.017,-51.094,-38.574,-48.876,0.493,0.729,-0.008,-0.051,0.034,-0.051,-0.000,0.003,-18.033,-0.005,-17.995,-17.766,-18.169
4.517,-3.525,-0.001,0.464,0.000,0.001,-0.886,0.017,0.017,-41.880,0.017,-51.274,-38.752,-49.058,0.493,0.728,-0.006,-0.048,0.032,-0.051,-0.001,0.003,-18.051,-0.005,-18.030,-17.805,-18.124
4.522,-3.518,-0.001,0.464,0.000,0.001,-0.886,0.017,0.017,-42.061,0.017,-51.454,-38.930,-49.239,0.493,0.727,-0.003,-0.040,0.028,-0.051,-0.000,0.003,-18.059,-0.005,-18.062,-17.841,-18.067
4.527,-3.510,-0.001,0.464,0.000,0.001,-0.886,0.017,0.017,-42.241,0.017,-51.635,-39.109,-49.419,0.493,0.726,-0.002,-0.031,0.022,-0.051,-0.000,0.003,-18.056,-0.005,-18.092,-17.872,-18.005
4.532,-3.503,-0.001,0.464,0.000,0.001,-0.886,0.017,0.017,-42.422,0.017,-51.816,-39.288,-49.599,0.493,0.725,0.000,-0.018,0.014,-0.051,-0.000,0.003,-18.040,-0.005,-18.117,-17.898,-17.943
4.537,-3.496,-0.001,0.463,0.000,0.002,-0.886,0.017,0.017,-42.602,0.017,-51.998,-39.467,-49.778,0.493,0.724,0.002,-0.003,0.003,-0.050,0.000,0.004,-18.012,-0.005,-18.137,-17.919,-17.886
4.542,-3.489,-0.001,0.463,0.000,0.002,-0.886,0.017,0.017,-42.782,0.017,-52.179,-39.646,-49.957,0.493,0.724,0.004,0.014,-0.009,-0.050,0.000,0.004,-17.973,-0.004,-18.151,-17.934,-17.839
4.547,-3.481,-0.001,0.463,0.000,0.001,-0.886,0.017,0.017,-42.961,0.017,-52.361,-39.826,-50.135,0.494,0.723,0.005,0.030,-0.022,-0.050,0.000,0.004,-17.926,-0.003,-18.162,-17.944,-17.807
4.552,-3.474,-0.001,0.463,0.000,0.001,-0.886,0.017,0.017,-43.140,0.017,-52.542,-40.005,-50.313,0.494,0.723,0.005,0.045,-0.034,-0.049,0.001,0.004,-17.872,-0.002,-18.170,-17.951,-17.792
4.556,-3.467,-0.001,0.463,0.000,0.001,-0.887,0.017,0.017,-43.319,0.017,-52.724,-40.185,-50.491,0.494,0.723,0.004,0.058,-0.044,-0.049,0.001,0.004,-17.817,-0.002,-18.175,-17.956,-17.798
4.561,-3.460,-0.001,0.462,-0.000,0.000,-0.887,0.017,0.017,-43.497,0.017,-52.906,-40.364,-50.669,0.495,0.723,0.002,0.066,-0.051,-0.049,0.001,0.004,-17.763,-0.001,-18.180,-17.961,-17.822
4.566,-3.453,-0.001,0.462,-0.000,0.000,-0.887,0.017,0.017,-43.674,0.017,-53.088,-40.544,-50.847,0.495,0.723,0.000,0.069,-0.053,-0.048,0.001,0.004,-17.714,-0.000,-18.186,-17.967,-17.864
4.571,-3.445,-0.001,0.462,-0.000,-0.000,-0.887,0.017,0.017,-43.851,0.017,-53.269,-40.724,-51.026,0.496,0.723,-0.003,0.068,-0.052,-0.048,0.000,0.003,-17.674,0.001,-18.193,-17.975,-17.921
4.576,-3.438,-0.001,0.462,-0.000,-0.001,-0.887,0.017,0.017,-44.028,0.017,-53.451,-40.903,-51.206,0.496,0.723,-0.006,0.061,-0.046,-0.048,0.000,0.002,-17.644,0.001,-18.203,-17.985,-17.988
4.581,-3.431,-0.001,0.461,-0.000,-0.001,-0.887,0.017,0.017,-44.204,0.017,-53.634,-41.083,-51.386,0.497,0.723,-0.008,0.051,-0.037,-0.048,0.000,0.001,-17.626,0.002,-18.214,-17.996,-18.061
4.586,-3.424,-0.001,0.461,-0.000,-0.001,-0.887,0.017,0.017,-44.380,0.017,-53.816,-41.263,-51.567,0.497,0.723,-0.009,0.036,-0.025,-0.048,0.000,-0.001,-17.622,0.003,-18.227,-18.008,-18.133
4.591,-3.416,-0.001,0.461,-0.000,-0.002,-0.887,0.017,0.017,-44.556,0.017,-53.998,-41.443,-51.749,0.497,0.722,-0.009,0.019,-0.012,-0.048,-0.000,-0.002,-17.631,0.003,-18.240,-18.019,-18.200
4.596,-3.409,-0.001,0.461,-0.000,-0.002,-0.887,0.017,0.017,-44.733,0.017,-54.181,-41.624,-51.931,0.497,0.722,-0.008,0.001,0.001,-0.049,-0.000,-0.003,-17.651,0.003,-18.251,-18.027,-18.256
4.601,-3.402,-0.001,0.461,-0.000,-0.002,-0.888,0.017,0.017,-44.909,0.017,-54.363,-41.804,-52.114,0.497,0.721,-0.007,-0.015,0.013,-0.049,-0.000,-0.004,-17.682,0.003,-18.257,-18.030,-18.300
4.606,-3.395,-0.001,0.460,-0.000,-0.001,-0.888,0.017,0.017,-45.086,0.017,-54.546,-41.984,-52.297,0.498,0.721,-0.005,-0.029,0.022,-0.049,-0.000,-0.004,-17.721,0.003,-18.257,-18.026,-18.329
4.611,-3.388,-0.001,0.460,-0.000,-0.001,-0.888,0.017,0.017,-45.264,0.017,-54.728,-42.164,-52.480,0.498,0.720,-0.002,-0.038,0.029,-0.050,-0.000,-0.005,-17.765,0.003,-18.249,-18.015,-18.344
4.616,-3.380,-0.001,0.460,-0.000,-0.001,-0.888,0.017,0.017,-45.442,0.017,-54.911,-42.345,-52.664,0.498,0.720,0.001,-0.042,0.033,-0.050,-0.000,-0.005,-17.811,0.003,-18.232,-17.996,-18.346
4.621,-3.373,-0.001,0.460,-0.000,-0.001,-0.888,0.017,0.017,-45.620,0.017,-55.093,-42.524,-52.847,0.498,0.719,0.004,-0.042,0.033,-0.051,-0.000,-0.005,-17.856,0.003,-18.206,-17.968,-18.337
4.626,-3.366,-0.001,0.459,-0.000,-0.000,-0.888,0.017,0.017,-45.799,0.017,-55.275,-42.704,-53.030,0.499,0.719,0.007,-0.037,0.030,-0.051,-0.000,-0.004,-17.897,0.003,-18.172,-17.933,-18.321
4.631,-3.359,-0.001,0.459,-0.000,-0.000,-0.888,0.017,0.017,-45.978,0.017,-55.456,-42.883,-53.214,0.499,0.719,0.009,-0.029,0.024,-0.051,-0.000,-0.004,-17.932,0.002,-18.131,-17.891,-18.302
4.636,-3.352,-0.001,0.459,-0.000,-0.000,-0.888,-0.249,-0.178,-46.158,-0.195,-55.634,-43.061,-53.395,0.502,0.703,0.022,0.073,-0.063,0.018,-42.430,-32.096,-18.022,-36.131,-17.398,-17.716,-17.895
4.641,-3.345,-0.000,0.460,-0.001,-0.001,-0.888,-0.569,-0.441,-46.338,-0.505,-55.803,-43.238,-53.568,0.539,0.646,0.047,0.138,-0.230,0.382,-17.043,-16.775,-18.068,-20.092,-16.519,-17.898,-16.723
4.647,-3.339,0.000,0.463,-0.002,-0.002,-0.887,-0.595,-0.506,-46.518,-0.555,-55.966,-43.418,-53.729,0.570,0.590,0.064,0.088,-0.331,0.752,10.996,3.535,-17.762,10.597,-16.048,-18.097,-15.429
4.653,-3.333,0.001,0.466,-0.003,-0.003,-0.885,-0.396,-0.396,-46.694,-0.335,-56.125,-43.600,-53.879,0.580,0.577,0.039,0.067,-0.184,0.894,25.002,16.130,-17.503,29.036,-15.825,-18.259,-14.784
4.658,-3.327,0.001,0.470,-0.003,-0.004,-0.883,-0.195,-0.250,-46.868,-0.096,-56.282,-43.783,-54.027,0.567,0.597,0.001,-0.001,0.061,0.821,11.484,10.064,-17.283,14.595,-15.545,-18.235,-14.806
4.664,-3.321,0.001,0.473,-0.003,-0.003,-0.881,-0.214,-0.244,-47.039,-0.094,-56.436,-43.964,-54.176,0.533,0.627,-0.013,-0.161,0.181,0.602,-13.610,-8.072,-17.074,-12.784,-15.168,-17.893,-14.980
4.669,-3.315,0.001,0.476,-0.002,-0.002,-0.880,-0.396,-0.365,-47.209,-0.294,-56.586,-44.142,-54.326,0.523,0.631,-0.030,-0.130,0.238,0.561,-17.390,-12.380,-16.853,-21.699,-14.917,-17.714,-15.042
4.674,-3.308,0.000,0.479,-0.001,-0.001,-0.878,-0.496,-0.443,-47.376,-0.445,-56.734,-44.319,-54.475,0.537,0.600,-0.032,-0.063,0.167,0.749,-2.599,-2.970,-16.616,-7.616,-14.753,-17.738,-14.595
4.680,-3.303,-0.000,0.482,-0.001,-0.000,-0.876,-0.449,-0.421,-47.542,-0.432,-56.882,-44.496,-54.618,0.542,0.577,-0.030,-0.074,0.123,0.888,10.579,6.662,-16.392,9.011,-14.744,-17.746,-14.065
4.685,-3.297,-0.000,0.486,-0.001,0.000,-0.874,-0.328,-0.336,-47.706,-0.314,-57.029,-44.673,-54.757,0.527,0.573,-0.025,-0.084,0.077,0.856,11.245,8.692,-16.507,11.789,-14.618,-17.515,-13.788
4.690,-3.291,-0.000,0.490,-0.000,0.001,-0.872,-0.270,-0.281,-47.873,-0.250,-57.173,-44.846,-54.894,0.502,0.575,-0.017,-0.058,0.021,0.758,-0.275,1.481,-16.878,0.066,-14.290,-17.141,-13.671
4.695,-3.285,-0.001,0.493,-0.001,0.001,-0.870,-0.327,-0.308,-48.043,-0.312,-57.314,-45.016,-55.030,0.488,0.571,-0.011,-0.027,-0.006,0.736,-9.521,-5.729,-17.182,-10.942,-13.943,-16.900,-13.479
4.700,-3.280,-0.001,0.496,-0.001,0.001,-0.868,-0.408,-0.361,-48.216,-0.412,-57.453,-45.184,-55.163,0.488,0.555,-0.005,0.004,-0.019,0.810,-5.021,-3.661,-17.358,-7.244,-13.737,-16.791,-13.049
4.705,-3.274,-0.001,0.500,-0.001,0.001,-0.866,-0.421,-0.374,-48.390,-0.445,-57.589,-45.352,-55.291,0.487,0.540,-0.001,0.013,-0.020,0.884,2.097,0.991,-17.428,0.524,-13.598,-16.706,-12.594
4.710,-3.269,-0.001,0.504,-0.001,0.001,-0.864,-0.378,-0.347,-48.564,-0.410,-57.725,-45.518,-55.415,0.480,0.533,0.001,-0.010,-0.017,0.911,5.519,3.803,-17.418,5.283,-13.471,-16.598,-12.286
4.715,-3.264,-0.001,0.508,-0.001,0.001,-0.862,-0.333,-0.313,-48.738,-0.365,-57.859,-45.684,-55.537,0.468,0.536,0.004,-0.035,-0.016,0.887,2.696,2.429,-17.293,2.969,-13.332,-16.474,-12.174
4.719,-3.258,-0.001,0.511,-0.001,0.001,-0.859,-0.332,-0.306,-48.910,-0.363,-57.991,-45.848,-55.659,0.455,0.541,0.005,-0.028,-0.009,0.851,-2.295,-0.987,-17.101,-2.445,-13.219,-16.352,-12.143
4.724,-3.253,-0.001,0.515,-0.001,0.001,-0.857,-0.361,-0.322,-49.080,-0.394,-58.123,-46.011,-55.780,0.448,0.540,0.005,0.001,-0.001,0.847,-2.673,-1.677,-16.953,-3.101,-13.116,-16.245,-12.033
4.728,-3.247,-0.001,0.519,-0.001,0.001,-0.855,-0.376,-0.333,-49.249,-0.412,-58.254,-46.173,-55.899,0.443,0.537,0.005,0.023,0.000,0.862,-0.414,-0.473,-16.849,-0.740,-13.004,-16.144,-11.856
4.732,-3.242,-0.001,0.522,-0.001,0.001,-0.853,-0.373,-0.333,-49.417,-0.413,-58.383,-46.334,-56.017,0.437,0.534,0.006,0.031,-0.003,0.876,0.719,0.384,-16.747,0.377,-12.891,-16.040,-11.682
4.737,-3.237,-0.000,0.526,-0.001,0.001,-0.850,-0.365,-0.327,-49.584,-0.407,-58.512,-46.494,-56.133,0.430,0.533,0.006,0.029,-0.008,0.877,0.860,0.622,-16.619,0.666,-12.788,-15.931,-11.554
4.741,-3.231,-0.000,0.530,-0.001,0.001,-0.848,-0.358,-0.321,-49.749,-0.401,-58.639,-46.652,-56.248,0.422,0.534,0.006,0.024,-0.011,0.869,0.518,0.470,-16.466,0.567,-12.697,-15.817,-11.471
4.745,-3.226,-0.000,0.533,-0.001,0.001,-0.846,-0.354,-0.318,-49.913,-0.396,-58.765,-46.810,-56.363,0.414,0.536,0.004,0.028,-0.004,0.860,0.173,0.242,-16.328,0.412,-12.585,-15.717,-11.412
4.749,-3.221,-0.000,0.537,-0.001,0.000,-0.844,-0.354,-0.316,-50.076,-0.393,-58.891,-46.967,-56.477,0.407,0.538,0.001,0.030,0.003,0.850,-0.024,0.088,-16.199,0.281,-12.471,-15.622,-11.368
4.753,-3.215,-0.000,0.541,-0.001,0.000,-0.841,-0.354,-0.316,-50.237,-0.390,-59.015,-47.122,-56.590,0.399,0.539,-0.002,0.030,0.011,0.841,-0.085,0.023,-16.085,0.190,-12.363,-15.530,-11.329
4.757,-3.210,-0.000,0.544,-0.001,0.000,-0.839,-0.355,-0.316,-50.397,-0.389,-59.138,-47.277,-56.703,0.391,0.540,-0.003,0.013,0.005,0.826,-0.074,0.004,-15.948,0.133,-12.334,-15.419,-11.292
4.761,-3.204,-0.000,0.548,-0.001,0.000,-0.837,-0.356,-0.316,-50.556,-0.388,-59.261,-47.431,-56.816,0.383,0.541,-0.005,0.001,0.004,0.813,-0.045,-0.000,-15.830,0.093,-12.309,-15.314,-11.256
4.765,-3.199,-0.000,0.551,-0.000,0.000,-0.835,-0.356,-0.316,-50.714,-0.387,-59.384,-47.584,-56.928,0.376,0.542,-0.007,-0.003,0.009,0.802,-0.021,-0.000,-15.733,0.066,-12.280,-15.220,-11.221
4.769,-3.194,-0.001,0.554,-0.000,0.000,-0.832,-0.356,-0.316,-50.871,-0.386,-59.507,-47.735,-57.040,0.369,0.542,-0.008,-0.002,0.016,0.793,-0.005,0.001,-15.651,0.047,-12.254,-15.132,-11.186
4.772,-3.188,-0.001,0.557,-0.000,0.000,-0.830,-0.356,-0.316,-51.027,-0.386,-59.629,-47.886,-57.152,0.362,0.542,-0.010,0.001,0.022,0.785,0.002,0.002,-15.583,0.033,-12.219,-15.050,-11.149
4.776,-3.183,-0.001,0.561,-0.000,0.000,-0.828,-0.356,-0.316,-51.183,-0.386,-59.751,-48.036,-57.263,0.355,0.542,-0.010,0.004,0.027,0.778,0.004,0.003,-15.524,0.022,-12.179,-14.968,-11.112
4.779,-3.177,-0.001,0.564,-0.000,0.000,-0.826,-0.356,-0.316,-51.338,-0.385,-59.873,-48.186,-57.374,0.349,0.542,-0.009,0.006,0.028,0.770,0.004,0.004,-15.468,0.015,-12.137,-14.883,-11.075
4.783,-3.172,-0.001,0.567,0.000,0.001,-0.824,-0.356,-0.316,-51.492,-0.385,-59.994,-48.334,-57.485,0.342,0.542,-0.007,0.008,0.027,0.763,0.003,0.004,-15.413,0.011,-12.092,-14.795,-11.037
4.786,-3.167,-0.001,0.570,0.000,0.001,-0.822,-0.356,-0.316,-51.646,-0.385,-60.115,-48.481,-57.595,0.336,0.541,-0.005,0.011,0.025,0.757,0.002,0.005,-15.359,0.008,-12.045,-14.704,-10.998
4.790,-3.161,-0.001,0.573,0.000,0.001,-0.819,-0.356,-0.315,-51.799,-0.385,-60.235,-48.628,-57.705,0.330,0.541,-0.004,0.016,0.022,0.751,0.002,0.004,-15.306,0.006,-11.997,-14.611,-10.958
4.793,-3.156,-0.001,0.576,0.000,0.001,-0.817,-0.356,-0.315,-51.952,-0.385,-60.355,-48.774,-57.814,0.324,0.540,-0.002,0.023,0.021,0.746,0.001,0.003,-15.251,0.005,-11.948,-14.516,-10.917
4.796,-3.150,-0.001,0.579,0.001,0.000,-0.815,-0.356,-0.315,-52.104,-0.385,-60.474,-48.918,-57.923,0.318,0.540,-0.001,0.031,0.019,0.742,0.001,0.002,-15.195,0.004,-11.900,-14.419,-10.877
4.799,-3.145,-0.001,0.582,0.001,0.000,-0.813,-0.356,-0.315,-52.256,-0.385,-60.593,-49.062,-58.032,0.313,0.540,0.001,0.038,0.018,0.738,0.001,0.001,-15.136,0.003,-11.851,-14.321,-10.836
4.802,-3.140,-0.001,0.585,0.001,0.000,-0.811,-0.356,-0.315,-52.407,-0.385,-60.711,-49.205,-58.140,0.307,0.539,0.002,0.042,0.016,0.735,0.000,0.000,-15.074,0.003,-11.803,-14.222,-10.797
4.805,-3.134,-0.001,0.588,0.001,0.000,-0.809,-0.356,-0.315,-52.557,-0.385,-60.829,-49.346,-58.248,0.302,0.539,0.003,0.043,0.013,0.731,0.000,-0.000,-15.009,0.003,-11.754,-14.123,-10.757
4.808,-3.129,-0.001,0.591,0.001,-0.000,-0.806,-0.356,-0.315,-52.707,-0.385,-60.946,-49.487,-58.355,0.297,0.539,0.004,0.041,0.010,0.729,0.000,-0.001,-14.941,0.002,-11.704,-14.027,-10.718
4.811,-3.123,-0.001,0.594,0.001,-0.000,-0.804,-0.356,-0.315,-52.856,-0.385,-61.063,-49.627,-58.462,0.292,0.539,0.005,0.036,0.006,0.726,0.000,-0.001,-14.872,0.002,-11.654,-13.933,-10.679
4.814,-3.118,-0.001,0.597,0.002,-0.000,-0.802,-0.356,-0.315,-53.005,-0.385,-61.179,-49.766,-58.569,0.286,0.539,0.005,0.027,0.001,0.723,0.000,-0.001,-14.802,0.002,-11.601,-13.845,-10.641
4.817,-3.113,-0.001,0.600,0.002,-0.000,-0.800,-0.356,-0.315,-53.152,-0.385,-61.295,-49.904,-58.675,0.281,0.539,0.005,0.016,-0.004,0.720,0.000,-0.002,-14.732,0.002,-11.548,-13.764,-10.604
4.820,-3.107,-0.001,0.603,0.002,-0.000,-0.798,-0.356,-0.315,-53.299,-0.385,-61.410,-50.041,-58.781,0.276,0.539,0.004,0.003,-0.010,0.717,0.000,-0.001,-14.665,0.002,-11.492,-13.691,-10.568
4.823,-3.102,-0.001,0.606,0.002,-0.000,-0.796,-0.356,-0.315,-53.446,-0.385,-61.525,-50.178,-58.886,0.271,0.539,0.004,-0.011,-0.016,0.714,0.000,-0.001,-14.601,0.001,-11.434,-13.627,-10.532
4.825,-3.096,-0.001,0.609,0.001,-0.000,-0.793,-0.356,-0.315,-53.591,-0.385,-61.639,-50.314,-58.991,0.266,0.539,0.003,-0.025,-0.022,0.711,0.000,-0.001,-14.541,0.001,-11.375,-13.572,-10.496
4.828,-3.091,-0.001,0.611,0.001,-0.000,-0.791,-0.356,-0.315,-53.736,-0.385,-61.752,-50.449,-59.096,0.262,0.539,0.002,-0.037,-0.028,0.708,-0.000,-0.001,-14.485,0.001,-11.314,-13.528,-10.460
4.831,-3.086,-0.001,0.614,0.001,-0.000,-0.789,-0.356,-0.316,-53.881,-0.385,-61.865,-50.584,-59.201,0.257,0.539,0.002,-0.047,-0.034,0.706,-0.000,-0.001,-14.432,0.001,-11.252,-13.495,-10.426
4.833,-3.080,-0.001,0.617,0.001,-0.000,-0.787,-0.356,-0.316,-54.025,-0.385,-61.977,-50.719,-59.305,0.252,0.539,0.001,-0.055,-0.039,0.704,-0.000,-0.001,-14.384,0.001,-11.191,-13.470,-10.392
4.836,-3.075,-0.001,0.620,0.000,-0.000,-0.785,-0.356,-0.316,-54.169,-0.385,-62.089,-50.854,-59.408,0.248,0.540,0.000,-0.059,-0.045,0.702,-0.000,-0.001,-14.339,0.000,-11.130,-13.454,-10.359
4.838,-3.069,-0.001,0.622,-0.000,-0.000,-0.783,-0.356,-0.316,-54.312,-0.385,-62.200,-50.988,-59.512,0.243,0.540,-0.000,-0.059,-0.050,0.700,-0.000,-0.002,-14.296,0.000,-11.071,-13.446,-10.327
4.840,-3.064,-0.001,0.625,-0.000,0.000,-0.780,-0.356,-0.316,-54.455,-0.385,-62.310,-51.123,-59.615,0.239,0.540,-0.001,-0.056,-0.054,0.698,-0.000,-0.002,-14.255,-0.000,-11.014,-13.444,-10.298
4.843,-3.059,-0.001,0.628,-0.001,0.000,-0.778,-0.356,-0.316,-54.597,-0.385,-62.420,-51.257,-59.718,0.235,0.540,-0.001,-0.049,-0.057,0.696,-0.001,-0.003,-14.214,-0.000,-10.960,-13.446,-10.271
4.845,-3.053,-0.001,0.631,-0.001,0.000,-0.776,-0.356,-0.316,-54.739,-0.385,-62.530,-51.392,-59.820,0.230,0.540,-0.000,-0.039,-0.059,0.695,-0.001,-0.004,-14.171,-0.000,-10.909,-13.452,-10.246
4.847,-3.048,-0.001,0.633,-0.002,-0.000,-0.774,-0.356,-0.316,-54.880,-0.385,-62.638,-51.526,-59.923,0.226,0.540,0.000,-0.027,-0.059,0.693,-0.001,-0.006,-14.126,-0.001,-10.863,-13.458,-10.225
4.850,-3.042,-0.001,0.636,-0.002,-0.000,-0.772,-0.356,-0.316,-55.021,-0.385,-62.747,-51.661,-60.025,0.222,0.541,0.001,-0.014,-0.058,0.692,-0.001,-0.007,-14.077,-0.001,-10.821,-13.464,-10.206
4.852,-3.037,-0.001,0.639,-0.002,-0.000,-0.769,-0.356,-0.316,-55.162,-0.385,-62.855,-51.795,-60.127,0.218,0.541,0.001,-0.000,-0.054,0.691,-0.001,-0.009,-14.026,-0.001,-10.785,-13.469,-10.190
4.854,-3.032,-0.001,0.641,-0.002,-0.000,-0.767,-0.356,-0.316,-55.302,-0.385,-62.963,-51.930,-60.229,0.214,0.541,0.002,0.013,-0.048,0.690,-0.002,-0.010,-13.971,-0.002,-10.753,-13.470,-10.176
4.856,-3.026,-0.001,0.644,-0.002,-0.001,-0.765,-0.356,-0.316,-55.441,-0.385,-63.070,-52.065,-60.330,0.210,0.542,0.002,0.024,-0.041,0.688,-0.002,-0.011,-13.913,-0.002,-10.726,-13.468,-10.164
4.858,-3.021,-0.001,0.647,-0.002,-0.001,-0.763,-0.356,-0.316,-55.580,-0.385,-63.177,-52.200,-60.432,0.206,0.542,0.003,0.034,-0.032,0.687,-0.002,-0.012,-13.854,-0.002,-10.705,-13.460,-10.154
4.860,-3.015,-0.001,0.649,-0.002,-0.001,-0.761,-0.356,-0.316,-55.718,-0.385,-63.284,-52.334,-60.533,0.202,0.543,0.002,0.042,-0.023,0.686,-0.002,-0.012,-13.795,-0.003,-10.688,-13.447,-10.145
4.862,-3.010,-0.001,0.652,-0.002,-0.001,-0.758,-0.356,-0.316,-55.856,-0.385,-63.391,-52.468,-60.635,0.198,0.543,0.002,0.048,-0.013,0.684,-0.002,-0.011,-13.738,-0.003,-10.676,-13.430,-10.135
4.864,-3.004,-0.000,0.654,-0.002,-0.002,-0.756,-0.356,-0.316,-55.993,-0.385,-63.498,-52.603,-60.736,0.194,0.544,0.002,0.050,-0.003,0.683,-0.002,-0.010,-13.683,-0.003,-10.667,-13.408,-10.124
4.866,-2.999,-0.000,0.657,-0.002,-0.002,-0.754,-0.356,-0.317,-56.130,-0.385,-63.604,-52.737,-60.837,0.189,0.544,0.001,0.048,0.007,0.682,-0.001,-0.008,-13.633,-0.003,-10.663,-13.382,-10.112
4.868,-2.994,-0.000,0.660,-0.002,-0.002,-0.752,-0.356,-0.317,-56.266,-0.385,-63.711,-52.870,-60.938,0.185,0.545,0.000,0.044,0.018,0.680,-0.001,-0.006,-13.588,-0.003,-10.661,-13.354,-10.098
4.870,-2.988,-0.000,0.662,-0.002,-0.002,-0.749,-0.356,-0.317,-56.401,-0.385,-63.817,-53.004,-61.039,0.181,0.545,-0.000,0.037,0.028,0.679,-0.001,-0.003,-13.550,-0.002,-10.661,-13.323,-10.080
4.872,-2.983,-0.000,0.665,-0.001,-0.002,-0.747,-0.356,-0.317,-56.537,-0.385,-63.924,-53.137,-61.140,0.177,0.545,-0.001,0.028,0.037,0.678,-0.000,-0.001,-13.519,-0.002,-10.662,-13.291,-10.059
4.873,-2.977,-0.000,0.667,-0.001,-0.002,-0.745,-0.356,-0.317,-56.672,-0.385,-64.031,-53.269,-61.240,0.173,0.546,-0.002,0.017,0.046,0.677,0.000,0.001,-13.496,-0.002,-10.664,-13.258,-10.034
4.875,-2.972,-0.001,0.670,-0.001,-0.002,-0.743,-0.356,-0.317,-56.807,-0.385,-64.137,-53.402,-61.341,0.169,0.546,-0.003,0.004,0.052,0.676,0.001,0.003,-13.480,-0.001,-10.666,-13.224,-10.006
4.877,-2.966,-0.001,0.672,-0.001,-0.002,-0.740,-0.356,-0.317,-56.942,-0.385,-64.244,-53.534,-61.441,0.165,0.546,-0.003,-0.010,0.057,0.675,0.001,0.005,-13.470,-0.001,-10.667,-13.190,-9.974
4.878,-2.961,-0.001,0.675,-0.001,-0.001,-0.738,-0.356,-0.317,-57.076,-0.385,-64.351,-53.666,-61.540,0.161,0.546,-0.004,-0.023,0.060,0.673,0.001,0.006,-13.467,-0.000,-10.666,-13.157,-9.940
4.880,-2.955,-0.001,0.677,-0.000,-0.001,-0.736,-0.356,-0.317,-57.211,-0.385,-64.457,-53.797,-61.639,0.157,0.546,-0.004,-0.035,0.062,0.672,0.001,0.007,-13.469,0.000,-10.664,-13.125,-9.902
4.882,-2.950,-0.001,0.680,-0.000,-0.001,-0.734,-0.356,-0.316,-57.346,-0.385,-64.564,-53.928,-61.738,0.153,0.546,-0.004,-0.044,0.063,0.670,0.001,0.007,-13.477,0.000,-10.661,-13.094,-9.863
4.883,-2.944,-0.001,0.682,-0.000,-0.000,-0.731,-0.356,-0.316,-57.480,-0.385,-64.670,-54.059,-61.837,0.149,0.545,-0.004,-0.050,0.063,0.668,0.001,0.008,-13.488,0.001,-10.655,-13.065,-9.821
4.885,-2.939,-0.001,0.684,-0.000,0.000,-0.729,-0.356,-0.316,-57.615,-0.385,-64.777,-54.190,-61.935,0.145,0.545,-0.004,-0.053,0.062,0.667,0.001,0.007,-13.502,0.001,-10.647,-13.036,-9.780
4.886,-2.934,-0.001,0.687,-0.000,0.001,-0.727,-0.356,-0.316,-57.750,-0.385,-64.883,-54.320,-62.032,0.141,0.545,-0.003,-0.053,0.061,0.665,0.001,0.007,-13.518,0.001,-10.638,-13.007,-9.738
4.887,-2.928,-0.001,0.689,-0.000,0.001,-0.724,-0.356,-0.316,-57.886,-0.385,-64.990,-54.450,-62.129,0.137,0.545,-0.002,-0.050,0.058,0.664,0.001,0.007,-13.534,0.001,-10.627,-12.977,-9.696
4.889,-2.923,-0.001,0.692,-0.000,0.001,-0.722,-0.356,-0.316,-58.021,-0.385,-65.096,-54.579,-62.226,0.134,0.545,-0.001,-0.044,0.055,0.662,0.001,0.006,-13.548,0.001,-10.615,-12.947,-9.656
4.890,-2.917,-0.001,0.694,-0.000,0.002,-0.720,-0.356,-0.316,-58.157,-0.385,-65.202,-54.709,-62.322,0.130,0.545,-0.000,-0.035,0.052,0.661,0.001,0.005,-13.561,0.001,-10.602,-12.914,-9.618
4.891,-2.912,-0.001,0.696,0.000,0.002,-0.718,-0.356,-0.316,-58.292,-0.385,-65.308,-54.838,-62.418,0.126,0.544,0.001,-0.025,0.048,0.660,0.001,0.005,-13.570,0.001,-10.590,-12.880,-9.583
4.893,-2.906,-0.001,0.699,0.000,0.002,-0.715,-0.356,-0.316,-58.428,-0.385,-65.414,-54.966,-62.514,0.122,0.544,0.002,-0.013,0.043,0.659,0.000,0.004,-13.575,0.001,-10.578,-12.843,-9.550
4.894,-2.901,-0.001,0.701,0.000,0.002,-0.713,-0.356,-0.316,-58.564,-0.385,-65.520,-55.094,-62.609,0.118,0.544,0.003,-0.002,0.039,0.658,0.000,0.003,-13.576,0.001,-10.566,-12.804,-9.521
4.895,-2.895,-0.001,0.704,0.000,0.002,-0.711,-0.356,-0.316,-58.700,-0.385,-65.625,-55.222,-62.705,0.115,0.545,0.004,0.010,0.034,0.657,0.000,0.003,-13.573,0.001,-10.556,-12.763,-9.496
4.896,-2.890,-0.001,0.706,0.001,0.003,-0.708,-0.356,-0.316,-58.835,-0.385,-65.731,-55.350,-62.799,0.111,0.545,0.004,0.020,0.029,0.656,0.000,0.002,-13.566,0.001,-10.546,-12.721,-9.475
4.897,-2.885,-0.001,0.708,0.001,0.003,-0.706,-0.356,-0.316,-58.971,-0.385,-65.836,-55.477,-62.894,0.107,0.545,0.004,0.029,0.024,0.656,0.000,0.002,-13.556,0.001,-10.539,-12.679,-9.458
4.898,-2.879,-0.001,0.710,0.001,0.003,-0.704,-0.356,-0.316,-59.106,-0.385,-65.941,-55.603,-62.989,0.103,0.545,0.004,0.036,0.020,0.656,0.000,0.001,-13.543,0.001,-10.533,-12.636,-9.445
4.899,-2.874,-0.001,0.713,0.001,0.002,-0.701,-0.356,-0.316,-59.242,-0.385,-66.047,-55.729,-63.083,0.100,0.545,0.004,0.042,0.016,0.655,0.000,0.001,-13.528,0.000,-10.528,-12.594,-9.435
4.900,-2.868,-0.001,0.715,0.001,0.002,-0.699,-0.356,-0.316,-59.377,-0.385,-66.152,-55.855,-63.177,0.096,0.546,0.003,0.045,0.011,0.655,0.000,0.001,-13.512,0.000,-10.525,-12.555,-9.430
4.901,-2.863,-0.001,0.717,0.002,0.002,-0.697,-0.356,-0.316,-59.512,-0.385,-66.257,-55.980,-63.272,0.092,0.546,0.002,0.046,0.007,0.655,0.000,0.001,-13.496,0.000,-10.522,-12.518,-9.427
4.902,-2.857,-0.001,0.720,0.002,0.002,-0.694,-0.356,-0.316,-59.647,-0.385,-66.362,-56.105,-63.366,0.089,0.546,0.001,0.045,0.002,0.655,0.000,0.001,-13.479,0.000,-10.520,-12.484,-9.427
4.903,-2.852,-0.001,0.722,0.002,0.002,-0.692,-0.356,-0.316,-59.782,-0.385,-66.468,-56.230,-63.460,0.085,0.546,0.000,0.041,-0.003,0.655,0.000,0.002,-13.462,0.000,-10.518,-12.454,-9.429
4.904,-2.846,-0.001,0.724,0.002,0.002,-0.690,-0.356,-0.316,-59.916,-0.385,-66.573,-56.355,-63.554,0.081,0.547,-0.001,0.036,-0.009,0.655,0.000,0.002,-13.445,0.000,-10.516,-12.428,-9.433
4.905,-2.841,-0.001,0.726,0.002,0.002,-0.687,-0.356,-0.316,-60.050,-0.385,-66.678,-56.479,-63.649,0.078,0.547,-0.002,0.030,-0.015,0.655,0.000,0.002,-13.429,0.000,-10.512,-12.408,-9.439
4.905,-2.835,-0.001,0.729,0.002,0.001,-0.685,-0.356,-0.316,-60.185,-0.385,-66.783,-56.603,-63.743,0.074,0.547,-0.002,0.023,-0.022,0.655,0.000,0.002,-13.413,0.000,-10.507,-12.394,-9.446
4.906,-2.830,-0.001,0.731,0.002,0.001,-0.682,-0.356,-0.316,-60.319,-0.385,-66.888,-56.727,-63.838,0.070,0.547,-0.003,0.015,-0.029,0.654,0.000,0.002,-13.398,0.001,-10.500,-12.385,-9.454
4.907,-2.825,-0.001,0.733,0.002,0.001,-0.680,-0.356,-0.316,-60.453,-0.385,-66.993,-56.850,-63.932,0.067,0.547,-0.003,0.008,-0.037,0.654,0.000,0.001,-13.382,0.001,-10.491,-12.382,-9.463
4.907,-2.819,-0.001,0.735,0.002,0.001,-0.678,-0.356,-0.316,-60.586,-0.385,-67.098,-56.974,-64.027,0.063,0.547,-0.004,0.001,-0.044,0.654,0.000,0.001,-13.365,0.001,-10.479,-12.385,-9.472
4.908,-2.814,-0.001,0.738,0.002,0.001,-0.675,-0.356,-0.316,-60.720,-0.385,-67.203,-57.098,-64.122,0.059,0.546,-0.003,-0.005,-0.052,0.653,0.000,-0.000,-13.347,0.001,-10.464,-12.394,-9.481
4.909,-2.808,-0.001,0.740,0.002,0.001,-0.673,-0.356,-0.316,-60.853,-0.385,-67.307,-57.222,-64.217,0.056,0.546,-0.003,-0.010,-0.059,0.653,0.000,-0.001,-13.327,0.001,-10.447,-12.407,-9.491
