3.000,1.000,0.001,1.000,0.000,0.000,0.000,-0.000,-0.000,0.000,-0.000,0.000,0.000,0.000,-0.000,-0.000,0.000,-0.000,-0.000,-0.000,0.000,0.000,-0.000,0.000,-0.000,-0.000,-0.000
3.000,1.000,0.001,1.000,-0.000,-0.000,-0.000,0.408,0.323,0.000,0.297,0.000,0.005,0.004,0.040,0.000,0.006,-0.001,-0.059,-0.024,61.582,48.649,0.173,45.475,0.171,0.863,0.772
3.001,1.000,0.001,1.000,0.000,-0.000,0.000,0.812,0.671,0.005,0.608,0.007,0.015,0.015,0.058,0.012,0.002,0.011,-0.030,0.073,19.943,17.687,0.898,16.083,1.174,1.115,1.381
3.001,1.000,0.001,1.000,0.000,-0.001,0.001,0.890,0.750,0.018,0.683,0.023,0.027,0.032,0.073,0.026,0.000,0.016,-0.012,0.153,-1.878,-0.206,1.567,0.622,2.043,1.292,1.898
3.002,1.001,0.001,1.000,0.000,-0.001,0.002,0.817,0.695,0.036,0.646,0.047,0.041,0.053,0.091,0.035,-0.001,0.011,-0.005,0.208,-11.034,-9.662,2.137,-6.828,2.781,1.524,2.393
3.003,1.001,0.001,1.000,0.000,-0.001,0.003,0.706,0.599,0.060,0.572,0.078,0.058,0.079,0.113,0.042,-0.001,0.003,-0.005,0.241,-10.131,-8.565,2.551,-7.115,3.384,1.865,2.909
3.004,1.001,0.001,1.000,0.000,-0.001,0.004,0.622,0.529,0.087,0.512,0.115,0.079,0.111,0.137,0.046,-0.001,-0.003,-0.005,0.263,-6.511,-5.464,2.920,-5.024,3.905,2.273,3.437
3.006,1.002,0.001,1.000,0.000,-0.001,0.005,0.573,0.486,0.118,0.470,0.156,0.104,0.148,0.161,0.049,-0.001,-0.004,-0.004,0.280,-3.379,-3.251,3.293,-3.341,4.398,2.701,3.958
3.008,1.002,0.001,1.000,0.000,-0.001,0.007,0.551,0.461,0.153,0.443,0.202,0.133,0.190,0.185,0.052,-0.002,-0.003,-0.002,0.298,-1.275,-1.817,3.672,-2.149,4.880,3.122,4.466
3.010,1.003,0.001,1.000,0.000,-0.001,0.008,0.544,0.448,0.192,0.426,0.254,0.166,0.237,0.207,0.056,-0.002,0.000,0.001,0.317,-0.149,-0.965,4.053,-1.357,5.359,3.526,4.961
3.012,1.003,0.001,1.000,0.000,-0.001,0.010,0.545,0.441,0.234,0.415,0.310,0.203,0.290,0.228,0.060,-0.002,0.003,0.003,0.339,0.300,-0.496,4.432,-0.854,5.836,3.909,5.442
3.014,1.004,0.000,1.000,0.000,-0.001,0.012,0.549,0.437,0.280,0.408,0.370,0.244,0.346,0.249,0.065,-0.003,0.006,0.004,0.361,0.373,-0.256,4.805,-0.543,6.311,4.273,5.910
3.017,1.005,0.000,1.000,0.000,-0.001,0.013,0.552,0.435,0.330,0.404,0.436,0.289,0.408,0.268,0.070,-0.004,0.009,0.005,0.385,0.289,-0.140,5.170,-0.352,6.781,4.618,6.365
3.020,1.006,0.000,1.000,0.000,-0.001,0.015,0.555,0.434,0.384,0.401,0.506,0.336,0.474,0.287,0.075,-0.004,0.011,0.005,0.409,0.175,-0.086,5.526,-0.233,7.244,4.949,6.808
3.023,1.006,0.000,1.000,0.000,-0.001,0.018,0.556,0.434,0.441,0.399,0.581,0.387,0.544,0.305,0.081,-0.005,0.013,0.005,0.432,0.084,-0.057,5.871,-0.157,7.698,5.266,7.240
3.026,1.007,0.000,1.000,0.000,-0.001,0.020,0.557,0.433,0.501,0.398,0.660,0.442,0.618,0.322,0.087,-0.006,0.014,0.005,0.456,0.031,-0.040,6.206,-0.106,8.143,5.571,7.659
3.029,1.008,0.000,1.000,0.000,-0.000,0.022,0.557,0.433,0.565,0.397,0.743,0.499,0.697,0.339,0.092,-0.007,0.015,0.005,0.479,0.004,-0.027,6.532,-0.072,8.578,5.865,8.066
3.032,1.009,0.000,1.000,0.001,-0.000,0.025,0.557,0.433,0.632,0.396,0.831,0.559,0.780,0.355,0.098,-0.008,0.015,0.005,0.501,-0.006,-0.018,6.847,-0.049,9.002,6.149,8.463
3.036,1.010,0.000,1.000,0.001,-0.000,0.027,0.557,0.432,0.702,0.396,0.923,0.622,0.866,0.370,0.104,-0.009,0.016,0.005,0.522,-0.008,-0.012,7.153,-0.034,9.415,6.424,8.848
3.040,1.011,-0.000,1.000,0.001,-0.000,0.030,0.557,0.432,0.775,0.395,1.020,0.687,0.957,0.384,0.110,-0.009,0.015,0.005,0.543,-0.007,-0.008,7.449,-0.023,9.817,6.689,9.222
3.044,1.012,-0.000,0.999,0.001,-0.000,0.033,0.556,0.432,0.851,0.395,1.120,0.756,1.051,0.398,0.117,-0.010,0.015,0.005,0.563,-0.005,-0.005,7.737,-0.016,10.208,6.946,9.585
3.048,1.013,-0.000,0.999,0.001,-0.000,0.035,0.556,0.432,0.929,0.395,1.224,0.826,1.148,0.411,0.123,-0.011,0.013,0.005,0.583,-0.003,-0.003,8.015,-0.011,10.587,7.194,9.938
3.052,1.015,-0.000,0.999,0.001,-0.000,0.038,0.556,0.432,1.011,0.395,1.332,0.899,1.249,0.424,0.129,-0.011,0.011,0.004,0.601,-0.001,-0.002,8.284,-0.008,10.955,7.434,10.279
3.056,1.016,-0.000,0.999,0.001,-0.000,0.041,0.556,0.432,1.095,0.395,1.443,0.975,1.354,0.436,0.135,-0.011,0.008,0.003,0.619,-0.000,-0.001,8.545,-0.006,11.311,7.666,10.610
3.061,1.017,-0.001,0.999,0.001,-0.000,0.045,0.556,0.432,1.182,0.395,1.558,1.053,1.461,0.447,0.142,-0.011,0.004,0.003,0.636,0.000,-0.000,8.797,-0.003,11.655,7.891,10.929
3.065,1.019,-0.001,0.999,0.001,-0.000,0.048,0.556,0.432,1.271,0.395,1.676,1.133,1.572,0.457,0.148,-0.010,-0.001,0.002,0.653,0.000,0.000,9.041,-0.002,11.986,8.109,11.237
3.070,1.020,-0.001,0.999,0.001,-0.000,0.051,0.556,0.432,1.363,0.395,1.797,1.215,1.686,0.468,0.155,-0.010,-0.006,0.001,0.669,0.001,0.001,9.277,0.000,12.304,8.319,11.534
3.075,1.022,-0.001,0.999,0.001,-0.000,0.054,0.556,0.432,1.457,0.395,1.922,1.299,1.803,0.477,0.161,-0.009,-0.011,-0.001,0.684,0.001,0.000,9.505,0.002,12.610,8.524,11.820
3.079,1.024,-0.001,0.998,0.001,-0.000,0.058,0.556,0.432,1.553,0.395,2.050,1.385,1.922,0.486,0.168,-0.008,-0.017,-0.002,0.699,0.001,0.000,9.726,0.003,12.902,8.721,12.094
3.084,1.025,-0.001,0.998,0.001,-0.000,0.061,0.556,0.432,1.651,0.395,2.180,1.473,2.045,0.495,0.175,-0.007,-0.021,-0.003,0.713,0.001,0.000,9.939,0.004,13.183,8.913,12.356
3.089,1.027,-0.001,0.998,0.001,-0.000,0.065,0.556,0.432,1.751,0.395,2.313,1.564,2.170,0.503,0.182,-0.005,-0.025,-0.004,0.727,0.000,-0.000,10.145,0.005,13.451,9.100,12.608
3.094,1.029,-0.001,0.998,0.000,-0.000,0.069,0.556,0.432,1.854,0.395,2.449,1.655,2.297,0.511,0.189,-0.004,-0.028,-0.005,0.740,0.000,-0.001,10.344,0.005,13.708,9.281,12.849
3.099,1.031,-0.001,0.997,0.000,-0.000,0.072,0.556,0.432,1.958,0.395,2.587,1.749,2.427,0.518,0.195,-0.003,-0.029,-0.006,0.753,0.000,-0.001,10.538,0.005,13.952,9.457,13.081
3.105,1.033,-0.001,0.997,0.000,-0.000,0.076,0.556,0.432,2.065,0.395,2.728,1.845,2.558,0.526,0.203,-0.002,-0.030,-0.007,0.766,0.000,-0.002,10.725,0.005,14.184,9.630,13.306
3.110,1.035,-0.001,0.997,0.000,-0.001,0.080,0.556,0.432,2.173,0.395,2.871,1.942,2.693,0.533,0.210,-0.001,-0.028,-0.008,0.778,-0.000,-0.002,10.908,0.004,14.404,9.798,13.522
3.115,1.037,-0.001,0.996,-0.000,-0.001,0.084,0.556,0.432,2.283,0.395,3.016,2.041,2.829,0.539,0.217,-0.000,-0.025,-0.008,0.789,-0.000,-0.002,11.084,0.003,14.616,9.963,13.732
3.121,1.039,-0.001,0.996,-0.000,-0.001,0.088,0.556,0.432,2.394,0.395,3.163,2.141,2.967,0.546,0.224,0.000,-0.021,-0.008,0.800,-0.000,-0.003,11.255,0.003,14.820,10.123,13.935
3.126,1.042,-0.001,0.996,-0.000,-0.001,0.092,0.556,0.432,2.508,0.395,3.312,2.243,3.108,0.552,0.232,0.001,-0.015,-0.007,0.811,-0.001,-0.003,11.420,0.002,15.020,10.279,14.132
3.132,1.044,-0.001,0.995,-0.000,-0.001,0.096,0.556,0.432,2.623,0.395,3.464,2.347,3.250,0.558,0.239,0.001,-0.008,-0.005,0.822,-0.001,-0.003,11.580,0.001,15.215,10.429,14.324
3.137,1.046,-0.001,0.995,-0.000,-0.001,0.100,0.556,0.432,2.739,0.395,3.617,2.452,3.394,0.563,0.247,0.001,-0.003,-0.004,0.832,-0.001,-0.002,11.734,0.001,15.406,10.574,14.512
3.143,1.049,-0.001,0.995,-0.000,-0.001,0.104,0.556,0.432,2.858,0.395,3.772,2.558,3.540,0.569,0.254,0.001,0.001,-0.003,0.842,-0.000,-0.002,11.884,0.000,15.593,10.713,14.695
3.149,1.051,-0.001,0.994,-0.000,-0.001,0.109,0.556,0.432,2.977,0.395,3.928,2.666,3.688,0.573,0.262,0.001,0.001,-0.002,0.853,-0.000,-0.002,12.029,0.001,15.776,10.847,14.874
3.155,1.054,-0.001,0.994,-0.000,-0.001,0.113,0.556,0.432,3.098,0.395,4.087,2.775,3.838,0.578,0.270,0.001,-0.002,-0.003,0.863,-0.000,-0.002,12.170,0.001,15.953,10.975,15.048
3.160,1.057,-0.001,0.993,-0.000,-0.001,0.117,0.556,0.432,3.220,0.395,4.248,2.885,3.989,0.582,0.279,0.002,-0.008,-0.006,0.875,0.000,-0.001,12.309,0.002,16.126,11.096,15.218
3.166,1.060,-0.001,0.993,-0.000,-0.001,0.121,0.556,0.432,3.344,0.395,4.410,2.997,4.142,0.586,0.287,0.003,-0.014,-0.009,0.888,0.000,-0.001,12.445,0.003,16.293,11.209,15.382
3.172,1.063,-0.001,0.992,-0.001,-0.001,0.126,0.556,0.432,3.469,0.395,4.573,3.109,4.297,0.589,0.296,0.005,-0.023,-0.013,0.902,0.001,-0.001,12.579,0.005,16.453,11.317,15.541
3.178,1.066,-0.001,0.991,-0.001,-0.001,0.130,0.556,0.432,3.596,0.395,4.739,3.223,4.453,0.593,0.305,0.007,-0.034,-0.017,0.916,0.001,-0.001,12.709,0.006,16.604,11.420,15.691
3.184,1.069,-0.001,0.991,-0.001,-0.001,0.135,0.556,0.432,3.724,0.395,4.905,3.338,4.610,0.596,0.314,0.008,-0.046,-0.019,0.930,0.001,-0.001,12.835,0.007,16.744,11.521,15.832
3.190,1.072,-0.001,0.990,-0.001,-0.001,0.140,0.556,0.432,3.853,0.396,5.073,3.454,4.769,0.598,0.324,0.010,-0.058,-0.019,0.945,0.001,-0.001,12.958,0.007,16.871,11.622,15.963
3.196,1.075,-0.001,0.990,-0.001,-0.001,0.144,0.556,0.432,3.983,0.396,5.243,3.570,4.930,0.601,0.333,0.011,-0.069,-0.019,0.958,0.000,-0.002,13.079,0.007,16.986,11.725,16.083
3.202,1.078,-0.001,0.989,-0.002,-0.001,0.149,0.556,0.432,4.114,0.396,5.413,3.688,5.091,0.604,0.342,0.012,-0.078,-0.017,0.969,0.000,-0.002,13.198,0.006,17.089,11.834,16.191
3.208,1.082,-0.000,0.988,-0.002,-0.002,0.154,0.556,0.432,4.247,0.396,5.585,3.807,5.253,0.607,0.351,0.012,-0.083,-0.015,0.977,-0.000,-0.003,13.315,0.005,17.179,11.950,16.290
3.214,1.085,-0.000,0.987,-0.003,-0.002,0.159,0.556,0.432,4.380,0.396,5.757,3.927,5.417,0.610,0.360,0.012,-0.082,-0.012,0.982,-0.001,-0.004,13.431,0.003,17.258,12.077,16.379
3.220,1.089,-0.000,0.987,-0.003,-0.002,0.164,0.556,0.432,4.515,0.396,5.930,4.049,5.581,0.613,0.368,0.012,-0.075,-0.008,0.982,-0.001,-0.004,13.543,-0.000,17.327,12.215,16.459
3.226,1.093,-0.000,0.986,-0.003,-0.002,0.168,0.556,0.432,4.651,0.396,6.103,4.171,5.746,0.616,0.376,0.010,-0.055,-0.004,0.981,-0.002,-0.005,13.643,-0.003,17.399,12.357,16.537
3.233,1.097,-0.000,0.985,-0.004,-0.002,0.173,0.556,0.432,4.788,0.396,6.278,4.296,5.912,0.619,0.384,0.009,-0.021,-0.001,0.981,-0.002,-0.005,13.741,-0.006,17.481,12.489,16.618
3.239,1.101,0.000,0.984,-0.004,-0.002,0.178,0.556,0.432,4.926,0.396,6.453,4.421,6.078,0.622,0.393,0.007,0.019,0.004,0.982,-0.002,-0.005,13.833,-0.008,17.575,12.608,16.705
3.245,1.105,0.000,0.983,-0.003,-0.002,0.183,0.556,0.432,5.065,0.396,6.629,4.548,6.246,0.623,0.401,0.004,0.060,0.008,0.984,-0.002,-0.004,13.914,-0.009,17.683,12.709,16.800
3.251,1.109,0.000,0.982,-0.003,-0.002,0.188,0.556,0.432,5.204,0.395,6.807,4.675,6.414,0.624,0.410,0.002,0.098,0.011,0.988,-0.002,-0.004,13.984,-0.010,17.803,12.792,16.906
3.257,1.113,0.000,0.981,-0.002,-0.002,0.193,0.556,0.431,5.344,0.395,6.985,4.804,6.584,0.625,0.418,-0.000,0.130,0.013,0.991,-0.002,-0.003,14.042,-0.010,17.934,12.857,17.022
3.264,1.117,0.000,0.980,-0.002,-0.001,0.197,0.556,0.431,5.485,0.395,7.165,4.932,6.755,0.625,0.427,-0.002,0.156,0.014,0.995,-0.001,-0.002,14.088,-0.009,18.075,12.904,17.147
3.270,1.121,0.000,0.979,-0.001,-0.001,0.202,0.556,0.431,5.626,0.395,7.347,5.062,6.927,0.624,0.435,-0.004,0.175,0.016,0.999,-0.001,-0.002,14.123,-0.009,18.225,12.935,17.280
3.276,1.126,0.000,0.978,-0.000,-0.001,0.207,0.556,0.431,5.767,0.395,7.530,5.191,7.100,0.622,0.444,-0.005,0.184,0.017,1.004,-0.001,-0.001,14.148,-0.008,18.379,12.951,17.419
3.282,1.130,-0.000,0.977,0.001,-0.001,0.212,0.556,0.431,5.909,0.395,7.714,5.321,7.275,0.620,0.452,-0.006,0.182,0.018,1.009,-0.000,0.000,14.167,-0.007,18.536,12.953,17.560
3.289,1.135,-0.000,0.976,0.002,-0.000,0.217,0.556,0.431,6.051,0.395,7.901,5.450,7.452,0.617,0.460,-0.006,0.167,0.016,1.016,0.000,0.001,14.181,-0.005,18.694,12.942,17.700
3.295,1.139,-0.000,0.975,0.002,-0.000,0.222,0.556,0.431,6.193,0.395,8.088,5.579,7.629,0.613,0.469,-0.005,0.139,0.012,1.023,0.001,0.002,14.192,-0.004,18.849,12.921,17.836
3.301,1.144,-0.000,0.974,0.003,0.000,0.227,0.556,0.431,6.335,0.395,8.278,5.708,7.808,0.609,0.477,-0.004,0.108,0.006,1.033,0.001,0.004,14.216,-0.002,18.996,12.890,17.964
3.307,1.149,-0.000,0.973,0.003,0.000,0.232,0.556,0.432,6.477,0.395,8.468,5.837,7.988,0.604,0.485,-0.002,0.077,0.003,1.044,0.002,0.006,14.250,0.000,19.130,12.854,18.082
3.313,1.154,-0.000,0.971,0.004,0.000,0.237,0.556,0.432,6.620,0.395,8.660,5.965,8.170,0.598,0.494,-0.001,0.052,0.002,1.058,0.002,0.007,14.278,0.002,19.257,12.817,18.193
3.319,1.159,-0.000,0.970,0.004,0.000,0.242,0.556,0.432,6.763,0.395,8.853,6.093,8.352,0.593,0.503,-0.001,0.029,0.006,1.075,0.003,0.008,14.308,0.004,19.376,12.779,18.296
3.325,1.164,-0.000,0.969,0.004,0.000,0.248,0.556,0.432,6.906,0.395,9.048,6.221,8.536,0.587,0.512,-0.002,0.007,0.016,1.093,0.003,0.008,14.346,0.004,19.486,12.741,18.388
3.331,1.169,-0.000,0.967,0.004,0.001,0.253,0.556,0.432,7.050,0.395,9.243,6.348,8.720,0.581,0.521,-0.004,-0.013,0.029,1.111,0.002,0.008,14.394,0.004,19.590,12.708,18.469
3.336,1.174,-0.000,0.966,0.004,0.001,0.258,0.556,0.432,7.194,0.395,9.439,6.475,8.905,0.574,0.530,-0.006,-0.031,0.038,1.127,0.002,0.008,14.454,0.003,19.688,12.691,18.540
3.342,1.180,-0.000,0.965,0.004,0.001,0.264,0.556,0.432,7.339,0.395,9.637,6.602,9.091,0.569,0.539,-0.007,-0.047,0.042,1.137,0.002,0.008,14.524,0.002,19.783,12.699,18.603
3.348,1.185,-0.000,0.963,0.003,0.001,0.269,0.556,0.432,7.484,0.395,9.835,6.729,9.277,0.564,0.547,-0.008,-0.059,0.040,1.145,0.001,0.007,14.604,0.002,19.871,12.730,18.659
3.353,1.191,-0.001,0.961,0.003,0.001,0.275,0.556,0.432,7.631,0.395,10.034,6.857,9.464,0.559,0.555,-0.009,-0.067,0.032,1.150,0.001,0.006,14.693,0.002,19.950,12.782,18.713
3.359,1.196,-0.001,0.960,0.003,0.001,0.280,0.556,0.432,7.778,0.395,10.234,6.985,9.651,0.555,0.563,-0.008,-0.072,0.019,1.152,0.001,0.004,14.786,0.002,20.018,12.850,18.766
3.364,1.202,-0.001,0.958,0.002,0.001,0.286,0.556,0.432,7.926,0.395,10.434,7.114,9.839,0.550,0.571,-0.007,-0.075,0.003,1.154,0.001,0.003,14.881,0.003,20.074,12.930,18.820
3.370,1.208,-0.001,0.957,0.002,0.001,0.292,0.556,0.432,8.076,0.395,10.635,7.244,10.028,0.546,0.579,-0.005,-0.077,-0.014,1.156,0.000,0.001,14.973,0.005,20.118,13.018,18.875
3.375,1.213,-0.001,0.955,0.001,0.001,0.297,0.556,0.432,8.226,0.395,10.837,7.374,10.217,0.541,0.587,-0.003,-0.081,-0.029,1.159,0.000,-0.000,15.059,0.006,20.150,13.107,18.929
3.381,1.219,-0.001,0.953,0.001,0.000,0.303,0.556,0.432,8.377,0.395,11.038,7.506,10.406,0.536,0.596,-0.000,-0.088,-0.042,1.163,0.000,-0.001,15.138,0.008,20.167,13.196,18.981
3.386,1.225,-0.001,0.951,0.001,-0.000,0.308,0.556,0.432,8.529,0.395,11.240,7.638,10.596,0.531,0.604,0.003,-0.096,-0.049,1.168,0.000,-0.002,15.209,0.009,20.171,13.282,19.027
3.391,1.231,-0.001,0.950,0.000,-0.001,0.314,0.556,0.432,8.681,0.395,11.442,7.771,10.787,0.525,0.612,0.005,-0.105,-0.051,1.173,0.000,-0.003,15.276,0.009,20.161,13.365,19.065
3.397,1.238,-0.001,0.948,-0.000,-0.001,0.319,0.556,0.432,8.834,0.396,11.643,7.905,10.978,0.520,0.620,0.007,-0.113,-0.046,1.179,0.000,-0.003,15.339,0.008,20.137,13.448,19.091
3.402,1.244,-0.001,0.946,-0.001,-0.001,0.325,0.556,0.432,8.988,0.396,11.844,8.040,11.169,0.514,0.628,0.009,-0.120,-0.037,1.183,-0.000,-0.003,15.403,0.007,20.102,13.532,19.104
3.407,1.250,-0.001,0.944,-0.001,-0.002,0.330,0.556,0.432,9.142,0.396,12.045,8.176,11.360,0.509,0.636,0.009,-0.123,-0.024,1.186,-0.001,-0.003,15.470,0.004,20.058,13.619,19.101
3.412,1.257,-0.000,0.942,-0.002,-0.002,0.336,0.556,0.432,9.297,0.396,12.246,8.313,11.551,0.504,0.644,0.010,-0.122,-0.011,1.184,-0.001,-0.003,15.540,0.001,20.020,13.714,19.082
3.417,1.263,-0.000,0.940,-0.002,-0.002,0.342,0.556,0.432,9.453,0.396,12.446,8.450,11.741,0.500,0.651,0.009,-0.117,0.001,1.177,-0.001,-0.003,15.614,-0.002,19.989,13.817,19.050
3.422,1.270,-0.000,0.938,-0.003,-0.002,0.347,0.556,0.432,9.610,0.396,12.645,8.589,11.932,0.496,0.658,0.008,-0.103,0.010,1.168,-0.002,-0.003,15.680,-0.005,19.972,13.925,19.012
3.427,1.276,-0.000,0.936,-0.003,-0.002,0.353,0.556,0.432,9.767,0.396,12.845,8.729,12.122,0.493,0.665,0.005,-0.078,0.020,1.154,-0.002,-0.003,15.733,-0.008,19.966,14.042,18.974
3.432,1.283,-0.000,0.934,-0.004,-0.002,0.358,0.556,0.432,9.924,0.396,13.045,8.870,12.311,0.490,0.671,0.001,-0.040,0.034,1.137,-0.002,-0.003,15.776,-0.009,19.964,14.166,18.941
3.437,1.290,-0.000,0.932,-0.004,-0.002,0.363,0.556,0.432,10.082,0.395,13.244,9.012,12.500,0.486,0.677,-0.004,0.006,0.043,1.123,-0.002,-0.003,15.824,-0.010,19.980,14.272,18.924
3.441,1.296,-0.000,0.930,-0.004,-0.002,0.368,0.556,0.432,10.241,0.395,13.444,9.155,12.690,0.481,0.684,-0.007,0.051,0.043,1.115,-0.002,-0.004,15.876,-0.009,20.020,14.350,18.930
3.446,1.303,-0.000,0.928,-0.003,-0.002,0.374,0.556,0.432,10.400,0.395,13.645,9.299,12.879,0.475,0.690,-0.010,0.089,0.035,1.111,-0.002,-0.004,15.920,-0.008,20.082,14.403,18.960
3.451,1.310,-0.000,0.926,-0.003,-0.001,0.379,0.556,0.432,10.559,0.395,13.846,9.443,13.069,0.468,0.696,-0.011,0.116,0.022,1.109,-0.002,-0.004,15.952,-0.007,20.159,14.436,19.012
3.456,1.317,-0.001,0.923,-0.003,-0.001,0.384,0.556,0.432,10.719,0.395,14.048,9.588,13.259,0.461,0.702,-0.011,0.133,0.005,1.108,-0.001,-0.005,15.968,-0.006,20.246,14.455,19.082
3.460,1.324,-0.001,0.921,-0.002,-0.001,0.389,0.556,0.432,10.878,0.395,14.251,9.732,13.451,0.453,0.708,-0.010,0.138,-0.016,1.108,-0.001,-0.005,15.966,-0.004,20.340,14.462,19.167
3.465,1.331,-0.001,0.919,-0.001,-0.000,0.394,0.556,0.432,11.038,0.395,14.455,9.877,13.643,0.445,0.713,-0.008,0.133,-0.037,1.108,-0.001,-0.005,15.946,-0.002,20.434,14.460,19.261
3.469,1.338,-0.001,0.917,-0.001,-0.000,0.399,0.556,0.432,11.197,0.395,14.660,10.022,13.836,0.437,0.718,-0.005,0.120,-0.057,1.109,-0.001,-0.005,15.908,-0.000,20.523,14.452,19.360
3.473,1.346,-0.001,0.915,0.000,-0.001,0.404,0.556,0.432,11.356,0.395,14.865,10.166,14.030,0.429,0.723,-0.001,0.104,-0.070,1.110,-0.001,-0.005,15.857,0.001,20.597,14.444,19.458
3.478,1.353,-0.001,0.912,0.001,-0.001,0.409,0.556,0.432,11.514,0.395,15.072,10.310,14.225,0.421,0.728,0.002,0.089,-0.073,1.111,-0.000,-0.004,15.797,0.002,20.651,14.437,19.552
3.482,1.360,-0.001,0.910,0.001,-0.001,0.415,0.331,0.178,11.674,0.255,15.278,10.454,14.422,0.417,0.731,0.002,0.091,-0.060,1.121,-39.817,-45.395,16.109,-25.925,20.417,14.438,19.700
3.486,1.367,-0.001,0.908,0.002,-0.001,0.419,-0.071,-0.270,11.836,-0.034,15.479,10.603,14.616,0.479,0.691,0.035,0.048,-0.238,0.638,-31.623,-35.222,16.250,-25.318,19.922,15.518,19.059
3.491,1.374,-0.000,0.907,0.003,-0.003,0.420,-0.155,-0.408,11.999,-0.104,15.678,10.763,14.800,0.535,0.623,0.068,0.104,-0.379,0.064,14.490,7.365,16.317,12.704,19.934,16.413,17.696
3.497,1.380,0.000,0.908,0.004,-0.004,0.420,0.138,-0.172,12.162,0.160,15.878,10.930,14.973,0.536,0.607,0.023,0.089,-0.098,-0.063,36.107,33.902,16.316,32.846,19.957,16.675,17.031
3.502,1.386,0.000,0.908,0.004,-0.003,0.420,0.396,0.118,12.325,0.407,16.077,11.095,15.142,0.521,0.607,-0.032,0.085,0.252,-0.002,11.562,18.571,16.358,13.448,19.936,16.462,16.834
3.507,1.392,-0.000,0.907,0.004,-0.001,0.420,0.345,0.130,12.488,0.411,16.276,11.258,15.311,0.501,0.625,-0.052,0.093,0.384,0.161,-19.472,-14.813,16.326,-11.341,19.738,16.122,17.071
3.512,1.399,-0.000,0.907,0.004,-0.000,0.421,0.094,-0.086,12.652,0.232,16.469,11.419,15.485,0.497,0.652,0.002,0.015,0.036,0.276,-24.883,-22.471,16.330,-20.295,18.898,16.114,17.638
3.517,1.405,-0.000,0.907,0.004,-0.000,0.422,-0.037,-0.206,12.815,0.102,16.655,11.582,15.661,0.522,0.645,0.034,0.021,-0.158,0.116,0.243,0.040,16.307,-3.369,18.387,16.551,17.579
3.523,1.412,0.000,0.906,0.004,-0.001,0.422,0.087,-0.089,12.977,0.173,16.838,11.749,15.836,0.529,0.640,0.023,0.037,-0.085,0.045,20.410,20.252,16.210,14.495,18.158,16.720,17.468
3.528,1.418,0.000,0.906,0.004,-0.001,0.423,0.269,0.115,13.140,0.308,17.019,11.915,16.011,0.505,0.650,-0.011,0.042,0.134,0.188,12.389,16.784,16.267,9.602,18.100,16.292,17.585
3.533,1.425,0.000,0.905,0.004,-0.000,0.424,0.290,0.184,13.303,0.330,17.200,12.074,16.189,0.460,0.675,-0.017,0.003,0.172,0.494,-7.546,-3.123,16.351,-5.055,18.123,15.477,18.040
3.537,1.431,-0.000,0.904,0.004,0.001,0.427,0.158,0.085,13.467,0.229,17.383,12.225,16.371,0.435,0.689,-0.013,-0.052,0.135,0.651,-15.527,-13.299,16.357,-12.831,18.448,14.936,18.309
3.541,1.438,-0.000,0.903,0.003,0.001,0.430,0.052,-0.009,13.629,0.128,17.567,12.376,16.554,0.456,0.687,-0.001,-0.050,0.036,0.519,-4.000,-3.722,16.153,-5.672,18.357,15.283,18.296
3.546,1.445,-0.000,0.902,0.003,0.001,0.432,0.090,0.027,13.791,0.136,17.749,12.531,16.737,0.476,0.682,0.003,-0.072,0.003,0.387,10.000,9.584,16.139,6.061,18.112,15.691,18.185
3.551,1.452,-0.000,0.901,0.002,0.001,0.434,0.199,0.141,13.952,0.210,17.930,12.688,16.919,0.465,0.690,-0.001,-0.113,0.027,0.444,9.391,10.987,16.205,6.923,18.160,15.630,18.247
3.555,1.459,-0.000,0.900,0.002,0.001,0.436,0.239,0.204,14.115,0.243,18.113,12.842,17.102,0.440,0.702,-0.003,-0.136,0.041,0.586,-1.598,0.846,16.271,-0.750,18.471,15.280,18.390
3.560,1.466,-0.000,0.899,0.001,0.000,0.439,0.180,0.164,14.277,0.200,18.299,12.994,17.286,0.433,0.710,-0.000,-0.139,0.014,0.623,-8.634,-7.260,16.175,-6.704,18.679,15.225,18.475
3.564,1.473,-0.000,0.897,0.000,0.000,0.441,0.107,0.098,14.439,0.137,18.485,13.148,17.471,0.445,0.709,0.001,-0.159,0.002,0.539,-4.574,-4.510,16.218,-4.682,18.531,15.517,18.399
3.569,1.480,-0.000,0.896,-0.000,-0.000,0.444,0.106,0.093,14.602,0.124,18.669,13.305,17.654,0.459,0.705,-0.001,-0.174,0.012,0.435,3.920,3.340,16.403,1.945,18.207,15.892,18.242
3.573,1.487,-0.000,0.895,-0.001,-0.001,0.445,0.164,0.149,14.767,0.162,18.850,13.465,17.836,0.459,0.708,-0.004,-0.163,0.028,0.418,6.154,6.408,16.547,4.466,18.081,16.069,18.166
3.578,1.494,-0.000,0.894,-0.002,-0.001,0.447,0.202,0.194,14.932,0.192,19.032,13.626,18.018,0.448,0.717,-0.005,-0.127,0.033,0.475,0.957,2.051,16.529,1.052,18.238,16.049,18.195
3.582,1.502,-0.000,0.893,-0.002,-0.001,0.450,0.181,0.184,15.097,0.179,19.215,13.786,18.200,0.440,0.723,-0.004,-0.093,0.029,0.512,-4.316,-3.516,16.476,-3.133,18.427,16.046,18.221
3.587,1.509,-0.000,0.892,-0.003,-0.001,0.452,0.137,0.144,15.262,0.144,19.400,13.947,18.382,0.442,0.724,-0.005,-0.068,0.023,0.482,-3.636,-3.607,16.566,-3.215,18.424,16.191,18.160
3.591,1.516,-0.000,0.891,-0.003,-0.001,0.454,0.123,0.127,15.429,0.128,19.583,14.110,18.563,0.448,0.723,-0.006,-0.040,0.021,0.427,0.959,0.484,16.766,0.136,18.300,16.392,18.052
3.596,1.523,-0.000,0.890,-0.003,-0.001,0.456,0.149,0.149,15.597,0.144,19.766,14.275,18.743,0.447,0.724,-0.007,-0.004,0.020,0.412,3.491,3.322,16.904,2.450,18.267,16.505,18.001
3.600,1.531,-0.001,0.889,-0.003,-0.001,0.458,0.176,0.178,15.766,0.165,19.949,14.440,18.923,0.439,0.730,-0.008,0.033,0.019,0.441,1.492,1.893,16.895,1.374,18.394,16.500,18.042
3.604,1.538,-0.001,0.888,-0.003,-0.001,0.460,0.175,0.181,15.935,0.166,20.134,14.605,19.104,0.432,0.735,-0.009,0.059,0.015,0.473,-1.614,-1.143,16.831,-0.963,18.563,16.470,18.117
3.609,1.545,-0.001,0.887,-0.003,-0.000,0.462,0.153,0.162,16.103,0.151,20.320,14.769,19.286,0.430,0.737,-0.010,0.072,0.008,0.470,-2.229,-2.120,16.831,-1.766,18.657,16.499,18.163
3.613,1.553,-0.001,0.886,-0.002,-0.000,0.464,0.140,0.148,16.272,0.138,20.507,14.935,19.467,0.431,0.737,-0.010,0.079,-0.002,0.444,-0.305,-0.598,16.905,-0.507,18.681,16.578,18.178
3.617,1.560,-0.001,0.885,-0.002,0.000,0.466,0.147,0.152,16.441,0.141,20.694,15.101,19.649,0.430,0.738,-0.009,0.085,-0.014,0.426,1.481,1.243,16.975,0.948,18.712,16.639,18.209
3.621,1.567,-0.001,0.884,-0.002,0.000,0.468,0.162,0.166,16.611,0.152,20.881,15.267,19.832,0.425,0.741,-0.008,0.090,-0.026,0.433,1.181,1.258,16.978,0.931,18.790,16.645,18.292
3.626,1.575,-0.001,0.883,-0.001,0.000,0.470,0.166,0.172,16.781,0.157,21.070,15.434,20.015,0.420,0.745,-0.006,0.089,-0.038,0.451,-0.235,0.012,16.938,0.015,18.886,16.620,18.407
3.630,1.582,-0.001,0.882,-0.001,0.000,0.472,0.159,0.167,16.950,0.153,21.259,15.600,20.200,0.416,0.748,-0.004,0.083,-0.048,0.459,-1.020,-0.866,16.904,-0.710,18.952,16.613,18.515
3.634,1.590,-0.001,0.881,-0.000,0.000,0.474,0.151,0.160,17.119,0.147,21.449,15.766,20.385,0.414,0.749,-0.002,0.074,-0.054,0.451,-0.496,-0.533,16.892,-0.455,18.979,16.642,18.596
3.638,1.597,-0.001,0.880,0.000,0.000,0.476,0.150,0.158,17.288,0.145,21.638,15.933,20.572,0.412,0.751,0.000,0.067,-0.057,0.441,0.282,0.124,16.881,0.093,18.993,16.682,18.664
3.642,1.605,-0.001,0.879,0.001,0.000,0.477,0.155,0.161,17.457,0.147,21.828,16.100,20.759,0.410,0.753,0.002,0.063,-0.056,0.438,0.524,0.476,16.851,0.334,19.011,16.709,18.738
3.646,1.612,-0.001,0.878,0.001,-0.000,0.479,0.158,0.165,17.625,0.150,22.019,16.267,20.946,0.406,0.756,0.004,0.059,-0.052,0.444,0.185,0.235,16.805,0.145,19.037,16.717,18.818
3.650,1.620,-0.001,0.877,0.001,-0.000,0.481,0.159,0.166,17.793,0.150,22.209,16.434,21.135,0.403,0.759,0.005,0.056,-0.046,0.450,-0.127,-0.035,16.754,-0.047,19.064,16.720,18.893
3.654,1.628,-0.001,0.875,0.002,-0.000,0.483,0.157,0.165,17.960,0.149,22.400,16.601,21.324,0.400,0.762,0.006,0.053,-0.038,0.452,-0.203,-0.137,16.708,-0.144,19.086,16.728,18.955
3.658,1.635,-0.001,0.874,0.002,-0.000,0.485,0.155,0.164,18.127,0.148,22.591,16.769,21.514,0.397,0.765,0.007,0.051,-0.028,0.452,-0.081,-0.056,16.668,-0.079,19.104,16.741,19.006
3.662,1.643,-0.001,0.873,0.002,-0.000,0.487,0.155,0.164,18.293,0.148,22.782,16.936,21.704,0.395,0.768,0.008,0.048,-0.019,0.451,-0.004,-0.014,16.635,-0.031,19.122,16.751,19.051
3.666,1.651,-0.001,0.872,0.003,-0.000,0.489,0.155,0.164,18.460,0.147,22.973,17.104,21.895,0.392,0.771,0.008,0.044,-0.009,0.451,0.024,0.005,16.610,-0.012,19.141,16.755,19.093
3.670,1.658,-0.001,0.871,0.003,-0.000,0.491,0.155,0.164,18.626,0.147,23.165,17.271,22.086,0.389,0.774,0.008,0.037,-0.001,0.452,0.026,0.011,16.595,-0.006,19.160,16.753,19.134
3.674,1.666,-0.001,0.870,0.003,-0.000,0.493,0.155,0.164,18.791,0.147,23.357,17.439,22.278,0.387,0.778,0.008,0.027,0.006,0.454,0.018,0.012,16.590,-0.005,19.176,16.745,19.173
3.678,1.674,-0.001,0.869,0.003,0.000,0.495,0.156,0.164,18.957,0.147,23.548,17.606,22.470,0.384,0.781,0.009,0.013,0.012,0.455,0.010,0.011,16.596,-0.004,19.185,16.730,19.208
3.682,1.682,-0.000,0.868,0.003,0.000,0.497,0.156,0.164,19.123,0.147,23.740,17.773,22.662,0.381,0.785,0.009,-0.005,0.018,0.457,0.004,0.010,16.613,-0.004,19.186,16.712,19.237
3.686,1.690,-0.000,0.867,0.003,0.000,0.499,0.156,0.164,19.290,0.147,23.932,17.940,22.854,0.379,0.788,0.009,-0.024,0.024,0.459,0.002,0.009,16.642,-0.003,19.178,16.691,19.257
3.689,1.697,-0.000,0.865,0.003,0.000,0.501,0.156,0.164,19.456,0.147,24.124,18.107,23.047,0.376,0.791,0.008,-0.046,0.031,0.461,0.001,0.010,16.680,-0.002,19.160,16.670,19.267
3.693,1.705,-0.000,0.864,0.002,0.000,0.503,0.156,0.164,19.623,0.147,24.315,18.274,23.240,0.373,0.795,0.008,-0.067,0.040,0.463,0.001,0.010,16.730,-0.001,19.137,16.652,19.264
3.697,1.713,-0.000,0.863,0.002,0.000,0.505,0.156,0.164,19.791,0.147,24.506,18.440,23.432,0.370,0.798,0.007,-0.088,0.049,0.464,0.002,0.011,16.790,-0.000,19.113,16.640,19.246
3.700,1.721,-0.000,0.862,0.001,0.000,0.507,0.156,0.164,19.959,0.147,24.697,18.607,23.624,0.367,0.801,0.005,-0.104,0.058,0.466,0.003,0.011,16.860,0.001,19.091,16.636,19.215
3.704,1.729,-0.000,0.861,0.001,0.000,0.509,0.156,0.165,20.128,0.147,24.888,18.773,23.816,0.364,0.804,0.003,-0.115,0.065,0.468,0.003,0.011,16.940,0.002,19.077,16.642,19.171
3.708,1.737,-0.000,0.859,-0.000,0.000,0.511,0.156,0.165,20.298,0.147,25.079,18.939,24.008,0.360,0.807,0.001,-0.119,0.070,0.469,0.004,0.011,17.026,0.002,19.073,16.658,19.116
3.711,1.745,-0.000,0.858,-0.001,0.000,0.513,0.156,0.165,20.469,0.147,25.270,19.106,24.199,0.357,0.810,-0.002,-0.115,0.071,0.470,0.004,0.011,17.119,0.003,19.082,16.684,19.055
3.715,1.754,-0.000,0.857,-0.001,0.000,0.515,0.156,0.165,20.640,0.147,25.461,19.273,24.389,0.353,0.813,-0.004,-0.101,0.065,0.471,0.003,0.010,17.213,0.004,19.104,16.718,18.991
3.718,1.762,-0.000,0.856,-0.002,0.000,0.517,0.156,0.165,20.813,0.147,25.652,19.440,24.579,0.350,0.816,-0.006,-0.080,0.054,0.471,0.003,0.009,17.302,0.004,19.138,16.760,18.929
3.722,1.770,-0.000,0.855,-0.002,0.000,0.519,0.156,0.165,20.986,0.147,25.844,19.608,24.768,0.346,0.818,-0.007,-0.055,0.040,0.471,0.002,0.008,17.380,0.005,19.181,16.805,18.874
3.725,1.778,-0.000,0.853,-0.003,0.000,0.521,0.156,0.165,21.161,0.147,26.036,19.777,24.956,0.342,0.820,-0.009,-0.030,0.026,0.470,0.001,0.006,17.441,0.005,19.229,16.851,18.831
3.729,1.786,-0.000,0.852,-0.003,0.000,0.523,0.156,0.165,21.335,0.147,26.228,19.945,25.144,0.338,0.821,-0.011,-0.007,0.011,0.469,0.001,0.005,17.486,0.004,19.281,16.896,18.803
3.732,1.795,-0.000,0.851,-0.003,0.000,0.525,0.156,0.165,21.510,0.147,26.421,20.115,25.332,0.334,0.822,-0.012,0.014,-0.004,0.468,0.001,0.004,17.515,0.004,19.334,16.940,18.794
3.735,1.803,-0.001,0.850,-0.003,0.000,0.527,0.156,0.165,21.685,0.147,26.615,20.284,25.520,0.330,0.823,-0.013,0.031,-0.019,0.467,0.000,0.003,17.531,0.004,19.386,16.981,18.803
3.739,1.811,-0.001,0.848,-0.002,0.000,0.529,0.156,0.165,21.861,0.147,26.809,20.454,25.708,0.326,0.824,-0.013,0.044,-0.031,0.466,0.000,0.002,17.536,0.004,19.433,17.019,18.829
3.742,1.819,-0.001,0.847,-0.002,0.000,0.531,0.156,0.165,22.036,0.147,27.003,20.624,25.897,0.322,0.825,-0.012,0.053,-0.041,0.465,0.000,0.002,17.530,0.003,19.473,17.051,18.871
3.745,1.827,-0.001,0.846,-0.002,0.000,0.533,0.156,0.165,22.211,0.147,27.198,20.795,26.086,0.318,0.825,-0.011,0.057,-0.048,0.464,0.000,0.001,17.517,0.003,19.503,17.077,18.924
3.748,1.836,-0.001,0.845,-0.001,0.000,0.535,0.156,0.165,22.386,0.147,27.393,20.966,26.275,0.313,0.825,-0.009,0.058,-0.051,0.463,0.000,0.000,17.496,0.003,19.523,17.097,18.984
3.751,1.844,-0.001,0.844,-0.001,0.000,0.537,0.156,0.165,22.561,0.148,27.589,21.137,26.465,0.309,0.826,-0.007,0.056,-0.050,0.462,-0.000,-0.000,17.471,0.002,19.534,17.111,19.048
3.754,1.852,-0.001,0.842,-0.001,0.000,0.539,0.156,0.165,22.736,0.148,27.784,21.308,26.656,0.305,0.826,-0.005,0.051,-0.047,0.462,-0.000,-0.001,17.443,0.002,19.538,17.119,19.112
3.757,1.861,-0.001,0.841,-0.000,0.000,0.541,0.156,0.165,22.910,0.148,27.979,21.479,26.848,0.301,0.827,-0.003,0.047,-0.041,0.461,-0.000,-0.002,17.413,0.001,19.538,17.124,19.172
3.760,1.869,-0.001,0.840,0.000,0.000,0.543,0.156,0.165,23.084,0.148,28.175,21.651,27.040,0.297,0.828,-0.001,0.042,-0.036,0.461,-0.001,-0.002,17.383,0.000,19.537,17.127,19.227
3.763,1.877,-0.001,0.839,0.000,-0.000,0.545,0.156,0.165,23.258,0.148,28.370,21.822,27.232,0.293,0.829,0.001,0.039,-0.031,0.461,-0.001,-0.002,17.351,-0.001,19.537,17.130,19.275
3.766,1.885,-0.001,0.837,0.001,-0.000,0.547,0.156,0.165,23.431,0.148,28.566,21.993,27.425,0.289,0.831,0.003,0.036,-0.027,0.461,-0.001,-0.003,17.319,-0.002,19.540,17.134,19.318
3.769,1.894,-0.001,0.836,0.001,-0.000,0.549,0.156,0.165,23.604,0.148,28.761,22.165,27.619,0.286,0.832,0.004,0.035,-0.027,0.461,-0.001,-0.003,17.286,-0.003,19.547,17.141,19.355
3.772,1.902,-0.001,0.835,0.001,-0.000,0.551,0.156,0.165,23.777,0.147,28.957,22.336,27.812,0.282,0.834,0.006,0.035,-0.029,0.462,-0.001,-0.003,17.252,-0.004,19.555,17.150,19.389
3.775,1.910,-0.001,0.833,0.001,-0.000,0.553,0.156,0.165,23.949,0.147,29.152,22.508,28.006,0.279,0.837,0.007,0.035,-0.033,0.462,-0.001,-0.003,17.215,-0.004,19.564,17.162,19.423
3.778,1.919,-0.001,0.832,0.001,-0.000,0.554,0.156,0.165,24.121,0.147,29.348,22.679,28.201,0.275,0.839,0.008,0.034,-0.038,0.463,-0.001,-0.003,17.178,-0.005,19.570,17.176,19.457
3.780,1.927,-0.001,0.831,0.002,-0.000,0.556,0.156,0.165,24.293,0.147,29.544,22.851,28.395,0.272,0.842,0.009,0.031,-0.043,0.463,-0.001,-0.002,17.140,-0.005,19.571,17.191,19.493
3.783,1.936,-0.001,0.830,0.002,-0.000,0.558,0.156,0.165,24.464,0.147,29.739,23.023,28.591,0.269,0.844,0.010,0.025,-0.046,0.464,-0.001,-0.002,17.103,-0.005,19.564,17.205,19.531
3.786,1.944,-0.001,0.828,0.002,-0.000,0.560,0.156,0.165,24.635,0.147,29.935,23.195,28.786,0.265,0.847,0.011,0.018,-0.046,0.465,-0.000,-0.001,17.068,-0.004,19.547,17.217,19.569
3.788,1.953,-0.001,0.827,0.002,-0.001,0.562,0.156,0.165,24.805,0.147,30.130,23.367,28.982,0.262,0.850,0.012,0.008,-0.040,0.467,-0.000,-0.001,17.038,-0.004,19.519,17.223,19.603
3.791,1.961,-0.001,0.826,0.002,-0.001,0.564,0.156,0.165,24.976,0.147,30.325,23.540,29.178,0.258,0.853,0.013,-0.004,-0.029,0.468,-0.000,-0.000,17.013,-0.003,19.482,17.222,19.630
3.794,1.970,-0.000,0.824,0.002,-0.001,0.566,0.156,0.165,25.146,0.147,30.520,23.712,29.375,0.255,0.855,0.013,-0.017,-0.012,0.470,0.000,0.000,16.998,-0.003,19.438,17.212,19.645
3.796,1.978,-0.000,0.823,0.002,-0.001,0.568,0.156,0.165,25.316,0.147,30.714,23.884,29.571,0.251,0.858,0.013,-0.030,0.010,0.471,0.000,0.001,16.994,-0.002,19.393,17.194,19.645
3.799,1.987,-0.000,0.822,0.002,-0.001,0.570,0.156,0.165,25.486,0.147,30.908,24.056,29.767,0.247,0.860,0.012,-0.042,0.035,0.473,0.001,0.002,17.003,-0.001,19.350,17.167,19.628
3.801,1.995,-0.000,0.820,0.002,-0.001,0.572,0.156,0.165,25.656,0.147,31.101,24.227,29.963,0.244,0.863,0.010,-0.053,0.063,0.475,0.001,0.003,17.028,-0.000,19.317,17.134,19.591
3.803,2.004,0.000,0.819,0.001,-0.001,0.574,0.156,0.165,25.826,0.147,31.294,24.398,30.159,0.240,0.865,0.008,-0.062,0.089,0.476,0.001,0.004,17.069,0.000,19.298,17.096,19.538
3.806,2.013,0.000,0.818,0.001,-0.001,0.576,0.156,0.165,25.997,0.147,31.487,24.569,30.354,0.236,0.867,0.005,-0.067,0.111,0.477,0.001,0.004,17.126,0.002,19.297,17.058,19.470
3.808,2.021,0.000,0.816,0.000,-0.000,0.578,0.156,0.165,26.169,0.147,31.680,24.740,30.548,0.232,0.869,0.001,-0.066,0.125,0.478,0.002,0.005,17.199,0.003,19.316,17.023,19.392
3.810,2.030,0.000,0.815,-0.000,0.000,0.580,0.156,0.165,26.341,0.147,31.873,24.910,30.742,0.228,0.871,-0.002,-0.060,0.129,0.479,0.002,0.006,17.285,0.003,19.355,16.994,19.312
3.813,2.039,0.000,0.813,-0.001,0.000,0.582,0.156,0.165,26.514,0.147,32.067,25.079,30.935,0.224,0.873,-0.005,-0.047,0.122,0.479,0.002,0.006,17.378,0.004,19.412,16.972,19.235
3.815,2.048,0.000,0.812,-0.002,0.001,0.584,0.156,0.165,26.689,0.147,32.262,25.249,31.127,0.220,0.875,-0.008,-0.031,0.104,0.479,0.001,0.005,17.472,0.004,19.483,16.959,19.168
3.817,2.056,-0.000,0.811,-0.002,0.001,0.586,0.156,0.165,26.864,0.147,32.457,25.419,31.318,0.216,0.876,-0.011,-0.013,0.079,0.478,0.001,0.005,17.560,0.005,19.561,16.956,19.116
3.819,2.065,-0.000,0.809,-0.002,0.001,0.587,0.156,0.166,27.040,0.147,32.653,25.588,31.509,0.211,0.877,-0.013,0.002,0.049,0.477,0.001,0.004,17.633,0.005,19.640,16.961,19.082
3.821,2.074,-0.000,0.808,-0.002,0.001,0.589,0.156,0.166,27.216,0.147,32.850,25.758,31.700,0.207,0.878,-0.014,0.014,0.017,0.476,0.001,0.004,17.688,0.004,19.713,16.976,19.069
3.823,2.083,-0.000,0.806,-0.002,0.002,0.591,0.156,0.166,27.394,0.147,33.047,25.928,31.891,0.203,0.878,-0.015,0.021,-0.013,0.475,0.001,0.003,17.725,0.004,19.776,16.999,19.076
3.825,2.091,-0.001,0.805,-0.002,0.002,0.593,0.156,0.166,27.571,0.147,33.245,26.098,32.081,0.198,0.878,-0.015,0.026,-0.041,0.473,0.001,0.003,17.744,0.004,19.825,17.029,19.102
3.827,2.100,-0.001,0.804,-0.002,0.001,0.595,0.156,0.166,27.748,0.147,33.444,26.268,32.273,0.194,0.877,-0.014,0.027,-0.062,0.472,0.001,0.003,17.745,0.004,19.856,17.065,19.143
3.829,2.109,-0.001,0.802,-0.001,0.001,0.597,0.156,0.166,27.926,0.148,33.642,26.439,32.464,0.189,0.877,-0.013,0.026,-0.076,0.471,0.001,0.003,17.730,0.004,19.869,17.103,19.195
3.831,2.118,-0.001,0.801,-0.001,0.001,0.599,0.156,0.166,28.103,0.148,33.841,26.610,32.657,0.185,0.876,-0.011,0.023,-0.082,0.470,0.000,0.002,17.704,0.004,19.865,17.140,19.252
3.833,2.126,-0.001,0.799,-0.001,0.001,0.601,0.156,0.166,28.280,0.148,34.039,26.782,32.849,0.180,0.875,-0.010,0.019,-0.079,0.469,0.000,0.002,17.670,0.003,19.848,17.175,19.310
3.835,2.135,-0.001,0.798,-0.000,0.000,0.603,0.156,0.166,28.456,0.148,34.238,26.954,33.043,0.176,0.874,-0.008,0.015,-0.070,0.469,0.000,0.001,17.632,0.002,19.822,17.205,19.364
3.837,2.144,-0.001,0.797,-0.000,0.000,0.604,0.011,0.044,28.631,0.045,34.434,27.127,33.237,0.187,0.878,-0.005,-0.008,-0.061,0.402,-23.467,-20.278,17.436,-17.457,19.444,17.505,19.440
3.839,2.153,-0.001,0.796,-0.000,-0.000,0.605,-0.186,-0.139,28.808,-0.122,34.626,27.305,33.429,0.231,0.864,0.001,-0.048,-0.069,0.107,-12.166,-12.970,17.942,-12.285,18.876,18.115,18.913
3.841,2.161,-0.001,0.796,-0.000,-0.001,0.605,-0.188,-0.176,28.991,-0.139,34.813,27.489,33.614,0.271,0.842,0.007,-0.020,-0.067,-0.185,10.610,5.144,18.631,8.561,18.478,18.626,18.152
3.844,2.170,-0.001,0.797,0.000,-0.001,0.604,-0.031,-0.073,29.179,0.001,34.996,27.677,33.794,0.274,0.838,0.006,0.028,-0.045,-0.223,16.735,12.865,18.904,15.650,18.282,18.768,17.895
3.847,2.178,-0.001,0.797,0.000,-0.001,0.604,0.068,0.014,29.367,0.102,35.179,27.863,33.974,0.249,0.849,0.005,0.035,-0.033,-0.068,1.665,2.797,18.604,3.071,18.225,18.589,18.197
3.849,2.187,-0.001,0.797,0.001,-0.001,0.604,0.002,-0.030,29.551,0.057,35.361,28.048,34.158,0.235,0.856,0.005,0.023,-0.025,0.034,-12.500,-9.905,18.302,-10.264,18.206,18.431,18.475
3.851,2.195,-0.001,0.797,0.001,-0.001,0.604,-0.118,-0.131,29.734,-0.055,35.542,28.233,34.342,0.250,0.851,0.006,0.013,-0.022,-0.057,-9.029,-8.088,18.420,-9.703,18.064,18.564,18.333
3.854,2.204,-0.001,0.798,0.001,-0.001,0.603,-0.141,-0.160,29.920,-0.095,35.722,28.420,34.524,0.276,0.840,0.008,0.023,-0.037,-0.224,4.197,2.360,18.698,1.875,17.884,18.841,17.948
3.857,2.212,-0.001,0.798,0.001,-0.001,0.602,-0.059,-0.098,30.108,-0.034,35.900,28.609,34.702,0.286,0.837,0.008,0.025,-0.043,-0.281,9.986,8.326,18.831,8.349,17.759,18.982,17.777
3.860,2.220,-0.001,0.799,0.001,-0.001,0.601,0.011,-0.031,30.295,0.029,36.078,28.799,34.881,0.272,0.844,0.008,0.027,-0.044,-0.188,2.951,3.825,18.641,3.049,17.792,18.882,17.977
3.862,2.229,-0.001,0.800,0.002,-0.001,0.601,-0.010,-0.036,30.480,0.015,36.256,28.987,35.062,0.258,0.850,0.008,0.021,-0.046,-0.085,-6.133,-4.092,18.421,-5.077,17.931,18.705,18.229
3.865,2.237,-0.001,0.800,0.002,-0.001,0.600,-0.079,-0.088,30.664,-0.048,36.436,29.174,35.244,0.263,0.850,0.009,0.007,-0.044,-0.104,-6.139,-5.018,18.390,-6.254,17.927,18.724,18.249
3.868,2.246,-0.001,0.800,0.002,-0.002,0.600,-0.106,-0.113,30.849,-0.083,36.614,29.362,35.426,0.280,0.846,0.009,-0.004,-0.039,-0.199,0.964,0.349,18.489,-0.325,17.754,18.906,18.089
3.870,2.254,-0.000,0.801,0.002,-0.002,0.599,-0.068,-0.084,31.034,-0.058,36.791,29.552,35.606,0.288,0.845,0.010,-0.005,-0.027,-0.243,5.577,4.598,18.511,4.486,17.617,19.031,18.010
3.873,2.263,-0.000,0.802,0.002,-0.002,0.598,-0.022,-0.042,31.218,-0.018,36.967,29.742,35.787,0.281,0.849,0.011,0.000,-0.010,-0.187,2.740,2.988,18.400,2.663,17.672,18.956,18.119
3.876,2.271,-0.000,0.802,0.002,-0.002,0.597,-0.023,-0.036,31.402,-0.015,37.145,29.930,35.969,0.272,0.853,0.011,-0.006,0.013,-0.120,-2.626,-1.490,18.294,-2.002,17.803,18.801,18.247
3.879,2.280,-0.000,0.802,0.002,-0.002,0.597,-0.060,-0.062,31.585,-0.047,37.323,30.118,36.152,0.275,0.853,0.011,-0.024,0.040,-0.121,-3.793,-2.979,18.296,-3.612,17.815,18.752,18.244
3.882,2.288,0.000,0.803,0.002,-0.002,0.596,-0.082,-0.081,31.768,-0.072,37.501,30.306,36.333,0.284,0.851,0.009,-0.041,0.069,-0.169,-0.387,-0.642,18.378,-0.963,17.699,18.806,18.132
3.884,2.297,0.000,0.803,0.001,-0.001,0.596,-0.068,-0.072,31.952,-0.064,37.677,30.494,36.514,0.290,0.852,0.007,-0.044,0.097,-0.196,2.727,2.123,18.449,2.074,17.605,18.835,18.036
3.887,2.305,0.000,0.804,0.001,-0.001,0.595,-0.041,-0.049,32.137,-0.042,37.853,30.682,36.694,0.289,0.853,0.005,-0.040,0.120,-0.177,1.997,1.931,18.479,1.860,17.640,18.764,18.011
3.890,2.314,0.000,0.804,0.000,-0.001,0.594,-0.035,-0.041,32.322,-0.035,38.030,30.869,36.875,0.285,0.855,0.002,-0.038,0.136,-0.147,-0.768,-0.242,18.510,-0.412,17.749,18.652,18.002
3.893,2.322,0.000,0.805,-0.000,-0.000,0.594,-0.052,-0.051,32.507,-0.048,38.208,31.055,37.054,0.287,0.856,-0.002,-0.039,0.141,-0.142,-2.006,-1.500,18.589,-1.774,17.832,18.584,17.949
3.896,2.331,0.000,0.805,-0.001,0.000,0.593,-0.066,-0.063,32.694,-0.062,38.387,31.241,37.233,0.291,0.855,-0.005,-0.038,0.134,-0.160,-0.685,-0.661,18.716,-0.847,17.859,18.575,17.857
3.899,2.339,0.000,0.806,-0.001,0.001,0.592,-0.063,-0.063,32.882,-0.062,38.565,31.427,37.411,0.295,0.855,-0.008,-0.029,0.116,-0.175,1.030,0.674,18.850,0.708,17.887,18.581,17.774
3.902,2.348,-0.000,0.806,-0.002,0.001,0.592,-0.051,-0.053,33.071,-0.052,38.744,31.613,37.589,0.296,0.855,-0.011,-0.014,0.089,-0.172,1.116,0.953,18.948,0.987,17.962,18.567,17.736
3.905,2.357,-0.000,0.807,-0.002,0.001,0.591,-0.045,-0.047,33.260,-0.046,38.925,31.798,37.766,0.295,0.855,-0.013,-0.002,0.057,-0.158,0.045,0.202,19.008,0.228,18.067,18.545,17.735
3.908,2.365,-0.000,0.807,-0.002,0.001,0.590,-0.050,-0.049,33.451,-0.048,39.106,31.984,37.944,0.295,0.855,-0.014,0.006,0.024,-0.151,-0.774,-0.528,19.055,-0.593,18.159,18.544,17.745
3.911,2.374,-0.000,0.808,-0.002,0.001,0.590,-0.057,-0.055,33.641,-0.054,39.288,32.169,38.121,0.297,0.854,-0.015,0.010,-0.008,-0.155,-0.527,-0.435,19.109,-0.523,18.216,18.576,17.748
3.914,2.382,-0.001,0.808,-0.002,0.001,0.589,-0.059,-0.057,33.833,-0.057,39.470,32.355,38.299,0.300,0.852,-0.015,0.013,-0.036,-0.164,0.068,-0.014,19.158,-0.062,18.248,18.628,17.754
3.917,2.391,-0.001,0.809,-0.002,0.001,0.588,-0.056,-0.055,34.025,-0.056,39.653,32.542,38.476,0.301,0.850,-0.014,0.016,-0.059,-0.167,0.435,0.283,19.182,0.303,18.271,18.681,17.780
3.920,2.399,-0.001,0.809,-0.002,0.001,0.588,-0.053,-0.053,34.216,-0.053,39.835,32.729,38.654,0.302,0.849,-0.013,0.018,-0.074,-0.165,0.214,0.175,19.172,0.172,18.288,18.729,17.829
3.923,2.408,-0.001,0.810,-0.001,0.001,0.587,-0.052,-0.052,34.408,-0.052,40.018,32.916,38.833,0.302,0.847,-0.012,0.019,-0.080,-0.161,-0.016,0.033,19.144,0.029,18.294,18.774,17.888
3.926,2.416,-0.001,0.810,-0.001,0.001,0.586,-0.053,-0.052,34.599,-0.053,40.201,33.104,39.012,0.303,0.845,-0.010,0.018,-0.078,-0.159,-0.140,-0.065,19.111,-0.096,18.286,18.817,17.946
3.929,2.425,-0.001,0.811,-0.001,0.000,0.586,-0.054,-0.053,34.790,-0.054,40.384,33.293,39.192,0.304,0.844,-0.008,0.017,-0.070,-0.159,-0.087,-0.038,19.079,-0.075,18.267,18.857,17.997
3.932,2.433,-0.001,0.811,-0.000,0.000,0.585,-0.054,-0.053,34.981,-0.054,40.567,33.481,39.372,0.305,0.842,-0.006,0.016,-0.057,-0.160,-0.023,-0.015,19.048,-0.033,18.243,18.890,18.041
3.935,2.441,-0.001,0.811,-0.000,-0.000,0.584,-0.054,-0.053,35.171,-0.054,40.749,33.670,39.553,0.306,0.840,-0.004,0.016,-0.043,-0.161,0.006,-0.005,19.020,-0.014,18.220,18.915,18.079
3.938,2.450,-0.001,0.812,-0.000,-0.000,0.584,-0.054,-0.053,35.361,-0.054,40.931,33.860,39.734,0.307,0.839,-0.002,0.017,-0.030,-0.162,0.014,-0.002,18.996,-0.007,18.201,18.932,18.111
3.941,2.458,-0.001,0.812,0.000,-0.000,0.583,-0.054,-0.053,35.551,-0.054,41.113,34.049,39.915,0.308,0.838,0.000,0.019,-0.020,-0.162,0.011,-0.002,18.975,-0.006,18.190,18.944,18.138
3.944,2.467,-0.001,0.813,0.000,-0.000,0.582,-0.054,-0.053,35.741,-0.054,41.295,34.239,40.096,0.310,0.837,0.002,0.022,-0.014,-0.162,0.005,-0.003,18.956,-0.006,18.187,18.953,18.161
3.947,2.475,-0.001,0.813,0.000,-0.000,0.582,-0.054,-0.053,35.930,-0.055,41.477,34.428,40.278,0.311,0.837,0.004,0.025,-0.015,-0.163,-0.000,-0.004,18.938,-0.007,18.191,18.963,18.183
3.950,2.483,-0.001,0.814,0.000,-0.000,0.581,-0.054,-0.053,36.119,-0.055,41.659,34.618,40.460,0.313,0.838,0.005,0.027,-0.021,-0.163,-0.003,-0.005,18.917,-0.007,18.199,18.974,18.205
3.953,2.492,-0.001,0.814,0.001,-0.000,0.580,-0.054,-0.053,36.308,-0.055,41.841,34.808,40.642,0.315,0.838,0.007,0.029,-0.030,-0.163,-0.004,-0.005,18.892,-0.008,18.208,18.989,18.230
3.957,2.500,-0.001,0.815,0.001,-0.000,0.580,-0.054,-0.053,36.497,-0.055,42.023,34.998,40.825,0.316,0.839,0.008,0.030,-0.041,-0.164,-0.004,-0.005,18.861,-0.008,18.215,19.007,18.259
3.960,2.508,-0.001,0.815,0.001,-0.000,0.579,-0.054,-0.053,36.686,-0.055,42.205,35.188,41.007,0.318,0.840,0.010,0.029,-0.052,-0.164,-0.003,-0.005,18.823,-0.007,18.215,19.029,18.292
3.963,2.517,-0.001,0.816,0.001,-0.001,0.578,-0.054,-0.053,36.874,-0.055,42.387,35.378,41.190,0.320,0.841,0.011,0.025,-0.059,-0.164,-0.002,-0.005,18.781,-0.007,18.207,19.051,18.327
3.966,2.525,-0.001,0.816,0.002,-0.001,0.578,-0.054,-0.053,37.061,-0.055,42.569,35.569,41.374,0.322,0.842,0.012,0.019,-0.061,-0.165,-0.001,-0.004,18.736,-0.006,18.188,19.072,18.363
3.969,2.534,-0.001,0.817,0.002,-0.001,0.577,-0.054,-0.053,37.248,-0.055,42.751,35.760,41.558,0.324,0.843,0.013,0.011,-0.055,-0.165,-0.001,-0.003,18.692,-0.006,18.159,19.088,18.396
3.973,2.542,-0.001,0.817,0.002,-0.001,0.576,-0.054,-0.053,37.435,-0.055,42.932,35.951,41.742,0.326,0.843,0.013,0.002,-0.043,-0.165,-0.001,-0.002,18.652,-0.005,18.121,19.095,18.422
3.976,2.551,-0.000,0.818,0.002,-0.001,0.576,-0.054,-0.053,37.621,-0.055,43.113,36.142,41.926,0.328,0.844,0.013,-0.009,-0.023,-0.166,-0.000,-0.001,18.621,-0.005,18.077,19.090,18.437
3.979,2.559,-0.000,0.818,0.002,-0.001,0.575,-0.054,-0.053,37.808,-0.055,43.294,36.332,42.110,0.330,0.845,0.013,-0.020,0.003,-0.166,0.000,0.000,18.603,-0.004,18.032,19.073,18.438
3.983,2.567,-0.000,0.819,0.002,-0.001,0.574,-0.054,-0.053,37.994,-0.055,43.474,36.523,42.295,0.332,0.845,0.012,-0.031,0.032,-0.166,0.000,0.002,18.600,-0.003,17.990,19.042,18.424
3.986,2.576,-0.000,0.819,0.002,-0.001,0.574,-0.054,-0.053,38.180,-0.055,43.654,36.713,42.479,0.334,0.846,0.010,-0.042,0.062,-0.166,0.001,0.004,18.615,-0.002,17.957,19.000,18.392
3.989,2.584,0.000,0.820,0.001,-0.001,0.573,-0.054,-0.053,38.366,-0.055,43.833,36.903,42.663,0.335,0.846,0.008,-0.052,0.090,-0.165,0.001,0.005,18.650,-0.001,17.937,18.951,18.344
3.993,2.593,0.000,0.820,0.001,-0.001,0.572,-0.054,-0.053,38.553,-0.055,44.012,37.092,42.846,0.337,0.846,0.005,-0.060,0.113,-0.165,0.002,0.006,18.704,-0.000,17.933,18.898,18.283
3.996,2.601,0.000,0.820,0.000,-0.000,0.572,-0.054,-0.053,38.740,-0.055,44.192,37.281,43.028,0.339,0.846,0.002,-0.064,0.127,-0.165,0.002,0.007,18.776,0.001,17.946,18.849,18.213
3.999,2.610,0.000,0.821,-0.000,-0.000,0.571,-0.054,-0.053,38.928,-0.055,44.371,37.469,43.210,0.340,0.846,-0.002,-0.064,0.132,-0.165,0.002,0.008,18.863,0.003,17.976,18.806,18.138
4.003,2.618,0.000,0.821,-0.001,0.000,0.570,-0.054,-0.053,39.117,-0.055,44.551,37.657,43.391,0.342,0.846,-0.005,-0.057,0.124,-0.165,0.002,0.008,18.960,0.004,18.021,18.774,18.064
4.006,2.627,0.000,0.822,-0.002,0.001,0.570,-0.054,-0.053,39.308,-0.055,44.732,37.845,43.571,0.343,0.846,-0.008,-0.045,0.105,-0.165,0.001,0.007,19.060,0.005,18.077,18.756,17.998
4.010,2.635,-0.000,0.822,-0.002,0.001,0.569,-0.054,-0.053,39.499,-0.055,44.913,38.032,43.751,0.345,0.846,-0.010,-0.030,0.079,-0.165,0.001,0.006,19.152,0.005,18.140,18.751,17.943
4.013,2.644,-0.000,0.823,-0.002,0.001,0.568,-0.054,-0.053,39.690,-0.055,45.095,38.220,43.930,0.346,0.845,-0.012,-0.016,0.049,-0.165,0.001,0.005,19.229,0.005,18.203,18.758,17.902
4.017,2.652,-0.000,0.823,-0.002,0.001,0.568,-0.054,-0.053,39.883,-0.055,45.277,38.407,44.109,0.347,0.844,-0.013,-0.004,0.020,-0.165,0.001,0.003,19.287,0.005,18.262,18.777,17.878
4.020,2.660,-0.000,0.824,-0.002,0.001,0.567,-0.054,-0.053,40.076,-0.055,45.460,38.595,44.288,0.348,0.843,-0.014,0.006,-0.008,-0.165,0.000,0.002,19.324,0.004,18.313,18.807,17.871
4.024,2.669,-0.001,0.824,-0.002,0.001,0.566,-0.054,-0.053,40.270,-0.055,45.643,38.784,44.467,0.349,0.841,-0.014,0.014,-0.033,-0.164,0.000,0.001,19.342,0.003,18.354,18.844,17.881
4.027,2.677,-0.001,0.825,-0.002,0.001,0.566,-0.054,-0.053,40.463,-0.055,45.827,38.972,44.645,0.350,0.839,-0.014,0.021,-0.053,-0.164,0.000,0.001,19.343,0.003,18.381,18.887,17.906
4.031,2.686,-0.001,0.825,-0.002,0.001,0.565,-0.054,-0.053,40.656,-0.055,46.011,39.161,44.825,0.351,0.837,-0.013,0.025,-0.065,-0.164,-0.000,-0.000,19.330,0.002,18.396,18.931,17.942
4.034,2.694,-0.001,0.826,-0.002,0.001,0.564,-0.054,-0.053,40.850,-0.055,46.195,39.351,45.004,0.352,0.835,-0.012,0.028,-0.071,-0.164,-0.000,-0.001,19.306,0.001,18.397,18.972,17.986
4.038,2.702,-0.001,0.826,-0.001,0.000,0.564,-0.054,-0.053,41.042,-0.055,46.379,39.541,45.184,0.353,0.833,-0.010,0.030,-0.070,-0.164,-0.000,-0.001,19.275,0.001,18.388,19.008,18.034
4.041,2.711,-0.001,0.827,-0.001,0.000,0.563,-0.054,-0.053,41.235,-0.055,46.562,39.731,45.365,0.353,0.831,-0.008,0.031,-0.063,-0.164,-0.000,-0.002,19.241,0.000,18.372,19.037,18.082
4.045,2.719,-0.001,0.827,-0.001,0.000,0.562,-0.054,-0.053,41.427,-0.055,46.746,39.921,45.546,0.354,0.829,-0.006,0.031,-0.054,-0.164,-0.001,-0.003,19.206,-0.000,18.353,19.057,18.129
4.048,2.727,-0.001,0.827,-0.000,-0.000,0.562,-0.054,-0.053,41.619,-0.055,46.929,40.112,45.728,0.355,0.828,-0.004,0.031,-0.043,-0.164,-0.001,-0.003,19.171,-0.001,18.334,19.070,18.171
4.052,2.736,-0.001,0.828,-0.000,-0.000,0.561,-0.054,-0.053,41.811,-0.055,47.113,40.303,45.909,0.356,0.826,-0.001,0.032,-0.033,-0.164,-0.001,-0.004,19.139,-0.001,18.318,19.077,18.209
4.055,2.744,-0.001,0.828,0.000,-0.000,0.560,-0.054,-0.053,42.002,-0.055,47.296,40.494,46.092,0.357,0.825,0.001,0.033,-0.026,-0.165,-0.001,-0.005,19.107,-0.002,18.309,19.081,18.242
4.059,2.752,-0.001,0.829,0.000,-0.000,0.559,-0.054,-0.053,42.193,-0.055,47.479,40.684,46.274,0.359,0.824,0.002,0.034,-0.023,-0.165,-0.001,-0.005,19.076,-0.003,18.305,19.084,18.271
4.062,2.760,-0.001,0.829,0.000,-0.000,0.559,-0.054,-0.053,42.383,-0.055,47.662,40.875,46.457,0.360,0.824,0.004,0.036,-0.024,-0.165,-0.002,-0.005,19.043,-0.004,18.308,19.088,18.297
4.066,2.769,-0.001,0.830,0.001,-0.000,0.558,-0.054,-0.053,42.574,-0.055,47.845,41.066,46.640,0.362,0.824,0.006,0.037,-0.029,-0.165,-0.002,-0.006,19.006,-0.004,18.313,19.094,18.323
4.070,2.777,-0.001,0.830,0.001,-0.000,0.557,-0.054,-0.053,42.764,-0.055,48.028,41.257,46.824,0.363,0.824,0.007,0.038,-0.035,-0.165,-0.002,-0.005,18.965,-0.005,18.320,19.104,18.349
4.073,2.785,-0.001,0.831,0.001,-0.000,0.557,-0.054,-0.053,42.953,-0.055,48.211,41.448,47.007,0.365,0.825,0.009,0.037,-0.043,-0.166,-0.001,-0.005,18.919,-0.005,18.324,19.116,18.377
4.077,2.793,-0.001,0.831,0.001,-0.000,0.556,-0.054,-0.053,43.142,-0.055,48.395,41.640,47.191,0.367,0.825,0.010,0.035,-0.048,-0.166,-0.001,-0.005,18.871,-0.005,18.323,19.130,18.407
4.081,2.802,-0.001,0.832,0.002,-0.000,0.555,-0.054,-0.053,43.330,-0.055,48.578,41.831,47.375,0.369,0.826,0.011,0.030,-0.051,-0.166,-0.001,-0.004,18.821,-0.005,18.314,19.143,18.439
4.084,2.810,-0.001,0.832,0.002,-0.001,0.555,-0.054,-0.053,43.518,-0.055,48.761,42.022,47.560,0.371,0.827,0.011,0.023,-0.048,-0.167,-0.001,-0.004,18.774,-0.005,18.296,19.151,18.470
4.088,2.818,-0.001,0.833,0.002,-0.001,0.554,-0.054,-0.053,43.706,-0.055,48.944,42.214,47.745,0.373,0.827,0.012,0.013,-0.040,-0.167,-0.001,-0.003,18.733,-0.005,18.268,19.153,18.498
4.092,2.826,-0.001,0.833,0.002,-0.001,0.553,-0.054,-0.053,43.893,-0.055,49.126,42.405,47.930,0.375,0.828,0.012,0.001,-0.026,-0.167,-0.000,-0.001,18.700,-0.004,18.232,19.146,18.519
4.096,2.835,-0.000,0.833,0.002,-0.001,0.553,-0.054,-0.053,44.080,-0.055,49.308,42.597,48.115,0.377,0.828,0.012,-0.012,-0.007,-0.167,0.000,-0.000,18.678,-0.004,18.190,19.126,18.530
4.099,2.843,-0.000,0.834,0.002,-0.001,0.552,-0.054,-0.053,44.267,-0.055,49.490,42.788,48.300,0.379,0.828,0.011,-0.026,0.016,-0.167,0.000,0.001,18.671,-0.003,18.146,19.095,18.527
4.103,2.851,-0.000,0.834,0.002,-0.001,0.551,-0.054,-0.053,44.453,-0.055,49.671,42.979,48.486,0.380,0.828,0.010,-0.040,0.041,-0.167,0.001,0.003,18.680,-0.003,18.103,19.054,18.509
4.107,2.859,-0.000,0.835,0.002,-0.001,0.550,-0.054,-0.053,44.640,-0.056,49.852,43.169,48.671,0.382,0.829,0.009,-0.055,0.066,-0.166,0.001,0.005,18.707,-0.002,18.067,19.005,18.474
4.111,2.868,-0.000,0.835,0.001,-0.001,0.550,-0.054,-0.053,44.828,-0.056,50.033,43.359,48.855,0.384,0.829,0.007,-0.068,0.088,-0.166,0.001,0.006,18.751,-0.001,18.042,18.955,18.424
4.115,2.876,0.000,0.836,0.001,-0.001,0.549,-0.054,-0.053,45.015,-0.056,50.213,43.548,49.039,0.385,0.829,0.004,-0.078,0.105,-0.165,0.002,0.007,18.813,0.001,18.031,18.907,18.362
4.119,2.884,0.000,0.836,0.000,-0.000,0.548,-0.054,-0.053,45.204,-0.056,50.393,43.737,49.222,0.387,0.829,0.001,-0.083,0.115,-0.165,0.002,0.008,18.889,0.002,18.035,18.867,18.290
4.122,2.893,0.000,0.837,-0.001,-0.000,0.548,-0.054,-0.053,45.393,-0.055,50.574,43.925,49.405,0.389,0.829,-0.002,-0.082,0.115,-0.165,0.002,0.008,18.978,0.003,18.054,18.839,18.214
4.126,2.901,0.000,0.837,-0.001,0.000,0.547,-0.054,-0.053,45.583,-0.055,50.754,44.114,49.587,0.390,0.828,-0.005,-0.073,0.104,-0.164,0.002,0.007,19.074,0.004,18.087,18.823,18.137
4.130,2.909,-0.000,0.838,-0.002,0.000,0.546,-0.054,-0.053,45.775,-0.055,50.936,44.302,49.768,0.391,0.828,-0.007,-0.059,0.085,-0.164,0.001,0.006,19.168,0.005,18.130,18.821,18.066
4.134,2.917,-0.000,0.838,-0.002,0.001,0.546,-0.054,-0.053,45.967,-0.055,51.117,44.490,49.948,0.393,0.827,-0.009,-0.041,0.061,-0.165,0.001,0.005,19.250,0.006,18.178,18.831,18.005
4.138,2.926,-0.000,0.838,-0.002,0.001,0.545,-0.054,-0.053,46.160,-0.055,51.299,44.679,50.128,0.394,0.826,-0.011,-0.025,0.036,-0.165,0.001,0.004,19.315,0.006,18.226,18.851,17.956
4.142,2.934,-0.000,0.839,-0.003,0.001,0.544,-0.054,-0.053,46.353,-0.055,51.482,44.867,50.307,0.395,0.825,-0.012,-0.011,0.012,-0.165,0.001,0.003,19.359,0.006,18.273,18.879,17.923
4.146,2.942,-0.000,0.839,-0.003,0.001,0.544,-0.054,-0.053,46.547,-0.055,51.665,45.056,50.486,0.396,0.823,-0.013,0.003,-0.010,-0.165,0.000,0.001,19.384,0.005,18.314,18.914,17.907
4.150,2.950,-0.001,0.840,-0.003,0.001,0.543,-0.054,-0.053,46.741,-0.055,51.848,45.246,50.665,0.397,0.822,-0.013,0.015,-0.029,-0.165,0.000,0.001,19.393,0.004,18.348,18.953,17.908
4.154,2.959,-0.001,0.840,-0.002,0.001,0.542,-0.054,-0.053,46.935,-0.055,52.032,45.435,50.844,0.398,0.820,-0.013,0.025,-0.044,-0.165,-0.000,-0.000,19.389,0.004,18.374,18.993,17.925
4.158,2.967,-0.001,0.841,-0.002,0.000,0.542,-0.054,-0.053,47.128,-0.055,52.215,45.625,51.024,0.398,0.818,-0.012,0.033,-0.054,-0.165,-0.000,-0.001,19.374,0.003,18.390,19.031,17.954
4.162,2.975,-0.001,0.841,-0.002,0.000,0.541,-0.054,-0.053,47.322,-0.055,52.399,45.816,51.204,0.399,0.816,-0.011,0.039,-0.058,-0.165,-0.000,-0.002,19.350,0.002,18.396,19.064,17.994
4.166,2.983,-0.001,0.842,-0.001,0.000,0.540,-0.036,-0.039,47.516,-0.040,52.583,46.007,51.384,0.398,0.815,-0.009,0.045,-0.059,-0.155,2.964,2.281,19.356,2.460,18.452,19.084,18.069
4.170,2.991,-0.001,0.842,-0.001,0.000,0.540,-0.011,-0.018,47.709,-0.018,52.768,46.197,51.565,0.393,0.817,-0.007,0.053,-0.056,-0.116,1.567,1.554,19.256,1.654,18.537,19.051,18.223
4.174,2.999,-0.001,0.842,-0.001,0.000,0.539,-0.010,-0.014,47.901,-0.013,52.954,46.388,51.748,0.389,0.819,-0.005,0.054,-0.051,-0.076,-1.207,-0.722,19.123,-0.706,18.608,19.008,18.397
4.178,3.008,-0.001,0.842,-0.000,-0.000,0.539,-0.028,-0.028,48.091,-0.027,53.140,46.578,51.933,0.389,0.820,-0.003,0.047,-0.045,-0.070,-1.995,-1.645,19.066,-1.654,18.628,19.013,18.501
4.182,3.016,-0.001,0.843,-0.000,-0.000,0.539,-0.041,-0.040,48.282,-0.038,53.327,46.768,52.118,0.393,0.817,-0.001,0.041,-0.039,-0.092,-0.370,-0.544,19.085,-0.488,18.619,19.060,18.526
4.185,3.024,-0.001,0.843,0.000,-0.000,0.538,-0.035,-0.037,48.473,-0.035,53.513,46.959,52.303,0.396,0.816,0.001,0.041,-0.035,-0.108,1.259,0.837,19.103,0.972,18.620,19.104,18.543
4.189,3.032,-0.001,0.843,0.000,-0.000,0.538,-0.022,-0.027,48.664,-0.024,53.699,47.150,52.489,0.396,0.817,0.003,0.045,-0.033,-0.101,1.014,0.902,19.069,0.935,18.645,19.114,18.605
4.193,3.040,-0.001,0.843,0.001,-0.000,0.537,-0.018,-0.023,48.854,-0.020,53.886,47.341,52.676,0.395,0.819,0.005,0.048,-0.034,-0.084,-0.172,0.030,19.006,-0.013,18.682,19.104,18.693
4.197,3.049,-0.001,0.844,0.001,-0.000,0.537,-0.025,-0.027,49.044,-0.024,54.073,47.532,52.863,0.395,0.820,0.006,0.046,-0.036,-0.077,-0.890,-0.646,18.955,-0.684,18.709,19.109,18.762
4.201,3.057,-0.001,0.844,0.001,-0.000,0.537,-0.031,-0.032,49.234,-0.030,54.260,47.723,53.051,0.398,0.821,0.008,0.043,-0.039,-0.084,-0.419,-0.365,18.926,-0.414,18.722,19.141,18.797
4.205,3.065,-0.001,0.844,0.002,-0.000,0.536,-0.032,-0.033,49.423,-0.031,54.447,47.915,53.239,0.401,0.821,0.009,0.040,-0.042,-0.094,0.247,0.144,18.901,0.119,18.728,19.182,18.822
4.209,3.073,-0.001,0.844,0.002,-0.000,0.536,-0.028,-0.030,49.612,-0.029,54.634,48.107,53.427,0.403,0.822,0.010,0.037,-0.042,-0.096,0.477,0.396,18.865,0.350,18.737,19.209,18.860
4.213,3.081,-0.001,0.845,0.002,-0.000,0.535,-0.025,-0.027,49.800,-0.026,54.822,48.299,53.616,0.403,0.824,0.010,0.031,-0.039,-0.091,0.164,0.185,18.822,0.149,18.748,19.219,18.913
4.217,3.090,-0.001,0.845,0.002,-0.001,0.535,-0.024,-0.026,49.988,-0.025,55.009,48.491,53.805,0.404,0.826,0.011,0.022,-0.032,-0.085,-0.106,-0.017,18.785,-0.053,18.754,19.219,18.966
4.221,3.098,-0.001,0.845,0.002,-0.001,0.535,-0.026,-0.027,50.176,-0.027,55.197,48.683,53.995,0.406,0.827,0.011,0.010,-0.022,-0.084,-0.176,-0.096,18.762,-0.121,18.745,19.217,19.008
4.225,3.106,-0.000,0.845,0.003,-0.001,0.534,-0.027,-0.027,50.363,-0.027,55.384,48.876,54.186,0.407,0.829,0.011,-0.005,-0.007,-0.084,-0.069,-0.038,18.755,-0.053,18.723,19.209,19.036
4.230,3.115,-0.000,0.845,0.002,-0.001,0.534,-0.028,-0.028,50.551,-0.028,55.571,49.068,54.376,0.409,0.830,0.011,-0.021,0.011,-0.085,-0.000,-0.009,18.762,-0.019,18.693,19.191,19.052
4.234,3.123,-0.000,0.846,0.002,-0.001,0.534,-0.028,-0.028,50.739,-0.028,55.758,49.259,54.567,0.410,0.831,0.010,-0.037,0.031,-0.086,0.025,0.004,18.785,-0.005,18.659,19.164,19.054
4.238,3.131,-0.000,0.846,0.002,-0.001,0.533,-0.027,-0.028,50.927,-0.028,55.945,49.451,54.757,0.412,0.831,0.009,-0.054,0.052,-0.085,0.023,0.009,18.823,-0.000,18.628,19.129,19.040
4.242,3.139,-0.000,0.846,0.002,-0.001,0.533,-0.027,-0.028,51.115,-0.028,56.131,49.642,54.947,0.413,0.832,0.007,-0.070,0.072,-0.085,0.014,0.011,18.876,0.001,18.603,19.092,19.010
4.246,3.148,-0.000,0.846,0.001,-0.000,0.533,-0.027,-0.027,51.304,-0.028,56.317,49.833,55.137,0.414,0.833,0.005,-0.084,0.088,-0.084,0.006,0.011,18.945,0.002,18.588,19.059,18.966
4.250,3.156,0.000,0.847,0.000,-0.000,0.532,-0.027,-0.027,51.494,-0.028,56.502,50.023,55.327,0.415,0.834,0.002,-0.094,0.100,-0.083,0.002,0.011,19.028,0.003,18.587,19.033,18.910
4.254,3.164,0.000,0.847,-0.000,-0.000,0.532,-0.027,-0.027,51.685,-0.028,56.688,50.213,55.515,0.417,0.835,-0.001,-0.097,0.104,-0.083,0.001,0.011,19.122,0.005,18.600,19.018,18.844
4.259,3.173,-0.000,0.847,-0.001,0.000,0.531,-0.027,-0.027,51.877,-0.028,56.875,50.404,55.703,0.418,0.835,-0.004,-0.093,0.099,-0.082,0.002,0.010,19.225,0.006,18.627,19.017,18.774
4.263,3.181,-0.000,0.847,-0.002,0.000,0.531,-0.027,-0.027,52.069,-0.028,57.061,50.594,55.891,0.419,0.836,-0.006,-0.080,0.085,-0.082,0.002,0.009,19.330,0.007,18.666,19.030,18.705
4.267,3.190,-0.000,0.847,-0.002,0.000,0.531,-0.027,-0.027,52.263,-0.028,57.248,50.784,56.078,0.419,0.836,-0.008,-0.061,0.064,-0.083,0.002,0.008,19.426,0.008,18.712,19.054,18.640
4.271,3.198,-0.000,0.848,-0.002,0.000,0.530,-0.027,-0.027,52.458,-0.028,57.435,50.975,56.264,0.420,0.836,-0.009,-0.041,0.042,-0.083,0.002,0.007,19.506,0.008,18.763,19.088,18.586
4.275,3.206,-0.000,0.848,-0.003,0.001,0.530,-0.027,-0.027,52.653,-0.027,57.623,51.166,56.449,0.421,0.835,-0.011,-0.023,0.021,-0.083,0.002,0.005,19.564,0.008,18.814,19.128,18.545
4.279,3.215,-0.000,0.848,-0.003,0.001,0.530,-0.027,-0.027,52.849,-0.027,57.812,51.357,56.635,0.421,0.834,-0.012,-0.006,0.001,-0.083,0.001,0.004,19.603,0.007,18.863,19.173,18.522
4.284,3.223,-0.001,0.848,-0.003,0.001,0.529,-0.027,-0.027,53.045,-0.027,58.000,51.549,56.820,0.422,0.833,-0.013,0.010,-0.017,-0.084,0.001,0.003,19.625,0.006,18.909,19.221,18.517
4.288,3.231,-0.001,0.849,-0.003,0.000,0.529,-0.027,-0.027,53.241,-0.027,58.190,51.742,57.005,0.422,0.832,-0.013,0.024,-0.032,-0.084,0.000,0.002,19.633,0.006,18.948,19.268,18.529
4.292,3.240,-0.001,0.849,-0.002,0.000,0.529,-0.027,-0.027,53.438,-0.027,58.379,51.935,57.190,0.422,0.830,-0.013,0.036,-0.043,-0.084,0.000,0.001,19.630,0.005,18.979,19.313,18.558
4.296,3.248,-0.001,0.849,-0.002,0.000,0.528,-0.027,-0.027,53.634,-0.027,58.569,52.128,57.376,0.422,0.829,-0.012,0.045,-0.050,-0.084,-0.000,-0.000,19.618,0.004,19.002,19.351,18.600
4.301,3.256,-0.001,0.849,-0.002,0.000,0.528,-0.027,-0.027,53.830,-0.027,58.759,52.322,57.563,0.422,0.828,-0.010,0.051,-0.053,-0.085,-0.000,-0.001,19.599,0.003,19.017,19.382,18.652
4.305,3.264,-0.001,0.849,-0.001,0.000,0.528,-0.027,-0.027,54.026,-0.027,58.950,52.516,57.749,0.422,0.826,-0.008,0.054,-0.053,-0.085,-0.000,-0.002,19.575,0.002,19.024,19.405,18.711
4.309,3.273,-0.001,0.850,-0.001,0.000,0.527,-0.027,-0.027,54.222,-0.027,59.140,52.710,57.937,0.423,0.825,-0.006,0.056,-0.051,-0.085,-0.001,-0.003,19.547,0.002,19.026,19.421,18.772
4.313,3.281,-0.001,0.850,-0.001,-0.000,0.527,-0.027,-0.027,54.417,-0.027,59.330,52.904,58.125,0.423,0.824,-0.003,0.056,-0.048,-0.086,-0.001,-0.003,19.516,0.001,19.025,19.431,18.834
4.317,3.289,-0.001,0.850,-0.000,-0.000,0.527,-0.027,-0.027,54.612,-0.027,59.520,53.098,58.313,0.424,0.823,-0.001,0.055,-0.044,-0.086,-0.001,-0.004,19.480,0.000,19.025,19.438,18.893
4.322,3.297,-0.001,0.850,0.000,-0.000,0.526,-0.027,-0.027,54.807,-0.027,59.711,53.293,58.503,0.424,0.823,0.001,0.054,-0.042,-0.086,-0.001,-0.004,19.441,-0.001,19.026,19.443,18.948
4.326,3.306,-0.001,0.851,0.000,-0.000,0.526,-0.027,-0.027,55.001,-0.027,59.901,53.487,58.692,0.425,0.823,0.003,0.053,-0.040,-0.086,-0.001,-0.004,19.397,-0.002,19.030,19.449,18.999
4.330,3.314,-0.001,0.851,0.001,-0.000,0.525,-0.027,-0.027,55.194,-0.027,60.091,53.682,58.883,0.426,0.823,0.005,0.052,-0.040,-0.086,-0.001,-0.004,19.348,-0.002,19.037,19.457,19.044
4.335,3.322,-0.001,0.851,0.001,-0.000,0.525,-0.027,-0.027,55.388,-0.027,60.282,53.877,59.073,0.427,0.823,0.007,0.051,-0.041,-0.087,-0.001,-0.004,19.295,-0.003,19.045,19.466,19.085
4.339,3.330,-0.001,0.851,0.001,-0.000,0.525,-0.027,-0.027,55.580,-0.027,60.472,54.071,59.264,0.428,0.823,0.008,0.049,-0.041,-0.087,-0.001,-0.004,19.239,-0.004,19.054,19.477,19.124
4.343,3.339,-0.001,0.852,0.002,-0.000,0.524,-0.027,-0.027,55.772,-0.027,60.663,54.266,59.456,0.430,0.824,0.009,0.046,-0.040,-0.087,-0.001,-0.004,19.183,-0.004,19.061,19.487,19.160
4.347,3.347,-0.001,0.852,0.002,-0.000,0.524,-0.027,-0.027,55.964,-0.027,60.853,54.461,59.647,0.431,0.825,0.009,0.041,-0.037,-0.087,-0.001,-0.003,19.131,-0.004,19.064,19.494,19.195
4.352,3.355,-0.001,0.852,0.002,-0.000,0.524,-0.027,-0.027,56.155,-0.027,61.044,54.656,59.840,0.432,0.826,0.010,0.033,-0.032,-0.087,-0.001,-0.002,19.085,-0.005,19.062,19.497,19.229
4.356,3.363,-0.001,0.852,0.002,-0.000,0.523,-0.027,-0.027,56.346,-0.027,61.234,54.851,60.032,0.434,0.827,0.010,0.023,-0.024,-0.087,-0.000,-0.001,19.049,-0.004,19.052,19.493,19.260
4.360,3.372,-0.001,0.852,0.003,-0.000,0.523,-0.027,-0.027,56.536,-0.027,61.425,55.046,60.225,0.435,0.828,0.011,0.010,-0.013,-0.087,-0.000,0.000,19.026,-0.004,19.034,19.479,19.287
4.365,3.380,-0.000,0.853,0.003,-0.001,0.522,-0.027,-0.027,56.726,-0.027,61.615,55.240,60.418,0.437,0.828,0.011,-0.006,0.001,-0.087,0.000,0.001,19.015,-0.004,19.007,19.455,19.306
4.369,3.388,-0.000,0.853,0.003,-0.001,0.522,-0.027,-0.027,56.916,-0.027,61.805,55.435,60.611,0.438,0.829,0.010,-0.023,0.018,-0.086,0.001,0.003,19.020,-0.003,18.972,19.421,19.314
4.373,3.396,-0.000,0.853,0.002,-0.000,0.522,-0.027,-0.027,57.107,-0.027,61.995,55.629,60.804,0.439,0.830,0.010,-0.041,0.035,-0.086,0.001,0.004,19.040,-0.002,18.934,19.380,19.308
4.378,3.405,-0.000,0.853,0.002,-0.000,0.521,-0.027,-0.027,57.297,-0.027,62.184,55.822,60.997,0.440,0.830,0.008,-0.060,0.053,-0.085,0.001,0.006,19.077,-0.001,18.896,19.335,19.287
4.382,3.413,-0.000,0.854,0.002,-0.000,0.521,-0.027,-0.027,57.488,-0.027,62.373,56.016,61.190,0.441,0.831,0.007,-0.078,0.069,-0.084,0.002,0.007,19.129,-0.001,18.863,19.292,19.251
4.387,3.421,-0.000,0.854,0.001,-0.000,0.521,-0.027,-0.027,57.680,-0.027,62.561,56.208,61.382,0.442,0.831,0.005,-0.092,0.082,-0.083,0.002,0.008,19.195,0.001,18.839,19.255,19.200
4.391,3.430,-0.000,0.854,0.000,-0.000,0.520,-0.027,-0.027,57.872,-0.027,62.749,56.401,61.574,0.444,0.832,0.002,-0.102,0.091,-0.083,0.002,0.008,19.274,0.002,18.826,19.230,19.137
4.396,3.438,-0.000,0.854,-0.000,0.000,0.520,-0.027,-0.027,58.065,-0.027,62.938,56.593,61.765,0.444,0.832,-0.001,-0.106,0.093,-0.082,0.002,0.009,19.363,0.003,18.827,19.217,19.066
4.400,3.446,-0.000,0.854,-0.001,0.000,0.520,-0.027,-0.027,58.260,-0.027,63.126,56.785,61.955,0.445,0.832,-0.004,-0.101,0.087,-0.082,0.002,0.008,19.459,0.004,18.841,19.220,18.989
4.404,3.455,-0.000,0.855,-0.002,0.000,0.519,-0.027,-0.027,58.455,-0.027,63.314,56.977,62.144,0.446,0.832,-0.006,-0.087,0.073,-0.082,0.002,0.007,19.554,0.006,18.867,19.236,18.911
4.409,3.463,-0.000,0.855,-0.002,0.000,0.519,-0.027,-0.026,58.651,-0.027,63.503,57.170,62.333,0.447,0.832,-0.008,-0.066,0.054,-0.082,0.001,0.006,19.640,0.006,18.900,19.264,18.838
4.413,3.471,-0.000,0.855,-0.003,0.000,0.519,-0.027,-0.026,58.847,-0.027,63.692,57.363,62.521,0.447,0.831,-0.009,-0.045,0.035,-0.082,0.001,0.005,19.706,0.007,18.938,19.300,18.774
4.418,3.480,-0.000,0.855,-0.003,0.000,0.518,-0.027,-0.026,59.045,-0.027,63.882,57.556,62.709,0.448,0.830,-0.010,-0.026,0.017,-0.082,0.001,0.003,19.752,0.007,18.976,19.339,18.724
4.422,3.488,-0.000,0.855,-0.003,0.000,0.518,-0.027,-0.026,59.242,-0.027,64.072,57.749,62.896,0.448,0.829,-0.011,-0.006,0.000,-0.083,0.001,0.002,19.780,0.006,19.016,19.382,18.692
4.427,3.496,-0.001,0.856,-0.003,0.000,0.517,-0.027,-0.026,59.440,-0.027,64.262,57.943,63.083,0.448,0.828,-0.012,0.012,-0.015,-0.083,0.000,0.001,19.793,0.006,19.053,19.425,18.678
4.431,3.504,-0.001,0.856,-0.003,0.000,0.517,-0.027,-0.026,59.638,-0.027,64.453,58.138,63.269,0.448,0.826,-0.013,0.028,-0.027,-0.083,-0.000,-0.000,19.794,0.005,19.086,19.465,18.684
4.436,3.513,-0.001,0.856,-0.002,0.000,0.517,-0.027,-0.026,59.836,-0.027,64.644,58.333,63.456,0.448,0.825,-0.012,0.042,-0.036,-0.084,-0.000,-0.001,19.786,0.004,19.114,19.501,18.706
4.440,3.521,-0.001,0.856,-0.002,0.000,0.516,-0.027,-0.026,60.034,-0.027,64.835,58.528,63.644,0.448,0.823,-0.011,0.052,-0.043,-0.084,-0.000,-0.002,19.770,0.003,19.135,19.529,18.742
4.445,3.529,-0.001,0.857,-0.002,0.000,0.516,-0.027,-0.026,60.231,-0.027,65.027,58.723,63.831,0.448,0.822,-0.010,0.059,-0.047,-0.085,-0.001,-0.003,19.748,0.002,19.150,19.550,18.790
4.449,3.537,-0.001,0.857,-0.001,0.000,0.516,-0.027,-0.026,60.429,-0.027,65.218,58.919,64.019,0.449,0.820,-0.007,0.062,-0.049,-0.085,-0.001,-0.004,19.720,0.001,19.158,19.563,18.846
4.454,3.546,-0.001,0.857,-0.001,0.000,0.515,-0.027,-0.026,60.626,-0.027,65.410,59.115,64.208,0.449,0.819,-0.005,0.063,-0.050,-0.086,-0.001,-0.004,19.687,0.001,19.161,19.570,18.906
4.458,3.554,-0.001,0.857,-0.001,-0.000,0.515,-0.027,-0.026,60.823,-0.027,65.601,59.310,64.397,0.449,0.818,-0.003,0.063,-0.049,-0.086,-0.001,-0.005,19.650,-0.000,19.160,19.573,18.967
4.463,3.562,-0.001,0.857,-0.000,-0.000,0.515,-0.027,-0.027,61.019,-0.027,65.793,59.506,64.587,0.450,0.817,-0.000,0.062,-0.049,-0.086,-0.001,-0.005,19.606,-0.001,19.159,19.574,19.026
4.467,3.570,-0.001,0.858,0.000,-0.000,0.514,-0.027,-0.027,61.215,-0.027,65.985,59.702,64.778,0.450,0.816,0.002,0.061,-0.048,-0.086,-0.001,-0.005,19.557,-0.002,19.159,19.575,19.082
4.472,3.578,-0.001,0.858,0.001,-0.000,0.514,-0.027,-0.027,61.410,-0.027,66.176,59.897,64.969,0.451,0.816,0.004,0.059,-0.047,-0.087,-0.001,-0.006,19.501,-0.002,19.160,19.578,19.132
4.476,3.586,-0.001,0.858,0.001,-0.000,0.513,-0.027,-0.027,61.605,-0.027,66.368,60.093,65.161,0.452,0.816,0.006,0.057,-0.045,-0.087,-0.001,-0.005,19.440,-0.003,19.163,19.582,19.177
4.481,3.595,-0.001,0.858,0.001,-0.000,0.513,-0.027,-0.027,61.799,-0.027,66.560,60.289,65.353,0.453,0.816,0.007,0.054,-0.044,-0.087,-0.001,-0.005,19.376,-0.004,19.167,19.587,19.217
4.485,3.603,-0.001,0.859,0.002,-0.000,0.513,-0.027,-0.027,61.992,-0.027,66.751,60.485,65.545,0.454,0.816,0.008,0.051,-0.041,-0.087,-0.001,-0.005,19.311,-0.004,19.170,19.591,19.253
4.490,3.611,-0.001,0.859,0.002,-0.000,0.512,-0.027,-0.027,62.185,-0.027,66.943,60.681,65.738,0.455,0.817,0.009,0.047,-0.036,-0.087,-0.001,-0.004,19.249,-0.005,19.173,19.593,19.286
4.494,3.619,-0.001,0.859,0.002,-0.000,0.512,-0.027,-0.027,62.377,-0.027,67.135,60.877,65.931,0.456,0.817,0.009,0.041,-0.029,-0.087,-0.001,-0.003,19.195,-0.005,19.172,19.592,19.317
4.499,3.627,-0.001,0.859,0.002,-0.000,0.512,-0.027,-0.027,62.569,-0.027,67.326,61.073,66.124,0.458,0.818,0.010,0.032,-0.021,-0.087,-0.001,-0.002,19.150,-0.005,19.167,19.584,19.345
4.504,3.635,-0.001,0.859,0.003,-0.000,0.511,-0.027,-0.027,62.760,-0.027,67.518,61.269,66.318,0.459,0.819,0.010,0.020,-0.011,-0.087,-0.000,-0.001,19.119,-0.005,19.155,19.567,19.370
4.508,3.644,-0.001,0.860,0.003,-0.000,0.511,-0.027,-0.027,62.951,-0.027,67.709,61.464,66.511,0.461,0.819,0.010,0.005,0.001,-0.087,-0.000,-0.000,19.101,-0.004,19.136,19.541,19.390
4.513,3.652,-0.000,0.860,0.003,-0.000,0.510,-0.027,-0.027,63.142,-0.027,67.901,61.659,66.705,0.462,0.820,0.010,-0.012,0.014,-0.086,0.000,0.001,19.100,-0.004,19.107,19.505,19.401
4.517,3.660,-0.000,0.860,0.002,-0.000,0.510,-0.027,-0.027,63.333,-0.027,68.092,61.854,66.899,0.463,0.820,0.009,-0.031,0.028,-0.086,0.001,0.003,19.114,-0.003,19.072,19.462,19.401
4.522,3.668,-0.000,0.860,0.002,-0.000,0.510,-0.027,-0.027,63.525,-0.027,68.282,62.049,67.093,0.464,0.821,0.008,-0.051,0.043,-0.085,0.001,0.005,19.143,-0.003,19.033,19.415,19.388
4.527,3.676,-0.000,0.861,0.002,-0.000,0.509,-0.027,-0.027,63.716,-0.027,68.472,62.242,67.287,0.465,0.821,0.007,-0.071,0.056,-0.084,0.001,0.006,19.188,-0.002,18.993,19.368,19.360
4.531,3.685,-0.000,0.861,0.001,-0.000,0.509,-0.027,-0.027,63.908,-0.027,68.662,62.436,67.480,0.466,0.822,0.006,-0.088,0.068,-0.084,0.001,0.007,19.246,-0.001,18.958,19.328,19.319
4.536,3.693,-0.000,0.861,0.001,-0.000,0.509,-0.027,-0.027,64.101,-0.027,68.851,62.629,67.673,0.467,0.822,0.003,-0.102,0.076,-0.083,0.002,0.008,19.316,0.000,18.932,19.298,19.264
4.541,3.701,-0.000,0.861,0.000,0.000,0.508,-0.027,-0.027,64.295,-0.027,69.041,62.822,67.866,0.468,0.822,0.001,-0.111,0.080,-0.082,0.002,0.008,19.396,0.002,18.916,19.282,19.199
4.545,3.709,-0.000,0.861,-0.001,0.000,0.508,-0.027,-0.027,64.489,-0.027,69.230,63.015,68.057,0.469,0.822,-0.002,-0.112,0.079,-0.081,0.002,0.008,19.483,0.003,18.912,19.281,19.125
4.550,3.717,-0.000,0.862,-0.001,0.000,0.508,-0.027,-0.026,64.684,-0.027,69.419,63.208,68.248,0.470,0.822,-0.004,-0.105,0.071,-0.081,0.002,0.007,19.574,0.004,18.920,19.295,19.046
4.555,3.726,-0.000,0.862,-0.002,0.000,0.507,-0.027,-0.026,64.881,-0.027,69.608,63.401,68.438,0.471,0.822,-0.006,-0.088,0.057,-0.081,0.002,0.006,19.661,0.005,18.937,19.322,18.967
4.560,3.734,-0.000,0.862,-0.002,0.000,0.507,-0.027,-0.026,65.078,-0.027,69.798,63.594,68.628,0.471,0.822,-0.007,-0.066,0.041,-0.081,0.001,0.005,19.734,0.006,18.962,19.358,18.892
4.564,3.742,-0.000,0.862,-0.003,0.000,0.507,-0.027,-0.026,65.275,-0.027,69.987,63.788,68.816,0.472,0.821,-0.009,-0.045,0.026,-0.082,0.001,0.004,19.786,0.006,18.990,19.399,18.826
4.569,3.750,-0.000,0.862,-0.003,0.000,0.506,-0.027,-0.026,65.473,-0.027,70.177,63.982,69.004,0.472,0.820,-0.010,-0.023,0.012,-0.082,0.001,0.002,19.820,0.006,19.021,19.441,18.775
4.574,3.759,-0.000,0.863,-0.003,0.000,0.506,-0.027,-0.026,65.672,-0.027,70.368,64.177,69.192,0.472,0.818,-0.011,-0.002,-0.001,-0.083,0.000,0.001,19.839,0.006,19.055,19.483,18.742
4.578,3.767,-0.001,0.863,-0.003,0.000,0.505,-0.027,-0.026,65.870,-0.027,70.559,64.372,69.379,0.472,0.817,-0.012,0.018,-0.012,-0.083,0.000,-0.000,19.845,0.005,19.088,19.522,18.727
4.583,3.775,-0.001,0.863,-0.003,0.000,0.505,-0.027,-0.026,66.068,-0.027,70.750,64.567,69.566,0.472,0.815,-0.012,0.036,-0.022,-0.083,-0.000,-0.001,19.842,0.004,19.119,19.557,18.732
4.588,3.783,-0.001,0.863,-0.002,0.000,0.505,-0.027,-0.026,66.267,-0.027,70.941,64.763,69.754,0.472,0.814,-0.012,0.050,-0.030,-0.084,-0.000,-0.002,19.831,0.003,19.147,19.584,18.753
4.593,3.791,-0.001,0.863,-0.002,0.000,0.504,-0.027,-0.026,66.465,-0.027,71.133,64.959,69.941,0.472,0.812,-0.010,0.061,-0.037,-0.084,-0.001,-0.003,19.814,0.002,19.170,19.604,18.790
4.597,3.799,-0.001,0.864,-0.002,0.000,0.504,-0.027,-0.026,66.663,-0.027,71.324,65.155,70.130,0.472,0.811,-0.009,0.067,-0.042,-0.085,-0.001,-0.004,19.791,0.002,19.187,19.616,18.839
4.602,3.807,-0.001,0.864,-0.001,0.000,0.504,0.052,0.033,66.861,0.034,71.517,65.351,70.318,0.464,0.810,-0.006,0.081,-0.046,-0.046,12.605,10.078,19.780,10.102,19.356,19.497,18.917
4.606,3.816,-0.001,0.864,-0.001,0.000,0.504,0.157,0.129,67.057,0.126,71.712,65.544,70.509,0.438,0.823,-0.004,0.103,-0.050,0.128,6.487,6.909,19.372,6.535,19.683,19.130,19.299
4.611,3.824,-0.001,0.863,-0.000,0.000,0.505,0.158,0.140,67.248,0.142,71.911,65.733,70.704,0.411,0.836,-0.002,0.101,-0.054,0.307,-5.705,-4.268,18.886,-3.024,19.980,18.712,19.744
4.615,3.832,-0.001,0.862,0.000,0.000,0.506,0.074,0.068,67.436,0.084,72.111,65.919,70.903,0.409,0.838,0.000,0.069,-0.054,0.327,-8.910,-8.297,18.695,-6.933,20.021,18.607,19.927
4.619,3.841,-0.001,0.862,0.001,0.000,0.507,0.020,0.013,67.623,0.037,72.310,66.106,71.102,0.424,0.829,0.002,0.040,-0.052,0.213,-1.091,-1.896,18.781,-1.638,19.880,18.786,19.802
4.623,3.849,-0.001,0.861,0.001,-0.000,0.508,0.053,0.035,67.812,0.058,72.509,66.295,71.299,0.432,0.823,0.005,0.037,-0.051,0.136,6.495,5.403,18.835,4.942,19.797,18.937,19.674
4.628,3.857,-0.001,0.861,0.001,-0.000,0.509,0.117,0.094,67.999,0.110,72.707,66.484,71.496,0.423,0.828,0.007,0.048,-0.051,0.185,4.809,5.092,18.698,4.405,19.842,18.866,19.780
4.632,3.865,-0.001,0.860,0.002,-0.000,0.510,0.131,0.116,68.185,0.128,72.906,66.672,71.695,0.407,0.836,0.008,0.056,-0.046,0.287,-1.940,-0.832,18.491,-0.906,19.959,18.651,19.995
4.636,3.874,-0.001,0.859,0.002,-0.000,0.511,0.090,0.085,68.369,0.099,73.106,66.857,71.896,0.401,0.839,0.008,0.049,-0.037,0.318,-5.104,-4.389,18.377,-4.066,20.003,18.549,20.103
4.640,3.882,-0.001,0.859,0.002,-0.000,0.512,0.053,0.051,68.553,0.066,73.305,67.043,72.096,0.408,0.837,0.008,0.033,-0.030,0.262,-1.685,-1.844,18.364,-1.930,19.929,18.642,20.050
4.644,3.890,-0.001,0.858,0.002,-0.000,0.513,0.062,0.055,68.737,0.068,73.504,67.230,72.297,0.414,0.836,0.009,0.026,-0.022,0.209,2.954,2.427,18.354,1.927,19.847,18.757,19.976
4.648,3.899,-0.001,0.858,0.003,-0.000,0.514,0.096,0.087,68.920,0.093,73.703,67.418,72.496,0.410,0.839,0.009,0.027,-0.014,0.224,3.176,3.201,18.286,2.573,19.854,18.734,20.011
4.652,3.907,-0.001,0.857,0.003,-0.000,0.515,0.112,0.106,69.102,0.108,73.901,67.605,72.697,0.400,0.844,0.010,0.021,-0.005,0.278,-0.219,0.362,18.207,0.186,19.925,18.596,20.113
4.656,3.916,-0.001,0.856,0.003,-0.000,0.517,0.095,0.095,69.284,0.097,74.101,67.790,72.899,0.395,0.847,0.010,0.001,0.005,0.304,-2.593,-2.101,18.176,-1.949,19.955,18.491,20.176
4.660,3.924,-0.000,0.855,0.003,-0.000,0.518,0.073,0.075,69.466,0.079,74.300,67.975,73.100,0.396,0.848,0.010,-0.024,0.016,0.283,-1.446,-1.438,18.197,-1.402,19.887,18.488,20.158
4.664,3.933,-0.000,0.855,0.002,-0.000,0.519,0.071,0.071,69.648,0.074,74.498,68.160,73.302,0.399,0.848,0.010,-0.045,0.030,0.255,0.958,0.661,18.239,0.465,19.777,18.516,20.107
4.668,3.941,-0.000,0.854,0.002,-0.000,0.520,0.086,0.085,69.831,0.085,74.696,68.345,73.502,0.397,0.850,0.009,-0.060,0.046,0.255,1.719,1.613,18.269,1.291,19.713,18.490,20.078
4.672,3.950,-0.000,0.853,0.002,-0.000,0.521,0.098,0.097,70.014,0.094,74.893,68.529,73.703,0.392,0.853,0.007,-0.073,0.062,0.276,0.419,0.631,18.291,0.504,19.712,18.405,20.068
4.676,3.958,-0.000,0.853,0.001,-0.000,0.522,0.094,0.096,70.197,0.093,75.090,68.713,73.904,0.388,0.856,0.006,-0.087,0.077,0.293,-0.944,-0.661,18.328,-0.589,19.725,18.325,20.039
4.680,3.967,-0.000,0.852,0.001,-0.000,0.524,0.084,0.088,70.380,0.086,75.287,68.896,74.104,0.386,0.857,0.003,-0.101,0.089,0.292,-0.898,-0.766,18.396,-0.762,19.709,18.294,19.972
4.683,3.975,-0.000,0.851,-0.000,0.000,0.525,0.079,0.083,70.565,0.081,75.484,69.079,74.303,0.386,0.858,0.000,-0.107,0.095,0.281,-0.013,-0.085,18.492,-0.165,19.675,18.302,19.878
4.687,3.984,-0.000,0.850,-0.001,0.000,0.526,0.083,0.086,70.750,0.083,75.681,69.262,74.501,0.384,0.860,-0.003,-0.102,0.094,0.276,0.668,0.550,18.594,0.426,19.662,18.315,19.782
4.691,3.993,-0.000,0.850,-0.001,0.000,0.527,0.089,0.091,70.937,0.087,75.878,69.445,74.699,0.381,0.862,-0.005,-0.086,0.084,0.279,0.418,0.422,18.685,0.320,19.693,18.318,19.699
4.695,4.001,-0.000,0.849,-0.002,0.000,0.529,0.091,0.093,71.124,0.088,76.075,69.629,74.895,0.378,0.863,-0.007,-0.063,0.067,0.285,-0.079,0.028,18.759,0.008,19.748,18.322,19.626
4.699,4.010,-0.000,0.848,-0.002,0.001,0.530,0.088,0.092,71.312,0.087,76.273,69.812,75.091,0.375,0.864,-0.009,-0.041,0.046,0.287,-0.342,-0.217,18.823,-0.243,19.803,18.341,19.560
4.702,4.018,-0.000,0.847,-0.003,0.001,0.531,0.086,0.090,71.500,0.085,76.471,69.995,75.287,0.373,0.865,-0.010,-0.021,0.025,0.284,-0.153,-0.129,18.877,-0.137,19.848,18.375,19.502
4.706,4.027,-0.000,0.847,-0.003,0.001,0.532,0.085,0.090,71.689,0.084,76.670,70.179,75.481,0.370,0.865,-0.012,-0.003,0.005,0.280,-0.003,-0.041,18.916,-0.045,19.888,18.416,19.461
4.710,4.036,-0.001,0.846,-0.003,0.001,0.533,0.085,0.089,71.879,0.084,76.869,70.364,75.676,0.368,0.865,-0.013,0.014,-0.015,0.277,0.052,-0.003,18.937,-0.005,19.927,18.459,19.441
4.714,4.044,-0.001,0.845,-0.002,0.001,0.534,0.086,0.089,72.068,0.084,77.068,70.549,75.870,0.365,0.864,-0.013,0.028,-0.033,0.275,0.047,0.004,18.942,0.004,19.961,18.499,19.444
4.717,4.053,-0.001,0.844,-0.002,0.001,0.536,0.086,0.089,72.257,0.084,77.268,70.734,76.065,0.362,0.864,-0.013,0.039,-0.047,0.273,0.030,0.003,18.933,0.004,19.987,18.536,19.466
4.721,4.062,-0.001,0.844,-0.002,0.000,0.537,0.086,0.089,72.447,0.084,77.468,70.919,76.260,0.359,0.863,-0.012,0.046,-0.056,0.272,0.012,0.001,18.913,0.003,20.004,18.566,19.505
4.724,4.070,-0.001,0.843,-0.002,0.000,0.538,0.086,0.089,72.636,0.084,77.668,71.105,76.455,0.356,0.863,-0.010,0.050,-0.060,0.271,0.001,-0.001,18.884,0.002,20.009,18.590,19.554
4.728,4.079,-0.001,0.842,-0.001,0.000,0.539,0.086,0.089,72.824,0.084,77.868,71.291,76.651,0.353,0.862,-0.008,0.052,-0.059,0.270,-0.004,-0.003,18.850,0.001,20.005,18.606,19.610
4.731,4.088,-0.001,0.842,-0.001,0.000,0.540,0.086,0.089,73.013,0.084,78.068,71.477,76.847,0.350,0.862,-0.006,0.052,-0.055,0.269,-0.005,-0.004,18.811,-0.000,19.995,18.615,19.668
4.735,4.096,-0.001,0.841,-0.000,0.000,0.541,0.086,0.089,73.200,0.084,78.268,71.663,77.044,0.347,0.861,-0.004,0.050,-0.049,0.269,-0.003,-0.004,18.769,-0.001,19.981,18.618,19.724
4.738,4.105,-0.001,0.840,-0.000,-0.000,0.542,0.086,0.089,73.388,0.084,78.468,71.849,77.242,0.345,0.861,-0.001,0.049,-0.042,0.268,-0.002,-0.004,18.726,-0.002,19.968,18.618,19.776
4.742,4.113,-0.001,0.839,0.000,-0.000,0.544,0.086,0.089,73.575,0.084,78.667,72.036,77.440,0.342,0.862,0.001,0.047,-0.037,0.268,-0.001,-0.005,18.681,-0.003,19.958,18.615,19.823
4.745,4.122,-0.001,0.839,0.001,-0.000,0.545,0.086,0.089,73.762,0.084,78.867,72.222,77.638,0.340,0.862,0.003,0.045,-0.033,0.268,-0.001,-0.005,18.634,-0.004,19.953,18.613,19.863
4.749,4.131,-0.001,0.838,0.001,-0.000,0.546,0.086,0.089,73.948,0.084,79.066,72.408,77.837,0.338,0.863,0.005,0.044,-0.032,0.268,-0.001,-0.005,18.585,-0.004,19.951,18.613,19.898
4.752,4.139,-0.001,0.837,0.001,-0.000,0.547,0.086,0.089,74.133,0.084,79.266,72.594,78.036,0.336,0.865,0.006,0.043,-0.034,0.268,-0.001,-0.005,18.534,-0.005,19.952,18.616,19.930
4.755,4.148,-0.001,0.836,0.001,-0.000,0.548,0.086,0.089,74.318,0.084,79.465,72.780,78.235,0.334,0.866,0.008,0.040,-0.038,0.268,-0.001,-0.005,18.481,-0.006,19.953,18.622,19.961
4.759,4.157,-0.001,0.836,0.002,-0.000,0.549,0.086,0.089,74.503,0.084,79.665,72.967,78.435,0.332,0.868,0.009,0.037,-0.043,0.268,-0.001,-0.004,18.428,-0.006,19.951,18.630,19.992
4.762,4.165,-0.001,0.835,0.002,-0.000,0.550,0.086,0.089,74.687,0.084,79.864,73.153,78.635,0.330,0.870,0.010,0.031,-0.046,0.268,-0.001,-0.004,18.376,-0.006,19.943,18.639,20.024
4.765,4.174,-0.001,0.834,0.002,-0.000,0.551,0.086,0.089,74.870,0.084,80.064,73.339,78.836,0.328,0.872,0.011,0.023,-0.047,0.269,-0.001,-0.003,18.327,-0.006,19.925,18.647,20.056
4.768,4.183,-0.001,0.833,0.002,-0.001,0.553,0.086,0.089,75.053,0.084,80.263,73.526,79.036,0.326,0.874,0.012,0.013,-0.043,0.270,-0.001,-0.002,18.285,-0.005,19.897,18.651,20.087
4.772,4.191,-0.001,0.833,0.002,-0.001,0.554,0.086,0.089,75.236,0.084,80.462,73.712,79.237,0.324,0.876,0.012,0.001,-0.034,0.270,-0.000,-0.002,18.250,-0.005,19.858,18.647,20.113
4.775,4.200,-0.000,0.832,0.002,-0.001,0.555,0.086,0.089,75.418,0.083,80.660,73.899,79.439,0.322,0.878,0.012,-0.012,-0.018,0.271,-0.000,-0.001,18.225,-0.004,19.810,18.635,20.130
4.778,4.209,-0.000,0.831,0.002,-0.001,0.556,0.086,0.089,75.601,0.083,80.858,74.085,79.640,0.320,0.880,0.012,-0.026,0.003,0.272,0.000,0.000,18.212,-0.004,19.757,18.611,20.133
4.781,4.218,-0.000,0.830,0.002,-0.001,0.557,0.086,0.089,75.783,0.083,81.055,74.271,79.841,0.318,0.882,0.011,-0.039,0.028,0.273,0.000,0.001,18.215,-0.003,19.704,18.577,20.119
4.785,4.227,-0.000,0.830,0.002,-0.001,0.558,0.086,0.089,75.965,0.083,81.252,74.456,80.042,0.316,0.884,0.010,-0.052,0.055,0.275,0.001,0.003,18.234,-0.002,19.657,18.534,20.087
4.788,4.236,-0.000,0.829,0.002,-0.001,0.559,0.086,0.089,76.147,0.083,81.448,74.642,80.243,0.314,0.886,0.008,-0.064,0.083,0.276,0.001,0.004,18.272,-0.001,19.623,18.487,20.035
4.791,4.244,0.000,0.828,0.001,-0.001,0.561,0.086,0.089,76.330,0.083,81.644,74.826,80.443,0.312,0.887,0.005,-0.073,0.107,0.277,0.001,0.005,18.327,0.000,19.606,18.438,19.966
4.794,4.253,0.000,0.827,0.000,-0.000,0.562,0.086,0.089,76.514,0.083,81.840,75.010,80.642,0.310,0.889,0.002,-0.077,0.124,0.277,0.002,0.006,18.399,0.002,19.609,18.394,19.884
4.797,4.262,0.000,0.827,-0.000,-0.000,0.563,0.086,0.089,76.698,0.083,82.037,75.194,80.841,0.307,0.891,-0.001,-0.074,0.130,0.278,0.002,0.006,18.485,0.003,19.633,18.356,19.794
4.800,4.271,0.000,0.826,-0.001,0.000,0.564,0.086,0.089,76.884,0.083,82.233,75.378,81.038,0.305,0.892,-0.004,-0.064,0.125,0.278,0.002,0.006,18.582,0.004,19.676,18.329,19.704
4.803,4.280,0.000,0.825,-0.002,0.001,0.565,0.086,0.089,77.070,0.083,82.430,75.561,81.235,0.303,0.893,-0.007,-0.048,0.108,0.278,0.001,0.006,18.681,0.005,19.735,18.313,19.621
4.806,4.289,-0.000,0.824,-0.002,0.001,0.566,0.086,0.089,77.257,0.084,82.628,75.744,81.431,0.300,0.894,-0.009,-0.029,0.082,0.277,0.001,0.005,18.773,0.005,19.803,18.310,19.551
4.809,4.298,-0.000,0.823,-0.002,0.001,0.567,0.086,0.089,77.446,0.084,82.826,75.927,81.626,0.297,0.895,-0.011,-0.011,0.051,0.277,0.001,0.004,18.848,0.005,19.873,18.317,19.498
4.812,4.307,-0.000,0.823,-0.002,0.001,0.569,0.086,0.089,77.634,0.084,83.025,76.110,81.821,0.295,0.895,-0.013,0.003,0.020,0.276,0.001,0.003,18.903,0.005,19.940,18.334,19.466
4.815,4.316,-0.000,0.822,-0.002,0.001,0.570,0.086,0.089,77.824,0.084,83.225,76.294,82.015,0.292,0.895,-0.014,0.014,-0.010,0.275,0.000,0.003,18.937,0.005,19.999,18.360,19.455
4.818,4.325,-0.001,0.821,-0.002,0.001,0.571,0.086,0.089,78.013,0.084,83.425,76.477,82.210,0.289,0.894,-0.014,0.022,-0.038,0.274,0.000,0.002,18.952,0.004,20.044,18.394,19.466
4.821,4.334,-0.001,0.820,-0.002,0.001,0.572,0.086,0.089,78.202,0.084,83.626,76.662,82.405,0.286,0.894,-0.014,0.027,-0.059,0.273,0.000,0.001,18.948,0.004,20.074,18.432,19.495
4.824,4.343,-0.001,0.820,-0.002,0.001,0.573,0.086,0.089,78.392,0.084,83.827,76.846,82.600,0.283,0.893,-0.013,0.029,-0.073,0.272,0.000,0.001,18.930,0.003,20.087,18.472,19.539
4.826,4.352,-0.001,0.819,-0.001,0.001,0.574,0.086,0.089,78.581,0.084,84.028,77.031,82.795,0.280,0.892,-0.012,0.030,-0.079,0.271,0.000,0.000,18.899,0.003,20.084,18.510,19.591
4.829,4.360,-0.001,0.818,-0.001,0.000,0.575,0.086,0.089,78.770,0.084,84.228,77.216,82.992,0.277,0.891,-0.010,0.030,-0.077,0.271,-0.000,-0.000,18.861,0.002,20.067,18.543,19.647
4.832,4.369,-0.001,0.817,-0.001,0.000,0.576,0.086,0.089,78.958,0.084,84.429,77.402,83.188,0.274,0.890,-0.008,0.028,-0.068,0.270,-0.000,-0.001,18.819,0.002,20.042,18.568,19.702
4.835,4.378,-0.001,0.816,-0.000,0.000,0.577,0.086,0.089,79.146,0.084,84.629,77.588,83.386,0.271,0.889,-0.006,0.027,-0.056,0.270,-0.001,-0.002,18.777,0.001,20.014,18.586,19.752
4.837,4.387,-0.001,0.816,-0.000,-0.000,0.579,0.086,0.089,79.334,0.084,84.829,77.774,83.583,0.269,0.888,-0.003,0.026,-0.042,0.269,-0.001,-0.003,18.737,-0.000,19.988,18.596,19.796
4.840,4.396,-0.001,0.815,0.000,-0.000,0.580,0.086,0.089,79.521,0.084,85.029,77.959,83.781,0.266,0.888,-0.001,0.026,-0.029,0.269,-0.001,-0.004,18.699,-0.002,19.966,18.602,19.832
4.843,4.405,-0.001,0.814,0.000,-0.000,0.581,0.086,0.089,79.708,0.084,85.229,78.146,83.980,0.263,0.888,0.001,0.026,-0.021,0.269,-0.001,-0.004,18.665,-0.003,19.953,18.604,19.861
4.845,4.414,-0.001,0.813,0.000,-0.000,0.582,0.086,0.089,79.894,0.084,85.428,78.332,84.179,0.261,0.889,0.003,0.027,-0.018,0.269,-0.002,-0.005,18.633,-0.004,19.946,18.606,19.885
4.848,4.423,-0.001,0.813,0.001,-0.000,0.583,0.086,0.089,80.080,0.084,85.627,78.518,84.378,0.259,0.890,0.005,0.028,-0.021,0.268,-0.002,-0.005,18.602,-0.005,19.945,18.611,19.908
4.851,4.432,-0.001,0.812,0.001,-0.000,0.584,0.086,0.089,80.266,0.084,85.827,78.704,84.577,0.257,0.891,0.007,0.028,-0.029,0.268,-0.001,-0.005,18.568,-0.005,19.946,18.619,19.931
4.853,4.440,-0.001,0.811,0.001,-0.000,0.585,0.086,0.089,80.452,0.084,86.026,78.890,84.776,0.255,0.893,0.009,0.027,-0.040,0.269,-0.001,-0.005,18.531,-0.006,19.944,18.632,19.958
4.856,4.449,-0.001,0.810,0.001,-0.000,0.586,0.086,0.089,80.637,0.084,86.226,79.076,84.976,0.253,0.895,0.010,0.024,-0.052,0.269,-0.001,-0.004,18.489,-0.006,19.935,18.649,19.988
4.858,4.458,-0.001,0.809,0.001,-0.000,0.587,0.086,0.089,80.822,0.084,86.425,79.263,85.176,0.251,0.897,0.011,0.019,-0.061,0.269,-0.001,-0.004,18.444,-0.005,19.916,18.668,20.022
4.861,4.467,-0.001,0.809,0.002,-0.001,0.588,0.086,0.089,81.006,0.084,86.624,79.450,85.376,0.249,0.899,0.012,0.011,-0.066,0.270,-0.001,-0.003,18.396,-0.005,19.884,18.688,20.057
4.863,4.476,-0.001,0.808,0.002,-0.001,0.589,0.086,0.089,81.190,0.083,86.823,79.637,85.577,0.247,0.901,0.013,0.002,-0.063,0.270,-0.000,-0.003,18.348,-0.005,19.840,18.705,20.089
4.866,4.485,-0.001,0.807,0.002,-0.001,0.591,0.086,0.089,81.373,0.083,87.021,79.824,85.778,0.245,0.903,0.014,-0.007,-0.050,0.271,-0.000,-0.002,18.305,-0.004,19.786,18.715,20.113
4.868,4.494,-0.000,0.806,0.002,-0.001,0.592,0.086,0.089,81.556,0.083,87.218,80.011,85.979,0.243,0.905,0.014,-0.017,-0.030,0.272,-0.000,-0.001,18.268,-0.003,19.726,18.714,20.125
4.870,4.503,-0.000,0.805,0.002,-0.002,0.593,0.086,0.089,81.738,0.083,87.415,80.198,86.181,0.240,0.907,0.013,-0.026,-0.001,0.273,0.000,-0.000,18.244,-0.003,19.667,18.700,20.119
4.873,4.513,-0.000,0.805,0.002,-0.002,0.594,0.086,0.089,81.921,0.083,87.612,80.385,86.382,0.238,0.909,0.012,-0.034,0.033,0.274,0.000,0.001,18.235,-0.002,19.617,18.672,20.094
4.875,4.522,-0.000,0.804,0.002,-0.001,0.595,0.086,0.089,82.103,0.083,87.808,80.572,86.582,0.236,0.910,0.010,-0.040,0.068,0.275,0.001,0.002,18.245,-0.001,19.580,18.631,20.049
4.878,4.531,0.000,0.803,0.001,-0.001,0.596,0.086,0.089,82.285,0.083,88.003,80.758,86.783,0.234,0.912,0.008,-0.044,0.102,0.276,0.001,0.003,18.275,0.000,19.563,18.579,19.984
4.880,4.540,0.000,0.802,0.001,-0.001,0.597,0.086,0.089,82.468,0.083,88.199,80.943,86.982,0.231,0.913,0.004,-0.045,0.129,0.276,0.001,0.004,18.326,0.002,19.568,18.521,19.905
4.882,4.549,0.000,0.801,0.000,-0.001,0.598,0.086,0.089,82.652,0.083,88.395,81.128,87.181,0.229,0.914,0.001,-0.042,0.146,0.277,0.002,0.005,18.396,0.003,19.598,18.462,19.818
4.884,4.558,0.000,0.800,-0.000,-0.000,0.599,0.086,0.089,82.836,0.083,88.591,81.312,87.378,0.226,0.916,-0.003,-0.035,0.151,0.277,0.002,0.005,18.482,0.004,19.651,18.405,19.729
4.887,4.567,0.000,0.800,-0.001,0.000,0.600,0.086,0.089,83.022,0.083,88.788,81.496,87.575,0.224,0.917,-0.006,-0.024,0.141,0.277,0.002,0.005,18.577,0.005,19.723,18.357,19.646
4.889,4.577,0.000,0.799,-0.001,0.001,0.602,0.086,0.089,83.208,0.083,88.986,81.679,87.771,0.221,0.918,-0.009,-0.011,0.119,0.277,0.001,0.005,18.674,0.005,19.807,18.318,19.576
4.891,4.586,-0.000,0.798,-0.002,0.001,0.603,0.086,0.089,83.395,0.084,89.184,81.863,87.967,0.219,0.918,-0.011,0.002,0.087,0.276,0.001,0.004,18.764,0.005,19.895,18.293,19.525
4.893,4.595,-0.000,0.797,-0.002,0.002,0.604,0.086,0.089,83.583,0.084,89.384,82.045,88.162,0.216,0.918,-0.013,0.012,0.050,0.275,0.001,0.004,18.839,0.005,19.980,18.282,19.494
4.895,4.604,-0.000,0.796,-0.002,0.002,0.605,0.086,0.089,83.772,0.084,89.584,82.228,88.357,0.213,0.918,-0.015,0.018,0.012,0.275,0.001,0.003,18.895,0.005,20.055,18.286,19.487
4.898,4.613,-0.000,0.795,-0.002,0.002,0.606,0.086,0.089,83.961,0.084,89.785,82.411,88.552,0.211,0.918,-0.015,0.021,-0.025,0.274,0.000,0.003,18.929,0.004,20.114,18.303,19.500
4.900,4.622,-0.001,0.795,-0.002,0.002,0.607,0.086,0.089,84.150,0.084,89.986,82.594,88.747,0.208,0.917,-0.015,0.021,-0.055,0.273,0.000,0.003,18.942,0.004,20.152,18.332,19.533
4.902,4.632,-0.001,0.794,-0.001,0.002,0.608,0.086,0.089,84.340,0.084,90.188,82.778,88.942,0.205,0.916,-0.014,0.019,-0.077,0.272,0.000,0.002,18.935,0.004,20.169,18.370,19.579
4.904,4.641,-0.001,0.793,-0.001,0.001,0.609,0.086,0.089,84.529,0.084,90.389,82.962,89.139,0.202,0.915,-0.013,0.015,-0.089,0.272,0.000,0.002,18.911,0.003,20.165,18.412,19.633
4.906,4.650,-0.001,0.792,-0.001,0.001,0.610,0.086,0.089,84.718,0.084,90.591,83.146,89.335,0.199,0.913,-0.011,0.011,-0.091,0.271,0.000,0.001,18.876,0.003,20.144,18.455,19.690
4.908,4.659,-0.001,0.791,-0.000,0.001,0.611,0.086,0.089,84.907,0.084,90.792,83.331,89.532,0.196,0.912,-0.009,0.007,-0.083,0.271,0.000,0.001,18.834,0.002,20.111,18.494,19.744
4.910,4.668,-0.001,0.791,-0.000,0.000,0.612,0.086,0.089,85.095,0.084,90.993,83.516,89.730,0.193,0.910,-0.007,0.004,-0.069,0.270,-0.000,0.000,18.790,0.001,20.072,18.528,19.791
4.912,4.677,-0.001,0.790,-0.000,0.000,0.614,0.086,0.089,85.282,0.084,91.194,83.701,89.928,0.190,0.909,-0.005,0.003,-0.051,0.270,-0.001,-0.001,18.749,0.000,20.034,18.555,19.829
