1.000,-7.000,0.001,1.000,0.000,0.000,0.000,-0.000,-0.000,0.000,-0.000,0.000,0.000,0.000,-0.000,-0.000,0.000,-0.000,-0.000,-0.000,0.000,0.000,-0.000,0.000,-0.000,-0.000,-0.000
1.000,-7.000,0.001,1.000,-0.000,-0.000,-0.000,0.468,0.373,-0.006,0.340,-0.006,-0.000,-0.001,-0.005,-0.004,0.002,-0.006,-0.012,-0.053,70.448,55.820,-1.032,51.925,-1.119,-0.101,-0.299
1.000,-7.000,0.001,1.000,-0.000,-0.000,-0.000,0.926,0.769,-0.017,0.690,-0.018,-0.003,-0.007,-0.031,-0.012,0.001,-0.010,0.010,-0.062,22.142,19.495,-1.095,17.572,-1.254,-0.568,-0.822
0.999,-7.000,0.001,1.000,-0.000,0.000,-0.001,1.008,0.850,-0.029,0.766,-0.032,-0.011,-0.017,-0.049,-0.024,-0.000,-0.012,0.013,-0.119,-2.215,-0.726,-1.197,-0.172,-1.554,-0.829,-1.312
0.999,-7.001,0.001,1.000,-0.000,0.000,-0.002,0.932,0.795,-0.041,0.721,-0.050,-0.020,-0.033,-0.066,-0.032,-0.000,-0.008,0.012,-0.170,-11.225,-9.231,-1.402,-7.652,-1.942,-1.053,-1.764
0.998,-7.001,0.001,1.000,-0.000,0.000,-0.003,0.815,0.698,-0.057,0.638,-0.071,-0.032,-0.053,-0.083,-0.037,-0.001,-0.001,0.011,-0.207,-11.239,-9.229,-1.702,-8.206,-2.388,-1.307,-2.196
0.997,-7.001,0.001,1.000,-0.000,0.000,-0.004,0.716,0.615,-0.076,0.565,-0.098,-0.046,-0.077,-0.102,-0.039,-0.001,0.004,0.010,-0.230,-8.257,-7.146,-2.032,-6.319,-2.842,-1.607,-2.614
0.996,-7.002,0.001,1.000,-0.000,0.000,-0.005,0.650,0.555,-0.098,0.511,-0.128,-0.064,-0.105,-0.121,-0.041,-0.001,0.007,0.008,-0.244,-4.970,-4.988,-2.370,-4.493,-3.276,-1.933,-3.019
0.995,-7.002,0.000,1.000,-0.000,0.000,-0.006,0.614,0.514,-0.123,0.474,-0.163,-0.085,-0.137,-0.139,-0.042,-0.001,0.009,0.006,-0.256,-2.387,-3.247,-2.707,-3.046,-3.692,-2.265,-3.413
0.993,-7.003,0.000,1.000,-0.000,0.000,-0.007,0.599,0.488,-0.152,0.449,-0.202,-0.109,-0.173,-0.157,-0.043,-0.001,0.009,0.004,-0.268,-0.773,-2.022,-3.038,-2.003,-4.094,-2.590,-3.797
0.992,-7.003,0.000,1.000,-0.000,0.000,-0.009,0.596,0.472,-0.184,0.432,-0.245,-0.137,-0.213,-0.174,-0.044,-0.001,0.008,0.003,-0.281,0.030,-1.231,-3.359,-1.297,-4.485,-2.902,-4.172
0.990,-7.003,0.000,1.000,0.000,0.000,-0.010,0.598,0.463,-0.219,0.422,-0.292,-0.167,-0.256,-0.191,-0.045,-0.002,0.008,0.002,-0.296,0.310,-0.750,-3.669,-0.838,-4.869,-3.199,-4.538
0.988,-7.004,0.000,1.000,0.000,0.000,-0.012,0.601,0.457,-0.257,0.415,-0.342,-0.201,-0.304,-0.207,-0.047,-0.002,0.008,0.001,-0.313,0.320,-0.467,-3.969,-0.546,-5.246,-3.481,-4.897
0.986,-7.004,0.000,1.000,0.000,0.000,-0.013,0.604,0.453,-0.298,0.411,-0.397,-0.237,-0.354,-0.223,-0.049,-0.003,0.008,0.000,-0.330,0.230,-0.302,-4.258,-0.360,-5.615,-3.750,-5.247
0.983,-7.005,0.000,1.000,0.000,0.000,-0.015,0.606,0.450,-0.342,0.408,-0.455,-0.276,-0.409,-0.238,-0.051,-0.003,0.009,0.000,-0.349,0.131,-0.202,-4.538,-0.241,-5.977,-4.006,-5.588
0.981,-7.005,0.000,1.000,0.000,0.000,-0.017,0.607,0.449,-0.389,0.406,-0.516,-0.317,-0.466,-0.253,-0.053,-0.004,0.010,0.000,-0.367,0.061,-0.138,-4.808,-0.163,-6.331,-4.252,-5.921
0.978,-7.006,0.000,1.000,0.000,0.000,-0.019,0.607,0.448,-0.438,0.404,-0.581,-0.361,-0.527,-0.267,-0.054,-0.005,0.011,0.000,-0.386,0.021,-0.094,-5.070,-0.110,-6.676,-4.487,-6.246
0.976,-7.006,0.000,1.000,0.000,0.000,-0.021,0.607,0.447,-0.490,0.403,-0.650,-0.407,-0.591,-0.280,-0.056,-0.005,0.013,0.001,-0.404,0.001,-0.064,-5.324,-0.075,-7.012,-4.714,-6.561
0.973,-7.007,0.000,1.000,0.000,0.000,-0.023,0.607,0.446,-0.545,0.403,-0.721,-0.455,-0.658,-0.294,-0.057,-0.006,0.014,0.001,-0.422,-0.006,-0.042,-5.569,-0.051,-7.340,-4.933,-6.868
0.970,-7.008,0.000,1.000,0.000,0.000,-0.025,0.607,0.446,-0.602,0.402,-0.796,-0.505,-0.728,-0.306,-0.058,-0.007,0.015,0.001,-0.439,-0.007,-0.028,-5.807,-0.035,-7.660,-5.145,-7.167
0.967,-7.008,0.000,1.000,0.001,0.000,-0.027,0.607,0.446,-0.661,0.402,-0.875,-0.558,-0.801,-0.319,-0.059,-0.007,0.016,0.000,-0.456,-0.005,-0.018,-6.038,-0.024,-7.972,-5.349,-7.457
0.963,-7.009,-0.000,1.000,0.001,0.000,-0.029,0.607,0.446,-0.722,0.402,-0.956,-0.612,-0.877,-0.331,-0.059,-0.008,0.015,-0.000,-0.472,-0.004,-0.012,-6.261,-0.017,-8.276,-5.548,-7.738
0.960,-7.009,-0.000,0.999,0.001,0.000,-0.032,0.607,0.445,-0.786,0.402,-1.040,-0.669,-0.956,-0.342,-0.059,-0.008,0.015,-0.001,-0.487,-0.002,-0.008,-6.477,-0.013,-8.571,-5.740,-8.012
0.956,-7.010,-0.000,0.999,0.001,0.000,-0.034,0.607,0.445,-0.852,0.402,-1.127,-0.727,-1.038,-0.353,-0.059,-0.009,0.014,-0.001,-0.502,-0.002,-0.006,-6.687,-0.010,-8.857,-5.925,-8.277
0.953,-7.011,-0.000,0.999,0.001,0.000,-0.037,0.607,0.445,-0.920,0.402,-1.217,-0.787,-1.122,-0.364,-0.059,-0.009,0.013,-0.002,-0.516,-0.001,-0.004,-6.890,-0.008,-9.135,-6.105,-8.535
0.949,-7.011,-0.000,0.999,0.001,0.000,-0.039,0.607,0.445,-0.990,0.402,-1.310,-0.849,-1.208,-0.374,-0.059,-0.009,0.011,-0.002,-0.530,-0.001,-0.003,-7.086,-0.006,-9.404,-6.279,-8.785
0.945,-7.012,-0.000,0.999,0.001,0.000,-0.042,0.607,0.445,-1.062,0.401,-1.405,-0.913,-1.297,-0.384,-0.058,-0.009,0.009,-0.003,-0.544,-0.000,-0.002,-7.277,-0.004,-9.664,-6.448,-9.027
0.942,-7.012,-0.001,0.999,0.001,0.000,-0.045,0.607,0.445,-1.135,0.401,-1.503,-0.978,-1.389,-0.393,-0.057,-0.009,0.006,-0.004,-0.556,-0.000,-0.002,-7.461,-0.003,-9.915,-6.611,-9.260
0.938,-7.013,-0.001,0.999,0.001,0.000,-0.048,0.607,0.445,-1.211,0.401,-1.603,-1.045,-1.483,-0.402,-0.057,-0.009,0.002,-0.004,-0.569,-0.000,-0.002,-7.639,-0.002,-10.157,-6.768,-9.486
0.933,-7.013,-0.001,0.999,0.001,0.000,-0.051,0.607,0.445,-1.288,0.401,-1.706,-1.113,-1.578,-0.411,-0.055,-0.009,-0.001,-0.005,-0.580,-0.000,-0.001,-7.811,-0.001,-10.390,-6.921,-9.703
0.929,-7.014,-0.001,0.999,0.001,0.000,-0.053,0.607,0.445,-1.367,0.401,-1.811,-1.183,-1.677,-0.419,-0.054,-0.008,-0.005,-0.006,-0.592,-0.000,-0.001,-7.977,0.000,-10.613,-7.068,-9.912
0.925,-7.014,-0.001,0.998,0.001,0.000,-0.056,0.607,0.445,-1.447,0.401,-1.918,-1.255,-1.777,-0.427,-0.053,-0.007,-0.010,-0.007,-0.603,-0.000,-0.002,-8.138,0.001,-10.827,-7.211,-10.113
0.921,-7.015,-0.001,0.998,0.001,0.000,-0.059,0.607,0.445,-1.530,0.401,-2.028,-1.327,-1.879,-0.435,-0.051,-0.007,-0.014,-0.007,-0.613,-0.000,-0.002,-8.293,0.002,-11.032,-7.349,-10.306
0.916,-7.015,-0.001,0.998,0.001,0.000,-0.063,0.607,0.445,-1.613,0.401,-2.139,-1.402,-1.983,-0.443,-0.049,-0.006,-0.017,-0.008,-0.623,-0.000,-0.002,-8.443,0.003,-11.227,-7.484,-10.491
0.912,-7.016,-0.001,0.998,0.001,0.000,-0.066,0.607,0.445,-1.698,0.401,-2.252,-1.477,-2.089,-0.450,-0.047,-0.005,-0.021,-0.008,-0.633,-0.000,-0.002,-8.588,0.003,-11.414,-7.614,-10.668
0.907,-7.016,-0.001,0.998,0.001,0.000,-0.069,0.607,0.445,-1.785,0.401,-2.367,-1.554,-2.196,-0.457,-0.045,-0.004,-0.023,-0.009,-0.642,-0.000,-0.003,-8.728,0.003,-11.593,-7.740,-10.838
0.903,-7.017,-0.001,0.997,0.000,0.000,-0.072,0.607,0.445,-1.873,0.402,-2.484,-1.632,-2.305,-0.464,-0.043,-0.003,-0.025,-0.009,-0.651,-0.000,-0.003,-8.864,0.003,-11.763,-7.862,-11.001
0.898,-7.017,-0.001,0.997,0.000,0.000,-0.075,0.607,0.445,-1.962,0.402,-2.603,-1.711,-2.416,-0.471,-0.040,-0.002,-0.025,-0.008,-0.660,-0.000,-0.003,-8.994,0.003,-11.927,-7.981,-11.157
0.893,-7.018,-0.001,0.997,0.000,0.000,-0.079,0.607,0.445,-2.053,0.402,-2.723,-1.792,-2.528,-0.477,-0.037,-0.002,-0.025,-0.008,-0.669,-0.000,-0.003,-9.121,0.003,-12.084,-8.097,-11.308
0.889,-7.018,-0.001,0.997,0.000,-0.000,-0.082,0.607,0.445,-2.145,0.402,-2.844,-1.873,-2.642,-0.483,-0.035,-0.001,-0.023,-0.008,-0.677,-0.000,-0.003,-9.243,0.003,-12.235,-8.208,-11.452
0.884,-7.018,-0.001,0.996,-0.000,-0.000,-0.085,0.607,0.445,-2.238,0.402,-2.967,-1.956,-2.757,-0.489,-0.032,-0.001,-0.021,-0.007,-0.685,-0.001,-0.003,-9.361,0.002,-12.381,-8.317,-11.592
0.879,-7.019,-0.001,0.996,-0.000,-0.000,-0.089,0.607,0.445,-2.332,0.402,-3.092,-2.039,-2.874,-0.495,-0.029,-0.000,-0.017,-0.006,-0.693,-0.001,-0.003,-9.475,0.002,-12.523,-8.422,-11.728
0.874,-7.019,-0.001,0.996,-0.000,-0.000,-0.092,0.607,0.445,-2.427,0.402,-3.218,-2.124,-2.992,-0.501,-0.026,-0.000,-0.014,-0.006,-0.701,-0.001,-0.003,-9.585,0.002,-12.661,-8.523,-11.860
0.869,-7.019,-0.001,0.995,-0.000,-0.000,-0.096,0.607,0.445,-2.524,0.402,-3.345,-2.210,-3.111,-0.507,-0.022,0.000,-0.009,-0.005,-0.709,-0.001,-0.003,-9.691,0.001,-12.795,-8.620,-11.989
0.864,-7.019,-0.001,0.995,-0.000,-0.000,-0.099,0.607,0.445,-2.621,0.402,-3.474,-2.297,-3.232,-0.512,-0.019,0.000,-0.006,-0.005,-0.717,-0.000,-0.003,-9.793,0.001,-12.927,-8.714,-12.114
0.859,-7.020,-0.001,0.995,-0.000,-0.000,-0.103,0.607,0.445,-2.719,0.402,-3.604,-2.384,-3.354,-0.518,-0.016,0.000,-0.002,-0.005,-0.724,-0.000,-0.003,-9.892,0.001,-13.056,-8.804,-12.237
0.853,-7.020,-0.001,0.994,-0.000,-0.000,-0.107,0.607,0.445,-2.819,0.402,-3.735,-2.473,-3.477,-0.523,-0.012,0.001,-0.000,-0.005,-0.732,-0.000,-0.002,-9.987,0.001,-13.181,-8.891,-12.358
0.848,-7.020,-0.001,0.994,-0.000,-0.000,-0.110,0.607,0.445,-2.919,0.402,-3.867,-2.562,-3.601,-0.528,-0.009,0.001,0.001,-0.005,-0.740,-0.000,-0.002,-10.079,0.002,-13.304,-8.974,-12.476
0.843,-7.020,-0.001,0.993,-0.000,-0.000,-0.114,0.607,0.445,-3.020,0.402,-4.001,-2.652,-3.726,-0.533,-0.005,0.001,0.000,-0.006,-0.748,0.000,-0.001,-10.168,0.002,-13.423,-9.054,-12.591
0.837,-7.020,-0.001,0.993,-0.000,-0.000,-0.118,0.607,0.445,-3.123,0.402,-4.136,-2.743,-3.853,-0.537,-0.001,0.002,-0.002,-0.006,-0.756,0.000,-0.001,-10.255,0.003,-13.538,-9.131,-12.703
0.832,-7.020,-0.001,0.993,-0.000,-0.000,-0.121,0.607,0.445,-3.226,0.402,-4.272,-2.835,-3.980,-0.542,0.003,0.002,-0.007,-0.008,-0.764,0.000,-0.001,-10.339,0.004,-13.649,-9.205,-12.812
0.827,-7.020,-0.001,0.992,-0.000,-0.000,-0.125,0.607,0.445,-3.329,0.402,-4.409,-2.927,-4.109,-0.547,0.006,0.003,-0.013,-0.009,-0.772,0.001,-0.000,-10.421,0.004,-13.754,-9.278,-12.916
0.821,-7.020,-0.001,0.992,-0.001,-0.000,-0.129,0.607,0.445,-3.434,0.402,-4.547,-3.020,-4.238,-0.551,0.010,0.004,-0.021,-0.010,-0.779,0.001,-0.000,-10.502,0.005,-13.852,-9.349,-13.016
0.816,-7.020,-0.001,0.991,-0.001,-0.000,-0.133,0.607,0.445,-3.539,0.402,-4.686,-3.114,-4.369,-0.556,0.015,0.005,-0.030,-0.011,-0.787,0.001,0.000,-10.581,0.006,-13.944,-9.419,-13.111
0.810,-7.019,-0.001,0.991,-0.001,-0.000,-0.137,0.607,0.445,-3.646,0.402,-4.825,-3.209,-4.501,-0.560,0.019,0.006,-0.040,-0.011,-0.795,0.001,0.000,-10.660,0.006,-14.028,-9.489,-13.200
0.804,-7.019,-0.001,0.990,-0.001,-0.000,-0.141,0.607,0.445,-3.753,0.402,-4.966,-3.304,-4.633,-0.564,0.023,0.007,-0.049,-0.011,-0.803,0.001,0.000,-10.738,0.006,-14.106,-9.558,-13.283
0.799,-7.019,-0.001,0.989,-0.001,-0.001,-0.145,0.607,0.445,-3.860,0.402,-5.108,-3.400,-4.766,-0.568,0.028,0.008,-0.058,-0.010,-0.811,0.001,-0.000,-10.816,0.006,-14.177,-9.628,-13.359
0.793,-7.019,-0.001,0.989,-0.002,-0.001,-0.149,0.607,0.445,-3.969,0.402,-5.250,-3.496,-4.900,-0.573,0.032,0.009,-0.065,-0.009,-0.818,0.000,-0.000,-10.893,0.006,-14.241,-9.699,-13.429
0.787,-7.018,-0.001,0.988,-0.002,-0.001,-0.153,0.607,0.445,-4.078,0.402,-5.392,-3.594,-5.035,-0.577,0.037,0.009,-0.070,-0.007,-0.824,0.000,-0.001,-10.970,0.005,-14.299,-9.771,-13.492
0.781,-7.018,-0.001,0.988,-0.002,-0.000,-0.157,0.607,0.445,-4.188,0.402,-5.536,-3.692,-5.170,-0.581,0.042,0.010,-0.071,-0.004,-0.830,-0.000,-0.001,-11.045,0.003,-14.352,-9.844,-13.550
0.776,-7.018,-0.001,0.987,-0.003,-0.000,-0.161,0.607,0.445,-4.299,0.402,-5.679,-3.791,-5.306,-0.585,0.048,0.010,-0.069,-0.002,-0.834,-0.000,-0.002,-11.119,0.002,-14.400,-9.918,-13.602
0.770,-7.017,-0.000,0.986,-0.003,-0.000,-0.165,0.607,0.445,-4.411,0.402,-5.824,-3.890,-5.442,-0.588,0.054,0.010,-0.062,0.001,-0.838,-0.001,-0.002,-11.189,-0.000,-14.445,-9.993,-13.649
0.764,-7.016,-0.000,0.986,-0.003,-0.000,-0.169,0.607,0.445,-4.523,0.402,-5.968,-3.991,-5.579,-0.592,0.060,0.009,-0.051,0.003,-0.841,-0.001,-0.003,-11.257,-0.002,-14.489,-10.068,-13.693
0.758,-7.016,-0.000,0.985,-0.004,-0.000,-0.174,0.607,0.445,-4.636,0.402,-6.113,-4.092,-5.716,-0.595,0.066,0.009,-0.037,0.007,-0.842,-0.001,-0.003,-11.321,-0.004,-14.533,-10.142,-13.736
0.752,-7.015,-0.000,0.984,-0.004,-0.000,-0.178,0.607,0.445,-4.749,0.402,-6.259,-4.193,-5.853,-0.598,0.072,0.007,-0.018,0.011,-0.843,-0.002,-0.003,-11.381,-0.006,-14.579,-10.216,-13.780
0.746,-7.014,-0.000,0.983,-0.004,-0.000,-0.182,0.607,0.445,-4.863,0.402,-6.405,-4.296,-5.991,-0.601,0.079,0.006,0.005,0.016,-0.843,-0.002,-0.003,-11.434,-0.008,-14.631,-10.284,-13.826
0.740,-7.014,-0.000,0.983,-0.004,-0.000,-0.186,0.607,0.444,-4.978,0.402,-6.552,-4.399,-6.130,-0.604,0.085,0.004,0.031,0.019,-0.845,-0.002,-0.003,-11.480,-0.009,-14.692,-10.342,-13.876
0.734,-7.013,0.000,0.982,-0.003,-0.000,-0.190,0.607,0.444,-5.093,0.402,-6.699,-4.503,-6.269,-0.606,0.091,0.002,0.058,0.021,-0.846,-0.002,-0.002,-11.518,-0.010,-14.761,-10.391,-13.931
0.728,-7.012,0.000,0.981,-0.003,-0.000,-0.194,0.607,0.444,-5.208,0.402,-6.847,-4.607,-6.409,-0.608,0.097,0.001,0.082,0.021,-0.848,-0.001,-0.002,-11.549,-0.010,-14.838,-10.430,-13.992
0.722,-7.011,0.000,0.980,-0.002,-0.000,-0.198,0.607,0.444,-5.324,0.402,-6.996,-4.711,-6.549,-0.610,0.103,-0.001,0.104,0.021,-0.850,-0.001,-0.001,-11.573,-0.009,-14.923,-10.459,-14.058
0.716,-7.010,0.000,0.979,-0.002,-0.000,-0.203,0.607,0.444,-5.440,0.402,-7.145,-4.816,-6.690,-0.612,0.109,-0.002,0.121,0.019,-0.853,-0.001,-0.001,-11.592,-0.009,-15.014,-10.480,-14.130
0.709,-7.009,-0.000,0.978,-0.001,-0.000,-0.207,0.607,0.444,-5.556,0.402,-7.296,-4.921,-6.831,-0.613,0.114,-0.003,0.133,0.016,-0.855,-0.001,-0.000,-11.605,-0.008,-15.111,-10.491,-14.207
0.703,-7.007,-0.000,0.977,-0.001,-0.000,-0.211,0.607,0.444,-5.672,0.402,-7.448,-5.026,-6.974,-0.614,0.120,-0.004,0.139,0.012,-0.858,-0.000,0.000,-11.613,-0.007,-15.210,-10.496,-14.288
0.697,-7.006,-0.000,0.977,0.000,-0.000,-0.215,0.607,0.444,-5.788,0.401,-7.600,-5.131,-7.117,-0.614,0.125,-0.004,0.139,0.008,-0.861,-0.000,0.000,-11.619,-0.005,-15.312,-10.493,-14.371
0.691,-7.005,-0.000,0.976,0.001,-0.000,-0.219,0.607,0.444,-5.904,0.401,-7.754,-5.236,-7.261,-0.615,0.130,-0.004,0.133,0.003,-0.864,0.000,0.001,-11.622,-0.004,-15.412,-10.486,-14.456
0.685,-7.004,-0.000,0.975,0.001,-0.001,-0.224,0.607,0.444,-6.020,0.401,-7.908,-5.340,-7.406,-0.615,0.136,-0.004,0.123,-0.001,-0.867,0.000,0.001,-11.625,-0.003,-15.508,-10.474,-14.541
0.679,-7.002,-0.000,0.974,0.002,-0.001,-0.228,0.607,0.444,-6.137,0.401,-8.064,-5.445,-7.552,-0.615,0.141,-0.003,0.108,-0.004,-0.871,0.001,0.002,-11.627,-0.001,-15.601,-10.458,-14.624
0.673,-7.001,-0.000,0.973,0.002,-0.001,-0.232,0.607,0.444,-6.253,0.401,-8.220,-5.550,-7.699,-0.615,0.145,-0.003,0.093,-0.007,-0.877,0.001,0.003,-11.630,0.001,-15.691,-10.436,-14.705
0.666,-6.999,-0.000,0.972,0.003,-0.001,-0.236,0.607,0.445,-6.369,0.401,-8.378,-5.654,-7.846,-0.615,0.150,-0.002,0.077,-0.009,-0.884,0.002,0.004,-11.635,0.003,-15.776,-10.411,-14.783
0.660,-6.998,-0.000,0.971,0.003,-0.001,-0.241,0.607,0.445,-6.486,0.401,-8.536,-5.758,-7.994,-0.615,0.155,-0.001,0.059,-0.010,-0.891,0.002,0.004,-11.644,0.004,-15.854,-10.388,-14.856
0.654,-6.996,-0.000,0.970,0.003,-0.001,-0.245,0.607,0.445,-6.602,0.401,-8.695,-5.862,-8.143,-0.614,0.159,-0.001,0.042,-0.008,-0.897,0.002,0.005,-11.659,0.005,-15.925,-10.369,-14.925
0.648,-6.995,-0.000,0.968,0.004,-0.001,-0.249,0.607,0.445,-6.719,0.402,-8.854,-5.965,-8.293,-0.614,0.164,-0.001,0.024,-0.004,-0.904,0.002,0.006,-11.680,0.005,-15.990,-10.356,-14.987
0.642,-6.993,-0.000,0.967,0.004,-0.001,-0.254,0.607,0.445,-6.836,0.402,-9.015,-6.069,-8.443,-0.614,0.169,-0.001,0.006,0.001,-0.911,0.002,0.006,-11.708,0.005,-16.053,-10.344,-15.045
0.636,-6.991,-0.000,0.966,0.004,-0.001,-0.258,0.607,0.445,-6.953,0.402,-9.175,-6.172,-8.594,-0.614,0.174,-0.002,-0.010,0.008,-0.920,0.002,0.006,-11.742,0.005,-16.116,-10.335,-15.097
0.630,-6.989,-0.000,0.965,0.004,-0.001,-0.263,0.607,0.445,-7.071,0.402,-9.337,-6.275,-8.745,-0.613,0.179,-0.003,-0.023,0.014,-0.928,0.001,0.005,-11.782,0.004,-16.177,-10.328,-15.143
0.623,-6.988,-0.000,0.964,0.004,-0.001,-0.267,0.607,0.445,-7.189,0.402,-9.499,-6.379,-8.897,-0.613,0.184,-0.004,-0.034,0.019,-0.935,0.001,0.005,-11.826,0.003,-16.234,-10.327,-15.181
0.617,-6.986,-0.000,0.962,0.003,-0.001,-0.272,0.607,0.445,-7.307,0.402,-9.662,-6.482,-9.049,-0.612,0.190,-0.005,-0.041,0.020,-0.941,0.001,0.004,-11.875,0.003,-16.286,-10.333,-15.213
0.611,-6.984,-0.000,0.961,0.003,-0.001,-0.276,0.607,0.445,-7.426,0.402,-9.825,-6.585,-9.201,-0.612,0.196,-0.006,-0.046,0.019,-0.946,0.001,0.004,-11.926,0.002,-16.331,-10.346,-15.240
0.605,-6.982,-0.001,0.960,0.003,-0.001,-0.281,0.607,0.445,-7.546,0.402,-9.988,-6.689,-9.353,-0.611,0.202,-0.006,-0.049,0.015,-0.950,0.000,0.003,-11.979,0.002,-16.370,-10.366,-15.263
0.599,-6.980,-0.001,0.958,0.003,-0.000,-0.285,0.607,0.445,-7.666,0.402,-10.152,-6.793,-9.506,-0.609,0.208,-0.006,-0.051,0.008,-0.952,0.000,0.002,-12.033,0.002,-16.402,-10.391,-15.283
0.593,-6.978,-0.001,0.957,0.003,-0.000,-0.290,0.607,0.445,-7.786,0.402,-10.316,-6.897,-9.659,-0.608,0.214,-0.006,-0.053,-0.001,-0.954,0.000,0.001,-12.085,0.002,-16.427,-10.420,-15.302
0.587,-6.975,-0.001,0.956,0.002,-0.000,-0.294,0.607,0.445,-7.907,0.402,-10.481,-7.001,-9.812,-0.607,0.220,-0.005,-0.055,-0.010,-0.956,0.000,0.000,-12.136,0.003,-16.447,-10.453,-15.321
0.581,-6.973,-0.001,0.954,0.002,-0.000,-0.299,0.607,0.445,-8.029,0.402,-10.645,-7.106,-9.966,-0.606,0.226,-0.004,-0.059,-0.019,-0.959,0.000,-0.001,-12.185,0.004,-16.460,-10.488,-15.341
0.575,-6.971,-0.001,0.953,0.002,-0.000,-0.304,0.607,0.445,-8.151,0.402,-10.810,-7.211,-10.119,-0.605,0.231,-0.003,-0.063,-0.028,-0.961,-0.000,-0.002,-12.232,0.005,-16.467,-10.526,-15.362
0.569,-6.969,-0.001,0.951,0.001,-0.000,-0.308,0.607,0.445,-8.274,0.402,-10.974,-7.316,-10.273,-0.603,0.237,-0.001,-0.069,-0.035,-0.964,-0.000,-0.002,-12.276,0.006,-16.467,-10.565,-15.382
0.563,-6.966,-0.001,0.950,0.001,-0.000,-0.313,0.607,0.445,-8.397,0.402,-11.139,-7.422,-10.427,-0.602,0.243,0.001,-0.076,-0.040,-0.968,-0.000,-0.003,-12.319,0.006,-16.461,-10.607,-15.403
0.557,-6.964,-0.001,0.948,0.000,-0.000,-0.317,0.607,0.445,-8.520,0.402,-11.304,-7.528,-10.581,-0.601,0.249,0.002,-0.084,-0.042,-0.971,-0.000,-0.004,-12.361,0.007,-16.448,-10.653,-15.422
0.551,-6.961,-0.001,0.947,-0.000,-0.000,-0.322,0.607,0.445,-8.644,0.402,-11.468,-7.635,-10.735,-0.600,0.255,0.004,-0.091,-0.041,-0.975,-0.000,-0.004,-12.401,0.006,-16.430,-10.701,-15.437
0.545,-6.959,-0.001,0.945,-0.001,-0.000,-0.327,0.607,0.445,-8.768,0.402,-11.632,-7.743,-10.890,-0.599,0.262,0.005,-0.097,-0.036,-0.977,-0.000,-0.004,-12.442,0.006,-16.407,-10.755,-15.449
0.539,-6.956,-0.001,0.944,-0.001,-0.000,-0.331,0.607,0.445,-8.893,0.402,-11.796,-7.850,-11.044,-0.598,0.268,0.006,-0.101,-0.029,-0.979,-0.000,-0.004,-12.483,0.004,-16.379,-10.813,-15.456
0.533,-6.953,-0.001,0.942,-0.002,-0.000,-0.336,0.607,0.445,-9.018,0.402,-11.960,-7.959,-11.199,-0.597,0.275,0.007,-0.103,-0.019,-0.980,-0.001,-0.003,-12.524,0.003,-16.349,-10.876,-15.456
0.527,-6.951,-0.001,0.940,-0.002,-0.000,-0.340,0.605,0.444,-9.143,0.402,-12.123,-8.068,-11.353,-0.593,0.281,0.007,-0.099,-0.010,-0.974,-0.294,-0.074,-12.488,-0.034,-16.226,-10.873,-15.363
0.521,-6.948,-0.000,0.939,-0.003,-0.000,-0.345,0.602,0.444,-9.268,0.402,-12.284,-8.176,-11.506,-0.589,0.287,0.007,-0.093,0.001,-0.967,-0.313,-0.079,-12.458,-0.039,-16.106,-10.881,-15.267
0.515,-6.945,-0.000,0.937,-0.003,0.000,-0.350,0.599,0.443,-9.392,0.401,-12.445,-8.285,-11.658,-0.584,0.293,0.006,-0.083,0.012,-0.957,-0.228,-0.058,-12.431,-0.033,-15.990,-10.894,-15.169
0.509,-6.942,-0.000,0.935,-0.003,0.000,-0.354,0.598,0.442,-9.516,0.401,-12.604,-8.394,-11.809,-0.579,0.300,0.005,-0.070,0.023,-0.947,-0.131,-0.033,-12.404,-0.024,-15.881,-10.909,-15.071
0.503,-6.939,-0.000,0.934,-0.004,0.000,-0.358,0.597,0.442,-9.640,0.401,-12.762,-8.503,-11.959,-0.575,0.306,0.003,-0.054,0.032,-0.935,-0.062,-0.016,-12.377,-0.018,-15.780,-10.921,-14.973
0.498,-6.936,-0.000,0.932,-0.004,0.001,-0.363,0.596,0.442,-9.764,0.401,-12.920,-8.613,-12.109,-0.570,0.312,0.002,-0.036,0.039,-0.924,-0.022,-0.007,-12.347,-0.015,-15.690,-10.931,-14.879
0.492,-6.933,-0.000,0.930,-0.004,0.001,-0.367,0.596,0.442,-9.887,0.401,-13.076,-8.722,-12.257,-0.564,0.318,-0.000,-0.016,0.044,-0.911,-0.003,-0.002,-12.315,-0.013,-15.614,-10.939,-14.788
0.486,-6.929,-0.000,0.929,-0.004,0.001,-0.371,0.596,0.442,-10.010,0.400,-13.232,-8.831,-12.405,-0.559,0.324,-0.003,0.005,0.048,-0.898,0.004,-0.000,-12.278,-0.012,-15.551,-10.944,-14.704
0.481,-6.926,-0.000,0.927,-0.004,0.001,-0.375,0.596,0.442,-10.133,0.400,-13.387,-8.941,-12.551,-0.554,0.329,-0.005,0.027,0.048,-0.889,0.006,0.000,-12.243,-0.011,-15.503,-10.933,-14.630
0.475,-6.923,-0.000,0.925,-0.003,0.001,-0.379,0.596,0.442,-10.255,0.400,-13.542,-9.050,-12.697,-0.548,0.333,-0.006,0.048,0.045,-0.882,0.004,0.000,-12.205,-0.010,-15.466,-10.907,-14.567
0.470,-6.919,-0.000,0.924,-0.003,0.001,-0.384,0.596,0.442,-10.377,0.400,-13.697,-9.159,-12.843,-0.543,0.337,-0.007,0.065,0.037,-0.876,0.003,-0.000,-12.162,-0.008,-15.439,-10.871,-14.514
0.464,-6.916,-0.001,0.922,-0.003,0.001,-0.388,0.596,0.442,-10.498,0.400,-13.851,-9.267,-12.987,-0.538,0.340,-0.008,0.078,0.026,-0.872,0.001,-0.001,-12.113,-0.007,-15.421,-10.826,-14.470
0.459,-6.913,-0.001,0.920,-0.002,0.001,-0.392,0.596,0.442,-10.619,0.400,-14.005,-9.375,-13.132,-0.532,0.343,-0.008,0.086,0.012,-0.868,0.000,-0.001,-12.058,-0.005,-15.407,-10.776,-14.435
0.454,-6.909,-0.001,0.918,-0.002,0.001,-0.396,0.596,0.442,-10.739,0.400,-14.159,-9.483,-13.276,-0.527,0.346,-0.007,0.089,-0.003,-0.865,-0.000,-0.002,-11.998,-0.003,-15.396,-10.723,-14.409
0.449,-6.906,-0.001,0.917,-0.001,0.001,-0.399,0.596,0.442,-10.859,0.400,-14.313,-9.590,-13.420,-0.522,0.349,-0.006,0.089,-0.017,-0.862,-0.001,-0.003,-11.932,-0.001,-15.385,-10.669,-14.390
0.443,-6.902,-0.001,0.915,-0.001,0.001,-0.403,0.596,0.442,-10.978,0.400,-14.467,-9.696,-13.564,-0.517,0.352,-0.005,0.086,-0.031,-0.860,-0.001,-0.003,-11.862,0.000,-15.371,-10.619,-14.379
0.438,-6.899,-0.001,0.913,-0.001,0.000,-0.407,0.596,0.442,-11.096,0.400,-14.620,-9.802,-13.708,-0.512,0.355,-0.003,0.081,-0.041,-0.857,-0.001,-0.004,-11.790,0.002,-15.353,-10.571,-14.374
0.433,-6.895,-0.001,0.912,-0.000,-0.000,-0.411,0.596,0.442,-11.214,0.400,-14.774,-9.908,-13.852,-0.507,0.357,-0.002,0.076,-0.049,-0.854,-0.001,-0.004,-11.718,0.004,-15.331,-10.528,-14.374
0.428,-6.891,-0.001,0.910,-0.000,-0.000,-0.415,0.596,0.442,-11.330,0.400,-14.927,-10.013,-13.995,-0.502,0.360,-0.001,0.069,-0.053,-0.852,-0.000,-0.004,-11.645,0.005,-15.305,-10.490,-14.377
0.423,-6.888,-0.001,0.908,0.000,-0.001,-0.419,0.596,0.442,-11.447,0.400,-15.080,-10.118,-14.139,-0.497,0.364,0.001,0.063,-0.054,-0.849,-0.000,-0.004,-11.575,0.005,-15.277,-10.456,-14.382
0.418,-6.884,-0.001,0.906,0.000,-0.001,-0.423,0.596,0.442,-11.562,0.400,-15.233,-10.222,-14.283,-0.493,0.367,0.002,0.056,-0.051,-0.846,-0.000,-0.004,-11.508,0.005,-15.246,-10.426,-14.388
0.413,-6.881,-0.001,0.904,0.000,-0.001,-0.427,0.596,0.442,-11.677,0.400,-15.385,-10.326,-14.427,-0.488,0.370,0.003,0.051,-0.046,-0.844,-0.000,-0.004,-11.444,0.005,-15.214,-10.400,-14.393
0.408,-6.877,-0.001,0.903,0.000,-0.002,-0.430,0.596,0.442,-11.791,0.400,-15.537,-10.430,-14.571,-0.484,0.374,0.003,0.045,-0.038,-0.841,0.000,-0.003,-11.386,0.005,-15.183,-10.377,-14.396
0.404,-6.873,-0.001,0.901,0.001,-0.002,-0.434,0.596,0.442,-11.904,0.400,-15.688,-10.534,-14.715,-0.480,0.377,0.004,0.041,-0.030,-0.838,0.000,-0.002,-11.332,0.004,-15.152,-10.355,-14.396
0.399,-6.869,-0.001,0.899,0.001,-0.002,-0.438,0.596,0.442,-12.017,0.400,-15.840,-10.637,-14.859,-0.476,0.381,0.004,0.037,-0.020,-0.836,0.000,-0.001,-11.285,0.004,-15.124,-10.333,-14.394
0.394,-6.865,-0.001,0.897,0.001,-0.002,-0.442,0.596,0.442,-12.130,0.400,-15.991,-10.740,-15.003,-0.472,0.384,0.004,0.034,-0.010,-0.834,0.001,0.000,-11.243,0.003,-15.097,-10.310,-14.388
0.389,-6.862,-0.001,0.895,0.001,-0.002,-0.446,0.596,0.442,-12.242,0.400,-16.142,-10.843,-15.146,-0.469,0.388,0.004,0.031,-0.001,-0.832,0.001,0.001,-11.207,0.003,-15.074,-10.285,-14.379
0.385,-6.858,-0.001,0.893,0.001,-0.002,-0.449,0.596,0.442,-12.354,0.400,-16.292,-10.946,-15.290,-0.465,0.391,0.003,0.028,0.007,-0.831,0.001,0.002,-11.176,0.003,-15.052,-10.257,-14.368
0.380,-6.854,-0.001,0.892,0.001,-0.002,-0.453,0.596,0.442,-12.466,0.400,-16.443,-11.048,-15.434,-0.461,0.394,0.003,0.024,0.012,-0.831,0.001,0.003,-11.150,0.003,-15.032,-10.224,-14.354
0.375,-6.850,-0.001,0.890,0.001,-0.002,-0.457,0.596,0.442,-12.577,0.400,-16.593,-11.150,-15.577,-0.458,0.397,0.003,0.019,0.016,-0.831,0.001,0.003,-11.128,0.003,-15.013,-10.187,-14.337
0.371,-6.846,-0.001,0.888,0.002,-0.002,-0.460,0.596,0.442,-12.688,0.401,-16.743,-11.252,-15.721,-0.454,0.400,0.003,0.012,0.018,-0.832,0.002,0.004,-11.110,0.004,-14.994,-10.145,-14.317
0.366,-6.842,-0.001,0.886,0.002,-0.002,-0.464,0.596,0.442,-12.800,0.401,-16.893,-11.353,-15.864,-0.451,0.402,0.003,0.007,0.016,-0.836,0.002,0.005,-11.100,0.005,-14.975,-10.092,-14.294
0.362,-6.838,-0.000,0.884,0.002,-0.002,-0.468,0.596,0.442,-12.911,0.401,-17.043,-11.454,-16.006,-0.447,0.404,0.004,0.002,0.013,-0.841,0.002,0.006,-11.100,0.006,-14.956,-10.028,-14.269
0.357,-6.834,-0.000,0.882,0.002,-0.002,-0.471,0.596,0.442,-13.021,0.401,-17.192,-11.554,-16.149,-0.444,0.406,0.005,-0.001,0.007,-0.848,0.002,0.007,-11.093,0.007,-14.945,-9.958,-14.241
0.353,-6.830,-0.000,0.880,0.002,-0.002,-0.475,0.596,0.442,-13.132,0.401,-17.342,-11.653,-16.291,-0.440,0.408,0.006,-0.002,-0.000,-0.856,0.002,0.007,-11.071,0.008,-14.941,-9.884,-14.216
0.349,-6.826,-0.000,0.878,0.002,-0.002,-0.479,0.596,0.442,-13.243,0.401,-17.491,-11.751,-16.433,-0.437,0.409,0.006,-0.004,-0.004,-0.866,0.002,0.007,-11.043,0.008,-14.947,-9.807,-14.194
0.344,-6.821,-0.000,0.876,0.002,-0.002,-0.483,0.596,0.442,-13.353,0.401,-17.640,-11.849,-16.575,-0.435,0.410,0.006,-0.011,-0.003,-0.879,0.002,0.006,-11.019,0.006,-14.958,-9.728,-14.178
0.340,-6.817,-0.000,0.874,0.002,-0.002,-0.487,0.596,0.442,-13.463,0.401,-17.790,-11.946,-16.717,-0.432,0.412,0.006,-0.024,-0.000,-0.893,0.001,0.004,-11.003,0.004,-14.963,-9.654,-14.168
0.336,-6.813,-0.000,0.871,0.002,-0.002,-0.491,0.596,0.442,-13.573,0.401,-17.940,-12.042,-16.858,-0.429,0.414,0.006,-0.038,0.004,-0.904,0.000,0.003,-10.994,0.002,-14.959,-9.592,-14.156
0.331,-6.809,-0.000,0.869,0.001,-0.002,-0.495,0.596,0.442,-13.683,0.401,-18.089,-12.138,-17.000,-0.426,0.417,0.006,-0.048,0.007,-0.912,-0.000,0.002,-10.991,-0.000,-14.946,-9.546,-14.140
0.327,-6.805,-0.000,0.867,0.001,-0.002,-0.499,0.596,0.442,-13.793,0.401,-18.239,-12.233,-17.141,-0.423,0.420,0.004,-0.067,0.020,-0.924,-0.001,0.000,-10.997,-0.003,-14.944,-9.502,-14.128
0.323,-6.801,-0.000,0.865,0.001,-0.001,-0.503,0.596,0.442,-13.903,0.401,-18.388,-12.328,-17.283,-0.421,0.423,0.002,-0.088,0.038,-0.937,-0.001,-0.001,-11.011,-0.005,-14.957,-9.460,-14.117
0.319,-6.796,0.000,0.862,0.001,-0.001,-0.507,0.596,0.442,-14.013,0.401,-18.538,-12.422,-17.424,-0.417,0.427,0.000,-0.097,0.050,-0.943,-0.002,-0.002,-11.030,-0.006,-14.957,-9.439,-14.092
0.314,-6.792,0.000,0.860,0.000,-0.001,-0.511,0.596,0.442,-14.124,0.401,-18.687,-12.517,-17.564,-0.412,0.432,0.002,-0.075,0.041,-0.930,-0.001,-0.000,-11.058,-0.006,-14.899,-9.465,-14.031
0.310,-6.788,0.000,0.857,0.000,-0.000,-0.515,0.596,0.442,-14.235,0.401,-18.836,-12.612,-17.704,-0.407,0.437,0.002,-0.064,0.041,-0.923,-0.001,-0.000,-11.090,-0.006,-14.859,-9.487,-13.973
0.306,-6.783,0.000,0.855,-0.000,0.000,-0.519,0.596,0.442,-14.346,0.401,-18.984,-12.707,-17.844,-0.402,0.441,0.000,-0.060,0.046,-0.917,-0.001,-0.000,-11.125,-0.007,-14.830,-9.508,-13.918
0.302,-6.779,0.000,0.853,-0.000,0.001,-0.523,0.596,0.442,-14.457,0.401,-19.133,-12.802,-17.983,-0.397,0.445,-0.002,-0.058,0.054,-0.911,-0.001,-0.000,-11.160,-0.008,-14.809,-9.530,-13.862
0.298,-6.774,0.000,0.850,-0.000,0.001,-0.526,0.596,0.442,-14.569,0.401,-19.281,-12.897,-18.121,-0.392,0.450,-0.004,-0.055,0.061,-0.903,-0.001,-0.001,-11.195,-0.009,-14.791,-9.553,-13.804
0.295,-6.770,-0.000,0.848,-0.000,0.001,-0.530,0.596,0.442,-14.681,0.400,-19.428,-12.993,-18.259,-0.387,0.454,-0.005,-0.048,0.063,-0.893,-0.001,-0.001,-11.228,-0.010,-14.768,-9.581,-13.740
0.291,-6.765,-0.000,0.846,-0.000,0.002,-0.534,0.596,0.442,-14.793,0.400,-19.576,-13.089,-18.396,-0.381,0.458,-0.006,-0.036,0.058,-0.879,-0.002,-0.001,-11.256,-0.012,-14.734,-9.615,-13.670
0.287,-6.761,-0.000,0.843,-0.000,0.002,-0.538,0.596,0.442,-14.906,0.400,-19.723,-13.185,-18.532,-0.374,0.462,-0.006,-0.027,0.044,-0.861,-0.002,-0.001,-11.275,-0.012,-14.688,-9.661,-13.597
0.283,-6.756,-0.000,0.841,-0.000,0.002,-0.541,0.596,0.442,-15.019,0.400,-19.870,-13.282,-18.668,-0.368,0.467,-0.005,-0.021,0.026,-0.845,-0.002,-0.001,-11.275,-0.011,-14.649,-9.706,-13.533
0.280,-6.751,-0.000,0.839,-0.000,0.002,-0.545,0.596,0.442,-15.132,0.400,-20.016,-13.379,-18.803,-0.362,0.470,-0.005,-0.016,0.010,-0.833,-0.001,-0.002,-11.268,-0.010,-14.622,-9.740,-13.482
0.276,-6.747,-0.000,0.836,-0.000,0.002,-0.548,0.596,0.442,-15.244,0.400,-20.162,-13.477,-18.937,-0.356,0.473,-0.005,-0.009,-0.004,-0.826,-0.001,-0.002,-11.259,-0.007,-14.605,-9.761,-13.443
0.272,-6.742,-0.000,0.834,-0.000,0.002,-0.552,0.596,0.442,-15.357,0.400,-20.308,-13.575,-19.072,-0.351,0.475,-0.006,-0.002,-0.014,-0.821,-0.001,-0.002,-11.247,-0.005,-14.594,-9.775,-13.417
0.269,-6.737,-0.000,0.832,-0.001,0.002,-0.555,0.596,0.442,-15.469,0.400,-20.454,-13.672,-19.206,-0.346,0.478,-0.007,0.008,-0.020,-0.817,-0.000,-0.001,-11.234,-0.002,-14.586,-9.788,-13.402
0.266,-6.732,-0.000,0.830,-0.001,0.002,-0.558,0.596,0.442,-15.581,0.400,-20.600,-13.770,-19.340,-0.341,0.480,-0.008,0.019,-0.023,-0.814,0.000,-0.001,-11.219,-0.000,-14.580,-9.799,-13.397
0.262,-6.728,-0.001,0.827,-0.001,0.002,-0.562,0.596,0.442,-15.693,0.400,-20.746,-13.868,-19.474,-0.336,0.482,-0.009,0.028,-0.026,-0.812,0.000,-0.001,-11.203,0.002,-14.575,-9.807,-13.399
0.259,-6.723,-0.001,0.825,-0.000,0.002,-0.565,0.596,0.442,-15.805,0.400,-20.891,-13.966,-19.608,-0.332,0.483,-0.009,0.033,-0.029,-0.810,0.001,-0.001,-11.184,0.003,-14.571,-9.810,-13.408
0.255,-6.718,-0.001,0.823,-0.000,0.002,-0.568,0.596,0.442,-15.917,0.400,-21.037,-14.065,-19.742,-0.328,0.485,-0.009,0.034,-0.033,-0.809,0.001,-0.000,-11.162,0.004,-14.567,-9.809,-13.420
0.252,-6.713,-0.001,0.820,-0.000,0.001,-0.572,0.596,0.442,-16.029,0.400,-21.183,-14.163,-19.876,-0.323,0.486,-0.008,0.032,-0.036,-0.809,0.001,-0.000,-11.139,0.005,-14.562,-9.805,-13.435
0.249,-6.708,-0.001,0.818,-0.000,0.001,-0.575,0.596,0.442,-16.140,0.400,-21.328,-14.261,-20.011,-0.319,0.487,-0.007,0.029,-0.039,-0.808,0.001,-0.000,-11.115,0.005,-14.555,-9.800,-13.453
0.246,-6.703,-0.001,0.816,-0.000,0.001,-0.578,0.596,0.442,-16.251,0.400,-21.474,-14.359,-20.145,-0.315,0.489,-0.006,0.025,-0.040,-0.808,0.001,-0.000,-11.091,0.005,-14.547,-9.795,-13.471
0.243,-6.699,-0.001,0.813,-0.000,0.001,-0.582,0.596,0.442,-16.362,0.400,-21.619,-14.457,-20.280,-0.310,0.490,-0.005,0.022,-0.039,-0.807,0.000,-0.001,-11.067,0.005,-14.536,-9.790,-13.490
0.240,-6.694,-0.001,0.811,-0.000,0.000,-0.585,0.596,0.442,-16.472,0.400,-21.764,-14.554,-20.415,-0.306,0.492,-0.004,0.020,-0.036,-0.806,0.000,-0.001,-11.043,0.005,-14.523,-9.787,-13.508
0.237,-6.689,-0.001,0.809,-0.000,0.000,-0.588,0.596,0.442,-16.583,0.400,-21.910,-14.652,-20.550,-0.302,0.493,-0.003,0.018,-0.032,-0.805,0.000,-0.001,-11.020,0.004,-14.510,-9.784,-13.525
0.234,-6.684,-0.001,0.806,-0.000,-0.000,-0.591,0.596,0.442,-16.693,0.400,-22.055,-14.750,-20.686,-0.297,0.495,-0.002,0.017,-0.028,-0.804,-0.000,-0.002,-10.998,0.004,-14.496,-9.782,-13.540
0.231,-6.679,-0.001,0.804,-0.000,-0.000,-0.595,0.596,0.442,-16.803,0.400,-22.200,-14.848,-20.821,-0.293,0.497,-0.001,0.016,-0.024,-0.803,-0.000,-0.002,-10.975,0.003,-14.482,-9.780,-13.552
0.228,-6.674,-0.001,0.802,-0.000,-0.000,-0.598,0.596,0.442,-16.912,0.400,-22.344,-14.946,-20.957,-0.289,0.499,0.000,0.016,-0.020,-0.802,-0.000,-0.003,-10.953,0.003,-14.469,-9.778,-13.560
0.225,-6.669,-0.001,0.799,-0.000,-0.000,-0.601,0.596,0.442,-17.022,0.400,-22.489,-15.043,-21.092,-0.284,0.500,0.001,0.015,-0.018,-0.801,-0.001,-0.003,-10.931,0.003,-14.455,-9.775,-13.566
0.222,-6.664,-0.001,0.797,-0.000,-0.001,-0.604,0.596,0.442,-17.131,0.400,-22.633,-15.141,-21.228,-0.280,0.502,0.002,0.015,-0.017,-0.800,-0.001,-0.004,-10.908,0.003,-14.442,-9.773,-13.570
0.219,-6.659,-0.001,0.794,-0.000,-0.001,-0.608,0.596,0.442,-17.240,0.400,-22.778,-15.239,-21.364,-0.276,0.504,0.003,0.014,-0.017,-0.799,-0.001,-0.004,-10.885,0.003,-14.428,-9.769,-13.571
0.217,-6.654,-0.001,0.792,-0.000,-0.001,-0.611,0.596,0.442,-17.349,0.400,-22.922,-15.337,-21.499,-0.272,0.506,0.004,0.014,-0.019,-0.798,-0.001,-0.004,-10.860,0.003,-14.413,-9.766,-13.571
0.214,-6.649,-0.001,0.789,-0.000,-0.001,-0.614,0.596,0.442,-17.457,0.400,-23.066,-15.434,-21.635,-0.268,0.508,0.005,0.012,-0.023,-0.798,-0.000,-0.004,-10.834,0.004,-14.397,-9.762,-13.570
0.211,-6.644,-0.001,0.787,-0.000,-0.001,-0.617,0.596,0.442,-17.565,0.400,-23.210,-15.532,-21.771,-0.263,0.510,0.005,0.010,-0.027,-0.797,-0.000,-0.004,-10.808,0.005,-14.378,-9.759,-13.569
0.209,-6.638,-0.001,0.785,-0.001,-0.001,-0.620,0.596,0.442,-17.673,0.401,-23.354,-15.629,-21.906,-0.259,0.512,0.006,0.007,-0.033,-0.797,-0.000,-0.004,-10.780,0.005,-14.358,-9.755,-13.569
0.206,-6.633,-0.001,0.782,-0.001,-0.001,-0.623,0.596,0.442,-17.781,0.401,-23.497,-15.727,-22.042,-0.255,0.514,0.007,0.004,-0.038,-0.798,-0.000,-0.004,-10.753,0.006,-14.335,-9.752,-13.570
0.203,-6.628,-0.001,0.780,-0.001,-0.002,-0.626,0.596,0.442,-17.888,0.401,-23.640,-15.824,-22.178,-0.251,0.516,0.007,-0.001,-0.043,-0.798,0.000,-0.004,-10.725,0.007,-14.309,-9.750,-13.573
0.201,-6.623,-0.001,0.777,-0.001,-0.002,-0.629,0.596,0.442,-17.995,0.401,-23.783,-15.922,-22.314,-0.247,0.519,0.008,-0.005,-0.047,-0.799,0.000,-0.003,-10.698,0.007,-14.280,-9.750,-13.577
0.199,-6.618,-0.001,0.774,-0.001,-0.002,-0.633,0.596,0.442,-18.102,0.401,-23.926,-16.019,-22.449,-0.244,0.521,0.008,-0.010,-0.050,-0.800,0.000,-0.003,-10.673,0.008,-14.249,-9.751,-13.582
0.196,-6.613,-0.001,0.772,-0.001,-0.002,-0.636,0.596,0.441,-18.209,0.401,-24.068,-16.117,-22.585,-0.240,0.523,0.008,-0.015,-0.050,-0.801,0.001,-0.002,-10.650,0.007,-14.216,-9.755,-13.588
0.194,-6.607,-0.000,0.769,-0.001,-0.002,-0.639,0.596,0.441,-18.315,0.401,-24.210,-16.215,-22.721,-0.236,0.525,0.008,-0.020,-0.048,-0.802,0.001,-0.001,-10.629,0.007,-14.184,-9.760,-13.595
0.191,-6.602,-0.000,0.767,-0.002,-0.002,-0.642,0.596,0.441,-18.421,0.401,-24.352,-16.312,-22.857,-0.232,0.527,0.008,-0.024,-0.043,-0.803,0.001,-0.000,-10.608,0.006,-14.153,-9.767,-13.603
0.189,-6.597,-0.000,0.764,-0.002,-0.002,-0.645,0.596,0.441,-18.527,0.401,-24.493,-16.410,-22.993,-0.228,0.530,0.007,-0.027,-0.035,-0.805,0.001,0.001,-10.592,0.004,-14.124,-9.775,-13.609
0.187,-6.591,-0.000,0.762,-0.002,-0.002,-0.648,0.596,0.441,-18.633,0.401,-24.634,-16.508,-23.129,-0.224,0.532,0.007,-0.029,-0.025,-0.805,0.001,0.002,-10.583,0.002,-14.099,-9.785,-13.613
0.185,-6.586,-0.000,0.759,-0.002,-0.002,-0.651,0.596,0.442,-18.739,0.401,-24.775,-16.606,-23.265,-0.220,0.535,0.006,-0.032,-0.012,-0.806,0.001,0.003,-10.580,-0.000,-14.077,-9.797,-13.613
0.182,-6.581,-0.000,0.756,-0.002,-0.002,-0.654,0.596,0.442,-18.845,0.401,-24.916,-16.704,-23.401,-0.216,0.537,0.005,-0.033,0.003,-0.805,0.001,0.004,-10.586,-0.003,-14.059,-9.810,-13.608
0.180,-6.575,-0.000,0.754,-0.002,-0.002,-0.657,0.596,0.442,-18.951,0.401,-25.056,-16.802,-23.538,-0.211,0.540,0.004,-0.034,0.020,-0.804,0.000,0.005,-10.600,-0.005,-14.046,-9.824,-13.597
0.178,-6.570,-0.000,0.751,-0.003,-0.002,-0.660,0.596,0.442,-19.057,0.401,-25.197,-16.900,-23.673,-0.207,0.542,0.003,-0.034,0.037,-0.803,0.000,0.006,-10.620,-0.007,-14.039,-9.836,-13.580
0.176,-6.565,-0.000,0.748,-0.002,-0.002,-0.663,0.596,0.442,-19.163,0.401,-25.337,-16.999,-23.809,-0.202,0.545,0.002,-0.031,0.053,-0.801,0.000,0.006,-10.642,-0.009,-14.040,-9.845,-13.558
0.174,-6.559,-0.000,0.746,-0.002,-0.001,-0.666,0.596,0.442,-19.270,0.401,-25.478,-17.097,-23.945,-0.198,0.547,0.001,-0.027,0.068,-0.800,0.000,0.007,-10.667,-0.010,-14.048,-9.849,-13.530
0.172,-6.554,-0.000,0.743,-0.002,-0.001,-0.669,0.596,0.442,-19.377,0.401,-25.618,-17.196,-24.080,-0.193,0.549,-0.000,-0.021,0.081,-0.799,0.000,0.007,-10.694,-0.011,-14.064,-9.849,-13.498
0.170,-6.548,-0.000,0.740,-0.002,-0.001,-0.672,0.596,0.442,-19.484,0.401,-25.759,-17.294,-24.214,-0.189,0.551,-0.001,-0.014,0.092,-0.797,0.000,0.007,-10.723,-0.011,-14.086,-9.843,-13.460
0.168,-6.543,-0.000,0.738,-0.002,-0.000,-0.675,0.596,0.442,-19.591,0.400,-25.900,-17.392,-24.349,-0.184,0.553,-0.002,-0.007,0.099,-0.796,0.000,0.006,-10.753,-0.011,-14.114,-9.830,-13.420
0.167,-6.537,-0.000,0.735,-0.001,0.000,-0.678,0.596,0.442,-19.699,0.400,-26.041,-17.491,-24.483,-0.179,0.554,-0.003,0.000,0.103,-0.795,0.000,0.006,-10.783,-0.010,-14.148,-9.810,-13.377
0.165,-6.531,-0.000,0.732,-0.001,0.001,-0.681,0.596,0.442,-19.807,0.400,-26.183,-17.589,-24.616,-0.175,0.555,-0.003,0.008,0.104,-0.794,0.000,0.005,-10.810,-0.009,-14.186,-9.784,-13.333
0.163,-6.526,-0.000,0.730,-0.001,0.001,-0.684,0.596,0.442,-19.915,0.400,-26.325,-17.686,-24.750,-0.170,0.556,-0.004,0.015,0.100,-0.794,0.000,0.005,-10.835,-0.008,-14.227,-9.750,-13.288
0.161,-6.520,-0.000,0.727,-0.000,0.001,-0.687,0.596,0.442,-20.023,0.400,-26.468,-17.784,-24.882,-0.166,0.557,-0.004,0.021,0.094,-0.794,0.000,0.005,-10.855,-0.007,-14.271,-9.711,-13.246
0.160,-6.515,-0.000,0.724,0.000,0.001,-0.690,0.596,0.442,-20.132,0.400,-26.610,-17.880,-25.014,-0.161,0.557,-0.004,0.027,0.084,-0.794,0.000,0.004,-10.871,-0.006,-14.315,-9.666,-13.205
0.158,-6.509,-0.000,0.721,0.001,0.002,-0.692,0.596,0.442,-20.241,0.400,-26.754,-17.977,-25.146,-0.157,0.557,-0.004,0.032,0.072,-0.795,0.000,0.004,-10.882,-0.005,-14.355,-9.618,-13.169
0.157,-6.504,-0.000,0.719,0.001,0.002,-0.695,0.346,0.156,-20.351,0.246,-26.896,-18.076,-25.278,-0.118,0.575,0.002,0.105,0.032,-0.571,-44.561,-51.468,-11.160,-28.738,-14.079,-10.284,-13.030
0.156,-6.498,-0.000,0.718,0.002,0.001,-0.696,-0.112,-0.355,-20.464,-0.082,-27.034,-18.182,-25.406,-0.053,0.592,0.021,0.316,-0.029,-0.262,-36.755,-40.486,-11.369,-29.470,-13.535,-10.936,-12.690
0.156,-6.492,0.000,0.717,0.003,-0.001,-0.697,-0.222,-0.524,-20.577,-0.171,-27.167,-18.294,-25.531,-0.015,0.601,0.032,0.296,-0.118,-0.082,14.679,6.554,-11.321,13.792,-13.018,-11.420,-12.445
0.155,-6.486,0.000,0.717,0.003,-0.001,-0.697,0.101,-0.272,-20.691,0.135,-27.296,-18.411,-25.657,-0.031,0.615,-0.004,-0.020,-0.001,-0.135,41.427,37.654,-11.593,39.225,-12.844,-11.798,-12.767
0.155,-6.480,0.000,0.716,0.002,-0.001,-0.698,0.409,0.064,-20.809,0.438,-27.426,-18.528,-25.786,-0.071,0.608,-0.021,-0.297,0.041,-0.293,15.190,23.066,-11.874,17.473,-13.191,-11.608,-13.063
0.154,-6.474,0.000,0.715,0.001,0.000,-0.699,0.371,0.101,-20.929,0.461,-27.558,-18.642,-25.918,-0.085,0.596,-0.002,-0.317,-0.025,-0.353,-20.513,-14.923,-12.111,-11.347,-13.336,-11.307,-13.152
0.153,-6.468,0.000,0.714,0.000,0.001,-0.700,0.089,-0.140,-21.051,0.263,-27.692,-18.756,-26.049,-0.067,0.596,0.004,-0.080,-0.080,-0.306,-29.640,-26.503,-12.276,-23.961,-13.435,-11.360,-12.996
0.153,-6.462,0.000,0.713,0.000,0.001,-0.701,-0.084,-0.296,-21.173,0.095,-27.827,-18.872,-26.178,-0.032,0.607,-0.008,0.187,-0.033,-0.158,-2.408,-2.292,-12.197,-6.295,-13.439,-11.816,-12.857
0.153,-6.455,-0.000,0.712,0.001,-0.000,-0.702,0.040,-0.182,-21.295,0.162,-27.960,-18.991,-26.307,-0.036,0.621,-0.018,0.141,0.033,-0.190,22.938,22.050,-12.197,16.420,-13.287,-12.042,-13.118
0.152,-6.449,-0.000,0.712,0.001,-0.000,-0.702,0.258,0.057,-21.417,0.325,-28.093,-19.112,-26.439,-0.046,0.622,-0.009,0.063,-0.028,-0.230,16.275,21.024,-12.186,12.542,-13.354,-12.039,-13.265
0.152,-6.443,-0.000,0.711,0.001,-0.001,-0.704,0.304,0.158,-21.539,0.365,-28.228,-19.231,-26.573,-0.074,0.615,-0.005,-0.068,-0.043,-0.367,-6.924,-1.411,-12.407,-4.557,-13.771,-11.686,-13.470
0.151,-6.437,-0.000,0.709,0.001,-0.001,-0.705,0.158,0.056,-21.664,0.254,-28.368,-19.347,-26.708,-0.075,0.614,-0.004,-0.027,-0.052,-0.398,-18.539,-15.510,-12.545,-15.299,-14.124,-11.596,-13.583
0.150,-6.431,-0.000,0.708,0.001,-0.001,-0.706,0.019,-0.065,-21.790,0.122,-28.510,-19.464,-26.844,-0.059,0.626,-0.009,0.059,-0.019,-0.342,-6.823,-6.135,-12.563,-8.598,-14.158,-11.882,-13.712
0.150,-6.424,-0.001,0.707,0.001,-0.001,-0.707,0.047,-0.040,-21.915,0.116,-28.650,-19.585,-26.982,-0.041,0.640,-0.011,0.067,0.000,-0.265,10.873,10.079,-12.539,6.274,-13.959,-12.311,-13.855
0.149,-6.418,-0.001,0.706,0.001,-0.001,-0.708,0.179,0.094,-22.041,0.204,-28.790,-19.709,-27.122,-0.044,0.648,-0.012,0.001,0.008,-0.278,12.288,13.820,-12.553,8.989,-14.064,-12.500,-14.063
0.149,-6.411,-0.001,0.705,0.001,-0.001,-0.709,0.240,0.181,-22.167,0.253,-28.932,-19.834,-27.263,-0.057,0.648,-0.011,-0.069,0.002,-0.354,-0.532,2.517,-12.695,0.049,-14.456,-12.410,-14.255
0.148,-6.405,-0.001,0.703,0.001,-0.001,-0.711,0.177,0.143,-22.295,0.207,-29.079,-19.958,-27.407,-0.063,0.649,-0.010,-0.075,0.000,-0.400,-10.308,-8.371,-12.891,-8.023,-14.784,-12.362,-14.407
0.148,-6.398,-0.001,0.702,0.001,-0.001,-0.712,0.083,0.061,-22.425,0.126,-29.227,-20.082,-27.551,-0.051,0.657,-0.008,-0.037,-0.004,-0.359,-6.511,-6.152,-13.043,-6.505,-14.816,-12.603,-14.505
0.147,-6.392,-0.001,0.701,0.000,-0.000,-0.713,0.073,0.048,-22.556,0.103,-29.374,-20.210,-27.696,-0.033,0.668,-0.005,-0.019,-0.012,-0.279,4.123,3.405,-13.178,1.788,-14.690,-12.993,-14.555
0.147,-6.385,-0.001,0.700,0.000,-0.000,-0.714,0.142,0.113,-22.688,0.147,-29.521,-20.342,-27.843,-0.029,0.675,-0.004,-0.037,-0.015,-0.260,7.881,8.025,-13.301,5.720,-14.714,-13.247,-14.668
0.147,-6.378,-0.001,0.699,0.000,-0.000,-0.715,0.195,0.174,-22.822,0.189,-29.669,-20.474,-27.990,-0.038,0.679,-0.002,-0.060,-0.023,-0.318,1.899,3.268,-13.406,1.858,-14.937,-13.267,-14.856
0.146,-6.371,-0.001,0.698,-0.000,-0.000,-0.716,0.176,0.168,-22.956,0.178,-29.820,-20.607,-28.140,-0.046,0.682,-0.000,-0.061,-0.031,-0.374,-4.987,-3.813,-13.517,-3.535,-15.166,-13.248,-15.043
0.146,-6.365,-0.001,0.696,-0.001,-0.000,-0.718,0.120,0.120,-23.092,0.134,-29.972,-20.740,-28.291,-0.041,0.689,0.002,-0.043,-0.034,-0.363,-4.900,-4.650,-13.653,-4.257,-15.245,-13.400,-15.162
0.145,-6.358,-0.001,0.695,-0.001,-0.000,-0.719,0.098,0.096,-23.229,0.111,-30.125,-20.875,-28.443,-0.027,0.696,0.004,-0.028,-0.040,-0.308,0.662,0.162,-13.812,-0.269,-15.220,-13.680,-15.212
0.145,-6.351,-0.001,0.694,-0.001,-0.000,-0.720,0.128,0.121,-23.368,0.128,-30.277,-21.013,-28.595,-0.020,0.703,0.005,-0.026,-0.046,-0.280,4.378,4.090,-13.949,3.061,-15.239,-13.907,-15.284
0.145,-6.344,-0.001,0.693,-0.001,-0.000,-0.721,0.165,0.159,-23.508,0.156,-30.430,-21.153,-28.749,-0.024,0.709,0.007,-0.030,-0.051,-0.313,2.367,2.853,-14.011,2.027,-15.362,-13.985,-15.445
0.145,-6.337,-0.001,0.692,-0.002,-0.000,-0.722,0.166,0.168,-23.648,0.161,-30.584,-21.293,-28.904,-0.031,0.714,0.008,-0.027,-0.054,-0.364,-1.797,-1.104,-14.033,-0.943,-15.514,-13.998,-15.644
0.144,-6.329,-0.001,0.691,-0.002,-0.000,-0.723,0.139,0.145,-23.789,0.142,-30.740,-21.433,-29.061,-0.030,0.720,0.009,-0.014,-0.053,-0.377,-3.086,-2.826,-14.087,-2.409,-15.605,-14.086,-15.798
0.144,-6.322,-0.001,0.689,-0.002,-0.001,-0.725,0.119,0.124,-23.930,0.124,-30.896,-21.575,-29.220,-0.022,0.726,0.010,0.001,-0.049,-0.349,-0.661,-1.065,-14.203,-0.893,-15.634,-14.270,-15.881
0.144,-6.315,-0.001,0.688,-0.002,-0.001,-0.726,0.126,0.127,-24.073,0.126,-31.052,-21.719,-29.379,-0.014,0.733,0.010,0.008,-0.042,-0.323,1.834,1.452,-14.330,1.131,-15.668,-14.456,-15.946
0.144,-6.307,-0.000,0.687,-0.002,-0.001,-0.727,0.146,0.145,-24.217,0.140,-31.210,-21.864,-29.539,-0.013,0.738,0.010,0.006,-0.032,-0.328,1.721,1.786,-14.403,1.318,-15.753,-14.572,-16.056
0.144,-6.300,-0.000,0.686,-0.002,-0.001,-0.728,0.154,0.156,-24.361,0.147,-31.368,-22.010,-29.700,-0.015,0.744,0.009,0.004,-0.019,-0.354,-0.134,0.229,-14.427,0.105,-15.874,-14.636,-16.201
0.143,-6.293,-0.000,0.684,-0.002,-0.001,-0.729,0.145,0.150,-24.505,0.142,-31.527,-22.157,-29.863,-0.014,0.750,0.008,0.005,-0.003,-0.369,-1.404,-1.126,-14.458,-1.033,-15.987,-14.712,-16.328
0.143,-6.285,-0.000,0.683,-0.002,-0.001,-0.730,0.133,0.139,-24.650,0.132,-31.687,-22.304,-30.027,-0.010,0.756,0.006,0.009,0.014,-0.363,-0.853,-0.828,-14.536,-0.798,-16.079,-14.826,-16.407
0.143,-6.277,-0.000,0.682,-0.002,-0.001,-0.732,0.131,0.136,-24.796,0.128,-31.849,-22.453,-30.191,-0.005,0.761,0.005,0.009,0.032,-0.351,0.383,0.186,-14.640,0.103,-16.170,-14.948,-16.457
0.143,-6.270,-0.000,0.680,-0.002,-0.001,-0.733,0.138,0.142,-24.943,0.132,-32.011,-22.603,-30.356,-0.002,0.766,0.003,0.007,0.049,-0.349,0.866,0.808,-14.734,0.574,-16.281,-15.044,-16.509
0.143,-6.262,-0.000,0.679,-0.002,-0.001,-0.734,0.144,0.148,-25.091,0.137,-32.174,-22.754,-30.521,-0.000,0.771,0.001,0.004,0.065,-0.356,0.321,0.422,-14.805,0.282,-16.411,-15.111,-16.569
0.143,-6.254,-0.000,0.678,-0.002,-0.001,-0.735,0.144,0.150,-25.239,0.137,-32.339,-22.905,-30.687,0.002,0.775,-0.001,0.003,0.078,-0.364,-0.296,-0.144,-14.874,-0.137,-16.549,-15.166,-16.625
0.143,-6.247,-0.000,0.676,-0.001,-0.000,-0.737,0.140,0.147,-25.388,0.135,-32.505,-23.057,-30.854,0.004,0.779,-0.003,0.005,0.088,-0.367,-0.418,-0.331,-14.960,-0.317,-16.682,-15.222,-16.666
0.143,-6.239,-0.000,0.675,-0.001,-0.000,-0.738,0.137,0.144,-25.538,0.132,-32.673,-23.210,-31.020,0.008,0.783,-0.005,0.009,0.093,-0.365,-0.125,-0.133,-15.063,-0.144,-16.809,-15.277,-16.696
0.143,-6.231,-0.000,0.674,-0.000,0.000,-0.739,0.137,0.144,-25.690,0.132,-32.841,-23.363,-31.187,0.011,0.786,-0.006,0.013,0.094,-0.364,0.095,0.029,-15.170,0.000,-16.935,-15.322,-16.724
0.144,-6.223,-0.000,0.672,-0.000,0.001,-0.740,0.138,0.145,-25.842,0.132,-33.011,-23.516,-31.355,0.014,0.789,-0.007,0.018,0.090,-0.364,0.129,0.100,-15.275,0.040,-17.060,-15.354,-16.757
0.144,-6.215,-0.000,0.671,0.000,0.001,-0.741,0.139,0.146,-25.995,0.132,-33.183,-23.670,-31.523,0.017,0.792,-0.007,0.023,0.083,-0.366,0.059,0.059,-15.376,0.015,-17.184,-15.372,-16.797
0.144,-6.207,-0.000,0.670,0.001,0.001,-0.743,0.140,0.146,-26.149,0.132,-33.355,-23.824,-31.691,0.020,0.794,-0.007,0.029,0.072,-0.367,0.009,0.025,-15.472,0.003,-17.301,-15.379,-16.842
0.144,-6.199,-0.001,0.668,0.001,0.001,-0.744,0.140,0.146,-26.304,0.132,-33.529,-23.977,-31.859,0.023,0.796,-0.006,0.036,0.059,-0.369,-0.011,0.010,-15.563,-0.002,-17.408,-15.376,-16.894
0.144,-6.191,-0.001,0.667,0.001,0.001,-0.745,0.139,0.146,-26.460,0.132,-33.703,-24.131,-32.029,0.026,0.798,-0.005,0.044,0.045,-0.371,-0.014,0.005,-15.647,-0.003,-17.503,-15.368,-16.952
0.145,-6.183,-0.001,0.666,0.002,0.001,-0.746,0.139,0.146,-26.617,0.132,-33.879,-24.285,-32.199,0.029,0.800,-0.004,0.052,0.032,-0.372,-0.010,0.003,-15.723,-0.002,-17.587,-15.358,-17.017
0.145,-6.175,-0.001,0.664,0.002,0.001,-0.748,0.139,0.146,-26.775,0.132,-34.055,-24.438,-32.369,0.032,0.801,-0.004,0.058,0.019,-0.373,-0.004,0.003,-15.789,-0.001,-17.660,-15.348,-17.087
0.145,-6.167,-0.001,0.663,0.002,0.001,-0.749,0.139,0.146,-26.933,0.132,-34.232,-24.592,-32.540,0.035,0.803,-0.003,0.060,0.006,-0.374,-0.000,0.003,-15.847,-0.001,-17.726,-15.340,-17.164
0.146,-6.159,-0.001,0.661,0.002,0.000,-0.750,0.139,0.146,-27.092,0.132,-34.409,-24.745,-32.712,0.038,0.804,-0.003,0.059,-0.005,-0.375,0.002,0.002,-15.898,0.000,-17.786,-15.337,-17.246
0.146,-6.151,-0.001,0.660,0.003,0.000,-0.751,0.139,0.146,-27.251,0.132,-34.587,-24.898,-32.885,0.041,0.806,-0.003,0.055,-0.014,-0.376,0.002,0.002,-15.942,0.001,-17.843,-15.341,-17.331
0.146,-6.143,-0.001,0.658,0.003,-0.000,-0.753,0.139,0.146,-27.411,0.132,-34.766,-25.052,-33.059,0.044,0.807,-0.003,0.047,-0.021,-0.377,0.002,0.002,-15.981,0.002,-17.898,-15.354,-17.417
0.147,-6.135,-0.001,0.657,0.003,-0.000,-0.754,0.139,0.146,-27.571,0.132,-34.945,-25.205,-33.234,0.047,0.809,-0.003,0.034,-0.026,-0.378,0.001,0.001,-16.016,0.002,-17.950,-15.378,-17.503
0.147,-6.127,-0.001,0.656,0.003,-0.000,-0.755,0.139,0.146,-27.731,0.132,-35.125,-25.359,-33.409,0.050,0.810,-0.003,0.017,-0.030,-0.380,0.001,0.001,-16.050,0.003,-17.999,-15.412,-17.586
0.148,-6.119,-0.001,0.654,0.003,-0.001,-0.756,0.139,0.146,-27.892,0.132,-35.305,-25.514,-33.585,0.054,0.812,-0.003,-0.003,-0.033,-0.381,0.001,0.001,-16.083,0.003,-18.045,-15.457,-17.663
0.148,-6.111,-0.001,0.653,0.002,-0.001,-0.758,0.139,0.146,-28.053,0.132,-35.486,-25.669,-33.762,0.057,0.813,-0.003,-0.024,-0.037,-0.383,0.001,0.001,-16.116,0.003,-18.083,-15.513,-17.733
0.149,-6.103,-0.001,0.651,0.002,-0.001,-0.759,0.139,0.146,-28.214,0.132,-35.667,-25.824,-33.940,0.060,0.815,-0.003,-0.044,-0.041,-0.384,0.001,0.001,-16.150,0.003,-18.112,-15.578,-17.796
0.150,-6.094,-0.001,0.650,0.002,-0.001,-0.760,0.139,0.146,-28.376,0.132,-35.848,-25.980,-34.118,0.063,0.817,-0.002,-0.062,-0.047,-0.386,0.001,0.002,-16.186,0.003,-18.131,-15.653,-17.852
0.150,-6.086,-0.001,0.648,0.001,-0.000,-0.761,0.139,0.146,-28.538,0.132,-36.030,-26.137,-34.297,0.066,0.818,-0.001,-0.077,-0.054,-0.388,0.001,0.002,-16.224,0.003,-18.137,-15.735,-17.902
0.151,-6.078,-0.001,0.647,0.001,-0.000,-0.763,0.139,0.146,-28.700,0.133,-36.211,-26.295,-34.476,0.070,0.820,-0.000,-0.087,-0.061,-0.389,0.001,0.002,-16.262,0.003,-18.131,-15.825,-17.949
0.152,-6.070,-0.001,0.645,0.000,-0.000,-0.764,0.139,0.147,-28.863,0.133,-36.392,-26.454,-34.656,0.073,0.821,0.001,-0.092,-0.067,-0.391,0.001,0.002,-16.302,0.003,-18.114,-15.920,-17.994
0.152,-6.062,-0.001,0.644,-0.000,-0.000,-0.765,0.139,0.147,-29.026,0.133,-36.573,-26.613,-34.836,0.076,0.823,0.002,-0.091,-0.071,-0.392,0.001,0.003,-16.340,0.002,-18.089,-16.019,-18.039
0.153,-6.053,-0.001,0.642,-0.001,0.000,-0.766,0.139,0.147,-29.190,0.133,-36.754,-26.774,-35.017,0.080,0.825,0.003,-0.085,-0.072,-0.394,0.001,0.003,-16.377,0.002,-18.058,-16.118,-18.084
0.154,-6.045,-0.001,0.641,-0.001,0.000,-0.768,0.139,0.147,-29.354,0.133,-36.934,-26.936,-35.198,0.083,0.827,0.005,-0.074,-0.069,-0.395,0.001,0.003,-16.411,0.002,-18.026,-16.216,-18.130
0.155,-6.037,-0.001,0.639,-0.002,0.000,-0.769,0.139,0.147,-29.518,0.133,-37.114,-27.098,-35.379,0.087,0.829,0.006,-0.059,-0.062,-0.396,0.001,0.003,-16.441,0.002,-17.998,-16.310,-18.176
0.156,-6.029,-0.001,0.638,-0.002,0.000,-0.770,0.139,0.147,-29.683,0.133,-37.294,-27.262,-35.561,0.091,0.831,0.007,-0.042,-0.052,-0.397,0.001,0.003,-16.466,0.002,-17.978,-16.398,-18.221
0.157,-6.020,-0.001,0.636,-0.002,0.000,-0.771,0.139,0.147,-29.847,0.133,-37.474,-27.426,-35.744,0.094,0.834,0.008,-0.023,-0.039,-0.398,0.001,0.004,-16.486,0.001,-17.970,-16.479,-18.263
0.158,-6.012,-0.001,0.635,-0.003,0.000,-0.773,0.139,0.147,-30.012,0.133,-37.654,-27.591,-35.926,0.098,0.836,0.008,-0.006,-0.023,-0.398,0.001,0.004,-16.500,0.001,-17.977,-16.549,-18.299
0.159,-6.004,-0.001,0.633,-0.003,0.000,-0.774,0.139,0.147,-30.177,0.133,-37.834,-27.757,-36.110,0.101,0.838,0.009,0.010,-0.006,-0.399,0.001,0.004,-16.507,0.000,-17.998,-16.609,-18.326
0.160,-5.995,-0.000,0.632,-0.003,-0.000,-0.775,0.139,0.147,-30.342,0.133,-38.014,-27.924,-36.293,0.105,0.840,0.008,0.023,0.011,-0.399,0.001,0.005,-16.510,-0.000,-18.033,-16.658,-18.343
0.161,-5.987,-0.000,0.630,-0.002,-0.000,-0.776,0.139,0.147,-30.507,0.133,-38.194,-28.090,-36.476,0.109,0.842,0.008,0.032,0.027,-0.400,0.001,0.005,-16.509,-0.001,-18.082,-16.694,-18.349
0.162,-5.978,-0.000,0.629,-0.002,-0.000,-0.778,0.139,0.147,-30.673,0.133,-38.375,-28.257,-36.660,0.112,0.844,0.007,0.038,0.041,-0.400,0.000,0.005,-16.505,-0.002,-18.143,-16.720,-18.343
0.163,-5.970,-0.000,0.627,-0.002,-0.000,-0.779,0.139,0.147,-30.838,0.133,-38.557,-28.425,-36.843,0.116,0.846,0.005,0.041,0.052,-0.400,0.000,0.004,-16.501,-0.002,-18.212,-16.736,-18.329
0.164,-5.961,-0.000,0.625,-0.002,-0.000,-0.780,0.139,0.147,-31.003,0.133,-38.740,-28.592,-37.026,0.120,0.847,0.003,0.041,0.058,-0.400,0.000,0.004,-16.500,-0.003,-18.287,-16.744,-18.309
0.165,-5.953,-0.000,0.624,-0.001,-0.000,-0.782,0.139,0.147,-31.168,0.133,-38.923,-28.760,-37.209,0.123,0.848,0.001,0.039,0.061,-0.400,-0.000,0.003,-16.503,-0.003,-18.363,-16.749,-18.286
0.167,-5.944,-0.000,0.622,-0.001,-0.000,-0.783,0.139,0.147,-31.333,0.133,-39.107,-28.927,-37.392,0.127,0.848,-0.001,0.036,0.059,-0.400,-0.000,0.003,-16.513,-0.003,-18.440,-16.751,-18.267
0.168,-5.936,-0.000,0.621,-0.000,0.000,-0.784,0.139,0.147,-31.498,0.133,-39.292,-29.095,-37.575,0.130,0.849,-0.004,0.032,0.055,-0.400,-0.000,0.002,-16.530,-0.003,-18.518,-16.748,-18.255
0.169,-5.927,-0.000,0.619,-0.000,0.000,-0.785,0.139,0.147,-31.663,0.132,-39.477,-29.262,-37.757,0.134,0.849,-0.006,0.029,0.048,-0.401,-0.000,0.001,-16.554,-0.003,-18.592,-16.743,-18.253
0.171,-5.919,-0.000,0.618,0.000,0.000,-0.786,0.139,0.147,-31.829,0.132,-39.664,-29.429,-37.940,0.137,0.849,-0.008,0.027,0.040,-0.401,-0.000,0.001,-16.586,-0.003,-18.662,-16.735,-18.262
0.172,-5.911,-0.000,0.616,0.000,0.000,-0.788,0.139,0.147,-31.995,0.132,-39.851,-29.597,-38.123,0.141,0.849,-0.010,0.026,0.032,-0.401,-0.000,-0.000,-16.623,-0.003,-18.726,-16.723,-18.284
0.173,-5.902,-0.001,0.614,0.000,0.000,-0.789,0.139,0.147,-32.161,0.132,-40.038,-29.764,-38.306,0.144,0.848,-0.010,0.027,0.025,-0.401,-0.000,-0.001,-16.666,-0.002,-18.783,-16.706,-18.317
0.175,-5.894,-0.001,0.613,0.001,0.000,-0.790,0.139,0.147,-32.328,0.132,-40.226,-29.931,-38.489,0.148,0.848,-0.009,0.033,0.023,-0.402,-0.000,-0.001,-16.711,-0.001,-18.832,-16.682,-18.359
0.176,-5.885,-0.001,0.611,0.001,-0.000,-0.791,0.139,0.147,-32.496,0.132,-40.415,-30.097,-38.673,0.151,0.847,-0.007,0.041,0.023,-0.402,-0.000,-0.002,-16.755,-0.001,-18.873,-16.651,-18.407
0.178,-5.877,-0.001,0.610,0.001,-0.000,-0.793,0.139,0.147,-32.663,0.132,-40.604,-30.264,-38.857,0.155,0.846,-0.005,0.048,0.024,-0.402,-0.000,-0.002,-16.797,0.000,-18.906,-16.614,-18.458
0.179,-5.868,-0.001,0.608,0.001,-0.000,-0.794,0.139,0.147,-32.832,0.132,-40.793,-30.430,-39.042,0.158,0.845,-0.004,0.053,0.025,-0.402,0.000,-0.002,-16.835,0.001,-18.935,-16.572,-18.509
0.181,-5.860,-0.001,0.607,0.002,-0.000,-0.795,0.139,0.147,-33.000,0.132,-40.982,-30.595,-39.227,0.161,0.845,-0.003,0.055,0.026,-0.402,0.000,-0.002,-16.870,0.002,-18.962,-16.527,-18.558
0.183,-5.851,-0.001,0.605,0.002,-0.001,-0.796,0.139,0.147,-33.169,0.132,-41.172,-30.760,-39.413,0.165,0.844,-0.002,0.053,0.025,-0.402,0.000,-0.002,-16.900,0.003,-18.989,-16.482,-18.604
0.184,-5.843,-0.001,0.603,0.002,-0.001,-0.798,0.139,0.147,-33.338,0.132,-41.362,-30.925,-39.599,0.168,0.843,-0.001,0.046,0.023,-0.402,0.000,-0.002,-16.926,0.004,-19.015,-16.440,-18.645
0.186,-5.834,-0.001,0.602,0.002,-0.001,-0.799,0.139,0.147,-33.507,0.132,-41.552,-31.089,-39.786,0.171,0.843,-0.000,0.034,0.018,-0.403,0.000,-0.002,-16.948,0.004,-19.039,-16.403,-18.680
0.188,-5.826,-0.001,0.600,0.002,-0.001,-0.800,0.139,0.147,-33.677,0.133,-41.743,-31.253,-39.973,0.175,0.842,0.001,0.019,0.010,-0.403,0.000,-0.002,-16.966,0.004,-19.058,-16.375,-18.708
0.190,-5.818,-0.001,0.598,0.003,-0.001,-0.801,0.139,0.147,-33.847,0.133,-41.934,-31.417,-40.160,0.178,0.842,0.001,-0.000,-0.002,-0.404,0.000,-0.002,-16.981,0.005,-19.070,-16.358,-18.731
0.191,-5.809,-0.001,0.597,0.002,-0.001,-0.802,0.139,0.147,-34.017,0.133,-42.124,-31.580,-40.348,0.181,0.842,0.002,-0.021,-0.016,-0.405,0.000,-0.002,-16.993,0.004,-19.071,-16.355,-18.749
0.193,-5.801,-0.001,0.595,0.002,-0.001,-0.804,0.139,0.147,-34.187,0.133,-42.315,-31.744,-40.535,0.185,0.842,0.002,-0.043,-0.033,-0.407,0.000,-0.002,-17.004,0.004,-19.059,-16.367,-18.764
0.195,-5.792,-0.001,0.594,0.002,-0.001,-0.805,0.139,0.147,-34.357,0.133,-42.505,-31.908,-40.723,0.188,0.841,0.002,-0.063,-0.049,-0.408,-0.000,-0.002,-17.015,0.003,-19.032,-16.396,-18.779
0.197,-5.784,-0.001,0.592,0.001,-0.001,-0.806,0.139,0.147,-34.527,0.133,-42.696,-32.072,-40.911,0.192,0.841,0.002,-0.081,-0.063,-0.409,-0.000,-0.001,-17.026,0.003,-18.993,-16.442,-18.794
0.199,-5.775,-0.001,0.590,0.001,-0.000,-0.807,0.139,0.147,-34.697,0.133,-42.885,-32.236,-41.099,0.196,0.842,0.002,-0.094,-0.074,-0.411,-0.000,-0.001,-17.040,0.002,-18.941,-16.504,-18.813
0.201,-5.767,-0.001,0.589,0.000,-0.000,-0.808,0.139,0.147,-34.868,0.133,-43.074,-32.402,-41.287,0.199,0.842,0.001,-0.103,-0.080,-0.412,0.000,-0.000,-17.057,0.001,-18.883,-16.581,-18.834
0.203,-5.759,-0.001,0.587,-0.000,-0.000,-0.810,0.139,0.147,-35.038,0.133,-43.263,-32.568,-41.475,0.203,0.842,0.001,-0.105,-0.080,-0.413,0.000,0.000,-17.076,0.001,-18.822,-16.668,-18.858
0.205,-5.750,-0.001,0.585,-0.001,0.000,-0.811,0.139,0.147,-35.209,0.133,-43.451,-32.735,-41.664,0.207,0.842,0.001,-0.101,-0.073,-0.414,0.000,0.001,-17.099,0.000,-18.764,-16.763,-18.882
0.207,-5.742,-0.001,0.584,-0.001,0.000,-0.812,0.139,0.147,-35.380,0.133,-43.638,-32.903,-41.853,0.211,0.843,0.001,-0.091,-0.060,-0.414,0.000,0.001,-17.123,-0.000,-18.715,-16.860,-18.904
0.209,-5.733,-0.001,0.582,-0.002,0.000,-0.813,-0.494,-0.345,-35.556,-0.371,-43.817,-33.073,-42.041,0.244,0.828,0.032,0.084,-0.211,-0.226,-88.098,-70.858,-17.924,-68.399,-17.262,-17.103,-18.500
0.212,-5.725,0.000,0.582,-0.003,-0.001,-0.813,-1.047,-0.811,-35.736,-0.844,-43.984,-33.246,-42.218,0.321,0.758,0.099,0.035,-0.627,0.310,-25.401,-23.090,-17.899,-22.952,-16.153,-17.560,-16.841
0.215,-5.718,0.001,0.584,-0.006,-0.003,-0.812,-1.120,-0.895,-35.915,-0.918,-44.144,-33.424,-42.384,0.318,0.769,0.060,-0.052,-0.360,0.299,7.675,4.819,-17.957,7.574,-16.109,-17.832,-16.683
0.218,-5.710,0.001,0.585,-0.007,-0.003,-0.811,-0.937,-0.749,-36.095,-0.705,-44.306,-33.603,-42.552,0.308,0.790,0.003,-0.098,0.026,0.229,26.218,21.829,-18.021,32.473,-16.218,-18.070,-16.963
0.222,-5.702,0.001,0.586,-0.006,-0.002,-0.810,-0.663,-0.524,-36.275,-0.365,-44.469,-33.785,-42.723,0.309,0.806,-0.055,-0.114,0.408,0.233,24.574,20.313,-18.092,29.913,-16.313,-18.409,-17.176
0.225,-5.694,0.000,0.587,-0.004,0.000,-0.810,-0.500,-0.382,-36.457,-0.185,-44.632,-33.971,-42.895,0.329,0.807,-0.096,-0.018,0.686,0.357,8.018,8.352,-18.233,6.254,-16.374,-18.774,-17.045
0.228,-5.686,-0.001,0.589,-0.002,0.001,-0.808,-0.485,-0.350,-36.641,-0.217,-44.794,-34.159,-43.061,0.357,0.770,-0.034,0.131,0.297,0.570,-4.065,-1.741,-18.527,-11.245,-15.958,-18.813,-16.085
0.232,-5.679,-0.001,0.591,-0.001,0.001,-0.806,-0.554,-0.396,-36.828,-0.375,-44.952,-34.348,-43.218,0.378,0.746,0.001,0.185,0.085,0.746,-8.214,-5.343,-18.896,-18.335,-15.653,-18.880,-15.317
0.236,-5.671,-0.001,0.595,0.000,0.000,-0.804,-0.612,-0.430,-37.019,-0.510,-45.108,-34.537,-43.367,0.402,0.721,0.017,0.211,-0.008,0.949,-2.796,-1.674,-19.376,-7.133,-15.541,-18.939,-14.482
0.240,-5.664,-0.000,0.599,0.001,-0.000,-0.801,-0.622,-0.437,-37.215,-0.546,-45.263,-34.727,-43.508,0.418,0.703,0.018,0.162,-0.025,1.127,0.408,0.041,-19.831,-0.875,-15.475,-18.998,-13.776
0.244,-5.657,-0.000,0.604,0.001,-0.001,-0.797,-0.611,-0.432,-37.415,-0.540,-45.418,-34.917,-43.643,0.423,0.696,0.012,0.046,-0.036,1.235,1.471,0.668,-20.145,1.545,-15.439,-19.047,-13.301
0.248,-5.650,-0.000,0.609,0.001,-0.001,-0.793,-0.596,-0.425,-37.618,-0.521,-45.572,-35.108,-43.774,0.419,0.695,0.006,-0.090,-0.073,1.294,1.447,0.778,-20.326,2.147,-15.394,-19.093,-13.010
0.252,-5.643,-0.000,0.614,-0.000,-0.001,-0.789,-0.583,-0.417,-37.821,-0.499,-45.725,-35.299,-43.904,0.412,0.698,0.001,-0.185,-0.102,1.324,1.027,0.677,-20.433,1.988,-15.370,-19.146,-12.858
0.257,-5.636,-0.000,0.619,-0.001,-0.000,-0.785,-0.575,-0.411,-38.026,-0.481,-45.879,-35.491,-44.032,0.405,0.705,-0.005,-0.128,-0.031,1.353,0.580,0.517,-20.593,1.588,-15.441,-19.262,-12.794
0.261,-5.629,-0.000,0.625,-0.001,0.000,-0.781,-0.571,-0.407,-38.233,-0.468,-46.034,-35.684,-44.160,0.397,0.713,-0.010,-0.049,0.045,1.365,0.252,0.368,-20.736,1.176,-15.521,-19.384,-12.791
0.264,-5.622,-0.000,0.630,-0.001,0.000,-0.777,-0.570,-0.404,-38.441,-0.458,-46.190,-35.878,-44.288,0.387,0.721,-0.016,0.027,0.111,1.368,0.067,0.253,-20.868,0.837,-15.597,-19.476,-12.827
0.268,-5.615,-0.000,0.635,-0.000,0.001,-0.772,-0.570,-0.402,-38.650,-0.451,-46.346,-36.073,-44.417,0.371,0.732,-0.012,0.013,0.102,1.320,-0.015,0.179,-20.856,0.581,-15.565,-19.466,-12.991
0.272,-5.607,-0.001,0.640,-0.000,0.001,-0.768,-0.570,-0.400,-38.858,-0.446,-46.501,-36.268,-44.548,0.355,0.742,-0.008,0.009,0.087,1.279,-0.040,0.128,-20.840,0.398,-15.543,-19.417,-13.149
0.275,-5.600,-0.001,0.645,0.000,0.001,-0.764,-0.570,-0.399,-39.067,-0.443,-46.657,-36.461,-44.680,0.340,0.750,-0.004,0.021,0.066,1.237,-0.039,0.091,-20.835,0.270,-15.536,-19.338,-13.299
0.279,-5.592,-0.001,0.650,0.001,0.001,-0.760,-0.571,-0.398,-39.275,-0.440,-46.812,-36.654,-44.813,0.326,0.757,0.000,0.048,0.041,1.200,-0.029,0.063,-20.802,0.182,-15.548,-19.253,-13.447
0.282,-5.585,-0.001,0.654,0.001,0.001,-0.756,-0.571,-0.398,-39.483,-0.439,-46.968,-36.846,-44.949,0.312,0.764,0.003,0.079,0.019,1.172,-0.019,0.041,-20.753,0.123,-15.577,-19.174,-13.581
0.285,-5.577,-0.001,0.658,0.001,0.001,-0.753,-0.571,-0.398,-39.690,-0.438,-47.124,-37.038,-45.085,0.300,0.771,0.005,0.104,-0.001,1.153,-0.011,0.025,-20.701,0.082,-15.624,-19.103,-13.693
0.288,-5.569,-0.001,0.663,0.002,0.000,-0.749,-0.571,-0.397,-39.897,-0.437,-47.280,-37.229,-45.222,0.289,0.776,0.005,0.113,-0.013,1.140,-0.006,0.015,-20.652,0.054,-15.678,-19.043,-13.794
0.291,-5.561,-0.001,0.667,0.002,-0.000,-0.745,-0.571,-0.397,-40.103,-0.437,-47.437,-37.419,-45.361,0.279,0.782,0.003,0.100,-0.014,1.130,-0.002,0.008,-20.617,0.036,-15.730,-18.996,-13.889
0.293,-5.554,-0.001,0.671,0.002,-0.001,-0.741,-0.571,-0.397,-40.309,-0.436,-47.595,-37.609,-45.500,0.268,0.787,-0.000,0.071,-0.012,1.124,-0.001,0.004,-20.596,0.024,-15.772,-18.964,-13.974
0.296,-5.546,-0.001,0.675,0.002,-0.001,-0.737,-0.571,-0.397,-40.515,-0.436,-47.753,-37.798,-45.640,0.259,0.791,-0.003,0.038,-0.012,1.121,-0.000,0.002,-20.586,0.016,-15.805,-18.949,-14.040
0.299,-5.538,-0.001,0.679,0.002,-0.001,-0.734,-0.571,-0.397,-40.721,-0.436,-47.911,-37.988,-45.781,0.250,0.794,-0.005,0.005,-0.015,1.119,0.001,0.001,-20.584,0.012,-15.829,-18.951,-14.089
0.301,-5.530,-0.001,0.684,0.002,-0.001,-0.730,-0.571,-0.397,-40.927,-0.436,-48.069,-38.177,-45.922,0.241,0.797,-0.007,-0.027,-0.021,1.119,0.001,0.001,-20.592,0.009,-15.842,-18.971,-14.123
0.303,-5.522,-0.001,0.688,0.002,-0.001,-0.726,-0.571,-0.397,-41.133,-0.436,-48.228,-38.367,-46.063,0.232,0.799,-0.007,-0.055,-0.029,1.119,0.001,0.001,-20.607,0.008,-15.843,-19.007,-14.142
0.306,-5.514,-0.001,0.692,0.002,-0.001,-0.722,-0.571,-0.397,-41.339,-0.436,-48.386,-38.557,-46.205,0.224,0.801,-0.007,-0.075,-0.040,1.121,0.001,0.001,-20.628,0.007,-15.831,-19.057,-14.149
0.308,-5.506,-0.001,0.696,0.001,-0.001,-0.718,-0.571,-0.397,-41.545,-0.436,-48.544,-38.748,-46.346,0.215,0.803,-0.005,-0.085,-0.053,1.123,0.002,0.000,-20.649,0.008,-15.806,-19.118,-14.144
0.310,-5.498,-0.001,0.700,0.001,-0.001,-0.714,-0.571,-0.397,-41.752,-0.436,-48.702,-38.940,-46.488,0.207,0.804,-0.003,-0.086,-0.068,1.127,0.002,-0.001,-20.669,0.008,-15.765,-19.189,-14.129
0.312,-5.490,-0.001,0.704,0.000,-0.001,-0.710,-0.571,-0.397,-41.959,-0.436,-48.859,-39.132,-46.629,0.200,0.806,0.001,-0.080,-0.082,1.132,0.002,-0.003,-20.687,0.009,-15.706,-19.268,-14.108
0.314,-5.482,-0.001,0.708,-0.000,-0.001,-0.706,-0.571,-0.397,-42.166,-0.435,-49.016,-39.325,-46.770,0.192,0.808,0.004,-0.069,-0.093,1.138,0.001,-0.005,-20.699,0.010,-15.639,-19.349,-14.088
0.316,-5.474,-0.001,0.712,-0.001,-0.001,-0.702,-0.571,-0.397,-42.373,-0.435,-49.172,-39.519,-46.911,0.184,0.810,0.008,-0.053,-0.100,1.145,0.001,-0.007,-20.701,0.010,-15.569,-19.430,-14.072
0.318,-5.465,-0.001,0.716,-0.002,-0.001,-0.698,-0.571,-0.397,-42.580,-0.435,-49.328,-39.714,-47.051,0.176,0.812,0.010,-0.035,-0.103,1.151,0.001,-0.009,-20.692,0.009,-15.506,-19.505,-14.061
0.319,-5.457,-0.001,0.720,-0.002,-0.001,-0.694,-0.571,-0.397,-42.786,-0.435,-49.482,-39.909,-47.192,0.168,0.815,0.013,-0.017,-0.102,1.158,0.000,-0.010,-20.671,0.008,-15.453,-19.574,-14.056
0.321,-5.449,-0.000,0.724,-0.002,-0.002,-0.690,-0.571,-0.398,-42.993,-0.435,-49.637,-40.105,-47.332,0.160,0.817,0.014,-0.001,-0.097,1.165,-0.000,-0.010,-20.641,0.007,-15.409,-19.636,-14.059
0.323,-5.441,-0.000,0.728,-0.003,-0.002,-0.686,-0.571,-0.398,-43.199,-0.435,-49.791,-40.302,-47.473,0.151,0.821,0.014,0.013,-0.085,1.173,-0.001,-0.009,-20.605,0.004,-15.375,-19.695,-14.069
0.324,-5.433,-0.000,0.732,-0.003,-0.002,-0.681,-0.571,-0.398,-43.405,-0.435,-49.944,-40.499,-47.614,0.143,0.824,0.012,0.024,-0.066,1.182,-0.001,-0.006,-20.571,0.002,-15.350,-19.753,-14.083
0.325,-5.425,-0.000,0.736,-0.003,-0.002,-0.677,-0.571,-0.398,-43.611,-0.435,-50.098,-40.697,-47.755,0.134,0.828,0.008,0.030,-0.041,1.190,-0.001,-0.003,-20.547,-0.001,-15.334,-19.809,-14.101
0.327,-5.416,-0.000,0.740,-0.003,-0.003,-0.673,-0.571,-0.398,-43.816,-0.435,-50.251,-40.895,-47.896,0.125,0.831,0.004,0.029,-0.013,1.198,-0.001,0.000,-20.534,-0.004,-15.326,-19.859,-14.123
0.328,-5.408,-0.000,0.744,-0.003,-0.003,-0.668,-0.571,-0.398,-44.021,-0.435,-50.404,-41.094,-48.037,0.116,0.834,-0.001,0.023,0.016,1.202,-0.001,0.004,-20.535,-0.006,-15.327,-19.900,-14.147
0.329,-5.400,-0.000,0.748,-0.003,-0.003,-0.664,-0.571,-0.398,-44.227,-0.435,-50.558,-41.293,-48.179,0.106,0.837,-0.004,0.012,0.043,1.203,-0.001,0.007,-20.549,-0.008,-15.341,-19.929,-14.171
0.330,-5.391,-0.000,0.752,-0.003,-0.002,-0.659,-0.571,-0.398,-44.432,-0.435,-50.711,-41.493,-48.321,0.096,0.839,-0.007,-0.000,0.066,1.202,-0.001,0.009,-20.577,-0.009,-15.370,-19.945,-14.189
0.331,-5.383,-0.000,0.756,-0.002,-0.002,-0.655,-0.571,-0.398,-44.638,-0.435,-50.865,-41.692,-48.463,0.085,0.841,-0.009,-0.011,0.086,1.198,-0.001,0.011,-20.620,-0.010,-15.411,-19.948,-14.199
0.332,-5.374,-0.000,0.760,-0.002,-0.002,-0.650,-0.571,-0.397,-44.845,-0.435,-51.019,-41.891,-48.605,0.074,0.842,-0.009,-0.018,0.103,1.194,-0.001,0.011,-20.676,-0.011,-15.460,-19.937,-14.199
0.332,-5.366,-0.000,0.764,-0.002,-0.001,-0.646,-0.571,-0.397,-45.052,-0.436,-51.174,-42.091,-48.747,0.064,0.843,-0.008,-0.019,0.116,1.189,-0.001,0.011,-20.743,-0.011,-15.514,-19.912,-14.187
0.333,-5.357,-0.000,0.768,-0.002,-0.001,-0.641,-0.571,-0.397,-45.260,-0.436,-51.330,-42.290,-48.888,0.053,0.843,-0.007,-0.014,0.125,1.185,-0.001,0.010,-20.816,-0.010,-15.570,-19.872,-14.164
0.334,-5.349,-0.001,0.771,-0.001,-0.000,-0.636,-0.571,-0.397,-45.468,-0.436,-51.486,-42.488,-49.030,0.043,0.843,-0.004,-0.005,0.129,1.181,-0.001,0.008,-20.890,-0.009,-15.626,-19.816,-14.130
0.334,-5.341,-0.001,0.775,-0.001,0.000,-0.632,-0.571,-0.397,-45.678,-0.436,-51.642,-42.686,-49.171,0.033,0.843,-0.001,0.006,0.127,1.178,-0.001,0.006,-20.959,-0.008,-15.681,-19.746,-14.089
0.334,-5.332,-0.001,0.779,-0.000,0.001,-0.627,-0.571,-0.397,-45.887,-0.436,-51.799,-42.883,-49.312,0.023,0.843,0.002,0.017,0.119,1.176,-0.001,0.003,-21.019,-0.006,-15.733,-19.665,-14.041
0.334,-5.324,-0.000,0.782,0.000,0.001,-0.623,-0.571,-0.397,-46.098,-0.436,-51.957,-43.079,-49.452,0.013,0.843,0.005,0.026,0.107,1.175,-0.001,0.001,-21.067,-0.004,-15.780,-19.578,-13.992
0.334,-5.315,-0.000,0.786,0.001,0.001,-0.618,-0.571,-0.397,-46.309,-0.436,-52.115,-43.275,-49.591,0.003,0.843,0.006,0.030,0.091,1.176,-0.000,-0.001,-21.101,-0.002,-15.821,-19.490,-13.942
0.334,-5.307,-0.000,0.790,0.001,0.002,-0.614,-0.571,-0.397,-46.520,-0.436,-52.273,-43.469,-49.731,-0.007,0.843,0.007,0.028,0.072,1.177,-0.000,-0.002,-21.123,-0.001,-15.855,-19.406,-13.896
0.334,-5.298,-0.000,0.793,0.001,0.002,-0.609,-0.571,-0.397,-46.731,-0.436,-52.432,-43.663,-49.869,-0.017,0.843,0.007,0.021,0.052,1.179,0.000,-0.002,-21.135,0.001,-15.882,-19.334,-13.855
0.334,-5.290,-0.000,0.797,0.001,0.002,-0.604,-0.571,-0.397,-46.943,-0.436,-52.591,-43.856,-50.008,-0.027,0.843,0.006,0.009,0.031,1.181,0.001,-0.002,-21.140,0.002,-15.900,-19.277,-13.820
0.334,-5.282,-0.000,0.800,0.001,0.002,-0.599,-0.571,-0.397,-47.154,-0.436,-52.750,-44.048,-50.146,-0.037,0.842,0.003,-0.007,0.011,1.184,0.001,-0.001,-21.142,0.003,-15.910,-19.240,-13.790
0.333,-5.273,-0.000,0.804,0.001,0.002,-0.595,-0.571,-0.397,-47.365,-0.436,-52.909,-44.241,-50.283,-0.047,0.842,0.000,-0.022,-0.009,1.187,0.001,-0.001,-21.145,0.003,-15.911,-19.224,-13.765
0.333,-5.265,-0.000,0.807,0.001,0.002,-0.590,-0.571,-0.397,-47.577,-0.436,-53.068,-44.433,-50.421,-0.057,0.841,-0.003,-0.035,-0.028,1.191,0.001,-0.000,-21.151,0.003,-15.903,-19.231,-13.743
0.332,-5.256,-0.000,0.811,0.001,0.002,-0.585,-0.571,-0.397,-47.788,-0.436,-53.227,-44.625,-50.558,-0.066,0.840,-0.005,-0.043,-0.046,1.197,0.001,-0.000,-21.162,0.003,-15.888,-19.259,-13.720
0.332,-5.248,-0.000,0.814,0.001,0.002,-0.580,-0.571,-0.397,-48.000,-0.436,-53.386,-44.818,-50.695,-0.074,0.838,-0.007,-0.044,-0.064,1.206,0.000,-0.001,-21.176,0.002,-15.866,-19.307,-13.696
0.331,-5.240,-0.000,0.818,0.000,0.002,-0.575,-0.571,-0.397,-48.212,-0.436,-53.544,-45.011,-50.832,-0.082,0.836,-0.008,-0.040,-0.081,1.217,0.000,-0.002,-21.191,0.002,-15.849,-19.368,-13.667
0.330,-5.231,-0.000,0.821,-0.000,0.001,-0.570,-0.571,-0.397,-48.424,-0.436,-53.703,-45.206,-50.969,-0.090,0.834,-0.008,-0.030,-0.093,1.229,-0.000,-0.004,-21.203,0.002,-15.836,-19.442,-13.639
0.329,-5.223,-0.001,0.825,-0.000,0.001,-0.565,-0.571,-0.397,-48.636,-0.436,-53.861,-45.400,-51.105,-0.097,0.832,-0.007,-0.014,-0.101,1.243,-0.000,-0.006,-21.208,0.002,-15.825,-19.524,-13.615
0.328,-5.215,-0.001,0.828,-0.001,0.001,-0.560,-0.571,-0.397,-48.848,-0.436,-54.019,-45.596,-51.241,-0.105,0.831,-0.005,0.005,-0.105,1.256,-0.000,-0.007,-21.202,0.003,-15.816,-19.607,-13.601
0.327,-5.206,-0.001,0.832,-0.001,0.000,-0.555,-0.571,-0.397,-49.060,-0.436,-54.177,-45.792,-51.377,-0.114,0.829,-0.003,0.025,-0.105,1.266,-0.000,-0.008,-21.180,0.003,-15.808,-19.687,-13.602
0.326,-5.198,-0.001,0.836,-0.001,-0.000,-0.549,-0.571,-0.397,-49.272,-0.436,-54.335,-45.990,-51.513,-0.123,0.828,-0.000,0.044,-0.101,1.274,0.000,-0.007,-21.142,0.004,-15.800,-19.759,-13.622
0.324,-5.190,-0.001,0.839,-0.001,-0.001,-0.544,-0.571,-0.397,-49.483,-0.436,-54.493,-46.188,-51.650,-0.133,0.827,0.002,0.058,-0.092,1.278,0.001,-0.006,-21.092,0.005,-15.788,-19.823,-13.661
0.323,-5.181,-0.001,0.842,-0.001,-0.001,-0.539,-0.571,-0.397,-49.693,-0.436,-54.651,-46.386,-51.786,-0.144,0.826,0.003,0.066,-0.078,1.281,0.001,-0.004,-21.038,0.006,-15.769,-19.878,-13.715
0.321,-5.173,-0.001,0.846,-0.001,-0.002,-0.533,-0.571,-0.398,-49.904,-0.435,-54.809,-46.585,-51.924,-0.155,0.825,0.003,0.063,-0.061,1.281,0.002,-0.002,-20.983,0.007,-15.756,-19.921,-13.775
0.320,-5.165,-0.001,0.849,-0.001,-0.002,-0.528,-0.571,-0.398,-50.113,-0.435,-54.966,-46.785,-52.062,-0.166,0.824,0.003,0.050,-0.044,1.277,0.002,0.001,-20.925,0.007,-15.752,-19.950,-13.843
0.318,-5.157,-0.001,0.853,-0.001,-0.002,-0.522,-0.571,-0.398,-50.322,-0.435,-55.124,-46.984,-52.201,-0.179,0.823,0.002,0.030,-0.029,1.269,0.003,0.003,-20.867,0.008,-15.751,-19.966,-13.919
0.316,-5.149,-0.000,0.856,-0.001,-0.003,-0.517,-0.571,-0.397,-50.530,-0.435,-55.281,-47.184,-52.340,-0.192,0.821,0.002,0.004,-0.018,1.254,0.003,0.006,-20.807,0.009,-15.748,-19.972,-14.003
0.314,-5.140,-0.000,0.859,-0.001,-0.003,-0.512,-0.571,-0.397,-50.738,-0.435,-55.439,-47.384,-52.481,-0.206,0.819,0.002,-0.023,-0.012,1.235,0.003,0.008,-20.746,0.009,-15.740,-19.970,-14.095
0.312,-5.132,-0.000,0.862,-0.001,-0.003,-0.506,-0.571,-0.397,-50.945,-0.435,-55.596,-47.583,-52.622,-0.220,0.816,0.001,-0.046,-0.008,1.214,0.003,0.010,-20.695,0.008,-15.725,-19.965,-14.182
0.310,-5.124,-0.000,0.865,-0.001,-0.002,-0.501,-0.571,-0.397,-51.152,-0.435,-55.753,-47.783,-52.765,-0.233,0.813,0.001,-0.060,-0.001,1.193,0.002,0.010,-20.669,0.007,-15.705,-19.961,-14.260
0.308,-5.116,-0.000,0.868,-0.002,-0.002,-0.496,-0.571,-0.397,-51.359,-0.435,-55.910,-47.982,-52.907,-0.246,0.810,0.000,-0.063,0.010,1.172,0.001,0.008,-20.665,0.004,-15.682,-19.957,-14.336
0.305,-5.108,-0.000,0.871,-0.002,-0.002,-0.491,-0.571,-0.397,-51.565,-0.435,-56.067,-48.182,-53.051,-0.259,0.807,-0.001,-0.058,0.025,1.154,-0.000,0.005,-20.674,0.001,-15.662,-19.956,-14.399
0.302,-5.100,-0.000,0.874,-0.002,-0.002,-0.486,-0.571,-0.397,-51.772,-0.435,-56.223,-48.382,-53.195,-0.271,0.804,-0.001,-0.044,0.037,1.143,-0.001,0.003,-20.699,-0.002,-15.648,-19.953,-14.438
0.300,-5.092,-0.000,0.877,-0.002,-0.001,-0.481,-0.571,-0.397,-51.979,-0.435,-56.380,-48.581,-53.340,-0.281,0.801,-0.001,-0.020,0.044,1.137,-0.002,0.000,-20.736,-0.005,-15.642,-19.941,-14.459
0.297,-5.084,-0.000,0.879,-0.002,-0.001,-0.476,-0.571,-0.397,-52.187,-0.435,-56.536,-48.780,-53.485,-0.291,0.798,0.000,0.012,0.049,1.132,-0.002,-0.001,-20.779,-0.006,-15.646,-19.917,-14.471
0.294,-5.076,-0.000,0.882,-0.002,-0.001,-0.471,-0.571,-0.397,-52.395,-0.435,-56.693,-48.979,-53.629,-0.300,0.795,0.001,0.045,0.052,1.129,-0.003,-0.002,-20.821,-0.008,-15.661,-19.879,-14.481
0.291,-5.068,-0.000,0.885,-0.001,-0.001,-0.466,-0.571,-0.397,-52.603,-0.435,-56.850,-49.178,-53.774,-0.310,0.792,0.002,0.075,0.054,1.128,-0.003,-0.003,-20.858,-0.008,-15.690,-19.829,-14.493
0.288,-5.060,-0.000,0.887,-0.001,-0.001,-0.461,-0.571,-0.397,-52.812,-0.435,-57.007,-49.376,-53.919,-0.319,0.789,0.003,0.097,0.057,1.127,-0.003,-0.003,-20.888,-0.009,-15.731,-19.771,-14.507
0.284,-5.052,-0.000,0.890,-0.000,-0.001,-0.456,-0.571,-0.397,-53.021,-0.435,-57.164,-49.573,-54.064,-0.329,0.786,0.002,0.107,0.059,1.128,-0.002,-0.003,-20.909,-0.009,-15.783,-19.710,-14.523
0.281,-5.044,-0.000,0.892,0.000,-0.001,-0.451,-0.571,-0.397,-53.230,-0.435,-57.322,-49.770,-54.210,-0.340,0.783,-0.001,0.086,0.077,1.125,-0.002,-0.002,-20.918,-0.008,-15.852,-19.658,-14.559
0.278,-5.036,-0.000,0.895,0.001,-0.001,-0.446,-0.571,-0.397,-53.440,-0.436,-57.481,-49.966,-54.355,-0.348,0.780,-0.002,0.081,0.071,1.130,-0.002,-0.001,-20.923,-0.009,-15.917,-19.603,-14.563
0.274,-5.029,-0.000,0.897,0.001,-0.000,-0.441,-0.571,-0.397,-53.649,-0.436,-57.641,-50.162,-54.501,-0.357,0.777,-0.004,0.059,0.067,1.134,-0.002,-0.001,-20.923,-0.008,-15.983,-19.560,-14.565
0.270,-5.021,-0.000,0.900,0.002,-0.000,-0.436,-0.571,-0.397,-53.858,-0.436,-57.801,-50.358,-54.647,-0.366,0.773,-0.006,0.026,0.066,1.137,-0.001,-0.000,-20.916,-0.008,-16.047,-19.531,-14.560
0.267,-5.013,-0.001,0.902,0.002,-0.000,-0.431,-0.571,-0.397,-54.067,-0.436,-57.962,-50.553,-54.792,-0.374,0.769,-0.007,-0.010,0.061,1.140,-0.001,0.000,-20.917,-0.007,-16.101,-19.513,-14.543
0.263,-5.005,-0.001,0.905,0.002,0.000,-0.426,-0.571,-0.397,-54.276,-0.436,-58.123,-50.748,-54.937,-0.381,0.765,-0.007,-0.040,0.047,1.145,-0.001,-0.000,-20.936,-0.006,-16.139,-19.503,-14.498
0.259,-4.998,-0.001,0.907,0.002,0.001,-0.420,-0.571,-0.397,-54.486,-0.436,-58.284,-50.943,-55.082,-0.386,0.760,-0.004,-0.060,0.016,1.159,-0.001,-0.001,-20.975,-0.005,-16.160,-19.500,-14.398
0.255,-4.990,-0.001,0.910,0.001,0.001,-0.415,-0.571,-0.397,-54.696,-0.436,-58.446,-51.138,-55.225,-0.389,0.755,0.000,-0.075,-0.022,1.177,-0.001,-0.003,-21.024,-0.004,-16.151,-19.510,-14.265
0.251,-4.983,-0.001,0.912,0.001,0.001,-0.410,-0.571,-0.397,-54.906,-0.436,-58.607,-51.333,-55.367,-0.393,0.750,0.005,-0.093,-0.058,1.198,-0.001,-0.006,-21.074,-0.002,-16.078,-19.546,-14.130
0.247,-4.975,-0.001,0.915,0.000,0.000,-0.404,-0.571,-0.397,-55.117,-0.436,-58.767,-51.529,-55.508,-0.398,0.746,0.009,-0.108,-0.082,1.220,-0.001,-0.007,-21.122,0.000,-15.977,-19.607,-14.002
0.243,-4.968,-0.000,0.917,-0.000,0.000,-0.399,-0.571,-0.397,-55.329,-0.436,-58.927,-51.725,-55.647,-0.402,0.742,0.011,-0.109,-0.090,1.249,-0.000,-0.008,-21.187,0.002,-15.888,-19.689,-13.857
0.239,-4.960,-0.000,0.920,-0.001,0.000,-0.393,-0.571,-0.397,-55.541,-0.436,-59.085,-51.923,-55.785,-0.406,0.739,0.011,-0.088,-0.083,1.282,0.000,-0.006,-21.246,0.003,-15.833,-19.787,-13.713
0.235,-4.953,-0.000,0.922,-0.002,-0.000,-0.387,-0.571,-0.397,-55.754,-0.436,-59.244,-52.121,-55.921,-0.409,0.737,0.008,-0.036,-0.054,1.326,0.001,-0.001,-21.327,0.004,-15.886,-19.895,-13.537
0.231,-4.946,-0.000,0.925,-0.002,-0.000,-0.381,-0.571,-0.397,-55.967,-0.436,-59.403,-52.321,-56.056,-0.416,0.733,0.005,-0.005,-0.032,1.352,0.002,0.003,-21.362,0.004,-15.937,-19.977,-13.425
0.227,-4.939,-0.000,0.927,-0.002,-0.001,-0.375,0.191,0.086,-56.176,0.394,-59.553,-52.511,-56.185,-0.406,0.660,0.027,-0.076,-0.171,1.074,113.519,80.361,-20.219,115.504,-14.150,-18.146,-12.548
0.223,-4.933,0.001,0.929,-0.003,-0.003,-0.371,0.972,0.693,-56.362,1.100,-59.687,-52.680,-56.309,-0.435,0.535,0.109,-0.039,-0.714,0.543,39.608,32.484,-16.797,35.103,-12.631,-15.720,-12.208
0.219,-4.928,0.002,0.929,-0.005,-0.006,-0.369,1.133,0.838,-56.519,1.234,-59.806,-52.831,-56.428,-0.411,0.509,0.086,-0.040,-0.560,0.560,-3.294,-3.286,-14.983,-5.389,-11.192,-14.701,-11.502
0.215,-4.923,0.002,0.931,-0.006,-0.008,-0.366,0.951,0.619,-56.661,1.034,-59.911,-52.975,-56.539,-0.382,0.501,0.041,-0.022,-0.268,0.669,-30.302,-38.481,-13.479,-31.616,-9.783,-14.204,-10.727
0.211,-4.918,0.002,0.932,-0.006,-0.008,-0.363,0.600,0.171,-56.789,0.685,-60.002,-53.115,-56.643,-0.360,0.483,-0.004,-0.011,0.018,0.688,-34.962,-44.011,-12.068,-34.140,-8.411,-13.645,-10.112
0.207,-4.913,0.002,0.933,-0.006,-0.007,-0.360,0.360,-0.113,-56.903,0.427,-60.079,-53.248,-56.742,-0.350,0.455,-0.048,-0.027,0.286,0.611,-11.607,-11.346,-10.744,-16.679,-7.075,-12.936,-9.706
0.204,-4.908,0.002,0.934,-0.005,-0.005,-0.357,0.389,-0.035,-57.004,0.357,-60.143,-53.373,-56.837,-0.341,0.426,-0.091,-0.046,0.555,0.533,14.306,22.204,-9.464,2.687,-5.783,-12.234,-9.346
0.201,-4.904,0.000,0.935,-0.004,-0.002,-0.355,0.524,0.209,-57.092,0.397,-60.195,-53.493,-56.928,-0.328,0.387,-0.114,-0.013,0.693,0.434,11.802,24.488,-8.403,4.199,-4.538,-11.359,-8.877
0.197,-4.901,-0.000,0.935,-0.003,0.000,-0.354,0.614,0.428,-57.174,0.425,-60.234,-53.595,-57.015,-0.326,0.287,-0.063,0.080,0.355,-0.011,5.342,16.617,-7.814,1.428,-3.301,-9.177,-8.509
0.194,-4.899,-0.001,0.935,-0.002,0.001,-0.354,0.632,0.526,-57.247,0.430,-60.265,-53.677,-57.097,-0.302,0.216,-0.024,0.077,0.104,-0.227,-0.804,4.689,-6.770,-0.183,-2.825,-7.341,-7.787
0.191,-4.897,-0.001,0.935,-0.002,0.001,-0.356,0.611,0.543,-57.308,0.424,-60.296,-53.743,-57.169,-0.256,0.164,0.008,0.001,-0.098,-0.267,-2.832,-0.390,-5.566,-0.741,-3.338,-5.770,-6.619
0.189,-4.895,-0.001,0.934,-0.002,0.001,-0.357,0.582,0.529,-57.359,0.416,-60.330,-53.794,-57.230,-0.217,0.131,0.017,-0.010,-0.139,-0.275,-2.790,-2.096,-4.609,-0.795,-3.340,-4.590,-5.622
0.187,-4.894,-0.001,0.934,-0.003,-0.000,-0.358,0.558,0.506,-57.402,0.409,-60.359,-53.836,-57.283,-0.192,0.110,0.008,0.056,-0.065,-0.286,-1.990,-2.299,-3.958,-0.655,-2.433,-3.783,-4.944
0.185,-4.893,-0.001,0.933,-0.002,-0.000,-0.359,0.542,0.484,-57.438,0.403,-60.378,-53.870,-57.329,-0.166,0.094,-0.001,0.105,-0.002,-0.267,-1.130,-1.948,-3.383,-0.470,-1.408,-3.147,-4.295
0.184,-4.892,-0.001,0.933,-0.002,-0.000,-0.361,0.534,0.467,-57.469,0.399,-60.388,-53.899,-57.368,-0.141,0.080,-0.006,0.129,0.038,-0.233,-0.492,-1.478,-2.827,-0.310,-0.419,-2.584,-3.633
0.182,-4.891,-0.001,0.932,-0.001,-0.001,-0.362,0.532,0.455,-57.494,0.397,-60.391,-53.921,-57.400,-0.101,0.058,0.000,0.062,-0.006,-0.154,-0.127,-1.063,-2.066,-0.190,-0.364,-1.890,-2.653
0.182,-4.891,-0.001,0.932,-0.001,-0.001,-0.362,0.531,0.446,-57.511,0.396,-60.394,-53.937,-57.422,-0.066,0.039,0.003,0.026,-0.020,-0.095,0.040,-0.742,-1.337,-0.115,-0.206,-1.225,-1.735
0.181,-4.891,-0.001,0.932,-0.001,-0.001,-0.362,0.532,0.439,-57.521,0.395,-60.394,-53.946,-57.435,-0.035,0.021,0.002,0.016,-0.013,-0.049,0.088,-0.509,-0.674,-0.072,0.132,-0.613,-0.913
0.181,-4.890,-0.001,0.932,-0.001,-0.001,-0.363,0.533,0.435,-57.525,0.394,-60.391,-53.949,-57.440,-0.007,0.005,0.000,0.018,0.001,-0.008,0.080,-0.348,-0.060,-0.047,0.575,-0.042,-0.156
0.181,-4.890,-0.001,0.932,-0.001,-0.001,-0.363,0.534,0.432,-57.522,0.394,-60.383,-53.947,-57.438,0.019,-0.011,-0.001,0.023,0.014,0.030,0.055,-0.237,0.516,-0.032,1.079,0.495,0.554
0.181,-4.891,-0.001,0.932,-0.001,-0.001,-0.362,0.534,0.430,-57.514,0.393,-60.369,-53.939,-57.429,0.044,-0.026,-0.002,0.024,0.021,0.066,0.032,-0.161,1.061,-0.023,1.631,1.001,1.226
0.182,-4.891,-0.001,0.932,-0.000,-0.001,-0.362,0.534,0.429,-57.501,0.393,-60.350,-53.927,-57.414,0.068,-0.040,-0.002,0.021,0.022,0.101,0.016,-0.109,1.578,-0.017,2.208,1.482,1.865
0.183,-4.891,-0.001,0.932,-0.000,-0.001,-0.361,0.534,0.428,-57.483,0.393,-60.325,-53.910,-57.392,0.091,-0.053,-0.001,0.016,0.020,0.135,0.006,-0.074,2.073,-0.013,2.796,1.941,2.477
0.184,-4.892,-0.001,0.933,-0.000,-0.001,-0.361,0.534,0.428,-57.460,0.393,-60.294,-53.888,-57.364,0.113,-0.066,-0.000,0.009,0.016,0.169,0.001,-0.050,2.548,-0.010,3.386,2.380,3.064
0.185,-4.893,-0.001,0.933,-0.000,-0.001,-0.360,0.534,0.427,-57.432,0.393,-60.257,-53.862,-57.331,0.135,-0.078,0.001,0.001,0.009,0.200,-0.001,-0.034,3.004,-0.008,3.969,2.805,3.629
0.186,-4.894,-0.001,0.933,-0.000,-0.001,-0.359,0.534,0.427,-57.400,0.393,-60.215,-53.832,-57.292,0.155,-0.090,0.002,-0.007,0.003,0.230,-0.002,-0.022,3.445,-0.006,4.543,3.216,4.173
0.188,-4.895,-0.001,0.934,-0.000,-0.001,-0.358,0.534,0.427,-57.363,0.393,-60.166,-53.798,-57.248,0.175,-0.101,0.003,-0.013,-0.002,0.260,-0.001,-0.015,3.869,-0.005,5.107,3.613,4.697
0.190,-4.896,-0.001,0.934,-0.000,-0.001,-0.356,0.534,0.427,-57.322,0.393,-60.112,-53.760,-57.198,0.195,-0.112,0.004,-0.017,-0.006,0.288,-0.001,-0.011,4.279,-0.004,5.657,3.996,5.203
0.192,-4.897,-0.001,0.935,-0.000,-0.001,-0.355,0.534,0.426,-57.278,0.393,-60.053,-53.718,-57.144,0.214,-0.122,0.004,-0.019,-0.008,0.315,-0.001,-0.008,4.674,-0.003,6.192,4.368,5.691
0.194,-4.898,-0.001,0.935,-0.000,-0.001,-0.353,0.534,0.426,-57.229,0.393,-59.989,-53.673,-57.084,0.232,-0.132,0.005,-0.020,-0.010,0.341,-0.001,-0.006,5.057,-0.002,6.713,4.728,6.164
0.197,-4.899,-0.000,0.936,-0.001,-0.001,-0.352,0.534,0.426,-57.176,0.393,-59.919,-53.624,-57.020,0.250,-0.141,0.005,-0.020,-0.011,0.367,-0.001,-0.005,5.428,-0.002,7.218,5.077,6.621
0.199,-4.901,-0.000,0.937,-0.001,-0.001,-0.350,0.534,0.426,-57.120,0.393,-59.844,-53.571,-56.952,0.268,-0.150,0.005,-0.019,-0.012,0.392,-0.000,-0.004,5.787,-0.002,7.707,5.416,7.066
0.202,-4.902,-0.000,0.937,-0.001,-0.001,-0.348,0.534,0.426,-57.061,0.393,-59.765,-53.515,-56.879,0.284,-0.159,0.002,0.002,0.003,0.409,-0.000,-0.002,6.115,-0.002,8.264,5.740,7.462
0.205,-4.904,-0.000,0.938,-0.001,-0.001,-0.346,0.534,0.426,-56.998,0.393,-59.679,-53.456,-56.803,0.299,-0.167,0.000,0.018,0.015,0.428,-0.000,-0.001,6.430,-0.002,8.819,6.049,7.847
0.208,-4.906,-0.000,0.939,-0.001,-0.000,-0.344,0.534,0.426,-56.932,0.393,-59.588,-53.394,-56.722,0.315,-0.174,0.000,0.020,0.013,0.452,-0.000,-0.001,6.747,-0.001,9.319,6.352,8.241
0.211,-4.908,-0.000,0.940,-0.001,-0.001,-0.342,0.534,0.426,-56.863,0.393,-59.493,-53.329,-56.638,0.334,-0.181,0.003,-0.005,-0.011,0.484,-0.000,-0.001,7.092,-0.001,9.666,6.664,8.682
0.215,-4.909,-0.000,0.941,-0.001,-0.001,-0.340,0.534,0.426,-56.791,0.393,-59.394,-53.261,-56.549,0.349,-0.188,0.001,0.001,-0.008,0.503,-0.000,-0.001,7.399,-0.001,10.114,6.958,9.063
0.218,-4.911,-0.000,0.941,-0.001,-0.001,-0.337,0.534,0.426,-56.715,0.392,-59.291,-53.190,-56.457,0.363,-0.194,-0.001,0.019,0.004,0.518,-0.000,-0.001,7.684,-0.001,10.603,7.237,9.413
0.222,-4.913,-0.000,0.942,-0.000,-0.001,-0.335,0.534,0.426,-56.637,0.392,-59.183,-53.116,-56.360,0.380,-0.199,-0.000,0.008,-0.009,0.546,-0.000,-0.001,7.993,-0.001,10.948,7.517,9.811
0.226,-4.915,-0.000,0.943,-0.000,-0.001,-0.332,0.534,0.426,-56.555,0.392,-59.072,-53.040,-56.260,0.396,-0.205,-0.001,0.005,-0.014,0.569,-0.000,-0.000,8.292,-0.000,11.295,7.789,10.193
0.230,-4.917,-0.000,0.944,-0.000,-0.001,-0.329,0.534,0.426,-56.471,0.392,-58.957,-52.961,-56.157,0.411,-0.209,-0.002,0.012,-0.010,0.589,-0.000,-0.000,8.574,-0.000,11.662,8.050,10.553
0.234,-4.919,-0.000,0.945,-0.000,-0.001,-0.326,0.534,0.426,-56.384,0.392,-58.839,-52.879,-56.049,0.427,-0.213,-0.002,0.003,-0.020,0.615,0.000,0.000,8.866,-0.000,11.948,8.306,10.934
0.238,-4.922,-0.000,0.946,-0.000,-0.001,-0.323,0.534,0.426,-56.294,0.392,-58.718,-52.795,-55.938,0.442,-0.217,-0.002,0.005,-0.021,0.637,0.000,0.001,9.143,0.000,12.241,8.551,11.296
0.243,-4.924,-0.000,0.947,-0.000,-0.001,-0.320,0.534,0.426,-56.201,0.392,-58.594,-52.708,-55.823,0.457,-0.220,-0.003,0.012,-0.016,0.658,0.001,0.002,9.410,0.000,12.529,8.785,11.646
0.247,-4.926,-0.000,0.948,-0.000,-0.001,-0.317,0.534,0.426,-56.106,0.392,-58.467,-52.619,-55.705,0.471,-0.222,-0.005,0.021,-0.008,0.678,0.001,0.002,9.667,0.001,12.806,9.010,11.986
0.252,-4.928,-0.001,0.949,-0.000,-0.001,-0.314,0.534,0.426,-56.008,0.392,-58.338,-52.528,-55.584,0.484,-0.224,-0.005,0.026,-0.003,0.697,0.001,0.003,9.915,0.001,13.083,9.222,12.316
0.257,-4.930,-0.001,0.951,-0.000,-0.001,-0.311,0.534,0.426,-55.907,0.393,-58.206,-52.435,-55.459,0.497,-0.225,-0.005,0.023,-0.003,0.717,0.001,0.004,10.152,0.002,13.366,9.420,12.633
0.262,-4.933,-0.001,0.952,-0.000,-0.001,-0.307,0.534,0.426,-55.805,0.393,-58.071,-52.339,-55.331,0.510,-0.225,-0.004,0.010,-0.009,0.737,0.002,0.005,10.378,0.004,13.646,9.601,12.938
0.267,-4.935,-0.001,0.953,-0.000,-0.001,-0.304,0.534,0.426,-55.700,0.393,-57.933,-52.243,-55.200,0.522,-0.224,-0.001,-0.002,-0.019,0.760,0.002,0.006,10.597,0.005,13.925,9.759,13.233
0.273,-4.937,-0.001,0.954,-0.000,-0.001,-0.300,0.534,0.426,-55.593,0.393,-57.792,-52.144,-55.066,0.534,-0.223,0.001,-0.008,-0.027,0.785,0.002,0.006,10.809,0.006,14.197,9.899,13.517
0.278,-4.939,-0.001,0.955,-0.000,-0.002,-0.296,0.534,0.426,-55.484,0.393,-57.649,-52.045,-54.930,0.545,-0.221,0.002,-0.010,-0.030,0.809,0.002,0.006,11.011,0.006,14.453,10.031,13.789
0.283,-4.942,-0.001,0.956,-0.000,-0.002,-0.292,0.534,0.427,-55.373,0.393,-57.503,-51.944,-54.791,0.556,-0.218,0.003,-0.009,-0.028,0.831,0.002,0.005,11.203,0.005,14.692,10.154,14.048
0.289,-4.944,-0.001,0.958,-0.000,-0.002,-0.288,0.534,0.427,-55.260,0.393,-57.355,-51.842,-54.649,0.567,-0.215,0.004,-0.005,-0.021,0.856,0.001,0.004,11.400,0.004,14.923,10.259,14.295
0.295,-4.946,-0.001,0.959,-0.000,-0.002,-0.284,0.534,0.427,-55.145,0.393,-57.205,-51.739,-54.505,0.577,-0.211,0.004,0.001,-0.013,0.883,0.000,0.003,11.606,0.002,15.150,10.346,14.531
0.301,-4.948,-0.000,0.960,-0.000,-0.002,-0.280,0.534,0.427,-55.027,0.393,-57.052,-51.635,-54.358,0.587,-0.207,0.004,0.005,-0.005,0.908,-0.000,0.001,11.812,-0.000,15.367,10.429,14.758
0.307,-4.950,-0.000,0.961,-0.000,-0.002,-0.275,0.534,0.427,-54.908,0.393,-56.897,-51.530,-54.210,0.597,-0.204,0.005,0.011,0.003,0.930,-0.001,-0.000,12.014,-0.002,15.575,10.515,14.975
0.313,-4.952,-0.000,0.963,-0.000,-0.002,-0.271,0.534,0.427,-54.787,0.393,-56.741,-51.424,-54.059,0.607,-0.199,0.004,0.013,0.016,0.954,-0.002,-0.002,12.222,-0.004,15.782,10.585,15.180
0.319,-4.954,-0.000,0.964,-0.000,-0.002,-0.266,0.534,0.427,-54.664,0.393,-56.582,-51.319,-53.906,0.615,-0.192,-0.000,-0.004,0.048,0.991,-0.002,-0.004,12.502,-0.006,16.006,10.581,15.365
0.325,-4.956,-0.000,0.965,-0.000,-0.001,-0.261,0.534,0.427,-54.537,0.393,-56.421,-51.213,-53.752,0.624,-0.185,-0.003,-0.010,0.069,1.017,-0.002,-0.004,12.774,-0.006,16.224,10.609,15.541
0.331,-4.958,-0.000,0.967,-0.000,-0.001,-0.256,0.534,0.427,-54.409,0.393,-56.257,-51.106,-53.595,0.635,-0.183,-0.002,0.023,0.055,1.018,-0.001,-0.002,12.899,-0.006,16.434,10.754,15.732
0.338,-4.960,-0.000,0.968,0.000,-0.001,-0.251,0.534,0.427,-54.279,0.393,-56.092,-50.997,-53.437,0.645,-0.181,0.000,0.060,0.039,1.016,-0.001,-0.001,12.981,-0.008,16.642,10.921,15.920
0.344,-4.961,-0.000,0.969,0.000,-0.001,-0.246,0.534,0.426,-54.149,0.392,-55.924,-50.888,-53.277,0.653,-0.175,-0.003,0.055,0.059,1.037,-0.001,-0.002,13.166,-0.007,16.869,10.971,16.084
0.351,-4.963,-0.000,0.970,0.001,-0.001,-0.241,0.534,0.426,-54.017,0.392,-55.755,-50.778,-53.115,0.663,-0.173,-0.002,0.077,0.049,1.033,-0.001,-0.001,13.226,-0.008,17.081,11.121,16.260
0.357,-4.965,-0.000,0.972,0.001,-0.001,-0.236,0.534,0.426,-53.884,0.392,-55.583,-50.666,-52.952,0.672,-0.169,-0.003,0.082,0.049,1.035,-0.001,-0.001,13.297,-0.009,17.296,11.241,16.424
0.364,-4.967,-0.001,0.973,0.002,-0.000,-0.231,0.534,0.426,-53.751,0.392,-55.409,-50.553,-52.787,0.680,-0.164,-0.004,0.074,0.053,1.039,-0.001,-0.001,13.368,-0.008,17.509,11.348,16.580
0.371,-4.968,-0.001,0.974,0.002,-0.000,-0.226,0.534,0.426,-53.617,0.392,-55.233,-50.439,-52.620,0.687,-0.160,-0.005,0.055,0.057,1.042,-0.001,-0.001,13.439,-0.007,17.718,11.451,16.728
0.378,-4.970,-0.001,0.975,0.002,0.000,-0.221,0.534,0.426,-53.482,0.392,-55.054,-50.324,-52.452,0.695,-0.155,-0.005,0.031,0.058,1.045,-0.000,-0.001,13.520,-0.005,17.921,11.552,16.865
0.385,-4.971,-0.001,0.976,0.002,0.000,-0.216,0.534,0.426,-53.346,0.392,-54.874,-50.208,-52.283,0.702,-0.150,-0.004,0.006,0.055,1.047,-0.000,-0.001,13.616,-0.002,18.113,11.657,16.990
0.392,-4.973,-0.001,0.977,0.003,0.001,-0.211,0.534,0.426,-53.210,0.392,-54.692,-50.091,-52.113,0.709,-0.145,-0.003,-0.021,0.049,1.047,0.000,-0.001,13.721,0.001,18.292,11.770,17.103
0.399,-4.974,-0.001,0.979,0.002,0.001,-0.206,0.534,0.426,-53.072,0.392,-54.508,-49.972,-51.941,0.716,-0.141,-0.002,-0.046,0.039,1.046,0.001,-0.001,13.834,0.003,18.453,11.896,17.203
0.406,-4.976,-0.001,0.980,0.002,0.001,-0.201,0.534,0.426,-52.933,0.392,-54.323,-49.853,-51.769,0.723,-0.136,0.000,-0.069,0.026,1.042,0.001,-0.001,13.951,0.005,18.592,12.038,17.290
0.413,-4.977,-0.001,0.981,0.002,0.001,-0.196,0.534,0.426,-52.793,0.392,-54.137,-49.731,-51.595,0.730,-0.132,0.003,-0.088,0.013,1.037,0.001,-0.001,14.073,0.006,18.712,12.189,17.365
0.421,-4.978,-0.001,0.982,0.001,0.001,-0.191,0.534,0.426,-52.651,0.392,-53.949,-49.609,-51.421,0.737,-0.128,0.004,-0.103,0.002,1.033,0.001,-0.002,14.195,0.007,18.816,12.346,17.430
0.428,-4.979,-0.001,0.983,0.001,0.001,-0.186,0.534,0.426,-52.509,0.392,-53.760,-49.485,-51.247,0.745,-0.123,0.005,-0.111,-0.007,1.029,0.000,-0.002,14.316,0.007,18.909,12.505,17.486
0.436,-4.981,-0.001,0.984,0.000,0.001,-0.180,0.534,0.426,-52.365,0.392,-53.571,-49.359,-51.072,0.751,-0.118,0.006,-0.113,-0.015,1.026,-0.000,-0.003,14.434,0.006,18.993,12.664,17.538
0.443,-4.982,-0.001,0.984,-0.000,0.001,-0.175,0.534,0.426,-52.220,0.392,-53.381,-49.231,-50.896,0.758,-0.113,0.006,-0.106,-0.021,1.023,-0.001,-0.004,14.546,0.005,19.079,12.825,17.587
0.451,-4.983,-0.000,0.985,-0.001,0.001,-0.170,0.534,0.426,-52.074,0.392,-53.189,-49.102,-50.720,0.765,-0.108,0.004,-0.087,-0.024,1.022,-0.001,-0.004,14.650,0.003,19.166,12.983,17.641
0.459,-4.984,-0.000,0.986,-0.001,0.001,-0.165,0.534,0.426,-51.927,0.392,-52.997,-48.972,-50.543,0.771,-0.102,0.003,-0.059,-0.029,1.022,-0.001,-0.004,14.747,0.002,19.252,13.136,17.707
0.466,-4.985,-0.000,0.987,-0.001,0.001,-0.160,0.534,0.426,-51.779,0.393,-52.804,-48.840,-50.366,0.778,-0.095,0.002,-0.031,-0.037,1.024,-0.001,-0.004,14.837,0.001,19.334,13.282,17.790
0.474,-4.986,-0.000,0.988,-0.002,0.001,-0.155,0.534,0.426,-51.631,0.393,-52.611,-48.706,-50.187,0.784,-0.089,0.001,-0.005,-0.049,1.027,-0.001,-0.004,14.915,0.000,19.418,13.417,17.889
0.482,-4.987,-0.000,0.989,-0.002,0.001,-0.150,0.534,0.426,-51.481,0.393,-52.416,-48.571,-50.008,0.790,-0.081,0.000,0.019,-0.062,1.032,-0.001,-0.003,14.979,0.000,19.509,13.541,18.002
0.490,-4.987,-0.000,0.989,-0.001,0.000,-0.145,0.534,0.426,-51.331,0.393,-52.220,-48.435,-49.827,0.795,-0.074,-0.000,0.039,-0.074,1.037,-0.001,-0.003,15.028,0.001,19.599,13.654,18.129
0.498,-4.988,-0.000,0.990,-0.001,-0.000,-0.140,0.534,0.426,-51.181,0.393,-52.024,-48.298,-49.645,0.800,-0.066,-0.000,0.055,-0.085,1.042,-0.000,-0.003,15.064,0.001,19.679,13.757,18.269
0.506,-4.989,-0.000,0.991,-0.001,-0.001,-0.135,0.534,0.426,-51.030,0.393,-51.827,-48.160,-49.462,0.805,-0.057,0.000,0.064,-0.093,1.048,-0.000,-0.002,15.089,0.002,19.747,13.847,18.421
0.514,-4.989,-0.000,0.992,-0.001,-0.001,-0.130,0.534,0.426,-50.879,0.393,-51.629,-48.021,-49.277,0.809,-0.048,0.001,0.065,-0.098,1.055,0.000,-0.002,15.103,0.004,19.802,13.925,18.580
0.522,-4.990,-0.000,0.992,-0.001,-0.002,-0.124,0.534,0.426,-50.728,0.393,-51.431,-47.882,-49.090,0.813,-0.039,0.002,0.055,-0.102,1.064,0.001,-0.001,15.110,0.005,19.842,13.988,18.741
0.530,-4.990,-0.000,0.993,-0.000,-0.002,-0.119,0.534,0.426,-50.577,0.393,-51.232,-47.742,-48.902,0.816,-0.029,0.004,0.042,-0.105,1.077,0.001,0.000,15.105,0.006,19.878,14.030,18.902
0.538,-4.990,-0.000,0.994,-0.000,-0.003,-0.114,0.534,0.426,-50.426,0.393,-51.033,-47.601,-48.712,0.819,-0.018,0.006,0.029,-0.102,1.093,0.001,0.002,15.092,0.006,19.909,14.057,19.059
0.547,-4.990,-0.000,0.994,-0.000,-0.003,-0.108,0.534,0.426,-50.275,0.393,-50.834,-47.460,-48.521,0.822,-0.007,0.006,0.018,-0.090,1.107,0.002,0.004,15.080,0.004,19.931,14.079,19.203
0.555,-4.990,-0.000,0.995,-0.000,-0.004,-0.103,0.534,0.426,-50.124,0.393,-50.635,-47.320,-48.328,0.824,0.003,0.005,0.011,-0.071,1.120,0.002,0.006,15.086,0.000,19.947,14.098,19.329
0.563,-4.990,-0.000,0.995,-0.000,-0.004,-0.097,0.534,0.426,-49.973,0.393,-50.435,-47.179,-48.134,0.826,0.014,0.003,0.004,-0.041,1.132,0.001,0.007,15.101,-0.003,19.965,14.111,19.436
0.571,-4.990,-0.000,0.996,-0.000,-0.004,-0.091,0.534,0.426,-49.822,0.393,-50.235,-47.037,-47.939,0.827,0.025,-0.001,-0.004,-0.004,1.144,0.001,0.008,15.117,-0.007,19.995,14.118,19.524
0.580,-4.990,-0.000,0.996,-0.000,-0.004,-0.086,0.534,0.426,-49.671,0.393,-50.035,-46.896,-47.744,0.828,0.035,-0.005,-0.011,0.034,1.153,0.000,0.008,15.139,-0.010,20.041,14.128,19.594
0.588,-4.989,-0.000,0.997,-0.000,-0.004,-0.080,0.534,0.426,-49.519,0.393,-49.834,-46.755,-47.548,0.829,0.045,-0.009,-0.013,0.065,1.158,0.000,0.009,15.182,-0.011,20.105,14.146,19.646
0.596,-4.989,-0.000,0.997,-0.000,-0.003,-0.074,0.534,0.426,-49.367,0.392,-49.633,-46.613,-47.351,0.830,0.054,-0.012,-0.011,0.084,1.159,0.000,0.008,15.248,-0.012,20.186,14.175,19.684
0.605,-4.988,-0.000,0.998,-0.000,-0.003,-0.068,0.534,0.427,-49.214,0.392,-49.431,-46.471,-47.154,0.831,0.063,-0.013,-0.003,0.093,1.156,0.000,0.008,15.331,-0.013,20.282,14.212,19.711
0.613,-4.988,-0.001,0.998,-0.000,-0.002,-0.062,0.534,0.427,-49.060,0.392,-49.227,-46.329,-46.957,0.832,0.072,-0.013,0.006,0.093,1.152,0.000,0.007,15.424,-0.012,20.389,14.251,19.730
0.621,-4.987,-0.001,0.998,-0.000,-0.002,-0.057,0.534,0.427,-48.906,0.392,-49.023,-46.186,-46.759,0.832,0.081,-0.012,0.016,0.088,1.147,-0.000,0.006,15.519,-0.010,20.504,14.285,19.747
0.629,-4.986,-0.001,0.999,-0.000,-0.001,-0.051,0.534,0.427,-48.750,0.392,-48.817,-46.043,-46.562,0.833,0.090,-0.010,0.023,0.080,1.144,-0.000,0.004,15.609,-0.007,20.624,14.308,19.764
0.638,-4.985,-0.001,0.999,-0.000,-0.001,-0.045,0.534,0.427,-48.593,0.392,-48.610,-45.900,-46.364,0.833,0.099,-0.007,0.026,0.071,1.143,-0.000,0.002,15.689,-0.004,20.745,14.319,19.780
