7.000,5.000,0.001,1.000,0.000,0.000,0.000,-0.000,-0.000,0.000,-0.000,0.000,0.000,0.000,-0.000,-0.000,0.000,-0.000,-0.000,-0.000,0.000,0.000,-0.000,0.000,-0.000,-0.000,-0.000
7.000,5.000,0.001,1.000,0.000,0.000,-0.000,0.284,0.230,-0.005,0.206,-0.006,-0.002,-0.002,-0.017,-0.002,0.000,-0.000,0.009,-0.029,45.078,38.901,-1.046,33.660,-1.066,-0.382,-0.492
7.000,5.000,0.000,1.000,-0.000,0.000,-0.000,0.612,0.543,-0.018,0.472,-0.019,-0.008,-0.010,-0.048,-0.010,-0.000,-0.007,0.020,-0.051,16.252,17.536,-1.376,15.658,-1.525,-0.940,-1.149
6.999,5.000,0.000,1.000,-0.000,0.000,-0.001,0.627,0.568,-0.032,0.525,-0.036,-0.020,-0.025,-0.077,-0.022,-0.000,-0.011,0.021,-0.108,-12.062,-12.944,-1.445,-4.595,-1.955,-1.409,-1.846
6.998,5.000,0.000,1.000,-0.000,0.000,-0.001,0.422,0.332,-0.047,0.409,-0.058,-0.037,-0.047,-0.107,-0.027,-0.000,-0.004,0.018,-0.141,-24.992,-29.579,-1.641,-16.170,-2.403,-1.907,-2.502
6.997,4.999,0.000,1.000,-0.000,0.000,-0.002,0.228,0.098,-0.067,0.269,-0.085,-0.058,-0.075,-0.131,-0.023,-0.000,0.008,0.011,-0.139,-10.371,-13.104,-2.280,-9.125,-2.957,-2.394,-3.009
6.995,4.999,0.000,1.000,-0.000,0.000,-0.003,0.259,0.117,-0.094,0.271,-0.118,-0.084,-0.107,-0.150,-0.020,-0.000,0.013,0.001,-0.141,14.495,15.021,-3.090,8.712,-3.641,-2.781,-3.416
6.994,4.999,0.000,1.000,-0.000,0.000,-0.003,0.443,0.335,-0.128,0.394,-0.157,-0.114,-0.143,-0.170,-0.027,-0.000,-0.000,-0.001,-0.172,16.998,22.772,-3.672,11.731,-4.233,-3.129,-3.888
6.992,4.999,0.000,1.000,-0.000,0.000,-0.004,0.533,0.484,-0.166,0.460,-0.202,-0.146,-0.185,-0.193,-0.039,-0.000,-0.013,-0.004,-0.233,1.250,6.470,-3.884,1.841,-4.739,-3.441,-4.444
6.990,4.998,0.000,1.000,-0.000,0.000,-0.006,0.479,0.464,-0.205,0.432,-0.252,-0.182,-0.232,-0.216,-0.048,-0.001,-0.010,-0.002,-0.287,-10.535,-9.005,-4.053,-6.644,-5.227,-3.766,-5.008
6.988,4.998,0.000,1.000,-0.000,0.000,-0.007,0.364,0.353,-0.247,0.353,-0.307,-0.222,-0.285,-0.239,-0.049,-0.002,0.005,0.002,-0.305,-10.248,-10.686,-4.404,-7.789,-5.705,-4.166,-5.520
6.985,4.997,0.000,1.000,-0.000,0.000,-0.009,0.315,0.300,-0.294,0.307,-0.366,-0.266,-0.342,-0.260,-0.046,-0.003,0.014,0.002,-0.310,0.782,0.842,-4.940,-0.843,-6.232,-4.565,-5.962
6.983,4.997,0.000,1.000,0.000,0.000,-0.010,0.372,0.367,-0.346,0.335,-0.431,-0.313,-0.404,-0.279,-0.049,-0.004,0.013,0.001,-0.337,9.086,11.067,-5.460,5.575,-6.799,-4.885,-6.399
6.980,4.996,0.000,1.000,0.000,0.000,-0.012,0.438,0.453,-0.402,0.380,-0.502,-0.363,-0.471,-0.298,-0.055,-0.005,0.009,0.002,-0.376,2.963,4.283,-5.758,2.434,-7.294,-5.185,-6.873
6.977,4.996,0.000,1.000,0.000,0.000,-0.014,0.441,0.468,-0.461,0.387,-0.577,-0.417,-0.542,-0.317,-0.062,-0.006,0.009,0.001,-0.426,-2.093,-1.015,-6.036,-0.840,-7.792,-5.446,-7.351
6.973,4.995,0.000,1.000,0.000,0.000,-0.016,0.408,0.442,-0.523,0.368,-0.658,-0.472,-0.618,-0.336,-0.065,-0.007,0.015,0.002,-0.456,-3.740,-3.403,-6.343,-2.533,-8.257,-5.746,-7.805
6.970,4.994,0.000,1.000,0.000,0.000,-0.019,0.379,0.414,-0.588,0.346,-0.742,-0.532,-0.698,-0.355,-0.065,-0.008,0.020,0.002,-0.473,-1.849,-1.946,-6.697,-1.657,-8.705,-6.072,-8.230
6.966,4.994,0.000,1.000,0.000,0.000,-0.021,0.369,0.401,-0.657,0.335,-0.832,-0.594,-0.782,-0.373,-0.063,-0.009,0.023,0.002,-0.482,-0.243,-0.891,-7.049,-0.604,-9.126,-6.413,-8.634
6.962,4.993,-0.000,1.000,0.000,0.000,-0.024,0.371,0.395,-0.729,0.332,-0.925,-0.660,-0.870,-0.391,-0.062,-0.009,0.022,0.002,-0.492,0.494,-0.340,-7.388,0.018,-9.533,-6.742,-9.028
6.958,4.992,-0.000,1.000,0.001,0.000,-0.026,0.377,0.393,-0.805,0.334,-1.022,-0.729,-0.963,-0.408,-0.062,-0.010,0.021,0.001,-0.506,0.568,-0.111,-7.713,0.212,-9.933,-7.052,-9.413
6.954,4.992,-0.000,1.000,0.001,0.000,-0.029,0.381,0.392,-0.883,0.335,-1.124,-0.801,-1.059,-0.424,-0.062,-0.011,0.019,0.000,-0.523,0.341,-0.042,-8.023,0.133,-10.326,-7.342,-9.790
6.950,4.991,-0.000,1.000,0.001,0.000,-0.031,0.383,0.392,-0.965,0.336,-1.229,-0.876,-1.158,-0.439,-0.062,-0.011,0.016,-0.001,-0.540,0.111,-0.029,-8.321,0.046,-10.712,-7.617,-10.158
6.945,4.991,-0.000,0.999,0.001,0.000,-0.034,0.384,0.392,-1.050,0.336,-1.338,-0.953,-1.262,-0.454,-0.061,-0.012,0.013,-0.001,-0.557,-0.001,-0.023,-8.608,0.005,-11.088,-7.880,-10.514
6.941,4.990,-0.001,0.999,0.001,0.000,-0.037,0.384,0.391,-1.137,0.336,-1.451,-1.033,-1.369,-0.468,-0.060,-0.012,0.010,-0.002,-0.574,-0.041,-0.017,-8.886,-0.013,-11.452,-8.133,-10.860
6.936,4.989,-0.001,0.999,0.001,0.000,-0.040,0.383,0.391,-1.228,0.336,-1.567,-1.116,-1.479,-0.482,-0.059,-0.011,0.006,-0.003,-0.590,-0.043,-0.012,-9.155,-0.014,-11.805,-8.378,-11.195
6.931,4.989,-0.001,0.999,0.001,0.000,-0.043,0.383,0.391,-1.320,0.336,-1.687,-1.201,-1.592,-0.495,-0.058,-0.011,0.001,-0.004,-0.606,-0.033,-0.009,-9.415,-0.012,-12.145,-8.615,-11.518
6.926,4.988,-0.001,0.999,0.001,0.000,-0.046,0.383,0.391,-1.416,0.336,-1.810,-1.288,-1.709,-0.508,-0.057,-0.010,-0.004,-0.005,-0.621,-0.021,-0.006,-9.666,-0.009,-12.472,-8.845,-11.829
6.921,4.988,-0.001,0.999,0.001,0.000,-0.049,0.382,0.391,-1.514,0.336,-1.936,-1.377,-1.829,-0.520,-0.055,-0.009,-0.009,-0.005,-0.636,-0.012,-0.005,-9.909,-0.006,-12.787,-9.067,-12.128
6.916,4.987,-0.001,0.999,0.001,0.000,-0.052,0.382,0.391,-1.614,0.336,-2.065,-1.469,-1.952,-0.531,-0.053,-0.008,-0.014,-0.006,-0.650,-0.006,-0.004,-10.144,-0.003,-13.088,-9.282,-12.416
6.910,4.987,-0.001,0.998,0.001,0.000,-0.055,0.382,0.391,-1.717,0.336,-2.198,-1.563,-2.077,-0.543,-0.050,-0.007,-0.018,-0.007,-0.663,-0.002,-0.003,-10.371,-0.001,-13.377,-9.490,-12.692
6.905,4.986,-0.001,0.998,0.001,0.000,-0.059,0.382,0.391,-1.821,0.336,-2.333,-1.659,-2.206,-0.554,-0.048,-0.005,-0.021,-0.007,-0.677,-0.000,-0.003,-10.591,0.001,-13.653,-9.692,-12.956
6.899,4.986,-0.001,0.998,0.001,0.000,-0.062,0.382,0.391,-1.928,0.336,-2.471,-1.757,-2.336,-0.564,-0.045,-0.004,-0.023,-0.007,-0.689,0.001,-0.003,-10.803,0.002,-13.917,-9.887,-13.210
6.894,4.985,-0.001,0.998,0.000,0.000,-0.066,0.382,0.391,-2.037,0.336,-2.611,-1.857,-2.470,-0.575,-0.042,-0.003,-0.023,-0.007,-0.702,0.001,-0.003,-11.008,0.003,-14.171,-10.077,-13.454
6.888,4.985,-0.001,0.998,0.000,0.000,-0.069,0.382,0.391,-2.148,0.336,-2.754,-1.958,-2.605,-0.585,-0.039,-0.002,-0.022,-0.006,-0.714,0.001,-0.003,-11.207,0.004,-14.415,-10.260,-13.689
6.882,4.984,-0.001,0.997,0.000,0.000,-0.073,0.382,0.391,-2.262,0.336,-2.899,-2.062,-2.743,-0.595,-0.035,-0.001,-0.019,-0.005,-0.726,0.000,-0.003,-11.398,0.004,-14.651,-10.438,-13.915
6.876,4.984,-0.001,0.997,0.000,0.000,-0.076,0.382,0.391,-2.376,0.336,-3.047,-2.167,-2.884,-0.604,-0.031,-0.000,-0.015,-0.005,-0.738,0.000,-0.003,-11.583,0.005,-14.879,-10.610,-14.134
6.870,4.984,-0.001,0.997,0.000,0.000,-0.080,0.382,0.391,-2.493,0.336,-3.197,-2.274,-3.026,-0.614,-0.027,0.000,-0.010,-0.004,-0.749,0.000,-0.003,-11.762,0.004,-15.101,-10.776,-14.347
6.864,4.983,-0.001,0.996,0.000,0.000,-0.084,0.382,0.391,-2.612,0.336,-3.349,-2.383,-3.171,-0.623,-0.023,0.000,-0.005,-0.003,-0.760,0.000,-0.003,-11.935,0.004,-15.318,-10.937,-14.554
6.857,4.983,-0.001,0.996,-0.000,0.000,-0.088,0.382,0.391,-2.732,0.336,-3.503,-2.493,-3.317,-0.631,-0.019,0.000,-0.001,-0.002,-0.771,0.000,-0.002,-12.102,0.004,-15.529,-11.092,-14.756
6.851,4.983,-0.001,0.996,-0.000,0.000,-0.092,0.382,0.391,-2.854,0.336,-3.660,-2.604,-3.466,-0.640,-0.014,0.001,0.002,-0.002,-0.781,0.000,-0.002,-12.264,0.005,-15.735,-11.242,-14.953
6.845,4.983,-0.001,0.995,0.000,0.000,-0.096,0.382,0.391,-2.977,0.336,-3.818,-2.718,-3.616,-0.649,-0.010,0.001,0.003,-0.002,-0.792,0.001,-0.002,-12.422,0.006,-15.936,-11.387,-15.145
6.838,4.983,-0.001,0.995,0.000,0.000,-0.100,0.382,0.391,-3.102,0.336,-3.978,-2.832,-3.769,-0.657,-0.005,0.001,0.001,-0.003,-0.802,0.001,-0.001,-12.575,0.007,-16.131,-11.528,-15.333
6.831,4.983,-0.001,0.995,0.000,0.000,-0.104,0.382,0.391,-3.229,0.336,-4.141,-2.948,-3.923,-0.665,0.001,0.002,-0.004,-0.004,-0.812,0.001,-0.001,-12.725,0.009,-16.318,-11.666,-15.515
6.825,4.983,-0.001,0.994,-0.000,0.000,-0.108,0.382,0.391,-3.357,0.337,-4.305,-3.066,-4.079,-0.673,0.006,0.002,-0.013,-0.005,-0.821,0.002,-0.000,-12.872,0.014,-16.498,-11.801,-15.690
6.818,4.983,-0.001,0.994,-0.000,0.000,-0.112,0.382,0.391,-3.486,0.337,-4.471,-3.184,-4.237,-0.680,0.011,0.003,-0.024,-0.007,-0.831,0.003,0.000,-13.016,0.026,-16.667,-11.934,-15.858
6.811,4.983,-0.001,0.993,-0.000,0.000,-0.116,0.382,0.391,-3.617,0.337,-4.638,-3.304,-4.396,-0.688,0.017,0.005,-0.038,-0.008,-0.841,0.004,0.001,-13.158,0.045,-16.825,-12.065,-16.018
6.804,4.983,-0.001,0.993,-0.001,0.000,-0.120,0.382,0.391,-3.749,0.338,-4.807,-3.425,-4.557,-0.695,0.023,0.006,-0.052,-0.010,-0.851,0.006,0.001,-13.297,0.055,-16.973,-12.194,-16.168
6.797,4.984,-0.001,0.992,-0.001,-0.000,-0.124,0.383,0.391,-3.883,0.338,-4.977,-3.548,-4.719,-0.702,0.029,0.008,-0.065,-0.011,-0.861,0.007,0.001,-13.433,0.045,-17.109,-12.321,-16.307
6.790,4.984,-0.001,0.992,-0.001,-0.000,-0.129,0.383,0.391,-4.018,0.339,-5.149,-3.672,-4.883,-0.710,0.035,0.010,-0.075,-0.011,-0.871,0.006,0.001,-13.567,0.037,-17.234,-12.448,-16.436
6.783,4.984,-0.001,0.991,-0.002,-0.000,-0.133,0.383,0.391,-4.154,0.339,-5.322,-3.797,-5.048,-0.717,0.042,0.012,-0.082,-0.010,-0.881,0.004,0.000,-13.699,0.028,-17.347,-12.576,-16.554
6.776,4.985,-0.001,0.991,-0.002,-0.000,-0.137,0.383,0.391,-4.292,0.339,-5.496,-3.923,-5.214,-0.724,0.049,0.013,-0.084,-0.008,-0.889,0.002,-0.001,-13.828,0.019,-17.450,-12.705,-16.663
6.769,4.985,-0.001,0.990,-0.002,-0.000,-0.142,0.383,0.391,-4.431,0.339,-5.671,-4.051,-5.381,-0.731,0.056,0.013,-0.078,-0.006,-0.897,0.000,-0.001,-13.953,0.012,-17.547,-12.832,-16.762
6.761,4.986,-0.000,0.989,-0.003,0.000,-0.146,0.383,0.391,-4.571,0.339,-5.847,-4.180,-5.549,-0.738,0.063,0.014,-0.064,-0.003,-0.905,-0.001,-0.002,-14.069,0.006,-17.642,-12.953,-16.857
6.754,4.987,-0.000,0.989,-0.003,0.000,-0.151,0.383,0.391,-4.712,0.339,-6.024,-4.310,-5.718,-0.744,0.071,0.013,-0.043,0.001,-0.913,-0.002,-0.002,-14.177,-0.001,-17.739,-13.067,-16.948
6.746,4.987,-0.000,0.988,-0.003,0.000,-0.155,0.383,0.391,-4.854,0.339,-6.202,-4.441,-5.888,-0.750,0.079,0.012,-0.014,0.004,-0.920,-0.003,-0.003,-14.275,-0.007,-17.839,-13.172,-17.040
6.739,4.988,-0.000,0.987,-0.003,0.000,-0.160,0.383,0.391,-4.998,0.339,-6.381,-4.574,-6.059,-0.756,0.087,0.010,0.019,0.007,-0.927,-0.004,-0.003,-14.361,-0.019,-17.948,-13.267,-17.134
6.731,4.989,-0.000,0.986,-0.003,0.000,-0.164,0.383,0.390,-5.142,0.339,-6.561,-4.707,-6.231,-0.761,0.095,0.008,0.056,0.011,-0.933,-0.007,-0.003,-14.435,-0.034,-18.065,-13.349,-17.234
6.724,4.990,0.000,0.986,-0.003,0.000,-0.169,0.382,0.390,-5.286,0.339,-6.742,-4.841,-6.404,-0.766,0.103,0.005,0.094,0.015,-0.937,-0.008,-0.003,-14.498,-0.046,-18.193,-13.420,-17.343
6.716,4.991,0.000,0.985,-0.002,0.000,-0.174,0.382,0.390,-5.431,0.338,-6.925,-4.975,-6.578,-0.770,0.111,0.002,0.129,0.018,-0.942,-0.008,-0.002,-14.550,-0.052,-18.333,-13.476,-17.460
6.708,4.992,0.000,0.984,-0.001,-0.000,-0.178,0.382,0.390,-5.577,0.337,-7.109,-5.110,-6.753,-0.773,0.119,-0.001,0.157,0.021,-0.946,-0.007,-0.001,-14.592,-0.055,-18.485,-13.518,-17.587
6.701,4.993,0.000,0.983,-0.000,-0.000,-0.183,0.382,0.390,-5.723,0.337,-7.294,-5.245,-6.930,-0.776,0.127,-0.003,0.176,0.020,-0.950,-0.005,-0.000,-14.626,-0.064,-18.647,-13.545,-17.721
6.693,4.995,0.000,0.982,0.000,-0.000,-0.188,0.382,0.390,-5.870,0.336,-7.482,-5.381,-7.108,-0.779,0.135,-0.005,0.182,0.018,-0.954,-0.004,0.000,-14.652,-0.063,-18.817,-13.559,-17.862
6.685,4.996,-0.000,0.981,0.001,-0.000,-0.192,0.382,0.390,-6.016,0.336,-7.671,-5.516,-7.287,-0.780,0.143,-0.007,0.175,0.013,-0.958,-0.003,0.001,-14.675,-0.038,-18.989,-13.563,-18.007
6.677,4.998,-0.000,0.980,0.002,-0.000,-0.197,0.382,0.390,-6.163,0.335,-7.861,-5.652,-7.468,-0.782,0.150,-0.007,0.158,0.008,-0.962,-0.001,0.002,-14.696,-0.020,-19.159,-13.561,-18.152
6.669,4.999,-0.000,0.979,0.003,-0.000,-0.202,0.382,0.390,-6.310,0.335,-8.054,-5.788,-7.650,-0.783,0.158,-0.007,0.132,0.004,-0.967,-0.000,0.003,-14.720,-0.010,-19.320,-13.559,-18.296
6.661,5.001,-0.000,0.978,0.003,-0.001,-0.206,0.382,0.390,-6.458,0.335,-8.248,-5.923,-7.834,-0.784,0.165,-0.007,0.102,0.001,-0.973,0.001,0.004,-14.749,-0.004,-19.473,-13.557,-18.435
6.654,5.002,-0.000,0.977,0.004,-0.001,-0.211,0.382,0.391,-6.605,0.335,-8.443,-6.059,-8.019,-0.784,0.173,-0.006,0.070,-0.001,-0.979,0.002,0.004,-14.785,0.002,-19.612,-13.559,-18.567
6.646,5.004,-0.000,0.976,0.004,-0.001,-0.216,0.382,0.391,-6.753,0.335,-8.640,-6.194,-8.205,-0.785,0.181,-0.006,0.035,-0.002,-0.985,0.002,0.005,-14.832,0.006,-19.736,-13.570,-18.687
6.638,5.006,-0.000,0.975,0.004,-0.001,-0.221,0.382,0.391,-6.902,0.335,-8.838,-6.330,-8.392,-0.786,0.189,-0.005,0.002,-0.002,-0.991,0.003,0.005,-14.889,0.009,-19.846,-13.591,-18.797
6.630,5.008,-0.000,0.974,0.004,-0.001,-0.226,0.382,0.391,-7.051,0.335,-9.037,-6.466,-8.581,-0.786,0.197,-0.006,-0.029,0.001,-0.997,0.003,0.005,-14.959,0.010,-19.945,-13.624,-18.894
6.622,5.010,-0.001,0.973,0.004,-0.001,-0.231,0.382,0.391,-7.201,0.336,-9.237,-6.603,-8.770,-0.787,0.205,-0.006,-0.054,0.003,-1.003,0.002,0.004,-15.038,0.011,-20.034,-13.666,-18.978
6.614,5.012,-0.001,0.972,0.004,-0.000,-0.235,0.382,0.391,-7.352,0.336,-9.438,-6.740,-8.960,-0.787,0.213,-0.007,-0.072,0.006,-1.009,0.002,0.004,-15.126,0.010,-20.113,-13.720,-19.051
6.606,5.014,-0.001,0.971,0.003,-0.000,-0.240,0.382,0.391,-7.504,0.336,-9.639,-6.877,-9.151,-0.787,0.222,-0.008,-0.083,0.006,-1.014,0.002,0.003,-15.219,0.010,-20.183,-13.783,-19.114
6.599,5.017,-0.001,0.969,0.003,-0.000,-0.245,0.382,0.391,-7.656,0.336,-9.841,-7.015,-9.343,-0.787,0.231,-0.008,-0.087,0.003,-1.017,0.001,0.002,-15.316,0.009,-20.245,-13.855,-19.167
6.591,5.019,-0.001,0.968,0.002,-0.000,-0.250,0.382,0.391,-7.810,0.336,-10.044,-7.154,-9.535,-0.787,0.239,-0.008,-0.085,-0.003,-1.020,0.001,0.001,-15.413,0.009,-20.298,-13.933,-19.215
6.583,5.021,-0.001,0.967,0.002,0.000,-0.255,0.382,0.391,-7.965,0.336,-10.247,-7.294,-9.727,-0.786,0.248,-0.008,-0.082,-0.012,-1.023,0.001,0.000,-15.506,0.010,-20.344,-14.015,-19.260
6.575,5.024,-0.001,0.966,0.002,0.000,-0.260,0.382,0.391,-8.120,0.336,-10.451,-7.435,-9.920,-0.785,0.257,-0.006,-0.078,-0.022,-1.025,0.001,-0.001,-15.595,0.013,-20.382,-14.099,-19.305
6.567,5.026,-0.001,0.964,0.001,0.000,-0.265,0.382,0.391,-8.276,0.336,-10.655,-7.576,-10.113,-0.785,0.265,-0.004,-0.077,-0.032,-1.028,0.003,-0.001,-15.679,0.022,-20.410,-14.185,-19.350
6.559,5.029,-0.001,0.963,0.001,0.000,-0.270,0.382,0.391,-8.434,0.337,-10.859,-7.718,-10.307,-0.784,0.274,-0.002,-0.079,-0.040,-1.032,0.004,-0.002,-15.757,0.039,-20.430,-14.271,-19.397
6.551,5.032,-0.001,0.961,0.000,-0.000,-0.275,0.382,0.391,-8.592,0.337,-11.063,-7.861,-10.501,-0.784,0.283,0.002,-0.084,-0.045,-1.036,0.005,-0.002,-15.830,0.062,-20.439,-14.358,-19.442
6.544,5.035,-0.001,0.960,-0.000,-0.000,-0.280,0.382,0.391,-8.750,0.338,-11.268,-8.006,-10.696,-0.784,0.291,0.005,-0.091,-0.046,-1.041,0.007,-0.002,-15.901,0.069,-20.440,-14.444,-19.485
6.536,5.038,-0.001,0.959,-0.001,-0.000,-0.285,0.383,0.391,-8.910,0.338,-11.472,-8.150,-10.891,-0.784,0.300,0.008,-0.100,-0.042,-1.047,0.007,-0.002,-15.969,0.053,-20.433,-14.531,-19.522
6.528,5.041,-0.001,0.957,-0.001,-0.000,-0.290,0.383,0.391,-9.070,0.339,-11.676,-8.296,-11.086,-0.784,0.309,0.010,-0.106,-0.033,-1.053,0.005,-0.002,-16.038,0.038,-20.421,-14.618,-19.550
6.520,5.044,-0.001,0.955,-0.002,-0.000,-0.295,0.383,0.391,-9.230,0.339,-11.881,-8.443,-11.282,-0.784,0.318,0.011,-0.110,-0.018,-1.058,0.003,-0.002,-16.108,0.022,-20.407,-14.705,-19.569
6.512,5.047,-0.001,0.954,-0.002,-0.000,-0.300,0.383,0.391,-9.392,0.339,-12.085,-8.590,-11.477,-0.784,0.328,0.012,-0.108,-0.001,-1.062,0.001,-0.001,-16.179,0.012,-20.394,-14.793,-19.577
6.504,5.051,-0.001,0.952,-0.003,0.000,-0.305,0.383,0.391,-9.554,0.339,-12.288,-8.739,-11.673,-0.784,0.339,0.011,-0.100,0.016,-1.064,-0.001,-0.001,-16.251,0.003,-20.383,-14.881,-19.574
6.497,5.054,-0.000,0.951,-0.003,0.000,-0.310,0.383,0.391,-9.717,0.339,-12.492,-8.888,-11.869,-0.784,0.349,0.009,-0.085,0.032,-1.064,-0.002,-0.000,-16.322,-0.007,-20.378,-14.967,-19.562
6.489,5.058,-0.000,0.949,-0.003,0.001,-0.315,0.383,0.391,-9.880,0.339,-12.696,-9.038,-12.064,-0.783,0.360,0.006,-0.062,0.044,-1.062,-0.005,-0.000,-16.390,-0.024,-20.381,-15.048,-19.545
6.481,5.061,-0.000,0.947,-0.004,0.001,-0.320,0.383,0.391,-10.045,0.339,-12.900,-9.189,-12.260,-0.781,0.371,0.003,-0.034,0.051,-1.060,-0.009,-0.001,-16.450,-0.047,-20.398,-15.119,-19.528
6.473,5.065,-0.000,0.946,-0.004,0.001,-0.325,0.382,0.391,-10.209,0.338,-13.104,-9.340,-12.455,-0.779,0.381,-0.001,0.001,0.052,-1.058,-0.011,-0.001,-16.503,-0.065,-20.433,-15.173,-19.517
6.465,5.069,-0.000,0.944,-0.003,0.001,-0.330,0.382,0.391,-10.375,0.338,-13.309,-9.492,-12.650,-0.776,0.391,-0.004,0.039,0.048,-1.056,-0.011,-0.001,-16.543,-0.073,-20.488,-15.211,-19.516
6.458,5.073,-0.000,0.942,-0.003,0.001,-0.335,0.382,0.391,-10.540,0.337,-13.514,-9.644,-12.845,-0.772,0.400,-0.007,0.077,0.039,-1.054,-0.009,-0.001,-16.568,-0.089,-20.558,-15.235,-19.530
6.450,5.077,-0.000,0.940,-0.003,0.001,-0.340,0.382,0.391,-10.706,0.336,-13.720,-9.797,-13.041,-0.768,0.409,-0.009,0.109,0.025,-1.052,-0.007,-0.002,-16.575,-0.078,-20.641,-15.245,-19.562
6.442,5.081,-0.001,0.939,-0.002,0.001,-0.345,0.382,0.391,-10.872,0.335,-13.927,-9.949,-13.237,-0.764,0.417,-0.010,0.133,0.007,-1.051,-0.004,-0.002,-16.564,-0.044,-20.733,-15.243,-19.611
6.435,5.085,-0.001,0.937,-0.001,0.001,-0.350,0.382,0.391,-11.037,0.335,-14.134,-10.102,-13.433,-0.759,0.424,-0.010,0.146,-0.014,-1.050,-0.002,-0.002,-16.535,-0.022,-20.827,-15.231,-19.678
6.427,5.089,-0.001,0.935,-0.001,0.001,-0.355,0.382,0.391,-11.202,0.335,-14.343,-10.254,-13.630,-0.754,0.432,-0.008,0.148,-0.034,-1.050,-0.001,-0.003,-16.491,-0.010,-20.919,-15.214,-19.760
6.420,5.094,-0.001,0.933,-0.000,0.000,-0.360,0.382,0.391,-11.367,0.335,-14.553,-10.406,-13.828,-0.750,0.439,-0.005,0.143,-0.050,-1.051,-0.000,-0.003,-16.437,-0.003,-21.003,-15.194,-19.856
6.412,5.098,-0.001,0.931,0.000,-0.000,-0.365,0.382,0.390,-11.531,0.335,-14.763,-10.558,-14.027,-0.745,0.447,-0.002,0.132,-0.059,-1.052,0.000,-0.004,-16.378,0.003,-21.078,-15.176,-19.961
6.405,5.103,-0.001,0.929,0.001,-0.001,-0.370,0.382,0.390,-11.694,0.335,-14.974,-10.709,-14.227,-0.741,0.454,0.001,0.118,-0.060,-1.053,0.001,-0.004,-16.318,0.008,-21.142,-15.160,-20.070
6.397,5.107,-0.001,0.927,0.001,-0.001,-0.375,0.382,0.390,-11.857,0.335,-15.186,-10.861,-14.429,-0.737,0.462,0.004,0.103,-0.053,-1.054,0.002,-0.003,-16.264,0.013,-21.197,-15.147,-20.178
6.390,5.112,-0.001,0.925,0.002,-0.002,-0.380,0.382,0.390,-12.020,0.335,-15.398,-11.012,-14.631,-0.734,0.471,0.006,0.087,-0.039,-1.056,0.003,-0.002,-16.219,0.019,-21.247,-15.136,-20.278
6.383,5.117,-0.001,0.923,0.002,-0.002,-0.384,0.116,0.109,-12.178,0.151,-15.614,-11.164,-14.833,-0.719,0.491,0.010,0.136,-0.028,-0.940,-46.340,-49.178,-15.579,-33.862,-21.651,-15.313,-20.148
6.376,5.122,-0.000,0.922,0.003,-0.003,-0.388,-0.323,-0.353,-12.335,-0.215,-15.826,-11.320,-15.031,-0.655,0.566,0.055,0.348,-0.188,-0.462,-31.968,-34.804,-15.962,-31.210,-20.650,-15.867,-19.368
6.369,5.128,0.000,0.921,0.004,-0.005,-0.389,-0.406,-0.506,-12.497,-0.311,-16.025,-11.481,-15.221,-0.613,0.597,0.079,0.188,-0.375,-0.223,14.875,3.868,-16.350,14.093,-19.330,-16.320,-18.697
6.363,5.134,0.001,0.921,0.004,-0.006,-0.390,-0.096,-0.314,-12.661,0.006,-16.218,-11.645,-15.409,-0.639,0.590,0.017,-0.048,-0.062,-0.332,39.838,29.758,-16.474,41.444,-19.387,-16.530,-19.012
6.357,5.140,0.001,0.920,0.003,-0.006,-0.392,0.203,-0.050,-12.827,0.326,-16.413,-11.812,-15.600,-0.647,0.601,-0.042,-0.124,0.269,-0.297,14.413,17.110,-16.571,17.639,-19.497,-16.886,-19.164
6.350,5.146,0.000,0.919,0.003,-0.003,-0.393,0.146,-0.058,-12.993,0.327,-16.608,-11.982,-15.792,-0.658,0.589,-0.065,-0.207,0.438,-0.363,-22.659,-16.946,-16.620,-15.344,-19.650,-16.842,-19.259
6.344,5.152,-0.000,0.919,0.003,-0.002,-0.395,-0.135,-0.282,-13.158,0.092,-16.803,-12.149,-15.983,-0.636,0.587,-0.007,-0.062,0.070,-0.325,-26.748,-21.802,-16.400,-26.034,-19.357,-16.636,-18.879
6.338,5.158,-0.000,0.918,0.003,-0.002,-0.396,-0.271,-0.397,-13.323,-0.073,-16.993,-12.316,-16.168,-0.591,0.617,0.030,0.200,-0.137,-0.100,0.881,-0.086,-16.673,-4.436,-18.620,-16.857,-18.227
6.332,5.164,0.000,0.918,0.004,-0.003,-0.396,-0.137,-0.293,-13.490,0.009,-17.176,-12.487,-16.349,-0.589,0.635,0.014,0.039,-0.051,0.002,21.969,18.321,-16.822,17.579,-18.178,-17.256,-18.124
6.326,5.170,0.000,0.918,0.004,-0.003,-0.396,0.064,-0.103,-13.659,0.177,-17.358,-12.659,-16.532,-0.614,0.617,-0.007,-0.152,0.053,-0.141,14.212,16.043,-16.910,12.171,-18.307,-17.099,-18.402
6.320,5.176,0.000,0.918,0.003,-0.002,-0.397,0.088,-0.039,-13.829,0.201,-17.543,-12.827,-16.717,-0.641,0.584,-0.011,-0.312,0.090,-0.358,-8.716,-3.422,-16.981,-7.028,-18.604,-16.601,-18.649
6.313,5.182,-0.000,0.917,0.001,-0.001,-0.399,-0.061,-0.137,-13.999,0.066,-17.730,-12.992,-16.905,-0.644,0.581,-0.017,-0.288,0.108,-0.422,-17.404,-12.888,-17.050,-17.102,-18.721,-16.451,-18.787
6.307,5.188,-0.000,0.916,0.001,-0.001,-0.401,-0.179,-0.227,-14.170,-0.069,-17.915,-13.159,-17.091,-0.607,0.618,-0.006,-0.090,-0.004,-0.177,-4.238,-3.524,-17.168,-7.704,-18.213,-16.938,-18.386
6.301,5.194,-0.000,0.916,0.000,-0.001,-0.401,-0.135,-0.195,-14.343,-0.064,-18.094,-13.331,-17.271,-0.575,0.645,0.002,-0.027,-0.067,0.058,11.161,8.990,-17.468,7.584,-17.790,-17.461,-17.836
6.295,5.201,-0.000,0.916,-0.000,-0.001,-0.400,-0.011,-0.085,-14.518,0.033,-18.272,-13.507,-17.450,-0.581,0.647,-0.006,-0.156,0.000,0.062,10.909,10.762,-17.551,9.119,-17.741,-17.710,-17.803
6.289,5.207,-0.000,0.916,-0.001,-0.000,-0.400,0.035,-0.024,-14.694,0.075,-18.449,-13.684,-17.628,-0.593,0.636,-0.001,-0.202,-0.018,-0.018,-1.930,0.737,-17.643,-1.253,-17.674,-17.677,-17.882
6.283,5.213,-0.000,0.916,-0.002,-0.000,-0.401,-0.035,-0.065,-14.871,0.014,-18.625,-13.861,-17.807,-0.598,0.635,0.000,-0.182,-0.011,-0.047,-10.133,-7.334,-17.771,-9.325,-17.572,-17.730,-17.914
6.277,5.220,-0.000,0.916,-0.003,0.000,-0.401,-0.118,-0.130,-15.050,-0.071,-18.800,-14.040,-17.985,-0.585,0.649,-0.001,-0.118,0.004,0.051,-4.868,-4.146,-17.967,-6.126,-17.403,-18.021,-17.705
6.272,5.226,-0.000,0.916,-0.003,0.001,-0.400,-0.115,-0.131,-15.231,-0.086,-18.974,-14.222,-18.161,-0.570,0.662,-0.002,-0.079,0.016,0.170,4.903,3.588,-18.162,2.932,-17.304,-18.344,-17.399
6.266,5.233,-0.000,0.917,-0.003,0.001,-0.399,-0.046,-0.075,-15.413,-0.033,-19.147,-14.406,-18.334,-0.570,0.664,-0.004,-0.077,0.033,0.192,7.077,6.335,-18.301,5.976,-17.308,-18.499,-17.281
6.260,5.240,-0.000,0.917,-0.004,0.001,-0.398,-0.005,-0.031,-15.596,0.004,-19.320,-14.591,-18.507,-0.580,0.657,-0.003,-0.072,0.035,0.139,0.603,1.653,-18.398,0.911,-17.329,-18.492,-17.342
6.254,5.246,-0.000,0.917,-0.004,0.001,-0.398,-0.034,-0.046,-15.781,-0.018,-19.493,-14.776,-18.681,-0.587,0.653,-0.005,-0.025,0.045,0.105,-5.336,-3.757,-18.517,-4.646,-17.343,-18.487,-17.404
6.248,5.253,-0.000,0.918,-0.004,0.002,-0.397,-0.085,-0.085,-15.967,-0.067,-19.667,-14.961,-18.855,-0.583,0.658,-0.008,0.031,0.052,0.144,-3.791,-3.209,-18.659,-4.109,-17.336,-18.595,-17.339
6.243,5.259,-0.000,0.918,-0.003,0.002,-0.397,-0.095,-0.096,-16.154,-0.084,-19.840,-15.148,-19.027,-0.577,0.665,-0.009,0.069,0.049,0.201,1.732,1.061,-18.764,0.723,-17.358,-18.729,-17.230
6.237,5.266,-0.001,0.918,-0.003,0.002,-0.396,-0.061,-0.070,-16.342,-0.060,-20.014,-15.335,-19.200,-0.578,0.665,-0.010,0.083,0.040,0.211,4.133,3.467,-18.802,3.445,-17.437,-18.781,-17.225
6.231,5.273,-0.001,0.919,-0.002,0.002,-0.395,-0.032,-0.043,-16.530,-0.033,-20.189,-15.523,-19.372,-0.586,0.659,-0.010,0.088,0.026,0.175,1.195,1.506,-18.794,1.485,-17.560,-18.736,-17.331
6.225,5.279,-0.001,0.919,-0.002,0.002,-0.394,-0.039,-0.044,-16.718,-0.035,-20.365,-15.710,-19.546,-0.591,0.655,-0.009,0.097,0.007,0.146,-2.291,-1.484,-18.784,-1.731,-17.686,-18.679,-17.447
6.219,5.286,-0.001,0.919,-0.001,0.001,-0.393,-0.066,-0.063,-16.906,-0.058,-20.543,-15.897,-19.721,-0.591,0.656,-0.008,0.109,-0.013,0.153,-2.367,-1.962,-18.802,-2.299,-17.761,-18.685,-17.505
6.213,5.292,-0.001,0.920,-0.001,0.001,-0.392,-0.077,-0.075,-17.094,-0.072,-20.720,-16.084,-19.896,-0.589,0.659,-0.007,0.115,-0.033,0.183,0.165,-0.208,-18.841,-0.273,-17.783,-18.742,-17.526
6.207,5.299,-0.001,0.920,-0.000,0.001,-0.392,-0.065,-0.068,-17.282,-0.064,-20.898,-16.272,-20.072,-0.589,0.660,-0.004,0.111,-0.049,0.198,1.903,1.416,-18.854,1.481,-17.806,-18.788,-17.577
6.202,5.306,-0.001,0.921,-0.000,0.000,-0.391,-0.048,-0.054,-17.471,-0.050,-21.077,-16.460,-20.248,-0.592,0.658,-0.002,0.104,-0.060,0.187,1.083,1.062,-18.806,1.086,-17.878,-18.791,-17.689
6.196,5.312,-0.001,0.921,0.000,-0.000,-0.390,-0.046,-0.050,-17.658,-0.046,-21.256,-16.647,-20.426,-0.597,0.655,0.001,0.099,-0.064,0.167,-0.591,-0.231,-18.722,-0.320,-17.978,-18.774,-17.827
6.190,5.319,-0.001,0.921,0.001,-0.001,-0.389,-0.057,-0.056,-17.845,-0.054,-21.436,-16.835,-20.604,-0.600,0.655,0.004,0.098,-0.061,0.163,-1.198,-0.875,-18.658,-1.062,-18.051,-18.782,-17.942
6.184,5.325,-0.001,0.921,0.001,-0.001,-0.388,-0.065,-0.063,-18.032,-0.062,-21.617,-17.023,-20.784,-0.601,0.657,0.006,0.098,-0.051,0.174,-0.376,-0.394,-18.638,-0.489,-18.075,-18.819,-18.022
6.178,5.332,-0.001,0.922,0.001,-0.002,-0.388,-0.064,-0.063,-18.218,-0.063,-21.798,-17.212,-20.965,-0.602,0.659,0.008,0.094,-0.035,0.185,0.542,0.307,-18.634,0.333,-18.086,-18.857,-18.093
6.172,5.338,-0.001,0.922,0.002,-0.002,-0.387,-0.057,-0.059,-18.404,-0.058,-21.979,-17.400,-21.146,-0.605,0.660,0.009,0.085,-0.015,0.186,0.617,0.516,-18.615,0.511,-18.126,-18.870,-18.175
6.166,5.345,-0.001,0.923,0.002,-0.002,-0.386,-0.053,-0.055,-18.590,-0.054,-22.160,-17.589,-21.328,-0.609,0.660,0.009,0.075,0.007,0.179,0.105,0.186,-18.583,0.180,-18.195,-18.856,-18.266
6.159,5.352,-0.001,0.923,0.002,-0.002,-0.385,-0.055,-0.055,-18.776,-0.054,-22.343,-17.777,-21.511,-0.613,0.660,0.008,0.064,0.027,0.174,-0.292,-0.140,-18.563,-0.177,-18.269,-18.832,-18.345
6.153,5.358,-0.001,0.923,0.003,-0.002,-0.384,-0.058,-0.057,-18.962,-0.057,-22.526,-17.965,-21.695,-0.616,0.661,0.007,0.050,0.043,0.173,-0.255,-0.160,-18.572,-0.222,-18.331,-18.806,-18.401
6.147,5.365,-0.000,0.924,0.003,-0.002,-0.383,-0.059,-0.058,-19.147,-0.058,-22.709,-18.153,-21.879,-0.618,0.662,0.005,0.032,0.054,0.175,-0.055,-0.057,-18.604,-0.086,-18.381,-18.781,-18.439
6.141,5.371,-0.000,0.924,0.003,-0.002,-0.383,-0.059,-0.058,-19.334,-0.059,-22.893,-18.341,-22.064,-0.621,0.662,0.003,0.010,0.059,0.177,0.044,-0.009,-18.650,-0.016,-18.425,-18.753,-18.463
6.135,5.378,-0.000,0.924,0.003,-0.001,-0.382,-0.059,-0.058,-19.521,-0.059,-23.078,-18.528,-22.249,-0.623,0.662,0.000,-0.016,0.056,0.178,0.051,0.005,-18.705,0.000,-18.462,-18.727,-18.478
6.128,5.385,-0.000,0.925,0.003,-0.001,-0.381,-0.058,-0.058,-19.708,-0.059,-23.262,-18.716,-22.433,-0.625,0.662,-0.002,-0.045,0.048,0.178,0.031,0.009,-18.768,0.002,-18.486,-18.707,-18.484
6.122,5.391,-0.000,0.925,0.003,-0.001,-0.380,-0.058,-0.058,-19.896,-0.059,-23.447,-18.903,-22.618,-0.626,0.661,-0.003,-0.075,0.034,0.177,0.013,0.008,-18.836,0.001,-18.496,-18.699,-18.484
6.116,5.398,-0.001,0.925,0.003,-0.001,-0.379,-0.058,-0.058,-20.085,-0.059,-23.632,-19.090,-22.803,-0.628,0.660,-0.004,-0.104,0.018,0.176,0.002,0.006,-18.908,-0.000,-18.487,-18.708,-18.476
6.110,5.404,-0.001,0.926,0.002,-0.000,-0.379,-0.058,-0.058,-20.274,-0.059,-23.817,-19.277,-22.988,-0.629,0.660,-0.004,-0.129,-0.001,0.176,-0.003,0.004,-18.982,-0.001,-18.462,-18.737,-18.462
6.103,5.411,-0.001,0.926,0.001,-0.000,-0.378,-0.058,-0.058,-20.464,-0.059,-24.001,-19.464,-23.172,-0.630,0.659,-0.003,-0.149,-0.018,0.175,-0.004,0.003,-19.056,-0.002,-18.420,-18.786,-18.443
6.097,5.418,-0.001,0.926,0.001,0.000,-0.377,-0.058,-0.058,-20.655,-0.059,-24.185,-19.653,-23.357,-0.632,0.658,-0.002,-0.161,-0.032,0.174,-0.003,0.002,-19.128,-0.002,-18.367,-18.855,-18.419
6.091,5.424,-0.001,0.927,-0.000,0.000,-0.376,-0.058,-0.058,-20.847,-0.059,-24.369,-19.842,-23.541,-0.633,0.657,-0.001,-0.166,-0.039,0.173,-0.001,0.002,-19.198,-0.002,-18.308,-18.942,-18.390
6.084,5.431,-0.001,0.927,-0.001,0.000,-0.375,-0.058,-0.058,-21.039,-0.059,-24.551,-20.032,-23.724,-0.635,0.657,0.001,-0.163,-0.041,0.173,-0.000,0.002,-19.263,-0.002,-18.246,-19.040,-18.356
6.078,5.437,-0.001,0.927,-0.002,0.001,-0.374,-0.058,-0.058,-21.232,-0.059,-24.734,-20.222,-23.908,-0.637,0.656,0.003,-0.152,-0.035,0.173,0.000,0.002,-19.323,-0.002,-18.189,-19.145,-18.318
6.072,5.444,-0.001,0.928,-0.002,0.001,-0.374,-0.058,-0.058,-21.426,-0.059,-24.915,-20.414,-24.091,-0.638,0.656,0.004,-0.133,-0.024,0.173,0.001,0.003,-19.378,-0.002,-18.141,-19.249,-18.277
6.065,5.450,-0.001,0.928,-0.003,0.001,-0.373,-0.058,-0.058,-21.620,-0.059,-25.096,-20.607,-24.273,-0.640,0.656,0.004,-0.108,-0.008,0.174,0.001,0.003,-19.428,-0.002,-18.105,-19.345,-18.234
6.059,5.457,-0.000,0.928,-0.004,0.001,-0.372,-0.058,-0.058,-21.814,-0.059,-25.277,-20.801,-24.455,-0.642,0.656,0.003,-0.078,0.009,0.175,0.001,0.004,-19.475,-0.002,-18.085,-19.428,-18.193
6.052,5.464,-0.000,0.929,-0.004,0.001,-0.371,-0.058,-0.058,-22.009,-0.059,-25.458,-20.996,-24.637,-0.644,0.656,0.002,-0.046,0.024,0.176,0.001,0.005,-19.519,-0.003,-18.083,-19.494,-18.154
6.046,5.470,-0.000,0.929,-0.004,0.001,-0.370,-0.058,-0.057,-22.204,-0.059,-25.639,-21.191,-24.819,-0.646,0.655,-0.000,-0.013,0.037,0.177,0.001,0.006,-19.559,-0.003,-18.099,-19.541,-18.120
6.039,5.477,-0.000,0.929,-0.004,0.002,-0.370,-0.058,-0.057,-22.400,-0.059,-25.820,-21.387,-25.000,-0.648,0.655,-0.002,0.019,0.043,0.178,0.001,0.007,-19.594,-0.004,-18.131,-19.569,-18.094
6.033,5.483,-0.001,0.930,-0.004,0.002,-0.369,-0.058,-0.057,-22.596,-0.059,-26.002,-21.582,-25.180,-0.649,0.654,-0.005,0.049,0.044,0.179,0.002,0.007,-19.623,-0.004,-18.176,-19.579,-18.079
6.026,5.490,-0.001,0.930,-0.003,0.002,-0.368,-0.058,-0.057,-22.793,-0.059,-26.184,-21.778,-25.361,-0.651,0.653,-0.007,0.076,0.038,0.180,0.002,0.008,-19.643,-0.004,-18.231,-19.577,-18.076
6.020,5.496,-0.001,0.930,-0.003,0.002,-0.367,-0.058,-0.057,-22.989,-0.059,-26.366,-21.974,-25.542,-0.652,0.651,-0.008,0.097,0.024,0.182,0.002,0.008,-19.649,-0.004,-18.293,-19.564,-18.087
6.013,5.503,-0.001,0.931,-0.002,0.002,-0.366,-0.058,-0.057,-23.186,-0.059,-26.550,-22.169,-25.723,-0.653,0.650,-0.008,0.112,0.006,0.183,0.002,0.009,-19.640,-0.004,-18.356,-19.545,-18.113
6.007,5.509,-0.001,0.931,-0.002,0.001,-0.365,-0.058,-0.057,-23.382,-0.059,-26.734,-22.365,-25.904,-0.653,0.648,-0.008,0.122,-0.016,0.184,0.002,0.009,-19.615,-0.003,-18.417,-19.525,-18.154
6.000,5.516,-0.001,0.931,-0.001,0.001,-0.365,-0.058,-0.057,-23.578,-0.059,-26.918,-22.560,-26.086,-0.654,0.647,-0.006,0.128,-0.037,0.184,0.002,0.009,-19.573,-0.002,-18.474,-19.507,-18.210
5.994,5.522,-0.001,0.932,-0.001,0.001,-0.364,-0.058,-0.057,-23.773,-0.059,-27.103,-22.755,-26.269,-0.655,0.645,-0.004,0.130,-0.054,0.185,0.002,0.010,-19.516,-0.002,-18.525,-19.493,-18.281
5.987,5.529,-0.001,0.932,-0.000,0.000,-0.363,-0.058,-0.057,-23.968,-0.059,-27.288,-22.950,-26.452,-0.656,0.644,-0.001,0.129,-0.064,0.185,0.001,0.010,-19.449,-0.001,-18.569,-19.483,-18.363
5.981,5.535,-0.001,0.932,0.000,-0.000,-0.362,-0.058,-0.057,-24.162,-0.059,-27.474,-23.145,-26.636,-0.658,0.643,0.002,0.126,-0.066,0.185,0.001,0.010,-19.376,0.000,-18.609,-19.476,-18.454
5.974,5.542,-0.001,0.933,0.001,-0.001,-0.361,-0.058,-0.057,-24.356,-0.059,-27.661,-23.339,-26.821,-0.660,0.642,0.004,0.120,-0.059,0.185,0.001,0.009,-19.303,0.001,-18.645,-19.468,-18.548
5.968,5.548,-0.001,0.933,0.001,-0.001,-0.360,-0.058,-0.056,-24.548,-0.059,-27.847,-23.534,-27.007,-0.662,0.642,0.007,0.111,-0.043,0.185,0.001,0.008,-19.237,0.002,-18.681,-19.457,-18.640
5.961,5.554,-0.001,0.933,0.002,-0.002,-0.359,-0.058,-0.056,-24.740,-0.059,-28.034,-23.728,-27.194,-0.664,0.642,0.008,0.100,-0.022,0.185,0.001,0.007,-19.181,0.002,-18.718,-19.439,-18.726
5.954,5.561,-0.001,0.934,0.002,-0.002,-0.359,-0.058,-0.056,-24.932,-0.059,-28.222,-23.923,-27.381,-0.667,0.642,0.008,0.086,0.001,0.185,0.001,0.005,-19.140,0.003,-18.756,-19.412,-18.801
5.948,5.567,-0.001,0.934,0.003,-0.002,-0.358,-0.058,-0.056,-25.123,-0.059,-28.409,-24.117,-27.570,-0.669,0.642,0.008,0.069,0.025,0.184,0.000,0.003,-19.116,0.003,-18.798,-19.376,-18.862
5.941,5.574,-0.001,0.934,0.003,-0.002,-0.357,-0.058,-0.056,-25.314,-0.059,-28.598,-24.310,-27.758,-0.672,0.642,0.006,0.049,0.045,0.184,0.000,0.001,-19.111,0.003,-18.840,-19.331,-18.907
5.934,5.580,-0.000,0.935,0.003,-0.002,-0.356,-0.058,-0.056,-25.506,-0.059,-28.786,-24.503,-27.948,-0.674,0.641,0.004,0.027,0.059,0.183,-0.000,-0.001,-19.124,0.003,-18.881,-19.282,-18.936
5.927,5.586,-0.000,0.935,0.003,-0.002,-0.355,-0.058,-0.056,-25.697,-0.059,-28.975,-24.696,-28.137,-0.676,0.641,0.002,0.003,0.065,0.182,-0.000,-0.002,-19.152,0.003,-18.918,-19.231,-18.949
5.921,5.593,-0.000,0.935,0.003,-0.001,-0.354,-0.058,-0.056,-25.889,-0.059,-29.165,-24.888,-28.327,-0.678,0.640,-0.001,-0.023,0.063,0.181,-0.001,-0.004,-19.193,0.003,-18.946,-19.185,-18.948
5.914,5.599,-0.000,0.935,0.003,-0.001,-0.353,-0.058,-0.056,-26.081,-0.059,-29.354,-25.080,-28.516,-0.679,0.639,-0.003,-0.051,0.054,0.181,-0.001,-0.005,-19.244,0.003,-18.962,-19.149,-18.937
5.907,5.606,-0.001,0.936,0.003,-0.001,-0.353,-0.058,-0.056,-26.274,-0.059,-29.544,-25.271,-28.705,-0.680,0.637,-0.005,-0.078,0.038,0.180,-0.001,-0.006,-19.302,0.002,-18.963,-19.127,-18.918
5.900,5.612,-0.001,0.936,0.003,-0.000,-0.352,-0.058,-0.056,-26.467,-0.059,-29.733,-25.462,-28.894,-0.681,0.636,-0.006,-0.103,0.017,0.179,-0.001,-0.006,-19.363,0.002,-18.945,-19.123,-18.892
5.893,5.618,-0.001,0.936,0.002,-0.000,-0.351,-0.058,-0.057,-26.661,-0.059,-29.923,-25.653,-29.083,-0.681,0.634,-0.006,-0.124,-0.005,0.178,-0.001,-0.006,-19.423,0.001,-18.908,-19.141,-18.863
5.887,5.625,-0.001,0.937,0.002,0.000,-0.350,-0.058,-0.057,-26.855,-0.059,-30.111,-25.845,-29.272,-0.682,0.632,-0.005,-0.140,-0.027,0.177,-0.001,-0.007,-19.481,0.000,-18.854,-19.181,-18.832
5.880,5.631,-0.001,0.937,0.001,0.000,-0.349,-0.058,-0.057,-27.050,-0.059,-30.300,-26.037,-29.460,-0.683,0.631,-0.003,-0.151,-0.044,0.176,-0.001,-0.007,-19.535,-0.000,-18.787,-19.241,-18.800
5.873,5.637,-0.001,0.937,0.000,0.000,-0.348,-0.058,-0.057,-27.246,-0.059,-30.487,-26.230,-29.648,-0.684,0.629,-0.001,-0.156,-0.054,0.176,-0.001,-0.006,-19.584,-0.001,-18.711,-19.320,-18.767
5.866,5.644,-0.001,0.938,-0.001,0.000,-0.348,-0.058,-0.057,-27.442,-0.059,-30.674,-26.424,-29.835,-0.685,0.628,0.002,-0.155,-0.055,0.175,-0.001,-0.006,-19.628,-0.001,-18.632,-19.412,-18.732
5.859,5.650,-0.001,0.938,-0.002,0.000,-0.347,-0.058,-0.057,-27.639,-0.059,-30.860,-26.618,-30.022,-0.686,0.628,0.004,-0.147,-0.048,0.175,-0.001,-0.005,-19.669,-0.001,-18.556,-19.511,-18.694
5.852,5.656,-0.001,0.938,-0.002,0.000,-0.346,-0.058,-0.057,-27.835,-0.059,-31.045,-26.814,-30.209,-0.688,0.627,0.005,-0.133,-0.033,0.175,-0.000,-0.004,-19.707,-0.001,-18.489,-19.608,-18.652
5.845,5.662,-0.001,0.939,-0.003,0.000,-0.345,-0.058,-0.057,-28.033,-0.059,-31.230,-27.010,-30.395,-0.689,0.627,0.006,-0.113,-0.014,0.176,-0.000,-0.003,-19.744,-0.001,-18.434,-19.697,-18.606
5.839,5.669,-0.001,0.939,-0.003,0.001,-0.344,-0.058,-0.057,-28.230,-0.059,-31.414,-27.208,-30.581,-0.691,0.626,0.006,-0.087,0.006,0.177,0.000,-0.001,-19.780,-0.001,-18.396,-19.773,-18.558
5.832,5.675,-0.001,0.939,-0.004,0.001,-0.343,-0.058,-0.057,-28.428,-0.059,-31.598,-27.406,-30.766,-0.693,0.626,0.005,-0.059,0.026,0.177,0.000,0.000,-19.817,-0.001,-18.377,-19.832,-18.508
5.825,5.681,-0.000,0.939,-0.004,0.001,-0.343,-0.058,-0.057,-28.627,-0.059,-31.781,-27.604,-30.951,-0.695,0.625,0.003,-0.029,0.041,0.178,0.000,0.002,-19.852,-0.002,-18.375,-19.871,-18.461
5.818,5.687,-0.000,0.940,-0.004,0.001,-0.342,-0.058,-0.057,-28.825,-0.059,-31.965,-27.803,-31.136,-0.697,0.624,0.000,0.002,0.049,0.179,0.000,0.003,-19.884,-0.003,-18.392,-19.890,-18.417
5.811,5.694,-0.000,0.940,-0.004,0.001,-0.341,-0.058,-0.057,-29.024,-0.059,-32.149,-28.002,-31.320,-0.698,0.623,-0.002,0.033,0.050,0.181,0.000,0.004,-19.908,-0.003,-18.423,-19.894,-18.382
5.804,5.700,-0.000,0.940,-0.003,0.002,-0.340,-0.058,-0.057,-29.223,-0.059,-32.334,-28.201,-31.503,-0.699,0.622,-0.005,0.063,0.043,0.182,0.000,0.005,-19.922,-0.004,-18.466,-19.883,-18.359
5.797,5.706,-0.001,0.941,-0.003,0.002,-0.339,-0.058,-0.057,-29.423,-0.059,-32.519,-28.400,-31.687,-0.700,0.621,-0.006,0.090,0.030,0.183,0.001,0.006,-19.922,-0.004,-18.517,-19.863,-18.349
5.790,5.712,-0.001,0.941,-0.002,0.002,-0.338,-0.058,-0.057,-29.622,-0.059,-32.704,-28.598,-31.870,-0.701,0.619,-0.007,0.112,0.011,0.184,0.001,0.007,-19.904,-0.004,-18.572,-19.838,-18.357
5.783,5.718,-0.001,0.941,-0.002,0.001,-0.337,-0.058,-0.057,-29.821,-0.059,-32.890,-28.796,-32.054,-0.701,0.617,-0.007,0.129,-0.011,0.185,0.001,0.008,-19.867,-0.003,-18.629,-19.810,-18.383
5.776,5.725,-0.001,0.942,-0.001,0.001,-0.337,-0.058,-0.057,-30.019,-0.059,-33.077,-28.994,-32.238,-0.702,0.615,-0.006,0.141,-0.033,0.186,0.001,0.009,-19.812,-0.002,-18.684,-19.782,-18.428
5.769,5.731,-0.001,0.942,-0.001,0.001,-0.336,-0.058,-0.056,-30.217,-0.059,-33.264,-29.192,-32.423,-0.702,0.613,-0.004,0.147,-0.050,0.187,0.001,0.009,-19.741,-0.001,-18.735,-19.757,-18.490
5.762,5.737,-0.001,0.942,-0.000,0.000,-0.335,-0.058,-0.056,-30.414,-0.059,-33.451,-29.390,-32.608,-0.703,0.612,-0.001,0.148,-0.060,0.187,0.001,0.009,-19.661,-0.000,-18.782,-19.733,-18.568
5.755,5.743,-0.001,0.943,0.001,-0.000,-0.334,-0.058,-0.056,-30.610,-0.059,-33.639,-29.587,-32.794,-0.705,0.611,0.001,0.145,-0.061,0.188,0.001,0.009,-19.577,0.000,-18.825,-19.710,-18.657
5.748,5.749,-0.001,0.943,0.001,-0.001,-0.333,-0.058,-0.056,-30.805,-0.059,-33.828,-29.784,-32.981,-0.706,0.610,0.004,0.136,-0.052,0.188,0.001,0.008,-19.495,0.001,-18.865,-19.684,-18.751
5.741,5.755,-0.001,0.943,0.002,-0.001,-0.332,-0.051,-0.051,-31.000,-0.054,-34.017,-29.980,-33.169,-0.709,0.608,0.006,0.123,-0.035,0.184,1.064,0.826,-19.431,0.879,-18.898,-19.651,-18.855
5.733,5.761,-0.001,0.944,0.002,-0.002,-0.331,-0.042,-0.044,-31.194,-0.046,-34.206,-30.177,-33.358,-0.712,0.606,0.007,0.103,-0.014,0.170,0.590,0.578,-19.344,0.619,-18.964,-19.590,-18.972
5.726,5.767,-0.001,0.944,0.003,-0.002,-0.331,-0.041,-0.041,-31.387,-0.043,-34.396,-30.372,-33.549,-0.716,0.604,0.007,0.081,0.010,0.154,-0.276,-0.100,-19.260,-0.098,-19.046,-19.516,-19.081
5.719,5.773,-0.001,0.944,0.003,-0.002,-0.330,-0.046,-0.044,-31.579,-0.047,-34.587,-30.567,-33.740,-0.719,0.603,0.006,0.059,0.033,0.149,-0.656,-0.449,-19.219,-0.509,-19.108,-19.452,-19.154
5.712,5.779,-0.001,0.944,0.003,-0.002,-0.329,-0.051,-0.048,-31.772,-0.051,-34.778,-30.761,-33.932,-0.720,0.603,0.004,0.036,0.051,0.152,-0.237,-0.218,-19.227,-0.233,-19.139,-19.403,-19.189
5.705,5.785,-0.000,0.945,0.003,-0.002,-0.328,-0.051,-0.049,-31.964,-0.051,-34.969,-30.955,-34.124,-0.721,0.603,0.002,0.010,0.063,0.156,0.187,0.085,-19.261,0.107,-19.160,-19.357,-19.200
5.698,5.791,-0.000,0.945,0.003,-0.001,-0.328,-0.048,-0.047,-32.157,-0.049,-35.161,-31.148,-34.316,-0.722,0.603,-0.001,-0.017,0.066,0.155,0.290,0.189,-19.301,0.215,-19.184,-19.309,-19.200
5.690,5.797,-0.001,0.945,0.003,-0.001,-0.327,-0.046,-0.046,-32.350,-0.048,-35.353,-31.341,-34.507,-0.724,0.601,-0.004,-0.044,0.062,0.152,0.094,0.072,-19.343,0.090,-19.210,-19.263,-19.193
5.683,5.803,-0.001,0.945,0.003,-0.000,-0.326,-0.046,-0.045,-32.544,-0.047,-35.545,-31.534,-34.699,-0.725,0.599,-0.006,-0.069,0.049,0.149,-0.028,0.007,-19.392,0.017,-19.224,-19.230,-19.176
5.676,5.809,-0.001,0.946,0.003,-0.000,-0.326,-0.047,-0.046,-32.738,-0.047,-35.738,-31.726,-34.891,-0.725,0.598,-0.007,-0.091,0.029,0.146,-0.074,-0.031,-19.447,-0.012,-19.220,-19.215,-19.151
5.669,5.815,-0.001,0.946,0.003,0.000,-0.325,-0.047,-0.046,-32.933,-0.048,-35.930,-31.918,-35.082,-0.725,0.596,-0.007,-0.109,0.005,0.145,-0.047,-0.025,-19.503,-0.008,-19.196,-19.221,-19.120
5.661,5.821,-0.001,0.946,0.002,0.000,-0.324,-0.047,-0.046,-33.128,-0.048,-36.121,-32.110,-35.273,-0.725,0.594,-0.007,-0.123,-0.020,0.144,-0.016,-0.015,-19.557,-0.005,-19.153,-19.249,-19.088
5.654,5.827,-0.001,0.946,0.001,0.000,-0.324,-0.048,-0.046,-33.324,-0.048,-36.313,-32.303,-35.464,-0.725,0.593,-0.005,-0.133,-0.043,0.143,0.001,-0.010,-19.606,-0.003,-19.094,-19.299,-19.057
5.647,5.833,-0.001,0.946,0.001,0.000,-0.323,-0.047,-0.046,-33.520,-0.048,-36.503,-32.496,-35.655,-0.726,0.591,-0.002,-0.139,-0.059,0.143,0.006,-0.008,-19.648,-0.002,-19.021,-19.368,-19.029
5.640,5.839,-0.001,0.947,-0.000,0.000,-0.322,-0.047,-0.046,-33.717,-0.048,-36.693,-32.691,-35.845,-0.726,0.590,0.000,-0.142,-0.066,0.143,0.005,-0.007,-19.684,-0.002,-18.941,-19.452,-19.002
5.632,5.845,-0.001,0.947,-0.001,0.000,-0.321,-0.047,-0.046,-33.914,-0.048,-36.882,-32.886,-36.035,-0.727,0.589,0.003,-0.140,-0.063,0.143,0.002,-0.007,-19.716,-0.003,-18.859,-19.546,-18.974
5.625,5.851,-0.001,0.947,-0.002,0.000,-0.321,-0.047,-0.046,-34.111,-0.048,-37.070,-33.081,-36.224,-0.728,0.589,0.006,-0.134,-0.051,0.143,-0.000,-0.006,-19.747,-0.003,-18.781,-19.643,-18.944
5.618,5.857,-0.001,0.947,-0.002,0.000,-0.320,-0.047,-0.046,-34.309,-0.048,-37.258,-33.278,-36.413,-0.730,0.588,0.007,-0.122,-0.033,0.143,-0.001,-0.005,-19.777,-0.003,-18.711,-19.736,-18.909
5.610,5.863,-0.001,0.948,-0.003,0.000,-0.319,-0.047,-0.047,-34.507,-0.048,-37.445,-33.476,-36.602,-0.732,0.588,0.008,-0.106,-0.011,0.143,-0.001,-0.004,-19.810,-0.003,-18.654,-19.819,-18.868
5.603,5.869,-0.001,0.948,-0.003,0.000,-0.319,-0.047,-0.047,-34.705,-0.048,-37.631,-33.675,-36.791,-0.733,0.588,0.007,-0.084,0.012,0.144,-0.001,-0.002,-19.845,-0.003,-18.614,-19.887,-18.821
5.596,5.874,-0.001,0.948,-0.004,0.001,-0.318,-0.047,-0.047,-34.903,-0.048,-37.817,-33.874,-36.979,-0.735,0.588,0.006,-0.060,0.031,0.145,-0.001,-0.001,-19.882,-0.003,-18.593,-19.937,-18.770
5.588,5.880,-0.000,0.948,-0.004,0.001,-0.317,-0.047,-0.047,-35.102,-0.048,-38.003,-34.073,-37.166,-0.737,0.587,0.004,-0.032,0.045,0.146,-0.000,0.001,-19.917,-0.003,-18.589,-19.969,-18.719
5.581,5.886,-0.000,0.949,-0.004,0.001,-0.317,-0.047,-0.047,-35.302,-0.048,-38.189,-34.273,-37.353,-0.738,0.587,0.002,-0.002,0.052,0.147,-0.000,0.002,-19.948,-0.004,-18.602,-19.984,-18.669
5.574,5.892,-0.000,0.949,-0.004,0.001,-0.316,-0.047,-0.047,-35.501,-0.048,-38.375,-34.473,-37.540,-0.740,0.586,-0.001,0.029,0.050,0.148,-0.000,0.003,-19.970,-0.004,-18.630,-19.983,-18.627
5.566,5.898,-0.000,0.949,-0.003,0.001,-0.315,-0.047,-0.046,-35.701,-0.048,-38.561,-34.673,-37.726,-0.740,0.585,-0.003,0.061,0.042,0.150,-0.000,0.004,-19.980,-0.005,-18.670,-19.971,-18.597
5.559,5.904,-0.000,0.949,-0.003,0.001,-0.315,-0.047,-0.046,-35.901,-0.048,-38.748,-34.872,-37.912,-0.741,0.584,-0.005,0.091,0.027,0.151,0.000,0.005,-19.972,-0.005,-18.718,-19.951,-18.581
5.551,5.910,-0.001,0.949,-0.003,0.001,-0.314,-0.047,-0.046,-36.101,-0.048,-38.936,-35.072,-38.097,-0.741,0.582,-0.006,0.117,0.007,0.152,0.000,0.006,-19.944,-0.005,-18.772,-19.925,-18.585
5.544,5.915,-0.001,0.950,-0.002,0.001,-0.313,-0.047,-0.046,-36.300,-0.048,-39.124,-35.271,-38.283,-0.742,0.581,-0.006,0.139,-0.014,0.153,0.001,0.007,-19.897,-0.004,-18.829,-19.896,-18.610
5.537,5.921,-0.001,0.950,-0.001,0.001,-0.312,-0.047,-0.046,-36.498,-0.048,-39.312,-35.470,-38.470,-0.742,0.579,-0.005,0.154,-0.033,0.154,0.001,0.008,-19.832,-0.003,-18.886,-19.866,-18.655
5.529,5.927,-0.001,0.950,-0.001,0.000,-0.312,-0.047,-0.046,-36.696,-0.048,-39.501,-35.668,-38.657,-0.743,0.578,-0.003,0.161,-0.046,0.155,0.002,0.008,-19.754,-0.002,-18.942,-19.835,-18.720
5.522,5.933,-0.001,0.950,0.000,-0.000,-0.311,-0.047,-0.046,-36.893,-0.048,-39.691,-35.866,-38.844,-0.743,0.576,-0.001,0.162,-0.053,0.156,0.002,0.008,-19.669,-0.001,-18.995,-19.802,-18.801
5.514,5.939,-0.001,0.951,0.001,-0.001,-0.310,-0.047,-0.046,-37.090,-0.048,-39.881,-36.064,-39.033,-0.744,0.575,0.001,0.156,-0.050,0.156,0.002,0.007,-19.585,-0.000,-19.045,-19.767,-18.893
5.507,5.944,-0.001,0.951,0.001,-0.001,-0.309,-0.047,-0.046,-37.285,-0.048,-40.072,-36.262,-39.222,-0.746,0.574,0.003,0.143,-0.038,0.156,0.002,0.006,-19.507,0.000,-19.092,-19.727,-18.989
5.499,5.950,-0.001,0.951,0.002,-0.001,-0.309,-0.047,-0.046,-37.480,-0.048,-40.263,-36.459,-39.412,-0.747,0.573,0.005,0.124,-0.021,0.156,0.001,0.004,-19.441,0.001,-19.135,-19.682,-19.082
5.492,5.956,-0.001,0.951,0.003,-0.002,-0.308,-0.047,-0.046,-37.674,-0.048,-40.455,-36.655,-39.604,-0.749,0.573,0.005,0.099,0.001,0.155,0.000,0.001,-19.392,0.001,-19.175,-19.629,-19.164
5.484,5.961,-0.001,0.952,0.003,-0.002,-0.307,-0.047,-0.046,-37.868,-0.048,-40.647,-36.851,-39.796,-0.751,0.572,0.005,0.071,0.023,0.155,-0.000,-0.001,-19.362,0.001,-19.212,-19.572,-19.230
5.477,5.967,-0.001,0.952,0.003,-0.002,-0.307,-0.047,-0.046,-38.061,-0.048,-40.839,-37.047,-39.988,-0.752,0.571,0.003,0.042,0.043,0.154,-0.001,-0.003,-19.353,0.001,-19.247,-19.512,-19.277
5.469,5.973,-0.001,0.952,0.003,-0.001,-0.306,-0.047,-0.046,-38.255,-0.048,-41.032,-37.242,-40.181,-0.754,0.571,0.001,0.012,0.057,0.153,-0.002,-0.005,-19.365,0.001,-19.278,-19.453,-19.304
5.462,5.979,-0.000,0.952,0.004,-0.001,-0.305,-0.047,-0.046,-38.449,-0.048,-41.225,-37.436,-40.374,-0.755,0.570,-0.001,-0.017,0.064,0.151,-0.002,-0.006,-19.393,0.001,-19.304,-19.399,-19.310
5.454,5.984,-0.001,0.953,0.004,-0.001,-0.304,-0.047,-0.046,-38.643,-0.048,-41.418,-37.630,-40.567,-0.756,0.568,-0.004,-0.044,0.062,0.150,-0.002,-0.007,-19.436,0.001,-19.322,-19.355,-19.300
5.447,5.990,-0.001,0.953,0.003,-0.000,-0.304,-0.047,-0.046,-38.837,-0.048,-41.611,-37.823,-40.760,-0.756,0.567,-0.006,-0.068,0.053,0.149,-0.002,-0.008,-19.488,0.001,-19.331,-19.323,-19.276
5.439,5.996,-0.001,0.953,0.003,-0.000,-0.303,-0.047,-0.046,-39.033,-0.048,-41.804,-38.016,-40.953,-0.756,0.565,-0.008,-0.088,0.036,0.148,-0.002,-0.008,-19.544,0.001,-19.326,-19.307,-19.244
5.432,6.001,-0.001,0.953,0.003,0.000,-0.302,-0.047,-0.046,-39.228,-0.048,-41.997,-38.209,-41.145,-0.756,0.563,-0.008,-0.103,0.013,0.147,-0.001,-0.008,-19.600,0.000,-19.306,-19.310,-19.207
5.424,6.007,-0.001,0.953,0.002,0.000,-0.302,-0.047,-0.046,-39.425,-0.048,-42.190,-38.402,-41.337,-0.756,0.562,-0.008,-0.114,-0.013,0.146,-0.001,-0.008,-19.651,0.000,-19.269,-19.332,-19.170
5.416,6.012,-0.001,0.954,0.001,0.000,-0.301,-0.047,-0.046,-39.621,-0.048,-42.383,-38.596,-41.528,-0.755,0.560,-0.006,-0.120,-0.038,0.145,-0.001,-0.007,-19.696,0.000,-19.216,-19.374,-19.137
5.409,6.018,-0.001,0.954,0.001,0.000,-0.300,-0.047,-0.047,-39.818,-0.048,-42.575,-38.790,-41.720,-0.755,0.558,-0.004,-0.125,-0.058,0.145,-0.001,-0.007,-19.732,0.000,-19.149,-19.435,-19.108
5.401,6.024,-0.001,0.954,0.000,0.000,-0.299,-0.047,-0.047,-40.016,-0.048,-42.766,-38.985,-41.911,-0.756,0.557,-0.001,-0.127,-0.069,0.145,-0.001,-0.006,-19.760,-0.000,-19.072,-19.511,-19.084
5.394,6.029,-0.001,0.954,-0.001,0.000,-0.299,-0.047,-0.047,-40.214,-0.048,-42.956,-39.180,-42.101,-0.756,0.555,0.002,-0.128,-0.070,0.145,-0.000,-0.006,-19.784,-0.000,-18.990,-19.598,-19.062
5.386,6.035,-0.001,0.955,-0.001,-0.000,-0.298,-0.047,-0.047,-40.412,-0.048,-43.145,-39.377,-42.292,-0.757,0.555,0.005,-0.125,-0.062,0.145,-0.000,-0.005,-19.806,-0.000,-18.907,-19.689,-19.040
5.379,6.040,-0.001,0.955,-0.002,-0.000,-0.297,-0.047,-0.047,-40.610,-0.048,-43.334,-39.574,-42.482,-0.759,0.554,0.007,-0.119,-0.046,0.145,-0.000,-0.004,-19.828,-0.000,-18.830,-19.779,-19.015
5.371,6.046,-0.001,0.955,-0.003,-0.000,-0.297,-0.047,-0.047,-40.808,-0.048,-43.522,-39.772,-42.672,-0.760,0.554,0.008,-0.109,-0.025,0.145,-0.000,-0.003,-19.854,-0.000,-18.762,-19.861,-18.983
5.363,6.051,-0.001,0.955,-0.003,-0.000,-0.296,-0.047,-0.047,-41.007,-0.048,-43.709,-39.971,-42.862,-0.762,0.553,0.009,-0.095,-0.002,0.146,0.000,-0.001,-19.884,-0.001,-18.708,-19.932,-18.943
5.356,6.057,-0.001,0.955,-0.003,0.000,-0.295,-0.047,-0.047,-41.206,-0.048,-43.896,-40.171,-43.051,-0.764,0.553,0.008,-0.077,0.019,0.146,0.000,-0.000,-19.917,-0.001,-18.671,-19.987,-18.896
5.348,6.062,-0.001,0.956,-0.004,0.000,-0.295,-0.047,-0.047,-41.405,-0.048,-44.083,-40.371,-43.240,-0.766,0.553,0.007,-0.055,0.037,0.147,0.000,0.001,-19.952,-0.001,-18.651,-20.026,-18.844
5.340,6.068,-0.000,0.956,-0.004,0.001,-0.294,-0.047,-0.047,-41.605,-0.048,-44.269,-40.571,-43.428,-0.768,0.552,0.005,-0.029,0.047,0.148,0.000,0.002,-19.985,-0.002,-18.648,-20.048,-18.789
5.333,6.073,-0.000,0.956,-0.004,0.001,-0.293,-0.047,-0.047,-41.805,-0.048,-44.456,-40.772,-43.615,-0.769,0.552,0.003,0.000,0.050,0.149,0.000,0.003,-20.010,-0.003,-18.660,-20.056,-18.737
5.325,6.079,-0.000,0.956,-0.004,0.001,-0.292,-0.047,-0.047,-42.005,-0.048,-44.643,-40.972,-43.803,-0.770,0.551,0.000,0.032,0.045,0.150,0.000,0.004,-20.025,-0.003,-18.686,-20.051,-18.692
5.317,6.084,-0.000,0.956,-0.003,0.001,-0.292,-0.047,-0.047,-42.205,-0.048,-44.830,-41.173,-43.989,-0.771,0.550,-0.002,0.066,0.034,0.151,0.000,0.005,-20.023,-0.004,-18.724,-20.037,-18.660
5.310,6.090,-0.000,0.957,-0.003,0.001,-0.291,-0.047,-0.047,-42.405,-0.048,-45.017,-41.373,-44.176,-0.772,0.548,-0.003,0.099,0.019,0.153,0.000,0.006,-20.002,-0.004,-18.770,-20.016,-18.645
5.302,6.095,-0.000,0.957,-0.002,0.001,-0.290,-0.047,-0.047,-42.605,-0.048,-45.205,-41.573,-44.362,-0.772,0.547,-0.004,0.128,0.001,0.154,0.001,0.008,-19.962,-0.004,-18.823,-19.989,-18.651
5.294,6.101,-0.001,0.957,-0.002,0.001,-0.290,-0.047,-0.046,-42.805,-0.048,-45.394,-41.773,-44.549,-0.772,0.545,-0.004,0.151,-0.017,0.155,0.001,0.008,-19.903,-0.003,-18.881,-19.959,-18.679
5.286,6.106,-0.001,0.957,-0.001,0.001,-0.289,-0.047,-0.046,-43.003,-0.048,-45.583,-41.972,-44.736,-0.773,0.544,-0.004,0.166,-0.031,0.156,0.001,0.009,-19.829,-0.002,-18.941,-19.924,-18.729
5.279,6.112,-0.001,0.958,-0.000,0.000,-0.288,-0.047,-0.046,-43.201,-0.048,-45.772,-42.171,-44.924,-0.774,0.542,-0.002,0.173,-0.039,0.157,0.002,0.009,-19.747,-0.001,-19.001,-19.886,-18.799
5.271,6.117,-0.001,0.958,0.000,-0.000,-0.287,-0.047,-0.046,-43.398,-0.048,-45.963,-42.370,-45.112,-0.774,0.541,-0.001,0.171,-0.040,0.157,0.002,0.008,-19.664,-0.000,-19.061,-19.842,-18.883
5.263,6.123,-0.001,0.958,0.001,-0.001,-0.287,-0.047,-0.046,-43.594,-0.048,-46.154,-42.568,-45.301,-0.776,0.540,0.001,0.160,-0.033,0.157,0.001,0.007,-19.584,0.001,-19.117,-19.793,-18.975
5.255,6.128,-0.001,0.958,0.002,-0.001,-0.286,-0.047,-0.046,-43.790,-0.048,-46.345,-42.766,-45.491,-0.777,0.539,0.002,0.140,-0.020,0.157,0.001,0.005,-19.516,0.001,-19.169,-19.737,-19.069
5.248,6.133,-0.001,0.959,0.003,-0.001,-0.285,-0.047,-0.046,-43.985,-0.048,-46.537,-42.963,-45.683,-0.778,0.538,0.003,0.114,-0.003,0.157,0.001,0.003,-19.462,0.001,-19.215,-19.675,-19.155
5.240,6.139,-0.001,0.959,0.003,-0.001,-0.284,-0.047,-0.046,-44.179,-0.048,-46.729,-43.159,-45.875,-0.780,0.537,0.003,0.082,0.017,0.156,-0.000,0.000,-19.427,0.001,-19.255,-19.610,-19.227
5.232,6.144,-0.001,0.959,0.003,-0.001,-0.284,-0.047,-0.046,-44.373,-0.048,-46.922,-43.355,-46.067,-0.781,0.536,0.002,0.049,0.035,0.155,-0.001,-0.002,-19.413,0.001,-19.290,-19.545,-19.282
5.224,6.149,-0.001,0.959,0.004,-0.001,-0.283,-0.047,-0.046,-44.568,-0.048,-47.115,-43.550,-46.260,-0.782,0.535,0.000,0.016,0.049,0.154,-0.001,-0.004,-19.419,0.001,-19.319,-19.483,-19.316
5.216,6.155,-0.001,0.959,0.004,-0.001,-0.282,-0.047,-0.046,-44.762,-0.048,-47.308,-43.745,-46.453,-0.783,0.534,-0.002,-0.016,0.057,0.153,-0.002,-0.006,-19.443,0.001,-19.342,-19.427,-19.329
5.209,6.160,-0.001,0.960,0.004,-0.001,-0.281,-0.047,-0.046,-44.956,-0.048,-47.502,-43.939,-46.647,-0.783,0.532,-0.004,-0.045,0.058,0.151,-0.002,-0.007,-19.482,0.001,-19.358,-19.383,-19.323
5.201,6.165,-0.001,0.960,0.003,-0.000,-0.281,-0.047,-0.046,-45.152,-0.048,-47.696,-44.132,-46.840,-0.784,0.531,-0.007,-0.070,0.052,0.150,-0.002,-0.007,-19.531,0.001,-19.365,-19.353,-19.302
5.193,6.171,-0.001,0.960,0.003,0.000,-0.280,-0.047,-0.046,-45.347,-0.048,-47.889,-44.326,-47.033,-0.784,0.529,-0.008,-0.088,0.037,0.149,-0.001,-0.008,-19.585,0.001,-19.361,-19.338,-19.270
5.185,6.176,-0.001,0.960,0.003,0.000,-0.279,-0.047,-0.046,-45.543,-0.048,-48.083,-44.519,-47.225,-0.783,0.527,-0.009,-0.101,0.016,0.148,-0.001,-0.008,-19.640,0.001,-19.344,-19.341,-19.232
5.177,6.181,-0.001,0.960,0.002,0.000,-0.278,-0.047,-0.046,-45.740,-0.048,-48.276,-44.713,-47.417,-0.783,0.525,-0.008,-0.108,-0.009,0.147,-0.001,-0.007,-19.689,0.001,-19.312,-19.362,-19.194
5.169,6.187,-0.001,0.961,0.002,0.000,-0.278,-0.047,-0.047,-45.937,-0.048,-48.469,-44.906,-47.609,-0.782,0.523,-0.007,-0.111,-0.033,0.146,-0.001,-0.007,-19.731,0.001,-19.267,-19.402,-19.158
5.162,6.192,-0.001,0.961,0.001,0.000,-0.277,-0.047,-0.047,-46.135,-0.048,-48.661,-45.101,-47.800,-0.782,0.521,-0.005,-0.112,-0.054,0.146,-0.000,-0.007,-19.763,0.001,-19.208,-19.458,-19.130
5.154,6.197,-0.001,0.961,0.000,0.000,-0.276,-0.048,-0.047,-46.332,-0.048,-48.853,-45.296,-47.992,-0.782,0.520,-0.002,-0.112,-0.067,0.146,-0.000,-0.006,-19.787,0.001,-19.138,-19.529,-19.108
5.146,6.202,-0.001,0.961,-0.000,0.000,-0.276,-0.048,-0.047,-46.530,-0.048,-49.044,-45.491,-48.183,-0.782,0.519,0.001,-0.113,-0.072,0.145,-0.000,-0.005,-19.805,0.001,-19.061,-19.609,-19.091
5.138,6.207,-0.001,0.961,-0.001,-0.000,-0.275,-0.048,-0.047,-46.728,-0.048,-49.234,-45.688,-48.373,-0.783,0.517,0.004,-0.112,-0.067,0.145,-0.000,-0.004,-19.820,0.001,-18.981,-19.694,-19.077
5.130,6.213,-0.001,0.962,-0.002,-0.000,-0.274,-0.048,-0.047,-46.927,-0.048,-49.424,-45.885,-48.564,-0.784,0.517,0.007,-0.110,-0.055,0.146,-0.000,-0.003,-19.836,0.001,-18.903,-19.779,-19.060
5.123,6.218,-0.001,0.962,-0.002,-0.000,-0.274,-0.048,-0.047,-47.125,-0.048,-49.612,-46.083,-48.755,-0.786,0.516,0.008,-0.105,-0.036,0.146,0.000,-0.002,-19.855,0.001,-18.831,-19.858,-19.039
5.115,6.223,-0.001,0.962,-0.003,-0.000,-0.273,-0.048,-0.047,-47.324,-0.048,-49.800,-46.282,-48.945,-0.788,0.516,0.009,-0.097,-0.015,0.146,0.000,-0.001,-19.880,0.000,-18.769,-19.927,-19.009
5.107,6.228,-0.001,0.962,-0.003,-0.000,-0.272,-0.048,-0.047,-47.523,-0.048,-49.988,-46.482,-49.135,-0.790,0.515,0.010,-0.086,0.007,0.147,0.000,0.000,-19.909,0.000,-18.720,-19.985,-18.971
5.099,6.233,-0.001,0.962,-0.003,0.000,-0.271,-0.047,-0.047,-47.722,-0.048,-50.175,-46.682,-49.324,-0.792,0.515,0.009,-0.070,0.025,0.147,0.000,0.001,-19.942,-0.000,-18.687,-20.028,-18.924
5.091,6.238,-0.001,0.963,-0.004,0.000,-0.271,-0.047,-0.047,-47.922,-0.048,-50.362,-46.882,-49.513,-0.793,0.515,0.007,-0.049,0.038,0.148,0.000,0.002,-19.975,-0.001,-18.670,-20.058,-18.870
5.083,6.243,-0.000,0.963,-0.004,0.001,-0.270,-0.047,-0.047,-48.121,-0.048,-50.548,-47.083,-49.702,-0.795,0.514,0.006,-0.024,0.045,0.149,0.000,0.003,-20.003,-0.002,-18.668,-20.074,-18.815
5.075,6.249,-0.000,0.963,-0.004,0.001,-0.269,-0.047,-0.047,-48.322,-0.048,-50.735,-47.284,-49.890,-0.796,0.513,0.003,0.006,0.044,0.150,0.000,0.004,-20.020,-0.002,-18.681,-20.079,-18.762
5.067,6.254,-0.000,0.963,-0.004,0.001,-0.269,-0.047,-0.047,-48.522,-0.048,-50.922,-47.485,-50.077,-0.798,0.513,0.001,0.040,0.037,0.151,0.000,0.005,-20.023,-0.003,-18.706,-20.074,-18.719
5.059,6.259,-0.000,0.963,-0.003,0.001,-0.268,-0.047,-0.047,-48.722,-0.048,-51.109,-47.685,-50.264,-0.798,0.511,-0.001,0.076,0.025,0.152,0.000,0.006,-20.008,-0.003,-18.744,-20.060,-18.689
5.051,6.264,-0.000,0.964,-0.003,0.001,-0.267,-0.047,-0.047,-48.922,-0.048,-51.297,-47.886,-50.451,-0.799,0.510,-0.002,0.111,0.012,0.153,0.001,0.007,-19.975,-0.003,-18.791,-20.039,-18.679
5.043,6.269,-0.000,0.964,-0.002,0.001,-0.266,-0.047,-0.047,-49.121,-0.048,-51.485,-48.086,-50.638,-0.800,0.509,-0.003,0.141,-0.002,0.155,0.001,0.008,-19.923,-0.003,-18.845,-20.012,-18.691
5.035,6.274,-0.000,0.964,-0.001,0.001,-0.266,-0.047,-0.046,-49.320,-0.048,-51.674,-48.286,-50.825,-0.800,0.507,-0.003,0.164,-0.014,0.156,0.001,0.009,-19.857,-0.002,-18.906,-19.978,-18.725
5.027,6.279,-0.000,0.964,-0.001,0.000,-0.265,-0.047,-0.046,-49.518,-0.048,-51.863,-48.486,-51.012,-0.801,0.506,-0.003,0.177,-0.022,0.157,0.001,0.009,-19.782,-0.002,-18.972,-19.937,-18.781
5.019,6.284,-0.000,0.964,0.000,-0.000,-0.264,-0.047,-0.046,-49.716,-0.048,-52.053,-48.685,-51.200,-0.802,0.505,-0.002,0.180,-0.025,0.158,0.001,0.009,-19.703,-0.001,-19.039,-19.888,-18.855
5.011,6.289,-0.001,0.965,0.001,-0.000,-0.263,-0.047,-0.046,-49.913,-0.048,-52.244,-48.883,-51.389,-0.803,0.503,-0.001,0.173,-0.022,0.158,0.001,0.007,-19.628,0.000,-19.106,-19.831,-18.940
5.003,6.294,-0.001,0.965,0.002,-0.001,-0.263,-0.047,-0.046,-50.109,-0.048,-52.435,-49.081,-51.579,-0.804,0.502,-0.000,0.154,-0.013,0.158,0.001,0.005,-19.561,0.001,-19.169,-19.766,-19.030
4.995,6.299,-0.001,0.965,0.002,-0.001,-0.262,-0.047,-0.046,-50.304,-0.048,-52.627,-49.279,-51.770,-0.805,0.501,0.001,0.127,-0.001,0.158,0.001,0.003,-19.507,0.001,-19.224,-19.695,-19.116
4.987,6.304,-0.001,0.965,0.003,-0.001,-0.261,-0.047,-0.046,-50.499,-0.048,-52.820,-49.475,-51.961,-0.806,0.500,0.001,0.094,0.014,0.157,-0.000,0.001,-19.470,0.001,-19.270,-19.622,-19.192
4.979,6.309,-0.000,0.966,0.003,-0.001,-0.260,-0.040,-0.041,-50.693,-0.043,-53.013,-49.671,-52.154,-0.807,0.497,0.000,0.057,0.028,0.150,1.125,0.886,-19.448,0.917,-19.295,-19.535,-19.259
4.971,6.314,-0.001,0.966,0.004,-0.001,-0.260,-0.031,-0.033,-50.888,-0.034,-53.206,-49.866,-52.347,-0.809,0.494,-0.001,0.019,0.040,0.134,0.618,0.596,-19.410,0.640,-19.348,-19.436,-19.325
4.963,6.319,-0.001,0.966,0.004,-0.001,-0.259,-0.030,-0.030,-51.082,-0.032,-53.399,-50.060,-52.540,-0.810,0.490,-0.003,-0.016,0.048,0.119,-0.313,-0.148,-19.382,-0.128,-19.407,-19.344,-19.372
4.955,6.324,-0.001,0.966,0.004,-0.000,-0.258,-0.035,-0.034,-51.275,-0.036,-53.594,-50.253,-52.734,-0.811,0.488,-0.005,-0.044,0.050,0.113,-0.693,-0.514,-19.393,-0.545,-19.437,-19.282,-19.381
4.946,6.329,-0.001,0.966,0.003,-0.000,-0.258,-0.040,-0.038,-51.470,-0.040,-53.788,-50.446,-52.928,-0.810,0.488,-0.007,-0.068,0.045,0.116,-0.240,-0.242,-19.440,-0.247,-19.428,-19.255,-19.356
4.938,6.334,-0.001,0.966,0.003,0.000,-0.257,-0.040,-0.039,-51.664,-0.041,-53.982,-50.638,-53.121,-0.809,0.487,-0.008,-0.086,0.034,0.120,0.237,0.116,-19.499,0.126,-19.404,-19.249,-19.314
4.930,6.339,-0.001,0.966,0.003,0.000,-0.257,-0.037,-0.037,-51.859,-0.038,-54.176,-50.831,-53.314,-0.808,0.485,-0.009,-0.098,0.016,0.119,0.320,0.197,-19.549,0.243,-19.380,-19.252,-19.273
4.922,6.344,-0.001,0.967,0.002,0.000,-0.256,-0.035,-0.036,-52.055,-0.037,-54.370,-51.023,-53.506,-0.807,0.483,-0.009,-0.103,-0.006,0.116,0.092,0.074,-19.587,0.097,-19.354,-19.266,-19.235
4.914,6.348,-0.001,0.967,0.002,0.001,-0.256,-0.035,-0.035,-52.251,-0.036,-54.563,-51.216,-53.699,-0.807,0.481,-0.008,-0.103,-0.029,0.112,-0.043,-0.006,-19.617,0.012,-19.317,-19.294,-19.201
4.906,6.353,-0.001,0.967,0.001,0.000,-0.255,-0.035,-0.036,-52.447,-0.036,-54.756,-51.409,-53.891,-0.806,0.479,-0.006,-0.101,-0.048,0.111,-0.082,-0.039,-19.639,-0.023,-19.266,-19.340,-19.172
4.898,6.358,-0.001,0.967,0.001,0.000,-0.255,-0.036,-0.036,-52.644,-0.037,-54.948,-51.603,-54.082,-0.805,0.478,-0.003,-0.099,-0.062,0.110,-0.051,-0.021,-19.654,-0.011,-19.203,-19.401,-19.149
4.890,6.363,-0.001,0.967,-0.000,0.000,-0.254,-0.036,-0.036,-52.841,-0.037,-55.140,-51.797,-54.274,-0.805,0.476,-0.000,-0.098,-0.069,0.110,-0.020,-0.011,-19.664,-0.004,-19.131,-19.471,-19.132
4.882,6.367,-0.001,0.967,-0.001,-0.000,-0.254,-0.037,-0.036,-53.037,-0.037,-55.331,-51.992,-54.465,-0.805,0.475,0.003,-0.097,-0.068,0.110,-0.000,-0.005,-19.671,-0.001,-19.054,-19.546,-19.119
4.874,6.372,-0.001,0.967,-0.001,-0.000,-0.253,-0.037,-0.036,-53.234,-0.037,-55.521,-52.188,-54.656,-0.806,0.475,0.006,-0.097,-0.059,0.110,0.007,-0.002,-19.679,0.001,-18.975,-19.621,-19.106
4.866,6.377,-0.001,0.968,-0.002,-0.000,-0.252,-0.036,-0.036,-53.431,-0.037,-55.711,-52.385,-54.847,-0.807,0.474,0.008,-0.096,-0.044,0.111,0.007,-0.001,-19.689,0.001,-18.899,-19.691,-19.090
4.858,6.382,-0.001,0.968,-0.002,-0.000,-0.252,-0.036,-0.036,-53.628,-0.037,-55.899,-52.582,-55.038,-0.809,0.474,0.009,-0.094,-0.026,0.111,0.004,0.000,-19.705,0.001,-18.830,-19.754,-19.067
4.850,6.386,-0.001,0.968,-0.003,-0.000,-0.251,-0.036,-0.036,-53.825,-0.037,-56.087,-52.780,-55.228,-0.810,0.474,0.010,-0.088,-0.006,0.111,0.002,0.001,-19.727,0.000,-18.770,-19.808,-19.035
4.842,6.391,-0.001,0.968,-0.003,-0.000,-0.251,-0.036,-0.036,-54.022,-0.037,-56.275,-52.978,-55.418,-0.812,0.473,0.010,-0.079,0.013,0.111,0.000,0.002,-19.753,-0.000,-18.724,-19.851,-18.993
4.833,6.396,-0.001,0.968,-0.003,-0.000,-0.250,-0.036,-0.036,-54.220,-0.037,-56.462,-53.177,-55.608,-0.814,0.473,0.009,-0.065,0.027,0.112,-0.000,0.003,-19.781,-0.001,-18.691,-19.883,-18.942
4.825,6.401,-0.000,0.968,-0.004,0.000,-0.250,-0.036,-0.036,-54.418,-0.037,-56.649,-53.376,-55.797,-0.815,0.473,0.008,-0.044,0.036,0.113,-0.000,0.004,-19.806,-0.002,-18.673,-19.905,-18.886
4.817,6.405,-0.000,0.968,-0.004,0.000,-0.249,-0.036,-0.036,-54.616,-0.037,-56.835,-53.575,-55.986,-0.817,0.473,0.006,-0.017,0.039,0.113,0.000,0.004,-19.823,-0.002,-18.670,-19.915,-18.828
4.809,6.410,-0.000,0.969,-0.004,0.001,-0.249,-0.036,-0.036,-54.814,-0.037,-57.022,-53.774,-56.174,-0.818,0.472,0.004,0.014,0.036,0.114,0.000,0.005,-19.827,-0.003,-18.681,-19.917,-18.775
4.801,6.415,-0.000,0.969,-0.003,0.001,-0.248,-0.036,-0.036,-55.013,-0.037,-57.209,-53.973,-56.361,-0.818,0.471,0.002,0.050,0.029,0.115,0.000,0.006,-19.816,-0.003,-18.704,-19.909,-18.732
4.793,6.420,-0.000,0.969,-0.003,0.001,-0.248,-0.036,-0.036,-55.211,-0.037,-57.396,-54.172,-56.548,-0.819,0.470,0.001,0.087,0.020,0.117,0.000,0.007,-19.787,-0.004,-18.740,-19.893,-18.705
4.784,6.424,-0.000,0.969,-0.003,0.001,-0.247,-0.036,-0.036,-55.408,-0.037,-57.584,-54.371,-56.735,-0.820,0.470,-0.001,0.122,0.009,0.118,0.001,0.008,-19.742,-0.004,-18.786,-19.868,-18.698
4.776,6.429,-0.000,0.969,-0.002,0.001,-0.246,-0.036,-0.036,-55.605,-0.037,-57.772,-54.569,-56.922,-0.820,0.469,-0.002,0.151,-0.000,0.119,0.001,0.009,-19.682,-0.003,-18.841,-19.835,-18.714
4.768,6.434,-0.000,0.969,-0.001,0.000,-0.246,-0.036,-0.036,-55.802,-0.037,-57.961,-54.768,-57.110,-0.821,0.467,-0.002,0.172,-0.007,0.120,0.001,0.009,-19.613,-0.003,-18.905,-19.793,-18.751
4.760,6.438,-0.000,0.969,-0.000,0.000,-0.245,-0.036,-0.036,-55.998,-0.037,-58.150,-54.965,-57.298,-0.821,0.466,-0.003,0.182,-0.010,0.121,0.001,0.009,-19.540,-0.002,-18.973,-19.741,-18.808
4.752,6.443,-0.000,0.970,0.001,-0.000,-0.245,-0.036,-0.036,-56.193,-0.037,-58.340,-55.162,-57.486,-0.822,0.465,-0.002,0.180,-0.010,0.122,0.001,0.008,-19.467,-0.001,-19.045,-19.679,-18.880
4.743,6.448,-0.000,0.970,0.001,-0.000,-0.244,-0.036,-0.035,-56.387,-0.037,-58.531,-55.359,-57.675,-0.822,0.464,-0.002,0.166,-0.005,0.122,0.001,0.006,-19.401,-0.000,-19.114,-19.607,-18.960
4.735,6.452,-0.000,0.970,0.002,-0.001,-0.243,-0.036,-0.035,-56.581,-0.037,-58.722,-55.554,-57.865,-0.823,0.463,-0.001,0.142,0.002,0.122,0.000,0.004,-19.344,0.000,-19.176,-19.529,-19.041
4.727,6.457,-0.000,0.970,0.003,-0.001,-0.243,-0.036,-0.035,-56.774,-0.037,-58.914,-55.749,-58.056,-0.823,0.462,-0.001,0.109,0.011,0.121,-0.000,0.002,-19.303,0.000,-19.228,-19.448,-19.116
4.719,6.461,-0.000,0.970,0.003,-0.001,-0.242,-0.036,-0.035,-56.967,-0.037,-59.107,-55.943,-58.247,-0.824,0.460,-0.001,0.073,0.022,0.120,-0.001,-0.000,-19.278,0.000,-19.269,-19.369,-19.179
4.710,6.466,-0.000,0.970,0.004,-0.001,-0.242,-0.036,-0.035,-57.160,-0.037,-59.300,-56.137,-58.439,-0.824,0.459,-0.002,0.035,0.032,0.119,-0.001,-0.003,-19.271,0.000,-19.299,-19.297,-19.226
4.702,6.471,-0.001,0.970,0.004,-0.001,-0.241,-0.036,-0.035,-57.352,-0.037,-59.493,-56.329,-58.632,-0.824,0.458,-0.004,-0.002,0.039,0.118,-0.001,-0.004,-19.282,-0.000,-19.319,-19.236,-19.254
4.694,6.475,-0.001,0.971,0.004,-0.000,-0.241,-0.036,-0.035,-57.545,-0.037,-59.686,-56.521,-58.825,-0.824,0.457,-0.005,-0.035,0.042,0.117,-0.002,-0.006,-19.309,-0.000,-19.331,-19.189,-19.263
4.686,6.480,-0.001,0.971,0.003,-0.000,-0.240,-0.036,-0.036,-57.739,-0.037,-59.879,-56.713,-59.017,-0.823,0.455,-0.007,-0.064,0.040,0.115,-0.001,-0.007,-19.347,-0.001,-19.333,-19.158,-19.256
4.677,6.484,-0.001,0.971,0.003,0.000,-0.239,-0.036,-0.036,-57.932,-0.037,-60.073,-56.905,-59.210,-0.823,0.454,-0.009,-0.085,0.032,0.114,-0.001,-0.007,-19.393,-0.001,-19.328,-19.144,-19.234
4.669,6.489,-0.001,0.971,0.003,0.000,-0.239,-0.036,-0.036,-58.126,-0.037,-60.266,-57.096,-59.402,-0.822,0.452,-0.009,-0.097,0.018,0.113,-0.001,-0.007,-19.441,-0.000,-19.313,-19.147,-19.201
4.661,6.493,-0.001,0.971,0.002,0.001,-0.238,-0.036,-0.036,-58.321,-0.037,-60.459,-57.288,-59.594,-0.821,0.450,-0.009,-0.101,-0.001,0.112,-0.001,-0.007,-19.486,-0.000,-19.288,-19.166,-19.164
4.653,6.498,-0.001,0.971,0.002,0.001,-0.238,-0.036,-0.036,-58.516,-0.037,-60.652,-57.480,-59.785,-0.820,0.449,-0.008,-0.100,-0.021,0.111,-0.000,-0.007,-19.524,0.000,-19.253,-19.201,-19.128
4.645,6.502,-0.001,0.971,0.001,0.001,-0.237,-0.036,-0.036,-58.711,-0.037,-60.844,-57.672,-59.976,-0.819,0.447,-0.007,-0.096,-0.040,0.111,-0.000,-0.006,-19.552,0.001,-19.209,-19.249,-19.096
4.636,6.507,-0.001,0.972,0.001,0.000,-0.237,-0.036,-0.036,-58.907,-0.037,-61.036,-57.865,-60.167,-0.819,0.446,-0.004,-0.091,-0.054,0.110,-0.000,-0.005,-19.572,0.001,-19.156,-19.308,-19.073
4.628,6.511,-0.001,0.972,0.000,0.000,-0.236,-0.036,-0.036,-59.103,-0.037,-61.227,-58.058,-60.358,-0.819,0.444,-0.002,-0.088,-0.063,0.110,0.000,-0.004,-19.584,0.001,-19.096,-19.375,-19.057
4.620,6.516,-0.001,0.972,-0.000,0.000,-0.236,-0.036,-0.036,-59.299,-0.037,-61.418,-58.252,-60.548,-0.819,0.443,0.001,-0.086,-0.066,0.110,0.000,-0.004,-19.591,0.002,-19.029,-19.447,-19.047
4.612,6.520,-0.001,0.972,-0.001,-0.000,-0.235,-0.036,-0.036,-59.495,-0.037,-61.608,-58.447,-60.739,-0.819,0.443,0.004,-0.085,-0.061,0.110,0.000,-0.003,-19.598,0.002,-18.959,-19.518,-19.041
4.604,6.525,-0.001,0.972,-0.001,-0.000,-0.235,-0.036,-0.036,-59.691,-0.037,-61.797,-58.642,-60.929,-0.820,0.442,0.006,-0.086,-0.051,0.110,0.000,-0.002,-19.606,0.002,-18.888,-19.586,-19.034
4.595,6.529,-0.001,0.972,-0.002,-0.000,-0.234,-0.036,-0.036,-59.887,-0.037,-61.985,-58.839,-61.119,-0.821,0.441,0.009,-0.087,-0.036,0.111,0.000,-0.001,-19.619,0.001,-18.820,-19.649,-19.022
4.587,6.533,-0.001,0.972,-0.002,-0.001,-0.234,-0.036,-0.036,-60.083,-0.037,-62.173,-59.035,-61.309,-0.823,0.441,0.010,-0.086,-0.019,0.111,0.000,0.000,-19.637,0.001,-18.757,-19.704,-19.003
4.579,6.538,-0.001,0.972,-0.003,-0.000,-0.233,-0.036,-0.036,-60.280,-0.037,-62.361,-59.233,-61.499,-0.825,0.441,0.011,-0.083,-0.002,0.111,0.000,0.001,-19.660,0.001,-18.704,-19.751,-18.974
4.571,6.542,-0.001,0.973,-0.003,-0.000,-0.232,-0.036,-0.036,-60.476,-0.037,-62.547,-59.430,-61.689,-0.827,0.441,0.011,-0.075,0.013,0.112,0.000,0.002,-19.687,0.000,-18.662,-19.790,-18.934
4.562,6.547,-0.001,0.973,-0.003,-0.000,-0.232,-0.036,-0.036,-60.673,-0.037,-62.734,-59.628,-61.878,-0.828,0.441,0.010,-0.061,0.024,0.112,0.000,0.003,-19.713,-0.000,-18.633,-19.820,-18.886
4.554,6.551,-0.000,0.973,-0.004,0.000,-0.231,-0.036,-0.036,-60.871,-0.037,-62.920,-59.827,-62.067,-0.830,0.440,0.009,-0.040,0.030,0.113,0.000,0.003,-19.734,-0.001,-18.617,-19.842,-18.833
4.546,6.555,-0.000,0.973,-0.004,0.000,-0.231,-0.036,-0.036,-61.068,-0.037,-63.106,-60.025,-62.255,-0.831,0.440,0.007,-0.013,0.032,0.113,0.000,0.004,-19.746,-0.001,-18.615,-19.855,-18.779
4.538,6.560,-0.000,0.973,-0.004,0.000,-0.230,-0.036,-0.036,-61.265,-0.037,-63.292,-60.224,-62.442,-0.833,0.440,0.005,0.020,0.029,0.114,0.000,0.005,-19.743,-0.002,-18.627,-19.860,-18.730
4.529,6.564,-0.000,0.973,-0.003,0.000,-0.230,-0.036,-0.036,-61.463,-0.037,-63.479,-60.422,-62.629,-0.834,0.439,0.004,0.057,0.024,0.115,0.000,0.006,-19.725,-0.003,-18.652,-19.855,-18.693
4.521,6.569,-0.000,0.973,-0.003,0.000,-0.229,-0.036,-0.036,-61.660,-0.037,-63.666,-60.621,-62.816,-0.835,0.438,0.002,0.095,0.017,0.117,0.000,0.007,-19.691,-0.003,-18.691,-19.841,-18.673
4.512,6.573,-0.000,0.974,-0.002,0.000,-0.229,-0.036,-0.036,-61.857,-0.037,-63.853,-60.819,-63.003,-0.835,0.437,0.000,0.129,0.011,0.118,0.001,0.007,-19.643,-0.003,-18.741,-19.817,-18.672
4.504,6.577,-0.000,0.974,-0.002,0.000,-0.228,-0.036,-0.036,-62.053,-0.037,-64.040,-61.017,-63.190,-0.836,0.436,-0.001,0.157,0.006,0.119,0.001,0.008,-19.586,-0.003,-18.801,-19.782,-18.692
4.496,6.582,-0.000,0.974,-0.001,0.000,-0.227,-0.036,-0.036,-62.248,-0.037,-64.229,-61.215,-63.377,-0.837,0.435,-0.002,0.176,0.004,0.120,0.001,0.008,-19.522,-0.002,-18.870,-19.735,-18.734
4.487,6.586,-0.000,0.974,0.000,-0.000,-0.227,-0.036,-0.036,-62.443,-0.037,-64.418,-61.412,-63.564,-0.838,0.434,-0.003,0.183,0.004,0.121,0.001,0.008,-19.458,-0.001,-18.946,-19.676,-18.792
4.479,6.590,-0.000,0.974,0.001,-0.000,-0.226,-0.036,-0.035,-62.637,-0.037,-64.608,-61.608,-63.753,-0.838,0.433,-0.003,0.177,0.006,0.122,0.001,0.006,-19.397,-0.001,-19.024,-19.605,-18.862
4.471,6.595,-0.000,0.974,0.002,-0.000,-0.226,-0.036,-0.035,-62.831,-0.037,-64.798,-61.804,-63.942,-0.839,0.432,-0.003,0.158,0.009,0.122,0.001,0.004,-19.343,-0.000,-19.098,-19.525,-18.938
4.462,6.599,-0.000,0.974,0.002,-0.001,-0.225,-0.036,-0.035,-63.024,-0.037,-64.990,-61.999,-64.131,-0.839,0.431,-0.003,0.128,0.013,0.122,0.000,0.002,-19.300,0.000,-19.163,-19.440,-19.012
4.454,6.603,-0.000,0.974,0.003,-0.001,-0.224,-0.036,-0.035,-63.217,-0.037,-65.181,-62.193,-64.322,-0.839,0.429,-0.003,0.093,0.020,0.121,-0.000,-0.000,-19.272,0.000,-19.215,-19.356,-19.079
4.445,6.608,-0.000,0.975,0.003,-0.001,-0.224,-0.036,-0.035,-63.410,-0.037,-65.374,-62.386,-64.513,-0.839,0.428,-0.004,0.055,0.026,0.120,-0.001,-0.002,-19.259,0.000,-19.253,-19.279,-19.134
4.437,6.612,-0.000,0.975,0.004,-0.000,-0.223,-0.036,-0.035,-63.602,-0.037,-65.566,-62.578,-64.704,-0.839,0.427,-0.005,0.016,0.031,0.119,-0.001,-0.004,-19.264,-0.000,-19.279,-19.213,-19.174
4.429,6.616,-0.001,0.975,0.004,-0.000,-0.223,-0.036,-0.035,-63.795,-0.037,-65.759,-62.770,-64.896,-0.839,0.425,-0.006,-0.020,0.034,0.117,-0.002,-0.006,-19.283,-0.001,-19.294,-19.161,-19.196
4.420,6.620,-0.001,0.975,0.003,-0.000,-0.222,-0.036,-0.036,-63.988,-0.037,-65.952,-62.962,-65.088,-0.838,0.424,-0.007,-0.052,0.033,0.116,-0.002,-0.007,-19.316,-0.001,-19.299,-19.126,-19.201
4.412,6.625,-0.001,0.975,0.003,0.000,-0.222,-0.036,-0.036,-64.181,-0.037,-66.145,-63.153,-65.280,-0.838,0.422,-0.009,-0.077,0.028,0.114,-0.001,-0.007,-19.357,-0.001,-19.295,-19.110,-19.190
4.404,6.629,-0.001,0.975,0.003,0.000,-0.221,-0.036,-0.036,-64.375,-0.037,-66.338,-63.344,-65.472,-0.837,0.421,-0.009,-0.093,0.017,0.113,-0.001,-0.007,-19.402,-0.001,-19.283,-19.111,-19.168
4.395,6.633,-0.001,0.975,0.002,0.001,-0.220,-0.036,-0.036,-64.570,-0.037,-66.531,-63.535,-65.664,-0.836,0.419,-0.009,-0.099,0.003,0.112,-0.001,-0.007,-19.447,-0.000,-19.262,-19.129,-19.137
4.387,6.637,-0.001,0.976,0.002,0.001,-0.220,-0.036,-0.036,-64.764,-0.037,-66.723,-63.726,-65.855,-0.835,0.418,-0.009,-0.099,-0.014,0.111,-0.001,-0.007,-19.486,-0.000,-19.232,-19.162,-19.103
4.378,6.641,-0.001,0.976,0.001,0.001,-0.219,-0.036,-0.036,-64.959,-0.037,-66.916,-63.918,-66.046,-0.834,0.416,-0.007,-0.093,-0.031,0.111,-0.000,-0.006,-19.517,0.000,-19.195,-19.207,-19.072
4.370,6.646,-0.001,0.976,0.001,0.000,-0.219,-0.036,-0.036,-65.154,-0.037,-67.107,-64.111,-66.236,-0.833,0.415,-0.006,-0.087,-0.045,0.110,-0.000,-0.005,-19.538,0.001,-19.152,-19.263,-19.047
4.362,6.650,-0.001,0.976,0.000,0.000,-0.218,-0.036,-0.036,-65.350,-0.037,-67.299,-64.304,-66.427,-0.833,0.413,-0.003,-0.081,-0.055,0.110,0.000,-0.005,-19.552,0.002,-19.101,-19.327,-19.030
4.353,6.654,-0.001,0.976,-0.000,0.000,-0.218,-0.036,-0.036,-65.546,-0.037,-67.489,-64.497,-66.617,-0.833,0.412,-0.001,-0.076,-0.060,0.110,0.000,-0.004,-19.560,0.002,-19.045,-19.394,-19.020
4.345,6.658,-0.001,0.976,-0.000,-0.000,-0.217,-0.036,-0.036,-65.741,-0.037,-67.679,-64.691,-66.807,-0.833,0.411,0.002,-0.074,-0.060,0.110,0.000,-0.003,-19.565,0.002,-18.984,-19.461,-19.016
4.337,6.662,-0.001,0.976,-0.001,-0.000,-0.217,-0.036,-0.036,-65.937,-0.037,-67.869,-64.886,-66.997,-0.834,0.410,0.005,-0.074,-0.054,0.111,0.000,-0.002,-19.570,0.002,-18.920,-19.525,-19.013
4.328,6.666,-0.001,0.976,-0.001,-0.000,-0.216,-0.036,-0.036,-66.133,-0.037,-68.058,-65.082,-67.187,-0.835,0.410,0.007,-0.076,-0.044,0.111,0.000,-0.001,-19.579,0.002,-18.855,-19.585,-19.010
4.320,6.670,-0.001,0.976,-0.002,-0.001,-0.216,-0.036,-0.036,-66.328,-0.037,-68.246,-65.278,-67.377,-0.836,0.409,0.009,-0.079,-0.031,0.111,0.000,0.000,-19.592,0.002,-18.792,-19.639,-19.000
4.312,6.674,-0.001,0.977,-0.002,-0.001,-0.215,-0.036,-0.036,-66.524,-0.037,-68.434,-65.475,-67.567,-0.838,0.409,0.010,-0.080,-0.016,0.111,0.000,0.001,-19.611,0.002,-18.734,-19.687,-18.983
4.303,6.678,-0.001,0.977,-0.003,-0.001,-0.214,-0.036,-0.036,-66.721,-0.037,-68.621,-65.672,-67.757,-0.840,0.409,0.011,-0.079,-0.002,0.111,0.000,0.002,-19.633,0.001,-18.684,-19.729,-18.955
4.295,6.682,-0.001,0.977,-0.003,-0.000,-0.214,-0.036,-0.036,-66.917,-0.037,-68.807,-65.869,-67.946,-0.842,0.409,0.011,-0.072,0.010,0.112,0.000,0.002,-19.658,0.001,-18.644,-19.765,-18.918
4.287,6.687,-0.001,0.977,-0.003,-0.000,-0.213,-0.036,-0.036,-67.114,-0.037,-68.994,-66.067,-68.135,-0.843,0.408,0.011,-0.058,0.018,0.112,0.000,0.003,-19.679,0.000,-18.615,-19.795,-18.872
4.278,6.691,-0.000,0.977,-0.003,-0.000,-0.213,-0.036,-0.036,-67.311,-0.037,-69.180,-66.265,-68.324,-0.845,0.408,0.010,-0.037,0.023,0.113,0.000,0.004,-19.694,-0.000,-18.599,-19.818,-18.822
4.270,6.695,-0.000,0.977,-0.004,0.000,-0.212,-0.036,-0.036,-67.508,-0.037,-69.366,-66.463,-68.512,-0.847,0.408,0.008,-0.009,0.024,0.113,0.000,0.004,-19.698,-0.001,-18.596,-19.833,-18.772
4.261,6.699,-0.000,0.977,-0.003,0.000,-0.212,-0.036,-0.036,-67.705,-0.037,-69.552,-66.662,-68.699,-0.848,0.407,0.007,0.025,0.023,0.114,0.000,0.005,-19.689,-0.002,-18.607,-19.840,-18.727
4.253,6.703,-0.000,0.977,-0.003,0.000,-0.211,-0.036,-0.036,-67.901,-0.037,-69.738,-66.860,-68.886,-0.849,0.407,0.005,0.062,0.021,0.115,0.000,0.006,-19.665,-0.002,-18.634,-19.838,-18.694
4.244,6.707,-0.000,0.978,-0.003,0.000,-0.211,-0.036,-0.036,-68.098,-0.037,-69.924,-67.059,-69.073,-0.851,0.406,0.003,0.100,0.019,0.117,0.001,0.007,-19.627,-0.003,-18.674,-19.824,-18.678
4.236,6.711,-0.000,0.978,-0.002,0.000,-0.210,-0.036,-0.036,-68.294,-0.037,-70.111,-67.257,-69.260,-0.852,0.405,0.001,0.134,0.017,0.118,0.001,0.007,-19.580,-0.003,-18.727,-19.798,-18.680
4.227,6.715,-0.000,0.978,-0.001,0.000,-0.209,-0.036,-0.036,-68.489,-0.037,-70.299,-67.454,-69.447,-0.853,0.405,-0.000,0.160,0.017,0.119,0.001,0.008,-19.527,-0.002,-18.791,-19.758,-18.703
4.219,6.719,-0.000,0.978,-0.001,0.000,-0.209,-0.036,-0.036,-68.684,-0.037,-70.487,-67.652,-69.634,-0.853,0.404,-0.002,0.177,0.018,0.121,0.001,0.007,-19.471,-0.002,-18.866,-19.705,-18.744
4.210,6.723,-0.000,0.978,0.000,-0.000,-0.208,-0.036,-0.036,-68.879,-0.037,-70.676,-67.848,-69.822,-0.854,0.403,-0.003,0.180,0.019,0.121,0.001,0.006,-19.416,-0.001,-18.948,-19.637,-18.800
4.202,6.727,-0.000,0.978,0.001,-0.000,-0.208,-0.036,-0.035,-69.073,-0.037,-70.866,-68.044,-70.010,-0.855,0.401,-0.004,0.170,0.020,0.122,0.001,0.005,-19.367,-0.001,-19.030,-19.558,-18.866
4.193,6.731,-0.000,0.978,0.002,-0.000,-0.207,-0.036,-0.035,-69.266,-0.037,-71.057,-68.240,-70.199,-0.855,0.400,-0.004,0.146,0.021,0.122,0.000,0.003,-19.325,-0.000,-19.107,-19.470,-18.934
4.184,6.735,-0.000,0.978,0.003,-0.000,-0.207,-0.036,-0.035,-69.459,-0.037,-71.248,-68.434,-70.389,-0.855,0.399,-0.005,0.113,0.022,0.121,-0.000,0.001,-19.294,-0.000,-19.172,-19.380,-19.000
4.176,6.739,-0.000,0.979,0.003,-0.000,-0.206,-0.036,-0.035,-69.652,-0.037,-71.440,-68.627,-70.579,-0.855,0.397,-0.005,0.077,0.024,0.120,-0.001,-0.002,-19.277,-0.000,-19.222,-19.295,-19.059
4.167,6.743,-0.000,0.979,0.003,-0.000,-0.205,-0.036,-0.035,-69.845,-0.037,-71.633,-68.820,-70.770,-0.854,0.396,-0.006,0.038,0.026,0.119,-0.001,-0.003,-19.275,-0.000,-19.257,-19.221,-19.106
4.159,6.747,-0.001,0.979,0.004,-0.000,-0.205,-0.036,-0.035,-70.038,-0.037,-71.825,-69.012,-70.961,-0.854,0.394,-0.007,-0.000,0.027,0.118,-0.002,-0.005,-19.287,-0.001,-19.278,-19.162,-19.138
4.150,6.751,-0.001,0.979,0.003,0.000,-0.204,-0.053,-0.048,-70.231,-0.050,-72.018,-69.203,-71.152,-0.851,0.395,-0.008,-0.032,0.024,0.133,-2.748,-2.171,-19.302,-2.257,-19.277,-19.124,-19.098
4.142,6.755,-0.001,0.979,0.003,0.000,-0.203,-0.077,-0.069,-70.424,-0.072,-72.211,-69.394,-71.343,-0.847,0.398,-0.009,-0.058,0.020,0.166,-1.500,-1.497,-19.393,-1.597,-19.183,-19.147,-19.005
4.133,6.759,-0.001,0.979,0.003,0.000,-0.203,-0.078,-0.073,-70.618,-0.076,-72.402,-69.586,-71.532,-0.843,0.401,-0.010,-0.080,0.014,0.197,1.048,0.526,-19.500,0.625,-19.047,-19.197,-18.902
4.125,6.763,-0.001,0.979,0.003,0.000,-0.202,-0.061,-0.062,-70.814,-0.063,-72.592,-69.778,-71.721,-0.842,0.399,-0.010,-0.098,0.003,0.202,1.884,1.393,-19.553,1.638,-18.965,-19.220,-18.841
4.116,6.767,-0.001,0.980,0.002,0.001,-0.201,-0.049,-0.052,-71.009,-0.051,-72.781,-69.970,-71.909,-0.841,0.394,-0.009,-0.105,-0.011,0.185,0.466,0.507,-19.551,0.584,-18.953,-19.209,-18.817
4.108,6.771,-0.001,0.980,0.002,0.001,-0.200,-0.054,-0.054,-71.205,-0.053,-72.971,-70.162,-72.097,-0.840,0.389,-0.008,-0.099,-0.025,0.172,-1.155,-0.829,-19.545,-0.848,-18.945,-19.207,-18.791
4.100,6.775,-0.001,0.980,0.001,0.001,-0.199,-0.066,-0.064,-71.400,-0.064,-73.160,-70.355,-72.285,-0.839,0.388,-0.006,-0.087,-0.038,0.177,-1.024,-0.882,-19.560,-0.974,-18.887,-19.249,-18.739
4.091,6.779,-0.001,0.980,0.001,0.000,-0.198,-0.070,-0.069,-71.596,-0.069,-73.348,-70.548,-72.472,-0.836,0.388,-0.005,-0.075,-0.047,0.191,0.101,-0.115,-19.583,-0.085,-18.795,-19.322,-18.674
4.083,6.782,-0.001,0.980,0.000,0.000,-0.197,-0.065,-0.066,-71.792,-0.066,-73.536,-70.741,-72.659,-0.835,0.387,-0.002,-0.068,-0.053,0.199,0.807,0.573,-19.587,0.626,-18.711,-19.390,-18.628
4.075,6.786,-0.001,0.981,-0.000,0.000,-0.196,-0.058,-0.061,-71.988,-0.060,-73.723,-70.935,-72.845,-0.835,0.384,0.000,-0.065,-0.054,0.194,0.442,0.417,-19.571,0.443,-18.652,-19.432,-18.614
4.066,6.790,-0.001,0.981,-0.001,-0.000,-0.195,-0.057,-0.059,-72.183,-0.058,-73.909,-71.130,-73.031,-0.836,0.381,0.003,-0.063,-0.052,0.186,-0.138,0.000,-19.549,0.012,-18.600,-19.461,-18.615
4.058,6.794,-0.001,0.981,-0.001,-0.000,-0.194,-0.060,-0.060,-72.379,-0.059,-74.095,-71.324,-73.217,-0.837,0.378,0.005,-0.063,-0.046,0.182,-0.368,-0.223,-19.533,-0.280,-18.538,-19.491,-18.611
4.050,6.798,-0.001,0.981,-0.001,-0.000,-0.193,-0.063,-0.062,-72.574,-0.062,-74.280,-71.520,-73.403,-0.837,0.377,0.007,-0.064,-0.037,0.184,-0.161,-0.105,-19.527,-0.165,-18.467,-19.528,-18.594
4.041,6.801,-0.001,0.981,-0.002,-0.001,-0.192,-0.063,-0.062,-72.769,-0.063,-74.464,-71.715,-73.589,-0.838,0.376,0.009,-0.068,-0.028,0.187,0.010,-0.017,-19.530,-0.050,-18.393,-19.563,-18.569
4.033,6.805,-0.001,0.981,-0.002,-0.001,-0.191,-0.063,-0.062,-72.965,-0.063,-74.648,-71.911,-73.774,-0.839,0.375,0.010,-0.071,-0.018,0.189,0.081,0.045,-19.536,0.011,-18.323,-19.593,-18.537
4.024,6.809,-0.001,0.982,-0.002,-0.001,-0.191,-0.062,-0.062,-73.160,-0.063,-74.831,-72.107,-73.960,-0.841,0.374,0.011,-0.072,-0.008,0.190,0.058,0.043,-19.543,0.009,-18.261,-19.618,-18.500
4.016,6.813,-0.001,0.982,-0.003,-0.001,-0.190,-0.062,-0.061,-73.355,-0.063,-75.013,-72.303,-74.144,-0.842,0.373,0.012,-0.067,-0.000,0.190,0.025,0.025,-19.548,0.003,-18.209,-19.639,-18.457
4.008,6.816,-0.001,0.982,-0.003,-0.001,-0.189,-0.062,-0.061,-73.551,-0.063,-75.195,-72.500,-74.329,-0.844,0.372,0.012,-0.055,0.006,0.190,0.005,0.015,-19.550,-0.001,-18.167,-19.656,-18.408
3.999,6.820,-0.000,0.982,-0.003,-0.000,-0.188,-0.062,-0.061,-73.746,-0.063,-75.376,-72.696,-74.513,-0.845,0.371,0.011,-0.036,0.011,0.190,-0.004,0.010,-19.544,-0.003,-18.137,-19.670,-18.354
3.991,6.824,-0.000,0.982,-0.003,-0.000,-0.187,-0.062,-0.061,-73.942,-0.063,-75.558,-72.893,-74.696,-0.847,0.369,0.010,-0.010,0.014,0.191,-0.005,0.008,-19.529,-0.004,-18.120,-19.678,-18.301
3.982,6.828,-0.000,0.983,-0.003,-0.000,-0.186,-0.062,-0.061,-74.137,-0.063,-75.739,-73.090,-74.879,-0.848,0.368,0.009,0.022,0.016,0.191,-0.003,0.008,-19.503,-0.004,-18.117,-19.678,-18.252
3.974,6.831,-0.000,0.983,-0.003,-0.000,-0.185,-0.062,-0.061,-74.332,-0.063,-75.920,-73.287,-75.061,-0.850,0.367,0.007,0.057,0.019,0.192,-0.001,0.008,-19.466,-0.004,-18.129,-19.669,-18.213
3.965,6.835,-0.000,0.983,-0.003,-0.000,-0.184,-0.062,-0.061,-74.526,-0.063,-76.101,-73.483,-75.243,-0.851,0.366,0.005,0.092,0.023,0.194,0.001,0.008,-19.422,-0.005,-18.156,-19.648,-18.188
3.957,6.839,-0.000,0.983,-0.002,-0.000,-0.183,-0.062,-0.061,-74.720,-0.063,-76.283,-73.679,-75.425,-0.852,0.364,0.003,0.124,0.028,0.195,0.001,0.008,-19.372,-0.005,-18.198,-19.613,-18.178
3.948,6.842,-0.000,0.983,-0.001,-0.000,-0.182,-0.062,-0.061,-74.914,-0.063,-76.465,-73.875,-75.607,-0.854,0.363,0.001,0.150,0.033,0.196,0.001,0.008,-19.321,-0.004,-18.253,-19.564,-18.186
3.940,6.846,-0.000,0.983,-0.001,-0.000,-0.181,-0.062,-0.060,-75.107,-0.063,-76.648,-74.071,-75.788,-0.854,0.361,-0.001,0.165,0.038,0.197,0.001,0.008,-19.272,-0.004,-18.319,-19.499,-18.209
3.931,6.849,-0.000,0.984,0.000,-0.000,-0.180,-0.062,-0.060,-75.299,-0.063,-76.832,-74.265,-75.971,-0.855,0.359,-0.004,0.168,0.041,0.198,0.000,0.007,-19.225,-0.004,-18.394,-19.419,-18.244
3.922,6.853,-0.000,0.984,0.001,0.000,-0.179,-0.062,-0.060,-75.491,-0.063,-77.016,-74.459,-76.153,-0.856,0.357,-0.005,0.157,0.041,0.198,0.000,0.005,-19.184,-0.003,-18.471,-19.327,-18.286
3.914,6.857,-0.000,0.984,0.002,0.000,-0.178,-0.062,-0.060,-75.683,-0.063,-77.201,-74.652,-76.336,-0.855,0.355,-0.006,0.134,0.038,0.198,-0.000,0.004,-19.150,-0.003,-18.543,-19.227,-18.331
3.905,6.860,-0.000,0.984,0.002,0.000,-0.177,-0.062,-0.060,-75.874,-0.063,-77.387,-74.844,-76.520,-0.855,0.353,-0.007,0.103,0.033,0.197,-0.001,0.002,-19.125,-0.002,-18.602,-19.128,-18.374
3.897,6.864,-0.000,0.984,0.003,0.000,-0.176,-0.062,-0.060,-76.065,-0.063,-77.573,-75.034,-76.704,-0.855,0.350,-0.008,0.068,0.029,0.196,-0.001,0.000,-19.111,-0.002,-18.646,-19.037,-18.413
3.888,6.867,-0.000,0.985,0.003,0.000,-0.175,-0.062,-0.060,-76.256,-0.063,-77.760,-75.224,-76.888,-0.854,0.348,-0.009,0.032,0.024,0.195,-0.001,-0.002,-19.108,-0.002,-18.673,-18.959,-18.444
3.880,6.871,-0.001,0.985,0.003,0.000,-0.174,-0.062,-0.060,-76.448,-0.063,-77.947,-75.414,-77.073,-0.853,0.346,-0.010,-0.004,0.018,0.194,-0.001,-0.003,-19.116,-0.002,-18.684,-18.898,-18.466
3.871,6.874,-0.001,0.985,0.003,0.000,-0.173,-0.062,-0.060,-76.639,-0.063,-78.133,-75.602,-77.258,-0.852,0.343,-0.010,-0.036,0.012,0.192,-0.001,-0.004,-19.132,-0.003,-18.681,-18.857,-18.476
3.863,6.877,-0.001,0.985,0.003,0.001,-0.172,-0.062,-0.060,-76.830,-0.063,-78.320,-75.791,-77.442,-0.850,0.341,-0.011,-0.062,0.004,0.191,-0.001,-0.005,-19.154,-0.003,-18.667,-18.836,-18.475
3.854,6.881,-0.001,0.985,0.003,0.001,-0.171,-0.062,-0.060,-77.022,-0.063,-78.507,-75.979,-77.627,-0.849,0.339,-0.010,-0.080,-0.004,0.190,-0.001,-0.005,-19.180,-0.003,-18.645,-18.836,-18.465
3.846,6.884,-0.001,0.985,0.002,0.001,-0.171,-0.062,-0.060,-77.214,-0.063,-78.693,-76.168,-77.812,-0.848,0.336,-0.010,-0.089,-0.013,0.188,-0.001,-0.005,-19.206,-0.002,-18.614,-18.853,-18.446
3.837,6.888,-0.001,0.986,0.002,0.001,-0.170,-0.062,-0.061,-77.406,-0.063,-78.879,-76.356,-77.996,-0.847,0.334,-0.009,-0.090,-0.023,0.187,-0.001,-0.005,-19.227,-0.002,-18.579,-18.884,-18.421
3.829,6.891,-0.001,0.986,0.001,0.001,-0.169,-0.062,-0.061,-77.598,-0.063,-79.065,-76.545,-78.180,-0.846,0.332,-0.007,-0.085,-0.031,0.187,-0.000,-0.004,-19.243,-0.001,-18.541,-18.926,-18.395
3.820,6.894,-0.001,0.986,0.001,0.000,-0.168,-0.062,-0.061,-77.791,-0.063,-79.250,-76.735,-78.364,-0.845,0.330,-0.006,-0.075,-0.037,0.186,-0.000,-0.003,-19.253,-0.001,-18.502,-18.975,-18.371
3.812,6.897,-0.001,0.986,0.000,0.000,-0.167,-0.062,-0.061,-77.983,-0.063,-79.435,-76.925,-78.547,-0.844,0.328,-0.004,-0.065,-0.041,0.186,0.000,-0.003,-19.257,0.000,-18.461,-19.028,-18.351
3.803,6.901,-0.001,0.986,0.000,0.000,-0.166,-0.062,-0.061,-78.176,-0.063,-79.619,-77.115,-78.731,-0.844,0.326,-0.002,-0.055,-0.042,0.186,0.000,-0.002,-19.256,0.001,-18.420,-19.080,-18.337
3.795,6.904,-0.001,0.986,-0.000,0.000,-0.165,-0.062,-0.061,-78.369,-0.063,-79.803,-77.306,-78.914,-0.844,0.324,-0.000,-0.048,-0.042,0.186,0.001,-0.001,-19.253,0.002,-18.378,-19.128,-18.327
3.787,6.907,-0.001,0.986,-0.000,-0.000,-0.164,-0.062,-0.061,-78.561,-0.063,-79.987,-77.498,-79.097,-0.844,0.322,0.002,-0.044,-0.040,0.186,0.001,0.000,-19.250,0.003,-18.334,-19.172,-18.323
3.778,6.910,-0.001,0.987,-0.001,-0.000,-0.163,-0.062,-0.061,-78.754,-0.063,-80.170,-77.690,-79.281,-0.845,0.321,0.004,-0.044,-0.037,0.186,0.001,0.001,-19.248,0.003,-18.287,-19.209,-18.320
3.770,6.914,-0.001,0.987,-0.001,-0.000,-0.162,-0.062,-0.061,-78.946,-0.063,-80.352,-77.882,-79.464,-0.846,0.319,0.006,-0.047,-0.033,0.186,0.001,0.002,-19.247,0.003,-18.236,-19.241,-18.317
3.761,6.917,-0.001,0.987,-0.001,-0.001,-0.161,-0.062,-0.061,-79.138,-0.063,-80.534,-78.075,-79.647,-0.847,0.318,0.008,-0.053,-0.029,0.186,0.001,0.003,-19.250,0.003,-18.183,-19.269,-18.312
3.753,6.920,-0.001,0.987,-0.001,-0.001,-0.160,-0.062,-0.061,-79.331,-0.063,-80.716,-78.267,-79.830,-0.848,0.317,0.009,-0.059,-0.025,0.187,0.001,0.003,-19.254,0.003,-18.129,-19.295,-18.302
3.744,6.923,-0.001,0.987,-0.002,-0.001,-0.160,-0.062,-0.061,-79.524,-0.063,-80.897,-78.461,-80.013,-0.850,0.315,0.011,-0.063,-0.021,0.187,0.001,0.004,-19.260,0.002,-18.076,-19.321,-18.286
3.736,6.926,-0.001,0.987,-0.002,-0.001,-0.159,-0.062,-0.061,-79.716,-0.063,-81.078,-78.654,-80.196,-0.851,0.314,0.012,-0.062,-0.017,0.187,0.001,0.004,-19.265,0.002,-18.027,-19.348,-18.263
3.727,6.929,-0.001,0.987,-0.002,-0.001,-0.158,-0.062,-0.060,-79.909,-0.063,-81.258,-78.847,-80.378,-0.853,0.313,0.013,-0.057,-0.013,0.187,0.001,0.004,-19.266,0.001,-17.984,-19.376,-18.233
3.719,6.933,-0.001,0.988,-0.003,-0.001,-0.157,-0.062,-0.060,-80.101,-0.063,-81.437,-79.041,-80.560,-0.855,0.312,0.013,-0.044,-0.008,0.188,0.001,0.004,-19.262,0.001,-17.949,-19.403,-18.198
3.710,6.936,-0.000,0.988,-0.003,-0.001,-0.156,-0.062,-0.060,-80.294,-0.063,-81.617,-79.236,-80.742,-0.857,0.311,0.013,-0.025,-0.002,0.188,0.000,0.004,-19.250,0.001,-17.925,-19.426,-18.160
3.701,6.939,-0.000,0.988,-0.003,-0.001,-0.155,-0.062,-0.060,-80.486,-0.063,-81.796,-79.430,-80.924,-0.859,0.310,0.012,0.000,0.005,0.189,0.000,0.004,-19.230,-0.000,-17.914,-19.444,-18.123
3.693,6.942,-0.000,0.988,-0.003,-0.001,-0.154,-0.062,-0.060,-80.679,-0.063,-81.975,-79.624,-81.105,-0.861,0.309,0.011,0.030,0.014,0.189,0.000,0.005,-19.203,-0.001,-17.919,-19.451,-18.089
3.684,6.945,-0.000,0.988,-0.003,-0.001,-0.153,-0.062,-0.060,-80.871,-0.063,-82.154,-79.819,-81.285,-0.863,0.308,0.009,0.062,0.024,0.190,0.000,0.005,-19.172,-0.002,-17.940,-19.447,-18.064
3.676,6.948,-0.000,0.988,-0.002,-0.001,-0.152,-0.062,-0.060,-81.062,-0.063,-82.334,-80.013,-81.466,-0.865,0.307,0.007,0.093,0.036,0.192,0.000,0.005,-19.139,-0.002,-17.977,-19.427,-18.049
3.667,6.951,0.000,0.989,-0.002,-0.000,-0.151,-0.062,-0.060,-81.253,-0.063,-82.514,-80.207,-81.646,-0.867,0.306,0.004,0.121,0.048,0.193,0.000,0.005,-19.107,-0.003,-18.030,-19.391,-18.046
3.658,6.954,0.000,0.989,-0.001,-0.000,-0.150,-0.062,-0.060,-81.444,-0.063,-82.694,-80.401,-81.827,-0.869,0.304,0.001,0.140,0.057,0.194,0.000,0.005,-19.078,-0.003,-18.096,-19.337,-18.055
3.650,6.957,0.000,0.989,-0.000,-0.000,-0.149,-0.062,-0.060,-81.635,-0.063,-82.876,-80.594,-82.008,-0.870,0.302,-0.002,0.150,0.064,0.195,-0.000,0.004,-19.054,-0.003,-18.173,-19.266,-18.074
3.641,6.960,0.000,0.989,0.001,0.000,-0.148,-0.062,-0.060,-81.825,-0.063,-83.058,-80.786,-82.188,-0.870,0.301,-0.005,0.146,0.064,0.195,-0.000,0.003,-19.034,-0.003,-18.256,-19.181,-18.101
3.632,6.963,-0.000,0.989,0.001,0.000,-0.147,-0.062,-0.060,-82.016,-0.063,-83.241,-80.978,-82.370,-0.871,0.299,-0.007,0.130,0.059,0.195,-0.000,0.001,-19.019,-0.002,-18.338,-19.087,-18.131
3.623,6.966,-0.000,0.989,0.002,0.001,-0.146,-0.062,-0.060,-82.206,-0.063,-83.425,-81.168,-82.551,-0.870,0.296,-0.009,0.104,0.050,0.195,-0.001,-0.000,-19.010,-0.002,-18.411,-18.991,-18.163
3.615,6.969,-0.000,0.989,0.002,0.001,-0.145,-0.062,-0.060,-82.396,-0.063,-83.609,-81.357,-82.733,-0.869,0.294,-0.010,0.074,0.039,0.194,-0.001,-0.002,-19.008,-0.002,-18.469,-18.901,-18.195
3.606,6.972,-0.000,0.990,0.003,0.001,-0.144,-0.062,-0.060,-82.586,-0.063,-83.794,-81.546,-82.915,-0.868,0.292,-0.011,0.043,0.027,0.194,-0.001,-0.003,-19.014,-0.002,-18.509,-18.825,-18.224
3.597,6.975,-0.000,0.990,0.003,0.001,-0.143,-0.062,-0.060,-82.776,-0.063,-83.979,-81.734,-83.097,-0.867,0.290,-0.012,0.011,0.015,0.192,-0.001,-0.004,-19.025,-0.002,-18.532,-18.765,-18.248
3.589,6.978,-0.001,0.990,0.003,0.001,-0.142,-0.062,-0.060,-82.966,-0.063,-84.165,-81.921,-83.280,-0.866,0.287,-0.013,-0.019,0.003,0.191,-0.001,-0.005,-19.042,-0.002,-18.539,-18.725,-18.266
3.580,6.981,-0.001,0.990,0.003,0.001,-0.142,-0.062,-0.060,-83.157,-0.063,-84.350,-82.109,-83.463,-0.864,0.285,-0.012,-0.045,-0.009,0.190,-0.001,-0.006,-19.062,-0.003,-18.531,-18.707,-18.278
3.571,6.984,-0.001,0.990,0.002,0.001,-0.141,-0.062,-0.060,-83.348,-0.063,-84.535,-82.296,-83.645,-0.863,0.283,-0.012,-0.065,-0.019,0.189,-0.001,-0.006,-19.083,-0.003,-18.513,-18.710,-18.283
3.563,6.986,-0.001,0.990,0.002,0.001,-0.140,-0.062,-0.060,-83.539,-0.063,-84.720,-82.483,-83.828,-0.861,0.281,-0.011,-0.077,-0.028,0.188,-0.001,-0.006,-19.103,-0.003,-18.486,-18.731,-18.282
3.554,6.989,-0.001,0.990,0.002,0.001,-0.139,-0.062,-0.060,-83.730,-0.063,-84.905,-82.670,-84.011,-0.860,0.279,-0.009,-0.080,-0.034,0.187,-0.001,-0.006,-19.120,-0.002,-18.454,-18.768,-18.275
3.546,6.992,-0.001,0.990,0.001,0.001,-0.138,-0.062,-0.060,-83.921,-0.063,-85.089,-82.858,-84.194,-0.859,0.277,-0.008,-0.077,-0.038,0.186,-0.000,-0.005,-19.132,-0.002,-18.419,-18.815,-18.265
3.537,6.995,-0.001,0.991,0.001,0.000,-0.137,-0.062,-0.060,-84.112,-0.063,-85.273,-83.047,-84.376,-0.859,0.275,-0.006,-0.070,-0.039,0.185,-0.000,-0.004,-19.140,-0.001,-18.384,-18.869,-18.253
3.528,6.997,-0.001,0.991,0.000,0.000,-0.136,-0.062,-0.060,-84.304,-0.063,-85.457,-83.236,-84.559,-0.858,0.273,-0.004,-0.060,-0.038,0.185,0.000,-0.003,-19.144,0.000,-18.351,-18.924,-18.242
3.520,7.000,-0.001,0.991,0.000,0.000,-0.135,-0.062,-0.061,-84.495,-0.063,-85.640,-83.425,-84.741,-0.858,0.271,-0.003,-0.049,-0.035,0.185,0.000,-0.002,-19.145,0.001,-18.320,-18.977,-18.233
3.511,7.003,-0.001,0.991,-0.000,0.000,-0.134,-0.062,-0.061,-84.687,-0.063,-85.823,-83.615,-84.923,-0.858,0.269,-0.001,-0.040,-0.032,0.185,0.001,-0.001,-19.144,0.002,-18.290,-19.025,-18.228
3.503,7.006,-0.001,0.991,-0.000,-0.000,-0.133,-0.062,-0.061,-84.878,-0.063,-86.006,-83.806,-85.106,-0.858,0.268,0.001,-0.033,-0.028,0.185,0.001,-0.000,-19.144,0.003,-18.260,-19.066,-18.225
3.494,7.008,-0.001,0.991,-0.000,-0.000,-0.132,-0.062,-0.061,-85.070,-0.063,-86.189,-83.996,-85.288,-0.858,0.266,0.002,-0.030,-0.026,0.185,0.001,0.001,-19.145,0.003,-18.229,-19.100,-18.225
3.486,7.011,-0.001,0.991,-0.001,-0.000,-0.131,-0.062,-0.061,-85.261,-0.063,-86.371,-84.188,-85.470,-0.859,0.264,0.004,-0.031,-0.026,0.186,0.001,0.002,-19.146,0.004,-18.194,-19.127,-18.225
3.477,7.013,-0.001,0.991,-0.001,-0.000,-0.130,-0.062,-0.060,-85.452,-0.063,-86.552,-84.379,-85.652,-0.860,0.263,0.006,-0.036,-0.026,0.186,0.001,0.002,-19.148,0.004,-18.155,-19.149,-18.226
3.468,7.016,-0.001,0.992,-0.001,-0.001,-0.130,-0.062,-0.060,-85.644,-0.063,-86.734,-84.571,-85.835,-0.861,0.261,0.008,-0.042,-0.028,0.186,0.001,0.003,-19.151,0.004,-18.112,-19.171,-18.225
3.460,7.019,-0.001,0.992,-0.001,-0.001,-0.129,-0.062,-0.060,-85.835,-0.063,-86.915,-84.762,-86.017,-0.862,0.260,0.009,-0.048,-0.030,0.186,0.001,0.003,-19.153,0.003,-18.065,-19.193,-18.220
3.451,7.021,-0.001,0.992,-0.001,-0.001,-0.128,-0.062,-0.060,-86.027,-0.063,-87.095,-84.954,-86.199,-0.864,0.259,0.011,-0.052,-0.031,0.186,0.001,0.004,-19.152,0.003,-18.017,-19.218,-18.212
3.442,7.024,-0.001,0.992,-0.002,-0.001,-0.127,-0.062,-0.060,-86.219,-0.063,-87.275,-85.147,-86.381,-0.866,0.258,0.013,-0.052,-0.031,0.187,0.001,0.004,-19.149,0.003,-17.970,-19.247,-18.199
3.434,7.026,-0.001,0.992,-0.002,-0.001,-0.126,-0.062,-0.060,-86.410,-0.063,-87.454,-85.339,-86.563,-0.868,0.257,0.014,-0.047,-0.028,0.187,0.001,0.004,-19.140,0.002,-17.927,-19.278,-18.181
3.425,7.029,-0.001,0.992,-0.002,-0.001,-0.125,-0.062,-0.060,-86.601,-0.063,-87.634,-85.532,-86.745,-0.870,0.256,0.015,-0.036,-0.021,0.187,0.001,0.004,-19.126,0.002,-17.893,-19.310,-18.158
3.416,7.032,-0.000,0.992,-0.002,-0.001,-0.124,-0.062,-0.060,-86.792,-0.063,-87.812,-85.726,-86.926,-0.872,0.255,0.015,-0.019,-0.012,0.188,0.000,0.004,-19.107,0.001,-17.869,-19.339,-18.133
3.408,7.034,-0.000,0.992,-0.002,-0.001,-0.123,-0.062,-0.060,-86.983,-0.063,-87.991,-85.919,-87.107,-0.875,0.253,0.014,0.003,0.001,0.188,0.000,0.004,-19.083,0.001,-17.859,-19.360,-18.107
3.399,7.037,-0.000,0.993,-0.002,-0.001,-0.122,-0.062,-0.060,-87.174,-0.063,-88.170,-86.113,-87.288,-0.877,0.252,0.013,0.029,0.016,0.189,0.000,0.004,-19.057,0.000,-17.864,-19.369,-18.083
3.390,7.039,0.000,0.993,-0.002,-0.001,-0.121,-0.062,-0.060,-87.365,-0.063,-88.348,-86.306,-87.469,-0.879,0.251,0.011,0.056,0.034,0.190,0.000,0.004,-19.033,-0.001,-17.887,-19.364,-18.062
3.381,7.042,0.000,0.993,-0.002,-0.001,-0.120,-0.062,-0.060,-87.555,-0.063,-88.527,-86.500,-87.650,-0.882,0.250,0.008,0.083,0.052,0.191,-0.000,0.004,-19.013,-0.002,-17.927,-19.342,-18.048
3.372,7.044,0.000,0.993,-0.001,-0.001,-0.119,-0.062,-0.060,-87.745,-0.063,-88.707,-86.693,-87.830,-0.884,0.249,0.005,0.105,0.068,0.192,-0.000,0.003,-18.998,-0.002,-17.984,-19.301,-18.042
3.364,7.047,0.000,0.993,-0.001,-0.000,-0.118,-0.062,-0.060,-87.935,-0.063,-88.887,-86.886,-88.011,-0.885,0.247,0.001,0.120,0.080,0.193,-0.000,0.003,-18.990,-0.003,-18.053,-19.242,-18.042
3.355,7.049,0.000,0.993,-0.000,0.000,-0.117,-0.062,-0.060,-88.125,-0.063,-89.068,-87.078,-88.191,-0.887,0.246,-0.003,0.126,0.086,0.194,-0.000,0.002,-18.987,-0.003,-18.133,-19.166,-18.049
3.346,7.052,0.000,0.993,0.001,0.000,-0.116,-0.062,-0.060,-88.315,-0.063,-89.250,-87.269,-88.372,-0.887,0.244,-0.007,0.119,0.083,0.194,-0.001,0.001,-18.989,-0.003,-18.217,-19.078,-18.059
3.337,7.054,0.000,0.993,0.001,0.001,-0.115,-0.062,-0.060,-88.504,-0.063,-89.432,-87.460,-88.552,-0.887,0.242,-0.009,0.102,0.073,0.194,-0.001,-0.001,-18.994,-0.003,-18.297,-18.985,-18.072
3.328,7.056,-0.000,0.993,0.002,0.001,-0.114,-0.062,-0.060,-88.694,-0.063,-89.616,-87.649,-88.733,-0.886,0.240,-0.012,0.079,0.058,0.194,-0.001,-0.002,-19.004,-0.003,-18.366,-18.894,-18.087
3.319,7.059,-0.000,0.994,0.002,0.001,-0.114,-0.062,-0.060,-88.885,-0.063,-89.800,-87.837,-88.914,-0.885,0.237,-0.013,0.053,0.041,0.193,-0.001,-0.003,-19.017,-0.003,-18.421,-18.814,-18.105
3.310,7.061,-0.000,0.994,0.002,0.001,-0.113,-0.062,-0.060,-89.075,-0.063,-89.984,-88.025,-89.095,-0.883,0.235,-0.015,0.026,0.022,0.192,-0.001,-0.004,-19.033,-0.003,-18.458,-18.749,-18.123
3.302,7.063,-0.000,0.994,0.002,0.001,-0.112,-0.062,-0.060,-89.265,-0.063,-90.169,-88.212,-89.276,-0.881,0.233,-0.015,0.000,0.003,0.191,-0.001,-0.005,-19.051,-0.003,-18.477,-18.704,-18.140
