-9.000,-5.000,0.001,0.707,0.000,0.000,0.707,-0.000,-0.000,0.000,-0.000,0.000,0.000,0.000,-0.000,-0.000,0.000,-0.000,-0.000,-0.000,0.000,0.000,-0.000,0.000,-0.000,-0.000,-0.000
-9.000,-5.000,0.001,0.707,0.000,-0.000,0.707,-0.521,-0.378,0.007,-0.418,0.008,0.001,0.002,0.003,0.010,0.003,-0.003,-0.021,0.023,-78.429,-57.706,1.220,-62.295,1.375,0.290,0.358
-9.000,-5.000,0.001,0.707,0.000,-0.000,0.707,-1.005,-0.749,0.022,-0.798,0.023,0.008,0.008,0.020,0.044,0.002,-0.023,-0.034,-0.113,-23.310,-18.323,1.752,-18.958,1.510,1.191,0.769
-9.000,-4.999,0.001,0.708,0.000,-0.000,0.706,-1.090,-0.824,0.042,-0.874,0.039,0.024,0.017,0.036,0.068,0.002,-0.019,-0.034,-0.211,2.290,0.836,2.314,0.770,1.777,1.893,1.047
-8.999,-4.998,0.001,0.709,0.000,-0.001,0.706,-1.012,-0.771,0.068,-0.822,0.058,0.046,0.029,0.047,0.089,0.003,-0.003,-0.033,-0.273,11.302,8.411,2.872,8.279,2.109,2.488,1.337
-8.999,-4.997,0.001,0.710,0.000,-0.001,0.705,-0.892,-0.680,0.100,-0.732,0.081,0.074,0.044,0.054,0.111,0.002,0.008,-0.025,-0.308,11.895,9.068,3.435,9.050,2.476,3.027,1.683
-8.998,-4.996,0.001,0.711,0.000,-0.001,0.703,-0.785,-0.598,0.137,-0.648,0.108,0.106,0.062,0.057,0.135,-0.000,0.012,-0.013,-0.328,9.179,7.174,3.984,7.525,2.856,3.547,2.085
-8.998,-4.995,0.001,0.712,0.000,-0.001,0.702,-0.710,-0.536,0.179,-0.583,0.138,0.144,0.086,0.060,0.159,-0.002,0.012,-0.001,-0.341,5.807,5.201,4.501,5.483,3.242,4.060,2.523
-8.997,-4.993,0.001,0.713,0.001,-0.001,0.701,-0.666,-0.493,0.227,-0.537,0.173,0.188,0.113,0.062,0.182,-0.003,0.009,0.007,-0.352,2.987,3.577,5.000,3.678,3.638,4.563,2.967
-8.996,-4.991,0.001,0.714,0.001,-0.001,0.700,-0.647,-0.463,0.279,-0.508,0.211,0.236,0.145,0.065,0.205,-0.003,0.003,0.010,-0.364,1.121,2.377,5.490,2.339,4.040,5.055,3.398
-8.996,-4.989,0.001,0.716,0.000,-0.001,0.698,-0.641,-0.444,0.337,-0.489,0.254,0.289,0.181,0.068,0.227,-0.004,-0.003,0.011,-0.380,0.131,1.551,5.977,1.446,4.440,5.538,3.809
-8.995,-4.986,0.000,0.717,0.000,-0.001,0.697,-0.642,-0.431,0.399,-0.477,0.300,0.346,0.221,0.072,0.248,-0.004,-0.008,0.011,-0.398,-0.263,1.006,6.459,0.888,4.831,6.009,4.197
-8.994,-4.984,0.000,0.718,0.000,-0.001,0.696,-0.645,-0.423,0.466,-0.470,0.350,0.409,0.265,0.077,0.268,-0.004,-0.012,0.010,-0.419,-0.328,0.655,6.937,0.554,5.211,6.470,4.564
-8.993,-4.981,0.000,0.720,0.000,-0.001,0.694,-0.648,-0.418,0.538,-0.466,0.404,0.476,0.312,0.082,0.287,-0.005,-0.014,0.009,-0.441,-0.256,0.432,7.409,0.357,5.579,6.920,4.911
-8.993,-4.978,0.000,0.722,0.000,-0.001,0.692,-0.650,-0.414,0.614,-0.463,0.462,0.547,0.363,0.088,0.306,-0.006,-0.016,0.008,-0.464,-0.156,0.288,7.873,0.238,5.936,7.359,5.241
-8.992,-4.975,0.000,0.723,0.000,-0.001,0.691,-0.651,-0.412,0.695,-0.461,0.523,0.623,0.417,0.094,0.323,-0.006,-0.017,0.008,-0.487,-0.077,0.194,8.328,0.162,6.281,7.786,5.556
-8.991,-4.972,0.000,0.725,0.000,-0.001,0.689,-0.652,-0.410,0.781,-0.460,0.587,0.703,0.474,0.100,0.340,-0.007,-0.018,0.007,-0.510,-0.030,0.132,8.773,0.111,6.615,8.202,5.858
-8.990,-4.968,0.000,0.727,-0.000,-0.001,0.687,-0.652,-0.409,0.870,-0.459,0.655,0.787,0.534,0.106,0.356,-0.008,-0.019,0.007,-0.533,-0.006,0.090,9.208,0.076,6.938,8.607,6.148
-8.989,-4.965,0.000,0.729,-0.000,-0.001,0.685,-0.652,-0.409,0.965,-0.458,0.726,0.875,0.597,0.112,0.372,-0.009,-0.019,0.007,-0.555,0.004,0.061,9.632,0.051,7.252,9.000,6.428
-8.987,-4.961,-0.000,0.731,-0.000,-0.001,0.683,-0.652,-0.408,1.063,-0.458,0.800,0.967,0.663,0.119,0.386,-0.010,-0.018,0.006,-0.577,0.006,0.041,10.045,0.033,7.555,9.383,6.697
-8.986,-4.957,-0.000,0.733,-0.000,-0.001,0.681,-0.652,-0.408,1.165,-0.457,0.877,1.063,0.731,0.125,0.400,-0.010,-0.017,0.006,-0.598,0.006,0.028,10.447,0.022,7.848,9.754,6.956
-8.985,-4.953,-0.000,0.735,-0.000,-0.001,0.679,-0.652,-0.407,1.272,-0.457,0.957,1.162,0.802,0.132,0.414,-0.011,-0.015,0.005,-0.618,0.004,0.019,10.836,0.014,8.132,10.114,7.207
-8.984,-4.949,-0.000,0.737,-0.000,-0.001,0.676,-0.652,-0.407,1.382,-0.457,1.040,1.265,0.875,0.139,0.426,-0.011,-0.013,0.005,-0.638,0.003,0.013,11.214,0.010,8.407,10.463,7.449
-8.982,-4.944,-0.000,0.739,-0.001,-0.001,0.674,-0.652,-0.407,1.496,-0.457,1.125,1.371,0.951,0.146,0.438,-0.011,-0.009,0.004,-0.657,0.002,0.009,11.579,0.007,8.673,10.800,7.683
-8.981,-4.940,-0.001,0.741,-0.001,-0.001,0.671,-0.652,-0.407,1.614,-0.457,1.213,1.481,1.029,0.153,0.450,-0.011,-0.004,0.003,-0.676,0.001,0.006,11.931,0.005,8.930,11.127,7.909
-8.979,-4.935,-0.001,0.743,-0.001,-0.001,0.669,-0.652,-0.407,1.735,-0.457,1.304,1.594,1.109,0.160,0.460,-0.010,0.001,0.001,-0.694,0.001,0.004,12.269,0.004,9.178,11.441,8.128
-8.977,-4.931,-0.001,0.746,-0.001,-0.001,0.666,-0.652,-0.407,1.859,-0.457,1.397,1.710,1.191,0.167,0.471,-0.010,0.006,-0.000,-0.711,0.000,0.002,12.595,0.004,9.418,11.744,8.340
-8.976,-4.926,-0.001,0.748,-0.001,-0.001,0.664,-0.652,-0.407,1.987,-0.457,1.492,1.829,1.276,0.174,0.480,-0.009,0.012,-0.002,-0.727,0.000,0.000,12.907,0.003,9.650,12.035,8.545
-8.974,-4.921,-0.001,0.751,-0.000,-0.001,0.661,-0.652,-0.407,2.117,-0.457,1.590,1.950,1.362,0.181,0.489,-0.008,0.017,-0.003,-0.743,0.000,-0.001,13.206,0.003,9.874,12.314,8.744
-8.972,-4.916,-0.001,0.753,-0.000,-0.001,0.658,-0.652,-0.407,2.251,-0.457,1.690,2.075,1.450,0.188,0.498,-0.006,0.022,-0.004,-0.759,0.000,-0.002,13.492,0.003,10.091,12.582,8.938
-8.970,-4.911,-0.001,0.756,-0.000,-0.001,0.655,-0.652,-0.407,2.387,-0.457,1.791,2.202,1.541,0.196,0.506,-0.005,0.026,-0.005,-0.773,0.000,-0.003,13.767,0.003,10.300,12.839,9.125
-8.968,-4.906,-0.001,0.758,-0.000,-0.001,0.652,-0.652,-0.407,2.526,-0.457,1.895,2.332,1.633,0.203,0.514,-0.004,0.028,-0.006,-0.788,0.000,-0.004,14.029,0.004,10.502,13.086,9.307
-8.966,-4.901,-0.001,0.761,-0.000,-0.001,0.649,-0.652,-0.407,2.667,-0.457,2.001,2.464,1.727,0.211,0.522,-0.003,0.029,-0.007,-0.802,0.000,-0.004,14.278,0.004,10.698,13.323,9.485
-8.964,-4.895,-0.001,0.763,0.000,-0.000,0.646,-0.652,-0.407,2.811,-0.457,2.109,2.598,1.823,0.218,0.529,-0.001,0.030,-0.009,-0.815,0.001,-0.004,14.515,0.004,10.888,13.553,9.659
-8.962,-4.890,-0.001,0.766,0.000,-0.000,0.643,-0.652,-0.407,2.958,-0.457,2.219,2.735,1.920,0.226,0.536,-0.001,0.028,-0.010,-0.828,0.001,-0.003,14.741,0.004,11.073,13.775,9.829
-8.959,-4.885,-0.001,0.769,0.000,-0.000,0.640,-0.652,-0.407,3.106,-0.457,2.331,2.873,2.019,0.234,0.543,0.000,0.025,-0.010,-0.841,0.001,-0.003,14.960,0.004,11.251,13.991,9.995
-8.957,-4.879,-0.001,0.771,0.001,-0.000,0.636,-0.652,-0.407,3.257,-0.457,2.444,3.014,2.120,0.242,0.549,0.001,0.020,-0.009,-0.853,0.001,-0.002,15.172,0.004,11.424,14.200,10.156
-8.955,-4.874,-0.001,0.774,0.001,-0.000,0.633,-0.652,-0.407,3.410,-0.457,2.559,3.157,2.222,0.250,0.555,0.001,0.013,-0.008,-0.865,0.001,-0.002,15.379,0.004,11.590,14.404,10.311
-8.952,-4.868,-0.001,0.777,0.001,-0.000,0.630,-0.652,-0.407,3.565,-0.457,2.676,3.302,2.326,0.258,0.561,0.001,0.007,-0.006,-0.876,0.001,-0.002,15.582,0.004,11.751,14.603,10.461
-8.949,-4.863,-0.001,0.780,0.001,-0.000,0.626,-0.652,-0.407,3.721,-0.456,2.794,3.449,2.431,0.266,0.567,0.001,0.002,-0.004,-0.887,0.000,-0.002,15.782,0.003,11.907,14.797,10.605
-8.947,-4.857,-0.001,0.782,0.001,-0.000,0.623,-0.652,-0.407,3.880,-0.456,2.914,3.598,2.538,0.275,0.572,0.001,-0.000,-0.003,-0.899,0.000,-0.002,15.978,0.003,12.057,14.987,10.742
-8.944,-4.851,-0.001,0.785,0.001,-0.000,0.619,-0.652,-0.407,4.041,-0.456,3.035,3.749,2.646,0.283,0.576,0.001,0.000,-0.004,-0.910,0.000,-0.003,16.169,0.002,12.206,15.173,10.873
-8.941,-4.845,-0.001,0.788,0.001,-0.000,0.616,-0.652,-0.407,4.204,-0.456,3.158,3.902,2.756,0.292,0.580,0.002,0.004,-0.005,-0.923,-0.000,-0.004,16.355,0.002,12.354,15.354,10.996
-8.938,-4.840,-0.001,0.791,0.001,-0.000,0.612,-0.652,-0.407,4.368,-0.456,3.283,4.056,2.866,0.301,0.584,0.003,0.010,-0.009,-0.936,-0.001,-0.005,16.537,0.001,12.498,15.531,11.111
-8.935,-4.834,-0.001,0.794,0.001,-0.000,0.608,-0.652,-0.408,4.534,-0.456,3.408,4.212,2.978,0.311,0.587,0.005,0.018,-0.013,-0.951,-0.001,-0.006,16.713,0.001,12.637,15.703,11.218
-8.932,-4.828,-0.001,0.797,0.001,-0.000,0.604,-0.652,-0.408,4.702,-0.456,3.535,4.370,3.090,0.320,0.590,0.006,0.028,-0.017,-0.967,-0.001,-0.007,16.880,0.000,12.772,15.867,11.321
-8.929,-4.822,-0.001,0.800,0.001,-0.000,0.601,-0.652,-0.408,4.872,-0.456,3.664,4.530,3.204,0.330,0.593,0.008,0.040,-0.019,-0.983,-0.001,-0.008,17.036,0.000,12.903,16.023,11.419
-8.925,-4.816,-0.001,0.803,0.001,-0.000,0.597,-0.652,-0.408,5.043,-0.456,3.793,4.691,3.319,0.340,0.595,0.009,0.052,-0.019,-0.998,-0.001,-0.009,17.180,-0.000,13.032,16.169,11.518
-8.922,-4.810,-0.001,0.806,0.002,-0.000,0.593,-0.652,-0.408,5.215,-0.456,3.924,4.853,3.435,0.350,0.598,0.010,0.065,-0.018,-1.013,-0.001,-0.009,17.310,0.000,13.158,16.303,11.618
-8.918,-4.804,-0.001,0.809,0.002,0.000,0.588,-0.652,-0.408,5.389,-0.456,4.056,5.017,3.551,0.359,0.600,0.011,0.076,-0.017,-1.026,-0.001,-0.008,17.427,0.000,13.283,16.426,11.725
-8.915,-4.798,-0.001,0.812,0.002,0.000,0.584,-0.652,-0.408,5.564,-0.456,4.190,5.182,3.669,0.369,0.602,0.012,0.084,-0.015,-1.035,-0.000,-0.006,17.530,0.001,13.408,16.537,11.841
-8.911,-4.792,-0.000,0.815,0.003,0.000,0.580,-0.652,-0.408,5.740,-0.456,4.325,5.347,3.788,0.378,0.605,0.012,0.087,-0.013,-1.042,0.000,-0.004,17.621,0.001,13.531,16.638,11.969
-8.907,-4.786,-0.000,0.818,0.003,0.001,0.576,-0.652,-0.408,5.916,-0.456,4.461,5.514,3.909,0.387,0.608,0.012,0.083,-0.010,-1.044,0.001,-0.001,17.699,0.002,13.653,16.728,12.111
-8.903,-4.780,-0.000,0.821,0.004,0.001,0.571,-0.652,-0.408,6.094,-0.456,4.598,5.682,4.030,0.396,0.611,0.011,0.069,-0.007,-1.042,0.001,0.002,17.775,0.003,13.761,16.814,12.264
-8.899,-4.774,-0.000,0.824,0.004,0.001,0.567,-0.652,-0.408,6.272,-0.456,4.736,5.851,4.154,0.405,0.614,0.009,0.039,-0.003,-1.042,0.002,0.006,17.859,0.003,13.864,16.900,12.413
-8.895,-4.767,0.000,0.827,0.004,0.001,0.563,-0.652,-0.408,6.451,-0.456,4.875,6.020,4.279,0.413,0.616,0.007,-0.001,0.002,-1.042,0.002,0.008,17.954,0.003,13.965,16.989,12.549
-8.891,-4.761,0.000,0.829,0.004,0.001,0.559,-0.652,-0.408,6.631,-0.456,5.015,6.190,4.405,0.422,0.618,0.005,-0.044,0.006,-1.044,0.002,0.010,18.063,0.003,14.057,17.086,12.668
-8.887,-4.755,0.000,0.832,0.004,0.001,0.554,-0.652,-0.408,6.812,-0.456,5.156,6.362,4.532,0.431,0.618,0.002,-0.083,0.009,-1.047,0.002,0.011,18.183,0.002,14.138,17.193,12.768
-8.882,-4.749,0.000,0.835,0.003,0.001,0.550,-0.652,-0.408,6.995,-0.456,5.298,6.534,4.660,0.440,0.619,-0.000,-0.118,0.010,-1.051,0.002,0.012,18.316,0.002,14.207,17.309,12.849
-8.878,-4.743,0.000,0.838,0.002,0.000,0.545,-0.652,-0.408,7.178,-0.456,5.440,6.708,4.789,0.449,0.618,-0.002,-0.146,0.011,-1.055,0.001,0.012,18.458,0.001,14.264,17.436,12.912
-8.873,-4.737,0.000,0.841,0.002,0.000,0.541,-0.652,-0.407,7.364,-0.456,5.583,6.883,4.918,0.458,0.617,-0.004,-0.168,0.013,-1.059,0.001,0.011,18.607,0.000,14.310,17.570,12.958
-8.869,-4.730,0.000,0.844,0.001,-0.000,0.537,-0.652,-0.407,7.551,-0.456,5.726,7.059,5.048,0.467,0.615,-0.005,-0.182,0.015,-1.064,0.001,0.010,18.760,-0.000,14.345,17.710,12.988
-8.864,-4.724,-0.000,0.847,0.000,-0.001,0.532,-0.652,-0.407,7.739,-0.456,5.870,7.237,5.178,0.476,0.612,-0.006,-0.186,0.017,-1.070,0.000,0.009,18.915,-0.001,14.371,17.853,13.003
-8.859,-4.718,-0.000,0.850,-0.001,-0.001,0.527,-0.652,-0.407,7.929,-0.456,6.014,7.416,5.308,0.485,0.609,-0.007,-0.178,0.019,-1.076,0.000,0.007,19.069,-0.001,14.392,17.996,13.004
-8.854,-4.712,-0.000,0.852,-0.001,-0.002,0.523,-0.652,-0.407,8.120,-0.456,6.158,7.597,5.438,0.493,0.605,-0.006,-0.156,0.017,-1.084,-0.000,0.005,19.221,-0.002,14.410,18.135,12.992
-8.849,-4.706,-0.000,0.855,-0.002,-0.002,0.518,-0.652,-0.407,8.313,-0.456,6.302,7.779,5.568,0.502,0.600,-0.004,-0.123,0.011,-1.093,-0.001,0.003,19.369,-0.003,14.431,18.266,12.969
-8.844,-4.700,-0.000,0.858,-0.002,-0.002,0.514,-0.652,-0.407,8.508,-0.456,6.446,7.962,5.697,0.511,0.595,-0.002,-0.090,0.006,-1.106,-0.001,0.001,19.508,-0.005,14.469,18.385,12.934
-8.839,-4.694,-0.000,0.861,-0.003,-0.002,0.509,-0.652,-0.407,8.703,-0.456,6.591,8.147,5.826,0.520,0.589,-0.001,-0.062,0.004,-1.120,-0.002,-0.001,19.635,-0.006,14.509,18.496,12.898
-8.834,-4.688,-0.000,0.864,-0.003,-0.002,0.504,-0.652,-0.407,8.900,-0.456,6.737,8.332,5.955,0.530,0.583,0.000,-0.038,0.007,-1.137,-0.002,-0.003,19.755,-0.007,14.543,18.598,12.862
-8.828,-4.683,-0.000,0.867,-0.003,-0.002,0.499,-0.652,-0.407,9.098,-0.456,6.882,8.519,6.084,0.539,0.576,-0.001,-0.018,0.017,-1.155,-0.002,-0.004,19.867,-0.007,14.582,18.689,12.824
-8.823,-4.677,-0.000,0.870,-0.003,-0.002,0.494,-0.652,-0.407,9.298,-0.457,7.028,8.706,6.212,0.549,0.569,-0.003,0.002,0.031,-1.175,-0.002,-0.004,19.975,-0.007,14.632,18.769,12.787
-8.817,-4.671,-0.000,0.872,-0.003,-0.002,0.489,-0.652,-0.407,9.498,-0.457,7.175,8.894,6.339,0.558,0.563,-0.005,0.021,0.042,-1.192,-0.002,-0.004,20.084,-0.006,14.692,18.838,12.763
-8.812,-4.666,-0.000,0.875,-0.003,-0.002,0.483,-0.652,-0.407,9.699,-0.457,7.322,9.083,6.467,0.567,0.556,-0.006,0.039,0.048,-1.204,-0.001,-0.004,20.192,-0.005,14.762,18.898,12.762
-8.806,-4.660,-0.000,0.878,-0.003,-0.002,0.478,-0.652,-0.407,9.902,-0.457,7.470,9.272,6.595,0.576,0.550,-0.008,0.053,0.047,-1.213,-0.001,-0.004,20.295,-0.005,14.842,18.954,12.784
-8.800,-4.655,-0.001,0.881,-0.003,-0.001,0.473,-0.652,-0.407,10.105,-0.457,7.619,9.462,6.723,0.585,0.545,-0.008,0.063,0.039,-1.219,-0.001,-0.004,20.390,-0.004,14.928,19.009,12.826
-8.794,-4.649,-0.001,0.884,-0.003,-0.001,0.467,-0.652,-0.407,10.310,-0.457,7.769,9.652,6.851,0.593,0.540,-0.008,0.071,0.025,-1.224,-0.001,-0.005,20.477,-0.002,15.018,19.065,12.884
-8.788,-4.644,-0.001,0.887,-0.002,-0.001,0.462,-0.652,-0.407,10.515,-0.457,7.919,9.843,6.980,0.602,0.534,-0.007,0.076,0.008,-1.227,-0.001,-0.006,20.552,-0.001,15.109,19.124,12.954
-8.782,-4.638,-0.001,0.890,-0.002,-0.001,0.457,-0.652,-0.407,10.721,-0.457,8.071,10.035,7.110,0.610,0.529,-0.005,0.082,-0.011,-1.230,-0.001,-0.008,20.614,0.000,15.197,19.185,13.033
-8.776,-4.633,-0.001,0.892,-0.002,-0.001,0.451,-0.652,-0.408,10.927,-0.457,8.223,10.227,7.241,0.619,0.523,-0.002,0.088,-0.029,-1.234,-0.000,-0.009,20.660,0.001,15.279,19.247,13.116
-8.770,-4.628,-0.001,0.895,-0.001,-0.001,0.446,-0.652,-0.408,11.134,-0.457,8.376,10.420,7.373,0.628,0.517,0.000,0.096,-0.043,-1.239,-0.000,-0.010,20.689,0.002,15.354,19.308,13.199
-8.764,-4.623,-0.001,0.898,-0.001,-0.001,0.440,-0.652,-0.408,11.341,-0.457,8.530,10.613,7.505,0.636,0.511,0.003,0.105,-0.052,-1.244,-0.000,-0.011,20.700,0.003,15.423,19.365,13.283
-8.757,-4.618,-0.001,0.901,-0.000,-0.001,0.434,-0.652,-0.408,11.548,-0.457,8.685,10.807,7.638,0.645,0.505,0.005,0.115,-0.054,-1.249,-0.000,-0.010,20.693,0.003,15.488,19.412,13.367
-8.751,-4.613,-0.001,0.903,0.001,-0.001,0.429,-0.652,-0.408,11.754,-0.457,8.840,11.001,7.772,0.653,0.499,0.007,0.124,-0.049,-1.254,0.000,-0.009,20.669,0.004,15.552,19.448,13.452
-8.744,-4.608,-0.001,0.906,0.001,-0.000,0.423,-0.652,-0.408,11.961,-0.457,8.996,11.196,7.907,0.661,0.493,0.008,0.129,-0.038,-1.257,0.000,-0.007,20.631,0.003,15.619,19.469,13.541
-8.738,-4.603,-0.000,0.909,0.002,-0.000,0.417,-0.652,-0.408,12.167,-0.457,9.152,11.391,8.043,0.669,0.487,0.008,0.130,-0.023,-1.257,0.001,-0.003,20.582,0.003,15.690,19.473,13.635
-8.731,-4.598,-0.000,0.911,0.003,-0.000,0.412,-0.652,-0.408,12.373,-0.457,9.310,11.585,8.180,0.677,0.482,0.008,0.127,-0.008,-1.253,0.001,0.001,20.540,0.003,15.764,19.460,13.738
-8.724,-4.593,-0.000,0.914,0.003,0.000,0.406,-0.652,-0.408,12.578,-0.457,9.468,11.780,8.318,0.685,0.477,0.008,0.116,0.002,-1.244,0.001,0.005,20.517,0.002,15.827,19.436,13.852
-8.717,-4.588,-0.000,0.916,0.004,0.000,0.400,-0.652,-0.408,12.783,-0.457,9.626,11.974,8.457,0.692,0.473,0.007,0.098,0.010,-1.232,0.002,0.009,20.513,0.002,15.883,19.405,13.969
-8.710,-4.584,-0.000,0.919,0.004,0.001,0.395,-0.652,-0.408,12.988,-0.456,9.785,12.168,8.598,0.698,0.469,0.003,0.067,0.023,-1.217,0.002,0.011,20.513,0.002,15.930,19.373,14.093
-8.703,-4.579,-0.000,0.921,0.004,0.001,0.389,-0.652,-0.408,13.193,-0.456,9.945,12.361,8.739,0.705,0.465,-0.001,0.024,0.038,-1.200,0.002,0.012,20.518,0.002,15.977,19.347,14.214
-8.696,-4.574,-0.000,0.924,0.004,0.001,0.384,-0.652,-0.408,13.399,-0.456,10.105,12.555,8.882,0.711,0.459,-0.005,-0.025,0.046,-1.190,0.002,0.012,20.544,0.002,16.033,19.342,14.306
-8.689,-4.570,-0.000,0.926,0.004,0.001,0.378,-0.652,-0.408,13.604,-0.456,10.265,12.748,9.025,0.718,0.453,-0.009,-0.068,0.044,-1.185,0.002,0.012,20.593,0.002,16.089,19.359,14.370
-8.682,-4.565,-0.000,0.928,0.003,0.001,0.373,-0.652,-0.407,13.811,-0.456,10.427,12.942,9.169,0.724,0.446,-0.011,-0.102,0.035,-1.182,0.002,0.011,20.659,0.003,16.137,19.399,14.411
-8.674,-4.561,-0.001,0.930,0.003,0.001,0.367,-0.652,-0.407,14.017,-0.456,10.588,13.136,9.313,0.731,0.438,-0.012,-0.125,0.020,-1.181,0.001,0.009,20.737,0.003,16.172,19.459,14.435
-8.667,-4.557,-0.001,0.932,0.002,0.001,0.362,-0.652,-0.407,14.225,-0.456,10.750,13.331,9.458,0.737,0.430,-0.011,-0.136,-0.000,-1.181,0.001,0.007,20.823,0.003,16.191,19.537,14.446
-8.660,-4.552,-0.001,0.934,0.001,0.001,0.356,-0.652,-0.407,14.434,-0.456,10.912,13.527,9.602,0.742,0.421,-0.009,-0.135,-0.025,-1.182,0.001,0.004,20.913,0.004,16.192,19.626,14.447
-8.652,-4.548,-0.001,0.937,0.001,0.000,0.351,-0.652,-0.407,14.644,-0.456,11.074,13.724,9.747,0.748,0.412,-0.006,-0.123,-0.050,-1.184,0.001,0.002,21.004,0.004,16.175,19.721,14.442
-8.645,-4.544,-0.001,0.939,0.000,-0.000,0.345,-0.652,-0.407,14.854,-0.456,11.235,13.922,9.891,0.753,0.403,-0.003,-0.106,-0.069,-1.185,0.000,-0.000,21.083,0.004,16.141,19.818,14.437
-8.637,-4.540,-0.001,0.941,0.000,-0.001,0.339,-0.652,-0.407,15.065,-0.456,11.397,14.120,10.035,0.758,0.393,0.000,-0.090,-0.080,-1.186,0.000,-0.002,21.142,0.004,16.095,19.911,14.436
-8.630,-4.536,-0.001,0.943,-0.000,-0.001,0.334,-0.652,-0.407,15.277,-0.456,11.557,14.320,10.180,0.762,0.385,0.003,-0.077,-0.079,-1.187,-0.000,-0.003,21.181,0.003,16.041,19.998,14.440
-8.622,-4.532,-0.001,0.945,-0.000,-0.002,0.328,-0.652,-0.407,15.489,-0.456,11.717,14.520,10.324,0.767,0.376,0.005,-0.069,-0.069,-1.186,-0.000,-0.003,21.204,0.002,15.985,20.076,14.449
-8.614,-4.529,-0.001,0.947,-0.001,-0.002,0.323,-0.514,-0.329,15.700,-0.305,11.873,14.719,10.466,0.751,0.362,0.003,-0.066,-0.027,-1.149,24.201,14.282,20.884,27.189,15.146,19.607,14.060
-8.607,-4.525,-0.001,0.948,-0.001,-0.002,0.318,-0.264,-0.173,15.904,-0.027,12.022,14.911,10.608,0.716,0.391,0.012,-0.056,-0.054,-0.836,20.731,13.599,19.909,22.670,14.774,18.803,14.394
-8.600,-4.521,-0.000,0.949,-0.001,-0.003,0.315,-0.194,-0.129,16.097,0.048,12.170,15.094,10.754,0.675,0.422,0.033,-0.104,-0.140,-0.489,-7.143,-5.463,18.666,-7.918,14.877,17.800,14.732
-8.594,-4.517,-0.000,0.950,-0.001,-0.003,0.313,-0.365,-0.262,16.279,-0.155,12.319,15.267,10.901,0.643,0.421,0.015,-0.105,-0.014,-0.332,-22.421,-17.731,17.844,-28.366,14.920,16.893,14.663
-8.587,-4.513,-0.000,0.950,-0.002,-0.003,0.311,-0.530,-0.404,16.455,-0.398,12.466,15.434,11.045,0.646,0.375,-0.006,-0.129,0.112,-0.530,-8.557,-9.149,17.269,-17.107,14.264,16.688,13.981
-8.581,-4.509,-0.000,0.951,-0.003,-0.003,0.308,-0.531,-0.436,16.626,-0.467,12.604,15.601,11.180,0.649,0.321,-0.008,-0.072,0.114,-0.773,7.576,2.518,17.132,2.980,13.386,16.607,12.985
-8.574,-4.506,-0.000,0.953,-0.003,-0.003,0.304,-0.411,-0.374,16.797,-0.371,12.734,15.766,11.306,0.642,0.296,-0.005,0.018,0.069,-0.841,14.000,8.263,16.960,13.385,12.751,16.365,12.301
-8.568,-4.503,-0.000,0.954,-0.003,-0.002,0.300,-0.308,-0.305,16.964,-0.269,12.860,15.928,11.427,0.625,0.292,-0.002,0.055,0.040,-0.771,5.003,4.107,16.449,4.951,12.555,15.943,12.012
-8.562,-4.500,-0.000,0.955,-0.003,-0.002,0.297,-0.328,-0.311,17.126,-0.296,12.986,16.085,11.546,0.608,0.287,-0.001,0.049,0.042,-0.707,-7.946,-4.709,15.895,-9.452,12.477,15.473,11.772
-8.556,-4.498,-0.000,0.956,-0.003,-0.002,0.293,-0.416,-0.368,17.283,-0.409,13.109,16.238,11.662,0.598,0.266,0.000,0.036,0.046,-0.748,-7.431,-5.228,15.618,-10.484,12.181,15.124,11.302
-8.550,-4.495,-0.000,0.957,-0.002,-0.001,0.289,-0.452,-0.397,17.439,-0.470,13.229,16.387,11.772,0.589,0.240,0.002,0.035,0.041,-0.821,-0.207,-0.690,15.469,-2.309,11.748,14.840,10.740
-8.544,-4.493,-0.000,0.958,-0.002,-0.001,0.285,-0.429,-0.386,17.592,-0.462,13.344,16.534,11.877,0.580,0.220,0.003,0.041,0.032,-0.857,4.085,2.559,15.260,3.178,11.379,14.541,10.273
-8.538,-4.491,-0.000,0.960,-0.002,-0.001,0.281,-0.387,-0.357,17.743,-0.425,13.457,16.678,11.978,0.568,0.211,0.004,0.052,0.025,-0.840,3.535,2.732,14.931,3.444,11.108,14.209,9.980
-8.533,-4.489,-0.000,0.961,-0.002,-0.001,0.277,-0.365,-0.337,17.891,-0.401,13.567,16.818,12.077,0.556,0.207,0.003,0.067,0.023,-0.795,1.016,1.224,14.524,1.539,10.890,13.854,9.807
-8.527,-4.486,-0.000,0.962,-0.002,-0.001,0.274,-0.363,-0.331,18.034,-0.391,13.675,16.955,12.174,0.544,0.203,0.003,0.075,0.023,-0.752,-0.416,0.155,14.115,0.526,10.683,13.504,9.660
-8.522,-4.484,-0.000,0.963,-0.001,-0.000,0.270,-0.370,-0.332,18.173,-0.389,13.780,17.089,12.270,0.533,0.197,0.003,0.077,0.024,-0.721,-0.803,-0.300,13.737,0.086,10.478,13.168,9.496
-8.516,-4.483,-0.000,0.964,-0.001,-0.000,0.267,-0.377,-0.335,18.309,-0.389,13.884,17.219,12.364,0.523,0.190,0.002,0.075,0.024,-0.701,-0.606,-0.314,13.391,-0.044,10.275,12.846,9.310
-8.511,-4.481,-0.000,0.965,-0.001,0.000,0.263,-0.381,-0.338,18.441,-0.389,13.986,17.345,12.456,0.513,0.182,0.002,0.072,0.025,-0.686,-0.261,-0.149,13.071,-0.046,10.075,12.538,9.114
-8.506,-4.479,-0.000,0.966,-0.000,0.000,0.260,-0.383,-0.339,18.570,-0.389,14.086,17.469,12.546,0.503,0.174,0.002,0.069,0.026,-0.673,-0.046,-0.042,12.769,-0.028,9.878,12.239,8.920
-8.501,-4.477,-0.000,0.966,0.000,0.000,0.257,-0.383,-0.339,18.697,-0.390,14.183,17.590,12.635,0.494,0.167,0.001,0.066,0.028,-0.658,0.052,0.020,12.480,-0.014,9.688,11.948,8.735
-8.496,-4.476,-0.000,0.967,0.000,0.001,0.254,-0.382,-0.338,18.820,-0.390,14.279,17.708,12.721,0.485,0.160,0.000,0.062,0.030,-0.643,0.070,0.044,12.202,-0.009,9.503,11.665,8.559
-8.491,-4.474,-0.000,0.968,0.001,0.001,0.251,-0.382,-0.338,18.941,-0.390,14.374,17.824,12.806,0.476,0.154,-0.001,0.058,0.031,-0.627,0.052,0.044,11.935,-0.008,9.325,11.390,8.394
-8.487,-4.472,-0.000,0.969,0.001,0.001,0.248,-0.381,-0.337,19.059,-0.390,14.466,17.936,12.889,0.467,0.148,-0.001,0.051,0.031,-0.611,0.033,0.040,11.679,-0.007,9.154,11.125,8.236
-8.482,-4.471,-0.000,0.970,0.001,0.001,0.245,-0.381,-0.337,19.174,-0.390,14.557,18.046,12.971,0.458,0.143,-0.002,0.043,0.030,-0.596,0.018,0.036,11.437,-0.006,8.988,10.869,8.081
-8.478,-4.470,-0.000,0.970,0.001,0.002,0.242,-0.381,-0.337,19.287,-0.390,14.646,18.154,13.051,0.450,0.137,-0.002,0.034,0.027,-0.582,0.009,0.032,11.206,-0.005,8.825,10.624,7.931
-8.473,-4.468,-0.000,0.971,0.001,0.002,0.239,-0.381,-0.336,19.398,-0.390,14.733,18.259,13.129,0.441,0.132,-0.002,0.026,0.024,-0.568,0.004,0.030,10.985,-0.004,8.664,10.388,7.783
-8.469,-4.467,-0.000,0.972,0.001,0.002,0.236,-0.381,-0.336,19.507,-0.390,14.819,18.361,13.206,0.433,0.127,-0.002,0.019,0.022,-0.556,0.002,0.028,10.774,-0.003,8.504,10.163,7.638
-8.464,-4.466,-0.000,0.972,0.001,0.002,0.234,-0.381,-0.336,19.614,-0.390,14.903,18.462,13.282,0.425,0.122,-0.003,0.013,0.019,-0.544,0.001,0.028,10.571,-0.002,8.347,9.947,7.496
-8.460,-4.465,-0.000,0.973,0.001,0.002,0.231,-0.381,-0.336,19.719,-0.390,14.986,18.560,13.356,0.417,0.118,-0.003,0.009,0.016,-0.533,0.000,0.029,10.375,-0.001,8.191,9.740,7.356
-8.456,-4.463,-0.000,0.974,0.001,0.002,0.228,-0.381,-0.335,19.821,-0.390,15.067,18.657,13.429,0.410,0.113,-0.004,0.004,0.013,-0.522,0.000,0.026,10.187,-0.001,8.039,9.542,7.221
-8.452,-4.462,-0.000,0.974,0.001,0.002,0.226,-0.381,-0.335,19.922,-0.390,15.147,18.751,13.501,0.403,0.109,-0.004,-0.000,0.009,-0.511,0.000,0.019,10.005,-0.000,7.890,9.354,7.090
-8.448,-4.461,-0.000,0.975,0.001,0.002,0.223,-0.381,-0.335,20.022,-0.390,15.225,18.844,13.571,0.395,0.105,-0.005,-0.004,0.005,-0.501,0.001,0.013,9.829,-0.000,7.744,9.174,6.962
-8.444,-4.460,-0.000,0.975,0.001,0.002,0.221,-0.381,-0.335,20.119,-0.390,15.302,18.935,13.640,0.388,0.101,-0.005,-0.007,0.001,-0.491,0.001,0.010,9.659,0.000,7.603,9.002,6.838
-8.440,-4.459,-0.001,0.976,0.001,0.002,0.219,-0.381,-0.335,20.215,-0.390,15.377,19.024,13.708,0.382,0.097,-0.005,-0.010,-0.003,-0.482,0.001,0.007,9.492,0.000,7.464,8.837,6.718
-8.436,-4.458,-0.001,0.976,0.001,0.002,0.216,-0.381,-0.335,20.309,-0.390,15.451,19.112,13.774,0.375,0.093,-0.005,-0.012,-0.006,-0.472,0.001,0.005,9.331,0.000,7.329,8.680,6.602
-8.433,-4.457,-0.001,0.977,0.001,0.002,0.214,-0.381,-0.335,20.401,-0.390,15.524,19.198,13.840,0.369,0.090,-0.005,-0.014,-0.010,-0.463,0.001,0.003,9.173,0.000,7.198,8.530,6.489
-8.429,-4.456,-0.001,0.977,0.001,0.002,0.212,-0.381,-0.335,20.492,-0.390,15.595,19.282,13.904,0.362,0.087,-0.005,-0.015,-0.013,-0.455,0.000,0.001,9.019,0.000,7.070,8.386,6.379
-8.425,-4.456,-0.001,0.978,0.001,0.002,0.210,-0.381,-0.335,20.582,-0.390,15.665,19.365,13.967,0.356,0.083,-0.005,-0.015,-0.015,-0.447,-0.000,-0.000,8.869,-0.000,6.946,8.248,6.273
-8.422,-4.455,-0.001,0.978,0.001,0.002,0.207,-0.381,-0.335,20.670,-0.390,15.734,19.447,14.030,0.350,0.080,-0.005,-0.016,-0.017,-0.439,-0.000,-0.001,8.723,-0.000,6.826,8.115,6.169
-8.418,-4.454,-0.001,0.979,0.001,0.002,0.205,-0.381,-0.335,20.756,-0.390,15.801,19.528,14.091,0.345,0.077,-0.005,-0.016,-0.019,-0.431,-0.001,-0.003,8.580,-0.000,6.708,7.988,6.069
-8.415,-4.453,-0.001,0.979,0.001,0.002,0.203,-0.381,-0.335,20.841,-0.390,15.868,19.607,14.151,0.339,0.075,-0.004,-0.016,-0.020,-0.424,-0.001,-0.003,8.440,-0.000,6.595,7.864,5.972
-8.412,-4.453,-0.001,0.980,0.001,0.002,0.201,-0.381,-0.335,20.925,-0.390,15.933,19.685,14.210,0.334,0.072,-0.004,-0.015,-0.021,-0.416,-0.001,-0.004,8.303,-0.000,6.484,7.745,5.877
-8.408,-4.452,-0.001,0.980,0.001,0.001,0.199,-0.381,-0.335,21.007,-0.390,15.998,19.762,14.269,0.328,0.069,-0.004,-0.015,-0.022,-0.409,-0.001,-0.005,8.170,-0.000,6.376,7.630,5.785
-8.405,-4.451,-0.001,0.980,0.001,0.001,0.197,-0.381,-0.335,21.088,-0.390,16.061,19.838,14.326,0.323,0.067,-0.004,-0.015,-0.022,-0.403,-0.001,-0.005,8.040,-0.000,6.272,7.519,5.696
-8.402,-4.450,-0.001,0.981,0.001,0.001,0.195,-0.381,-0.335,21.168,-0.390,16.123,19.912,14.382,0.318,0.064,-0.003,-0.015,-0.022,-0.396,-0.001,-0.005,7.914,-0.000,6.171,7.410,5.609
-8.399,-4.450,-0.001,0.981,0.001,0.001,0.193,-0.381,-0.335,21.247,-0.390,16.184,19.986,14.438,0.313,0.062,-0.003,-0.014,-0.021,-0.390,-0.001,-0.005,7.790,-0.000,6.072,7.305,5.524
-8.396,-4.449,-0.001,0.982,0.001,0.001,0.191,-0.381,-0.335,21.324,-0.390,16.245,20.058,14.493,0.309,0.060,-0.003,-0.014,-0.021,-0.384,-0.001,-0.005,7.670,-0.000,5.977,7.202,5.441
-8.393,-4.449,-0.001,0.982,0.000,0.001,0.190,-0.381,-0.335,21.400,-0.390,16.304,20.130,14.547,0.304,0.058,-0.002,-0.014,-0.020,-0.378,-0.001,-0.005,7.554,-0.000,5.884,7.102,5.361
-8.390,-4.448,-0.001,0.982,0.000,0.001,0.188,-0.381,-0.335,21.475,-0.390,16.362,20.200,14.600,0.300,0.056,-0.002,-0.013,-0.019,-0.372,-0.001,-0.005,7.440,-0.000,5.793,7.005,5.283
-8.387,-4.448,-0.001,0.983,0.000,0.001,0.186,-0.381,-0.335,21.549,-0.390,16.420,20.270,14.653,0.295,0.054,-0.002,-0.013,-0.018,-0.367,-0.001,-0.004,7.330,-0.000,5.706,6.910,5.207
-8.384,-4.447,-0.001,0.983,0.000,0.001,0.184,-0.381,-0.335,21.622,-0.390,16.476,20.339,14.704,0.291,0.052,-0.002,-0.013,-0.017,-0.361,-0.000,-0.004,7.223,0.000,5.621,6.817,5.132
-8.381,-4.446,-0.001,0.983,0.000,0.000,0.182,-0.381,-0.335,21.693,-0.390,16.532,20.406,14.755,0.287,0.050,-0.001,-0.012,-0.016,-0.356,-0.000,-0.004,7.119,0.000,5.538,6.727,5.060
-8.378,-4.446,-0.001,0.984,0.000,0.000,0.181,-0.381,-0.335,21.764,-0.390,16.587,20.473,14.805,0.283,0.049,-0.001,-0.012,-0.015,-0.351,-0.000,-0.004,7.018,0.000,5.458,6.639,4.990
-8.375,-4.446,-0.001,0.984,0.000,0.000,0.179,-0.381,-0.335,21.834,-0.390,16.641,20.539,14.855,0.280,0.047,-0.001,-0.012,-0.014,-0.346,-0.000,-0.003,6.921,0.000,5.380,6.553,4.922
-8.372,-4.445,-0.001,0.984,0.000,0.000,0.177,-0.381,-0.335,21.903,-0.390,16.695,20.604,14.904,0.276,0.045,-0.001,-0.012,-0.012,-0.341,-0.000,-0.003,6.826,0.000,5.305,6.469,4.855
-8.370,-4.445,-0.001,0.984,0.000,0.000,0.176,-0.381,-0.335,21.970,-0.390,16.747,20.668,14.952,0.272,0.044,-0.001,-0.011,-0.012,-0.337,-0.000,-0.003,6.735,0.000,5.232,6.387,4.791
-8.367,-4.444,-0.001,0.985,0.000,0.000,0.174,-0.381,-0.335,22.037,-0.390,16.799,20.732,15.000,0.269,0.042,-0.000,-0.011,-0.011,-0.332,-0.000,-0.002,6.646,0.000,5.160,6.307,4.728
-8.364,-4.444,-0.001,0.985,-0.000,0.000,0.172,-0.381,-0.335,22.103,-0.390,16.851,20.795,15.047,0.265,0.041,-0.000,-0.011,-0.010,-0.328,-0.000,-0.002,6.560,0.000,5.091,6.229,4.667
-8.362,-4.443,-0.001,0.985,-0.000,-0.000,0.171,-0.381,-0.335,22.168,-0.390,16.901,20.856,15.093,0.262,0.039,-0.000,-0.011,-0.009,-0.324,0.000,-0.002,6.477,0.000,5.024,6.153,4.608
-8.359,-4.443,-0.001,0.986,-0.000,-0.000,0.169,-0.381,-0.335,22.233,-0.390,16.951,20.918,15.139,0.259,0.038,0.000,-0.011,-0.009,-0.320,0.000,-0.002,6.396,0.001,4.959,6.080,4.551
-8.356,-4.443,-0.001,0.986,-0.000,-0.000,0.167,-0.381,-0.335,22.296,-0.390,17.000,20.978,15.184,0.256,0.037,0.000,-0.011,-0.008,-0.316,0.000,-0.001,6.318,0.001,4.896,6.008,4.495
-8.354,-4.442,-0.001,0.986,-0.000,-0.000,0.166,-0.381,-0.335,22.359,-0.390,17.049,21.038,15.229,0.253,0.036,0.000,-0.010,-0.008,-0.312,0.000,-0.001,6.243,0.001,4.835,5.938,4.441
-8.351,-4.442,-0.001,0.986,-0.000,-0.000,0.164,-0.381,-0.335,22.421,-0.390,17.097,21.097,15.273,0.250,0.034,0.001,-0.010,-0.008,-0.309,0.000,-0.001,6.169,0.001,4.775,5.870,4.389
-8.349,-4.442,-0.001,0.987,-0.000,-0.000,0.163,-0.381,-0.335,22.483,-0.390,17.145,21.155,15.317,0.247,0.033,0.001,-0.010,-0.008,-0.305,0.000,-0.001,6.098,0.001,4.717,5.804,4.338
-8.346,-4.441,-0.001,0.987,-0.000,-0.000,0.161,-0.381,-0.335,22.543,-0.390,17.192,21.213,15.360,0.245,0.032,0.001,-0.010,-0.008,-0.302,0.000,-0.001,6.029,0.001,4.661,5.740,4.289
-8.344,-4.441,-0.001,0.987,-0.000,-0.000,0.160,-0.381,-0.335,22.603,-0.390,17.238,21.270,15.402,0.242,0.031,0.001,-0.009,-0.008,-0.298,0.000,-0.001,5.963,0.001,4.607,5.677,4.242
-8.342,-4.441,-0.001,0.987,-0.000,-0.000,0.158,-0.381,-0.335,22.662,-0.390,17.284,21.326,15.445,0.239,0.030,0.001,-0.009,-0.008,-0.295,0.000,-0.001,5.898,0.001,4.554,5.617,4.196
-8.339,-4.440,-0.001,0.988,-0.000,-0.000,0.157,-0.381,-0.335,22.721,-0.390,17.329,21.382,15.486,0.237,0.029,0.001,-0.009,-0.008,-0.292,0.000,-0.001,5.834,0.001,4.502,5.558,4.151
-8.337,-4.440,-0.001,0.988,-0.000,-0.001,0.156,-0.381,-0.335,22.779,-0.390,17.374,21.438,15.528,0.235,0.028,0.001,-0.009,-0.009,-0.289,0.000,-0.001,5.773,0.001,4.452,5.501,4.108
-8.334,-4.440,-0.001,0.988,-0.001,-0.001,0.154,-0.381,-0.336,22.837,-0.390,17.418,21.492,15.568,0.232,0.027,0.001,-0.008,-0.009,-0.286,-0.000,-0.002,5.713,0.000,4.404,5.446,4.067
-8.332,-4.439,-0.001,0.988,-0.001,-0.001,0.153,-0.381,-0.336,22.893,-0.390,17.462,21.547,15.609,0.230,0.026,0.002,-0.008,-0.010,-0.283,-0.000,-0.002,5.655,0.000,4.357,5.392,4.026
-8.330,-4.439,-0.001,0.988,-0.001,-0.001,0.151,-0.381,-0.336,22.950,-0.390,17.505,21.600,15.649,0.228,0.025,0.002,-0.007,-0.010,-0.280,-0.000,-0.002,5.599,0.000,4.311,5.341,3.987
-8.328,-4.439,-0.001,0.989,-0.001,-0.001,0.150,-0.381,-0.336,23.005,-0.390,17.548,21.653,15.689,0.226,0.024,0.002,-0.007,-0.011,-0.277,-0.000,-0.002,5.544,0.000,4.266,5.290,3.950
-8.325,-4.439,-0.001,0.989,-0.001,-0.001,0.149,-0.381,-0.336,23.061,-0.390,17.590,21.706,15.728,0.224,0.023,0.002,-0.006,-0.011,-0.275,-0.000,-0.002,5.491,0.000,4.223,5.242,3.913
-8.323,-4.438,-0.001,0.989,-0.001,-0.001,0.147,-0.381,-0.336,23.115,-0.390,17.632,21.758,15.767,0.222,0.023,0.002,-0.006,-0.012,-0.272,-0.000,-0.003,5.439,0.000,4.181,5.195,3.878
-8.321,-4.438,-0.001,0.989,-0.001,-0.001,0.146,-0.381,-0.336,23.169,-0.390,17.674,21.810,15.806,0.220,0.022,0.002,-0.005,-0.012,-0.270,-0.000,-0.003,5.388,0.000,4.141,5.149,3.844
-8.319,-4.438,-0.001,0.989,-0.001,-0.001,0.145,-0.381,-0.336,23.223,-0.390,17.715,21.861,15.844,0.218,0.021,0.002,-0.005,-0.013,-0.267,-0.000,-0.003,5.339,0.000,4.102,5.105,3.811
-8.317,-4.438,-0.001,0.990,-0.001,-0.001,0.143,-0.381,-0.336,23.276,-0.390,17.756,21.912,15.882,0.216,0.020,0.002,-0.004,-0.013,-0.265,-0.000,-0.003,5.290,0.000,4.063,5.063,3.779
-8.314,-4.438,-0.001,0.990,-0.001,-0.001,0.142,-0.381,-0.336,23.329,-0.390,17.797,21.962,15.919,0.215,0.020,0.002,-0.004,-0.014,-0.263,-0.000,-0.003,5.244,0.000,4.026,5.021,3.748
-8.312,-4.437,-0.001,0.990,-0.001,-0.001,0.141,-0.381,-0.336,23.381,-0.390,17.837,22.013,15.957,0.213,0.019,0.002,-0.003,-0.014,-0.261,-0.000,-0.004,5.198,0.000,3.991,4.982,3.718
-8.310,-4.437,-0.001,0.990,-0.001,-0.001,0.139,-0.381,-0.336,23.433,-0.390,17.876,22.062,15.994,0.211,0.018,0.002,-0.002,-0.015,-0.259,-0.000,-0.004,5.153,-0.000,3.956,4.943,3.690
-8.308,-4.437,-0.001,0.990,-0.001,-0.001,0.138,-0.381,-0.336,23.484,-0.390,17.916,22.111,16.031,0.210,0.017,0.002,-0.002,-0.015,-0.257,-0.000,-0.004,5.110,-0.000,3.922,4.906,3.662
-8.306,-4.437,-0.001,0.991,-0.001,-0.001,0.137,-0.381,-0.336,23.535,-0.390,17.955,22.160,16.067,0.208,0.017,0.002,-0.001,-0.015,-0.255,-0.000,-0.004,5.068,-0.000,3.890,4.870,3.635
-8.304,-4.437,-0.001,0.991,-0.001,-0.001,0.136,-0.381,-0.336,23.585,-0.390,17.994,22.209,16.103,0.207,0.016,0.002,-0.001,-0.016,-0.253,-0.000,-0.004,5.027,-0.000,3.858,4.835,3.609
-8.302,-4.437,-0.001,0.991,-0.001,-0.002,0.134,-0.381,-0.336,23.636,-0.390,18.032,22.257,16.139,0.205,0.016,0.002,0.000,-0.016,-0.251,-0.000,-0.004,4.987,-0.000,3.828,4.801,3.584
-8.300,-4.436,-0.001,0.991,-0.001,-0.002,0.133,-0.381,-0.336,23.685,-0.390,18.070,22.305,16.175,0.204,0.015,0.002,0.001,-0.016,-0.249,-0.000,-0.004,4.948,-0.000,3.798,4.768,3.560
-8.298,-4.436,-0.001,0.991,-0.001,-0.002,0.132,-0.381,-0.336,23.735,-0.390,18.108,22.352,16.210,0.203,0.014,0.003,0.001,-0.016,-0.248,-0.000,-0.004,4.910,-0.000,3.770,4.737,3.536
-8.296,-4.436,-0.001,0.991,-0.001,-0.002,0.131,-0.381,-0.336,23.783,-0.390,18.146,22.400,16.246,0.201,0.014,0.003,0.002,-0.016,-0.246,-0.000,-0.004,4.873,-0.000,3.742,4.706,3.514
-8.294,-4.436,-0.001,0.992,-0.001,-0.002,0.129,-0.381,-0.336,23.832,-0.390,18.183,22.446,16.281,0.200,0.013,0.003,0.002,-0.016,-0.245,-0.000,-0.004,4.837,-0.000,3.716,4.676,3.492
-8.292,-4.436,-0.001,0.992,-0.001,-0.002,0.128,-0.381,-0.336,23.880,-0.390,18.220,22.493,16.315,0.199,0.013,0.003,0.003,-0.015,-0.243,-0.000,-0.003,4.802,-0.000,3.690,4.647,3.470
-8.290,-4.436,-0.001,0.992,-0.001,-0.002,0.127,-0.381,-0.336,23.928,-0.390,18.257,22.539,16.350,0.198,0.012,0.003,0.003,-0.015,-0.242,-0.001,-0.003,4.768,-0.000,3.665,4.619,3.450
-8.288,-4.436,-0.001,0.992,-0.001,-0.002,0.126,-0.381,-0.336,23.976,-0.390,18.293,22.585,16.384,0.197,0.011,0.003,0.004,-0.015,-0.240,-0.000,-0.003,4.735,-0.000,3.641,4.592,3.430
-8.286,-4.436,-0.001,0.992,-0.000,-0.002,0.125,-0.381,-0.336,24.023,-0.390,18.329,22.631,16.419,0.195,0.011,0.003,0.004,-0.014,-0.239,-0.000,-0.003,4.703,-0.000,3.618,4.566,3.410
-8.284,-4.435,-0.001,0.992,-0.000,-0.002,0.123,-0.381,-0.336,24.070,-0.390,18.365,22.677,16.453,0.194,0.010,0.002,0.005,-0.014,-0.238,-0.000,-0.002,4.671,-0.001,3.595,4.540,3.392
-8.282,-4.435,-0.001,0.992,-0.000,-0.002,0.122,-0.381,-0.336,24.116,-0.390,18.401,22.722,16.487,0.193,0.010,0.002,0.005,-0.013,-0.236,-0.000,-0.002,4.641,-0.001,3.574,4.515,3.373
-8.280,-4.435,-0.001,0.993,-0.000,-0.002,0.121,-0.381,-0.336,24.162,-0.390,18.437,22.767,16.520,0.192,0.009,0.002,0.006,-0.012,-0.235,-0.000,-0.002,4.612,-0.001,3.553,4.491,3.356
-8.278,-4.435,-0.001,0.993,-0.000,-0.002,0.120,-0.381,-0.336,24.208,-0.390,18.472,22.812,16.554,0.191,0.009,0.002,0.006,-0.011,-0.234,-0.000,-0.001,4.583,-0.001,3.533,4.467,3.338
-8.276,-4.435,-0.001,0.993,-0.000,-0.002,0.119,-0.381,-0.336,24.254,-0.390,18.508,22.856,16.587,0.190,0.008,0.002,0.006,-0.011,-0.233,-0.000,-0.001,4.556,-0.001,3.513,4.444,3.322
-8.274,-4.435,-0.000,0.993,-0.000,-0.003,0.118,-0.381,-0.336,24.300,-0.390,18.543,22.901,16.620,0.190,0.008,0.002,0.007,-0.010,-0.232,-0.000,-0.001,4.529,-0.001,3.495,4.421,3.305
-8.272,-4.435,-0.000,0.993,-0.000,-0.003,0.116,-0.381,-0.336,24.345,-0.390,18.578,22.945,16.653,0.189,0.007,0.002,0.007,-0.009,-0.231,-0.000,-0.001,4.503,-0.001,3.477,4.399,3.290
-8.270,-4.435,-0.000,0.993,-0.000,-0.003,0.115,0.445,0.292,24.385,0.413,18.599,22.990,16.682,0.183,-0.014,0.019,-0.053,-0.098,-0.392,116.568,94.984,3.429,113.733,1.281,4.359,2.581
-8.269,-4.435,-0.000,0.994,-0.000,-0.003,0.114,1.180,0.941,24.413,1.100,18.612,23.025,16.705,0.112,0.018,0.010,-0.004,-0.015,-0.065,35.735,32.703,2.235,33.906,1.337,2.638,2.055
-8.268,-4.435,-0.000,0.994,-0.000,-0.003,0.114,1.318,1.084,24.430,1.229,18.625,23.044,16.722,0.053,0.018,0.001,0.004,0.038,0.037,-3.038,-1.003,1.348,-5.152,1.111,1.204,1.173
-8.268,-4.435,-0.000,0.993,-0.000,-0.003,0.114,1.174,0.940,24.441,1.052,18.635,23.050,16.729,0.010,0.009,-0.004,0.008,0.054,0.057,-23.536,-26.930,0.833,-27.780,0.914,0.170,0.330
-8.268,-4.435,-0.000,0.993,-0.000,-0.003,0.114,0.898,0.607,24.447,0.746,18.642,23.049,16.729,-0.016,-0.002,-0.006,0.008,0.042,0.037,-28.442,-35.017,0.328,-29.991,0.446,-0.462,-0.318
-8.268,-4.435,-0.000,0.993,-0.000,-0.002,0.114,0.675,0.347,24.446,0.511,18.642,23.042,16.723,-0.033,-0.014,-0.005,0.006,0.027,-0.029,-15.147,-15.613,-0.434,-16.457,-0.446,-0.811,-0.905
-8.269,-4.435,-0.000,0.993,-0.000,-0.002,0.114,0.592,0.296,24.438,0.403,18.633,23.032,16.711,-0.054,-0.027,-0.005,0.004,0.020,-0.085,-2.072,4.176,-1.182,-6.199,-1.320,-1.169,-1.502
-8.269,-4.435,-0.000,0.994,-0.000,-0.002,0.113,0.613,0.402,24.423,0.376,18.616,23.019,16.693,-0.076,-0.039,-0.004,0.002,0.015,-0.127,4.163,12.376,-1.810,0.348,-2.108,-1.569,-2.101
-8.270,-4.436,-0.000,0.994,-0.000,-0.002,0.113,0.643,0.482,24.403,0.388,18.591,23.001,16.669,-0.100,-0.050,-0.004,-0.000,0.013,-0.155,1.924,4.589,-2.248,1.517,-2.778,-2.029,-2.701
-8.271,-4.436,-0.000,0.994,-0.000,-0.002,0.112,0.654,0.507,24.378,0.398,18.560,22.978,16.639,-0.123,-0.062,-0.003,-0.002,0.011,-0.195,0.361,0.916,-2.687,0.716,-3.417,-2.449,-3.306
-8.273,-4.437,-0.000,0.994,-0.000,-0.002,0.111,0.654,0.507,24.349,0.403,18.523,22.952,16.603,-0.145,-0.073,-0.003,-0.003,0.010,-0.237,-0.321,-0.587,-3.128,0.302,-4.041,-2.847,-3.896
-8.274,-4.438,-0.000,0.994,-0.000,-0.002,0.109,0.649,0.499,24.316,0.405,18.480,22.921,16.561,-0.167,-0.084,-0.003,-0.003,0.010,-0.275,-0.481,-1.037,-3.566,0.110,-4.641,-3.237,-4.468
-8.276,-4.439,-0.001,0.994,-0.000,-0.002,0.108,0.645,0.488,24.278,0.406,18.430,22.887,16.514,-0.188,-0.094,-0.003,-0.002,0.011,-0.309,-0.401,-1.025,-3.997,0.032,-5.217,-3.622,-5.019
-8.278,-4.440,-0.001,0.994,-0.000,-0.002,0.106,0.642,0.479,24.236,0.406,18.375,22.849,16.461,-0.209,-0.103,-0.003,-0.001,0.013,-0.341,-0.257,-0.847,-4.418,0.005,-5.771,-4.000,-5.551
-8.280,-4.441,-0.001,0.995,-0.000,-0.002,0.105,0.640,0.471,24.189,0.406,18.315,22.807,16.403,-0.229,-0.112,-0.003,-0.001,0.015,-0.370,-0.132,-0.641,-4.827,-0.003,-6.304,-4.368,-6.063
-8.282,-4.442,-0.001,0.995,-0.000,-0.002,0.103,0.639,0.466,24.139,0.406,18.249,22.762,16.340,-0.248,-0.120,-0.004,0.000,0.018,-0.399,-0.052,-0.462,-5.224,-0.005,-6.820,-4.726,-6.557
-8.285,-4.443,-0.001,0.995,-0.000,-0.002,0.101,0.638,0.462,24.085,0.406,18.179,22.713,16.272,-0.267,-0.127,-0.004,0.001,0.021,-0.426,-0.010,-0.323,-5.608,-0.005,-7.320,-5.071,-7.034
-8.288,-4.444,-0.001,0.995,-0.000,-0.002,0.098,0.638,0.459,24.027,0.406,18.103,22.660,16.199,-0.286,-0.134,-0.004,0.002,0.024,-0.452,0.007,-0.222,-5.980,-0.006,-7.805,-5.404,-7.494
-8.291,-4.446,-0.001,0.995,-0.000,-0.001,0.096,0.639,0.457,23.965,0.406,18.023,22.605,16.122,-0.303,-0.141,-0.005,0.003,0.027,-0.478,0.012,-0.150,-6.340,-0.006,-8.276,-5.724,-7.938
-8.294,-4.447,-0.001,0.996,-0.000,-0.001,0.094,0.639,0.456,23.900,0.406,17.938,22.546,16.040,-0.321,-0.147,-0.005,0.005,0.029,-0.503,0.010,-0.101,-6.688,-0.006,-8.734,-6.032,-8.365
-8.297,-4.449,-0.001,0.996,-0.000,-0.001,0.091,0.639,0.455,23.832,0.406,17.848,22.484,15.954,-0.337,-0.152,-0.005,0.006,0.031,-0.527,0.007,-0.068,-7.025,-0.006,-9.181,-6.327,-8.777
-8.301,-4.450,-0.001,0.996,-0.000,-0.001,0.088,0.639,0.455,23.760,0.406,17.754,22.419,15.865,-0.354,-0.157,-0.005,0.006,0.032,-0.550,0.004,-0.045,-7.351,-0.006,-9.617,-6.612,-9.174
-8.304,-4.452,-0.001,0.996,-0.000,-0.001,0.086,0.639,0.454,23.685,0.406,17.656,22.352,15.771,-0.369,-0.161,-0.005,0.007,0.031,-0.573,0.002,-0.031,-7.666,-0.005,-10.043,-6.885,-9.555
-8.308,-4.453,-0.001,0.997,-0.000,-0.001,0.083,0.639,0.454,23.607,0.406,17.553,22.282,15.674,-0.385,-0.165,-0.005,0.007,0.030,-0.594,0.001,-0.021,-7.971,-0.005,-10.456,-7.148,-9.923
-8.312,-4.455,-0.001,0.997,-0.000,-0.001,0.080,0.639,0.454,23.525,0.405,17.447,22.209,15.573,-0.399,-0.169,-0.005,0.007,0.029,-0.615,-0.000,-0.015,-8.265,-0.004,-10.858,-7.402,-10.278
-8.316,-4.457,-0.001,0.997,-0.000,-0.000,0.077,0.639,0.454,23.441,0.405,17.336,22.134,15.468,-0.414,-0.172,-0.004,0.007,0.026,-0.635,-0.001,-0.012,-8.551,-0.003,-11.247,-7.645,-10.620
-8.320,-4.459,-0.001,0.997,-0.000,-0.000,0.073,0.639,0.454,23.354,0.405,17.222,22.056,15.360,-0.428,-0.174,-0.004,0.006,0.023,-0.655,-0.001,-0.009,-8.826,-0.002,-11.625,-7.880,-10.950
-8.325,-4.460,-0.001,0.998,-0.000,-0.000,0.070,0.639,0.454,23.265,0.405,17.104,21.976,15.249,-0.442,-0.177,-0.003,0.005,0.020,-0.674,-0.001,-0.008,-9.092,-0.001,-11.989,-8.107,-11.269
-8.329,-4.462,-0.001,0.998,-0.000,-0.000,0.067,0.639,0.453,23.173,0.405,16.982,21.894,15.135,-0.455,-0.178,-0.003,0.003,0.016,-0.692,-0.001,-0.007,-9.350,0.000,-12.342,-8.325,-11.576
-8.334,-4.464,-0.001,0.998,-0.000,0.000,0.063,0.639,0.453,23.078,0.405,16.857,21.810,15.018,-0.468,-0.180,-0.002,0.001,0.013,-0.710,-0.001,-0.006,-9.598,0.001,-12.682,-8.537,-11.873
-8.338,-4.466,-0.001,0.998,-0.000,0.000,0.060,0.639,0.453,22.981,0.405,16.728,21.723,14.898,-0.481,-0.181,-0.001,-0.003,0.009,-0.727,-0.001,-0.006,-9.839,0.002,-13.009,-8.742,-12.159
-8.343,-4.467,-0.001,0.998,-0.000,0.000,0.056,0.639,0.453,22.881,0.405,16.597,21.635,14.775,-0.493,-0.181,-0.000,-0.007,0.007,-0.744,-0.001,-0.006,-10.071,0.003,-13.325,-8.942,-12.436
-8.348,-4.469,-0.001,0.999,-0.000,0.000,0.052,0.639,0.453,22.779,0.405,16.462,21.544,14.649,-0.505,-0.182,0.001,-0.011,0.005,-0.760,-0.001,-0.005,-10.297,0.004,-13.630,-9.137,-12.702
-8.353,-4.471,-0.001,0.999,-0.000,0.000,0.048,0.639,0.453,22.675,0.406,16.324,21.452,14.521,-0.518,-0.182,0.002,-0.016,0.005,-0.776,-0.000,-0.005,-10.516,0.004,-13.924,-9.327,-12.958
-8.359,-4.473,-0.001,0.999,-0.000,0.000,0.044,0.639,0.453,22.569,0.406,16.183,21.358,14.390,-0.529,-0.181,0.003,-0.021,0.006,-0.791,-0.000,-0.004,-10.730,0.004,-14.208,-9.512,-13.204
-8.364,-4.475,-0.001,0.999,-0.001,0.000,0.040,0.639,0.453,22.461,0.406,16.040,21.262,14.256,-0.541,-0.180,0.004,-0.025,0.008,-0.806,-0.000,-0.004,-10.939,0.004,-14.483,-9.694,-13.439
-8.369,-4.476,-0.001,0.999,-0.001,0.000,0.036,0.639,0.453,22.350,0.406,15.894,21.164,14.121,-0.553,-0.179,0.004,-0.030,0.012,-0.820,-0.000,-0.003,-11.144,0.003,-14.744,-9.873,-13.664
-8.375,-4.478,-0.001,0.999,-0.001,0.000,0.032,0.639,0.453,22.238,0.406,15.745,21.064,13.983,-0.565,-0.178,0.005,-0.034,0.017,-0.834,-0.000,-0.003,-11.346,0.003,-14.994,-10.049,-13.880
-8.381,-4.480,-0.001,1.000,-0.001,0.000,0.028,0.639,0.453,22.123,0.406,15.594,20.963,13.843,-0.576,-0.176,0.006,-0.035,0.023,-0.847,-0.000,-0.002,-11.546,0.002,-15.237,-10.223,-14.085
-8.387,-4.482,-0.001,1.000,-0.001,0.000,0.024,0.639,0.453,22.007,0.406,15.440,20.860,13.702,-0.588,-0.173,0.006,-0.034,0.030,-0.859,-0.000,-0.001,-11.742,0.002,-15.474,-10.392,-14.280
-8.392,-4.484,-0.001,1.000,-0.001,0.001,0.019,0.639,0.453,21.888,0.406,15.285,20.755,13.558,-0.599,-0.170,0.006,-0.030,0.037,-0.872,0.000,-0.001,-11.935,0.001,-15.707,-10.555,-14.464
-8.399,-4.485,-0.001,1.000,-0.002,0.001,0.015,0.639,0.453,21.768,0.406,15.126,20.649,13.412,-0.610,-0.168,0.006,-0.025,0.043,-0.884,0.000,-0.000,-12.123,0.001,-15.938,-10.710,-14.639
-8.405,-4.487,-0.001,1.000,-0.002,0.001,0.011,0.639,0.453,21.646,0.406,14.966,20.541,13.265,-0.621,-0.164,0.006,-0.018,0.047,-0.896,0.000,0.000,-12.305,0.002,-16.165,-10.854,-14.806
-8.411,-4.488,-0.001,1.000,-0.002,0.001,0.006,0.639,0.453,21.522,0.406,14.803,20.432,13.116,-0.631,-0.161,0.006,-0.012,0.046,-0.908,0.001,0.001,-12.481,0.002,-16.388,-10.986,-14.966
-8.417,-4.490,-0.001,1.000,-0.002,0.002,0.002,0.639,0.453,21.396,0.406,14.638,20.321,12.966,-0.641,-0.158,0.006,-0.005,0.042,-0.921,0.001,0.001,-12.648,0.003,-16.605,-11.104,-15.120
-8.424,-4.492,-0.001,1.000,-0.002,0.002,-0.003,0.639,0.453,21.269,0.406,14.471,20.210,12.814,-0.650,-0.154,0.007,0.001,0.032,-0.935,0.001,0.001,-12.806,0.004,-16.809,-11.210,-15.271
-8.430,-4.493,-0.001,1.000,-0.002,0.002,-0.008,0.639,0.453,21.140,0.406,14.302,20.097,12.660,-0.659,-0.150,0.007,0.007,0.018,-0.949,0.001,0.001,-12.951,0.005,-16.997,-11.304,-15.424
-8.437,-4.495,-0.000,1.000,-0.002,0.002,-0.013,0.639,0.453,21.010,0.406,14.131,19.984,12.505,-0.668,-0.147,0.008,0.015,-0.001,-0.967,0.001,0.000,-13.073,0.007,-17.173,-11.382,-15.582
-8.444,-4.496,-0.000,1.000,-0.002,0.002,-0.018,0.639,0.453,20.879,0.406,13.959,19.870,12.349,-0.676,-0.144,0.009,0.028,-0.023,-0.987,0.001,-0.000,-13.184,0.008,-17.337,-11.444,-15.746
-8.450,-4.498,-0.000,1.000,-0.001,0.002,-0.023,0.639,0.453,20.747,0.406,13.784,19.755,12.190,-0.683,-0.140,0.011,0.048,-0.048,-1.009,0.001,-0.001,-13.299,0.009,-17.486,-11.490,-15.915
-8.457,-4.499,-0.000,1.000,-0.001,0.001,-0.028,0.639,0.453,20.613,0.406,13.609,19.640,12.030,-0.691,-0.136,0.012,0.071,-0.071,-1.031,0.000,-0.002,-13.412,0.008,-17.622,-11.528,-16.094
-8.464,-4.500,-0.000,0.999,-0.001,0.001,-0.033,0.639,0.453,20.478,0.406,13.432,19.524,11.868,-0.698,-0.133,0.012,0.091,-0.088,-1.055,-0.000,-0.003,-13.519,0.007,-17.753,-11.558,-16.286
-8.471,-4.502,0.000,0.999,-0.000,0.000,-0.038,0.639,0.453,20.343,0.406,13.254,19.409,11.705,-0.705,-0.130,0.010,0.104,-0.095,-1.083,-0.000,-0.003,-13.618,0.006,-17.890,-11.577,-16.496
-8.478,-4.503,0.000,0.999,0.000,-0.000,-0.044,0.639,0.453,20.206,0.406,13.074,19.293,11.539,-0.712,-0.126,0.008,0.108,-0.094,-1.110,-0.001,-0.003,-13.709,0.003,-18.034,-11.597,-16.717
-8.486,-4.504,0.000,0.999,0.001,-0.001,-0.049,0.639,0.453,20.068,0.406,12.893,19.177,11.370,-0.719,-0.121,0.006,0.108,-0.089,-1.132,-0.001,-0.003,-13.787,-0.000,-18.175,-11.635,-16.941
-8.493,-4.505,0.000,0.998,0.001,-0.001,-0.055,0.639,0.453,19.930,0.406,12.711,19.060,11.200,-0.726,-0.116,0.002,0.091,-0.071,-1.155,-0.001,-0.002,-13.880,-0.003,-18.332,-11.673,-17.171
-8.500,-4.506,0.000,0.998,0.002,-0.001,-0.061,0.639,0.453,19.791,0.406,12.526,18.943,11.027,-0.733,-0.110,-0.003,0.065,-0.041,-1.178,-0.001,-0.001,-13.999,-0.006,-18.506,-11.711,-17.399
-8.507,-4.507,0.000,0.998,0.002,-0.002,-0.067,0.639,0.453,19.651,0.406,12.341,18.826,10.852,-0.740,-0.100,-0.003,0.074,-0.037,-1.174,-0.002,-0.003,-13.995,-0.007,-18.628,-11.831,-17.600
-8.515,-4.508,0.000,0.997,0.002,-0.002,-0.072,0.639,0.453,19.511,0.406,12.154,18.707,10.675,-0.748,-0.091,-0.005,0.069,-0.022,-1.174,-0.002,-0.004,-13.999,-0.009,-18.768,-11.950,-17.793
-8.522,-4.509,0.000,0.997,0.003,-0.002,-0.078,0.639,0.453,19.371,0.406,11.965,18.587,10.496,-0.755,-0.081,-0.007,0.053,-0.004,-1.173,-0.002,-0.004,-14.004,-0.010,-18.918,-12.073,-17.973
-8.530,-4.510,0.000,0.996,0.003,-0.002,-0.084,0.639,0.453,19.231,0.406,11.775,18.465,10.315,-0.761,-0.071,-0.009,0.032,0.011,-1.167,-0.002,-0.003,-14.012,-0.011,-19.067,-12.208,-18.130
-8.538,-4.511,-0.000,0.996,0.003,-0.002,-0.090,0.639,0.453,19.090,0.406,11.584,18.342,10.134,-0.767,-0.059,-0.009,0.017,0.015,-1.155,-0.001,-0.002,-14.048,-0.012,-19.201,-12.349,-18.254
-8.545,-4.511,-0.000,0.995,0.003,-0.002,-0.096,0.639,0.453,18.950,0.406,11.391,18.218,9.950,-0.772,-0.047,-0.009,0.004,0.009,-1.141,-0.001,-0.000,-14.106,-0.011,-19.318,-12.492,-18.352
-8.553,-4.512,-0.000,0.995,0.003,-0.002,-0.101,0.639,0.453,18.808,0.406,11.198,18.093,9.767,-0.776,-0.035,-0.008,-0.009,0.002,-1.129,-0.000,0.002,-14.177,-0.010,-19.432,-12.627,-18.437
-8.561,-4.512,-0.000,0.994,0.003,-0.002,-0.107,0.639,0.453,18.666,0.406,11.003,17.966,9.582,-0.780,-0.025,-0.007,-0.024,-0.003,-1.123,0.001,0.004,-14.254,-0.007,-19.546,-12.749,-18.518
-8.569,-4.512,-0.000,0.994,0.003,-0.002,-0.112,0.639,0.453,18.523,0.405,10.807,17.838,9.396,-0.784,-0.015,-0.008,-0.039,-0.006,-1.120,0.002,0.006,-14.337,-0.004,-19.659,-12.861,-18.597
-8.576,-4.512,-0.000,0.993,0.003,-0.002,-0.118,0.639,0.453,18.379,0.405,10.610,17.709,9.210,-0.787,-0.005,-0.008,-0.051,-0.006,-1.120,0.002,0.007,-14.425,-0.001,-19.765,-12.969,-18.676
-8.584,-4.512,-0.001,0.992,0.002,-0.002,-0.124,0.639,0.453,18.235,0.405,10.411,17.578,9.023,-0.790,0.004,-0.008,-0.061,-0.004,-1.121,0.002,0.008,-14.520,0.001,-19.865,-13.074,-18.754
-8.592,-4.512,-0.001,0.992,0.002,-0.001,-0.129,0.639,0.453,18.089,0.405,10.212,17.447,8.835,-0.794,0.014,-0.009,-0.069,-0.000,-1.124,0.003,0.008,-14.619,0.003,-19.959,-13.174,-18.829
-8.600,-4.512,-0.001,0.991,0.002,-0.001,-0.135,0.639,0.453,17.942,0.406,10.012,17.315,8.646,-0.796,0.023,-0.008,-0.075,0.004,-1.128,0.002,0.007,-14.722,0.005,-20.048,-13.269,-18.901
-8.608,-4.512,-0.001,0.990,0.001,-0.001,-0.140,0.639,0.453,17.795,0.406,9.811,17.182,8.457,-0.799,0.032,-0.007,-0.080,0.010,-1.133,0.002,0.007,-14.830,0.005,-20.133,-13.360,-18.966
-8.616,-4.511,-0.001,0.989,0.001,-0.001,-0.146,0.639,0.453,17.646,0.406,9.610,17.048,8.267,-0.802,0.041,-0.006,-0.083,0.018,-1.138,0.002,0.006,-14.942,0.005,-20.214,-13.448,-19.023
-8.624,-4.511,-0.001,0.988,0.000,-0.001,-0.152,0.639,0.453,17.496,0.406,9.407,16.913,8.076,-0.805,0.050,-0.004,-0.085,0.028,-1.142,0.001,0.004,-15.059,0.004,-20.292,-13.536,-19.070
-8.632,-4.510,-0.001,0.988,0.000,-0.001,-0.157,0.639,0.453,17.344,0.406,9.204,16.777,7.885,-0.808,0.060,-0.002,-0.086,0.039,-1.145,0.000,0.003,-15.179,0.003,-20.365,-13.624,-19.104
-8.640,-4.510,-0.001,0.987,-0.000,-0.000,-0.163,0.639,0.453,17.192,0.406,9.000,16.640,7.694,-0.810,0.070,-0.001,-0.087,0.049,-1.147,-0.000,0.001,-15.300,0.003,-20.435,-13.712,-19.125
-8.648,-4.509,-0.001,0.986,-0.001,-0.000,-0.169,0.639,0.453,17.038,0.406,8.795,16.503,7.503,-0.813,0.080,0.001,-0.087,0.057,-1.148,-0.000,-0.000,-15.421,0.003,-20.500,-13.797,-19.132
-8.657,-4.508,-0.001,0.985,-0.001,0.000,-0.174,0.639,0.453,16.884,0.406,8.590,16.364,7.312,-0.815,0.090,0.003,-0.086,0.059,-1.150,-0.000,-0.001,-15.538,0.003,-20.559,-13.876,-19.129
-8.665,-4.507,-0.001,0.984,-0.001,0.001,-0.180,0.639,0.453,16.728,0.406,8.384,16.225,7.120,-0.818,0.100,0.005,-0.084,0.056,-1.152,-0.000,-0.002,-15.647,0.003,-20.613,-13.947,-19.118
-8.673,-4.506,-0.001,0.983,-0.002,0.001,-0.186,0.639,0.453,16.571,0.406,8.178,16.085,6.929,-0.820,0.110,0.006,-0.080,0.045,-1.156,-0.000,-0.003,-15.747,0.004,-20.659,-14.007,-19.105
-8.681,-4.505,-0.001,0.982,-0.002,0.001,-0.191,0.639,0.453,16.413,0.406,7.971,15.945,6.738,-0.822,0.120,0.008,-0.074,0.028,-1.162,-0.000,-0.003,-15.834,0.006,-20.698,-14.055,-19.097
-8.689,-4.504,-0.001,0.980,-0.002,0.001,-0.197,0.639,0.453,16.254,0.406,7.764,15.804,6.547,-0.823,0.129,0.009,-0.066,0.006,-1.172,0.000,-0.003,-15.909,0.007,-20.727,-14.091,-19.099
-8.698,-4.502,-0.001,0.979,-0.003,0.001,-0.203,0.639,0.453,16.095,0.406,7.556,15.663,6.356,-0.825,0.138,0.009,-0.054,-0.019,-1.184,0.000,-0.003,-15.970,0.008,-20.748,-14.118,-19.116
-8.706,-4.501,-0.000,0.978,-0.003,0.001,-0.209,0.639,0.453,15.935,0.406,7.349,15.522,6.165,-0.826,0.147,0.009,-0.039,-0.043,-1.197,0.001,-0.002,-16.019,0.008,-20.759,-14.137,-19.152
-8.714,-4.499,-0.000,0.977,-0.003,0.001,-0.214,0.639,0.453,15.774,0.406,7.141,15.381,5.973,-0.827,0.155,0.008,-0.021,-0.062,-1.212,0.001,-0.002,-16.057,0.008,-20.765,-14.152,-19.210
-8.722,-4.498,-0.000,0.975,-0.003,0.001,-0.220,0.639,0.453,15.614,0.406,6.934,15.239,5.781,-0.828,0.164,0.006,0.001,-0.076,-1.226,0.000,-0.001,-16.087,0.006,-20.766,-14.168,-19.289
-8.731,-4.496,-0.000,0.974,-0.003,0.000,-0.226,0.639,0.453,15.453,0.406,6.726,15.097,5.587,-0.828,0.173,0.004,0.026,-0.081,-1.240,0.000,-0.001,-16.120,0.004,-20.771,-14.179,-19.387
-8.739,-4.494,-0.000,0.973,-0.003,-0.000,-0.233,0.639,0.453,15.291,0.406,6.518,14.955,5.393,-0.829,0.181,0.001,0.050,-0.076,-1.258,-0.000,-0.001,-16.157,0.000,-20.797,-14.174,-19.505
-8.747,-4.492,-0.000,0.971,-0.003,-0.001,-0.239,0.639,0.453,15.130,0.406,6.310,14.814,5.197,-0.829,0.189,-0.003,0.072,-0.059,-1.277,-0.001,-0.001,-16.184,-0.004,-20.853,-14.157,-19.641
-8.756,-4.491,-0.000,0.970,-0.003,-0.001,-0.245,0.639,0.453,14.968,0.406,6.101,14.672,5.000,-0.828,0.198,-0.006,0.090,-0.034,-1.294,-0.001,-0.001,-16.196,-0.007,-20.931,-14.140,-19.786
-8.764,-4.489,-0.000,0.968,-0.002,-0.001,-0.251,0.639,0.453,14.806,0.406,5.891,14.531,4.801,-0.828,0.207,-0.009,0.103,-0.006,-1.304,-0.002,-0.002,-16.196,-0.010,-21.022,-14.132,-19.927
-8.772,-4.486,-0.000,0.966,-0.002,-0.001,-0.258,0.639,0.453,14.644,0.406,5.680,14.390,4.602,-0.826,0.218,-0.010,0.112,0.019,-1.309,-0.002,-0.002,-16.199,-0.012,-21.119,-14.129,-20.055
-8.780,-4.484,-0.001,0.965,-0.001,-0.001,-0.264,0.639,0.453,14.482,0.406,5.469,14.248,4.400,-0.824,0.229,-0.010,0.118,0.040,-1.307,-0.002,-0.003,-16.202,-0.013,-21.219,-14.131,-20.164
-8.789,-4.482,-0.001,0.963,-0.001,-0.001,-0.270,0.639,0.453,14.320,0.406,5.256,14.107,4.198,-0.822,0.241,-0.008,0.120,0.053,-1.301,-0.002,-0.004,-16.200,-0.013,-21.317,-14.137,-20.249
-8.797,-4.479,-0.001,0.961,0.000,-0.001,-0.276,0.639,0.453,14.158,0.406,5.042,13.966,3.996,-0.819,0.254,-0.004,0.120,0.054,-1.289,-0.003,-0.005,-16.192,-0.012,-21.403,-14.147,-20.311
-8.805,-4.477,-0.001,0.959,0.001,-0.001,-0.282,0.639,0.453,13.996,0.406,4.828,13.824,3.792,-0.816,0.267,-0.000,0.119,0.046,-1.275,-0.002,-0.006,-16.175,-0.010,-21.476,-14.159,-20.352
-8.813,-4.474,-0.001,0.957,0.001,-0.001,-0.289,0.639,0.453,13.834,0.406,4.613,13.682,3.588,-0.812,0.279,0.004,0.114,0.033,-1.263,-0.002,-0.007,-16.152,-0.007,-21.544,-14.162,-20.384
-8.821,-4.471,-0.001,0.956,0.002,-0.001,-0.295,0.639,0.453,13.673,0.405,4.397,13.541,3.385,-0.809,0.291,0.007,0.106,0.017,-1.255,-0.002,-0.007,-16.123,-0.003,-21.612,-14.152,-20.412
-8.829,-4.468,-0.001,0.954,0.002,-0.001,-0.301,0.639,0.453,13.512,0.405,4.181,13.399,3.180,-0.807,0.303,0.009,0.095,0.002,-1.252,-0.001,-0.006,-16.091,0.000,-21.677,-14.131,-20.442
-8.837,-4.465,-0.000,0.952,0.003,-0.001,-0.307,0.639,0.453,13.351,0.405,3.964,13.258,2.976,-0.804,0.314,0.011,0.083,-0.011,-1.252,-0.000,-0.005,-16.058,0.003,-21.741,-14.105,-20.477
-8.845,-4.462,-0.000,0.950,0.003,-0.002,-0.313,0.639,0.453,13.191,0.406,3.746,13.117,2.771,-0.802,0.324,0.011,0.069,-0.021,-1.256,0.001,-0.003,-16.029,0.005,-21.802,-14.077,-20.518
-8.853,-4.459,-0.000,0.948,0.004,-0.002,-0.318,-0.070,-0.354,13.043,-0.060,3.531,12.982,2.574,-0.730,0.338,0.049,0.353,-0.193,-0.961,-106.091,-112.213,-13.752,-75.810,-20.929,-13.028,-18.768
-8.860,-4.455,0.001,0.947,0.005,-0.005,-0.321,-0.941,-1.214,12.913,-0.740,3.337,12.854,2.398,-0.628,0.372,0.109,0.157,-0.652,-0.537,-50.903,-41.793,-12.262,-44.514,-17.907,-12.577,-16.566
-8.866,-4.451,0.002,0.946,0.004,-0.008,-0.324,-1.168,-1.377,12.798,-0.952,3.165,12.733,2.235,-0.622,0.332,0.063,-0.043,-0.439,-0.741,0.781,6.237,-10.885,1.656,-16.404,-11.712,-16.111
-8.872,-4.448,0.002,0.945,0.003,-0.009,-0.328,-0.973,-1.131,12.695,-0.691,3.008,12.620,2.076,-0.611,0.301,0.016,-0.154,-0.155,-0.883,35.387,39.610,-9.541,48.680,-14.951,-10.932,-15.752
-8.878,-4.445,0.002,0.943,0.002,-0.009,-0.332,-0.534,-0.683,12.607,-0.091,2.866,12.513,1.920,-0.593,0.284,-0.029,-0.184,0.149,-0.918,46.365,45.164,-8.243,62.361,-13.613,-10.387,-15.279
-8.884,-4.443,0.001,0.942,0.002,-0.007,-0.336,-0.221,-0.345,12.531,0.323,2.736,12.411,1.771,-0.563,0.282,-0.071,-0.145,0.431,-0.829,12.258,20.831,-6.975,16.046,-12.375,-10.085,-14.557
-8.890,-4.440,0.001,0.940,0.002,-0.004,-0.340,-0.366,-0.355,12.467,0.163,2.618,12.311,1.630,-0.531,0.282,-0.114,-0.081,0.718,-0.723,-29.078,-13.767,-5.733,-35.886,-11.174,-9.830,-13.776
-8.894,-4.437,-0.000,0.939,0.004,-0.001,-0.343,-0.624,-0.485,12.410,-0.216,2.511,12.217,1.503,-0.411,0.283,-0.048,0.133,0.307,-0.361,-16.585,-7.891,-5.901,-32.255,-10.201,-8.920,-11.370
-8.898,-4.434,-0.001,0.939,0.004,-0.001,-0.343,-0.714,-0.524,12.350,-0.461,2.417,12.132,1.402,-0.309,0.278,0.010,0.159,-0.057,-0.011,-2.096,-0.704,-5.954,-15.926,-8.681,-8.073,-8.964
-8.901,-4.431,-0.000,0.939,0.005,-0.002,-0.343,-0.690,-0.511,12.291,-0.549,2.337,12.055,1.322,-0.244,0.260,0.032,0.062,-0.212,0.183,5.501,2.972,-5.758,-3.285,-7.314,-7.309,-7.157
-8.903,-4.429,0.000,0.940,0.004,-0.003,-0.342,-0.626,-0.476,12.236,-0.553,2.270,11.986,1.257,-0.205,0.237,0.028,-0.062,-0.196,0.266,6.643,3.673,-5.394,1.570,-6.219,-6.622,-5.891
-8.905,-4.427,0.000,0.940,0.004,-0.003,-0.340,-0.566,-0.442,12.187,-0.528,2.212,11.921,1.202,-0.182,0.225,-0.002,-0.176,-0.001,0.334,5.123,2.864,-4.363,2.843,-5.387,-6.239,-5.073
-8.906,-4.424,0.000,0.941,0.003,-0.003,-0.339,-0.525,-0.419,12.146,-0.500,2.162,11.862,1.155,-0.156,0.200,-0.016,-0.187,0.095,0.328,3.090,1.766,-3.905,2.681,-4.609,-5.584,-4.285
-8.908,-4.423,-0.000,0.941,0.002,-0.002,-0.337,-0.502,-0.406,12.107,-0.476,2.120,11.811,1.117,-0.127,0.166,-0.016,-0.139,0.096,0.279,1.464,1.027,-3.910,2.101,-3.796,-4.688,-3.479
-8.909,-4.421,-0.000,0.942,0.002,-0.001,-0.336,-0.493,-0.398,12.069,-0.458,2.086,11.768,1.085,-0.103,0.136,-0.010,-0.087,0.068,0.236,0.459,0.574,-3.597,1.514,-3.068,-3.852,-2.771
-8.910,-4.420,-0.000,0.942,0.002,-0.001,-0.335,-0.491,-0.394,12.036,-0.445,2.058,11.733,1.061,-0.082,0.109,-0.006,-0.053,0.045,0.195,-0.034,0.312,-3.060,1.049,-2.421,-3.085,-2.159
-8.911,-4.419,-0.000,0.942,0.001,-0.001,-0.334,-0.493,-0.391,12.008,-0.437,2.037,11.706,1.042,-0.063,0.084,-0.003,-0.032,0.028,0.153,-0.201,0.168,-2.426,0.716,-1.826,-2.366,-1.609
-8.911,-4.418,-0.000,0.943,0.001,-0.001,-0.334,-0.495,-0.390,11.987,-0.431,2.022,11.686,1.028,-0.045,0.060,-0.001,-0.018,0.017,0.112,-0.201,0.093,-1.759,0.490,-1.265,-1.682,-1.100
-8.912,-4.418,-0.000,0.943,0.001,-0.001,-0.333,-0.497,-0.389,11.973,-0.426,2.012,11.672,1.020,-0.028,0.037,-0.000,-0.009,0.010,0.073,-0.142,0.054,-1.091,0.337,-0.731,-1.027,-0.620
-8.912,-4.418,-0.000,0.943,0.001,-0.001,-0.333,-0.498,-0.389,11.965,-0.424,2.007,11.665,1.016,-0.011,0.015,0.000,-0.002,0.006,0.035,-0.080,0.033,-0.435,0.233,-0.217,-0.396,-0.161
-8.912,-4.417,-0.000,0.943,0.001,-0.001,-0.333,-0.498,-0.389,11.964,-0.422,2.007,11.664,1.017,0.005,-0.006,0.001,0.004,0.003,-0.001,-0.038,0.021,0.203,0.161,0.278,0.211,0.279
-8.912,-4.418,-0.000,0.943,0.001,-0.001,-0.333,-0.499,-0.388,11.969,-0.420,2.012,11.669,1.022,0.021,-0.026,0.001,0.009,0.002,-0.036,-0.013,0.014,0.822,0.110,0.756,0.797,0.704
-8.911,-4.418,-0.000,0.943,0.001,-0.001,-0.333,-0.499,-0.388,11.981,-0.419,2.022,11.680,1.031,0.036,-0.045,0.001,0.013,0.001,-0.070,-0.001,0.010,1.421,0.075,1.218,1.363,1.115
-8.911,-4.419,-0.000,0.943,0.002,-0.001,-0.334,-0.499,-0.388,11.998,-0.419,2.037,11.697,1.044,0.051,-0.064,0.001,0.017,0.001,-0.103,0.003,0.007,2.001,0.050,1.665,1.911,1.512
-8.910,-4.419,-0.000,0.942,0.002,-0.001,-0.334,-0.499,-0.388,12.021,-0.418,2.056,11.718,1.061,0.065,-0.082,0.001,0.020,0.000,-0.134,0.004,0.005,2.562,0.033,2.098,2.440,1.897
-8.910,-4.420,-0.000,0.942,0.002,-0.001,-0.335,-0.499,-0.388,12.049,-0.418,2.079,11.745,1.082,0.079,-0.100,0.001,0.023,-0.000,-0.165,0.003,0.003,3.104,0.021,2.517,2.951,2.271
-8.909,-4.421,-0.000,0.942,0.002,-0.001,-0.336,-0.498,-0.388,12.083,-0.418,2.106,11.777,1.106,0.092,-0.117,0.001,0.026,-0.001,-0.194,0.002,0.002,3.628,0.014,2.922,3.445,2.632
-8.908,-4.422,-0.000,0.942,0.002,-0.001,-0.337,-0.498,-0.388,12.121,-0.418,2.137,11.814,1.134,0.105,-0.134,0.001,0.028,-0.001,-0.223,0.001,0.001,4.134,0.010,3.315,3.923,2.983
-8.907,-4.424,-0.000,0.941,0.002,-0.001,-0.338,-0.498,-0.388,12.165,-0.418,2.172,11.856,1.166,0.117,-0.150,0.001,0.029,-0.001,-0.251,0.001,0.001,4.623,0.008,3.696,4.384,3.323
-8.905,-4.425,-0.000,0.941,0.002,-0.001,-0.339,-0.498,-0.388,12.214,-0.418,2.211,11.902,1.201,0.129,-0.166,0.001,0.030,-0.002,-0.277,0.001,0.000,5.096,0.006,4.065,4.829,3.653
-8.904,-4.427,-0.000,0.940,0.002,-0.001,-0.341,-0.498,-0.388,12.267,-0.418,2.253,11.952,1.239,0.140,-0.181,0.001,0.031,-0.002,-0.303,0.001,0.000,5.553,0.005,4.423,5.259,3.974
-8.903,-4.429,-0.000,0.940,0.003,-0.001,-0.342,-0.498,-0.388,12.325,-0.418,2.299,12.007,1.280,0.151,-0.196,0.001,0.030,-0.003,-0.328,0.000,0.000,5.994,0.004,4.769,5.675,4.285
-8.901,-4.431,-0.000,0.939,0.003,-0.001,-0.344,-0.498,-0.388,12.387,-0.418,2.349,12.066,1.325,0.161,-0.211,0.001,0.029,-0.003,-0.352,0.000,0.001,6.421,0.003,5.105,6.076,4.586
-8.899,-4.433,-0.000,0.938,0.003,-0.001,-0.345,-0.498,-0.388,12.453,-0.418,2.401,12.128,1.372,0.170,-0.225,0.001,0.027,-0.003,-0.376,0.000,0.001,6.833,0.003,5.430,6.464,4.879
-8.898,-4.436,-0.000,0.938,0.003,-0.001,-0.347,-0.498,-0.388,12.523,-0.418,2.457,12.195,1.422,0.180,-0.239,0.000,0.025,-0.003,-0.398,0.001,0.002,7.232,0.002,5.745,6.838,5.163
-8.896,-4.438,-0.000,0.937,0.003,-0.001,-0.349,-0.498,-0.388,12.598,-0.418,2.516,12.265,1.475,0.189,-0.253,-0.000,0.021,-0.003,-0.420,0.001,0.002,7.617,0.002,6.051,7.201,5.439
-8.894,-4.441,-0.000,0.936,0.003,-0.001,-0.351,-0.498,-0.388,12.676,-0.417,2.578,12.339,1.531,0.197,-0.266,-0.000,0.018,-0.004,-0.441,0.001,0.003,7.987,0.002,6.348,7.554,5.709
-8.892,-4.443,-0.000,0.936,0.003,-0.001,-0.353,-0.498,-0.388,12.757,-0.417,2.643,12.416,1.589,0.205,-0.279,-0.001,0.014,-0.005,-0.460,0.001,0.004,8.344,0.002,6.637,7.896,5.973
-8.890,-4.446,-0.000,0.935,0.003,-0.001,-0.355,-0.498,-0.388,12.843,-0.417,2.711,12.497,1.650,0.213,-0.292,-0.001,0.010,-0.005,-0.479,0.001,0.004,8.689,0.002,6.917,8.228,6.229
-8.888,-4.449,-0.000,0.934,0.003,-0.001,-0.358,-0.498,-0.388,12.931,-0.417,2.782,12.581,1.714,0.220,-0.305,-0.002,0.004,-0.006,-0.498,0.001,0.005,9.025,0.001,7.189,8.550,6.478
-8.885,-4.452,-0.000,0.933,0.003,-0.001,-0.360,-0.498,-0.388,13.023,-0.417,2.855,12.668,1.780,0.227,-0.317,-0.002,-0.002,-0.005,-0.516,0.001,0.005,9.351,0.001,7.451,8.864,6.719
-8.883,-4.456,-0.000,0.932,0.003,-0.001,-0.363,-0.498,-0.388,13.118,-0.417,2.931,12.758,1.848,0.233,-0.329,-0.003,-0.010,-0.005,-0.533,0.001,0.006,9.670,0.001,7.705,9.169,6.952
-8.881,-4.459,-0.000,0.931,0.003,-0.001,-0.365,-0.498,-0.388,13.216,-0.417,3.009,12.851,1.919,0.239,-0.341,-0.004,-0.018,-0.004,-0.549,0.001,0.006,9.981,0.001,7.950,9.466,7.177
-8.878,-4.462,-0.000,0.930,0.003,-0.001,-0.368,-0.498,-0.388,13.318,-0.417,3.090,12.947,1.992,0.244,-0.352,-0.005,-0.026,-0.003,-0.565,0.001,0.006,10.286,0.001,8.187,9.756,7.394
-8.876,-4.466,-0.000,0.929,0.003,-0.001,-0.370,-0.498,-0.388,13.422,-0.417,3.173,13.046,2.067,0.249,-0.363,-0.005,-0.035,-0.002,-0.580,0.001,0.006,10.585,0.000,8.415,10.039,7.604
-8.873,-4.470,-0.001,0.928,0.003,-0.001,-0.373,-0.498,-0.388,13.529,-0.417,3.258,13.148,2.144,0.254,-0.374,-0.006,-0.043,-0.001,-0.594,0.001,0.006,10.877,0.000,8.634,10.315,7.805
-8.871,-4.473,-0.001,0.927,0.002,-0.001,-0.376,-0.498,-0.388,13.640,-0.417,3.345,13.252,2.223,0.258,-0.385,-0.007,-0.050,-0.001,-0.608,0.000,0.005,11.162,0.000,8.846,10.586,7.999
-8.868,-4.477,-0.001,0.926,0.002,-0.001,-0.379,-0.498,-0.388,13.753,-0.417,3.435,13.360,2.304,0.261,-0.395,-0.007,-0.055,-0.001,-0.621,0.000,0.005,11.442,-0.000,9.049,10.850,8.184
-8.866,-4.481,-0.001,0.924,0.002,-0.001,-0.382,-0.498,-0.387,13.868,-0.417,3.526,13.469,2.386,0.265,-0.405,-0.007,-0.059,-0.002,-0.634,0.000,0.004,11.716,-0.000,9.244,11.109,8.361
-8.863,-4.485,-0.001,0.923,0.002,-0.001,-0.385,-0.498,-0.387,13.987,-0.417,3.620,13.582,2.471,0.267,-0.415,-0.007,-0.060,-0.004,-0.647,0.000,0.003,11.982,-0.000,9.431,11.361,8.529
-8.860,-4.490,-0.001,0.922,0.001,-0.001,-0.388,-0.498,-0.387,14.108,-0.417,3.715,13.697,2.557,0.270,-0.425,-0.007,-0.060,-0.006,-0.660,-0.000,0.002,12.240,-0.000,9.611,11.607,8.690
-8.858,-4.494,-0.001,0.921,0.001,-0.001,-0.391,-0.498,-0.387,14.232,-0.417,3.812,13.814,2.645,0.272,-0.434,-0.006,-0.058,-0.008,-0.672,-0.000,0.001,12.490,-0.000,9.782,11.846,8.844
-8.855,-4.498,-0.001,0.919,0.001,-0.001,-0.394,-0.498,-0.387,14.358,-0.417,3.910,13.934,2.734,0.273,-0.443,-0.005,-0.055,-0.011,-0.684,-0.000,-0.000,12.732,-0.000,9.947,12.079,8.990
-8.852,-4.503,-0.001,0.918,0.001,-0.001,-0.397,-0.498,-0.387,14.486,-0.417,4.011,14.055,2.824,0.275,-0.452,-0.004,-0.051,-0.014,-0.696,-0.000,-0.001,12.965,-0.000,10.106,12.304,9.130
-8.849,-4.507,-0.001,0.916,0.000,-0.000,-0.400,-0.498,-0.387,14.617,-0.417,4.112,14.180,2.916,0.276,-0.461,-0.003,-0.046,-0.017,-0.708,-0.000,-0.002,13.188,0.000,10.257,12.523,9.265
-8.847,-4.512,-0.001,0.915,0.000,-0.000,-0.403,-0.498,-0.387,14.750,-0.417,4.216,14.306,3.010,0.276,-0.470,-0.002,-0.041,-0.019,-0.719,-0.000,-0.003,13.399,0.000,10.401,12.733,9.396
-8.844,-4.517,-0.001,0.914,-0.000,-0.001,-0.407,-0.498,-0.387,14.885,-0.417,4.320,14.434,3.104,0.277,-0.479,-0.001,-0.035,-0.021,-0.729,-0.000,-0.004,13.599,0.001,10.538,12.936,9.525
-8.841,-4.522,-0.001,0.912,-0.000,-0.001,-0.410,-0.498,-0.388,15.022,-0.417,4.426,14.565,3.200,0.277,-0.487,0.000,-0.029,-0.022,-0.739,-0.000,-0.004,13.788,0.001,10.669,13.131,9.653
-8.838,-4.527,-0.001,0.911,-0.000,-0.001,-0.413,-0.498,-0.388,15.161,-0.417,4.534,14.697,3.297,0.277,-0.495,0.001,-0.024,-0.023,-0.748,-0.000,-0.004,13.967,0.001,10.793,13.318,9.780
-8.835,-4.532,-0.001,0.909,-0.001,-0.001,-0.417,-0.498,-0.388,15.301,-0.417,4.642,14.831,3.396,0.278,-0.503,0.002,-0.020,-0.023,-0.756,-0.000,-0.004,14.136,0.001,10.912,13.497,9.907
-8.833,-4.537,-0.001,0.907,-0.001,-0.001,-0.420,-0.498,-0.388,15.444,-0.417,4.752,14.967,3.496,0.278,-0.512,0.003,-0.017,-0.023,-0.763,0.000,-0.003,14.300,0.002,11.025,13.669,10.035
-8.830,-4.542,-0.001,0.906,-0.001,-0.001,-0.424,-0.498,-0.388,15.587,-0.417,4.863,15.104,3.597,0.277,-0.519,0.004,-0.016,-0.022,-0.769,0.000,-0.003,14.462,0.002,11.134,13.833,10.160
-8.827,-4.547,-0.001,0.904,-0.001,-0.001,-0.427,-0.498,-0.388,15.733,-0.417,4.975,15.243,3.699,0.277,-0.527,0.004,-0.018,-0.022,-0.776,0.000,-0.002,14.621,0.002,11.240,13.993,10.283
-8.824,-4.552,-0.001,0.902,-0.001,-0.001,-0.431,-0.498,-0.388,15.880,-0.417,5.088,15.384,3.802,0.277,-0.535,0.004,-0.022,-0.021,-0.782,0.000,-0.002,14.776,0.001,11.342,14.148,10.403
-8.822,-4.558,-0.001,0.901,-0.001,-0.001,-0.434,-0.498,-0.388,16.028,-0.417,5.202,15.526,3.907,0.276,-0.543,0.004,-0.027,-0.019,-0.789,0.000,-0.001,14.928,0.001,11.440,14.301,10.520
-8.819,-4.563,-0.001,0.899,-0.001,-0.001,-0.438,-0.498,-0.388,16.178,-0.417,5.316,15.670,4.013,0.275,-0.551,0.004,-0.033,-0.017,-0.796,-0.000,-0.001,15.075,0.000,11.534,14.451,10.632
-8.816,-4.569,-0.001,0.897,-0.002,-0.001,-0.441,-0.498,-0.388,16.330,-0.417,5.432,15.815,4.119,0.273,-0.559,0.004,-0.039,-0.015,-0.803,-0.000,-0.001,15.218,-0.000,11.624,14.600,10.740
-8.813,-4.574,-0.001,0.895,-0.002,-0.001,-0.445,-0.498,-0.388,16.483,-0.417,5.549,15.962,4.227,0.272,-0.566,0.004,-0.042,-0.012,-0.810,-0.000,-0.001,15.357,-0.000,11.712,14.748,10.841
-8.811,-4.580,-0.001,0.894,-0.002,-0.001,-0.449,-0.498,-0.388,16.637,-0.417,5.666,16.110,4.336,0.270,-0.574,0.004,-0.043,-0.010,-0.818,-0.001,-0.002,15.491,-0.001,11.796,14.894,10.935
-8.808,-4.586,-0.001,0.892,-0.002,-0.001,-0.452,-0.498,-0.388,16.792,-0.417,5.785,16.260,4.446,0.268,-0.581,0.005,-0.040,-0.007,-0.827,-0.001,-0.002,15.622,-0.001,11.878,15.037,11.021
-8.805,-4.592,-0.001,0.890,-0.002,-0.001,-0.456,-0.498,-0.388,16.949,-0.417,5.904,16.411,4.557,0.265,-0.589,0.006,-0.032,-0.006,-0.836,-0.001,-0.003,15.753,-0.002,11.957,15.175,11.099
-8.803,-4.598,-0.001,0.888,-0.003,-0.001,-0.460,-0.498,-0.388,17.107,-0.417,6.024,16.564,4.668,0.262,-0.596,0.007,-0.020,-0.004,-0.845,-0.001,-0.005,15.880,-0.003,12.034,15.305,11.169
-8.800,-4.604,-0.001,0.886,-0.003,-0.001,-0.464,-0.498,-0.388,17.267,-0.417,6.145,16.717,4.780,0.258,-0.603,0.008,-0.005,-0.002,-0.855,-0.002,-0.006,16.001,-0.003,12.109,15.427,11.231
-8.798,-4.610,-0.000,0.884,-0.003,-0.001,-0.467,-0.498,-0.388,17.427,-0.417,6.266,16.872,4.893,0.254,-0.610,0.009,0.009,-0.000,-0.868,-0.002,-0.007,16.120,-0.004,12.187,15.542,11.280
-8.795,-4.616,-0.000,0.882,-0.002,-0.001,-0.471,-0.498,-0.388,17.589,-0.417,6.388,17.028,5.006,0.250,-0.617,0.011,0.022,0.003,-0.882,-0.002,-0.008,16.234,-0.005,12.266,15.648,11.320
-8.793,-4.622,-0.000,0.880,-0.002,-0.001,-0.475,-0.498,-0.388,17.752,-0.418,6.511,17.185,5.119,0.245,-0.624,0.012,0.034,0.008,-0.897,-0.002,-0.008,16.340,-0.006,12.347,15.743,11.354
-8.790,-4.628,-0.000,0.878,-0.002,-0.001,-0.479,-0.498,-0.388,17.916,-0.418,6.635,17.343,5.233,0.240,-0.631,0.012,0.046,0.016,-0.911,-0.002,-0.007,16.438,-0.006,12.429,15.826,11.383
-8.788,-4.635,0.000,0.876,-0.002,-0.001,-0.483,-0.498,-0.388,18.081,-0.418,6.760,17.501,5.347,0.234,-0.638,0.012,0.056,0.028,-0.927,-0.002,-0.006,16.533,-0.006,12.513,15.898,11.406
-8.785,-4.641,0.000,0.873,-0.002,-0.001,-0.487,-0.499,-0.388,18.247,-0.418,6.886,17.661,5.461,0.228,-0.645,0.011,0.064,0.041,-0.943,-0.002,-0.004,16.628,-0.006,12.600,15.960,11.424
-8.783,-4.648,0.000,0.871,-0.001,-0.001,-0.491,-0.499,-0.388,18.413,-0.418,7.012,17.821,5.575,0.222,-0.651,0.009,0.069,0.055,-0.959,-0.001,-0.002,16.725,-0.005,12.691,16.012,11.439
-8.781,-4.654,0.000,0.869,-0.001,-0.001,-0.496,-0.499,-0.388,18.581,-0.418,7.139,17.981,5.689,0.216,-0.658,0.006,0.070,0.067,-0.974,-0.000,0.001,16.824,-0.005,12.787,16.057,11.457
-8.779,-4.661,0.000,0.866,-0.000,-0.001,-0.500,-0.499,-0.388,18.750,-0.418,7.268,18.142,5.804,0.210,-0.664,0.004,0.067,0.076,-0.986,0.000,0.004,16.924,-0.004,12.888,16.096,11.483
-8.777,-4.667,0.000,0.864,0.000,-0.001,-0.504,-0.499,-0.388,18.920,-0.418,7.397,18.303,5.919,0.204,-0.670,0.001,0.059,0.080,-0.994,0.001,0.006,17.025,-0.003,12.993,16.132,11.520
-8.775,-4.674,0.000,0.861,0.001,-0.000,-0.508,-0.499,-0.388,19.090,-0.418,7.528,18.464,6.035,0.199,-0.676,-0.002,0.047,0.079,-1.000,0.001,0.008,17.127,-0.002,13.101,16.167,11.567
-8.773,-4.681,0.000,0.859,0.001,-0.000,-0.513,-0.499,-0.388,19.262,-0.418,7.659,18.626,6.151,0.193,-0.682,-0.004,0.033,0.074,-1.002,0.001,0.010,17.229,-0.001,13.210,16.203,11.625
-8.771,-4.688,0.000,0.856,0.001,0.000,-0.517,-0.498,-0.388,19.435,-0.418,7.792,18.788,6.267,0.188,-0.687,-0.007,0.015,0.064,-1.002,0.002,0.011,17.333,0.000,13.317,16.244,11.691
-8.769,-4.695,0.000,0.853,0.002,0.000,-0.521,-0.498,-0.388,19.609,-0.418,7.926,18.951,6.384,0.183,-0.692,-0.009,-0.003,0.050,-0.999,0.002,0.011,17.437,0.001,13.419,16.291,11.762
-8.767,-4.702,0.000,0.851,0.002,0.001,-0.526,-0.498,-0.388,19.784,-0.418,8.060,19.114,6.502,0.178,-0.697,-0.011,-0.020,0.034,-0.996,0.002,0.011,17.542,0.002,13.514,16.346,11.836
-8.766,-4.709,-0.000,0.848,0.002,0.001,-0.530,-0.498,-0.388,19.960,-0.418,8.196,19.278,6.621,0.172,-0.701,-0.012,-0.033,0.017,-0.992,0.002,0.010,17.646,0.003,13.597,16.410,11.908
-8.764,-4.716,-0.000,0.845,0.001,0.001,-0.534,-0.498,-0.388,20.137,-0.418,8.332,19.443,6.741,0.167,-0.705,-0.013,-0.043,0.000,-0.989,0.002,0.009,17.747,0.004,13.669,16.482,11.977
-8.762,-4.723,-0.000,0.843,0.001,0.001,-0.538,-0.498,-0.388,20.315,-0.418,8.469,19.608,6.861,0.161,-0.708,-0.013,-0.048,-0.016,-0.986,0.002,0.007,17.845,0.004,13.728,16.563,12.043
-8.761,-4.730,-0.000,0.840,0.001,0.001,-0.542,-0.498,-0.387,20.494,-0.418,8.607,19.774,6.981,0.155,-0.711,-0.013,-0.048,-0.030,-0.985,0.001,0.004,17.935,0.004,13.776,16.649,12.105
-8.759,-4.737,-0.001,0.837,0.001,0.001,-0.546,-0.498,-0.387,20.673,-0.418,8.745,19.941,7.103,0.148,-0.714,-0.012,-0.043,-0.041,-0.984,0.001,0.001,18.017,0.004,13.812,16.741,12.163
-8.758,-4.744,-0.001,0.835,0.000,0.001,-0.551,-0.498,-0.387,20.854,-0.418,8.883,20.109,7.225,0.142,-0.717,-0.011,-0.036,-0.050,-0.984,0.000,-0.001,18.089,0.004,13.840,16.834,12.218
-8.756,-4.751,-0.001,0.832,0.000,0.001,-0.555,-0.498,-0.387,21.035,-0.418,9.021,20.277,7.347,0.135,-0.719,-0.010,-0.026,-0.055,-0.985,-0.000,-0.003,18.151,0.003,13.861,16.926,12.271
-8.755,-4.758,-0.001,0.829,-0.000,0.001,-0.559,-0.498,-0.387,21.217,-0.418,9.160,20.447,7.470,0.128,-0.722,-0.008,-0.014,-0.057,-0.987,-0.000,-0.004,18.202,0.003,13.877,17.015,12.321
-8.754,-4.766,-0.001,0.827,-0.000,0.000,-0.563,-0.498,-0.388,21.399,-0.418,9.299,20.618,7.594,0.121,-0.724,-0.007,-0.003,-0.054,-0.989,-0.001,-0.005,18.244,0.002,13.892,17.098,12.370
-8.753,-4.773,-0.001,0.824,-0.000,0.000,-0.567,-0.498,-0.388,21.582,-0.418,9.438,20.789,7.717,0.114,-0.726,-0.005,0.008,-0.048,-0.991,-0.001,-0.005,18.279,0.001,13.907,17.174,12.419
-8.751,-4.780,-0.001,0.821,-0.001,-0.000,-0.571,-0.498,-0.388,21.765,-0.418,9.577,20.961,7.842,0.107,-0.728,-0.004,0.016,-0.039,-0.993,-0.001,-0.005,18.309,0.001,13.923,17.240,12.468
-8.750,-4.787,-0.001,0.818,-0.001,-0.000,-0.575,-0.498,-0.388,21.948,-0.418,9.716,21.134,7.967,0.100,-0.730,-0.003,0.022,-0.030,-0.994,-0.001,-0.004,18.336,0.000,13.944,17.298,12.519
