9.000,-1.000,0.001,1.000,0.000,0.000,0.000,-0.000,-0.000,0.000,-0.000,0.000,0.000,0.000,-0.000,-0.000,0.000,-0.000,-0.000,-0.000,0.000,0.000,-0.000,0.000,-0.000,-0.000,-0.000
9.000,-1.000,0.000,1.000,0.000,0.000,0.000,-0.111,-0.083,-0.002,-0.086,-0.002,-0.004,-0.003,-0.032,0.001,-0.000,0.002,0.017,0.012,-17.732,-13.710,-0.481,-14.551,-0.421,-0.708,-0.662
8.999,-1.000,0.000,1.000,0.000,0.000,0.000,-0.259,-0.207,-0.010,-0.225,-0.009,-0.014,-0.013,-0.059,0.004,-0.000,0.005,0.018,0.025,-9.115,-8.840,-1.130,-10.122,-1.008,-1.296,-1.195
8.999,-1.000,0.000,1.000,0.000,0.000,0.000,-0.262,-0.232,-0.025,-0.243,-0.023,-0.029,-0.027,-0.080,0.009,-0.000,0.006,0.014,0.043,7.640,3.609,-1.850,6.215,-1.717,-1.795,-1.619
8.998,-1.000,0.000,1.000,0.000,0.000,0.001,-0.146,-0.157,-0.047,-0.134,-0.043,-0.050,-0.045,-0.104,0.010,-0.000,0.003,0.012,0.055,12.810,9.360,-2.487,12.716,-2.319,-2.305,-2.072
8.997,-1.000,0.000,1.000,0.000,0.000,0.001,-0.065,-0.090,-0.074,-0.047,-0.068,-0.075,-0.069,-0.133,0.009,-0.000,-0.001,0.012,0.057,2.156,2.699,-2.955,3.355,-2.727,-2.863,-2.614
8.995,-1.000,0.000,1.000,0.000,0.000,0.001,-0.108,-0.115,-0.106,-0.077,-0.097,-0.107,-0.098,-0.161,0.009,-0.001,-0.001,0.010,0.062,-9.109,-6.588,-3.366,-7.955,-3.074,-3.433,-3.160
8.993,-1.000,0.000,1.000,0.000,0.000,0.001,-0.200,-0.187,-0.142,-0.168,-0.130,-0.144,-0.131,-0.185,0.013,-0.001,0.003,0.005,0.084,-7.439,-6.213,-3.895,-8.321,-3.501,-3.964,-3.604
8.991,-0.999,0.000,1.000,0.000,0.000,0.002,-0.226,-0.216,-0.184,-0.208,-0.168,-0.186,-0.169,-0.206,0.018,-0.001,0.004,-0.000,0.112,2.303,0.502,-4.494,0.670,-4.022,-4.439,-3.962
8.989,-0.999,0.000,1.000,0.000,0.000,0.003,-0.170,-0.181,-0.232,-0.164,-0.210,-0.233,-0.211,-0.226,0.020,-0.002,-0.000,-0.002,0.125,7.429,5.450,-5.044,6.648,-4.526,-4.890,-4.343
8.987,-0.999,0.000,1.000,0.000,0.000,0.003,-0.112,-0.133,-0.284,-0.109,-0.258,-0.284,-0.256,-0.250,0.019,-0.002,-0.005,-0.001,0.125,3.086,3.188,-5.482,3.329,-4.932,-5.352,-4.790
8.984,-0.999,0.000,1.000,0.000,0.000,0.004,-0.119,-0.130,-0.341,-0.111,-0.309,-0.340,-0.307,-0.273,0.018,-0.003,-0.006,-0.000,0.129,-3.900,-2.237,-5.871,-3.335,-5.276,-5.827,-5.246
8.981,-0.999,0.000,1.000,0.000,0.000,0.005,-0.169,-0.164,-0.402,-0.159,-0.363,-0.400,-0.361,-0.295,0.021,-0.004,-0.003,-0.002,0.147,-4.938,-3.665,-6.314,-5.204,-5.637,-6.292,-5.637
8.978,-0.998,0.000,1.000,0.000,0.000,0.005,-0.197,-0.186,-0.468,-0.193,-0.422,-0.465,-0.419,-0.313,0.025,-0.005,-0.002,-0.003,0.170,-0.240,-0.481,-6.806,-1.151,-6.044,-6.726,-5.970
8.975,-0.998,0.000,1.000,0.000,0.000,0.006,-0.175,-0.173,-0.538,-0.180,-0.484,-0.535,-0.480,-0.331,0.026,-0.006,-0.005,-0.004,0.183,3.814,2.821,-7.270,3.207,-6.463,-7.130,-6.308
8.972,-0.998,0.000,1.000,-0.000,0.000,0.007,-0.139,-0.143,-0.613,-0.146,-0.551,-0.608,-0.545,-0.351,0.025,-0.007,-0.009,-0.003,0.185,2.711,2.472,-7.667,2.748,-6.840,-7.527,-6.685
8.968,-0.998,0.000,1.000,-0.000,0.000,0.008,-0.132,-0.133,-0.691,-0.136,-0.621,-0.685,-0.614,-0.370,0.024,-0.008,-0.010,-0.002,0.186,-1.164,-0.408,-8.028,-0.760,-7.174,-7.927,-7.069
8.964,-0.997,0.000,1.000,-0.000,0.000,0.009,-0.155,-0.147,-0.773,-0.157,-0.694,-0.767,-0.687,-0.388,0.025,-0.009,-0.008,-0.002,0.198,-2.892,-2.067,-8.408,-2.812,-7.495,-8.326,-7.416
8.960,-0.997,-0.000,1.000,-0.000,0.000,0.010,-0.176,-0.164,-0.859,-0.179,-0.771,-0.852,-0.762,-0.404,0.027,-0.010,-0.007,-0.003,0.215,-1.005,-0.931,-8.812,-1.374,-7.828,-8.709,-7.723
8.956,-0.997,-0.000,1.000,-0.000,0.000,0.011,-0.172,-0.163,-0.950,-0.180,-0.851,-0.941,-0.841,-0.420,0.028,-0.010,-0.007,-0.003,0.228,1.533,0.935,-9.205,1.148,-8.167,-9.074,-8.022
8.952,-0.997,-0.000,1.000,-0.000,0.000,0.012,-0.154,-0.150,-1.043,-0.164,-0.934,-1.033,-0.923,-0.436,0.027,-0.011,-0.009,-0.002,0.233,1.742,1.390,-9.562,1.684,-8.492,-9.423,-8.336
8.948,-0.996,-0.000,1.000,-0.000,0.000,0.013,-0.144,-0.141,-1.141,-0.153,-1.021,-1.129,-1.008,-0.451,0.026,-0.012,-0.010,-0.002,0.235,0.065,0.280,-9.893,0.339,-8.799,-9.762,-8.656
8.943,-0.996,-0.000,1.000,-0.000,0.000,0.015,-0.152,-0.145,-1.241,-0.157,-1.110,-1.228,-1.096,-0.466,0.026,-0.012,-0.008,-0.002,0.241,-1.257,-0.823,-10.222,-1.079,-9.090,-10.097,-8.957
8.938,-0.996,-0.001,1.000,-0.000,0.000,0.016,-0.163,-0.153,-1.345,-0.169,-1.202,-1.331,-1.187,-0.480,0.026,-0.012,-0.005,-0.002,0.252,-0.872,-0.702,-10.556,-0.962,-9.373,-10.425,-9.233
8.933,-0.995,-0.001,1.000,-0.000,0.000,0.017,-0.167,-0.157,-1.452,-0.173,-1.297,-1.437,-1.281,-0.493,0.026,-0.012,-0.002,-0.003,0.264,0.229,0.037,-10.883,0.009,-9.646,-10.743,-9.493
8.928,-0.995,-0.001,1.000,-0.000,0.000,0.019,-0.161,-0.153,-1.563,-0.169,-1.395,-1.546,-1.377,-0.506,0.026,-0.011,-0.001,-0.003,0.272,0.800,0.535,-11.192,0.658,-9.914,-11.047,-9.752
8.923,-0.995,-0.001,1.000,-0.000,0.000,0.020,-0.154,-0.149,-1.676,-0.164,-1.496,-1.658,-1.476,-0.518,0.025,-0.010,0.000,-0.002,0.276,0.354,0.313,-11.483,0.369,-10.175,-11.336,-10.012
8.918,-0.995,-0.001,1.000,-0.000,0.000,0.021,-0.154,-0.147,-1.792,-0.162,-1.599,-1.773,-1.577,-0.530,0.023,-0.009,0.002,-0.002,0.279,-0.211,-0.074,-11.760,-0.100,-10.429,-11.611,-10.266
8.913,-0.995,-0.001,1.000,-0.000,0.000,0.023,-0.157,-0.149,-1.911,-0.165,-1.704,-1.890,-1.681,-0.542,0.022,-0.008,0.005,-0.003,0.285,-0.379,-0.240,-12.030,-0.351,-10.671,-11.879,-10.505
8.907,-0.994,-0.001,1.000,-0.000,0.000,0.024,-0.160,-0.151,-2.033,-0.168,-1.812,-2.010,-1.787,-0.553,0.021,-0.007,0.008,-0.003,0.293,-0.138,-0.109,-12.293,-0.180,-10.901,-12.138,-10.731
8.902,-0.994,-0.001,1.000,-0.000,0.000,0.026,-0.160,-0.152,-2.157,-0.169,-1.922,-2.133,-1.895,-0.563,0.021,-0.005,0.009,-0.003,0.300,0.039,-0.023,-12.546,-0.039,-11.120,-12.389,-10.946
8.896,-0.994,-0.001,1.000,-0.000,0.000,0.027,-0.160,-0.152,-2.284,-0.169,-2.035,-2.258,-2.006,-0.574,0.020,-0.004,0.010,-0.002,0.307,0.088,0.031,-12.789,0.020,-11.332,-12.629,-11.155
8.890,-0.994,-0.001,1.000,-0.000,0.000,0.029,-0.159,-0.151,-2.413,-0.169,-2.149,-2.385,-2.118,-0.584,0.018,-0.003,0.010,-0.002,0.313,0.057,0.029,-13.020,0.010,-11.538,-12.858,-11.358
8.884,-0.994,-0.001,1.000,-0.000,0.000,0.030,-0.158,-0.151,-2.544,-0.169,-2.265,-2.515,-2.233,-0.594,0.017,-0.001,0.009,-0.002,0.319,0.024,0.017,-13.242,0.003,-11.737,-13.077,-11.554
8.878,-0.993,-0.001,0.999,-0.000,0.000,0.032,-0.158,-0.151,-2.678,-0.169,-2.384,-2.647,-2.350,-0.603,0.015,-0.000,0.007,-0.002,0.324,0.003,0.010,-13.455,-0.001,-11.929,-13.289,-11.744
8.872,-0.993,-0.001,0.999,-0.000,0.000,0.033,-0.158,-0.151,-2.813,-0.169,-2.504,-2.781,-2.468,-0.612,0.013,0.000,0.005,-0.002,0.329,-0.005,0.007,-13.661,-0.002,-12.115,-13.493,-11.928
8.866,-0.993,-0.001,0.999,-0.000,0.000,0.035,-0.158,-0.151,-2.951,-0.169,-2.626,-2.917,-2.588,-0.622,0.012,0.001,0.003,-0.001,0.334,-0.006,0.006,-13.861,-0.002,-12.295,-13.692,-12.106
8.860,-0.993,-0.001,0.999,-0.000,0.000,0.037,-0.158,-0.151,-3.090,-0.169,-2.750,-3.055,-2.710,-0.631,0.010,0.001,0.000,-0.001,0.339,-0.004,0.006,-14.056,-0.002,-12.469,-13.885,-12.278
8.853,-0.993,-0.001,0.999,-0.000,0.000,0.039,-0.158,-0.151,-3.232,-0.169,-2.875,-3.194,-2.834,-0.639,0.008,0.001,-0.002,-0.001,0.343,-0.001,0.006,-14.247,-0.002,-12.638,-14.074,-12.445
8.847,-0.993,-0.001,0.999,-0.000,0.000,0.040,-0.158,-0.151,-3.375,-0.169,-3.002,-3.336,-2.959,-0.648,0.005,0.001,-0.003,-0.001,0.348,0.001,0.006,-14.434,-0.001,-12.802,-14.259,-12.607
8.840,-0.993,-0.001,0.999,-0.000,0.000,0.042,-0.158,-0.151,-3.521,-0.169,-3.131,-3.479,-3.086,-0.656,0.003,0.001,-0.004,-0.001,0.352,0.001,0.006,-14.617,-0.001,-12.963,-14.440,-12.766
8.834,-0.993,-0.001,0.999,-0.000,0.000,0.044,-0.158,-0.151,-3.668,-0.169,-3.262,-3.625,-3.214,-0.664,0.001,0.000,-0.003,-0.001,0.357,0.002,0.006,-14.796,-0.000,-13.120,-14.617,-12.921
8.827,-0.993,-0.001,0.999,-0.000,0.000,0.046,-0.158,-0.150,-3.817,-0.169,-3.394,-3.772,-3.344,-0.672,-0.001,0.000,-0.000,-0.002,0.361,0.002,0.006,-14.970,0.000,-13.273,-14.790,-13.072
8.820,-0.993,-0.001,0.999,-0.000,0.000,0.047,-0.158,-0.150,-3.967,-0.169,-3.527,-3.921,-3.476,-0.680,-0.004,0.001,0.004,-0.002,0.365,0.002,0.006,-15.139,0.001,-13.423,-14.958,-13.221
8.814,-0.993,-0.001,0.999,-0.000,0.000,0.049,-0.158,-0.150,-4.119,-0.169,-3.662,-4.071,-3.609,-0.687,-0.006,0.001,0.010,-0.002,0.369,0.002,0.006,-15.302,0.001,-13.571,-15.120,-13.366
8.807,-0.993,-0.001,0.999,0.000,0.000,0.051,-0.158,-0.150,-4.273,-0.169,-3.799,-4.223,-3.743,-0.695,-0.009,0.002,0.017,-0.003,0.373,0.002,0.006,-15.457,0.002,-13.715,-15.276,-13.509
8.800,-0.993,-0.001,0.999,0.000,0.000,0.053,-0.158,-0.150,-4.428,-0.169,-3.936,-4.376,-3.879,-0.702,-0.012,0.004,0.026,-0.003,0.377,0.002,0.006,-15.604,0.003,-13.855,-15.423,-13.649
8.793,-0.993,-0.001,0.998,0.000,0.000,0.055,-0.158,-0.150,-4.585,-0.169,-4.076,-4.531,-4.016,-0.709,-0.014,0.006,0.033,-0.004,0.381,0.002,0.006,-15.742,0.003,-13.992,-15.562,-13.786
8.785,-0.993,-0.001,0.998,0.000,0.000,0.057,-0.158,-0.150,-4.743,-0.169,-4.216,-4.688,-4.154,-0.716,-0.017,0.008,0.040,-0.004,0.385,0.002,0.006,-15.870,0.004,-14.125,-15.691,-13.919
8.778,-0.993,-0.001,0.998,0.001,0.000,0.059,-0.158,-0.150,-4.903,-0.169,-4.358,-4.845,-4.294,-0.723,-0.020,0.010,0.045,-0.004,0.389,0.002,0.006,-15.987,0.005,-14.254,-15.810,-14.048
8.771,-0.994,-0.001,0.998,0.001,0.000,0.061,-0.158,-0.150,-5.063,-0.169,-4.501,-5.004,-4.435,-0.730,-0.023,0.013,0.047,-0.003,0.393,0.002,0.006,-16.095,0.005,-14.376,-15.921,-14.172
8.764,-0.994,-0.001,0.998,0.001,0.000,0.063,-0.158,-0.150,-5.224,-0.169,-4.646,-5.164,-4.578,-0.737,-0.026,0.015,0.045,-0.003,0.396,0.002,0.006,-16.195,0.005,-14.493,-16.022,-14.290
8.756,-0.994,-0.001,0.998,0.001,0.000,0.065,-0.158,-0.150,-5.387,-0.169,-4.791,-5.324,-4.721,-0.744,-0.029,0.017,0.038,-0.002,0.400,0.002,0.006,-16.288,0.006,-14.603,-16.117,-14.402
8.749,-0.995,-0.000,0.998,0.002,0.000,0.067,-0.158,-0.150,-5.550,-0.168,-4.938,-5.486,-4.866,-0.751,-0.033,0.018,0.027,-0.000,0.404,0.002,0.006,-16.377,0.006,-14.705,-16.207,-14.506
8.741,-0.995,-0.000,0.998,0.002,0.000,0.069,-0.158,-0.150,-5.714,-0.168,-5.085,-5.648,-5.011,-0.758,-0.036,0.018,0.011,0.001,0.407,0.001,0.005,-16.465,0.005,-14.800,-16.294,-14.602
8.734,-0.995,-0.000,0.998,0.002,0.000,0.071,-0.158,-0.150,-5.879,-0.168,-5.234,-5.812,-5.158,-0.765,-0.040,0.017,-0.007,0.002,0.411,0.001,0.004,-16.553,0.005,-14.886,-16.381,-14.690
8.726,-0.996,0.000,0.997,0.002,0.000,0.073,-0.158,-0.150,-6.045,-0.168,-5.383,-5.976,-5.305,-0.771,-0.043,0.016,-0.028,0.004,0.414,0.001,0.003,-16.644,0.004,-14.965,-16.470,-14.769
8.718,-0.996,0.000,0.997,0.001,0.000,0.075,-0.158,-0.150,-6.212,-0.168,-5.533,-6.141,-5.453,-0.778,-0.047,0.013,-0.049,0.005,0.417,0.000,0.002,-16.741,0.004,-15.038,-16.563,-14.840
8.710,-0.997,0.000,0.997,0.001,0.000,0.077,-0.158,-0.150,-6.380,-0.168,-5.684,-6.307,-5.602,-0.783,-0.050,0.010,-0.069,0.006,0.420,-0.000,0.001,-16.845,0.003,-15.104,-16.662,-14.904
8.703,-0.997,0.000,0.997,0.001,0.000,0.079,-0.158,-0.150,-6.549,-0.168,-5.835,-6.474,-5.751,-0.789,-0.054,0.006,-0.086,0.007,0.422,-0.000,-0.000,-16.957,0.002,-15.165,-16.768,-14.962
8.695,-0.998,0.000,0.997,0.000,0.000,0.081,-0.158,-0.150,-6.719,-0.168,-5.987,-6.643,-5.901,-0.794,-0.058,0.001,-0.098,0.007,0.424,-0.000,-0.001,-17.076,0.002,-15.222,-16.880,-15.015
8.687,-0.998,0.000,0.997,-0.000,0.000,0.083,-0.158,-0.150,-6.891,-0.168,-6.139,-6.812,-6.051,-0.798,-0.062,-0.003,-0.105,0.006,0.426,-0.001,-0.002,-17.202,0.001,-15.277,-16.999,-15.065
8.679,-0.999,0.000,0.996,-0.001,0.000,0.085,-0.158,-0.150,-7.063,-0.168,-6.292,-6.983,-6.202,-0.802,-0.065,-0.008,-0.105,0.006,0.428,-0.001,-0.003,-17.333,0.001,-15.332,-17.123,-15.113
8.671,-1.000,0.000,0.996,-0.001,0.000,0.087,-0.158,-0.150,-7.237,-0.168,-6.446,-7.155,-6.354,-0.805,-0.069,-0.012,-0.098,0.004,0.429,-0.001,-0.003,-17.467,0.000,-15.387,-17.250,-15.161
8.663,-1.000,0.000,0.996,-0.002,0.000,0.090,-0.158,-0.150,-7.413,-0.168,-6.600,-7.328,-6.506,-0.807,-0.073,-0.015,-0.084,0.003,0.431,-0.001,-0.004,-17.600,-0.000,-15.445,-17.377,-15.212
8.654,-1.001,0.000,0.996,-0.002,-0.000,0.092,-0.158,-0.150,-7.589,-0.168,-6.755,-7.502,-6.658,-0.809,-0.077,-0.017,-0.064,0.001,0.432,-0.001,-0.004,-17.730,-0.001,-15.505,-17.502,-15.266
8.646,-1.002,-0.000,0.996,-0.002,-0.000,0.094,-0.158,-0.150,-7.767,-0.168,-6.910,-7.678,-6.811,-0.811,-0.080,-0.019,-0.039,-0.001,0.433,-0.001,-0.003,-17.853,-0.001,-15.570,-17.621,-15.325
8.638,-1.003,-0.000,0.995,-0.003,-0.000,0.096,-0.158,-0.150,-7.947,-0.168,-7.066,-7.854,-6.964,-0.812,-0.084,-0.019,-0.012,-0.003,0.434,-0.001,-0.003,-17.966,-0.002,-15.640,-17.732,-15.389
8.630,-1.004,-0.001,0.995,-0.003,-0.000,0.098,-0.158,-0.150,-8.127,-0.168,-7.223,-8.032,-7.119,-0.813,-0.088,-0.018,0.015,-0.005,0.436,-0.001,-0.002,-18.067,-0.002,-15.714,-17.833,-15.459
8.622,-1.004,-0.001,0.995,-0.002,-0.000,0.100,-0.158,-0.150,-8.308,-0.168,-7.381,-8.211,-7.274,-0.814,-0.091,-0.017,0.040,-0.006,0.437,-0.000,-0.001,-18.154,-0.002,-15.792,-17.922,-15.535
8.614,-1.005,-0.001,0.995,-0.002,-0.000,0.103,-0.158,-0.150,-8.490,-0.168,-7.539,-8.391,-7.429,-0.815,-0.095,-0.015,0.059,-0.007,0.439,-0.000,-0.001,-18.228,-0.003,-15.874,-17.999,-15.615
8.606,-1.006,-0.001,0.994,-0.002,-0.000,0.105,-0.158,-0.150,-8.672,-0.168,-7.698,-8.571,-7.586,-0.816,-0.099,-0.012,0.072,-0.007,0.440,-0.000,-0.000,-18.290,-0.003,-15.957,-18.064,-15.699
8.597,-1.007,-0.001,0.994,-0.001,-0.000,0.107,-0.158,-0.150,-8.855,-0.168,-7.858,-8.752,-7.743,-0.817,-0.102,-0.010,0.078,-0.007,0.442,-0.000,0.000,-18.341,-0.002,-16.041,-18.120,-15.784
8.589,-1.008,-0.001,0.994,-0.001,-0.000,0.109,-0.158,-0.150,-9.039,-0.168,-8.019,-8.933,-7.902,-0.818,-0.106,-0.007,0.075,-0.006,0.443,0.000,0.001,-18.385,-0.002,-16.123,-18.167,-15.868
8.581,-1.009,-0.001,0.994,-0.001,-0.000,0.111,-0.158,-0.150,-9.223,-0.168,-8.181,-9.115,-8.061,-0.820,-0.110,-0.005,0.066,-0.005,0.445,0.000,0.001,-18.425,-0.002,-16.201,-18.210,-15.949
8.573,-1.011,-0.001,0.994,-0.000,-0.000,0.114,-0.158,-0.150,-9.408,-0.168,-8.343,-9.298,-8.221,-0.821,-0.114,-0.003,0.052,-0.004,0.446,0.000,0.001,-18.463,-0.002,-16.274,-18.250,-16.026
8.565,-1.012,-0.001,0.993,-0.000,-0.000,0.116,-0.158,-0.150,-9.592,-0.168,-8.506,-9.480,-8.381,-0.822,-0.118,-0.002,0.036,-0.003,0.447,0.000,0.002,-18.502,-0.001,-16.341,-18.291,-16.098
8.556,-1.013,-0.001,0.993,-0.000,-0.000,0.118,-0.158,-0.150,-9.778,-0.168,-8.670,-9.663,-8.543,-0.824,-0.122,-0.001,0.021,-0.003,0.448,0.000,0.002,-18.543,-0.001,-16.403,-18.334,-16.162
8.548,-1.014,-0.001,0.993,0.000,-0.000,0.120,-0.158,-0.150,-9.963,-0.168,-8.834,-9.847,-8.704,-0.826,-0.126,0.000,0.008,-0.002,0.449,0.000,0.003,-18.587,-0.001,-16.458,-18.379,-16.221
8.540,-1.015,-0.001,0.992,0.000,-0.000,0.122,-0.158,-0.150,-10.149,-0.168,-8.999,-10.031,-8.867,-0.827,-0.130,0.001,0.001,-0.002,0.450,0.000,0.003,-18.634,-0.001,-16.510,-18.427,-16.274
8.532,-1.017,-0.001,0.992,0.000,-0.000,0.125,-0.158,-0.150,-10.336,-0.168,-9.164,-10.216,-9.030,-0.829,-0.134,0.002,0.001,-0.002,0.451,0.001,0.003,-18.681,-0.000,-16.558,-18.475,-16.323
8.523,-1.018,-0.001,0.992,0.000,-0.000,0.127,-0.158,-0.150,-10.523,-0.168,-9.330,-10.401,-9.193,-0.831,-0.138,0.003,0.008,-0.003,0.452,0.001,0.004,-18.726,0.000,-16.605,-18.523,-16.371
8.515,-1.020,-0.001,0.992,0.000,-0.000,0.129,-0.158,-0.150,-10.710,-0.168,-9.496,-10.586,-9.357,-0.833,-0.142,0.005,0.022,-0.003,0.454,0.001,0.005,-18.766,0.001,-16.653,-18.568,-16.419
8.507,-1.021,-0.001,0.991,0.000,-0.000,0.131,-0.158,-0.150,-10.898,-0.168,-9.663,-10.772,-9.522,-0.835,-0.146,0.006,0.040,-0.004,0.455,0.001,0.005,-18.799,0.002,-16.703,-18.606,-16.470
8.498,-1.022,-0.001,0.991,0.001,-0.000,0.134,-0.158,-0.150,-11.086,-0.168,-9.830,-10.958,-9.687,-0.837,-0.150,0.008,0.060,-0.004,0.457,0.001,0.006,-18.822,0.002,-16.757,-18.636,-16.524
8.490,-1.024,-0.001,0.991,0.001,-0.000,0.136,-0.158,-0.149,-11.275,-0.168,-9.998,-11.145,-9.852,-0.840,-0.155,0.010,0.078,-0.004,0.459,0.002,0.006,-18.836,0.003,-16.814,-18.656,-16.582
8.482,-1.026,-0.001,0.990,0.001,0.000,0.138,-0.158,-0.149,-11.463,-0.168,-10.167,-11.331,-10.018,-0.842,-0.159,0.012,0.092,-0.003,0.461,0.002,0.007,-18.840,0.004,-16.873,-18.667,-16.644
8.473,-1.027,-0.001,0.990,0.002,0.000,0.141,-0.158,-0.149,-11.652,-0.168,-10.336,-11.518,-10.185,-0.845,-0.164,0.013,0.097,-0.002,0.463,0.002,0.007,-18.837,0.005,-16.934,-18.668,-16.707
8.465,-1.029,-0.001,0.990,0.002,0.000,0.143,-0.158,-0.149,-11.840,-0.168,-10.505,-11.705,-10.353,-0.847,-0.169,0.014,0.092,-0.000,0.465,0.002,0.006,-18.829,0.006,-16.994,-18.663,-16.771
8.456,-1.031,-0.001,0.989,0.003,0.000,0.145,-0.158,-0.149,-12.028,-0.168,-10.676,-11.891,-10.521,-0.850,-0.173,0.014,0.075,0.001,0.467,0.001,0.005,-18.821,0.006,-17.049,-18.656,-16.831
8.448,-1.032,-0.000,0.989,0.003,0.000,0.147,-0.158,-0.149,-12.216,-0.168,-10.846,-12.078,-10.689,-0.853,-0.178,0.014,0.047,0.003,0.468,0.001,0.004,-18.818,0.006,-17.097,-18.651,-16.884
8.439,-1.034,-0.000,0.989,0.003,0.000,0.150,-0.158,-0.149,-12.404,-0.168,-11.018,-12.264,-10.858,-0.855,-0.183,0.013,0.010,0.005,0.469,0.000,0.003,-18.823,0.005,-17.134,-18.652,-16.927
8.431,-1.036,-0.000,0.988,0.003,0.000,0.152,-0.158,-0.149,-12.593,-0.168,-11.189,-12.451,-11.028,-0.857,-0.188,0.011,-0.033,0.007,0.470,-0.000,0.001,-18.841,0.004,-17.158,-18.663,-16.956
8.422,-1.038,-0.000,0.988,0.003,0.000,0.154,-0.158,-0.149,-12.781,-0.168,-11.361,-12.637,-11.197,-0.859,-0.193,0.009,-0.078,0.008,0.470,-0.001,-0.001,-18.874,0.003,-17.168,-18.687,-16.970
8.413,-1.040,0.000,0.988,0.002,0.000,0.157,-0.158,-0.149,-12.970,-0.168,-11.532,-12.825,-11.367,-0.861,-0.197,0.007,-0.121,0.009,0.471,-0.001,-0.003,-18.924,0.001,-17.163,-18.727,-16.968
8.405,-1.042,0.000,0.987,0.002,0.000,0.159,-0.158,-0.149,-13.160,-0.168,-11.704,-13.012,-11.537,-0.862,-0.202,0.004,-0.157,0.009,0.471,-0.002,-0.005,-18.991,0.000,-17.146,-18.783,-16.950
8.396,-1.044,0.000,0.987,0.001,0.000,0.161,-0.158,-0.149,-13.350,-0.168,-11.875,-13.200,-11.706,-0.863,-0.206,0.001,-0.184,0.009,0.470,-0.002,-0.007,-19.073,-0.001,-17.118,-18.854,-16.920
8.388,-1.046,0.000,0.987,-0.000,-0.000,0.164,-0.158,-0.149,-13.541,-0.168,-12.046,-13.389,-11.875,-0.863,-0.210,-0.002,-0.196,0.009,0.470,-0.002,-0.008,-19.166,-0.002,-17.082,-18.937,-16.879
8.379,-1.048,0.000,0.986,-0.001,-0.000,0.166,-0.158,-0.149,-13.734,-0.168,-12.217,-13.579,-12.044,-0.863,-0.215,-0.005,-0.193,0.007,0.470,-0.001,-0.008,-19.267,-0.002,-17.043,-19.028,-16.833
8.370,-1.050,0.000,0.986,-0.002,-0.000,0.168,-0.158,-0.149,-13.927,-0.168,-12.387,-13.770,-12.212,-0.862,-0.219,-0.007,-0.175,0.004,0.470,-0.001,-0.008,-19.369,-0.002,-17.006,-19.123,-16.785
8.362,-1.052,-0.000,0.985,-0.003,-0.000,0.171,-0.158,-0.150,-14.121,-0.168,-12.557,-13.961,-12.379,-0.861,-0.223,-0.009,-0.145,0.002,0.470,-0.001,-0.008,-19.467,-0.001,-16.974,-19.216,-16.743
8.353,-1.055,-0.000,0.985,-0.004,-0.000,0.173,-0.041,-0.068,-14.315,-0.069,-12.729,-14.153,-12.547,-0.855,-0.241,-0.010,-0.120,0.001,0.379,19.004,13.994,-19.304,16.566,-17.350,-19.130,-16.876
8.345,-1.057,-0.000,0.985,-0.004,-0.001,0.174,0.120,0.067,-14.506,0.083,-12.904,-14.343,-12.718,-0.843,-0.282,-0.007,-0.114,-0.016,0.153,10.068,9.999,-18.896,10.879,-17.638,-18.803,-17.342
8.336,-1.060,-0.000,0.985,-0.005,-0.001,0.174,0.122,0.083,-14.693,0.112,-13.081,-14.529,-12.894,-0.832,-0.315,-0.006,-0.069,-0.029,-0.045,-8.809,-6.569,-18.614,-4.325,-17.781,-18.439,-17.780
8.328,-1.064,-0.000,0.985,-0.005,-0.001,0.174,-0.007,-0.025,-14.879,0.023,-13.259,-14.713,-13.073,-0.832,-0.317,-0.011,0.047,-0.004,-0.067,-13.714,-12.273,-18.599,-11.019,-17.812,-18.399,-17.933
8.320,-1.067,-0.001,0.985,-0.004,-0.001,0.174,-0.089,-0.106,-15.065,-0.052,-13.437,-14.898,-13.251,-0.839,-0.297,-0.012,0.151,-0.002,0.040,-1.544,-2.636,-18.624,-2.574,-17.790,-18.601,-17.810
8.311,-1.070,-0.001,0.985,-0.003,-0.001,0.174,-0.037,-0.073,-15.251,-0.018,-13.615,-15.085,-13.429,-0.842,-0.287,-0.011,0.173,-0.011,0.103,10.067,7.947,-18.557,8.091,-17.858,-18.736,-17.731
8.303,-1.072,-0.001,0.985,-0.003,-0.001,0.175,0.062,0.015,-15.436,0.067,-13.794,-15.272,-13.607,-0.838,-0.298,-0.010,0.122,-0.012,0.051,7.542,7.705,-18.465,6.921,-17.998,-18.652,-17.880
8.294,-1.075,-0.001,0.985,-0.002,-0.001,0.175,0.083,0.048,-15.621,0.093,-13.975,-15.457,-13.787,-0.829,-0.316,-0.010,0.094,-0.009,-0.053,-3.237,-1.335,-18.398,-1.824,-18.186,-18.415,-18.136
8.286,-1.079,-0.001,0.985,-0.002,-0.001,0.174,0.017,0.001,-15.805,0.042,-14.158,-15.641,-13.969,-0.827,-0.319,-0.011,0.108,0.005,-0.081,-8.136,-6.596,-18.411,-6.961,-18.310,-18.309,-18.280
8.278,-1.082,-0.001,0.985,-0.001,-0.000,0.174,-0.041,-0.050,-15.989,-0.014,-14.341,-15.824,-14.152,-0.832,-0.308,-0.010,0.120,0.005,-0.021,-2.534,-2.576,-18.430,-3.267,-18.287,-18.412,-18.271
8.269,-1.085,-0.001,0.985,-0.000,-0.000,0.174,-0.026,-0.041,-16.173,-0.011,-14.523,-16.009,-14.335,-0.837,-0.299,-0.008,0.101,0.001,0.034,4.902,3.877,-18.428,3.375,-18.229,-18.540,-18.252
8.261,-1.088,-0.001,0.985,0.000,-0.000,0.174,0.031,0.009,-16.357,0.033,-14.706,-16.195,-14.517,-0.835,-0.303,-0.006,0.057,0.003,0.015,5.127,4.976,-18.395,4.376,-18.298,-18.525,-18.347
8.253,-1.091,-0.001,0.985,0.000,-0.000,0.174,0.055,0.038,-16.541,0.057,-14.890,-16.379,-14.702,-0.830,-0.314,-0.004,0.025,0.001,-0.051,-0.578,0.414,-18.328,0.126,-18.497,-18.378,-18.506
8.245,-1.094,-0.001,0.985,0.000,-0.000,0.174,0.025,0.019,-16.724,0.036,-15.076,-16.562,-14.887,-0.828,-0.318,-0.001,0.019,-0.000,-0.082,-4.415,-3.418,-18.299,-3.582,-18.652,-18.286,-18.605
8.236,-1.097,-0.001,0.985,0.000,-0.000,0.173,-0.012,-0.012,-16.907,0.002,-15.262,-16.745,-15.073,-0.832,-0.312,0.002,0.028,-0.001,-0.050,-2.377,-2.238,-18.344,-2.525,-18.636,-18.345,-18.601
8.228,-1.100,-0.001,0.985,0.001,-0.000,0.173,-0.013,-0.018,-17.091,-0.004,-15.448,-16.929,-15.259,-0.837,-0.304,0.004,0.038,-0.001,-0.005,1.908,1.084,-18.423,1.080,-18.531,-18.457,-18.563
8.219,-1.103,-0.001,0.985,0.001,-0.000,0.173,0.015,0.004,-17.276,0.016,-15.633,-17.114,-15.445,-0.839,-0.304,0.007,0.043,-0.001,-0.000,2.991,2.611,-18.442,2.433,-18.515,-18.491,-18.584
8.211,-1.106,-0.001,0.985,0.001,-0.000,0.173,0.034,0.023,-17.460,0.033,-15.819,-17.299,-15.631,-0.838,-0.311,0.009,0.052,-0.002,-0.032,0.529,0.893,-18.376,0.746,-18.628,-18.426,-18.671
8.203,-1.110,-0.001,0.985,0.001,-0.000,0.173,0.025,0.019,-17.643,0.029,-16.006,-17.483,-15.818,-0.838,-0.315,0.011,0.070,-0.001,-0.059,-1.914,-1.322,-18.294,-1.425,-18.760,-18.350,-18.759
8.194,-1.113,-0.001,0.985,0.002,0.000,0.173,0.005,0.004,-17.826,0.012,-16.194,-17.666,-16.006,-0.841,-0.314,0.012,0.091,-0.000,-0.051,-1.616,-1.376,-18.274,-1.526,-18.805,-18.337,-18.797
8.186,-1.116,-0.001,0.985,0.002,0.000,0.173,-0.001,-0.003,-18.009,0.005,-16.382,-17.850,-16.194,-0.845,-0.310,0.012,0.102,0.001,-0.027,0.322,0.040,-18.304,-0.022,-18.785,-18.362,-18.804
8.177,-1.119,-0.001,0.985,0.003,0.000,0.172,0.009,0.004,-18.192,0.011,-16.569,-18.033,-16.382,-0.849,-0.309,0.013,0.097,0.001,-0.016,1.426,1.188,-18.316,1.069,-18.789,-18.361,-18.830
8.169,-1.122,-0.001,0.985,0.003,0.000,0.172,0.020,0.015,-18.375,0.020,-16.758,-18.217,-16.571,-0.850,-0.313,0.012,0.077,0.002,-0.028,0.699,0.774,-18.270,0.663,-18.855,-18.313,-18.896
8.160,-1.125,-0.000,0.985,0.003,0.000,0.172,0.021,0.018,-18.557,0.022,-16.947,-18.399,-16.760,-0.852,-0.316,0.012,0.048,0.002,-0.044,-0.490,-0.215,-18.208,-0.225,-18.935,-18.256,-18.970
8.152,-1.128,-0.000,0.985,0.004,0.000,0.172,0.013,0.013,-18.739,0.017,-17.136,-18.582,-16.950,-0.854,-0.317,0.011,0.013,0.002,-0.049,-0.827,-0.631,-18.181,-0.677,-18.981,-18.228,-19.016
8.143,-1.132,-0.000,0.985,0.004,0.000,0.172,0.008,0.008,-18.921,0.012,-17.326,-18.764,-17.140,-0.857,-0.316,0.009,-0.030,0.003,-0.042,-0.242,-0.275,-18.203,-0.304,-18.983,-18.237,-19.025
8.135,-1.135,-0.000,0.985,0.003,0.000,0.172,0.009,0.008,-19.103,0.012,-17.516,-18.947,-17.331,-0.859,-0.315,0.008,-0.078,0.004,-0.036,0.333,0.181,-18.248,0.164,-18.966,-18.266,-19.015
8.126,-1.138,-0.000,0.985,0.003,0.000,0.171,0.013,0.011,-19.286,0.014,-17.705,-19.129,-17.521,-0.862,-0.316,0.006,-0.126,0.005,-0.036,0.360,0.302,-18.296,0.246,-18.946,-18.300,-18.999
8.118,-1.141,0.000,0.985,0.002,0.000,0.171,0.015,0.013,-19.469,0.016,-17.895,-19.313,-17.711,-0.863,-0.317,0.004,-0.167,0.006,-0.041,0.092,0.122,-18.348,0.079,-18.921,-18.345,-18.975
8.109,-1.144,0.000,0.985,0.001,0.000,0.171,0.015,0.013,-19.653,0.016,-18.084,-19.496,-17.900,-0.865,-0.317,0.002,-0.196,0.008,-0.046,-0.113,-0.033,-18.417,-0.079,-18.883,-18.405,-18.937
8.100,-1.147,0.000,0.985,0.000,-0.000,0.171,0.013,0.012,-19.837,0.014,-18.272,-19.681,-18.089,-0.866,-0.317,-0.000,-0.209,0.008,-0.048,-0.142,-0.078,-18.502,-0.123,-18.833,-18.483,-18.881
8.092,-1.151,0.000,0.985,-0.001,-0.000,0.170,0.012,0.012,-20.023,0.013,-18.460,-19.866,-18.278,-0.867,-0.317,-0.003,-0.204,0.008,-0.047,-0.056,-0.033,-18.599,-0.063,-18.776,-18.572,-18.814
8.083,-1.154,-0.000,0.985,-0.002,-0.000,0.170,0.012,0.012,-20.209,0.013,-18.648,-20.052,-18.466,-0.868,-0.316,-0.005,-0.184,0.007,-0.047,-0.002,-0.012,-18.698,-0.025,-18.719,-18.666,-18.746
8.074,-1.157,-0.000,0.985,-0.003,-0.000,0.170,0.012,0.012,-20.397,0.013,-18.835,-20.239,-18.653,-0.868,-0.315,-0.007,-0.149,0.006,-0.046,0.016,-0.003,-18.791,-0.010,-18.671,-18.756,-18.683
8.066,-1.160,-0.000,0.985,-0.003,-0.000,0.170,0.012,0.012,-20.585,0.013,-19.021,-20.427,-18.839,-0.868,-0.315,-0.009,-0.104,0.005,-0.045,0.015,0.001,-18.874,-0.005,-18.634,-18.838,-18.633
8.057,-1.163,-0.000,0.986,-0.004,-0.001,0.170,0.012,0.012,-20.774,0.013,-19.208,-20.616,-19.025,-0.868,-0.314,-0.011,-0.053,0.004,-0.044,0.009,0.002,-18.941,-0.004,-18.613,-18.906,-18.598
8.048,-1.166,-0.000,0.986,-0.004,-0.001,0.169,0.012,0.012,-20.964,0.013,-19.394,-20.805,-19.211,-0.867,-0.313,-0.012,-0.001,0.003,-0.042,0.003,0.003,-18.991,-0.004,-18.609,-18.959,-18.582
8.040,-1.169,-0.000,0.986,-0.004,-0.000,0.169,0.012,0.012,-21.154,0.013,-19.580,-20.995,-19.397,-0.866,-0.313,-0.013,0.046,0.002,-0.041,0.000,0.004,-19.023,-0.004,-18.624,-18.994,-18.585
8.031,-1.173,-0.001,0.986,-0.003,-0.000,0.169,0.012,0.012,-21.344,0.013,-19.766,-21.185,-19.583,-0.865,-0.312,-0.013,0.085,0.001,-0.039,-0.001,0.004,-19.038,-0.005,-18.655,-19.012,-18.608
8.022,-1.176,-0.001,0.986,-0.003,-0.000,0.169,0.012,0.012,-21.535,0.013,-19.953,-21.375,-19.769,-0.864,-0.311,-0.013,0.112,-0.001,-0.038,-0.000,0.005,-19.037,-0.004,-18.699,-19.014,-18.647
8.014,-1.179,-0.001,0.986,-0.002,-0.000,0.169,0.012,0.012,-21.725,0.013,-20.140,-21.566,-19.956,-0.863,-0.311,-0.012,0.124,-0.002,-0.036,0.001,0.005,-19.026,-0.004,-18.754,-19.005,-18.698
8.005,-1.182,-0.001,0.986,-0.002,-0.000,0.168,0.012,0.012,-21.915,0.013,-20.328,-21.755,-20.143,-0.862,-0.310,-0.011,0.123,-0.004,-0.035,0.001,0.006,-19.006,-0.004,-18.812,-18.987,-18.758
7.996,-1.185,-0.001,0.986,-0.001,-0.000,0.168,0.012,0.012,-22.105,0.012,-20.516,-21.945,-20.331,-0.861,-0.310,-0.010,0.110,-0.006,-0.034,0.001,0.006,-18.983,-0.003,-18.871,-18.966,-18.821
7.988,-1.188,-0.001,0.986,-0.001,-0.000,0.168,0.012,0.012,-22.295,0.012,-20.705,-22.135,-20.520,-0.861,-0.309,-0.008,0.091,-0.007,-0.034,0.002,0.006,-18.960,-0.003,-18.925,-18.946,-18.883
7.979,-1.191,-0.001,0.986,-0.000,-0.000,0.168,0.012,0.012,-22.484,0.012,-20.895,-22.324,-20.709,-0.860,-0.308,-0.006,0.068,-0.008,-0.033,0.002,0.006,-18.939,-0.003,-18.972,-18.928,-18.939
7.971,-1.194,-0.001,0.986,0.000,-0.000,0.168,0.012,0.012,-22.674,0.012,-21.085,-22.513,-20.899,-0.860,-0.308,-0.004,0.046,-0.008,-0.034,0.001,0.006,-18.922,-0.002,-19.011,-18.916,-18.988
7.962,-1.197,-0.001,0.986,0.000,-0.000,0.168,0.012,0.012,-22.863,0.012,-21.275,-22.702,-21.089,-0.860,-0.308,-0.001,0.029,-0.008,-0.034,0.001,0.006,-18.908,-0.002,-19.041,-18.908,-19.028
7.953,-1.200,-0.001,0.986,0.000,-0.000,0.167,0.013,0.012,-23.052,0.012,-21.466,-22.892,-21.279,-0.860,-0.307,0.001,0.021,-0.008,-0.034,0.001,0.006,-18.896,-0.001,-19.064,-18.904,-19.061
7.945,-1.203,-0.001,0.986,0.000,-0.000,0.167,0.013,0.012,-23.241,0.012,-21.656,-23.081,-21.470,-0.860,-0.307,0.004,0.022,-0.007,-0.035,0.001,0.006,-18.884,-0.001,-19.083,-18.901,-19.088
7.936,-1.207,-0.001,0.986,0.001,-0.000,0.167,0.013,0.012,-23.430,0.012,-21.847,-23.270,-21.661,-0.861,-0.307,0.006,0.032,-0.006,-0.035,0.001,0.007,-18.869,0.000,-19.101,-18.895,-19.112
7.927,-1.210,-0.001,0.986,0.001,-0.000,0.167,0.013,0.012,-23.618,0.012,-22.038,-23.458,-21.852,-0.862,-0.307,0.008,0.048,-0.005,-0.036,0.002,0.007,-18.848,0.001,-19.120,-18.885,-19.136
7.919,-1.213,-0.001,0.986,0.001,-0.000,0.167,0.013,0.012,-23.807,0.012,-22.230,-23.647,-22.044,-0.864,-0.307,0.010,0.067,-0.004,-0.036,0.002,0.007,-18.821,0.002,-19.143,-18.866,-19.162
7.910,-1.216,-0.001,0.986,0.001,0.000,0.167,0.013,0.012,-23.995,0.012,-22.421,-23.836,-22.235,-0.865,-0.308,0.012,0.085,-0.002,-0.036,0.002,0.008,-18.787,0.004,-19.171,-18.840,-19.193
7.902,-1.219,-0.001,0.986,0.002,0.000,0.166,0.013,0.013,-24.182,0.012,-22.613,-24.024,-22.427,-0.867,-0.308,0.013,0.097,-0.001,-0.036,0.002,0.008,-18.747,0.005,-19.203,-18.804,-19.228
7.893,-1.222,-0.001,0.986,0.002,0.000,0.166,0.013,0.013,-24.370,0.012,-22.805,-24.212,-22.620,-0.869,-0.308,0.013,0.099,-0.000,-0.036,0.002,0.007,-18.704,0.006,-19.238,-18.763,-19.266
7.884,-1.225,-0.001,0.986,0.003,0.000,0.166,0.013,0.013,-24.556,0.013,-22.998,-24.399,-22.813,-0.871,-0.309,0.013,0.089,0.001,-0.036,0.002,0.007,-18.661,0.006,-19.273,-18.719,-19.304
7.875,-1.228,-0.000,0.986,0.003,0.000,0.166,0.013,0.013,-24.743,0.013,-23.191,-24.586,-23.006,-0.873,-0.309,0.013,0.066,0.001,-0.036,0.001,0.005,-18.624,0.006,-19.303,-18.677,-19.339
7.867,-1.231,-0.000,0.986,0.003,0.000,0.166,0.013,0.013,-24.929,0.013,-23.384,-24.773,-23.199,-0.875,-0.310,0.012,0.031,0.002,-0.037,0.000,0.004,-18.596,0.006,-19.325,-18.643,-19.367
7.858,-1.234,-0.000,0.986,0.004,0.000,0.165,0.013,0.013,-25.115,0.013,-23.577,-24.959,-23.393,-0.877,-0.311,0.011,-0.013,0.003,-0.038,-0.000,0.002,-18.583,0.005,-19.334,-18.620,-19.382
7.849,-1.237,-0.000,0.986,0.003,0.000,0.165,0.013,0.013,-25.301,0.013,-23.771,-25.145,-23.587,-0.879,-0.311,0.010,-0.062,0.004,-0.039,-0.001,-0.000,-18.587,0.003,-19.327,-18.614,-19.381
7.840,-1.240,-0.000,0.986,0.003,0.000,0.165,0.013,0.013,-25.487,0.013,-23.964,-25.331,-23.781,-0.881,-0.311,0.008,-0.112,0.005,-0.041,-0.001,-0.002,-18.611,0.002,-19.305,-18.627,-19.362
7.832,-1.244,0.000,0.986,0.002,0.000,0.165,0.013,0.013,-25.673,0.013,-24.157,-25.518,-23.974,-0.883,-0.311,0.006,-0.155,0.007,-0.043,-0.002,-0.004,-18.654,-0.000,-19.266,-18.659,-19.325
7.823,-1.247,0.000,0.986,0.001,0.000,0.165,0.013,0.013,-25.860,0.013,-24.349,-25.705,-24.167,-0.884,-0.311,0.003,-0.189,0.008,-0.044,-0.002,-0.005,-18.715,-0.001,-19.215,-18.710,-19.272
7.814,-1.250,0.000,0.986,0.000,0.000,0.164,0.013,0.013,-26.047,0.013,-24.541,-25.892,-24.360,-0.885,-0.311,0.000,-0.207,0.009,-0.045,-0.002,-0.006,-18.791,-0.002,-19.154,-18.777,-19.205
7.805,-1.253,0.000,0.986,-0.001,-0.000,0.164,0.013,0.013,-26.236,0.013,-24.732,-26.080,-24.551,-0.886,-0.311,-0.002,-0.207,0.009,-0.046,-0.002,-0.007,-18.877,-0.003,-19.089,-18.854,-19.130
7.796,-1.256,0.000,0.986,-0.002,-0.000,0.164,0.013,0.013,-26.425,0.013,-24.923,-26.269,-24.742,-0.886,-0.310,-0.005,-0.190,0.008,-0.047,-0.001,-0.007,-18.966,-0.003,-19.024,-18.936,-19.053
7.787,-1.259,-0.000,0.986,-0.003,-0.000,0.164,0.013,0.013,-26.615,0.013,-25.113,-26.459,-24.932,-0.886,-0.309,-0.008,-0.157,0.007,-0.047,-0.001,-0.007,-19.052,-0.003,-18.966,-19.017,-18.980
7.778,-1.262,-0.000,0.987,-0.003,-0.000,0.164,0.013,0.012,-26.806,0.013,-25.302,-26.650,-25.122,-0.885,-0.309,-0.010,-0.113,0.005,-0.046,-0.001,-0.006,-19.129,-0.003,-18.920,-19.092,-18.919
7.770,-1.265,-0.000,0.987,-0.004,-0.000,0.163,0.013,0.012,-26.997,0.013,-25.491,-26.841,-25.311,-0.884,-0.308,-0.012,-0.061,0.004,-0.046,-0.001,-0.005,-19.192,-0.003,-18.889,-19.155,-18.873
7.761,-1.268,-0.000,0.987,-0.004,-0.000,0.163,0.013,0.012,-27.190,0.013,-25.680,-27.033,-25.499,-0.883,-0.307,-0.013,-0.008,0.003,-0.044,-0.000,-0.004,-19.238,-0.003,-18.875,-19.203,-18.847
7.752,-1.271,-0.000,0.987,-0.004,-0.000,0.163,0.013,0.012,-27.382,0.013,-25.869,-27.225,-25.688,-0.882,-0.306,-0.014,0.041,0.002,-0.043,-0.000,-0.003,-19.265,-0.003,-18.880,-19.234,-18.841
7.743,-1.275,-0.001,0.987,-0.003,-0.000,0.163,0.013,0.012,-27.575,0.013,-26.057,-27.417,-25.876,-0.881,-0.305,-0.014,0.082,0.000,-0.041,-0.000,-0.001,-19.274,-0.003,-18.902,-19.247,-18.854
7.734,-1.278,-0.001,0.987,-0.003,-0.000,0.162,0.013,0.012,-27.767,0.013,-26.247,-27.610,-26.065,-0.879,-0.304,-0.014,0.110,-0.001,-0.039,-0.000,-0.000,-19.268,-0.003,-18.938,-19.244,-18.885
7.726,-1.281,-0.001,0.987,-0.002,-0.000,0.162,0.013,0.012,-27.960,0.012,-26.436,-27.802,-26.254,-0.878,-0.303,-0.013,0.124,-0.003,-0.038,0.000,0.001,-19.249,-0.003,-18.984,-19.228,-18.929
7.717,-1.284,-0.001,0.987,-0.002,-0.000,0.162,0.013,0.012,-28.152,0.012,-26.626,-27.994,-26.444,-0.876,-0.303,-0.011,0.123,-0.005,-0.036,0.000,0.002,-19.223,-0.003,-19.036,-19.204,-18.982
7.708,-1.287,-0.001,0.987,-0.001,-0.000,0.162,0.013,0.012,-28.345,0.012,-26.817,-28.186,-26.634,-0.875,-0.302,-0.010,0.111,-0.006,-0.035,0.000,0.002,-19.192,-0.003,-19.087,-19.176,-19.038
7.699,-1.290,-0.001,0.987,-0.001,-0.000,0.162,0.013,0.012,-28.536,0.012,-27.008,-28.378,-26.824,-0.874,-0.301,-0.008,0.091,-0.007,-0.035,0.000,0.003,-19.162,-0.002,-19.135,-19.148,-19.094
7.691,-1.293,-0.001,0.987,-0.000,-0.000,0.162,0.013,0.012,-28.728,0.012,-27.200,-28.569,-27.016,-0.873,-0.301,-0.006,0.067,-0.008,-0.034,0.000,0.003,-19.134,-0.002,-19.175,-19.124,-19.143
7.682,-1.296,-0.001,0.987,0.000,-0.000,0.161,0.013,0.012,-28.919,0.012,-27.392,-28.760,-27.207,-0.872,-0.300,-0.003,0.044,-0.008,-0.035,0.000,0.004,-19.110,-0.002,-19.207,-19.105,-19.186
7.673,-1.299,-0.001,0.987,0.000,-0.000,0.161,0.013,0.012,-29.110,0.012,-27.584,-28.951,-27.399,-0.872,-0.300,-0.001,0.027,-0.008,-0.035,0.000,0.004,-19.091,-0.002,-19.230,-19.092,-19.219
7.664,-1.302,-0.001,0.987,0.000,-0.000,0.161,0.013,0.012,-29.301,0.012,-27.776,-29.142,-27.592,-0.872,-0.299,0.001,0.018,-0.007,-0.035,0.001,0.004,-19.074,-0.001,-19.247,-19.082,-19.245
7.656,-1.305,-0.001,0.987,0.000,-0.000,0.161,0.013,0.013,-29.491,0.012,-27.969,-29.333,-27.784,-0.872,-0.299,0.004,0.019,-0.007,-0.036,0.001,0.005,-19.057,-0.001,-19.259,-19.075,-19.265
7.647,-1.308,-0.001,0.987,0.001,-0.000,0.161,0.013,0.013,-29.682,0.012,-28.161,-29.524,-27.977,-0.873,-0.299,0.006,0.029,-0.006,-0.036,0.001,0.005,-19.039,0.000,-19.271,-19.065,-19.283
7.638,-1.311,-0.001,0.987,0.001,-0.000,0.161,0.013,0.013,-29.872,0.012,-28.354,-29.714,-28.170,-0.874,-0.299,0.008,0.045,-0.005,-0.036,0.001,0.006,-19.015,0.002,-19.284,-19.051,-19.301
7.629,-1.314,-0.001,0.987,0.001,-0.000,0.160,0.013,0.013,-30.062,0.012,-28.547,-29.905,-28.363,-0.875,-0.299,0.010,0.065,-0.004,-0.036,0.002,0.006,-18.984,0.003,-19.302,-19.029,-19.321
7.621,-1.317,-0.001,0.987,0.001,-0.000,0.160,0.013,0.013,-30.252,0.012,-28.740,-30.095,-28.556,-0.876,-0.299,0.011,0.084,-0.003,-0.036,0.002,0.007,-18.946,0.004,-19.324,-18.998,-19.347
7.612,-1.320,-0.001,0.987,0.002,0.000,0.160,0.013,0.013,-30.441,0.012,-28.934,-30.284,-28.750,-0.878,-0.299,0.013,0.096,-0.002,-0.036,0.002,0.007,-18.901,0.005,-19.352,-18.959,-19.377
7.603,-1.323,-0.001,0.987,0.002,0.000,0.160,0.013,0.013,-30.630,0.012,-29.127,-30.474,-28.944,-0.880,-0.299,0.013,0.099,-0.001,-0.036,0.002,0.007,-18.853,0.006,-19.382,-18.913,-19.411
7.594,-1.326,-0.001,0.987,0.003,0.000,0.160,0.013,0.013,-30.818,0.013,-29.321,-30.663,-29.138,-0.882,-0.300,0.014,0.089,-0.000,-0.037,0.002,0.006,-18.806,0.007,-19.412,-18.864,-19.445
7.586,-1.329,-0.000,0.987,0.003,0.000,0.159,0.013,0.013,-31.006,0.013,-29.515,-30.851,-29.333,-0.883,-0.300,0.013,0.065,0.001,-0.037,0.001,0.005,-18.763,0.007,-19.437,-18.818,-19.475
7.577,-1.332,-0.000,0.987,0.003,0.000,0.159,0.013,0.013,-31.193,0.013,-29.710,-31.039,-29.527,-0.885,-0.301,0.013,0.030,0.002,-0.038,0.000,0.003,-18.731,0.006,-19.453,-18.779,-19.497
7.568,-1.335,-0.000,0.987,0.003,0.000,0.159,0.013,0.013,-31.381,0.013,-29.904,-31.227,-29.723,-0.887,-0.301,0.012,-0.015,0.003,-0.039,-0.000,0.001,-18.713,0.005,-19.456,-18.752,-19.507
7.559,-1.338,-0.000,0.987,0.003,0.000,0.159,0.013,0.013,-31.568,0.013,-30.099,-31.414,-29.918,-0.889,-0.302,0.010,-0.064,0.004,-0.040,-0.001,-0.001,-18.712,0.003,-19.443,-18.742,-19.500
7.550,-1.341,-0.000,0.987,0.003,0.000,0.159,0.013,0.013,-31.755,0.013,-30.293,-31.602,-30.112,-0.891,-0.302,0.008,-0.113,0.006,-0.042,-0.001,-0.003,-18.732,0.002,-19.415,-18.751,-19.475
7.541,-1.344,0.000,0.987,0.002,0.000,0.158,0.013,0.013,-31.942,0.013,-30.487,-31.789,-30.307,-0.892,-0.302,0.006,-0.156,0.008,-0.043,-0.002,-0.005,-18.771,-0.000,-19.372,-18.779,-19.433
7.532,-1.347,0.000,0.987,0.001,0.000,0.158,0.013,0.013,-32.130,0.013,-30.681,-31.977,-30.501,-0.894,-0.302,0.003,-0.188,0.009,-0.045,-0.002,-0.006,-18.829,-0.002,-19.316,-18.826,-19.374
7.523,-1.350,0.000,0.987,0.000,-0.000,0.158,0.013,0.013,-32.319,0.013,-30.873,-32.166,-30.694,-0.895,-0.301,0.000,-0.205,0.010,-0.046,-0.002,-0.007,-18.902,-0.003,-19.252,-18.889,-19.303
7.514,-1.353,0.000,0.987,-0.001,-0.000,0.158,0.013,0.013,-32.509,0.013,-31.066,-32.355,-30.887,-0.895,-0.301,-0.003,-0.203,0.010,-0.047,-0.002,-0.008,-18.985,-0.003,-19.185,-18.962,-19.224
7.505,-1.356,0.000,0.988,-0.002,-0.000,0.158,0.013,0.013,-32.699,0.013,-31.257,-32.545,-31.079,-0.895,-0.300,-0.006,-0.184,0.009,-0.047,-0.001,-0.008,-19.071,-0.003,-19.119,-19.040,-19.144
7.496,-1.359,-0.000,0.988,-0.003,-0.000,0.157,0.013,0.013,-32.890,0.013,-31.448,-32.736,-31.270,-0.895,-0.299,-0.009,-0.150,0.007,-0.047,-0.001,-0.008,-19.153,-0.003,-19.061,-19.118,-19.071
7.487,-1.362,-0.000,0.988,-0.003,-0.000,0.157,0.029,0.025,-33.082,0.025,-31.639,-32.927,-31.460,-0.893,-0.301,-0.011,-0.107,0.006,-0.061,2.604,2.061,-19.199,2.031,-19.077,-19.161,-19.035
7.479,-1.365,-0.000,0.988,-0.004,-0.000,0.157,0.051,0.044,-33.274,0.044,-31.830,-33.119,-31.651,-0.890,-0.305,-0.013,-0.059,0.004,-0.093,1.368,1.412,-19.198,1.363,-19.112,-19.156,-19.059
7.470,-1.368,-0.000,0.988,-0.004,-0.000,0.156,0.052,0.048,-33.466,0.047,-32.021,-33.310,-31.842,-0.888,-0.309,-0.014,-0.004,0.003,-0.122,-1.017,-0.616,-19.192,-0.559,-19.145,-19.136,-19.104
7.461,-1.371,-0.001,0.988,-0.004,-0.000,0.156,0.036,0.036,-33.658,0.036,-32.213,-33.502,-32.033,-0.886,-0.308,-0.015,0.050,0.002,-0.125,-1.711,-1.454,-19.209,-1.368,-19.160,-19.147,-19.123
7.452,-1.374,-0.001,0.988,-0.003,-0.000,0.155,0.025,0.025,-33.850,0.026,-32.404,-33.693,-32.224,-0.886,-0.303,-0.015,0.094,0.000,-0.108,-0.348,-0.523,-19.230,-0.430,-19.173,-19.182,-19.120
7.443,-1.377,-0.001,0.988,-0.003,-0.000,0.154,0.030,0.027,-34.042,0.028,-32.596,-33.885,-32.415,-0.885,-0.300,-0.014,0.119,-0.002,-0.095,1.043,0.778,-19.224,0.695,-19.202,-19.202,-19.136
7.434,-1.380,-0.001,0.988,-0.002,-0.000,0.154,0.040,0.036,-34.234,0.037,-32.788,-34.077,-32.607,-0.884,-0.300,-0.013,0.126,-0.004,-0.099,0.874,0.847,-19.194,0.753,-19.260,-19.179,-19.191
7.425,-1.383,-0.001,0.988,-0.002,-0.000,0.153,0.044,0.041,-34.426,0.041,-32.981,-34.269,-32.799,-0.882,-0.300,-0.011,0.120,-0.006,-0.110,-0.052,0.136,-19.153,0.089,-19.333,-19.127,-19.268
7.417,-1.386,-0.001,0.988,-0.001,-0.000,0.153,0.040,0.039,-34.617,0.038,-33.175,-34.460,-32.992,-0.880,-0.300,-0.009,0.106,-0.007,-0.115,-0.679,-0.478,-19.117,-0.480,-19.399,-19.081,-19.338
7.408,-1.389,-0.001,0.988,-0.000,-0.000,0.152,0.034,0.035,-34.808,0.034,-33.369,-34.651,-33.186,-0.879,-0.298,-0.007,0.085,-0.008,-0.111,-0.386,-0.329,-19.088,-0.342,-19.441,-19.057,-19.390
7.399,-1.392,-0.001,0.988,-0.000,-0.000,0.152,0.033,0.033,-34.999,0.032,-33.564,-34.841,-33.380,-0.879,-0.296,-0.005,0.061,-0.008,-0.105,0.108,0.014,-19.067,-0.016,-19.467,-19.047,-19.429
7.390,-1.395,-0.001,0.988,0.000,-0.000,0.151,0.035,0.034,-35.190,0.033,-33.758,-35.032,-33.575,-0.879,-0.294,-0.003,0.037,-0.007,-0.103,0.295,0.234,-19.047,0.202,-19.489,-19.038,-19.465
7.381,-1.398,-0.001,0.989,0.000,-0.000,0.151,0.038,0.037,-35.380,0.035,-33.954,-35.222,-33.769,-0.879,-0.294,-0.000,0.020,-0.007,-0.105,0.132,0.141,-19.029,0.121,-19.513,-19.024,-19.498
7.373,-1.401,-0.001,0.989,0.000,-0.000,0.150,0.038,0.037,-35.570,0.036,-34.149,-35.412,-33.964,-0.879,-0.293,0.002,0.012,-0.006,-0.108,0.001,0.050,-19.011,0.042,-19.535,-19.011,-19.526
7.364,-1.404,-0.001,0.989,0.000,-0.000,0.150,0.038,0.038,-35.760,0.036,-34.344,-35.602,-34.160,-0.879,-0.293,0.004,0.014,-0.006,-0.111,-0.043,0.014,-18.993,0.011,-19.551,-19.000,-19.549
7.355,-1.407,-0.001,0.989,0.001,-0.000,0.149,0.038,0.038,-35.950,0.036,-34.540,-35.792,-34.355,-0.880,-0.292,0.006,0.026,-0.005,-0.112,-0.043,0.004,-18.974,0.002,-19.566,-18.989,-19.568
7.346,-1.409,-0.001,0.989,0.001,-0.000,0.149,0.037,0.038,-36.140,0.036,-34.736,-35.982,-34.551,-0.882,-0.291,0.008,0.044,-0.005,-0.113,-0.028,0.003,-18.951,0.001,-19.582,-18.975,-19.587
7.337,-1.412,-0.001,0.989,0.001,-0.000,0.148,0.037,0.038,-36.329,0.036,-34.931,-36.171,-34.747,-0.883,-0.291,0.010,0.065,-0.004,-0.113,-0.011,0.004,-18.921,0.003,-19.601,-18.954,-19.609
7.329,-1.415,-0.001,0.989,0.001,-0.000,0.147,0.037,0.038,-36.518,0.036,-35.128,-36.361,-34.943,-0.885,-0.290,0.011,0.083,-0.004,-0.113,0.001,0.006,-18.884,0.005,-19.625,-18.924,-19.636
7.320,-1.418,-0.001,0.989,0.002,0.000,0.147,0.037,0.038,-36.707,0.036,-35.324,-36.550,-35.140,-0.887,-0.290,0.013,0.094,-0.003,-0.114,0.006,0.006,-18.841,0.007,-19.653,-18.886,-19.667
7.311,-1.421,-0.001,0.989,0.002,0.000,0.146,0.037,0.038,-36.895,0.036,-35.521,-36.739,-35.337,-0.889,-0.289,0.014,0.095,-0.003,-0.114,0.006,0.006,-18.794,0.008,-19.682,-18.842,-19.701
7.302,-1.424,-0.001,0.989,0.003,0.000,0.146,0.037,0.038,-37.083,0.036,-35.718,-36.927,-35.534,-0.891,-0.289,0.014,0.083,-0.002,-0.114,0.004,0.005,-18.748,0.008,-19.709,-18.796,-19.735
7.293,-1.427,-0.000,0.989,0.003,0.000,0.145,0.037,0.038,-37.270,0.037,-35.915,-37.115,-35.731,-0.893,-0.289,0.015,0.058,-0.001,-0.115,0.002,0.003,-18.707,0.007,-19.730,-18.752,-19.763
7.284,-1.430,-0.000,0.989,0.003,0.000,0.145,0.037,0.038,-37.457,0.037,-36.112,-37.302,-35.929,-0.895,-0.289,0.014,0.021,0.001,-0.116,0.000,0.001,-18.676,0.006,-19.741,-18.715,-19.781
7.275,-1.433,-0.000,0.990,0.003,0.000,0.144,0.037,0.038,-37.644,0.037,-36.310,-37.489,-36.127,-0.898,-0.289,0.014,-0.024,0.002,-0.117,-0.001,-0.001,-18.660,0.005,-19.739,-18.691,-19.786
7.266,-1.436,-0.000,0.990,0.003,0.000,0.144,0.037,0.038,-37.830,0.037,-36.507,-37.676,-36.325,-0.900,-0.288,0.012,-0.072,0.004,-0.119,-0.002,-0.003,-18.663,0.003,-19.722,-18.684,-19.774
7.257,-1.438,0.000,0.990,0.003,0.000,0.143,0.037,0.038,-38.017,0.037,-36.704,-37.863,-36.522,-0.902,-0.288,0.010,-0.119,0.007,-0.120,-0.002,-0.004,-18.685,0.001,-19.689,-18.695,-19.744
7.248,-1.441,0.000,0.990,0.002,0.000,0.142,0.037,0.038,-38.204,0.037,-36.901,-38.050,-36.720,-0.904,-0.287,0.007,-0.158,0.009,-0.122,-0.002,-0.006,-18.727,-0.000,-19.644,-18.725,-19.697
7.239,-1.444,0.000,0.990,0.001,0.000,0.142,0.037,0.038,-38.391,0.037,-37.097,-38.237,-36.916,-0.906,-0.286,0.003,-0.184,0.012,-0.123,-0.002,-0.007,-18.787,-0.002,-19.589,-18.773,-19.635
7.230,-1.447,0.000,0.990,0.000,-0.000,0.141,0.037,0.038,-38.580,0.037,-37.292,-38.425,-37.112,-0.907,-0.285,-0.000,-0.195,0.013,-0.124,-0.002,-0.008,-18.861,-0.003,-19.529,-18.835,-19.564
7.221,-1.450,0.000,0.990,-0.001,-0.000,0.140,0.037,0.038,-38.769,0.037,-37.487,-38.614,-37.308,-0.908,-0.284,-0.004,-0.188,0.013,-0.125,-0.002,-0.008,-18.944,-0.003,-19.467,-18.907,-19.488
7.212,-1.453,0.000,0.990,-0.002,-0.000,0.140,0.037,0.038,-38.959,0.037,-37.682,-38.803,-37.502,-0.908,-0.283,-0.008,-0.164,0.011,-0.125,-0.002,-0.008,-19.028,-0.003,-19.411,-18.982,-19.415
7.203,-1.456,0.000,0.990,-0.003,-0.000,0.139,0.037,0.038,-39.149,0.037,-37.876,-38.994,-37.696,-0.908,-0.281,-0.011,-0.127,0.009,-0.125,-0.001,-0.008,-19.108,-0.003,-19.363,-19.055,-19.350
7.194,-1.458,-0.000,0.990,-0.003,-0.000,0.139,0.037,0.038,-39.341,0.037,-38.069,-39.184,-37.889,-0.907,-0.279,-0.014,-0.081,0.006,-0.124,-0.001,-0.007,-19.177,-0.003,-19.330,-19.121,-19.299
7.185,-1.461,-0.000,0.990,-0.003,-0.000,0.138,0.037,0.037,-39.533,0.037,-38.262,-39.376,-38.082,-0.906,-0.278,-0.016,-0.030,0.003,-0.123,-0.001,-0.006,-19.231,-0.003,-19.312,-19.174,-19.267
7.176,-1.464,-0.000,0.991,-0.003,-0.000,0.137,0.037,0.037,-39.725,0.036,-38.455,-39.568,-38.275,-0.904,-0.276,-0.017,0.020,0.001,-0.122,-0.000,-0.005,-19.267,-0.003,-19.311,-19.213,-19.254
7.166,-1.467,-0.001,0.991,-0.003,-0.000,0.137,0.037,0.037,-39.918,0.036,-38.649,-39.760,-38.467,-0.902,-0.274,-0.017,0.063,-0.001,-0.120,-0.000,-0.004,-19.284,-0.003,-19.326,-19.234,-19.261
7.157,-1.469,-0.001,0.991,-0.003,-0.000,0.136,0.037,0.037,-40.111,0.036,-38.842,-39.952,-38.660,-0.900,-0.273,-0.016,0.096,-0.003,-0.118,-0.000,-0.002,-19.284,-0.003,-19.355,-19.238,-19.286
7.148,-1.472,-0.001,0.991,-0.002,-0.000,0.136,0.037,0.037,-40.304,0.036,-39.036,-40.145,-38.853,-0.899,-0.271,-0.014,0.114,-0.005,-0.116,-0.000,-0.001,-19.268,-0.003,-19.395,-19.228,-19.324
7.139,-1.475,-0.001,0.991,-0.002,-0.000,0.135,0.037,0.037,-40.496,0.036,-39.230,-40.337,-39.046,-0.897,-0.269,-0.012,0.118,-0.007,-0.114,-0.000,-0.000,-19.241,-0.003,-19.439,-19.207,-19.372
7.131,-1.477,-0.001,0.991,-0.001,-0.000,0.135,0.037,0.037,-40.689,0.036,-39.424,-40.529,-39.240,-0.895,-0.268,-0.010,0.109,-0.008,-0.113,0.000,0.000,-19.209,-0.003,-19.484,-19.180,-19.424
7.122,-1.480,-0.001,0.991,-0.001,-0.000,0.134,0.037,0.037,-40.880,0.036,-39.620,-40.721,-39.435,-0.894,-0.266,-0.007,0.090,-0.008,-0.112,0.000,0.001,-19.175,-0.002,-19.526,-19.151,-19.475
7.113,-1.483,-0.001,0.991,-0.000,-0.000,0.133,0.037,0.037,-41.072,0.036,-39.815,-40.912,-39.630,-0.893,-0.265,-0.005,0.066,-0.007,-0.112,0.000,0.001,-19.144,-0.002,-19.561,-19.124,-19.521
7.104,-1.485,-0.001,0.991,0.000,-0.000,0.133,0.037,0.037,-41.263,0.036,-40.011,-41.103,-39.825,-0.893,-0.264,-0.003,0.041,-0.007,-0.112,0.000,0.002,-19.117,-0.002,-19.588,-19.102,-19.559
7.095,-1.488,-0.001,0.991,0.000,-0.000,0.132,0.037,0.037,-41.454,0.036,-40.207,-41.294,-40.021,-0.892,-0.263,-0.001,0.021,-0.006,-0.112,0.000,0.002,-19.097,-0.002,-19.608,-19.086,-19.588
7.086,-1.491,-0.001,0.991,0.000,-0.000,0.132,0.037,0.037,-41.645,0.036,-40.403,-41.485,-40.217,-0.893,-0.262,0.001,0.008,-0.005,-0.113,0.000,0.003,-19.082,-0.001,-19.620,-19.077,-19.609
7.077,-1.493,-0.001,0.991,0.000,-0.000,0.131,0.037,0.037,-41.836,0.036,-40.599,-41.676,-40.413,-0.893,-0.261,0.003,0.004,-0.004,-0.113,0.001,0.003,-19.071,-0.001,-19.628,-19.071,-19.623
7.068,-1.496,-0.001,0.991,0.000,-0.000,0.131,0.037,0.037,-42.027,0.036,-40.795,-41.866,-40.609,-0.894,-0.260,0.004,0.011,-0.004,-0.113,0.001,0.004,-19.059,0.000,-19.635,-19.067,-19.635
7.059,-1.498,-0.001,0.992,0.000,-0.000,0.130,0.037,0.038,-42.217,0.036,-40.992,-42.057,-40.806,-0.894,-0.259,0.006,0.025,-0.004,-0.114,0.001,0.005,-19.044,0.001,-19.644,-19.060,-19.646
7.050,-1.501,-0.001,0.992,0.001,-0.000,0.129,0.037,0.038,-42.408,0.036,-41.188,-42.247,-41.002,-0.896,-0.258,0.007,0.045,-0.004,-0.114,0.002,0.005,-19.023,0.003,-19.656,-19.047,-19.661
7.041,-1.504,-0.001,0.992,0.001,-0.000,0.129,0.037,0.038,-42.598,0.036,-41.385,-42.438,-41.199,-0.897,-0.257,0.009,0.065,-0.005,-0.114,0.002,0.006,-18.994,0.004,-19.672,-19.027,-19.681
7.032,-1.506,-0.001,0.992,0.001,-0.000,0.128,0.037,0.038,-42.787,0.036,-41.582,-42.628,-41.396,-0.898,-0.257,0.011,0.082,-0.005,-0.114,0.002,0.006,-18.957,0.005,-19.693,-18.997,-19.706
7.023,-1.509,-0.001,0.992,0.002,-0.000,0.128,0.037,0.038,-42.977,0.036,-41.779,-42.818,-41.593,-0.900,-0.256,0.013,0.090,-0.005,-0.114,0.002,0.007,-18.913,0.006,-19.717,-18.959,-19.734
7.014,-1.511,-0.001,0.992,0.002,0.000,0.127,0.037,0.038,-43.166,0.036,-41.976,-43.007,-41.791,-0.902,-0.256,0.015,0.087,-0.004,-0.114,0.002,0.006,-18.866,0.007,-19.740,-18.915,-19.765
7.005,-1.514,-0.001,0.992,0.003,0.000,0.127,0.037,0.038,-43.354,0.037,-42.174,-43.196,-41.988,-0.905,-0.255,0.016,0.072,-0.003,-0.115,0.001,0.005,-18.819,0.007,-19.760,-18.869,-19.792
6.996,-1.516,-0.000,0.992,0.003,0.000,0.126,0.037,0.038,-43.542,0.037,-42.371,-43.384,-42.186,-0.907,-0.255,0.017,0.043,-0.002,-0.116,0.001,0.004,-18.778,0.007,-19.771,-18.826,-19.813
6.987,-1.519,-0.000,0.992,0.003,0.000,0.126,0.037,0.038,-43.730,0.037,-42.569,-43.573,-42.385,-0.909,-0.255,0.017,0.005,0.001,-0.117,0.000,0.002,-18.748,0.005,-19.771,-18.792,-19.822
6.978,-1.522,-0.000,0.992,0.003,0.000,0.125,0.037,0.038,-43.917,0.037,-42.767,-43.760,-42.583,-0.912,-0.255,0.016,-0.038,0.004,-0.118,-0.001,-0.000,-18.734,0.004,-19.759,-18.769,-19.816
6.969,-1.524,0.000,0.992,0.003,0.000,0.124,0.037,0.038,-44.104,0.037,-42.964,-43.948,-42.781,-0.914,-0.254,0.014,-0.083,0.007,-0.119,-0.001,-0.002,-18.738,0.002,-19.732,-18.763,-19.793
6.960,-1.527,0.000,0.992,0.002,0.000,0.124,0.037,0.038,-44.292,0.037,-43.161,-44.136,-42.979,-0.917,-0.254,0.011,-0.123,0.010,-0.121,-0.002,-0.004,-18.761,0.000,-19.694,-18.774,-19.753
6.950,-1.529,0.000,0.992,0.001,0.000,0.123,0.037,0.038,-44.480,0.037,-43.358,-44.324,-43.176,-0.919,-0.253,0.007,-0.155,0.013,-0.122,-0.002,-0.005,-18.804,-0.001,-19.646,-18.804,-19.700
6.941,-1.532,0.000,0.992,0.001,-0.000,0.123,0.037,0.038,-44.668,0.037,-43.554,-44.512,-43.373,-0.920,-0.252,0.002,-0.174,0.015,-0.124,-0.002,-0.006,-18.863,-0.002,-19.592,-18.849,-19.635
6.932,-1.534,0.000,0.993,-0.000,-0.000,0.122,0.037,0.038,-44.857,0.037,-43.750,-44.701,-43.569,-0.921,-0.251,-0.003,-0.177,0.016,-0.125,-0.002,-0.007,-18.934,-0.003,-19.537,-18.907,-19.565
6.923,-1.537,0.000,0.993,-0.001,-0.000,0.121,0.037,0.038,-45.047,0.037,-43.945,-44.890,-43.764,-0.922,-0.249,-0.007,-0.163,0.015,-0.125,-0.002,-0.007,-19.012,-0.003,-19.485,-18.972,-19.494
6.914,-1.539,0.000,0.993,-0.002,-0.000,0.121,0.037,0.038,-45.237,0.037,-44.140,-45.080,-43.959,-0.921,-0.248,-0.012,-0.135,0.012,-0.125,-0.001,-0.007,-19.091,-0.003,-19.440,-19.039,-19.429
6.904,-1.542,0.000,0.993,-0.003,-0.000,0.120,0.037,0.038,-45.429,0.037,-44.334,-45.271,-44.153,-0.920,-0.246,-0.015,-0.096,0.008,-0.125,-0.001,-0.007,-19.163,-0.003,-19.406,-19.103,-19.377
6.895,-1.544,-0.000,0.993,-0.003,-0.000,0.119,0.037,0.037,-45.620,0.037,-44.528,-45.462,-44.346,-0.919,-0.245,-0.018,-0.051,0.005,-0.124,-0.001,-0.006,-19.223,-0.003,-19.386,-19.160,-19.340
6.886,-1.547,-0.000,0.993,-0.003,-0.000,0.119,0.037,0.037,-45.813,0.037,-44.721,-45.654,-44.539,-0.917,-0.243,-0.019,-0.004,0.001,-0.122,-0.001,-0.005,-19.268,-0.004,-19.381,-19.204,-19.321
6.877,-1.549,-0.001,0.993,-0.003,-0.000,0.118,0.037,0.037,-46.006,0.037,-44.915,-45.846,-44.733,-0.915,-0.241,-0.019,0.039,-0.002,-0.121,-0.001,-0.004,-19.295,-0.004,-19.390,-19.234,-19.321
6.868,-1.551,-0.001,0.993,-0.003,-0.000,0.118,0.037,0.037,-46.199,0.036,-45.109,-46.038,-44.926,-0.913,-0.239,-0.018,0.075,-0.005,-0.119,-0.000,-0.003,-19.303,-0.004,-19.412,-19.248,-19.338
6.859,-1.554,-0.001,0.993,-0.002,-0.000,0.117,0.037,0.037,-46.392,0.036,-45.304,-46.231,-45.119,-0.911,-0.238,-0.016,0.098,-0.007,-0.117,-0.000,-0.002,-19.295,-0.004,-19.445,-19.247,-19.370
6.850,-1.556,-0.001,0.993,-0.002,-0.000,0.116,0.037,0.037,-46.585,0.036,-45.498,-46.423,-45.313,-0.909,-0.236,-0.014,0.108,-0.009,-0.115,-0.000,-0.001,-19.274,-0.003,-19.483,-19.233,-19.412
6.840,-1.558,-0.001,0.993,-0.001,-0.000,0.116,0.037,0.037,-46.777,0.036,-45.693,-46.616,-45.508,-0.907,-0.234,-0.011,0.105,-0.009,-0.114,-0.000,-0.000,-19.244,-0.003,-19.522,-19.211,-19.459
6.831,-1.561,-0.001,0.993,-0.001,-0.000,0.115,0.037,0.037,-46.970,0.036,-45.889,-46.808,-45.702,-0.905,-0.233,-0.008,0.091,-0.009,-0.113,0.000,0.000,-19.211,-0.003,-19.559,-19.184,-19.506
6.822,-1.563,-0.001,0.993,-0.000,-0.000,0.115,0.037,0.037,-47.161,0.036,-46.084,-46.999,-45.898,-0.904,-0.232,-0.005,0.070,-0.008,-0.112,0.000,0.001,-19.178,-0.002,-19.591,-19.158,-19.549
6.813,-1.565,-0.001,0.993,0.000,-0.000,0.114,0.037,0.037,-47.353,0.036,-46.280,-47.191,-46.093,-0.903,-0.231,-0.003,0.046,-0.007,-0.112,0.000,0.001,-19.149,-0.002,-19.616,-19.134,-19.586
6.804,-1.568,-0.001,0.994,0.000,-0.000,0.114,0.037,0.037,-47.544,0.036,-46.477,-47.382,-46.289,-0.903,-0.229,-0.001,0.024,-0.005,-0.112,0.000,0.002,-19.127,-0.002,-19.634,-19.116,-19.614
6.795,-1.570,-0.001,0.994,0.000,-0.000,0.113,0.037,0.037,-47.736,0.036,-46.673,-47.573,-46.486,-0.903,-0.228,0.001,0.007,-0.004,-0.113,0.000,0.002,-19.111,-0.001,-19.645,-19.104,-19.633
6.786,-1.572,-0.001,0.994,0.000,-0.000,0.113,0.037,0.037,-47.927,0.036,-46.870,-47.764,-46.682,-0.903,-0.227,0.002,-0.001,-0.003,-0.113,0.001,0.003,-19.101,-0.001,-19.652,-19.098,-19.646
6.777,-1.575,-0.001,0.994,0.000,-0.000,0.112,0.037,0.037,-48.118,0.036,-47.066,-47.955,-46.879,-0.904,-0.226,0.003,0.000,-0.003,-0.114,0.001,0.004,-19.093,-0.000,-19.656,-19.095,-19.655
6.768,-1.577,-0.001,0.994,0.000,-0.000,0.111,0.037,0.037,-48.309,0.036,-47.263,-48.146,-47.075,-0.904,-0.225,0.004,0.011,-0.003,-0.114,0.001,0.004,-19.084,0.001,-19.662,-19.093,-19.663
6.759,-1.579,-0.001,0.994,0.000,-0.000,0.111,0.037,0.037,-48.499,0.036,-47.459,-48.337,-47.272,-0.905,-0.224,0.005,0.027,-0.004,-0.114,0.001,0.005,-19.071,0.002,-19.670,-19.087,-19.673
6.750,-1.581,-0.001,0.994,0.001,-0.000,0.110,0.037,0.038,-48.690,0.036,-47.656,-48.528,-47.469,-0.906,-0.223,0.007,0.047,-0.005,-0.114,0.002,0.006,-19.051,0.003,-19.682,-19.075,-19.687
6.741,-1.584,-0.001,0.994,0.001,-0.000,0.110,0.037,0.038,-48.880,0.036,-47.853,-48.718,-47.666,-0.908,-0.223,0.009,0.066,-0.006,-0.114,0.002,0.006,-19.022,0.005,-19.698,-19.055,-19.707
6.732,-1.586,-0.001,0.994,0.001,-0.000,0.109,0.037,0.038,-49.070,0.036,-48.050,-48.909,-47.863,-0.909,-0.222,0.012,0.079,-0.007,-0.114,0.002,0.006,-18.985,0.006,-19.717,-19.025,-19.731
6.723,-1.588,-0.001,0.994,0.002,-0.000,0.109,0.037,0.038,-49.260,0.036,-48.247,-49.099,-48.060,-0.911,-0.221,0.014,0.082,-0.007,-0.115,0.002,0.006,-18.941,0.007,-19.736,-18.989,-19.758
6.714,-1.590,-0.001,0.994,0.002,-0.000,0.108,0.037,0.038,-49.449,0.037,-48.445,-49.289,-48.258,-0.913,-0.221,0.016,0.075,-0.006,-0.115,0.002,0.006,-18.895,0.007,-19.752,-18.947,-19.784
6.705,-1.592,-0.001,0.994,0.002,-0.000,0.107,0.037,0.038,-49.638,0.037,-48.642,-49.478,-48.456,-0.915,-0.221,0.018,0.056,-0.004,-0.115,0.001,0.005,-18.850,0.007,-19.763,-18.904,-19.805
6.695,-1.595,-0.000,0.994,0.003,-0.000,0.107,0.037,0.038,-49.826,0.037,-48.840,-49.667,-48.654,-0.918,-0.220,0.019,0.026,-0.001,-0.116,0.001,0.003,-18.812,0.006,-19.764,-18.864,-19.817
6.686,-1.597,-0.000,0.994,0.003,-0.000,0.106,0.037,0.038,-50.014,0.037,-49.038,-49.855,-48.852,-0.921,-0.220,0.019,-0.011,0.002,-0.117,-0.000,0.002,-18.786,0.005,-19.754,-18.833,-19.815
6.677,-1.599,0.000,0.994,0.002,-0.000,0.106,0.037,0.038,-50.202,0.037,-49.235,-50.043,-49.050,-0.923,-0.220,0.017,-0.052,0.006,-0.119,-0.001,-0.000,-18.776,0.003,-19.733,-18.815,-19.799
6.668,-1.601,0.000,0.994,0.002,-0.000,0.105,0.037,0.038,-50.390,0.037,-49.432,-50.231,-49.248,-0.926,-0.219,0.015,-0.090,0.010,-0.120,-0.001,-0.002,-18.783,0.001,-19.701,-18.811,-19.766
6.658,-1.603,0.000,0.995,0.002,-0.000,0.104,0.037,0.038,-50.578,0.037,-49.629,-50.420,-49.446,-0.928,-0.218,0.011,-0.123,0.013,-0.121,-0.002,-0.004,-18.809,-0.000,-19.660,-18.823,-19.720
6.649,-1.606,0.000,0.995,0.001,-0.000,0.104,0.037,0.038,-50.766,0.037,-49.825,-50.608,-49.643,-0.930,-0.217,0.006,-0.146,0.016,-0.123,-0.002,-0.005,-18.853,-0.001,-19.614,-18.852,-19.664
6.640,-1.608,0.000,0.995,0.000,-0.000,0.103,0.037,0.038,-50.955,0.037,-50.021,-50.797,-49.839,-0.932,-0.216,0.000,-0.156,0.018,-0.124,-0.002,-0.006,-18.911,-0.002,-19.567,-18.894,-19.601
6.630,-1.610,0.000,0.995,-0.001,-0.000,0.103,0.037,0.038,-51.144,0.037,-50.217,-50.986,-50.035,-0.932,-0.215,-0.006,-0.151,0.018,-0.125,-0.002,-0.007,-18.979,-0.003,-19.521,-18.947,-19.536
6.621,-1.612,0.000,0.995,-0.001,-0.000,0.102,0.037,0.038,-51.334,0.037,-50.412,-51.176,-50.230,-0.932,-0.214,-0.011,-0.132,0.015,-0.125,-0.001,-0.007,-19.051,-0.003,-19.482,-19.005,-19.476
6.612,-1.614,0.000,0.995,-0.002,-0.000,0.101,0.037,0.038,-51.525,0.037,-50.606,-51.366,-50.424,-0.931,-0.212,-0.015,-0.102,0.012,-0.124,-0.001,-0.007,-19.122,-0.004,-19.452,-19.064,-19.424
6.603,-1.616,-0.000,0.995,-0.002,-0.000,0.101,0.037,0.038,-51.717,0.037,-50.801,-51.557,-50.618,-0.930,-0.211,-0.019,-0.064,0.007,-0.124,-0.001,-0.006,-19.186,-0.004,-19.433,-19.119,-19.387
6.593,-1.618,-0.000,0.995,-0.003,-0.000,0.100,0.037,0.037,-51.909,0.037,-50.995,-51.748,-50.812,-0.928,-0.209,-0.021,-0.023,0.003,-0.123,-0.001,-0.006,-19.237,-0.004,-19.427,-19.167,-19.366
6.584,-1.621,-0.000,0.995,-0.003,-0.000,0.099,0.224,0.189,-52.100,0.171,-51.192,-51.938,-51.007,-0.915,-0.236,-0.019,-0.025,-0.018,-0.303,29.826,25.716,-18.847,22.118,-19.975,-18.783,-19.628
6.575,-1.623,-0.001,0.995,-0.003,-0.000,0.097,0.467,0.433,-52.286,0.366,-51.394,-52.122,-51.205,-0.889,-0.284,-0.005,-0.048,-0.108,-0.618,14.844,17.798,-18.366,13.623,-20.390,-17.923,-20.029
6.566,-1.626,-0.001,0.996,-0.003,-0.001,0.093,0.489,0.480,-52.467,0.416,-51.599,-52.297,-51.407,-0.864,-0.316,0.008,0.011,-0.184,-0.872,-9.628,-8.746,-18.019,-3.501,-20.646,-17.050,-20.328
6.558,-1.629,-0.001,0.996,-0.002,-0.002,0.088,0.319,0.299,-52.647,0.319,-51.806,-52.465,-51.612,-0.865,-0.317,-0.014,0.149,-0.020,-0.941,-20.821,-23.344,-18.022,-13.687,-20.687,-16.800,-20.599
6.549,-1.632,-0.001,0.996,-0.001,-0.001,0.084,0.161,0.114,-52.827,0.202,-52.013,-52.635,-51.817,-0.877,-0.284,-0.023,0.268,0.074,-0.795,-7.966,-10.559,-17.916,-7.302,-20.702,-17.066,-20.558
6.540,-1.635,-0.001,0.997,-0.000,-0.001,0.081,0.192,0.123,-53.005,0.209,-52.220,-52.807,-52.022,-0.884,-0.257,-0.013,0.256,0.033,-0.675,12.252,10.993,-17.680,7.731,-20.594,-17.322,-20.453
6.531,-1.638,-0.001,0.997,0.001,-0.001,0.077,0.343,0.282,-53.181,0.314,-52.426,-52.980,-52.227,-0.879,-0.260,-0.006,0.099,-0.001,-0.713,14.607,17.265,-17.450,10.770,-20.709,-17.214,-20.525
6.523,-1.640,-0.001,0.997,0.001,-0.001,0.073,0.426,0.400,-53.355,0.382,-52.635,-53.149,-52.433,-0.862,-0.282,0.000,-0.069,-0.031,-0.871,1.210,4.707,-17.356,2.112,-21.042,-16.670,-20.655
6.514,-1.643,-0.001,0.998,0.000,-0.001,0.069,0.371,0.366,-53.528,0.353,-52.847,-53.313,-52.640,-0.850,-0.291,0.001,-0.105,-0.023,-0.984,-10.783,-9.926,-17.378,-6.914,-21.378,-16.179,-20.714
6.506,-1.646,-0.001,0.998,0.000,-0.001,0.064,0.257,0.252,-53.702,0.272,-53.061,-53.475,-52.847,-0.855,-0.275,-0.003,-0.025,0.021,-0.954,-9.639,-10.372,-17.329,-7.715,-21.461,-16.181,-20.695
6.497,-1.649,-0.001,0.998,0.000,-0.001,0.059,0.218,0.204,-53.875,0.231,-53.275,-53.638,-53.054,-0.868,-0.247,-0.003,0.043,0.034,-0.849,1.997,1.259,-17.232,0.000,-21.188,-16.509,-20.637
6.488,-1.651,-0.001,0.998,0.000,-0.001,0.055,0.283,0.269,-54.046,0.268,-53.485,-53.805,-53.260,-0.876,-0.233,-0.003,0.030,0.038,-0.804,9.289,10.097,-17.153,6.040,-21.007,-16.714,-20.628
6.479,-1.653,-0.001,0.999,0.000,-0.001,0.051,0.361,0.364,-54.218,0.322,-53.696,-53.971,-53.467,-0.871,-0.239,-0.003,-0.019,0.026,-0.873,4.982,7.147,-17.137,3.894,-21.173,-16.523,-20.669
6.471,-1.656,-0.001,0.999,0.000,-0.001,0.046,0.367,0.389,-54.389,0.332,-53.909,-54.134,-53.673,-0.862,-0.248,-0.001,-0.032,0.009,-0.975,-3.483,-2.145,-17.135,-1.870,-21.467,-16.154,-20.717
6.462,-1.658,-0.001,0.999,0.000,-0.001,0.041,0.309,0.336,-54.561,0.294,-54.125,-54.295,-53.881,-0.862,-0.243,-0.000,0.002,0.012,-0.998,-6.856,-6.984,-17.141,-4.920,-21.609,-16.016,-20.729
6.453,-1.661,-0.001,0.999,0.000,-0.001,0.036,0.259,0.281,-54.732,0.254,-54.340,-54.456,-54.088,-0.871,-0.222,0.002,0.038,0.009,-0.932,-2.359,-3.034,-17.158,-2.415,-21.467,-16.198,-20.696
6.445,-1.663,-0.001,0.999,0.000,-0.000,0.032,0.269,0.286,-54.904,0.254,-54.554,-54.619,-54.295,-0.880,-0.202,0.005,0.047,0.001,-0.864,3.823,3.622,-17.197,2.107,-21.271,-16.423,-20.653
6.436,-1.665,-0.001,1.000,0.001,-0.000,0.028,0.317,0.337,-55.076,0.285,-54.766,-54.784,-54.501,-0.882,-0.197,0.009,0.028,-0.007,-0.872,4.675,5.466,-17.200,3.303,-21.260,-16.433,-20.667
6.427,-1.667,-0.001,1.000,0.001,-0.001,0.023,0.344,0.374,-55.248,0.307,-54.980,-54.947,-54.708,-0.880,-0.202,0.013,0.006,-0.015,-0.944,0.527,1.524,-17.119,0.957,-21.420,-16.221,-20.735
6.418,-1.669,-0.001,1.000,0.001,-0.001,0.018,0.328,0.365,-55.418,0.301,-55.195,-55.108,-54.916,-0.880,-0.204,0.017,-0.005,-0.016,-1.001,-3.279,-2.993,-17.025,-1.981,-21.555,-16.027,-20.795
6.409,-1.671,-0.001,1.000,0.001,-0.001,0.013,0.293,0.329,-55.588,0.277,-55.410,-55.268,-55.124,-0.886,-0.193,0.020,-0.005,-0.012,-0.991,-2.986,-3.381,-16.999,-2.301,-21.525,-16.035,-20.796
6.401,-1.673,-0.000,1.000,0.001,-0.001,0.008,0.280,0.310,-55.759,0.264,-55.625,-55.429,-55.332,-0.894,-0.175,0.023,-0.007,-0.004,-0.941,0.288,-0.245,-17.051,-0.230,-21.388,-16.176,-20.736
6.392,-1.674,-0.000,1.000,0.001,-0.001,0.004,0.296,0.323,-55.929,0.272,-55.838,-55.591,-55.539,-0.901,-0.162,0.023,-0.017,0.004,-0.914,2.535,2.553,-17.104,1.551,-21.290,-16.266,-20.677
6.383,-1.676,0.000,1.000,0.001,-0.001,-0.001,0.319,0.349,-56.100,0.287,-56.051,-55.754,-55.745,-0.904,-0.158,0.022,-0.030,0.012,-0.938,1.679,2.144,-17.088,1.237,-21.296,-16.218,-20.664
6.374,-1.677,0.000,1.000,0.000,-0.001,-0.006,0.324,0.359,-56.271,0.292,-56.264,-55.916,-55.952,-0.907,-0.156,0.019,-0.031,0.022,-0.977,-0.622,-0.220,-17.031,-0.215,-21.347,-16.112,-20.673
6.364,-1.679,0.000,1.000,0.000,-0.000,-0.011,0.310,0.347,-56.441,0.284,-56.478,-56.076,-56.159,-0.912,-0.150,0.014,-0.019,0.033,-0.992,-1.801,-1.766,-17.002,-1.246,-21.364,-16.064,-20.664
6.355,-1.680,0.001,1.000,0.000,-0.000,-0.015,0.296,0.332,-56.611,0.273,-56.691,-56.237,-56.365,-0.916,-0.137,0.007,0.001,0.042,-0.977,-0.849,-1.065,-17.034,-0.776,-21.342,-16.095,-20.623
6.346,-1.682,0.001,1.000,0.000,-0.000,-0.020,0.295,0.329,-56.782,0.270,-56.905,-56.398,-56.571,-0.920,-0.125,0.000,0.018,0.046,-0.958,0.652,0.425,-17.091,0.244,-21.329,-16.136,-20.578
6.337,-1.683,0.001,1.000,0.000,0.000,-0.025,0.305,0.338,-56.953,0.276,-57.118,-56.560,-56.777,-0.921,-0.115,-0.007,0.030,0.046,-0.956,1.086,1.174,-17.128,0.670,-21.359,-16.132,-20.557
6.328,-1.684,0.000,1.000,0.001,0.000,-0.030,0.313,0.348,-57.124,0.281,-57.332,-56.721,-56.982,-0.922,-0.108,-0.014,0.039,0.041,-0.965,0.352,0.570,-17.136,0.296,-21.426,-16.090,-20.564
6.318,-1.685,0.000,0.999,0.001,0.001,-0.035,0.312,0.349,-57.296,0.281,-57.547,-56.882,-57.188,-0.921,-0.100,-0.019,0.045,0.033,-0.973,-0.455,-0.298,-17.139,-0.220,-21.502,-16.047,-20.585
6.309,-1.686,0.000,0.999,0.001,0.001,-0.040,0.306,0.344,-57.467,0.277,-57.762,-57.042,-57.394,-0.920,-0.091,-0.023,0.046,0.022,-0.971,-0.583,-0.553,-17.154,-0.416,-21.565,-16.029,-20.608
6.300,-1.687,-0.000,0.999,0.001,0.001,-0.044,0.302,0.340,-57.639,0.274,-57.978,-57.202,-57.600,-0.918,-0.081,-0.025,0.041,0.009,-0.963,-0.155,-0.213,-17.179,-0.178,-21.615,-16.032,-20.633
6.291,-1.688,-0.000,0.999,0.001,0.001,-0.049,0.303,0.340,-57.811,0.274,-58.194,-57.363,-57.807,-0.916,-0.071,-0.025,0.028,-0.004,-0.956,0.205,0.140,-17.203,0.056,-21.655,-16.041,-20.663
6.282,-1.688,-0.001,0.999,0.001,0.001,-0.054,0.305,0.342,-57.983,0.275,-58.411,-57.523,-58.013,-0.913,-0.062,-0.023,0.011,-0.017,-0.952,0.244,0.255,-17.220,0.094,-21.690,-16.049,-20.699
6.273,-1.689,-0.001,0.998,0.001,0.001,-0.059,0.307,0.344,-58.155,0.275,-58.628,-57.684,-58.221,-0.911,-0.053,-0.020,-0.008,-0.027,-0.952,0.081,0.117,-17.231,0.034,-21.717,-16.056,-20.736
6.264,-1.689,-0.001,0.998,0.001,0.001,-0.063,0.307,0.344,-58.327,0.276,-58.845,-57.844,-58.428,-0.909,-0.045,-0.016,-0.025,-0.032,-0.952,-0.010,0.038,-17.242,0.005,-21.732,-16.070,-20.770
6.254,-1.690,-0.001,0.998,0.001,0.000,-0.068,0.307,0.345,-58.500,0.276,-59.063,-58.005,-58.636,-0.907,-0.037,-0.011,-0.037,-0.034,-0.951,-0.038,0.006,-17.252,-0.005,-21.732,-16.093,-20.798
6.245,-1.690,-0.001,0.997,0.001,0.000,-0.073,0.307,0.345,-58.672,0.276,-59.280,-58.166,-58.844,-0.905,-0.028,-0.008,-0.044,-0.032,-0.951,-0.036,-0.004,-17.262,-0.007,-21.722,-16.122,-20.817
6.236,-1.690,-0.001,0.997,0.001,0.000,-0.078,0.306,0.345,-58.845,0.275,-59.497,-58.327,-59.052,-0.904,-0.020,-0.004,-0.043,-0.027,-0.950,-0.024,-0.006,-17.272,-0.005,-21.705,-16.156,-20.830
6.227,-1.691,-0.001,0.997,0.001,0.000,-0.082,0.306,0.345,-59.018,0.275,-59.714,-58.489,-59.261,-0.904,-0.011,-0.002,-0.038,-0.020,-0.950,-0.011,-0.005,-17.281,-0.003,-21.687,-16.189,-20.837
6.218,-1.691,-0.001,0.996,0.000,-0.000,-0.087,0.306,0.344,-59.191,0.275,-59.931,-58.651,-59.469,-0.904,-0.002,-0.000,-0.028,-0.014,-0.950,-0.002,-0.003,-17.290,-0.000,-21.671,-16.220,-20.840
6.209,-1.691,-0.001,0.996,0.000,-0.000,-0.092,0.306,0.344,-59.364,0.275,-60.148,-58.814,-59.677,-0.904,0.006,0.001,-0.018,-0.008,-0.949,0.003,-0.002,-17.298,0.002,-21.659,-16.247,-20.841
6.200,-1.690,-0.001,0.995,0.000,-0.000,-0.097,0.306,0.344,-59.537,0.275,-60.364,-58.976,-59.886,-0.904,0.015,0.001,-0.010,-0.005,-0.949,0.004,-0.001,-17.306,0.004,-21.651,-16.268,-20.844
6.191,-1.690,-0.001,0.995,0.000,-0.000,-0.101,0.306,0.344,-59.710,0.276,-60.581,-59.139,-60.094,-0.904,0.023,0.002,-0.007,-0.005,-0.950,0.003,-0.000,-17.313,0.005,-21.644,-16.285,-20.848
6.182,-1.690,-0.001,0.994,0.000,-0.000,-0.106,0.306,0.344,-59.883,0.276,-60.797,-59.302,-60.303,-0.904,0.032,0.003,-0.010,-0.007,-0.950,0.002,0.001,-17.322,0.006,-21.637,-16.299,-20.853
6.173,-1.690,-0.001,0.994,0.000,-0.000,-0.111,0.306,0.344,-60.056,0.276,-61.013,-59.465,-60.511,-0.904,0.040,0.004,-0.020,-0.011,-0.951,0.001,0.002,-17.332,0.006,-21.624,-16.313,-20.860
6.164,-1.689,-0.001,0.993,-0.000,-0.000,-0.115,0.306,0.344,-60.230,0.276,-61.229,-59.628,-60.720,-0.905,0.049,0.006,-0.036,-0.015,-0.952,0.001,0.002,-17.344,0.006,-21.603,-16.330,-20.864
6.155,-1.689,-0.001,0.993,-0.000,-0.000,-0.120,0.306,0.344,-60.403,0.276,-61.445,-59.791,-60.929,-0.906,0.057,0.008,-0.055,-0.019,-0.954,0.001,0.002,-17.359,0.006,-21.572,-16.351,-20.864
6.146,-1.688,-0.001,0.992,-0.001,-0.000,-0.125,0.306,0.345,-60.577,0.276,-61.661,-59.955,-61.137,-0.907,0.066,0.010,-0.074,-0.021,-0.956,0.001,0.002,-17.378,0.005,-21.531,-16.380,-20.858
6.137,-1.687,-0.001,0.992,-0.001,-0.000,-0.130,0.306,0.345,-60.751,0.276,-61.876,-60.119,-61.346,-0.908,0.074,0.013,-0.088,-0.021,-0.959,0.000,0.002,-17.398,0.004,-21.482,-16.414,-20.842
6.128,-1.687,-0.001,0.991,-0.002,-0.000,-0.134,0.306,0.345,-60.925,0.276,-62.090,-60.283,-61.554,-0.910,0.083,0.015,-0.093,-0.017,-0.961,0.000,0.002,-17.418,0.003,-21.429,-16.454,-20.817
6.119,-1.686,-0.001,0.990,-0.002,-0.000,-0.139,0.306,0.345,-61.099,0.276,-62.304,-60.448,-61.762,-0.911,0.092,0.016,-0.088,-0.010,-0.964,-0.000,0.001,-17.436,0.002,-21.378,-16.495,-20.782
6.110,-1.685,-0.000,0.990,-0.002,-0.000,-0.144,0.306,0.345,-61.273,0.276,-62.518,-60.613,-61.970,-0.913,0.102,0.016,-0.070,-0.002,-0.967,-0.000,0.001,-17.448,0.001,-21.333,-16.533,-20.741
6.100,-1.684,-0.000,0.989,-0.003,-0.000,-0.149,0.306,0.345,-61.448,0.276,-62.731,-60.779,-62.177,-0.915,0.111,0.015,-0.040,0.008,-0.969,-0.000,0.001,-17.452,-0.000,-21.301,-16.564,-20.697
6.091,-1.683,-0.000,0.988,-0.003,-0.000,-0.154,0.306,0.345,-61.622,0.276,-62.944,-60.945,-62.384,-0.916,0.120,0.013,0.000,0.017,-0.970,0.000,0.002,-17.445,-0.001,-21.286,-16.582,-20.655
6.082,-1.681,-0.000,0.987,-0.003,-0.000,-0.158,0.306,0.345,-61.797,0.276,-63.157,-61.110,-62.590,-0.916,0.129,0.010,0.046,0.025,-0.971,0.000,0.003,-17.426,-0.002,-21.292,-16.583,-20.621
6.073,-1.680,0.000,0.987,-0.002,-0.000,-0.163,0.306,0.345,-61.971,0.276,-63.370,-61.276,-62.796,-0.916,0.139,0.007,0.093,0.032,-0.971,0.001,0.004,-17.395,-0.002,-21.319,-16.565,-20.600
6.064,-1.678,0.000,0.986,-0.002,-0.000,-0.168,0.306,0.345,-62.145,0.276,-63.583,-61.442,-63.002,-0.916,0.148,0.003,0.137,0.037,-0.971,0.001,0.005,-17.353,-0.002,-21.368,-16.528,-20.596
6.055,-1.677,0.000,0.985,-0.001,-0.000,-0.173,0.306,0.345,-62.318,0.276,-63.797,-61.607,-63.208,-0.914,0.157,-0.001,0.171,0.039,-0.970,0.001,0.006,-17.304,-0.002,-21.435,-16.473,-20.610
6.045,-1.675,0.000,0.984,0.000,-0.000,-0.178,0.306,0.345,-62.491,0.276,-64.012,-61.771,-63.414,-0.912,0.165,-0.004,0.190,0.036,-0.968,0.001,0.006,-17.248,-0.002,-21.518,-16.401,-20.641
6.036,-1.674,-0.000,0.983,0.001,-0.000,-0.182,0.306,0.345,-62.663,0.276,-64.228,-61.935,-63.621,-0.910,0.174,-0.007,0.191,0.030,-0.966,0.001,0.006,-17.191,-0.002,-21.609,-16.318,-20.686
6.027,-1.672,-0.000,0.982,0.002,-0.000,-0.187,0.306,0.345,-62.835,0.276,-64.444,-62.097,-63.828,-0.907,0.183,-0.008,0.175,0.020,-0.964,0.000,0.005,-17.135,-0.003,-21.700,-16.228,-20.741
6.018,-1.670,-0.000,0.981,0.003,-0.000,-0.192,0.306,0.345,-63.006,0.276,-64.662,-62.259,-64.036,-0.903,0.191,-0.009,0.146,0.011,-0.962,-0.000,0.004,-17.085,-0.003,-21.784,-16.140,-20.803
6.009,-1.668,-0.000,0.981,0.003,-0.000,-0.196,0.306,0.345,-63.176,0.276,-64.880,-62.420,-64.244,-0.900,0.199,-0.009,0.109,0.005,-0.961,-0.000,0.003,-17.047,-0.003,-21.853,-16.060,-20.867
6.000,-1.666,-0.000,0.980,0.004,-0.000,-0.201,0.306,0.345,-63.347,0.276,-65.099,-62.580,-64.453,-0.896,0.207,-0.008,0.068,0.003,-0.959,-0.000,0.002,-17.022,-0.003,-21.906,-15.993,-20.927
5.991,-1.664,-0.000,0.979,0.004,-0.000,-0.206,0.306,0.345,-63.517,0.276,-65.318,-62.740,-64.663,-0.893,0.216,-0.008,0.026,0.003,-0.959,-0.001,0.001,-17.014,-0.003,-21.943,-15.941,-20.978
5.982,-1.662,-0.001,0.978,0.004,-0.000,-0.211,0.306,0.345,-63.687,0.276,-65.538,-62.899,-64.873,-0.890,0.224,-0.008,-0.014,0.004,-0.959,-0.001,-0.000,-17.021,-0.003,-21.965,-15.907,-21.016
5.973,-1.659,-0.001,0.977,0.004,-0.000,-0.215,0.306,0.345,-63.857,0.276,-65.757,-63.058,-65.083,-0.886,0.232,-0.008,-0.048,0.007,-0.959,-0.001,-0.001,-17.044,-0.002,-21.975,-15.890,-21.039
5.965,-1.657,-0.001,0.976,0.004,-0.000,-0.220,0.306,0.345,-64.028,0.276,-65.977,-63.217,-65.293,-0.883,0.241,-0.008,-0.074,0.008,-0.959,-0.001,-0.002,-17.080,-0.002,-21.977,-15.889,-21.048
5.956,-1.655,-0.001,0.974,0.003,0.000,-0.225,0.306,0.345,-64.199,0.276,-66.197,-63.376,-65.504,-0.880,0.249,-0.009,-0.089,0.007,-0.960,-0.001,-0.003,-17.124,-0.001,-21.971,-15.902,-21.043
5.947,-1.652,-0.001,0.973,0.003,0.000,-0.229,0.306,0.345,-64.370,0.276,-66.417,-63.535,-65.714,-0.877,0.257,-0.009,-0.095,0.002,-0.960,-0.001,-0.004,-17.172,0.000,-21.959,-15.927,-21.029
5.938,-1.649,-0.001,0.972,0.002,0.000,-0.234,0.306,0.345,-64.542,0.276,-66.636,-63.695,-65.924,-0.873,0.265,-0.008,-0.094,-0.008,-0.961,-0.000,-0.004,-17.220,0.001,-21.940,-15.961,-21.009
5.930,-1.647,-0.001,0.971,0.002,0.000,-0.239,0.306,0.345,-64.715,0.276,-66.855,-63.855,-66.134,-0.870,0.274,-0.007,-0.089,-0.020,-0.961,-0.000,-0.004,-17.265,0.002,-21.914,-16.003,-20.988
5.921,-1.644,-0.001,0.970,0.001,0.000,-0.243,0.306,0.345,-64.888,0.276,-67.074,-64.015,-66.344,-0.866,0.282,-0.005,-0.084,-0.033,-0.961,-0.000,-0.004,-17.304,0.003,-21.879,-16.050,-20.971
5.912,-1.641,-0.001,0.969,0.001,0.000,-0.248,0.306,0.345,-65.061,0.276,-67.293,-64.176,-66.554,-0.863,0.290,-0.003,-0.082,-0.045,-0.961,-0.000,-0.005,-17.337,0.004,-21.836,-16.104,-20.959
5.904,-1.638,-0.001,0.968,0.001,0.000,-0.253,0.306,0.345,-65.234,0.276,-67.511,-64.337,-66.763,-0.860,0.298,-0.000,-0.083,-0.053,-0.962,-0.000,-0.005,-17.364,0.004,-21.782,-16.163,-20.953
5.895,-1.635,-0.001,0.966,0.000,-0.000,-0.257,0.306,0.345,-65.408,0.276,-67.728,-64.499,-66.973,-0.858,0.306,0.003,-0.088,-0.057,-0.962,-0.000,-0.005,-17.388,0.004,-21.718,-16.227,-20.949
5.886,-1.632,-0.001,0.965,-0.000,-0.000,-0.262,0.306,0.345,-65.582,0.276,-67.945,-64.661,-67.182,-0.856,0.314,0.006,-0.096,-0.055,-0.963,-0.000,-0.004,-17.412,0.004,-21.646,-16.294,-20.946
5.878,-1.629,-0.001,0.964,-0.001,-0.000,-0.267,0.306,0.345,-65.756,0.276,-68.161,-64.825,-67.392,-0.854,0.323,0.009,-0.103,-0.045,-0.964,-0.000,-0.004,-17.438,0.003,-21.570,-16.363,-20.937
5.869,-1.626,-0.001,0.963,-0.002,-0.000,-0.271,0.306,0.345,-65.931,0.276,-68.377,-64.989,-67.601,-0.853,0.332,0.011,-0.108,-0.030,-0.965,0.000,-0.003,-17.468,0.003,-21.496,-16.432,-20.920
5.861,-1.622,-0.001,0.961,-0.002,-0.000,-0.276,0.306,0.345,-66.106,0.276,-68.591,-65.153,-67.810,-0.851,0.341,0.012,-0.109,-0.010,-0.967,0.000,-0.002,-17.503,0.002,-21.429,-16.498,-20.892
5.852,-1.619,-0.001,0.960,-0.003,-0.000,-0.280,0.306,0.345,-66.281,0.276,-68.805,-65.319,-68.019,-0.850,0.350,0.011,-0.102,0.012,-0.968,0.000,-0.000,-17.541,0.001,-21.373,-16.557,-20.851
5.844,-1.615,-0.001,0.958,-0.003,0.000,-0.285,0.306,0.345,-66.457,0.276,-69.019,-65.484,-68.227,-0.848,0.359,0.010,-0.086,0.032,-0.969,0.000,0.001,-17.581,-0.001,-21.334,-16.607,-20.797
5.835,-1.612,-0.000,0.957,-0.003,0.000,-0.290,0.306,0.345,-66.633,0.276,-69.232,-65.651,-68.435,-0.846,0.368,0.008,-0.062,0.048,-0.970,0.000,0.002,-17.618,-0.002,-21.313,-16.644,-20.735
5.827,-1.608,-0.000,0.956,-0.004,0.001,-0.294,0.306,0.345,-66.809,0.276,-69.445,-65.817,-68.642,-0.844,0.377,0.005,-0.030,0.058,-0.970,0.000,0.003,-17.649,-0.003,-21.311,-16.667,-20.669
5.818,-1.604,-0.000,0.954,-0.003,0.001,-0.299,0.306,0.345,-66.986,0.276,-69.658,-65.984,-68.848,-0.841,0.386,0.001,0.006,0.061,-0.970,0.000,0.004,-17.667,-0.003,-21.328,-16.673,-20.607
5.810,-1.600,-0.000,0.953,-0.003,0.001,-0.304,0.306,0.345,-67.162,0.276,-69.872,-66.151,-69.054,-0.837,0.394,-0.002,0.045,0.055,-0.969,0.000,0.004,-17.670,-0.004,-21.362,-16.665,-20.554
5.802,-1.596,-0.000,0.951,-0.003,0.001,-0.308,0.306,0.345,-67.339,0.276,-70.086,-66.317,-69.259,-0.832,0.402,-0.005,0.084,0.043,-0.968,0.001,0.005,-17.654,-0.004,-21.409,-16.643,-20.517
5.793,-1.592,-0.000,0.950,-0.002,0.001,-0.313,0.306,0.345,-67.515,0.276,-70.300,-66.484,-69.464,-0.827,0.409,-0.007,0.117,0.024,-0.967,0.001,0.006,-17.618,-0.004,-21.466,-16.610,-20.501
5.785,-1.588,-0.001,0.948,-0.002,0.001,-0.317,0.306,0.345,-67.691,0.276,-70.515,-66.649,-69.669,-0.822,0.417,-0.008,0.142,0.002,-0.965,0.001,0.006,-17.562,-0.003,-21.527,-16.569,-20.508
5.777,-1.584,-0.001,0.947,-0.001,0.001,-0.322,0.306,0.345,-67.866,0.276,-70.731,-66.815,-69.875,-0.817,0.424,-0.007,0.157,-0.022,-0.963,0.001,0.007,-17.489,-0.003,-21.588,-16.524,-20.539
5.769,-1.580,-0.001,0.945,-0.000,0.000,-0.327,0.306,0.345,-68.041,0.276,-70.947,-66.980,-70.080,-0.811,0.430,-0.006,0.161,-0.043,-0.961,0.001,0.007,-17.403,-0.002,-21.645,-16.477,-20.592
5.761,-1.575,-0.001,0.944,0.000,-0.000,-0.331,0.306,0.345,-68.214,0.276,-71.163,-67.144,-70.287,-0.806,0.437,-0.004,0.156,-0.058,-0.959,0.001,0.006,-17.311,-0.002,-21.695,-16.430,-20.665
5.753,-1.571,-0.001,0.942,0.001,-0.001,-0.336,0.306,0.345,-68.387,0.276,-71.381,-67.309,-70.494,-0.800,0.444,-0.001,0.144,-0.063,-0.958,0.001,0.005,-17.219,-0.001,-21.737,-16.386,-20.751
5.745,-1.566,-0.001,0.940,0.001,-0.001,-0.340,0.306,0.345,-68.559,0.276,-71.598,-67.472,-70.702,-0.796,0.451,0.001,0.128,-0.059,-0.957,0.001,0.004,-17.133,-0.001,-21.770,-16.344,-20.844
5.737,-1.562,-0.001,0.939,0.002,-0.002,-0.345,0.306,0.345,-68.730,0.276,-71.816,-67.635,-70.911,-0.791,0.459,0.003,0.109,-0.045,-0.957,0.000,0.003,-17.059,0.000,-21.797,-16.304,-20.936
5.729,-1.557,-0.001,0.937,0.002,-0.002,-0.349,0.306,0.345,-68.900,0.276,-72.034,-67.798,-71.120,-0.787,0.467,0.005,0.088,-0.025,-0.956,0.000,0.002,-17.001,0.001,-21.822,-16.265,-21.020
5.721,-1.552,-0.001,0.935,0.003,-0.002,-0.354,0.306,0.345,-69.070,0.276,-72.252,-67.961,-71.331,-0.783,0.474,0.006,0.068,-0.002,-0.957,0.000,0.001,-16.960,0.002,-21.846,-16.225,-21.089
5.713,-1.548,-0.001,0.934,0.003,-0.002,-0.358,0.306,0.345,-69.239,0.276,-72.471,-68.123,-71.542,-0.779,0.482,0.005,0.048,0.019,-0.957,0.000,0.000,-16.937,0.003,-21.871,-16.182,-21.140
5.706,-1.543,-0.001,0.932,0.003,-0.002,-0.362,0.255,0.295,-69.408,0.243,-72.690,-68.284,-71.753,-0.771,0.494,0.004,0.036,0.037,-0.917,-8.498,-8.698,-16.790,-5.611,-21.860,-16.194,-21.070
5.698,-1.538,-0.001,0.930,0.004,-0.002,-0.366,0.178,0.210,-69.576,0.187,-72.907,-68.447,-71.963,-0.755,0.519,0.004,0.038,0.047,-0.803,-5.327,-6.584,-16.897,-4.513,-21.553,-16.427,-20.907
5.690,-1.532,-0.000,0.929,0.004,-0.002,-0.370,0.169,0.187,-69.746,0.173,-73.120,-68.613,-72.171,-0.740,0.543,0.003,0.022,0.048,-0.691,3.226,1.867,-17.118,1.620,-21.135,-16.688,-20.718
5.683,-1.527,-0.000,0.928,0.004,-0.002,-0.373,0.225,0.234,-69.918,0.209,-73.331,-68.780,-72.378,-0.734,0.550,0.000,-0.029,0.049,-0.665,6.448,6.244,-17.249,4.665,-20.945,-16.733,-20.614
5.676,-1.521,-0.000,0.927,0.004,-0.001,-0.376,0.269,0.282,-70.090,0.245,-73.540,-68.947,-72.584,-0.734,0.545,-0.002,-0.076,0.038,-0.716,1.803,2.549,-17.188,1.997,-21.006,-16.550,-20.594
5.668,-1.516,-0.001,0.925,0.003,-0.001,-0.380,0.257,0.277,-70.262,0.243,-73.751,-69.111,-72.790,-0.733,0.540,-0.002,-0.099,0.022,-0.762,-3.625,-3.177,-17.109,-2.143,-21.074,-16.355,-20.572
5.661,-1.511,-0.001,0.924,0.003,-0.001,-0.383,0.214,0.235,-70.433,0.213,-73.961,-69.275,-72.995,-0.726,0.546,-0.000,-0.098,-0.003,-0.756,-4.055,-4.294,-17.105,-3.160,-20.993,-16.314,-20.501
5.654,-1.505,-0.001,0.922,0.002,-0.000,-0.387,0.192,0.208,-70.604,0.193,-74.170,-69.438,-73.199,-0.716,0.558,0.001,-0.102,-0.022,-0.709,-0.020,-0.718,-17.156,-0.598,-20.797,-16.419,-20.387
5.647,-1.499,-0.001,0.921,0.002,-0.000,-0.390,0.211,0.222,-70.776,0.202,-74.377,-69.603,-73.403,-0.708,0.568,0.001,-0.129,-0.028,-0.677,3.175,2.918,-17.215,1.983,-20.622,-16.526,-20.282
5.640,-1.494,-0.001,0.920,0.001,-0.000,-0.393,0.241,0.253,-70.948,0.222,-74.583,-69.768,-73.605,-0.705,0.569,0.000,-0.162,-0.029,-0.691,2.230,2.593,-17.247,1.688,-20.530,-16.528,-20.226
5.633,-1.488,-0.001,0.918,0.000,-0.000,-0.396,0.248,0.264,-71.121,0.229,-74.788,-69.933,-73.807,-0.703,0.568,0.001,-0.178,-0.026,-0.724,-0.827,-0.357,-17.263,-0.272,-20.472,-16.478,-20.190
5.626,-1.482,-0.000,0.917,-0.001,0.000,-0.399,0.229,0.249,-71.294,0.218,-74.992,-70.098,-74.009,-0.699,0.571,0.001,-0.172,-0.020,-0.733,-2.332,-2.214,-17.299,-1.669,-20.372,-16.493,-20.124
5.619,-1.477,-0.000,0.915,-0.001,0.000,-0.403,0.212,0.230,-71.467,0.204,-75.195,-70.264,-74.210,-0.692,0.580,0.002,-0.151,-0.010,-0.710,-0.976,-1.269,-17.347,-0.963,-20.234,-16.602,-20.010
5.612,-1.471,-0.000,0.914,-0.002,0.001,-0.406,0.213,0.227,-71.641,0.201,-75.397,-70.430,-74.409,-0.685,0.588,0.002,-0.127,0.001,-0.683,1.009,0.648,-17.382,0.478,-20.112,-16.729,-19.879
5.605,-1.465,-0.000,0.913,-0.003,0.001,-0.409,0.226,0.239,-71.814,0.210,-75.598,-70.598,-74.607,-0.680,0.593,0.001,-0.101,0.013,-0.678,1.393,1.423,-17.396,0.938,-20.040,-16.796,-19.769
5.598,-1.459,-0.000,0.911,-0.003,0.001,-0.412,0.235,0.250,-71.988,0.216,-75.798,-70.766,-74.805,-0.676,0.595,0.000,-0.071,0.025,-0.690,0.290,0.536,-17.405,0.318,-20.008,-16.801,-19.682
5.591,-1.453,-0.000,0.910,-0.003,0.002,-0.415,0.232,0.249,-72.163,0.215,-75.998,-70.934,-75.001,-0.672,0.597,-0.002,-0.036,0.037,-0.699,-0.784,-0.582,-17.413,-0.479,-19.991,-16.792,-19.600
5.585,-1.447,-0.000,0.908,-0.003,0.002,-0.418,0.223,0.242,-72.337,0.209,-76.198,-71.102,-75.197,-0.667,0.601,-0.004,0.001,0.044,-0.694,-0.737,-0.689,-17.412,-0.590,-19.974,-16.800,-19.513
5.578,-1.441,-0.001,0.907,-0.003,0.002,-0.422,0.219,0.238,-72.511,0.205,-76.397,-71.270,-75.391,-0.660,0.606,-0.006,0.036,0.047,-0.682,-0.058,-0.113,-17.401,-0.174,-19.964,-16.813,-19.430
5.572,-1.435,-0.001,0.905,-0.003,0.002,-0.425,0.222,0.240,-72.685,0.206,-76.597,-71.438,-75.585,-0.654,0.610,-0.008,0.064,0.043,-0.674,0.500,0.489,-17.376,0.259,-19.972,-16.803,-19.367
5.565,-1.429,-0.001,0.904,-0.002,0.002,-0.428,0.227,0.245,-72.858,0.209,-76.797,-71.606,-75.779,-0.648,0.612,-0.010,0.085,0.032,-0.674,0.397,0.467,-17.341,0.241,-19.999,-16.759,-19.330
5.559,-1.423,-0.001,0.902,-0.002,0.002,-0.431,0.229,0.248,-73.031,0.210,-76.997,-71.773,-75.972,-0.643,0.614,-0.010,0.099,0.016,-0.677,0.040,0.146,-17.296,0.054,-20.035,-16.694,-19.314
5.552,-1.417,-0.001,0.901,-0.001,0.002,-0.434,0.228,0.248,-73.204,0.210,-77.197,-71.940,-76.165,-0.637,0.615,-0.009,0.105,-0.004,-0.679,-0.213,-0.127,-17.241,-0.112,-20.065,-16.627,-19.315
5.546,-1.410,-0.001,0.900,-0.001,0.001,-0.437,0.226,0.247,-73.376,0.209,-77.398,-72.106,-76.358,-0.630,0.618,-0.008,0.106,-0.025,-0.677,-0.177,-0.122,-17.177,-0.104,-20.082,-16.570,-19.328
5.540,-1.404,-0.001,0.898,-0.000,0.001,-0.440,0.225,0.246,-73.548,0.208,-77.599,-72.271,-76.552,-0.624,0.620,-0.006,0.102,-0.043,-0.674,-0.046,-0.042,-17.106,-0.040,-20.085,-16.523,-19.355
5.533,-1.398,-0.001,0.897,-0.000,0.001,-0.443,0.224,0.246,-73.718,0.208,-77.800,-72.436,-76.745,-0.618,0.623,-0.004,0.095,-0.057,-0.671,0.016,-0.006,-17.030,-0.013,-20.078,-16.483,-19.392
5.527,-1.392,-0.001,0.895,0.000,0.000,-0.446,0.225,0.246,-73.888,0.208,-78.001,-72.601,-76.939,-0.613,0.626,-0.001,0.087,-0.065,-0.669,0.034,0.007,-16.949,-0.002,-20.065,-16.450,-19.438
5.521,-1.385,-0.001,0.894,0.000,-0.000,-0.449,0.225,0.246,-74.057,0.208,-78.201,-72.765,-77.134,-0.608,0.629,0.001,0.079,-0.068,-0.668,0.030,0.008,-16.864,0.002,-20.048,-16.424,-19.488
5.515,-1.379,-0.001,0.892,0.001,-0.001,-0.452,0.225,0.246,-74.226,0.208,-78.402,-72.929,-77.329,-0.603,0.632,0.003,0.071,-0.064,-0.667,0.018,0.007,-16.780,0.003,-20.030,-16.402,-19.537
5.509,-1.373,-0.001,0.891,0.001,-0.001,-0.455,0.225,0.246,-74.393,0.208,-78.602,-73.093,-77.525,-0.598,0.635,0.005,0.064,-0.056,-0.667,0.006,0.006,-16.698,0.003,-20.012,-16.384,-19.582
5.503,-1.366,-0.001,0.889,0.001,-0.002,-0.458,0.225,0.246,-74.559,0.208,-78.802,-73.257,-77.721,-0.594,0.639,0.006,0.059,-0.045,-0.666,0.000,0.004,-16.621,0.004,-19.998,-16.367,-19.621
5.497,-1.360,-0.001,0.887,0.001,-0.002,-0.461,0.225,0.246,-74.725,0.208,-79.002,-73.421,-77.917,-0.590,0.643,0.007,0.053,-0.032,-0.666,-0.002,0.004,-16.551,0.005,-19.987,-16.349,-19.652
5.491,-1.354,-0.001,0.886,0.001,-0.002,-0.464,0.225,0.246,-74.891,0.208,-79.202,-73.584,-78.114,-0.585,0.647,0.008,0.049,-0.019,-0.666,-0.001,0.003,-16.491,0.005,-19.980,-16.327,-19.676
5.486,-1.347,-0.001,0.884,0.001,-0.002,-0.467,0.225,0.246,-75.055,0.208,-79.401,-73.747,-78.311,-0.581,0.651,0.008,0.043,-0.007,-0.667,-0.000,0.002,-16.442,0.006,-19.974,-16.300,-19.694
5.480,-1.341,-0.001,0.883,0.002,-0.002,-0.470,0.225,0.246,-75.219,0.208,-79.601,-73.910,-78.508,-0.577,0.655,0.008,0.035,0.002,-0.667,0.000,0.002,-16.405,0.007,-19.969,-16.268,-19.707
5.474,-1.334,-0.001,0.881,0.002,-0.002,-0.473,0.225,0.246,-75.383,0.208,-79.801,-74.072,-78.705,-0.573,0.659,0.008,0.023,0.009,-0.667,0.001,0.001,-16.379,0.007,-19.959,-16.230,-19.715
5.468,-1.327,-0.001,0.880,0.002,-0.002,-0.476,0.225,0.246,-75.547,0.208,-80.000,-74.235,-78.902,-0.569,0.663,0.008,0.009,0.014,-0.668,0.001,0.000,-16.366,0.007,-19.943,-16.188,-19.718
5.463,-1.321,-0.000,0.878,0.002,-0.002,-0.478,0.225,0.246,-75.711,0.208,-80.200,-74.396,-79.099,-0.565,0.668,0.008,-0.009,0.017,-0.669,0.000,-0.000,-16.364,0.006,-19.918,-16.144,-19.715
5.457,-1.314,-0.000,0.876,0.002,-0.002,-0.481,0.225,0.246,-75.874,0.208,-80.399,-74.557,-79.296,-0.561,0.672,0.008,-0.029,0.020,-0.670,0.000,-0.001,-16.373,0.006,-19.883,-16.100,-19.706
5.451,-1.307,-0.000,0.875,0.002,-0.002,-0.484,0.225,0.246,-76.038,0.208,-80.597,-74.718,-79.493,-0.557,0.676,0.007,-0.051,0.024,-0.670,0.000,-0.001,-16.394,0.005,-19.838,-16.061,-19.690
5.446,-1.301,-0.000,0.873,0.002,-0.002,-0.487,0.225,0.246,-76.202,0.208,-80.795,-74.879,-79.690,-0.553,0.680,0.007,-0.073,0.029,-0.672,-0.000,-0.001,-16.426,0.004,-19.789,-16.027,-19.664
5.440,-1.294,-0.000,0.872,0.001,-0.001,-0.490,0.225,0.246,-76.367,0.208,-80.993,-75.039,-79.887,-0.549,0.684,0.006,-0.093,0.035,-0.673,-0.001,-0.002,-16.467,0.002,-19.739,-16.002,-19.628
5.435,-1.287,-0.000,0.870,0.001,-0.001,-0.493,0.225,0.246,-76.532,0.208,-81.190,-75.199,-80.083,-0.544,0.688,0.005,-0.109,0.043,-0.675,-0.001,-0.002,-16.518,0.000,-19.691,-15.987,-19.581
5.429,-1.280,-0.000,0.868,0.001,-0.001,-0.496,0.225,0.246,-76.697,0.208,-81.387,-75.359,-80.278,-0.540,0.693,0.003,-0.119,0.051,-0.676,-0.001,-0.003,-16.576,-0.001,-19.650,-15.983,-19.521
5.424,-1.273,-0.000,0.867,0.000,0.000,-0.499,0.225,0.246,-76.863,0.208,-81.583,-75.518,-80.473,-0.536,0.697,0.001,-0.122,0.058,-0.677,-0.001,-0.003,-16.640,-0.002,-19.617,-15.988,-19.449
5.419,-1.266,-0.000,0.865,-0.000,0.001,-0.502,0.225,0.246,-77.030,0.208,-81.779,-75.678,-80.667,-0.531,0.701,-0.001,-0.117,0.063,-0.677,-0.001,-0.004,-16.707,-0.003,-19.594,-15.999,-19.365
5.413,-1.259,-0.000,0.863,-0.000,0.001,-0.505,0.225,0.246,-77.197,0.208,-81.975,-75.838,-80.860,-0.526,0.704,-0.003,-0.104,0.063,-0.677,-0.001,-0.004,-16.772,-0.003,-19.579,-16.014,-19.272
5.408,-1.252,-0.000,0.861,-0.001,0.002,-0.508,0.225,0.246,-77.365,0.208,-82.171,-75.999,-81.053,-0.520,0.707,-0.005,-0.082,0.057,-0.676,-0.001,-0.004,-16.829,-0.004,-19.572,-16.029,-19.175
5.403,-1.245,-0.000,0.860,-0.001,0.002,-0.511,0.225,0.246,-77.534,0.208,-82.367,-76.159,-81.244,-0.515,0.710,-0.007,-0.056,0.047,-0.674,-0.001,-0.003,-16.872,-0.004,-19.573,-16.043,-19.079
5.398,-1.238,-0.000,0.858,-0.001,0.002,-0.514,0.225,0.246,-77.703,0.208,-82.562,-76.319,-81.434,-0.509,0.712,-0.008,-0.030,0.036,-0.673,-0.001,-0.003,-16.898,-0.004,-19.581,-16.054,-18.993
5.393,-1.231,-0.000,0.856,-0.001,0.002,-0.516,0.225,0.246,-77.872,0.208,-82.758,-76.480,-81.624,-0.503,0.714,-0.010,-0.006,0.023,-0.671,-0.001,-0.002,-16.909,-0.005,-19.595,-16.064,-18.922
5.388,-1.223,-0.000,0.855,-0.001,0.003,-0.519,0.225,0.246,-78.041,0.208,-82.954,-76.641,-81.813,-0.497,0.716,-0.011,0.015,0.008,-0.669,-0.001,-0.002,-16.906,-0.005,-19.613,-16.071,-18.868
5.383,-1.216,-0.001,0.853,-0.001,0.002,-0.522,0.225,0.246,-78.210,0.208,-83.150,-76.802,-82.001,-0.491,0.717,-0.012,0.033,-0.007,-0.667,-0.000,-0.001,-16.890,-0.004,-19.631,-16.077,-18.834
5.378,-1.209,-0.001,0.851,-0.001,0.002,-0.525,0.225,0.246,-78.379,0.208,-83.347,-76.962,-82.189,-0.485,0.719,-0.012,0.046,-0.022,-0.665,-0.000,-0.001,-16.866,-0.004,-19.648,-16.081,-18.821
5.373,-1.202,-0.001,0.849,-0.001,0.002,-0.528,0.225,0.246,-78.547,0.208,-83.543,-77.123,-82.378,-0.479,0.720,-0.012,0.055,-0.034,-0.663,-0.000,-0.000,-16.835,-0.004,-19.660,-16.083,-18.827
5.368,-1.195,-0.001,0.848,-0.000,0.002,-0.531,0.225,0.246,-78.715,0.208,-83.740,-77.284,-82.566,-0.473,0.721,-0.011,0.059,-0.044,-0.661,0.000,0.000,-16.800,-0.003,-19.667,-16.085,-18.850
5.364,-1.187,-0.001,0.846,-0.000,0.001,-0.533,0.225,0.246,-78.883,0.208,-83.937,-77.445,-82.755,-0.467,0.723,-0.010,0.059,-0.049,-0.659,0.000,0.001,-16.763,-0.003,-19.667,-16.086,-18.887
5.359,-1.180,-0.001,0.844,-0.000,0.001,-0.536,0.225,0.246,-79.051,0.208,-84.133,-77.606,-82.944,-0.461,0.724,-0.008,0.057,-0.051,-0.657,0.000,0.002,-16.725,-0.002,-19.662,-16.086,-18.933
5.354,-1.173,-0.001,0.842,-0.000,0.001,-0.539,0.225,0.246,-79.218,0.208,-84.330,-77.767,-83.133,-0.456,0.726,-0.006,0.053,-0.048,-0.656,0.001,0.002,-16.687,-0.001,-19.653,-16.085,-18.984
5.350,-1.166,-0.001,0.841,-0.000,0.000,-0.542,0.225,0.246,-79.384,0.208,-84.526,-77.927,-83.323,-0.451,0.728,-0.004,0.047,-0.043,-0.655,0.001,0.003,-16.650,-0.000,-19.642,-16.083,-19.036
5.345,-1.158,-0.001,0.839,0.000,0.000,-0.544,0.225,0.246,-79.551,0.208,-84.723,-78.088,-83.514,-0.445,0.730,-0.002,0.042,-0.037,-0.654,0.001,0.003,-16.613,0.001,-19.630,-16.080,-19.083
5.341,-1.151,-0.001,0.837,0.000,-0.000,-0.547,0.225,0.246,-79.717,0.208,-84.919,-78.249,-83.705,-0.440,0.732,-0.000,0.038,-0.031,-0.653,0.001,0.003,-16.577,0.002,-19.620,-16.076,-19.125
5.337,-1.144,-0.001,0.835,0.000,-0.000,-0.550,0.225,0.246,-79.882,0.208,-85.115,-78.410,-83.896,-0.435,0.735,0.002,0.035,-0.027,-0.653,0.001,0.004,-16.539,0.003,-19.612,-16.071,-19.159
5.332,-1.136,-0.001,0.833,0.000,-0.001,-0.553,0.225,0.246,-80.047,0.208,-85.311,-78.570,-84.088,-0.430,0.737,0.003,0.032,-0.025,-0.653,0.001,0.004,-16.499,0.004,-19.605,-16.066,-19.185
5.328,-1.129,-0.001,0.832,0.000,-0.001,-0.555,0.225,0.246,-80.212,0.208,-85.507,-78.731,-84.280,-0.426,0.740,0.005,0.030,-0.026,-0.653,0.001,0.004,-16.456,0.005,-19.599,-16.060,-19.205
5.324,-1.122,-0.001,0.830,0.000,-0.001,-0.558,0.225,0.246,-80.376,0.208,-85.703,-78.892,-84.472,-0.421,0.743,0.006,0.029,-0.030,-0.654,0.001,0.003,-16.409,0.005,-19.590,-16.054,-19.221
5.320,-1.114,-0.001,0.828,0.000,-0.001,-0.561,0.225,0.246,-80.540,0.208,-85.899,-79.052,-84.665,-0.416,0.745,0.007,0.026,-0.037,-0.654,0.001,0.003,-16.360,0.005,-19.578,-16.050,-19.236
5.316,-1.107,-0.001,0.826,0.000,-0.001,-0.564,0.225,0.246,-80.704,0.208,-86.095,-79.213,-84.857,-0.412,0.749,0.009,0.022,-0.045,-0.655,0.001,0.003,-16.310,0.006,-19.561,-16.048,-19.252
5.311,-1.099,-0.001,0.824,0.000,-0.002,-0.566,0.225,0.246,-80.867,0.208,-86.290,-79.373,-85.050,-0.407,0.752,0.010,0.016,-0.052,-0.656,0.001,0.002,-16.262,0.006,-19.536,-16.049,-19.272
5.307,-1.092,-0.001,0.822,0.000,-0.002,-0.569,0.225,0.246,-81.029,0.208,-86.485,-79.534,-85.242,-0.403,0.755,0.011,0.009,-0.056,-0.657,0.000,0.001,-16.217,0.005,-19.504,-16.053,-19.295
5.303,-1.084,-0.001,0.821,0.000,-0.002,-0.572,0.225,0.246,-81.191,0.208,-86.680,-79.694,-85.436,-0.398,0.759,0.012,-0.000,-0.055,-0.658,0.000,0.000,-16.180,0.005,-19.466,-16.060,-19.322
5.299,-1.076,-0.001,0.819,-0.000,-0.002,-0.574,0.225,0.246,-81.353,0.208,-86.875,-79.855,-85.629,-0.394,0.763,0.012,-0.010,-0.048,-0.660,0.000,-0.000,-16.152,0.004,-19.423,-16.069,-19.349
5.295,-1.069,-0.000,0.817,-0.000,-0.003,-0.577,0.225,0.246,-81.514,0.208,-87.069,-80.016,-85.823,-0.390,0.767,0.013,-0.020,-0.034,-0.661,-0.000,-0.001,-16.137,0.004,-19.379,-16.079,-19.373
5.292,-1.061,-0.000,0.815,-0.000,-0.003,-0.580,0.225,0.246,-81.675,0.208,-87.262,-80.176,-86.016,-0.386,0.772,0.012,-0.030,-0.014,-0.662,-0.000,-0.001,-16.135,0.003,-19.338,-16.086,-19.390
5.288,-1.053,-0.000,0.813,-0.001,-0.003,-0.582,0.225,0.246,-81.837,0.208,-87.456,-80.337,-86.210,-0.382,0.776,0.012,-0.039,0.012,-0.663,-0.000,-0.001,-16.148,0.002,-19.304,-16.090,-19.396
5.284,-1.046,-0.000,0.811,-0.001,-0.002,-0.585,0.225,0.246,-81.998,0.208,-87.648,-80.498,-86.404,-0.377,0.780,0.011,-0.045,0.040,-0.664,-0.000,-0.002,-16.176,0.001,-19.282,-16.087,-19.387
5.280,-1.038,0.000,0.809,-0.001,-0.002,-0.588,0.225,0.246,-82.160,0.208,-87.841,-80.659,-86.598,-0.373,0.785,0.009,-0.049,0.070,-0.665,-0.001,-0.002,-16.218,-0.000,-19.274,-16.078,-19.361
5.277,-1.030,0.000,0.807,-0.001,-0.001,-0.591,0.225,0.246,-82.323,0.208,-88.034,-80.820,-86.791,-0.368,0.789,0.006,-0.050,0.098,-0.666,-0.001,-0.002,-16.272,-0.002,-19.282,-16.060,-19.317
5.273,-1.022,0.000,0.805,-0.000,-0.001,-0.593,0.225,0.246,-82.486,0.208,-88.227,-80.980,-86.984,-0.364,0.793,0.003,-0.048,0.120,-0.666,-0.001,-0.002,-16.336,-0.003,-19.306,-16.032,-19.256
5.269,-1.014,0.000,0.803,-0.000,-0.000,-0.596,0.225,0.246,-82.649,0.208,-88.420,-81.140,-87.176,-0.358,0.796,0.000,-0.041,0.133,-0.666,-0.001,-0.002,-16.405,-0.004,-19.342,-15.996,-19.179
5.266,-1.006,0.000,0.801,0.000,0.000,-0.599,0.225,0.246,-82.814,0.208,-88.614,-81.300,-87.368,-0.353,0.798,-0.003,-0.030,0.137,-0.666,-0.001,-0.002,-16.474,-0.004,-19.387,-15.952,-19.092
5.262,-0.998,0.000,0.799,0.000,0.001,-0.601,0.225,0.246,-82.979,0.208,-88.808,-81.459,-87.558,-0.347,0.800,-0.005,-0.016,0.129,-0.665,-0.001,-0.002,-16.539,-0.005,-19.439,-15.902,-19.000
5.259,-0.990,0.000,0.797,0.001,0.002,-0.604,0.225,0.246,-83.145,0.208,-89.003,-81.618,-87.748,-0.341,0.802,-0.008,-0.002,0.112,-0.665,-0.001,-0.002,-16.596,-0.005,-19.493,-15.850,-18.912
5.255,-0.982,-0.000,0.795,0.001,0.002,-0.606,0.225,0.246,-83.311,0.208,-89.198,-81.776,-87.937,-0.335,0.803,-0.010,0.011,0.087,-0.664,-0.001,-0.002,-16.639,-0.005,-19.546,-15.798,-18.832
5.252,-0.974,-0.000,0.793,0.001,0.002,-0.609,0.225,0.246,-83.477,0.208,-89.393,-81.934,-88.125,-0.329,0.803,-0.012,0.021,0.057,-0.662,-0.001,-0.002,-16.668,-0.005,-19.592,-15.751,-18.768
5.249,-0.966,-0.000,0.791,0.001,0.002,-0.612,0.225,0.246,-83.644,0.208,-89.590,-82.091,-88.312,-0.323,0.803,-0.013,0.027,0.024,-0.661,-0.001,-0.002,-16.682,-0.005,-19.630,-15.712,-18.722
5.246,-0.958,-0.000,0.789,0.002,0.002,-0.614,0.225,0.246,-83.811,0.208,-89.786,-82.248,-88.499,-0.317,0.803,-0.013,0.031,-0.009,-0.660,-0.001,-0.002,-16.681,-0.005,-19.656,-15.684,-18.697
5.242,-0.950,-0.001,0.787,0.002,0.002,-0.617,0.225,0.246,-83.978,0.208,-89.983,-82.405,-88.686,-0.310,0.802,-0.013,0.031,-0.038,-0.659,-0.001,-0.003,-16.668,-0.004,-19.670,-15.669,-18.694
5.239,-0.942,-0.001,0.785,0.002,0.002,-0.620,0.225,0.246,-84.144,0.208,-90.179,-82.562,-88.873,-0.304,0.802,-0.013,0.028,-0.062,-0.658,-0.001,-0.003,-16.646,-0.004,-19.670,-15.669,-18.711
5.236,-0.934,-0.001,0.783,0.001,0.001,-0.622,0.225,0.246,-84.311,0.208,-90.376,-82.718,-89.060,-0.298,0.802,-0.012,0.023,-0.079,-0.656,-0.001,-0.003,-16.618,-0.003,-19.660,-15.682,-18.745
5.233,-0.926,-0.001,0.781,0.001,0.001,-0.625,0.225,0.246,-84.477,0.208,-90.573,-82.875,-89.248,-0.293,0.802,-0.011,0.017,-0.086,-0.655,-0.000,-0.002,-16.587,-0.003,-19.642,-15.707,-18.793
5.230,-0.918,-0.001,0.779,0.001,0.001,-0.627,0.225,0.246,-84.642,0.208,-90.769,-83.033,-89.436,-0.287,0.803,-0.010,0.010,-0.085,-0.654,-0.000,-0.002,-16.557,-0.002,-19.619,-15.742,-18.848
5.228,-0.910,-0.001,0.777,0.001,0.000,-0.630,0.225,0.246,-84.808,0.208,-90.965,-83.190,-89.625,-0.281,0.803,-0.008,0.004,-0.077,-0.653,0.000,-0.001,-16.529,-0.001,-19.594,-15.782,-18.906
5.225,-0.902,-0.001,0.775,0.001,0.000,-0.632,0.225,0.246,-84.973,0.208,-91.161,-83.348,-89.814,-0.276,0.804,-0.007,-0.002,-0.063,-0.652,0.000,-0.001,-16.507,-0.000,-19.571,-15.824,-18.960
5.222,-0.894,-0.001,0.773,0.000,-0.000,-0.635,0.225,0.246,-85.138,0.208,-91.356,-83.507,-90.004,-0.270,0.806,-0.005,-0.006,-0.047,-0.652,0.001,0.000,-16.489,0.001,-19.550,-15.864,-19.007
5.219,-0.886,-0.001,0.771,0.000,-0.000,-0.637,0.225,0.246,-85.303,0.208,-91.552,-83.666,-90.194,-0.265,0.807,-0.003,-0.009,-0.032,-0.651,0.001,0.001,-16.476,0.002,-19.533,-15.899,-19.045
5.217,-0.878,-0.001,0.768,0.000,-0.000,-0.640,0.225,0.246,-85.467,0.208,-91.747,-83.825,-90.385,-0.260,0.808,-0.002,-0.010,-0.019,-0.651,0.001,0.002,-16.466,0.003,-19.518,-15.927,-19.071
5.214,-0.870,-0.001,0.766,0.000,-0.000,-0.642,0.225,0.246,-85.632,0.208,-91.942,-83.984,-90.576,-0.254,0.810,0.000,-0.011,-0.012,-0.650,0.001,0.002,-16.458,0.004,-19.504,-15.948,-19.087
5.212,-0.861,-0.001,0.764,-0.000,-0.000,-0.645,0.225,0.246,-85.797,0.208,-92.137,-84.144,-90.767,-0.249,0.811,0.002,-0.011,-0.010,-0.650,0.001,0.003,-16.449,0.005,-19.489,-15.962,-19.095
5.209,-0.853,-0.001,0.762,-0.000,-0.000,-0.647,0.225,0.246,-85.961,0.208,-92.332,-84.303,-90.958,-0.244,0.813,0.004,-0.010,-0.015,-0.651,0.001,0.003,-16.437,0.005,-19.469,-15.971,-19.099
