-5.000,-9.000,0.001,1.000,0.000,0.000,0.000,-0.000,-0.000,0.000,-0.000,0.000,0.000,0.000,-0.000,-0.000,0.000,-0.000,-0.000,-0.000,0.000,0.000,-0.000,0.000,-0.000,-0.000,-0.000
-5.000,-9.000,0.001,1.000,0.000,-0.000,-0.000,0.335,0.274,0.000,0.241,0.000,0.005,0.004,0.039,0.002,0.001,0.003,-0.029,-0.008,48.604,41.611,0.143,36.497,0.206,0.815,0.782
-4.999,-9.000,0.001,1.000,0.000,-0.000,0.000,0.687,0.609,0.005,0.520,0.007,0.015,0.015,0.059,0.011,0.001,0.010,-0.022,0.069,16.287,16.856,0.860,14.637,1.145,1.139,1.393
-4.999,-9.000,0.001,1.000,0.000,-0.000,0.001,0.705,0.633,0.018,0.568,0.023,0.027,0.032,0.075,0.022,0.000,0.013,-0.014,0.140,-11.454,-12.702,1.724,-4.732,2.075,1.346,1.903
-4.998,-9.000,0.001,1.000,0.000,-0.000,0.001,0.507,0.399,0.039,0.453,0.048,0.042,0.053,0.095,0.027,0.000,0.007,-0.012,0.166,-24.565,-29.769,2.448,-15.879,2.813,1.677,2.384
-4.997,-8.999,0.001,1.000,0.000,-0.000,0.002,0.306,0.156,0.065,0.311,0.078,0.061,0.079,0.124,0.025,0.000,-0.005,-0.016,0.141,-11.894,-14.645,2.749,-9.809,3.225,2.248,2.894
-4.995,-8.999,0.001,1.000,0.000,-0.001,0.003,0.319,0.162,0.093,0.303,0.112,0.087,0.111,0.155,0.024,0.001,-0.011,-0.022,0.120,12.951,14.651,2.838,7.427,3.479,2.886,3.455
-4.994,-8.999,0.001,1.000,0.000,-0.001,0.004,0.452,0.335,0.123,0.388,0.149,0.118,0.149,0.178,0.030,0.000,-0.003,-0.013,0.163,12.362,18.278,3.137,8.683,4.002,3.282,4.005
-4.992,-8.998,0.001,1.000,0.000,-0.001,0.005,0.522,0.460,0.157,0.439,0.192,0.152,0.191,0.195,0.042,-0.001,0.007,-0.002,0.237,2.213,6.587,3.629,2.225,4.679,3.497,4.515
-4.990,-8.998,0.001,1.000,0.000,-0.001,0.006,0.515,0.490,0.195,0.441,0.242,0.188,0.239,0.212,0.052,-0.002,0.011,0.004,0.300,-3.015,0.149,4.082,-1.430,5.316,3.708,5.008
-4.988,-8.997,0.001,1.000,0.000,-0.001,0.007,0.478,0.478,0.238,0.419,0.298,0.227,0.291,0.231,0.060,-0.003,0.012,0.007,0.343,-3.938,-2.050,4.490,-2.643,5.878,3.978,5.488
-4.985,-8.997,0.000,1.000,0.000,-0.001,0.009,0.444,0.457,0.285,0.394,0.360,0.268,0.348,0.251,0.065,-0.004,0.010,0.007,0.370,-2.595,-1.942,4.867,-2.114,6.375,4.303,5.960
-4.982,-8.996,0.000,1.000,0.000,-0.001,0.011,0.425,0.440,0.335,0.377,0.426,0.313,0.410,0.271,0.069,-0.004,0.010,0.007,0.389,-1.283,-1.499,5.233,-1.300,6.837,4.655,6.418
-4.980,-8.995,0.000,1.000,0.000,-0.001,0.013,0.417,0.427,0.390,0.368,0.496,0.361,0.477,0.290,0.073,-0.005,0.010,0.006,0.406,-0.403,-1.055,5.590,-0.617,7.279,5.010,6.862
-4.977,-8.995,0.000,1.000,0.000,-0.000,0.015,0.416,0.418,0.447,0.364,0.571,0.413,0.548,0.309,0.077,-0.006,0.011,0.006,0.423,0.044,-0.712,5.939,-0.208,7.712,5.355,7.293
-4.974,-8.994,0.000,1.000,0.000,-0.000,0.017,0.417,0.412,0.508,0.363,0.651,0.468,0.623,0.327,0.082,-0.007,0.013,0.007,0.440,0.197,-0.474,6.278,-0.050,8.139,5.685,7.711
-4.970,-8.993,0.000,1.000,0.001,-0.000,0.020,0.419,0.408,0.573,0.363,0.734,0.526,0.702,0.344,0.087,-0.008,0.015,0.007,0.459,0.188,-0.320,6.606,0.036,8.559,5.999,8.118
-4.967,-8.992,0.000,1.000,0.001,-0.000,0.022,0.421,0.406,0.640,0.363,0.822,0.588,0.785,0.360,0.092,-0.008,0.016,0.006,0.477,0.127,-0.220,6.925,0.045,8.972,6.299,8.512
-4.963,-8.991,0.000,1.000,0.001,-0.000,0.024,0.422,0.404,0.711,0.364,0.913,0.652,0.872,0.376,0.098,-0.009,0.016,0.006,0.496,0.067,-0.153,7.233,0.028,9.377,6.586,8.894
-4.959,-8.990,-0.000,1.000,0.001,-0.000,0.027,0.422,0.403,0.785,0.364,1.009,0.720,0.963,0.391,0.103,-0.010,0.015,0.005,0.514,0.028,-0.106,7.531,0.015,9.772,6.863,9.266
-4.955,-8.989,-0.000,1.000,0.001,-0.000,0.030,0.422,0.402,0.862,0.364,1.109,0.790,1.057,0.405,0.109,-0.010,0.014,0.004,0.531,0.008,-0.072,7.820,0.009,10.156,7.129,9.627
-4.951,-8.988,-0.000,0.999,0.001,-0.000,0.032,0.422,0.401,0.941,0.364,1.212,0.862,1.155,0.418,0.115,-0.011,0.012,0.004,0.549,-0.001,-0.048,8.100,0.006,10.529,7.386,9.977
-4.947,-8.987,-0.000,0.999,0.001,-0.000,0.035,0.422,0.401,1.024,0.364,1.319,0.937,1.257,0.431,0.121,-0.011,0.010,0.003,0.565,-0.003,-0.032,8.370,0.005,10.891,7.633,10.316
-4.942,-8.986,-0.000,0.999,0.001,-0.000,0.038,0.422,0.401,1.109,0.364,1.430,1.015,1.362,0.443,0.127,-0.011,0.006,0.003,0.582,-0.003,-0.020,8.632,0.006,11.240,7.872,10.645
-4.938,-8.984,-0.001,0.999,0.001,-0.000,0.041,0.422,0.400,1.196,0.364,1.544,1.095,1.470,0.454,0.132,-0.011,0.003,0.002,0.597,-0.002,-0.013,8.886,0.007,11.578,8.103,10.962
-4.933,-8.983,-0.001,0.999,0.001,-0.000,0.044,0.422,0.400,1.286,0.364,1.662,1.177,1.581,0.465,0.139,-0.010,-0.002,0.002,0.613,-0.001,-0.009,9.131,0.009,11.904,8.326,11.269
-4.929,-8.981,-0.001,0.999,0.001,-0.000,0.047,0.422,0.400,1.379,0.364,1.782,1.261,1.695,0.475,0.145,-0.010,-0.006,0.001,0.627,0.000,-0.006,9.367,0.011,12.218,8.542,11.564
-4.924,-8.980,-0.001,0.999,0.001,-0.000,0.050,0.422,0.400,1.474,0.365,1.906,1.348,1.812,0.485,0.151,-0.009,-0.011,-0.000,0.642,0.002,-0.005,9.596,0.015,12.519,8.751,11.848
-4.919,-8.978,-0.001,0.999,0.001,-0.000,0.053,0.422,0.400,1.571,0.365,2.033,1.436,1.932,0.495,0.157,-0.008,-0.016,-0.001,0.655,0.003,-0.003,9.818,0.022,12.807,8.953,12.120
-4.914,-8.977,-0.001,0.998,0.001,-0.000,0.057,0.422,0.400,1.670,0.365,2.162,1.527,2.054,0.503,0.163,-0.007,-0.021,-0.002,0.668,0.004,-0.003,10.031,0.028,13.084,9.149,12.381
-4.909,-8.975,-0.001,0.998,0.001,-0.000,0.060,0.422,0.400,1.771,0.365,2.294,1.619,2.179,0.512,0.170,-0.005,-0.024,-0.003,0.681,0.004,-0.002,10.238,0.032,13.349,9.338,12.631
-4.904,-8.973,-0.001,0.998,0.001,-0.000,0.063,0.422,0.400,1.875,0.366,2.429,1.713,2.307,0.520,0.176,-0.004,-0.027,-0.004,0.694,0.004,-0.002,10.438,0.034,13.602,9.522,12.871
-4.898,-8.972,-0.001,0.998,0.000,-0.000,0.067,0.422,0.400,1.980,0.366,2.566,1.810,2.437,0.528,0.183,-0.003,-0.028,-0.005,0.706,0.004,-0.002,10.630,0.033,13.845,9.700,13.100
-4.893,-8.970,-0.001,0.998,0.000,-0.000,0.071,0.422,0.400,2.087,0.366,2.706,1.907,2.569,0.535,0.189,-0.002,-0.027,-0.005,0.718,0.003,-0.002,10.816,0.030,14.079,9.872,13.321
-4.888,-8.968,-0.001,0.997,0.000,-0.000,0.074,0.422,0.400,2.197,0.367,2.848,2.007,2.703,0.542,0.196,-0.001,-0.025,-0.005,0.729,0.002,-0.002,10.996,0.025,14.305,10.039,13.533
-4.882,-8.966,-0.001,0.997,0.000,-0.000,0.078,0.422,0.400,2.307,0.367,2.992,2.108,2.840,0.549,0.203,-0.000,-0.021,-0.005,0.740,0.001,-0.002,11.169,0.019,14.522,10.200,13.738
-4.877,-8.964,-0.001,0.997,-0.000,-0.000,0.081,0.422,0.400,2.420,0.367,3.138,2.211,2.978,0.555,0.210,0.000,-0.016,-0.005,0.751,0.000,-0.003,11.337,0.014,14.733,10.356,13.936
-4.871,-8.962,-0.001,0.996,-0.000,-0.001,0.085,0.422,0.400,2.534,0.367,3.287,2.315,3.118,0.562,0.217,0.001,-0.011,-0.004,0.762,-0.000,-0.003,11.499,0.011,14.938,10.507,14.129
-4.866,-8.959,-0.001,0.996,-0.000,-0.001,0.089,0.422,0.400,2.650,0.367,3.437,2.421,3.261,0.568,0.224,0.001,-0.006,-0.003,0.772,-0.000,-0.002,11.655,0.009,15.136,10.654,14.317
-4.860,-8.957,-0.001,0.996,-0.000,-0.001,0.093,0.422,0.400,2.767,0.367,3.589,2.528,3.405,0.573,0.232,0.001,-0.002,-0.003,0.782,-0.000,-0.002,11.807,0.008,15.328,10.796,14.502
-4.854,-8.955,-0.001,0.995,-0.000,-0.001,0.097,0.422,0.400,2.886,0.367,3.743,2.637,3.551,0.579,0.239,0.001,-0.000,-0.003,0.791,0.000,-0.002,11.955,0.007,15.513,10.933,14.683
-4.848,-8.952,-0.001,0.995,-0.000,-0.001,0.101,0.422,0.400,3.006,0.367,3.899,2.747,3.698,0.584,0.246,0.001,-0.000,-0.003,0.801,0.000,-0.002,12.098,0.007,15.693,11.066,14.859
-4.842,-8.950,-0.001,0.994,-0.000,-0.001,0.105,0.422,0.400,3.128,0.367,4.057,2.858,3.848,0.589,0.254,0.001,-0.003,-0.003,0.811,0.001,-0.001,12.238,0.008,15.868,11.195,15.030
-4.837,-8.947,-0.001,0.994,-0.000,-0.001,0.109,0.422,0.400,3.251,0.368,4.217,2.971,3.999,0.593,0.262,0.002,-0.009,-0.004,0.821,0.001,-0.001,12.373,0.010,16.036,11.320,15.196
-4.831,-8.945,-0.001,0.994,-0.000,-0.001,0.113,0.422,0.400,3.375,0.368,4.378,3.085,4.152,0.598,0.270,0.003,-0.017,-0.006,0.831,0.002,-0.001,12.502,0.015,16.197,11.440,15.356
-4.825,-8.942,-0.001,0.993,-0.000,-0.001,0.117,0.422,0.400,3.501,0.368,4.541,3.200,4.306,0.602,0.278,0.004,-0.027,-0.008,0.842,0.004,-0.000,12.631,0.028,16.351,11.557,15.509
-4.819,-8.939,-0.001,0.993,-0.001,-0.001,0.121,0.422,0.400,3.628,0.368,4.705,3.316,4.462,0.606,0.286,0.006,-0.038,-0.011,0.853,0.005,-0.000,12.759,0.050,16.495,11.669,15.655
-4.812,-8.936,-0.001,0.992,-0.001,-0.001,0.126,0.423,0.400,3.756,0.369,4.871,3.433,4.619,0.609,0.294,0.008,-0.050,-0.014,0.865,0.007,0.000,12.885,0.072,16.627,11.780,15.791
-4.806,-8.933,-0.001,0.992,-0.001,-0.001,0.130,0.423,0.400,3.886,0.370,5.037,3.551,4.778,0.613,0.303,0.009,-0.062,-0.016,0.876,0.008,0.000,13.009,0.063,16.748,11.890,15.917
-4.800,-8.930,-0.001,0.991,-0.001,-0.001,0.134,0.423,0.400,4.016,0.370,5.206,3.671,4.937,0.616,0.311,0.011,-0.072,-0.018,0.887,0.007,-0.000,13.131,0.050,16.856,12.001,16.034
-4.794,-8.927,-0.001,0.990,-0.002,-0.001,0.139,0.423,0.400,4.148,0.371,5.375,3.792,5.098,0.619,0.320,0.012,-0.080,-0.019,0.897,0.005,-0.001,13.251,0.038,16.952,12.115,16.140
-4.788,-8.924,-0.001,0.990,-0.002,-0.001,0.143,0.423,0.400,4.281,0.371,5.545,3.913,5.260,0.623,0.329,0.013,-0.083,-0.019,0.905,0.002,-0.002,13.368,0.024,17.037,12.232,16.236
-4.782,-8.920,-0.000,0.989,-0.003,-0.001,0.148,0.423,0.400,4.416,0.371,5.715,4.036,5.423,0.626,0.337,0.014,-0.081,-0.018,0.911,-0.000,-0.003,13.481,0.014,17.112,12.354,16.325
-4.775,-8.917,-0.000,0.988,-0.003,-0.002,0.152,0.423,0.400,4.551,0.371,5.887,4.160,5.587,0.630,0.345,0.013,-0.072,-0.015,0.913,-0.002,-0.004,13.591,0.005,17.180,12.481,16.405
-4.769,-8.913,-0.000,0.988,-0.003,-0.002,0.157,0.423,0.400,4.687,0.371,6.059,4.286,5.751,0.633,0.353,0.012,-0.050,-0.011,0.916,-0.003,-0.005,13.694,-0.003,17.252,12.605,16.484
-4.763,-8.910,-0.000,0.987,-0.003,-0.002,0.161,0.423,0.400,4.825,0.371,6.232,4.412,5.916,0.636,0.361,0.010,-0.017,-0.005,0.918,-0.005,-0.005,13.791,-0.015,17.332,12.723,16.563
-4.756,-8.906,0.000,0.986,-0.003,-0.002,0.166,0.423,0.400,4.963,0.371,6.406,4.540,6.082,0.638,0.369,0.008,0.024,0.002,0.920,-0.007,-0.005,13.878,-0.032,17.422,12.828,16.648
-4.750,-8.903,0.000,0.985,-0.003,-0.002,0.170,0.423,0.399,5.102,0.371,6.580,4.669,6.249,0.640,0.378,0.005,0.065,0.009,0.922,-0.009,-0.005,13.955,-0.047,17.526,12.920,16.740
-4.743,-8.899,0.000,0.985,-0.003,-0.002,0.175,0.422,0.399,5.242,0.370,6.756,4.799,6.417,0.642,0.386,0.003,0.103,0.014,0.925,-0.010,-0.005,14.021,-0.058,17.641,12.996,16.842
-4.737,-8.895,0.000,0.984,-0.002,-0.001,0.179,0.422,0.399,5.383,0.369,6.933,4.929,6.586,0.643,0.394,0.000,0.136,0.017,0.928,-0.010,-0.004,14.076,-0.063,17.769,13.055,16.956
-4.731,-8.891,0.000,0.983,-0.002,-0.001,0.184,0.422,0.399,5.524,0.369,7.112,5.060,6.756,0.643,0.402,-0.002,0.161,0.019,0.932,-0.008,-0.003,14.120,-0.069,17.909,13.097,17.079
-4.724,-8.887,0.000,0.982,-0.001,-0.001,0.189,0.422,0.399,5.665,0.368,7.291,5.191,6.928,0.643,0.410,-0.004,0.177,0.020,0.936,-0.007,-0.003,14.154,-0.086,18.058,13.124,17.210
-4.718,-8.883,0.000,0.981,0.000,-0.001,0.193,0.422,0.399,5.807,0.367,7.473,5.322,7.100,0.642,0.418,-0.005,0.183,0.021,0.941,-0.006,-0.002,14.180,-0.067,18.213,13.136,17.347
-4.711,-8.878,0.000,0.980,0.001,-0.000,0.198,0.422,0.399,5.949,0.367,7.656,5.453,7.275,0.640,0.426,-0.006,0.177,0.019,0.946,-0.005,-0.001,14.199,-0.045,18.374,13.135,17.486
-4.705,-8.874,-0.000,0.979,0.002,-0.000,0.202,0.422,0.399,6.091,0.366,7.840,5.585,7.450,0.637,0.434,-0.006,0.159,0.015,0.952,-0.002,0.001,14.214,-0.028,18.534,13.124,17.625
-4.699,-8.870,-0.000,0.978,0.003,0.000,0.207,0.422,0.399,6.233,0.366,8.026,5.716,7.627,0.634,0.442,-0.006,0.132,0.012,0.959,-0.000,0.002,14.227,-0.016,18.687,13.107,17.759
-4.692,-8.865,-0.000,0.977,0.003,0.000,0.212,0.422,0.399,6.375,0.366,8.214,5.847,7.805,0.631,0.450,-0.005,0.102,0.008,0.967,0.001,0.004,14.251,-0.008,18.831,13.085,17.885
-4.686,-8.861,-0.000,0.976,0.004,0.000,0.217,0.422,0.399,6.518,0.366,8.403,5.978,7.985,0.627,0.458,-0.004,0.073,0.007,0.976,0.003,0.006,14.285,-0.001,18.961,13.062,18.002
-4.680,-8.856,-0.000,0.975,0.004,0.000,0.221,0.422,0.399,6.661,0.366,8.593,6.108,8.165,0.623,0.466,-0.004,0.046,0.007,0.988,0.003,0.007,14.317,0.005,19.083,13.039,18.113
-4.674,-8.851,-0.000,0.974,0.004,0.001,0.226,0.422,0.400,6.804,0.366,8.784,6.238,8.347,0.618,0.475,-0.004,0.020,0.011,1.001,0.004,0.008,14.353,0.009,19.195,13.019,18.213
-4.667,-8.847,-0.000,0.973,0.004,0.001,0.231,0.422,0.400,6.948,0.366,8.977,6.368,8.530,0.614,0.483,-0.004,-0.004,0.019,1.015,0.004,0.009,14.397,0.012,19.297,13.004,18.302
-4.661,-8.842,-0.000,0.972,0.004,0.001,0.236,0.422,0.400,7.092,0.366,9.170,6.498,8.713,0.609,0.492,-0.006,-0.026,0.027,1.027,0.004,0.009,14.450,0.014,19.391,12.999,18.380
-4.655,-8.837,-0.000,0.970,0.004,0.001,0.241,0.422,0.400,7.237,0.366,9.365,6.628,8.897,0.604,0.500,-0.007,-0.046,0.033,1.038,0.003,0.008,14.514,0.013,19.479,13.011,18.448
-4.649,-8.832,-0.001,0.969,0.003,0.001,0.246,0.422,0.400,7.383,0.366,9.560,6.759,9.082,0.600,0.508,-0.008,-0.062,0.034,1.045,0.003,0.008,14.590,0.012,19.560,13.043,18.507
-4.643,-8.827,-0.001,0.968,0.003,0.001,0.251,0.422,0.400,7.529,0.367,9.756,6.889,9.267,0.596,0.516,-0.009,-0.072,0.030,1.049,0.002,0.007,14.675,0.011,19.632,13.096,18.561
-4.637,-8.821,-0.001,0.967,0.003,0.001,0.256,0.422,0.400,7.676,0.367,9.953,7.021,9.453,0.593,0.523,-0.009,-0.078,0.021,1.052,0.002,0.006,14.768,0.010,19.693,13.166,18.613
-4.631,-8.816,-0.001,0.965,0.002,0.001,0.261,0.422,0.400,7.824,0.367,10.150,7.153,9.640,0.590,0.531,-0.008,-0.080,0.009,1.052,0.002,0.004,14.865,0.011,19.746,13.251,18.663
-4.625,-8.811,-0.001,0.964,0.002,0.001,0.266,0.422,0.400,7.974,0.367,10.347,7.286,9.826,0.586,0.538,-0.007,-0.080,-0.005,1.052,0.002,0.003,14.962,0.013,19.791,13.343,18.712
-4.620,-8.805,-0.001,0.962,0.001,0.001,0.272,0.422,0.400,8.124,0.367,10.546,7.420,10.014,0.583,0.546,-0.005,-0.080,-0.019,1.053,0.003,0.001,15.054,0.021,19.827,13.438,18.763
-4.614,-8.800,-0.001,0.961,0.001,0.000,0.277,0.422,0.400,8.275,0.367,10.744,7.554,10.202,0.579,0.553,-0.003,-0.081,-0.032,1.055,0.005,0.000,15.140,0.034,19.852,13.531,18.813
-4.608,-8.794,-0.001,0.960,0.001,0.000,0.282,0.422,0.400,8.426,0.368,10.943,7.690,10.390,0.575,0.561,0.000,-0.083,-0.041,1.059,0.006,-0.001,15.216,0.047,19.865,13.619,18.862
-4.602,-8.789,-0.001,0.958,0.000,-0.000,0.287,0.423,0.400,8.579,0.368,11.141,7.827,10.579,0.571,0.569,0.003,-0.087,-0.047,1.064,0.007,-0.001,15.285,0.072,19.867,13.702,18.907
-4.597,-8.783,-0.001,0.956,0.000,-0.001,0.292,0.423,0.400,8.732,0.369,11.340,7.964,10.768,0.566,0.577,0.006,-0.092,-0.048,1.070,0.008,-0.002,15.345,0.094,19.859,13.780,18.944
-4.591,-8.777,-0.001,0.955,-0.000,-0.001,0.297,0.423,0.400,8.886,0.370,11.538,8.102,10.958,0.561,0.585,0.008,-0.099,-0.045,1.077,0.008,-0.002,15.401,0.071,19.841,13.851,18.972
-4.585,-8.771,-0.001,0.953,-0.001,-0.001,0.302,0.423,0.400,9.040,0.371,11.737,8.241,11.148,0.557,0.593,0.010,-0.106,-0.037,1.084,0.006,-0.002,15.454,0.048,19.817,13.920,18.986
-4.580,-8.765,-0.001,0.952,-0.001,-0.002,0.307,0.423,0.400,9.195,0.371,11.935,8.381,11.337,0.552,0.601,0.011,-0.111,-0.026,1.089,0.002,-0.003,15.509,0.026,19.789,13.989,18.986
-4.574,-8.759,-0.001,0.950,-0.002,-0.002,0.313,0.423,0.400,9.350,0.371,12.132,8.521,11.527,0.548,0.609,0.011,-0.113,-0.012,1.091,-0.000,-0.003,15.567,0.012,19.760,14.061,18.972
-4.569,-8.753,-0.000,0.948,-0.002,-0.002,0.318,0.423,0.400,9.506,0.371,12.330,8.662,11.717,0.544,0.617,0.010,-0.109,0.001,1.090,-0.002,-0.003,15.630,0.002,19.734,14.139,18.946
-4.563,-8.747,-0.000,0.946,-0.003,-0.002,0.323,0.423,0.400,9.663,0.371,12.527,8.804,11.906,0.540,0.624,0.009,-0.099,0.012,1.085,-0.003,-0.003,15.698,-0.009,19.716,14.223,18.912
-4.558,-8.741,-0.000,0.945,-0.003,-0.002,0.328,0.423,0.400,9.820,0.371,12.724,8.947,12.095,0.537,0.631,0.006,-0.079,0.021,1.077,-0.006,-0.003,15.755,-0.028,19.709,14.316,18.878
-4.553,-8.734,-0.000,0.943,-0.004,-0.002,0.333,0.423,0.400,9.978,0.371,12.921,9.090,12.284,0.534,0.637,0.002,-0.047,0.031,1.064,-0.009,-0.004,15.800,-0.046,19.711,14.419,18.848
-4.547,-8.728,-0.000,0.941,-0.004,-0.002,0.338,0.423,0.400,10.136,0.370,13.118,9.235,12.472,0.531,0.644,-0.002,-0.005,0.038,1.052,-0.010,-0.004,15.848,-0.057,19.726,14.515,18.830
-4.542,-8.721,-0.000,0.939,-0.004,-0.002,0.343,0.422,0.400,10.295,0.370,13.316,9.380,12.660,0.527,0.650,-0.006,0.041,0.039,1.044,-0.010,-0.005,15.900,-0.060,19.764,14.591,18.833
-4.537,-8.715,-0.000,0.938,-0.004,-0.002,0.348,0.422,0.400,10.454,0.369,13.514,9.527,12.849,0.522,0.656,-0.009,0.081,0.033,1.039,-0.008,-0.005,15.945,-0.059,19.823,14.645,18.859
-4.532,-8.708,-0.000,0.936,-0.003,-0.001,0.353,0.422,0.400,10.614,0.368,13.712,9.673,13.038,0.516,0.663,-0.011,0.112,0.021,1.036,-0.006,-0.005,15.978,-0.064,19.898,14.682,18.907
-4.527,-8.702,-0.001,0.934,-0.003,-0.001,0.357,0.422,0.400,10.774,0.368,13.912,9.820,13.227,0.510,0.669,-0.011,0.132,0.005,1.034,-0.004,-0.005,15.994,-0.055,19.986,14.704,18.974
-4.521,-8.695,-0.001,0.932,-0.002,-0.001,0.362,0.422,0.400,10.934,0.367,14.112,9.967,13.417,0.504,0.674,-0.010,0.143,-0.013,1.034,-0.003,-0.005,15.992,-0.029,20.080,14.714,19.058
-4.516,-8.688,-0.001,0.930,-0.001,-0.001,0.367,0.422,0.400,11.093,0.367,14.313,10.114,13.608,0.497,0.680,-0.008,0.143,-0.032,1.034,-0.002,-0.005,15.972,-0.015,20.177,14.714,19.152
-4.512,-8.681,-0.001,0.928,-0.001,-0.000,0.372,0.422,0.399,11.253,0.367,14.516,10.262,13.800,0.490,0.685,-0.005,0.134,-0.048,1.035,-0.001,-0.005,15.936,-0.007,20.268,14.706,19.252
-4.507,-8.674,-0.001,0.926,0.000,-0.000,0.377,0.422,0.399,11.412,0.367,14.719,10.409,13.993,0.482,0.690,-0.002,0.121,-0.059,1.036,-0.001,-0.005,15.885,-0.001,20.347,14.694,19.352
-4.502,-8.667,-0.001,0.924,0.001,-0.001,0.382,0.422,0.399,11.571,0.367,14.923,10.555,14.187,0.475,0.695,0.001,0.108,-0.062,1.037,0.000,-0.004,15.825,0.003,20.408,14.679,19.449
-4.497,-8.660,-0.001,0.922,0.001,-0.001,0.386,0.132,0.089,11.731,0.170,15.126,10.701,14.383,0.476,0.698,0.005,0.087,-0.069,1.036,-50.621,-54.392,16.265,-36.459,20.130,14.731,19.611
-4.492,-8.654,-0.001,0.921,0.002,-0.001,0.390,-0.348,-0.419,11.895,-0.228,15.323,10.854,14.576,0.546,0.639,0.050,0.016,-0.296,0.462,-35.214,-38.003,16.561,-34.001,19.344,15.906,18.815
-4.486,-8.648,0.000,0.920,0.003,-0.003,0.391,-0.445,-0.586,12.061,-0.332,15.516,11.018,14.757,0.584,0.566,0.075,0.054,-0.376,-0.063,15.309,4.009,16.626,15.227,19.334,16.600,17.395
-4.481,-8.642,0.001,0.921,0.004,-0.004,0.390,-0.114,-0.380,12.228,0.016,15.710,11.185,14.927,0.581,0.559,0.020,0.082,-0.064,-0.152,43.268,32.498,16.656,45.877,19.395,16.793,16.768
-4.475,-8.637,0.001,0.921,0.004,-0.003,0.390,0.218,-0.084,12.395,0.373,15.904,11.352,15.093,0.568,0.562,-0.034,0.117,0.273,-0.083,16.833,20.094,16.721,20.234,19.401,16.573,16.586
-4.469,-8.631,-0.000,0.921,0.003,-0.001,0.390,0.166,-0.079,12.562,0.383,16.098,11.516,15.259,0.557,0.564,-0.076,0.124,0.536,-0.018,-24.043,-17.679,16.821,-16.206,19.403,16.279,16.543
-4.464,-8.625,-0.000,0.921,0.003,0.001,0.390,-0.141,-0.323,12.731,0.125,16.287,11.680,15.427,0.571,0.583,0.008,0.092,-0.009,0.009,-29.919,-24.188,16.918,-29.176,18.354,16.560,16.967
-4.458,-8.619,-0.000,0.921,0.004,-0.000,0.389,-0.298,-0.452,12.901,-0.064,16.467,11.848,15.595,0.603,0.559,0.052,0.100,-0.277,-0.232,0.305,-0.405,17.108,-5.603,17.623,17.065,16.628
-4.452,-8.614,0.000,0.922,0.005,-0.001,0.388,-0.155,-0.340,13.073,0.023,16.642,12.019,15.760,0.602,0.554,0.018,0.061,-0.062,-0.272,24.059,20.107,17.163,19.377,17.460,17.103,16.439
-4.446,-8.608,0.000,0.922,0.005,-0.000,0.387,0.068,-0.129,13.245,0.209,16.816,12.189,15.924,0.583,0.567,-0.016,0.037,0.146,-0.127,15.843,17.952,17.237,13.347,17.406,16.723,16.619
-4.440,-8.603,0.000,0.922,0.005,0.000,0.387,0.095,-0.057,13.417,0.232,16.990,12.352,16.094,0.541,0.602,-0.022,-0.019,0.172,0.215,-9.659,-3.728,17.337,-8.178,17.368,15.935,17.240
-4.435,-8.596,-0.000,0.922,0.004,0.001,0.388,-0.070,-0.164,13.591,0.079,17.164,12.509,16.268,0.525,0.616,-0.023,-0.120,0.163,0.349,-18.958,-13.831,17.431,-19.015,17.537,15.539,17.575
-4.429,-8.590,-0.000,0.921,0.003,0.001,0.389,-0.194,-0.256,13.765,-0.067,17.339,12.667,16.443,0.561,0.598,-0.009,-0.129,0.058,0.109,-3.981,-3.025,17.272,-7.966,17.289,16.120,17.370
-4.424,-8.584,-0.000,0.921,0.003,0.001,0.389,-0.141,-0.213,13.938,-0.056,17.510,12.831,16.615,0.592,0.578,-0.001,-0.110,-0.013,-0.119,12.534,10.407,17.322,8.693,16.959,16.745,17.018
-4.418,-8.579,-0.000,0.921,0.002,0.001,0.389,-0.006,-0.090,14.111,0.050,17.679,13.000,16.785,0.590,0.585,0.001,-0.095,-0.031,-0.089,11.451,11.648,17.333,9.547,16.942,16.869,17.063
-4.412,-8.573,-0.000,0.921,0.002,0.001,0.389,0.037,-0.029,14.285,0.088,17.850,13.167,16.957,0.566,0.603,-0.005,-0.137,0.003,0.095,-2.987,0.119,17.410,-2.282,17.227,16.529,17.327
-4.406,-8.567,-0.000,0.921,0.001,0.000,0.389,-0.044,-0.077,14.458,0.015,18.023,13.332,17.131,0.565,0.610,-0.002,-0.152,-0.019,0.128,-11.062,-7.983,17.262,-10.433,17.404,16.544,17.464
-4.400,-8.561,-0.000,0.921,0.001,-0.000,0.390,-0.130,-0.143,14.631,-0.076,18.196,13.499,17.305,0.586,0.598,0.000,-0.176,-0.032,-0.013,-4.584,-3.844,17.324,-6.190,17.176,16.957,17.281
-4.394,-8.555,-0.000,0.921,-0.000,-0.001,0.389,-0.120,-0.138,14.805,-0.086,18.366,13.671,17.476,0.606,0.583,-0.001,-0.196,-0.016,-0.162,5.783,4.385,17.581,3.610,16.777,17.410,16.988
-4.388,-8.549,-0.000,0.921,-0.001,-0.001,0.388,-0.045,-0.076,14.982,-0.029,18.533,13.847,17.646,0.609,0.582,-0.003,-0.181,0.003,-0.180,7.428,6.777,17.757,6.298,16.622,17.615,16.896
-4.382,-8.543,-0.000,0.922,-0.002,-0.001,0.388,-0.005,-0.032,15.159,0.008,18.700,14.023,17.815,0.602,0.592,-0.003,-0.148,0.014,-0.109,0.103,1.351,17.699,0.488,16.778,17.619,16.987
-4.376,-8.537,-0.000,0.922,-0.002,-0.002,0.387,-0.040,-0.051,15.336,-0.020,18.868,14.199,17.985,0.601,0.596,-0.001,-0.119,0.018,-0.078,-5.966,-4.270,17.630,-5.288,16.945,17.665,17.036
-4.370,-8.531,-0.000,0.922,-0.003,-0.002,0.387,-0.095,-0.093,15.513,-0.073,19.038,14.377,18.155,0.609,0.590,-0.000,-0.096,0.023,-0.133,-3.802,-3.271,17.809,-4.259,16.868,17.851,16.914
-4.364,-8.525,-0.000,0.922,-0.003,-0.002,0.386,-0.101,-0.102,15.693,-0.089,19.205,14.556,18.323,0.619,0.582,-0.001,-0.065,0.030,-0.202,2.241,1.365,18.107,1.131,16.673,18.059,16.739
-4.358,-8.519,-0.000,0.923,-0.004,-0.002,0.385,-0.063,-0.073,15.875,-0.060,19.372,14.738,18.490,0.622,0.582,-0.002,-0.023,0.037,-0.211,4.408,3.688,18.266,3.715,16.623,18.165,16.686
-4.352,-8.514,-0.000,0.923,-0.004,-0.002,0.384,-0.034,-0.046,16.057,-0.033,19.539,14.919,18.657,0.619,0.588,-0.003,0.018,0.042,-0.172,1.054,1.427,18.232,1.335,16.766,18.167,16.761
-4.346,-8.508,-0.001,0.924,-0.004,-0.001,0.383,-0.044,-0.049,16.239,-0.039,19.707,15.101,18.826,0.619,0.592,-0.005,0.046,0.044,-0.145,-2.740,-1.853,18.176,-2.221,16.943,18.163,16.843
-4.339,-8.502,-0.001,0.924,-0.004,-0.001,0.383,-0.074,-0.072,16.421,-0.066,19.877,15.283,18.994,0.623,0.590,-0.006,0.063,0.041,-0.161,-2.528,-2.114,18.242,-2.538,17.019,18.220,16.853
-4.333,-8.496,-0.001,0.924,-0.003,-0.001,0.382,-0.085,-0.083,16.604,-0.079,20.047,15.465,19.162,0.629,0.586,-0.007,0.078,0.032,-0.196,0.437,0.009,18.385,-0.073,17.033,18.307,16.825
-4.327,-8.490,-0.001,0.925,-0.003,-0.000,0.381,-0.069,-0.073,16.789,-0.069,20.218,15.649,19.331,0.633,0.584,-0.007,0.096,0.017,-0.209,2.203,1.693,18.484,1.771,17.087,18.366,16.849
-4.320,-8.484,-0.001,0.925,-0.002,-0.000,0.380,-0.052,-0.058,16.974,-0.053,20.389,15.833,19.500,0.634,0.587,-0.007,0.112,-0.002,-0.194,1.032,1.048,18.488,1.102,17.212,18.375,16.954
-4.314,-8.478,-0.001,0.925,-0.002,0.000,0.379,-0.052,-0.055,17.158,-0.051,20.562,16.016,19.670,0.634,0.589,-0.006,0.120,-0.023,-0.174,-0.876,-0.476,18.456,-0.517,17.351,18.371,17.091
-4.308,-8.472,-0.001,0.926,-0.001,0.000,0.378,-0.064,-0.064,17.343,-0.061,20.736,16.200,19.841,0.636,0.590,-0.005,0.119,-0.042,-0.173,-1.320,-1.021,18.448,-1.194,17.449,18.395,17.201
-4.301,-8.467,-0.001,0.926,-0.001,0.000,0.378,-0.072,-0.071,17.527,-0.069,20.911,16.384,20.014,0.640,0.588,-0.003,0.115,-0.057,-0.188,-0.285,-0.370,18.462,-0.445,17.509,18.449,17.279
-4.295,-8.461,-0.001,0.926,0.000,0.000,0.377,-0.069,-0.070,17.712,-0.068,21.086,16.569,20.187,0.644,0.586,-0.000,0.112,-0.066,-0.201,0.742,0.510,18.458,0.500,17.560,18.502,17.356
-4.288,-8.455,-0.001,0.927,0.001,-0.000,0.376,-0.061,-0.064,17.896,-0.062,21.262,16.754,20.361,0.646,0.586,0.002,0.111,-0.068,-0.200,0.684,0.595,18.417,0.577,17.618,18.527,17.462
-4.282,-8.449,-0.001,0.927,0.001,-0.000,0.375,-0.058,-0.060,18.080,-0.059,21.439,16.940,20.536,0.647,0.587,0.004,0.107,-0.061,-0.190,0.038,0.150,18.355,0.129,17.673,18.530,17.583
-4.276,-8.443,-0.001,0.927,0.002,-0.000,0.374,-0.060,-0.061,18.264,-0.060,21.616,17.125,20.713,0.649,0.588,0.006,0.099,-0.048,-0.184,-0.447,-0.275,18.297,-0.355,17.715,18.526,17.691
-4.269,-8.437,-0.001,0.928,0.002,-0.000,0.373,-0.065,-0.064,18.446,-0.064,21.793,17.310,20.890,0.651,0.587,0.007,0.089,-0.028,-0.187,-0.309,-0.228,18.255,-0.312,17.747,18.525,17.770
-4.262,-8.431,-0.001,0.928,0.003,-0.000,0.372,-0.066,-0.065,18.629,-0.066,21.971,17.495,21.068,0.654,0.586,0.007,0.077,-0.006,-0.192,-0.017,-0.049,18.228,-0.093,17.776,18.519,17.828
-4.256,-8.425,-0.001,0.928,0.003,-0.000,0.371,-0.065,-0.065,18.811,-0.066,22.148,17.680,21.247,0.657,0.586,0.007,0.064,0.017,-0.196,0.170,0.112,18.213,0.080,17.809,18.501,17.877
-4.249,-8.420,-0.001,0.929,0.003,0.000,0.370,-0.064,-0.064,18.993,-0.065,22.327,17.865,21.426,0.659,0.586,0.006,0.049,0.037,-0.196,0.125,0.104,18.212,0.066,17.848,18.470,17.921
-4.243,-8.414,-0.001,0.929,0.003,0.001,0.370,-0.063,-0.063,19.175,-0.065,22.505,18.050,21.605,0.662,0.586,0.004,0.032,0.053,-0.194,0.036,0.046,18.229,0.023,17.894,18.433,17.959
-4.236,-8.408,-0.001,0.930,0.003,0.001,0.369,-0.063,-0.063,19.358,-0.064,22.685,18.234,21.785,0.664,0.586,0.003,0.012,0.062,-0.193,-0.008,0.019,18.265,0.004,17.943,18.397,17.989
-4.229,-8.402,-0.000,0.930,0.003,0.001,0.368,-0.063,-0.062,19.541,-0.064,22.864,18.418,21.965,0.667,0.586,0.001,-0.009,0.064,-0.192,-0.020,0.009,18.319,-0.003,17.993,18.367,18.013
-4.223,-8.396,-0.000,0.930,0.003,0.001,0.367,-0.063,-0.062,19.724,-0.064,23.044,18.601,22.145,0.669,0.586,-0.001,-0.032,0.059,-0.191,-0.016,0.007,18.390,-0.004,18.038,18.348,18.032
-4.216,-8.390,-0.001,0.931,0.003,0.002,0.366,-0.063,-0.062,19.908,-0.064,23.225,18.785,22.325,0.671,0.586,-0.003,-0.056,0.047,-0.190,-0.008,0.008,18.473,-0.004,18.077,18.345,18.048
-4.209,-8.384,-0.001,0.931,0.002,0.002,0.365,-0.063,-0.062,20.094,-0.065,23.406,18.968,22.506,0.673,0.585,-0.004,-0.080,0.030,-0.189,-0.001,0.009,18.563,-0.003,18.104,18.360,18.062
-4.203,-8.379,-0.001,0.931,0.002,0.002,0.364,-0.063,-0.062,20.280,-0.065,23.587,19.152,22.687,0.676,0.585,-0.004,-0.101,0.010,-0.188,0.002,0.009,18.657,-0.003,18.117,18.395,18.074
-4.196,-8.373,-0.001,0.932,0.001,0.001,0.363,-0.063,-0.062,20.467,-0.065,23.768,19.336,22.867,0.678,0.585,-0.004,-0.119,-0.012,-0.187,0.003,0.009,18.748,-0.002,18.113,18.450,18.084
-4.189,-8.367,-0.001,0.932,0.001,0.001,0.362,-0.063,-0.062,20.655,-0.065,23.949,19.521,23.048,0.680,0.584,-0.003,-0.133,-0.031,-0.187,0.002,0.009,18.833,-0.002,18.093,18.522,18.090
-4.182,-8.361,-0.001,0.932,0.000,0.001,0.362,-0.063,-0.062,20.843,-0.065,24.130,19.707,23.229,0.681,0.584,-0.002,-0.142,-0.046,-0.186,0.001,0.008,18.909,-0.002,18.056,18.608,18.089
-4.175,-8.355,-0.001,0.933,-0.000,0.000,0.361,-0.063,-0.062,21.033,-0.065,24.310,19.893,23.410,0.683,0.583,0.000,-0.147,-0.053,-0.186,0.000,0.007,18.973,-0.003,18.006,18.703,18.080
-4.169,-8.349,-0.001,0.933,-0.001,-0.000,0.360,-0.063,-0.062,21.223,-0.065,24.490,20.081,23.591,0.685,0.582,0.002,-0.146,-0.052,-0.185,0.000,0.007,19.024,-0.002,17.948,18.802,18.060
-4.162,-8.344,-0.001,0.933,-0.001,-0.001,0.359,-0.063,-0.062,21.413,-0.065,24.669,20.269,23.771,0.686,0.581,0.004,-0.139,-0.044,-0.185,-0.000,0.006,19.065,-0.002,17.885,18.899,18.029
-4.155,-8.338,-0.001,0.934,-0.002,-0.001,0.358,-0.063,-0.062,21.604,-0.065,24.848,20.459,23.951,0.688,0.581,0.005,-0.126,-0.029,-0.186,0.000,0.005,19.098,-0.002,17.825,18.990,17.988
-4.148,-8.332,-0.001,0.934,-0.003,-0.002,0.357,-0.063,-0.062,21.795,-0.065,25.026,20.649,24.131,0.689,0.580,0.005,-0.107,-0.010,-0.186,0.000,0.004,19.127,-0.001,17.773,19.069,17.939
-4.141,-8.326,-0.001,0.934,-0.003,-0.002,0.356,-0.063,-0.061,21.987,-0.065,25.203,20.840,24.310,0.691,0.579,0.004,-0.083,0.010,-0.187,0.000,0.002,19.154,0.000,17.734,19.134,17.886
-4.134,-8.320,-0.000,0.935,-0.003,-0.002,0.356,-0.063,-0.061,22.178,-0.065,25.381,21.032,24.489,0.692,0.578,0.003,-0.056,0.028,-0.188,0.000,0.001,19.182,0.001,17.713,19.185,17.834
-4.127,-8.315,-0.000,0.935,-0.004,-0.002,0.355,-0.063,-0.061,22.370,-0.065,25.558,21.224,24.667,0.694,0.577,0.002,-0.027,0.043,-0.189,0.000,-0.000,19.212,0.002,17.713,19.221,17.786
-4.120,-8.309,-0.000,0.935,-0.004,-0.002,0.354,-0.063,-0.061,22.562,-0.065,25.735,21.416,24.844,0.695,0.576,-0.000,0.003,0.052,-0.190,0.000,-0.002,19.245,0.003,17.734,19.244,17.748
-4.113,-8.303,-0.000,0.936,-0.004,-0.001,0.353,-0.063,-0.061,22.755,-0.065,25.912,21.609,25.022,0.697,0.575,-0.003,0.033,0.053,-0.191,-0.000,-0.003,19.277,0.003,17.776,19.258,17.724
-4.106,-8.297,-0.001,0.936,-0.004,-0.001,0.352,-0.063,-0.062,22.948,-0.065,26.090,21.801,25.199,0.699,0.575,-0.004,0.062,0.048,-0.192,-0.000,-0.004,19.307,0.003,17.834,19.264,17.717
-4.099,-8.292,-0.001,0.936,-0.003,-0.001,0.351,-0.063,-0.062,23.141,-0.065,26.269,21.994,25.376,0.701,0.574,-0.006,0.087,0.034,-0.193,-0.001,-0.005,19.329,0.003,17.906,19.267,17.730
-4.092,-8.286,-0.001,0.937,-0.003,-0.000,0.350,-0.063,-0.062,23.335,-0.065,26.449,22.187,25.554,0.702,0.573,-0.006,0.108,0.015,-0.194,-0.001,-0.006,19.340,0.002,17.987,19.269,17.763
-4.085,-8.280,-0.001,0.937,-0.002,-0.000,0.349,-0.063,-0.062,23.528,-0.065,26.629,22.379,25.731,0.704,0.572,-0.006,0.123,-0.007,-0.195,-0.001,-0.007,19.335,0.002,18.070,19.271,17.815
-4.078,-8.274,-0.001,0.937,-0.002,0.000,0.348,-0.063,-0.062,23.721,-0.065,26.810,22.572,25.910,0.706,0.571,-0.005,0.133,-0.030,-0.196,-0.001,-0.007,19.314,0.001,18.150,19.275,17.884
-4.071,-8.269,-0.001,0.938,-0.001,0.000,0.347,-0.063,-0.062,23.914,-0.065,26.992,22.765,26.089,0.708,0.570,-0.004,0.138,-0.049,-0.197,-0.001,-0.007,19.274,0.000,18.222,19.277,17.965
-4.064,-8.263,-0.001,0.938,-0.000,0.000,0.346,-0.063,-0.062,24.107,-0.065,27.174,22.958,26.269,0.709,0.569,-0.002,0.138,-0.061,-0.198,-0.001,-0.006,19.218,-0.001,18.283,19.278,18.054
-4.057,-8.257,-0.001,0.938,0.000,-0.000,0.346,-0.063,-0.062,24.298,-0.065,27.358,23.150,26.450,0.711,0.568,0.000,0.134,-0.066,-0.198,-0.001,-0.006,19.150,-0.001,18.331,19.272,18.146
-4.050,-8.252,-0.001,0.939,0.001,-0.000,0.345,-0.063,-0.062,24.490,-0.065,27.541,23.343,26.632,0.712,0.567,0.003,0.127,-0.060,-0.199,-0.001,-0.006,19.074,-0.001,18.366,19.258,18.236
-4.043,-8.246,-0.001,0.939,0.002,-0.000,0.344,-0.063,-0.062,24.680,-0.065,27.725,23.535,26.815,0.714,0.565,0.004,0.116,-0.046,-0.199,-0.001,-0.005,18.998,-0.001,18.392,19.233,18.318
-4.036,-8.240,-0.001,0.939,0.002,-0.000,0.343,-0.063,-0.062,24.870,-0.065,27.909,23.728,26.998,0.715,0.564,0.006,0.102,-0.026,-0.199,-0.001,-0.004,18.929,-0.001,18.411,19.196,18.389
-4.028,-8.235,-0.001,0.940,0.003,-0.000,0.342,-0.063,-0.062,25.059,-0.065,28.093,23.919,27.183,0.716,0.563,0.006,0.085,-0.002,-0.199,-0.000,-0.003,18.873,-0.002,18.429,19.148,18.447
-4.021,-8.229,-0.001,0.940,0.003,0.000,0.341,-0.063,-0.062,25.247,-0.065,28.277,24.111,27.367,0.718,0.562,0.006,0.064,0.022,-0.199,-0.000,-0.001,18.836,-0.002,18.447,19.091,18.490
-4.014,-8.224,-0.001,0.940,0.003,0.000,0.340,-0.063,-0.062,25.435,-0.065,28.462,24.301,27.552,0.720,0.561,0.004,0.042,0.043,-0.199,0.000,0.000,18.819,-0.002,18.469,19.030,18.519
-4.007,-8.218,-0.001,0.941,0.003,0.001,0.339,-0.063,-0.062,25.624,-0.065,28.647,24.491,27.738,0.721,0.560,0.003,0.020,0.059,-0.198,0.000,0.002,18.826,-0.002,18.495,18.969,18.536
-4.000,-8.212,-0.001,0.941,0.003,0.001,0.338,-0.063,-0.062,25.812,-0.065,28.832,24.681,27.923,0.723,0.559,0.001,-0.003,0.067,-0.197,0.001,0.004,18.856,-0.002,18.524,18.914,18.544
-3.992,-8.207,-0.001,0.941,0.003,0.001,0.337,-0.063,-0.062,26.001,-0.065,29.017,24.869,28.109,0.725,0.558,-0.002,-0.027,0.067,-0.197,0.001,0.005,18.905,-0.002,18.555,18.870,18.544
-3.985,-8.201,-0.001,0.942,0.003,0.002,0.336,-0.063,-0.062,26.190,-0.065,29.203,25.058,28.294,0.726,0.557,-0.004,-0.050,0.059,-0.196,0.001,0.007,18.971,-0.002,18.584,18.843,18.540
-3.978,-8.196,-0.001,0.942,0.003,0.002,0.335,-0.063,-0.062,26.380,-0.065,29.389,25.246,28.479,0.728,0.556,-0.005,-0.072,0.043,-0.195,0.001,0.007,19.047,-0.002,18.606,18.835,18.535
-3.971,-8.190,-0.001,0.942,0.002,0.002,0.334,-0.063,-0.062,26.571,-0.065,29.575,25.435,28.665,0.729,0.555,-0.006,-0.091,0.022,-0.193,0.001,0.008,19.128,-0.002,18.618,18.849,18.530
-3.963,-8.185,-0.001,0.943,0.002,0.002,0.333,-0.063,-0.062,26.763,-0.065,29.761,25.623,28.850,0.731,0.553,-0.006,-0.106,-0.004,-0.192,0.001,0.008,19.210,-0.002,18.615,18.885,18.527
-3.956,-8.179,-0.001,0.943,0.001,0.001,0.333,-0.063,-0.062,26.955,-0.065,29.947,25.812,29.035,0.732,0.552,-0.005,-0.118,-0.029,-0.192,0.000,0.008,19.285,-0.002,18.595,18.941,18.523
-3.949,-8.173,-0.001,0.943,0.001,0.001,0.332,-0.063,-0.062,27.148,-0.065,30.133,26.002,29.220,0.733,0.551,-0.003,-0.127,-0.050,-0.191,0.000,0.007,19.349,-0.002,18.556,19.013,18.518
-3.941,-8.168,-0.001,0.944,0.000,0.000,0.331,-0.063,-0.062,27.342,-0.065,30.318,26.193,29.406,0.734,0.550,-0.001,-0.133,-0.063,-0.190,0.000,0.006,19.398,-0.002,18.499,19.096,18.509
-3.934,-8.162,-0.001,0.944,-0.000,-0.000,0.330,-0.063,-0.062,27.536,-0.065,30.503,26.384,29.591,0.735,0.548,0.001,-0.135,-0.068,-0.190,0.000,0.006,19.434,-0.002,18.429,19.185,18.492
-3.927,-8.157,-0.001,0.944,-0.001,-0.001,0.329,-0.063,-0.061,27.731,-0.065,30.687,26.576,29.775,0.736,0.547,0.003,-0.134,-0.062,-0.189,-0.000,0.005,19.457,-0.002,18.348,19.274,18.465
-3.919,-8.152,-0.001,0.945,-0.001,-0.001,0.328,-0.063,-0.061,27.925,-0.065,30.870,26.770,29.960,0.737,0.546,0.005,-0.129,-0.049,-0.189,0.000,0.004,19.472,-0.002,18.265,19.357,18.427
-3.912,-8.146,-0.001,0.945,-0.002,-0.002,0.327,-0.063,-0.061,28.120,-0.065,31.052,26.964,30.144,0.738,0.544,0.006,-0.117,-0.029,-0.190,0.000,0.003,19.483,-0.001,18.185,19.431,18.378
-3.905,-8.141,-0.001,0.945,-0.002,-0.002,0.326,-0.063,-0.061,28.315,-0.065,31.234,27.158,30.327,0.740,0.543,0.007,-0.101,-0.007,-0.190,0.000,0.002,19.494,-0.001,18.116,19.491,18.320
-3.897,-8.135,-0.001,0.946,-0.003,-0.002,0.325,-0.063,-0.061,28.510,-0.065,31.415,27.353,30.510,0.741,0.542,0.006,-0.080,0.016,-0.191,0.000,0.001,19.508,0.000,18.064,19.537,18.257
-3.890,-8.130,-0.001,0.946,-0.003,-0.002,0.325,-0.063,-0.061,28.705,-0.065,31.595,27.549,30.693,0.742,0.541,0.005,-0.055,0.035,-0.192,0.000,-0.001,19.527,0.002,18.031,19.569,18.193
-3.882,-8.124,-0.000,0.946,-0.004,-0.002,0.324,-0.063,-0.061,28.901,-0.065,31.775,27.745,30.874,0.743,0.540,0.003,-0.028,0.049,-0.193,0.000,-0.002,19.550,0.003,18.021,19.589,18.133
-3.875,-8.119,-0.000,0.946,-0.004,-0.002,0.323,-0.063,-0.061,29.096,-0.065,31.956,27.941,31.055,0.745,0.539,0.001,0.001,0.055,-0.194,0.000,-0.003,19.576,0.004,18.034,19.598,18.082
-3.867,-8.114,-0.000,0.947,-0.004,-0.001,0.322,-0.063,-0.061,29.292,-0.065,32.136,28.137,31.236,0.747,0.537,-0.001,0.032,0.054,-0.195,-0.000,-0.004,19.599,0.004,18.068,19.600,18.046
-3.860,-8.108,-0.000,0.947,-0.004,-0.001,0.321,-0.063,-0.061,29.488,-0.065,32.317,28.333,31.416,0.748,0.536,-0.003,0.063,0.045,-0.196,-0.000,-0.005,19.616,0.004,18.119,19.598,18.028
-3.852,-8.103,-0.001,0.947,-0.003,-0.001,0.320,-0.063,-0.062,29.684,-0.065,32.498,28.529,31.596,0.750,0.535,-0.004,0.091,0.029,-0.197,-0.001,-0.006,19.621,0.004,18.184,19.593,18.030
-3.845,-8.098,-0.001,0.948,-0.003,-0.000,0.319,-0.063,-0.062,29.881,-0.065,32.681,28.724,31.777,0.751,0.534,-0.005,0.116,0.009,-0.198,-0.001,-0.007,19.611,0.003,18.257,19.587,18.053
-3.837,-8.092,-0.001,0.948,-0.002,-0.000,0.318,-0.063,-0.062,30.077,-0.065,32.864,28.920,31.958,0.753,0.533,-0.005,0.135,-0.012,-0.199,-0.001,-0.007,19.584,0.002,18.333,19.580,18.097
-3.830,-8.087,-0.001,0.948,-0.001,-0.000,0.317,0.031,0.008,30.272,0.009,33.047,29.116,32.139,0.752,0.537,-0.001,0.135,-0.051,-0.174,15.118,11.727,19.456,12.253,18.454,19.556,18.234
-3.822,-8.081,-0.001,0.949,-0.001,-0.000,0.317,0.158,0.119,30.464,0.121,33.234,29.310,32.323,0.732,0.563,-0.000,0.176,-0.057,0.027,7.820,8.173,18.997,7.970,18.823,19.192,18.692
-3.815,-8.076,-0.001,0.948,0.000,-0.000,0.317,0.159,0.133,30.652,0.141,33.424,29.499,32.513,0.707,0.589,-0.000,0.201,-0.048,0.247,-6.791,-5.106,18.570,-3.509,19.275,18.676,19.177
-3.808,-8.070,-0.001,0.948,0.001,-0.000,0.319,0.059,0.046,30.837,0.073,33.618,29.685,32.706,0.705,0.591,-0.001,0.157,-0.048,0.276,-10.747,-9.944,18.398,-8.364,19.454,18.449,19.396
-3.801,-8.064,-0.001,0.948,0.002,-0.000,0.320,-0.006,-0.019,31.021,0.016,33.812,29.870,32.900,0.719,0.575,0.000,0.107,-0.042,0.145,-1.295,-2.207,18.401,-1.949,19.365,18.598,19.296
-3.794,-8.058,-0.001,0.947,0.002,-0.000,0.320,0.034,0.008,31.204,0.042,34.006,30.057,33.092,0.726,0.566,0.002,0.092,-0.027,0.063,7.934,6.593,18.339,6.155,19.355,18.715,19.207
-3.787,-8.052,-0.001,0.947,0.003,0.000,0.321,0.112,0.080,31.387,0.106,34.200,30.243,33.285,0.717,0.576,0.003,0.096,-0.004,0.133,5.892,6.255,18.161,5.300,19.473,18.539,19.371
-3.780,-8.047,-0.001,0.947,0.003,0.000,0.322,0.128,0.106,31.568,0.127,34.395,30.427,33.480,0.704,0.590,0.003,0.084,0.020,0.248,-2.535,-1.133,18.015,-1.286,19.601,18.218,19.623
-3.773,-8.041,-0.001,0.946,0.004,0.000,0.323,0.077,0.068,31.748,0.090,34.591,30.608,33.677,0.701,0.594,0.003,0.049,0.041,0.272,-6.264,-5.310,17.991,-5.055,19.618,18.064,19.730
-3.765,-8.035,-0.001,0.946,0.004,0.001,0.324,0.033,0.028,31.928,0.050,34.787,30.789,33.874,0.707,0.588,0.002,0.010,0.056,0.210,-1.864,-1.987,18.037,-2.227,19.575,18.112,19.660
-3.758,-8.029,-0.001,0.946,0.004,0.001,0.325,0.045,0.036,32.108,0.053,34.983,30.970,34.070,0.711,0.583,-0.000,-0.013,0.066,0.162,3.778,3.168,18.080,2.555,19.585,18.162,19.569
-3.751,-8.023,-0.001,0.945,0.003,0.001,0.326,0.088,0.075,32.289,0.086,35.179,31.152,34.266,0.707,0.588,-0.002,-0.024,0.069,0.188,3.752,3.828,18.080,3.095,19.664,18.083,19.595
-3.744,-8.017,-0.001,0.945,0.003,0.002,0.327,0.105,0.097,32.470,0.102,35.377,31.332,34.462,0.700,0.597,-0.004,-0.039,0.063,0.245,-0.504,0.241,18.077,-0.069,19.758,17.938,19.688
-3.737,-8.011,-0.001,0.945,0.003,0.002,0.328,0.082,0.082,32.651,0.086,35.574,31.511,34.659,0.697,0.601,-0.005,-0.064,0.049,0.267,-3.264,-2.645,18.123,-2.574,19.804,17.873,19.735
-3.730,-8.005,-0.001,0.944,0.002,0.002,0.329,0.056,0.058,32.833,0.063,35.772,31.690,34.856,0.700,0.600,-0.006,-0.091,0.028,0.239,-1.638,-1.686,18.235,-1.665,19.782,17.934,19.694
-3.723,-7.999,-0.001,0.944,0.002,0.002,0.330,0.055,0.054,33.016,0.059,35.970,31.869,35.053,0.702,0.597,-0.006,-0.108,0.003,0.206,1.372,0.925,18.374,0.768,19.728,18.043,19.626
-3.716,-7.993,-0.001,0.944,0.001,0.001,0.331,0.075,0.071,33.200,0.073,36.167,32.050,35.249,0.702,0.599,-0.005,-0.115,-0.023,0.205,2.091,1.948,18.468,1.645,19.700,18.110,19.611
-3.709,-7.987,-0.001,0.943,0.001,0.001,0.332,0.088,0.085,33.385,0.084,36.364,32.232,35.445,0.698,0.605,-0.003,-0.119,-0.045,0.231,0.399,0.673,18.493,0.508,19.712,18.131,19.650
-3.702,-7.981,-0.001,0.943,0.000,0.001,0.333,0.082,0.082,33.570,0.082,36.561,32.413,35.642,0.695,0.609,-0.001,-0.127,-0.061,0.252,-1.353,-0.997,18.498,-0.871,19.709,18.167,19.685
-3.695,-7.975,-0.001,0.942,-0.000,0.000,0.334,0.068,0.071,33.755,0.071,36.758,32.595,35.839,0.694,0.610,0.001,-0.137,-0.067,0.246,-1.122,-1.007,18.541,-0.962,19.637,18.261,19.671
-3.688,-7.969,-0.001,0.942,-0.001,-0.000,0.336,0.063,0.066,33.941,0.066,36.954,32.778,36.035,0.695,0.610,0.004,-0.142,-0.064,0.229,0.161,0.022,18.614,-0.052,19.513,18.388,19.619
-3.681,-7.963,-0.001,0.942,-0.001,-0.001,0.337,0.070,0.071,34.127,0.070,37.148,32.963,36.231,0.695,0.611,0.005,-0.137,-0.052,0.222,0.970,0.763,18.667,0.679,19.397,18.495,19.566
-3.675,-7.957,-0.001,0.941,-0.002,-0.001,0.338,0.078,0.077,34.314,0.076,37.342,33.148,36.427,0.693,0.614,0.007,-0.124,-0.033,0.230,0.454,0.473,18.673,0.402,19.330,18.562,19.528
-3.668,-7.951,-0.001,0.941,-0.002,-0.002,0.339,0.078,0.079,34.501,0.077,37.535,33.334,36.622,0.690,0.617,0.007,-0.106,-0.011,0.240,-0.283,-0.140,18.663,-0.116,19.289,18.609,19.487
-3.661,-7.944,-0.001,0.940,-0.003,-0.002,0.340,0.074,0.076,34.687,0.074,37.728,33.520,36.816,0.689,0.619,0.006,-0.085,0.012,0.242,-0.502,-0.400,18.670,-0.391,19.248,18.657,19.427
-3.654,-7.938,-0.001,0.940,-0.003,-0.002,0.341,0.070,0.073,34.874,0.071,37.920,33.707,37.010,0.689,0.620,0.005,-0.059,0.032,0.237,-0.166,-0.178,18.701,-0.185,19.206,18.704,19.351
-3.647,-7.932,-0.000,0.940,-0.003,-0.002,0.342,0.070,0.072,35.061,0.070,38.112,33.894,37.203,0.688,0.622,0.003,-0.029,0.047,0.231,0.128,0.029,18.738,0.027,19.185,18.741,19.277
-3.640,-7.926,-0.000,0.939,-0.004,-0.001,0.343,0.072,0.073,35.249,0.071,38.304,34.082,37.396,0.687,0.624,0.000,0.003,0.055,0.229,0.165,0.107,18.770,0.081,19.196,18.760,19.217
-3.633,-7.919,-0.000,0.939,-0.004,-0.001,0.344,0.073,0.074,35.437,0.072,38.496,34.269,37.588,0.686,0.626,-0.002,0.037,0.055,0.228,0.060,0.048,18.795,0.031,19.236,18.764,19.178
-3.626,-7.913,-0.001,0.938,-0.003,-0.001,0.345,0.073,0.074,35.625,0.072,38.688,34.457,37.779,0.685,0.628,-0.005,0.069,0.046,0.227,0.000,0.016,18.812,0.009,19.297,18.760,19.159
-3.619,-7.907,-0.001,0.938,-0.003,-0.001,0.346,0.073,0.074,35.813,0.072,38.882,34.645,37.971,0.684,0.629,-0.006,0.096,0.030,0.227,-0.021,0.003,18.819,-0.001,19.371,18.752,19.164
-3.613,-7.901,-0.001,0.938,-0.003,-0.000,0.347,0.073,0.074,36.001,0.072,39.076,34.832,38.163,0.682,0.631,-0.007,0.118,0.009,0.226,-0.020,-0.001,18.813,-0.004,19.452,18.742,19.192
-3.606,-7.894,-0.001,0.937,-0.002,-0.000,0.349,0.073,0.074,36.189,0.072,39.271,35.019,38.355,0.681,0.633,-0.007,0.133,-0.015,0.224,-0.013,-0.001,18.790,-0.006,19.534,18.732,19.241
-3.599,-7.888,-0.001,0.937,-0.001,0.000,0.350,0.073,0.074,36.377,0.072,39.467,35.207,38.548,0.680,0.634,-0.006,0.141,-0.039,0.223,-0.006,-0.001,18.748,-0.006,19.611,18.722,19.310
-3.592,-7.882,-0.001,0.937,-0.001,0.000,0.351,0.073,0.074,36.564,0.072,39.663,35.394,38.741,0.678,0.636,-0.004,0.142,-0.057,0.222,-0.001,-0.000,18.689,-0.005,19.675,18.710,19.392
-3.585,-7.875,-0.001,0.936,0.000,0.000,0.352,0.073,0.074,36.751,0.072,39.860,35.581,38.936,0.677,0.637,-0.002,0.138,-0.068,0.222,0.001,-0.000,18.614,-0.005,19.725,18.694,19.482
-3.579,-7.869,-0.001,0.936,0.001,-0.000,0.353,0.073,0.074,36.936,0.072,40.057,35.768,39.131,0.675,0.638,0.001,0.131,-0.068,0.221,0.001,0.000,18.529,-0.004,19.759,18.672,19.573
-3.572,-7.863,-0.001,0.935,0.002,-0.000,0.354,0.073,0.074,37.121,0.072,40.255,35.954,39.327,0.674,0.639,0.003,0.120,-0.058,0.221,0.000,0.000,18.440,-0.004,19.779,18.641,19.658
-3.565,-7.856,-0.001,0.935,0.002,-0.000,0.355,0.073,0.074,37.305,0.071,40.453,36.141,39.524,0.672,0.641,0.005,0.107,-0.040,0.222,-0.000,0.001,18.353,-0.004,19.790,18.599,19.734
-3.559,-7.850,-0.001,0.935,0.003,-0.000,0.356,0.073,0.074,37.488,0.071,40.651,36.326,39.722,0.670,0.642,0.006,0.091,-0.017,0.222,-0.000,0.001,18.277,-0.004,19.797,18.548,19.795
-3.552,-7.843,-0.001,0.934,0.003,0.000,0.357,0.073,0.074,37.671,0.071,40.849,36.511,39.920,0.669,0.643,0.006,0.074,0.009,0.223,-0.000,0.002,18.216,-0.004,19.804,18.488,19.842
-3.545,-7.837,-0.001,0.934,0.003,0.000,0.358,0.073,0.074,37.853,0.071,41.047,36.696,40.118,0.667,0.645,0.006,0.054,0.033,0.223,-0.000,0.002,18.176,-0.005,19.815,18.422,19.873
-3.538,-7.830,-0.001,0.933,0.004,0.001,0.359,0.073,0.074,38.034,0.071,41.245,36.880,40.317,0.666,0.646,0.004,0.034,0.052,0.224,0.000,0.003,18.159,-0.005,19.832,18.354,19.890
-3.532,-7.824,-0.001,0.933,0.004,0.001,0.360,0.073,0.074,38.216,0.071,41.444,37.063,40.516,0.665,0.648,0.003,0.014,0.065,0.226,0.001,0.004,18.166,-0.005,19.854,18.289,19.897
-3.525,-7.817,-0.001,0.933,0.003,0.001,0.361,0.073,0.074,38.398,0.071,41.642,37.246,40.715,0.664,0.650,0.001,-0.008,0.069,0.227,0.001,0.005,18.195,-0.005,19.879,18.232,19.896
-3.519,-7.811,-0.001,0.932,0.003,0.001,0.362,0.073,0.074,38.580,0.071,41.841,37.428,40.914,0.663,0.652,-0.001,-0.031,0.065,0.228,0.002,0.006,18.243,-0.005,19.903,18.188,19.890
-3.512,-7.804,-0.001,0.932,0.003,0.002,0.363,0.073,0.074,38.763,0.071,42.040,37.610,41.113,0.662,0.654,-0.003,-0.056,0.053,0.229,0.002,0.007,18.306,-0.004,19.921,18.162,19.883
-3.505,-7.798,-0.001,0.931,0.003,0.002,0.364,0.073,0.074,38.946,0.071,42.240,37.791,41.312,0.661,0.656,-0.004,-0.080,0.035,0.230,0.002,0.008,18.378,-0.004,19.928,18.156,19.875
-3.499,-7.791,-0.001,0.931,0.002,0.002,0.365,0.073,0.075,39.130,0.071,42.439,37.973,41.510,0.660,0.658,-0.004,-0.102,0.012,0.230,0.002,0.008,18.455,-0.003,19.920,18.171,19.866
-3.492,-7.785,-0.001,0.930,0.002,0.001,0.366,0.073,0.075,39.315,0.071,42.638,38.155,41.709,0.659,0.660,-0.003,-0.122,-0.011,0.231,0.002,0.008,18.531,-0.003,19.893,18.207,19.857
-3.486,-7.778,-0.001,0.930,0.001,0.001,0.367,0.073,0.075,39.501,0.071,42.837,38.337,41.908,0.657,0.662,-0.002,-0.137,-0.031,0.232,0.001,0.008,18.603,-0.002,19.849,18.263,19.844
-3.479,-7.771,-0.001,0.930,0.000,0.001,0.369,0.073,0.075,39.687,0.071,43.035,38.520,42.106,0.656,0.664,-0.001,-0.149,-0.046,0.233,0.001,0.008,18.666,-0.002,19.787,18.334,19.824
-3.472,-7.765,-0.001,0.929,-0.000,0.000,0.370,0.073,0.075,39.874,0.071,43.232,38.704,42.304,0.655,0.665,0.001,-0.154,-0.052,0.234,0.001,0.008,18.718,-0.001,19.713,18.415,19.795
-3.466,-7.758,-0.001,0.929,-0.001,-0.000,0.371,0.073,0.075,40.061,0.071,43.429,38.888,42.502,0.653,0.667,0.003,-0.154,-0.049,0.235,0.001,0.007,18.759,-0.001,19.631,18.501,19.754
-3.459,-7.751,-0.001,0.928,-0.001,-0.001,0.372,0.073,0.075,40.249,0.071,43.625,39.074,42.699,0.652,0.669,0.004,-0.146,-0.039,0.235,0.000,0.006,18.791,-0.001,19.548,18.585,19.700
-3.453,-7.745,-0.001,0.928,-0.002,-0.001,0.373,0.073,0.075,40.437,0.071,43.820,39.260,42.896,0.650,0.671,0.005,-0.129,-0.023,0.235,0.000,0.005,18.816,0.000,19.472,18.664,19.635
-3.446,-7.738,-0.001,0.927,-0.003,-0.002,0.374,0.073,0.075,40.626,0.071,44.015,39.447,43.092,0.649,0.672,0.004,-0.106,-0.004,0.235,0.000,0.004,18.836,0.001,19.409,18.732,19.561
-3.440,-7.731,-0.000,0.927,-0.003,-0.002,0.375,0.073,0.075,40.814,0.071,44.208,39.634,43.287,0.647,0.674,0.003,-0.076,0.016,0.235,0.000,0.003,18.854,0.002,19.365,18.785,19.485
-3.433,-7.725,-0.000,0.927,-0.003,-0.002,0.376,0.073,0.075,41.003,0.071,44.402,39.823,43.481,0.645,0.675,0.001,-0.043,0.033,0.234,0.000,0.001,18.872,0.003,19.343,18.823,19.411
-3.427,-7.718,-0.000,0.926,-0.004,-0.002,0.377,0.073,0.075,41.191,0.071,44.595,40.011,43.675,0.644,0.677,-0.001,-0.009,0.045,0.234,0.000,-0.000,18.890,0.003,19.345,18.845,19.348
-3.421,-7.711,-0.000,0.926,-0.004,-0.001,0.378,0.073,0.075,41.380,0.071,44.789,40.199,43.868,0.642,0.678,-0.003,0.026,0.051,0.232,-0.000,-0.002,18.909,0.003,19.371,18.854,19.299
-3.414,-7.704,-0.001,0.925,-0.003,-0.001,0.379,0.073,0.075,41.570,0.071,44.983,40.388,44.061,0.640,0.680,-0.006,0.058,0.049,0.231,-0.001,-0.003,18.925,0.003,19.417,18.852,19.269
-3.408,-7.697,-0.001,0.925,-0.003,-0.001,0.380,0.073,0.075,41.759,0.071,45.177,40.576,44.254,0.639,0.681,-0.008,0.086,0.039,0.230,-0.001,-0.005,18.936,0.003,19.480,18.842,19.262
-3.401,-7.691,-0.001,0.924,-0.003,-0.000,0.382,0.073,0.075,41.948,0.071,45.372,40.765,44.447,0.637,0.682,-0.008,0.107,0.021,0.228,-0.001,-0.005,18.938,0.002,19.553,18.829,19.279
-3.395,-7.684,-0.001,0.924,-0.002,-0.000,0.383,0.073,0.075,42.138,0.071,45.568,40.953,44.640,0.636,0.684,-0.008,0.121,-0.002,0.227,-0.001,-0.006,18.927,0.001,19.631,18.814,19.318
-3.389,-7.677,-0.001,0.923,-0.002,0.000,0.384,0.073,0.075,42.327,0.071,45.765,41.141,44.833,0.634,0.685,-0.007,0.127,-0.027,0.226,-0.001,-0.006,18.900,0.001,19.704,18.801,19.377
-3.382,-7.670,-0.001,0.923,-0.001,0.000,0.385,0.073,0.075,42.516,0.071,45.962,41.329,45.027,0.632,0.686,-0.005,0.127,-0.050,0.225,-0.001,-0.006,18.856,0.000,19.767,18.789,19.451
-3.376,-7.663,-0.001,0.923,-0.000,0.000,0.386,0.073,0.075,42.704,0.071,46.160,41.517,45.222,0.630,0.687,-0.003,0.124,-0.067,0.224,-0.001,-0.005,18.793,0.000,19.814,18.777,19.535
-3.370,-7.656,-0.001,0.922,0.000,0.000,0.387,0.073,0.075,42.891,0.071,46.359,41.705,45.418,0.629,0.688,-0.000,0.118,-0.075,0.223,-0.001,-0.005,18.715,-0.000,19.846,18.765,19.622
-3.363,-7.649,-0.001,0.922,0.001,-0.000,0.388,0.073,0.075,43.078,0.071,46.557,41.892,45.615,0.627,0.689,0.002,0.110,-0.073,0.223,-0.001,-0.005,18.627,-0.000,19.862,18.748,19.706
-3.357,-7.643,-0.001,0.921,0.002,-0.000,0.389,0.073,0.075,43.264,0.071,46.756,42.079,45.812,0.625,0.690,0.005,0.102,-0.063,0.223,-0.001,-0.004,18.534,-0.001,19.867,18.725,19.782
-3.351,-7.636,-0.001,0.921,0.002,-0.000,0.390,0.073,0.075,43.449,0.071,46.955,42.267,46.010,0.623,0.691,0.006,0.092,-0.044,0.223,-0.001,-0.004,18.444,-0.001,19.866,18.693,19.846
-3.345,-7.629,-0.001,0.920,0.003,-0.000,0.391,0.073,0.075,43.633,0.071,47.153,42.453,46.209,0.622,0.693,0.007,0.082,-0.020,0.224,-0.001,-0.003,18.363,-0.002,19.864,18.651,19.897
-3.338,-7.622,-0.001,0.920,0.003,-0.000,0.392,0.073,0.075,43.816,0.071,47.352,42.640,46.408,0.620,0.694,0.008,0.070,0.005,0.224,-0.001,-0.002,18.297,-0.003,19.866,18.600,19.934
-3.332,-7.615,-0.001,0.920,0.003,0.000,0.393,0.073,0.075,43.999,0.071,47.551,42.825,46.607,0.619,0.696,0.007,0.057,0.028,0.225,-0.001,-0.002,18.250,-0.004,19.874,18.541,19.959
-3.326,-7.608,-0.001,0.919,0.003,0.000,0.394,0.073,0.075,44.181,0.071,47.749,43.010,46.807,0.618,0.697,0.006,0.042,0.047,0.226,-0.000,-0.001,18.226,-0.004,19.889,18.477,19.973
-3.320,-7.601,-0.001,0.919,0.003,0.001,0.395,0.073,0.075,44.363,0.071,47.948,43.195,47.007,0.617,0.699,0.005,0.023,0.059,0.226,-0.000,0.001,18.225,-0.005,19.909,18.413,19.980
-3.314,-7.594,-0.001,0.918,0.003,0.001,0.396,0.073,0.075,44.546,0.071,48.148,43.379,47.207,0.615,0.701,0.003,0.003,0.063,0.227,0.000,0.002,18.245,-0.005,19.930,18.353,19.981
-3.308,-7.587,-0.000,0.918,0.003,0.001,0.397,0.073,0.075,44.728,0.071,48.347,43.562,47.407,0.614,0.703,0.001,-0.021,0.060,0.228,0.001,0.003,18.284,-0.004,19.947,18.303,19.978
-3.301,-7.580,-0.000,0.917,0.003,0.001,0.398,0.073,0.075,44.911,0.071,48.546,43.745,47.606,0.613,0.705,0.000,-0.049,0.050,0.229,0.001,0.004,18.338,-0.004,19.956,18.267,19.972
-3.295,-7.573,-0.000,0.917,0.003,0.002,0.399,0.073,0.075,45.095,0.071,48.746,43.927,47.806,0.612,0.707,-0.001,-0.077,0.035,0.230,0.001,0.005,18.402,-0.003,19.951,18.249,19.963
-3.289,-7.566,-0.000,0.916,0.002,0.001,0.400,0.073,0.075,45.280,0.071,48.945,44.110,48.006,0.611,0.709,-0.001,-0.105,0.018,0.231,0.001,0.006,18.474,-0.002,19.930,18.252,19.950
-3.283,-7.559,-0.000,0.916,0.002,0.001,0.401,0.073,0.075,45.465,0.071,49.145,44.292,48.205,0.610,0.711,-0.001,-0.129,0.000,0.232,0.001,0.007,18.548,-0.001,19.893,18.275,19.932
-3.277,-7.551,-0.001,0.915,0.001,0.001,0.402,0.073,0.075,45.650,0.071,49.343,44.475,48.404,0.608,0.713,-0.001,-0.148,-0.015,0.233,0.001,0.008,18.621,-0.001,19.841,18.318,19.907
-3.271,-7.544,-0.001,0.915,0.000,0.001,0.403,0.073,0.075,45.837,0.071,49.541,44.659,48.603,0.607,0.714,0.000,-0.161,-0.025,0.234,0.001,0.008,18.689,-0.000,19.778,18.378,19.872
-3.265,-7.537,-0.001,0.915,-0.000,0.000,0.405,0.073,0.075,46.024,0.071,49.739,44.843,48.802,0.605,0.716,0.001,-0.165,-0.028,0.235,0.001,0.008,18.752,0.000,19.707,18.450,19.825
-3.259,-7.530,-0.000,0.914,-0.001,-0.000,0.406,0.073,0.075,46.212,0.071,49.935,45.028,49.000,0.604,0.718,0.001,-0.160,-0.026,0.236,0.001,0.007,18.806,0.001,19.635,18.529,19.766
-3.253,-7.523,-0.000,0.914,-0.002,-0.001,0.407,0.073,0.075,46.400,0.071,50.131,45.214,49.197,0.602,0.719,0.002,-0.146,-0.019,0.237,0.001,0.006,18.851,0.002,19.567,18.609,19.696
-3.247,-7.516,-0.000,0.913,-0.002,-0.001,0.408,0.073,0.075,46.589,0.071,50.327,45.400,49.393,0.600,0.721,0.002,-0.122,-0.008,0.237,0.001,0.005,18.886,0.002,19.509,18.684,19.618
-3.241,-7.508,-0.000,0.913,-0.003,-0.001,0.409,0.073,0.075,46.778,0.071,50.522,45.587,49.589,0.598,0.722,0.001,-0.092,0.005,0.236,0.001,0.004,18.913,0.003,19.464,18.749,19.538
-3.235,-7.501,-0.000,0.912,-0.003,-0.001,0.410,0.073,0.075,46.967,0.071,50.716,45.775,49.784,0.596,0.723,-0.001,-0.057,0.019,0.236,0.001,0.002,18.933,0.004,19.438,18.800,19.461
-3.229,-7.494,-0.000,0.912,-0.003,-0.001,0.411,0.073,0.075,47.157,0.071,50.911,45.963,49.978,0.594,0.725,-0.003,-0.021,0.030,0.235,0.000,0.001,18.948,0.004,19.433,18.836,19.394
-3.223,-7.487,-0.000,0.911,-0.004,-0.001,0.412,0.073,0.075,47.346,0.071,51.105,46.152,50.172,0.592,0.726,-0.005,0.015,0.037,0.234,0.000,-0.001,18.962,0.005,19.449,18.858,19.342
-3.217,-7.479,-0.001,0.911,-0.003,-0.001,0.413,0.073,0.075,47.536,0.071,51.300,46.340,50.365,0.590,0.726,-0.007,0.049,0.039,0.232,-0.000,-0.002,18.972,0.004,19.485,18.865,19.309
-3.211,-7.472,-0.001,0.910,-0.003,-0.001,0.414,0.073,0.075,47.726,0.071,51.495,46.529,50.558,0.588,0.727,-0.009,0.078,0.034,0.231,-0.001,-0.004,18.979,0.004,19.537,18.861,19.298
-3.205,-7.465,-0.001,0.910,-0.003,-0.000,0.415,0.073,0.075,47.915,0.071,51.690,46.717,50.751,0.586,0.728,-0.010,0.098,0.023,0.229,-0.001,-0.005,18.981,0.003,19.601,18.849,19.310
-3.199,-7.458,-0.001,0.909,-0.002,-0.000,0.416,0.073,0.075,48.105,0.071,51.887,46.906,50.945,0.584,0.729,-0.009,0.111,0.005,0.228,-0.001,-0.006,18.975,0.002,19.669,18.834,19.344
-3.194,-7.450,-0.001,0.909,-0.002,0.000,0.417,0.073,0.075,48.295,0.071,52.084,47.094,51.138,0.582,0.730,-0.008,0.115,-0.017,0.227,-0.001,-0.006,18.957,0.002,19.736,18.818,19.396
-3.188,-7.443,-0.001,0.908,-0.001,0.000,0.418,0.073,0.075,48.484,0.071,52.281,47.282,51.333,0.580,0.731,-0.007,0.114,-0.039,0.226,-0.001,-0.006,18.925,0.001,19.794,18.803,19.464
-3.182,-7.436,-0.001,0.908,-0.001,0.000,0.419,0.073,0.075,48.673,0.071,52.480,47.470,51.528,0.578,0.732,-0.004,0.109,-0.057,0.225,-0.001,-0.006,18.878,0.001,19.839,18.791,19.540
-3.176,-7.428,-0.001,0.907,-0.000,0.000,0.420,0.418,0.372,48.862,0.307,52.680,47.658,51.722,0.553,0.735,0.010,0.115,-0.112,0.304,48.344,41.169,18.637,34.687,20.244,18.513,19.531
-3.171,-7.421,-0.001,0.906,0.001,0.000,0.423,0.722,0.654,49.044,0.541,52.885,47.838,51.920,0.453,0.766,0.038,0.340,-0.114,0.862,13.750,13.698,17.964,12.082,20.836,17.427,20.007
-3.167,-7.413,-0.000,0.904,0.003,0.000,0.428,0.745,0.683,49.222,0.584,53.096,48.006,52.121,0.367,0.778,0.048,0.335,-0.125,1.287,-7.717,-7.786,17.507,-2.805,21.225,16.472,20.204
-3.164,-7.405,-0.000,0.901,0.004,0.000,0.434,0.605,0.526,49.396,0.506,53.308,48.171,52.323,0.323,0.769,0.005,-0.002,-0.065,1.472,-17.647,-20.615,17.362,-11.155,21.298,16.438,20.107
-3.160,-7.398,-0.000,0.898,0.004,-0.001,0.441,0.456,0.352,49.567,0.404,53.521,48.335,52.524,0.335,0.768,-0.027,-0.292,-0.074,1.352,-10.462,-11.800,16.953,-7.874,21.281,16.272,20.063
-3.157,-7.390,-0.000,0.895,0.003,-0.002,0.446,0.402,0.299,49.734,0.356,53.733,48.495,52.725,0.375,0.772,-0.013,-0.189,-0.061,1.085,-0.852,0.576,16.466,-1.787,21.162,15.829,20.080
-3.153,-7.382,-0.001,0.893,0.002,-0.002,0.450,0.422,0.346,49.897,0.361,53.945,48.653,52.925,0.392,0.771,-0.012,-0.004,0.037,0.935,4.262,7.844,16.134,2.363,21.110,15.754,19.991
-3.149,-7.375,-0.001,0.891,0.002,-0.001,0.455,0.461,0.412,50.058,0.385,54.155,48.809,53.125,0.379,0.780,-0.005,0.077,0.063,0.987,3.325,5.346,16.010,2.400,20.981,15.467,20.121
-3.146,-7.367,-0.001,0.888,0.002,-0.001,0.459,0.482,0.444,50.218,0.400,54.365,48.961,53.327,0.357,0.788,0.000,0.103,0.072,1.076,1.051,1.587,15.938,0.700,21.011,15.084,20.244
-3.142,-7.359,-0.001,0.886,0.003,-0.000,0.464,0.486,0.450,50.377,0.402,54.576,49.111,53.530,0.338,0.794,0.004,0.083,0.064,1.137,-0.090,-0.071,15.871,-0.048,21.108,14.758,20.307
-3.139,-7.351,-0.001,0.883,0.003,-0.000,0.469,0.483,0.446,50.535,0.400,54.787,49.257,53.733,0.323,0.798,0.008,0.049,0.043,1.174,-0.479,-0.663,15.821,-0.311,21.198,14.509,20.328
-3.136,-7.343,-0.000,0.880,0.003,0.000,0.475,0.478,0.439,50.693,0.397,55.000,49.401,53.937,0.309,0.801,0.011,0.022,0.023,1.195,-0.479,-0.759,15.789,-0.348,21.251,14.326,20.326
-3.133,-7.335,-0.000,0.877,0.003,0.000,0.480,0.474,0.431,50.851,0.394,55.212,49.544,54.140,0.298,0.805,0.012,0.006,0.007,1.208,-0.337,-0.659,15.739,-0.296,21.267,14.199,20.316
-3.130,-7.327,-0.000,0.874,0.003,0.000,0.485,0.471,0.425,51.008,0.391,55.425,49.685,54.343,0.286,0.808,0.012,-0.007,0.002,1.224,-0.186,-0.509,15.681,-0.224,21.269,14.087,20.303
-3.127,-7.319,-0.000,0.871,0.003,0.000,0.491,0.470,0.421,51.164,0.389,55.637,49.825,54.546,0.273,0.812,0.011,-0.023,0.007,1.241,-0.080,-0.369,15.634,-0.160,21.260,13.978,20.282
-3.124,-7.311,0.000,0.868,0.003,0.000,0.496,0.469,0.418,51.321,0.388,55.850,49.965,54.749,0.260,0.815,0.009,-0.049,0.022,1.260,-0.022,-0.261,15.606,-0.113,21.237,13.874,20.250
-3.122,-7.302,0.000,0.865,0.002,0.000,0.502,0.469,0.416,51.477,0.387,56.062,50.103,54.951,0.246,0.818,0.003,-0.103,0.061,1.291,0.002,-0.185,15.609,-0.082,21.233,13.726,20.205
-3.119,-7.294,0.000,0.862,0.002,0.000,0.507,0.469,0.414,51.633,0.386,56.275,50.239,55.153,0.233,0.821,-0.002,-0.145,0.092,1.309,0.010,-0.128,15.615,-0.058,21.221,13.640,20.143
-3.117,-7.286,0.000,0.859,0.001,0.000,0.513,0.469,0.413,51.789,0.386,56.487,50.376,55.354,0.224,0.824,-0.003,-0.145,0.093,1.297,0.012,-0.083,15.676,-0.041,21.168,13.667,20.050
-3.115,-7.278,0.000,0.855,-0.000,0.000,0.518,0.469,0.413,51.947,0.385,56.698,50.513,55.553,0.218,0.827,-0.002,-0.121,0.076,1.268,0.010,-0.052,15.802,-0.030,21.076,13.760,19.926
-3.113,-7.269,0.000,0.852,-0.001,0.000,0.524,0.469,0.412,52.105,0.385,56.908,50.651,55.752,0.211,0.829,-0.002,-0.105,0.066,1.242,0.006,-0.035,15.907,-0.024,20.993,13.852,19.795
-3.111,-7.261,-0.000,0.849,-0.001,0.000,0.529,0.470,0.412,52.265,0.385,57.118,50.790,55.949,0.205,0.831,-0.004,-0.091,0.056,1.215,0.002,-0.025,15.995,-0.021,20.917,13.952,19.666
-3.109,-7.253,-0.000,0.846,-0.002,0.000,0.534,0.470,0.412,52.425,0.385,57.326,50.930,56.145,0.199,0.832,-0.004,-0.075,0.040,1.187,-0.001,-0.019,16.071,-0.018,20.848,14.061,19.543
-3.107,-7.244,-0.000,0.842,-0.002,0.000,0.539,0.470,0.411,52.586,0.384,57.535,51.071,56.340,0.192,0.834,-0.006,-0.054,0.020,1.160,-0.002,-0.016,16.130,-0.016,20.791,14.165,19.433
-3.105,-7.236,-0.000,0.839,-0.002,0.000,0.544,0.469,0.411,52.748,0.384,57.742,51.213,56.534,0.185,0.834,-0.007,-0.034,0.001,1.136,-0.003,-0.013,16.169,-0.013,20.754,14.256,19.341
-3.103,-7.228,-0.000,0.836,-0.002,-0.000,0.548,0.469,0.411,52.909,0.384,57.950,51.356,56.727,0.179,0.835,-0.009,-0.011,-0.011,1.115,-0.002,-0.011,16.189,-0.009,20.715,14.338,19.271
-3.101,-7.219,-0.000,0.833,-0.002,-0.000,0.553,0.469,0.411,53.071,0.384,58.157,51.500,56.920,0.171,0.835,-0.012,0.014,-0.019,1.098,-0.002,-0.010,16.193,-0.005,20.686,14.404,19.226
-3.099,-7.211,-0.000,0.830,-0.002,-0.000,0.558,0.469,0.411,53.233,0.384,58.363,51.644,57.112,0.163,0.834,-0.013,0.035,-0.028,1.088,-0.001,-0.008,16.183,-0.002,20.671,14.447,19.207
-3.098,-7.203,-0.001,0.827,-0.002,-0.000,0.562,0.469,0.411,53.395,0.384,58.570,51.789,57.304,0.153,0.834,-0.014,0.048,-0.038,1.081,-0.000,-0.006,16.160,0.000,20.666,14.470,19.209
-3.096,-7.194,-0.001,0.824,-0.002,-0.000,0.567,0.469,0.411,53.556,0.384,58.777,51.934,57.496,0.143,0.833,-0.013,0.051,-0.049,1.078,-0.000,-0.005,16.124,0.002,20.663,14.475,19.228
-3.095,-7.186,-0.001,0.821,-0.001,-0.000,0.571,0.469,0.411,53.717,0.384,58.983,52.078,57.688,0.133,0.832,-0.010,0.051,-0.059,1.079,0.000,-0.004,16.078,0.003,20.664,14.460,19.261
-3.094,-7.178,-0.001,0.818,-0.001,-0.000,0.575,0.469,0.411,53.878,0.384,59.190,52.223,57.881,0.122,0.831,-0.008,0.048,-0.065,1.083,0.000,-0.003,16.021,0.003,20.661,14.432,19.301
-3.093,-7.169,-0.001,0.815,-0.001,-0.000,0.580,0.469,0.411,54.038,0.384,59.397,52.367,58.074,0.112,0.830,-0.005,0.045,-0.065,1.086,0.000,-0.003,15.958,0.003,20.649,14.401,19.342
-3.091,-7.161,-0.001,0.812,-0.000,-0.001,0.584,0.469,0.411,54.197,0.384,59.603,52.511,58.268,0.102,0.828,-0.003,0.040,-0.059,1.088,-0.000,-0.002,15.893,0.002,20.625,14.372,19.378
-3.091,-7.153,-0.001,0.808,0.000,-0.001,0.589,0.469,0.411,54.356,0.384,59.809,52.654,58.462,0.092,0.827,-0.001,0.036,-0.049,1.087,-0.000,-0.003,15.829,0.001,20.593,14.349,19.407
-3.090,-7.145,-0.001,0.805,0.000,-0.001,0.593,0.469,0.411,54.514,0.384,60.015,52.798,58.656,0.083,0.827,0.001,0.031,-0.037,1.085,-0.001,-0.003,15.770,-0.000,20.557,14.332,19.426
-3.089,-7.136,-0.001,0.802,0.001,-0.001,0.597,0.469,0.411,54.671,0.384,60.220,52.941,58.851,0.075,0.826,0.002,0.026,-0.027,1.082,-0.001,-0.004,15.716,-0.001,20.520,14.322,19.437
-3.088,-7.128,-0.001,0.799,0.001,-0.001,0.602,0.469,0.411,54.828,0.384,60.425,53.084,59.045,0.066,0.826,0.003,0.022,-0.021,1.077,-0.001,-0.004,15.669,-0.001,20.484,14.320,19.441
-3.088,-7.120,-0.001,0.795,0.001,-0.001,0.606,0.469,0.410,54.984,0.384,60.630,53.228,59.239,0.058,0.826,0.005,0.018,-0.021,1.073,-0.001,-0.005,15.627,-0.000,20.450,14.323,19.442
-3.087,-7.112,-0.001,0.792,0.001,-0.001,0.610,0.469,0.410,55.141,0.384,60.834,53.371,59.434,0.050,0.827,0.006,0.014,-0.027,1.069,-0.001,-0.005,15.588,0.001,20.417,14.330,19.444
-3.087,-7.103,-0.001,0.789,0.001,-0.001,0.614,0.469,0.410,55.296,0.384,61.038,53.514,59.628,0.041,0.827,0.008,0.011,-0.037,1.068,-0.001,-0.005,15.548,0.003,20.385,14.337,19.449
-3.086,-7.095,-0.001,0.786,0.001,-0.001,0.619,0.469,0.410,55.451,0.384,61.242,53.658,59.823,0.033,0.828,0.009,0.007,-0.049,1.068,-0.000,-0.005,15.506,0.004,20.349,14.342,19.459
-3.086,-7.087,-0.001,0.782,0.001,-0.001,0.623,0.469,0.410,55.606,0.384,61.445,53.801,60.017,0.023,0.829,0.011,0.003,-0.061,1.071,0.000,-0.004,15.459,0.006,20.308,14.346,19.474
-3.086,-7.078,-0.001,0.779,0.002,-0.002,0.627,0.469,0.410,55.761,0.384,61.648,53.944,60.212,0.014,0.830,0.012,-0.002,-0.070,1.075,0.001,-0.003,15.409,0.007,20.260,14.347,19.493
-3.086,-7.070,-0.000,0.776,0.002,-0.002,0.631,0.469,0.410,55.914,0.384,61.850,54.088,60.407,0.005,0.831,0.013,-0.006,-0.073,1.080,0.001,-0.002,15.357,0.007,20.203,14.347,19.511
-3.086,-7.062,-0.000,0.772,0.002,-0.002,0.635,0.469,0.410,56.068,0.384,62.052,54.231,60.602,-0.005,0.832,0.013,-0.011,-0.067,1.084,0.001,0.000,15.304,0.006,20.139,14.345,19.525
-3.086,-7.054,-0.000,0.769,0.002,-0.002,0.640,0.469,0.410,56.221,0.384,62.253,54.375,60.798,-0.014,0.832,0.012,-0.016,-0.052,1.088,0.001,0.002,15.255,0.004,20.072,14.341,19.528
-3.086,-7.045,-0.000,0.765,0.002,-0.003,0.644,0.469,0.410,56.373,0.384,62.454,54.518,60.993,-0.024,0.832,0.011,-0.020,-0.027,1.091,0.001,0.004,15.213,0.001,20.007,14.332,19.516
-3.086,-7.037,0.000,0.762,0.002,-0.003,0.648,0.469,0.410,56.525,0.384,62.653,54.661,61.188,-0.033,0.832,0.009,-0.024,0.006,1.092,0.001,0.005,15.183,-0.003,19.948,14.319,19.486
-3.087,-7.029,0.000,0.758,0.002,-0.003,0.652,0.469,0.410,56.677,0.384,62.853,54.805,61.383,-0.041,0.832,0.006,-0.026,0.043,1.091,0.001,0.007,15.170,-0.006,19.902,14.303,19.435
-3.087,-7.020,0.000,0.755,0.002,-0.003,0.656,0.469,0.410,56.828,0.384,63.051,54.947,61.577,-0.049,0.831,0.003,-0.025,0.080,1.087,0.001,0.008,15.175,-0.008,19.873,14.287,19.363
-3.088,-7.012,0.000,0.751,0.001,-0.002,0.660,0.469,0.411,56.980,0.384,63.250,55.090,61.770,-0.057,0.831,0.001,-0.021,0.112,1.081,0.000,0.008,15.200,-0.010,19.862,14.269,19.275
-3.088,-7.004,0.000,0.747,0.001,-0.002,0.664,0.469,0.411,57.132,0.384,63.449,55.233,61.962,-0.065,0.830,-0.001,-0.013,0.134,1.076,0.000,0.008,15.240,-0.010,19.871,14.244,19.182
-3.089,-6.995,0.000,0.744,0.000,-0.002,0.668,0.469,0.411,57.285,0.384,63.648,55.375,62.153,-0.073,0.830,-0.003,-0.002,0.147,1.072,0.000,0.007,15.292,-0.010,19.902,14.209,19.089
-3.090,-6.987,0.000,0.740,-0.000,-0.001,0.672,0.469,0.411,57.438,0.384,63.847,55.517,62.344,-0.082,0.829,-0.004,0.010,0.151,1.070,0.000,0.006,15.350,-0.009,19.955,14.164,19.000
-3.090,-6.979,0.000,0.737,-0.001,-0.000,0.676,0.469,0.411,57.592,0.384,64.047,55.658,62.534,-0.091,0.827,-0.006,0.022,0.145,1.068,0.000,0.005,15.409,-0.007,20.029,14.107,18.917
-3.091,-6.971,-0.000,0.733,-0.001,0.000,0.680,0.469,0.411,57.746,0.384,64.247,55.799,62.722,-0.100,0.826,-0.007,0.031,0.130,1.068,0.000,0.004,15.467,-0.005,20.119,14.042,18.845
-3.092,-6.962,-0.000,0.729,-0.001,0.001,0.684,0.469,0.411,57.901,0.384,64.449,55.939,62.910,-0.110,0.824,-0.007,0.038,0.105,1.071,0.000,0.003,15.513,-0.003,20.223,13.967,18.792
-3.094,-6.954,-0.000,0.726,-0.001,0.001,0.688,0.469,0.411,58.057,0.384,64.652,56.078,63.098,-0.120,0.821,-0.007,0.045,0.072,1.077,0.000,0.002,15.541,-0.000,20.334,13.884,18.761
-3.095,-6.946,-0.000,0.722,-0.001,0.002,0.692,0.469,0.411,58.212,0.384,64.856,56.217,63.286,-0.131,0.818,-0.006,0.052,0.036,1.085,0.001,0.001,15.551,0.002,20.438,13.799,18.751
-3.096,-6.938,-0.000,0.718,-0.001,0.002,0.696,0.469,0.411,58.368,0.384,65.061,56.354,63.473,-0.141,0.815,-0.005,0.060,-0.001,1.095,0.001,-0.000,15.566,0.005,20.520,13.717,18.763
-3.098,-6.930,-0.000,0.714,-0.001,0.002,0.700,0.469,0.411,58.523,0.384,65.266,56.491,63.661,-0.152,0.811,-0.004,0.068,-0.033,1.105,0.000,-0.001,15.582,0.006,20.578,13.639,18.793
-3.099,-6.921,-0.000,0.710,-0.001,0.002,0.704,0.469,0.411,58.679,0.384,65.472,56.627,63.849,-0.163,0.808,-0.004,0.071,-0.054,1.116,0.000,-0.002,15.583,0.006,20.613,13.565,18.839
-3.101,-6.913,-0.000,0.707,-0.000,0.002,0.708,0.469,0.411,58.835,0.384,65.678,56.762,64.038,-0.174,0.803,-0.005,0.066,-0.063,1.128,-0.000,-0.003,15.565,0.005,20.633,13.494,18.896
-3.103,-6.905,-0.000,0.703,0.000,0.002,0.712,0.469,0.411,58.990,0.384,65.885,56.897,64.227,-0.184,0.799,-0.006,0.053,-0.061,1.138,-0.000,-0.003,15.533,0.004,20.639,13.435,18.958
-3.105,-6.897,-0.001,0.698,0.001,0.002,0.716,0.469,0.411,59.146,0.384,66.091,57.031,64.417,-0.194,0.795,-0.008,0.034,-0.054,1.144,-0.001,-0.003,15.492,0.003,20.634,13.396,19.017
-3.107,-6.889,-0.001,0.694,0.001,0.002,0.720,0.469,0.411,59.300,0.384,66.297,57.165,64.607,-0.203,0.791,-0.008,0.012,-0.045,1.146,-0.001,-0.002,15.449,0.001,20.620,13.381,19.068
-3.109,-6.882,-0.001,0.690,0.001,0.002,0.724,0.469,0.411,59.455,0.384,66.504,57.299,64.798,-0.212,0.787,-0.008,-0.012,-0.036,1.145,-0.000,-0.002,15.407,0.001,20.600,13.387,19.110
-3.111,-6.874,-0.001,0.686,0.001,0.002,0.728,0.469,0.411,59.608,0.384,66.709,57.433,64.990,-0.220,0.784,-0.008,-0.034,-0.029,1.141,-0.000,-0.002,15.372,0.000,20.574,13.412,19.140
-3.113,-6.866,-0.001,0.682,0.001,0.001,0.731,0.469,0.411,59.762,0.384,66.915,57.567,65.181,-0.229,0.781,-0.006,-0.053,-0.027,1.137,-0.000,-0.001,15.346,0.001,20.544,13.451,19.161
-3.115,-6.858,-0.001,0.678,0.001,0.001,0.735,0.469,0.411,59.915,0.384,67.120,57.702,65.373,-0.237,0.778,-0.004,-0.067,-0.030,1.132,0.000,-0.001,15.334,0.002,20.508,13.502,19.174
-3.118,-6.850,-0.001,0.674,0.001,0.001,0.739,0.469,0.411,60.069,0.384,67.325,57.837,65.565,-0.245,0.775,-0.002,-0.074,-0.039,1.128,0.001,-0.001,15.334,0.004,20.465,13.560,19.182
-3.120,-6.843,-0.001,0.669,0.001,0.000,0.743,0.469,0.411,60.222,0.384,67.530,57.973,65.756,-0.253,0.773,0.001,-0.075,-0.050,1.126,0.001,-0.001,15.345,0.006,20.414,13.616,19.190
-3.123,-6.835,-0.001,0.665,0.001,-0.000,0.747,0.469,0.411,60.376,0.384,67.733,58.110,65.948,-0.262,0.770,0.004,-0.071,-0.061,1.128,0.001,-0.001,15.359,0.007,20.357,13.664,19.201
-3.126,-6.827,-0.001,0.661,0.001,-0.001,0.750,0.469,0.411,60.529,0.384,67.937,58.246,66.141,-0.272,0.767,0.006,-0.063,-0.069,1.134,0.001,-0.002,15.372,0.008,20.294,13.700,19.217
-3.128,-6.820,-0.001,0.657,0.001,-0.001,0.754,0.469,0.411,60.683,0.384,68.139,58.384,66.333,-0.282,0.764,0.007,-0.053,-0.073,1.142,0.000,-0.002,15.379,0.007,20.227,13.727,19.238
-3.131,-6.812,-0.001,0.652,0.001,-0.001,0.758,0.469,0.411,60.837,0.384,68.341,58.521,66.525,-0.292,0.761,0.008,-0.041,-0.072,1.150,-0.000,-0.003,15.377,0.006,20.159,13.749,19.258
-3.134,-6.804,-0.001,0.648,0.001,-0.002,0.762,0.469,0.411,60.991,0.385,68.542,58.659,66.718,-0.301,0.758,0.008,-0.031,-0.065,1.156,-0.001,-0.003,15.367,0.003,20.092,13.771,19.276
-3.137,-6.797,-0.001,0.644,0.001,-0.002,0.765,0.469,0.411,61.144,0.385,68.743,58.796,66.911,-0.310,0.755,0.008,-0.023,-0.053,1.159,-0.001,-0.004,15.346,0.000,20.029,13.796,19.284
-3.140,-6.789,-0.000,0.639,0.001,-0.002,0.769,0.469,0.411,61.298,0.385,68.943,58.934,67.104,-0.319,0.752,0.007,-0.018,-0.035,1.156,-0.002,-0.005,15.316,-0.003,19.974,13.828,19.279
-3.144,-6.782,-0.000,0.635,0.001,-0.003,0.773,0.469,0.410,61.451,0.384,69.143,59.073,67.296,-0.326,0.750,0.007,-0.018,-0.016,1.147,-0.002,-0.005,15.280,-0.006,19.918,13.876,19.257
-3.147,-6.774,-0.000,0.630,0.001,-0.003,0.776,0.469,0.410,61.603,0.384,69.341,59.212,67.489,-0.332,0.749,0.007,-0.027,-0.003,1.128,-0.003,-0.006,15.249,-0.009,19.841,13.957,19.223
-3.150,-6.767,-0.000,0.626,0.001,-0.003,0.780,0.469,0.410,61.756,0.384,69.539,59.352,67.681,-0.336,0.749,0.008,-0.038,0.006,1.101,-0.003,-0.005,15.237,-0.011,19.746,14.071,19.170
-3.154,-6.759,-0.000,0.622,0.001,-0.003,0.783,0.469,0.410,61.908,0.384,69.736,59.494,67.872,-0.341,0.749,0.008,-0.031,0.014,1.074,-0.002,-0.004,15.247,-0.010,19.665,14.184,19.103
-3.157,-6.752,-0.000,0.618,0.001,-0.003,0.787,0.469,0.410,62.060,0.384,69.933,59.636,68.063,-0.346,0.748,0.008,-0.012,0.025,1.055,-0.001,-0.001,15.250,-0.008,19.617,14.274,19.033
-3.161,-6.744,-0.000,0.613,0.001,-0.003,0.790,0.469,0.410,62.213,0.384,70.129,59.779,68.253,-0.352,0.746,0.006,0.010,0.039,1.042,0.001,0.001,15.246,-0.004,19.596,14.337,18.963
-3.164,-6.737,-0.000,0.609,0.001,-0.003,0.793,0.469,0.410,62.365,0.384,70.325,59.923,68.442,-0.357,0.745,0.000,0.053,0.072,1.027,0.002,0.003,15.238,0.001,19.593,14.389,18.886
-3.168,-6.729,-0.000,0.605,0.000,-0.002,0.796,0.469,0.410,62.518,0.384,70.521,60.067,68.631,-0.364,0.743,-0.003,0.075,0.087,1.021,0.002,0.004,15.240,0.002,19.589,14.421,18.839
-3.171,-6.722,-0.000,0.601,0.000,-0.001,0.799,0.469,0.410,62.670,0.384,70.716,60.211,68.819,-0.371,0.740,-0.006,0.093,0.097,1.021,0.002,0.004,15.246,0.002,19.586,14.459,18.809
-3.175,-6.715,-0.000,0.597,0.000,-0.001,0.802,0.469,0.410,62.823,0.384,70.912,60.356,69.007,-0.379,0.737,-0.008,0.111,0.106,1.021,0.001,0.003,15.258,0.002,19.583,14.500,18.795
-3.179,-6.707,-0.000,0.593,0.000,-0.000,0.805,0.469,0.410,62.975,0.384,71.109,60.501,69.195,-0.388,0.732,-0.005,0.044,0.045,1.027,0.000,0.003,15.279,-0.001,19.718,14.450,18.797
-3.183,-6.700,-0.000,0.589,0.000,-0.000,0.808,0.469,0.410,63.128,0.384,71.307,60.645,69.383,-0.397,0.727,-0.004,-0.007,-0.004,1.032,0.000,0.003,15.297,-0.000,19.846,14.391,18.804
-3.187,-6.693,-0.000,0.585,0.000,-0.000,0.811,0.469,0.411,63.281,0.384,71.505,60.789,69.571,-0.406,0.722,-0.005,-0.026,-0.026,1.035,0.001,0.004,15.310,0.000,19.937,14.345,18.814
-3.191,-6.686,-0.000,0.580,0.000,-0.000,0.814,0.469,0.411,63.434,0.384,71.705,60.932,69.759,-0.414,0.716,-0.007,-0.015,-0.025,1.037,0.001,0.005,15.319,0.001,19.998,14.299,18.829
-3.195,-6.678,-0.000,0.576,0.000,-0.000,0.817,0.469,0.411,63.588,0.384,71.905,61.074,69.947,-0.421,0.710,-0.009,0.016,-0.005,1.040,0.001,0.005,15.323,0.001,20.037,14.247,18.848
-3.199,-6.671,-0.001,0.572,0.000,-0.000,0.820,0.469,0.411,63.741,0.384,72.106,61.217,70.136,-0.429,0.704,-0.010,0.050,0.019,1.044,0.001,0.006,15.325,0.001,20.066,14.185,18.872
-3.204,-6.664,-0.001,0.568,0.000,0.000,0.823,0.469,0.411,63.894,0.384,72.307,61.358,70.325,-0.436,0.697,-0.010,0.067,0.032,1.048,0.001,0.007,15.327,-0.000,20.094,14.113,18.903
-3.208,-6.657,-0.001,0.563,0.000,0.000,0.826,0.469,0.411,64.047,0.384,72.508,61.499,70.514,-0.445,0.688,-0.007,0.073,0.023,1.063,0.001,0.007,15.333,-0.001,20.147,14.008,18.949
-3.213,-6.651,-0.001,0.559,0.001,0.001,0.829,0.469,0.411,64.201,0.384,72.710,61.638,70.704,-0.455,0.680,-0.002,0.080,0.007,1.084,0.001,0.005,15.330,-0.002,20.218,13.880,19.005
-3.217,-6.644,-0.001,0.554,0.001,0.001,0.832,0.469,0.411,64.354,0.384,72.912,61.776,70.894,-0.464,0.672,0.002,0.085,-0.002,1.103,0.000,0.004,15.317,-0.002,20.283,13.750,19.057
-3.222,-6.637,-0.001,0.550,0.001,0.002,0.835,0.497,0.417,64.501,0.387,73.108,61.908,71.078,-0.442,0.621,0.001,0.059,0.048,1.055,4.527,1.056,14.072,0.564,18.985,12.605,17.812
-3.226,-6.631,-0.001,0.545,0.001,0.002,0.838,0.546,0.429,64.636,0.394,73.292,62.029,71.251,-0.420,0.572,-0.001,0.030,0.075,1.006,4.695,1.137,12.931,0.596,17.749,11.551,16.603
-3.230,-6.626,-0.001,0.541,0.001,0.002,0.841,0.586,0.439,64.760,0.399,73.464,62.139,71.411,-0.397,0.524,-0.001,0.003,0.079,0.955,3.296,0.832,11.891,0.428,16.540,10.579,15.420
-3.234,-6.621,-0.001,0.537,0.000,0.002,0.843,0.611,0.445,64.874,0.402,73.623,62.241,71.559,-0.374,0.480,0.001,-0.016,0.067,0.899,1.801,0.475,10.942,0.243,15.350,9.679,14.262
-3.238,-6.616,-0.001,0.534,-0.000,0.002,0.846,0.624,0.449,64.979,0.404,73.771,62.333,71.696,-0.349,0.438,0.002,-0.025,0.047,0.839,0.736,0.206,10.057,0.108,14.175,8.845,13.129
-3.241,-6.612,-0.001,0.530,-0.000,0.002,0.848,0.628,0.450,65.075,0.404,73.907,62.418,71.822,-0.325,0.399,0.003,-0.030,0.026,0.777,0.151,0.055,9.214,0.035,13.020,8.064,12.023
-3.244,-6.608,-0.001,0.527,-0.000,0.002,0.850,0.628,0.450,65.163,0.405,74.031,62.495,71.937,-0.300,0.362,0.004,-0.033,0.009,0.714,-0.101,-0.015,8.399,0.002,11.889,7.327,10.943
-3.247,-6.605,-0.001,0.524,-0.001,0.002,0.852,0.627,0.450,65.243,0.405,74.144,62.564,72.041,-0.275,0.326,0.004,-0.035,-0.003,0.651,-0.162,-0.035,7.607,-0.008,10.785,6.624,9.892
-3.250,-6.602,-0.001,0.522,-0.001,0.002,0.853,0.625,0.449,65.315,0.405,74.247,62.627,72.134,-0.250,0.293,0.004,-0.037,-0.009,0.590,-0.136,-0.033,6.836,-0.009,9.711,5.950,8.872
-3.252,-6.599,-0.001,0.519,-0.001,0.002,0.855,0.624,0.449,65.380,0.404,74.339,62.683,72.218,-0.226,0.260,0.003,-0.038,-0.011,0.530,-0.088,-0.022,6.089,-0.007,8.670,5.299,7.885
-3.254,-6.597,-0.001,0.517,-0.001,0.002,0.856,0.623,0.449,65.437,0.404,74.420,62.733,72.292,-0.201,0.229,0.003,-0.039,-0.011,0.471,-0.048,-0.014,5.366,-0.005,7.660,4.671,6.930
-3.256,-6.594,-0.001,0.515,-0.001,0.001,0.857,0.623,0.449,65.487,0.404,74.492,62.777,72.357,-0.177,0.200,0.002,-0.038,-0.009,0.413,-0.022,-0.008,4.667,-0.004,6.684,4.063,6.008
-3.258,-6.593,-0.000,0.514,-0.001,0.001,0.858,0.623,0.449,65.531,0.404,74.554,62.815,72.413,-0.153,0.171,0.002,-0.035,-0.007,0.357,-0.007,-0.005,3.993,-0.003,5.739,3.475,5.117
-3.259,-6.591,-0.000,0.512,-0.001,0.001,0.859,0.623,0.449,65.567,0.404,74.607,62.846,72.459,-0.130,0.144,0.001,-0.032,-0.006,0.302,-0.001,-0.003,3.343,-0.003,4.825,2.904,4.258
-3.260,-6.590,-0.000,0.511,-0.001,0.001,0.860,0.623,0.449,65.598,0.404,74.651,62.873,72.498,-0.107,0.117,0.001,-0.028,-0.004,0.249,0.002,-0.002,2.714,-0.003,3.941,2.351,3.430
-3.261,-6.589,-0.000,0.510,-0.001,0.001,0.860,0.623,0.449,65.622,0.404,74.686,62.893,72.528,-0.084,0.092,0.000,-0.023,-0.003,0.198,0.002,-0.002,2.105,-0.003,3.087,1.814,2.632
-3.262,-6.588,-0.000,0.509,-0.001,0.001,0.861,0.623,0.449,65.640,0.404,74.713,62.909,72.551,-0.062,0.068,-0.000,-0.013,-0.007,0.150,0.002,-0.001,1.518,-0.003,2.277,1.300,1.830
-3.262,-6.587,-0.000,0.509,-0.001,0.001,0.861,0.623,0.449,65.652,0.404,74.732,62.920,72.565,-0.042,0.046,-0.001,-0.001,-0.012,0.106,0.001,-0.001,0.952,-0.003,1.515,0.810,1.009
-3.263,-6.587,-0.000,0.508,-0.001,0.001,0.861,0.623,0.449,65.659,0.404,74.743,62.925,72.571,-0.020,0.022,-0.001,-0.005,-0.004,0.057,0.000,-0.001,0.382,-0.004,0.726,0.310,0.341
-3.263,-6.587,-0.000,0.508,-0.001,0.001,0.861,0.623,0.449,65.660,0.404,74.746,62.926,72.571,0.000,-0.000,-0.001,-0.003,-0.002,0.012,0.000,-0.000,-0.173,-0.004,-0.025,-0.171,-0.315
-3.263,-6.587,-0.000,0.508,-0.001,0.001,0.861,0.623,0.449,65.655,0.404,74.742,62.922,72.565,0.020,-0.022,-0.001,0.001,-0.002,-0.030,-0.000,-0.000,-0.713,-0.004,-0.746,-0.637,-0.954
-3.262,-6.587,-0.001,0.508,-0.001,0.001,0.861,0.623,0.449,65.646,0.404,74.731,62.913,72.552,0.039,-0.042,-0.001,0.007,-0.004,-0.071,-0.000,0.000,-1.238,-0.004,-1.442,-1.088,-1.573
-3.262,-6.588,-0.001,0.509,-0.001,0.001,0.861,0.623,0.449,65.631,0.404,74.714,62.900,72.534,0.057,-0.062,-0.001,0.012,-0.005,-0.110,-0.000,0.000,-1.747,-0.004,-2.114,-1.524,-2.174
-3.261,-6.588,-0.001,0.509,-0.001,0.001,0.861,0.623,0.449,65.611,0.404,74.689,62.883,72.509,0.075,-0.082,-0.002,0.016,-0.005,-0.148,-0.000,0.000,-2.240,-0.004,-2.764,-1.946,-2.762
-3.261,-6.589,-0.001,0.510,-0.001,0.001,0.860,0.623,0.449,65.586,0.404,74.658,62.861,72.478,0.091,-0.100,-0.002,0.019,-0.004,-0.185,-0.000,0.000,-2.717,-0.004,-3.394,-2.354,-3.333
-3.260,-6.591,-0.001,0.511,-0.001,0.001,0.860,0.623,0.449,65.557,0.404,74.621,62.836,72.442,0.108,-0.119,-0.002,0.021,-0.003,-0.221,-0.000,0.000,-3.178,-0.004,-4.005,-2.748,-3.888
-3.258,-6.592,-0.001,0.512,-0.001,0.001,0.859,0.623,0.449,65.522,0.404,74.578,62.806,72.401,0.123,-0.137,-0.002,0.023,-0.003,-0.256,-0.000,0.000,-3.627,-0.004,-4.599,-3.127,-4.425
-3.257,-6.593,-0.001,0.513,-0.001,0.001,0.858,0.623,0.449,65.484,0.404,74.529,62.773,72.354,0.138,-0.154,-0.002,0.024,-0.002,-0.290,-0.000,0.000,-4.063,-0.004,-5.174,-3.493,-4.949
-3.256,-6.595,-0.001,0.514,-0.000,0.001,0.857,0.623,0.449,65.441,0.404,74.475,62.736,72.302,0.153,-0.171,-0.003,0.025,-0.000,-0.323,-0.000,0.000,-4.483,-0.004,-5.732,-3.846,-5.460
-3.254,-6.597,-0.001,0.516,-0.000,0.001,0.857,0.623,0.449,65.394,0.404,74.415,62.696,72.245,0.166,-0.187,-0.003,0.024,0.001,-0.355,-0.000,0.000,-4.889,-0.004,-6.273,-4.188,-5.957
-3.252,-6.599,-0.001,0.518,-0.000,0.001,0.856,0.623,0.449,65.344,0.404,74.350,62.653,72.183,0.180,-0.203,-0.003,0.023,0.003,-0.385,-0.000,0.000,-5.281,-0.004,-6.798,-4.519,-6.438
-3.250,-6.601,-0.001,0.519,-0.000,0.001,0.855,0.623,0.449,65.289,0.404,74.279,62.606,72.116,0.192,-0.219,-0.003,0.022,0.005,-0.415,-0.000,0.000,-5.658,-0.004,-7.307,-4.840,-6.905
-3.248,-6.603,-0.001,0.521,-0.000,0.002,0.854,0.623,0.449,65.230,0.404,74.203,62.556,72.045,0.204,-0.234,-0.003,0.020,0.005,-0.443,-0.000,0.000,-6.020,-0.004,-7.800,-5.152,-7.356
-3.246,-6.605,-0.001,0.523,-0.000,0.002,0.852,0.623,0.449,65.168,0.404,74.123,62.503,71.969,0.215,-0.249,-0.003,0.019,0.005,-0.470,-0.000,0.000,-6.369,-0.004,-8.278,-5.453,-7.793
-3.244,-6.608,-0.001,0.525,-0.000,0.002,0.851,0.623,0.449,65.103,0.403,74.038,62.447,71.889,0.225,-0.264,-0.003,0.018,0.005,-0.495,-0.000,-0.000,-6.704,-0.003,-8.740,-5.746,-8.214
-3.242,-6.611,-0.001,0.527,-0.000,0.002,0.850,0.623,0.449,65.034,0.403,73.948,62.388,71.805,0.235,-0.278,-0.003,0.016,0.003,-0.520,-0.000,-0.000,-7.026,-0.003,-9.186,-6.030,-8.621
-3.239,-6.614,-0.001,0.529,-0.000,0.002,0.848,0.623,0.449,64.963,0.403,73.854,62.326,71.716,0.244,-0.292,-0.003,0.014,0.001,-0.543,-0.000,-0.000,-7.335,-0.003,-9.618,-6.305,-9.014
-3.237,-6.616,-0.001,0.532,-0.000,0.002,0.847,0.623,0.449,64.888,0.403,73.756,62.262,71.624,0.253,-0.306,-0.002,0.011,-0.002,-0.566,-0.000,-0.001,-7.631,-0.002,-10.035,-6.573,-9.393
-3.234,-6.620,-0.001,0.534,-0.000,0.002,0.845,0.623,0.449,64.810,0.403,73.654,62.195,71.529,0.261,-0.320,-0.002,0.008,-0.005,-0.587,-0.000,-0.001,-7.916,-0.001,-10.437,-6.832,-9.759
-3.232,-6.623,-0.001,0.537,-0.000,0.002,0.844,0.623,0.449,64.729,0.403,73.547,62.125,71.429,0.268,-0.333,-0.002,0.004,-0.008,-0.608,-0.000,-0.001,-8.188,-0.000,-10.824,-7.084,-10.111
-3.229,-6.626,-0.001,0.539,-0.000,0.002,0.842,0.623,0.449,64.646,0.403,73.437,62.053,71.326,0.275,-0.346,-0.001,-0.000,-0.011,-0.628,-0.000,-0.002,-8.450,0.000,-11.198,-7.329,-10.450
-3.226,-6.630,-0.001,0.542,-0.000,0.002,0.840,0.623,0.449,64.561,0.403,73.323,61.979,71.220,0.282,-0.359,-0.000,-0.005,-0.014,-0.647,-0.000,-0.002,-8.703,0.001,-11.559,-7.565,-10.776
-3.223,-6.633,-0.001,0.545,0.000,0.002,0.839,0.623,0.449,64.472,0.403,73.206,61.902,71.111,0.287,-0.371,0.001,-0.013,-0.019,-0.665,-0.000,-0.002,-8.947,0.002,-11.905,-7.797,-11.088
-3.220,-6.637,-0.001,0.548,0.000,0.002,0.837,0.623,0.449,64.382,0.403,73.085,61.823,70.999,0.293,-0.384,0.002,-0.021,-0.025,-0.683,-0.000,-0.002,-9.183,0.003,-12.237,-8.025,-11.389
-3.218,-6.641,-0.001,0.551,0.000,0.002,0.835,0.623,0.449,64.289,0.403,72.961,61.741,70.883,0.297,-0.396,0.003,-0.029,-0.031,-0.699,-0.000,-0.002,-9.410,0.003,-12.554,-8.251,-11.677
-3.215,-6.645,-0.001,0.553,0.000,0.001,0.833,0.623,0.449,64.193,0.403,72.834,61.658,70.765,0.302,-0.409,0.005,-0.037,-0.035,-0.715,-0.000,-0.002,-9.630,0.004,-12.857,-8.476,-11.955
-3.212,-6.649,-0.001,0.557,0.000,0.001,0.831,0.623,0.449,64.096,0.404,72.704,61.572,70.644,0.305,-0.421,0.006,-0.045,-0.038,-0.730,0.000,-0.002,-9.843,0.003,-13.147,-8.698,-12.222
-3.208,-6.654,-0.001,0.560,0.000,0.001,0.829,0.623,0.448,63.997,0.404,72.571,61.484,70.521,0.309,-0.433,0.007,-0.050,-0.039,-0.744,0.000,-0.001,-10.049,0.003,-13.425,-8.919,-12.479
-3.205,-6.658,-0.001,0.563,0.000,0.000,0.827,0.623,0.448,63.895,0.404,72.436,61.394,70.395,0.312,-0.446,0.008,-0.051,-0.035,-0.757,0.000,-0.001,-10.250,0.003,-13.693,-9.140,-12.727
-3.202,-6.662,-0.001,0.566,0.000,0.000,0.825,0.623,0.448,63.792,0.404,72.298,61.301,70.266,0.314,-0.459,0.007,-0.046,-0.028,-0.770,0.000,0.000,-10.446,0.002,-13.954,-9.362,-12.965
-3.199,-6.667,-0.001,0.569,0.000,-0.000,0.822,0.623,0.448,63.686,0.404,72.157,61.206,70.135,0.317,-0.471,0.007,-0.040,-0.019,-0.781,0.001,0.001,-10.636,0.002,-14.210,-9.581,-13.192
-3.196,-6.672,-0.000,0.572,0.000,-0.000,0.820,0.623,0.448,63.579,0.404,72.013,61.110,70.002,0.318,-0.483,0.007,-0.036,-0.014,-0.793,0.001,0.002,-10.821,0.002,-14.459,-9.791,-13.410
-3.193,-6.677,-0.000,0.576,0.000,-0.001,0.818,0.623,0.449,63.470,0.404,71.868,61.011,69.867,0.320,-0.495,0.006,-0.035,-0.011,-0.805,0.001,0.002,-11.000,0.002,-14.700,-9.992,-13.619
-3.189,-6.682,-0.000,0.579,0.000,-0.001,0.815,0.623,0.449,63.359,0.404,71.719,60.910,69.730,0.321,-0.507,0.005,-0.026,-0.004,-0.815,0.001,0.003,-11.176,0.002,-14.945,-10.194,-13.822
-3.186,-6.687,-0.000,0.582,-0.000,-0.001,0.813,0.623,0.449,63.246,0.404,71.568,60.807,69.591,0.320,-0.519,0.001,0.015,0.026,-0.820,0.001,0.004,-11.344,0.002,-15.235,-10.424,-14.011
-3.183,-6.692,-0.000,0.586,-0.000,-0.001,0.811,0.623,0.449,63.132,0.404,71.415,60.701,69.450,0.322,-0.530,0.001,0.013,0.022,-0.834,0.001,0.004,-11.509,0.002,-15.472,-10.612,-14.201
-3.180,-6.698,-0.000,0.589,-0.000,-0.001,0.808,0.623,0.449,63.016,0.404,71.259,60.595,69.307,0.323,-0.540,0.003,-0.017,-0.005,-0.852,0.001,0.003,-11.675,0.002,-15.662,-10.752,-14.397
-3.177,-6.703,-0.000,0.592,-0.000,-0.001,0.806,0.623,0.449,62.899,0.404,71.102,60.486,69.162,0.324,-0.550,0.003,-0.033,-0.023,-0.866,0.001,0.003,-11.838,0.003,-15.854,-10.894,-14.594
-3.173,-6.709,-0.000,0.596,-0.000,-0.001,0.803,0.623,0.449,62.779,0.404,70.942,60.377,69.015,0.324,-0.561,0.002,-0.037,-0.032,-0.880,0.001,0.003,-11.999,0.003,-16.043,-11.040,-14.794
-3.170,-6.714,-0.000,0.599,-0.000,-0.001,0.800,0.623,0.449,62.659,0.404,70.781,60.266,68.866,0.323,-0.571,0.000,-0.033,-0.034,-0.894,0.001,0.003,-12.158,0.004,-16.228,-11.184,-14.996
-3.167,-6.720,-0.000,0.603,-0.000,-0.001,0.798,0.623,0.449,62.536,0.404,70.618,60.153,68.715,0.323,-0.581,-0.002,-0.022,-0.030,-0.907,0.001,0.003,-12.315,0.005,-16.407,-11.324,-15.201
-3.164,-6.726,-0.000,0.607,0.000,-0.001,0.795,0.623,0.449,62.412,0.404,70.453,60.039,68.562,0.322,-0.591,-0.003,-0.009,-0.024,-0.921,0.002,0.004,-12.467,0.006,-16.580,-11.454,-15.406
-3.160,-6.732,-0.000,0.610,0.000,-0.002,0.792,0.623,0.449,62.287,0.404,70.286,59.924,68.407,0.320,-0.600,-0.005,-0.000,-0.020,-0.935,0.002,0.005,-12.614,0.008,-16.745,-11.571,-15.607
-3.157,-6.738,-0.000,0.614,0.000,-0.002,0.789,0.623,0.449,62.160,0.404,70.118,59.808,68.250,0.319,-0.608,-0.005,-0.005,-0.026,-0.951,0.003,0.006,-12.752,0.010,-16.895,-11.666,-15.801
-3.154,-6.744,-0.000,0.618,0.000,-0.002,0.786,0.623,0.449,62.032,0.404,69.948,59.691,68.091,0.319,-0.614,-0.002,-0.009,-0.043,-0.974,0.003,0.007,-12.883,0.010,-17.040,-11.723,-15.990
-3.151,-6.750,-0.000,0.622,0.001,-0.002,0.783,0.623,0.449,61.902,0.404,69.777,59.573,67.930,0.318,-0.620,0.000,-0.001,-0.059,-1.001,0.002,0.007,-13.004,0.009,-17.187,-11.760,-16.181
-3.148,-6.756,-0.000,0.626,0.001,-0.002,0.780,0.623,0.449,61.772,0.404,69.604,59.456,67.767,0.317,-0.627,0.001,0.011,-0.065,-1.025,0.001,0.005,-13.124,0.006,-17.323,-11.806,-16.376
-3.145,-6.763,-0.000,0.630,0.001,-0.002,0.777,0.623,0.449,61.640,0.404,69.431,59.337,67.602,0.315,-0.634,0.001,0.019,-0.058,-1.049,0.000,0.003,-13.246,0.002,-17.454,-11.858,-16.578
-3.141,-6.769,-0.000,0.634,0.001,-0.002,0.773,0.623,0.449,61.507,0.404,69.255,59.218,67.436,0.313,-0.641,-0.002,0.018,-0.035,-1.074,-0.001,0.001,-13.374,-0.002,-17.596,-11.907,-16.786
-3.138,-6.775,-0.000,0.638,0.001,-0.002,0.770,0.623,0.449,61.372,0.404,69.079,59.099,67.267,0.311,-0.648,-0.004,0.012,-0.007,-1.096,-0.002,-0.001,-13.501,-0.006,-17.749,-11.962,-16.985
-3.135,-6.782,-0.000,0.642,0.002,-0.002,0.766,0.623,0.449,61.237,0.404,68.900,58.979,67.096,0.307,-0.656,-0.007,0.008,0.019,-1.110,-0.002,-0.002,-13.623,-0.008,-17.904,-12.031,-17.165
-3.132,-6.789,-0.001,0.647,0.001,-0.002,0.763,0.623,0.449,61.100,0.404,68.721,58.858,66.924,0.302,-0.664,-0.009,0.008,0.043,-1.119,-0.003,-0.003,-13.739,-0.011,-18.058,-12.109,-17.325
-3.129,-6.795,-0.001,0.651,0.001,-0.002,0.759,0.623,0.449,60.962,0.404,68.539,58.737,66.750,0.296,-0.672,-0.010,0.011,0.062,-1.125,-0.003,-0.004,-13.849,-0.012,-18.214,-12.190,-17.464
-3.126,-6.802,-0.001,0.655,0.001,-0.002,0.756,0.623,0.449,60.823,0.404,68.356,58.615,66.574,0.290,-0.680,-0.010,0.017,0.076,-1.127,-0.003,-0.004,-13.953,-0.013,-18.371,-12.271,-17.584
-3.123,-6.809,-0.001,0.659,0.001,-0.001,0.752,0.623,0.449,60.683,0.404,68.172,58.491,66.398,0.282,-0.688,-0.009,0.027,0.081,-1.125,-0.003,-0.004,-14.049,-0.013,-18.527,-12.351,-17.681
-3.121,-6.816,-0.001,0.664,0.001,-0.001,0.748,0.623,0.449,60.542,0.404,67.986,58.368,66.221,0.274,-0.695,-0.007,0.039,0.076,-1.118,-0.002,-0.005,-14.137,-0.013,-18.678,-12.431,-17.759
-3.118,-6.823,-0.001,0.668,0.001,-0.000,0.744,0.623,0.449,60.400,0.404,67.798,58.243,66.043,0.266,-0.702,-0.005,0.051,0.066,-1.111,-0.002,-0.004,-14.220,-0.011,-18.826,-12.504,-17.826
-3.115,-6.830,-0.001,0.672,0.001,-0.000,0.741,0.623,0.449,60.258,0.403,67.609,58.118,65.864,0.258,-0.708,-0.002,0.060,0.054,-1.107,-0.002,-0.004,-14.299,-0.009,-18.972,-12.560,-17.891
-3.113,-6.837,-0.001,0.676,0.001,0.000,0.737,0.623,0.449,60.114,0.403,67.419,57.992,65.685,0.251,-0.714,-0.000,0.065,0.042,-1.107,-0.001,-0.004,-14.374,-0.006,-19.118,-12.598,-17.960
-3.110,-6.844,-0.001,0.680,0.001,0.001,0.733,0.623,0.449,59.970,0.403,67.227,57.866,65.505,0.244,-0.720,0.002,0.066,0.033,-1.112,-0.000,-0.003,-14.445,-0.003,-19.263,-12.618,-18.035
-3.108,-6.851,-0.001,0.684,0.001,0.001,0.729,0.623,0.449,59.825,0.403,67.034,57.739,65.324,0.238,-0.726,0.003,0.063,0.026,-1.121,0.000,-0.002,-14.515,0.000,-19.406,-12.623,-18.115
-3.106,-6.859,-0.001,0.688,0.001,0.001,0.726,0.623,0.449,59.680,0.403,66.839,57.613,65.143,0.232,-0.731,0.005,0.056,0.023,-1.133,0.001,-0.001,-14.584,0.003,-19.547,-12.619,-18.200
-3.103,-6.866,-0.001,0.692,0.001,0.002,0.722,0.623,0.449,59.534,0.403,66.643,57.487,64.960,0.226,-0.737,0.005,0.046,0.024,-1.147,0.001,-0.001,-14.652,0.005,-19.687,-12.610,-18.286
-3.101,-6.873,-0.001,0.696,0.001,0.002,0.718,0.623,0.449,59.387,0.403,66.445,57.361,64.777,0.220,-0.742,0.006,0.032,0.029,-1.161,0.001,-0.000,-14.720,0.005,-19.823,-12.604,-18.368
-3.099,-6.881,-0.001,0.701,0.001,0.002,0.714,0.623,0.449,59.239,0.404,66.246,57.235,64.593,0.213,-0.749,0.006,0.016,0.035,-1.173,0.001,0.000,-14.787,0.005,-19.955,-12.608,-18.443
-3.097,-6.888,-0.001,0.705,0.001,0.002,0.709,0.623,0.449,59.091,0.404,66.046,57.109,64.408,0.206,-0.755,0.006,-0.001,0.042,-1.182,0.001,0.000,-14.852,0.005,-20.081,-12.627,-18.505
-3.095,-6.896,-0.001,0.709,0.001,0.002,0.705,0.623,0.449,58.942,0.404,65.845,56.982,64.223,0.198,-0.762,0.006,-0.018,0.048,-1.187,0.000,0.000,-14.914,0.004,-20.199,-12.663,-18.554
-3.093,-6.904,-0.001,0.713,0.000,0.002,0.701,0.623,0.449,58.793,0.404,65.642,56.855,64.037,0.189,-0.769,0.007,-0.034,0.050,-1.188,0.000,-0.000,-14.973,0.003,-20.305,-12.718,-18.586
-3.091,-6.911,-0.000,0.717,-0.000,0.002,0.697,0.623,0.449,58.643,0.404,65.438,56.728,63.851,0.179,-0.776,0.007,-0.047,0.046,-1.184,-0.000,-0.001,-15.029,0.002,-20.394,-12.793,-18.601
-3.089,-6.919,-0.000,0.721,-0.000,0.002,0.693,0.623,0.449,58.492,0.404,65.234,56.600,63.665,0.168,-0.783,0.008,-0.055,0.034,-1.176,-0.000,-0.002,-15.083,0.002,-20.464,-12.882,-18.602
-3.088,-6.927,-0.000,0.725,-0.001,0.002,0.688,0.623,0.449,58.341,0.404,65.029,56.470,63.479,0.157,-0.789,0.009,-0.059,0.013,-1.169,-0.001,-0.003,-15.146,0.002,-20.514,-12.973,-18.595
-3.086,-6.935,-0.000,0.729,-0.001,0.002,0.684,0.623,0.449,58.189,0.404,64.824,56.340,63.293,0.147,-0.795,0.010,-0.060,-0.014,-1.164,-0.001,-0.004,-15.208,0.004,-20.541,-13.061,-18.593
-3.085,-6.943,-0.000,0.733,-0.001,0.002,0.680,0.623,0.449,58.037,0.404,64.618,56.209,63.107,0.137,-0.801,0.011,-0.059,-0.042,-1.163,-0.001,-0.004,-15.260,0.005,-20.552,-13.146,-18.605
-3.083,-6.951,-0.000,0.737,-0.001,0.001,0.675,0.623,0.449,57.884,0.404,64.413,56.077,62.921,0.127,-0.806,0.010,-0.054,-0.070,-1.165,-0.000,-0.005,-15.299,0.007,-20.555,-13.231,-18.633
-3.082,-6.959,0.000,0.741,-0.001,0.001,0.671,0.623,0.449,57.731,0.404,64.207,55.944,62.735,0.118,-0.811,0.009,-0.045,-0.093,-1.168,-0.000,-0.005,-15.324,0.008,-20.555,-13.316,-18.679
-3.081,-6.967,0.000,0.745,-0.001,0.000,0.667,0.623,0.449,57.578,0.404,64.002,55.811,62.548,0.108,-0.816,0.007,-0.033,-0.113,-1.172,0.000,-0.005,-15.337,0.009,-20.544,-13.404,-18.747
-3.080,-6.975,0.000,0.749,-0.000,-0.000,0.662,0.623,0.448,57.424,0.404,63.797,55.676,62.360,0.099,-0.820,0.005,-0.020,-0.130,-1.177,0.000,-0.004,-15.339,0.009,-20.520,-13.493,-18.839
-3.079,-6.983,0.000,0.753,-0.000,-0.001,0.658,0.623,0.448,57.271,0.404,63.592,55.541,62.171,0.090,-0.824,0.003,-0.007,-0.140,-1.184,0.000,-0.004,-15.332,0.008,-20.491,-13.583,-18.951
-3.078,-6.992,0.000,0.757,0.000,-0.001,0.654,0.623,0.448,57.118,0.404,63.387,55.405,61.981,0.081,-0.828,0.001,0.005,-0.141,-1.190,0.000,-0.002,-15.321,0.006,-20.463,-13.675,-19.081
-3.077,-7.000,0.000,0.761,0.001,-0.002,0.649,0.623,0.448,56.965,0.404,63.182,55.267,61.789,0.072,-0.832,-0.002,0.016,-0.131,-1.196,0.000,-0.001,-15.312,0.003,-20.443,-13.767,-19.225
