-7.000,-1.000,0.001,1.000,0.000,0.000,0.000,-0.000,-0.000,0.000,-0.000,0.000,0.000,0.000,-0.000,-0.000,0.000,-0.000,-0.000,-0.000,0.000,0.000,-0.000,0.000,-0.000,-0.000,-0.000
-7.000,-1.000,0.001,1.000,0.000,-0.000,0.000,-0.235,-0.172,0.005,-0.188,0.006,0.002,0.003,0.019,-0.001,0.000,-0.000,-0.014,0.009,-37.397,-28.184,0.916,-31.841,1.016,0.439,0.477
-7.000,-1.000,0.001,1.000,-0.000,-0.000,-0.000,-0.517,-0.403,0.017,-0.461,0.018,0.010,0.010,0.049,-0.009,0.000,-0.006,-0.025,-0.051,-15.078,-14.770,1.507,-17.753,1.396,1.158,0.974
-6.999,-1.000,0.001,1.000,-0.000,-0.000,-0.000,-0.532,-0.455,0.035,-0.497,0.033,0.026,0.022,0.082,-0.020,0.001,-0.014,-0.029,-0.129,11.117,4.059,2.071,10.735,1.545,1.955,1.447
-6.998,-1.000,0.001,1.000,-0.000,-0.000,-0.001,-0.344,-0.349,0.058,-0.293,0.049,0.049,0.039,0.112,-0.025,0.001,-0.007,-0.025,-0.157,22.572,14.789,2.562,25.615,1.799,2.644,1.980
-6.997,-1.001,0.001,1.000,-0.000,-0.001,-0.002,-0.176,-0.224,0.086,-0.096,0.070,0.078,0.061,0.136,-0.021,0.000,0.005,-0.014,-0.124,8.085,7.504,3.044,10.539,2.445,3.094,2.522
-6.995,-1.001,0.001,1.000,-0.000,-0.001,-0.002,-0.215,-0.236,0.120,-0.118,0.099,0.110,0.089,0.155,-0.019,-0.000,0.009,-0.006,-0.100,-13.746,-8.632,3.633,-13.235,3.230,3.448,2.967
-6.994,-1.001,0.001,1.000,-0.000,-0.001,-0.003,-0.380,-0.349,0.159,-0.300,0.134,0.147,0.120,0.175,-0.026,-0.001,0.000,-0.003,-0.142,-15.609,-11.312,4.223,-19.466,3.753,3.935,3.309
-6.992,-1.001,0.001,1.000,-0.000,-0.001,-0.004,-0.467,-0.418,0.204,-0.432,0.173,0.189,0.155,0.198,-0.039,-0.001,-0.008,-0.002,-0.223,-1.004,-1.887,4.787,-5.242,3.967,4.552,3.603
-6.990,-1.002,0.001,1.000,-0.000,-0.001,-0.005,-0.405,-0.385,0.255,-0.397,0.213,0.238,0.193,0.223,-0.048,-0.001,-0.008,-0.003,-0.278,11.648,7.563,5.294,10.715,4.144,5.162,3.958
-6.987,-1.002,0.000,1.000,-0.000,-0.001,-0.007,-0.283,-0.297,0.310,-0.273,0.256,0.292,0.235,0.246,-0.048,-0.002,-0.001,-0.000,-0.275,10.399,8.317,5.725,11.189,4.519,5.645,4.407
-6.985,-1.003,0.000,1.000,-0.000,-0.001,-0.008,-0.240,-0.253,0.369,-0.223,0.304,0.351,0.281,0.265,-0.046,-0.003,0.002,0.005,-0.254,-2.092,0.084,6.180,-1.518,5.079,6.016,4.838
-6.982,-1.003,0.000,1.000,-0.000,-0.001,-0.009,-0.310,-0.291,0.433,-0.295,0.358,0.413,0.331,0.283,-0.050,-0.004,-0.005,0.008,-0.273,-9.948,-6.337,6.697,-11.170,5.583,6.414,5.168
-6.979,-1.004,0.000,1.000,-0.000,-0.001,-0.011,-0.394,-0.348,0.503,-0.400,0.415,0.479,0.384,0.301,-0.061,-0.005,-0.016,0.008,-0.333,-5.347,-4.060,7.228,-7.905,5.898,6.901,5.418
-6.976,-1.004,0.000,1.000,-0.000,-0.000,-0.013,-0.401,-0.358,0.578,-0.428,0.475,0.551,0.439,0.320,-0.071,-0.006,-0.019,0.007,-0.390,3.649,1.996,7.727,2.222,6.112,7.418,5.681
-6.973,-1.005,0.000,1.000,-0.000,-0.000,-0.015,-0.339,-0.318,0.657,-0.372,0.538,0.627,0.498,0.340,-0.075,-0.007,-0.014,0.005,-0.407,7.286,5.200,8.152,7.527,6.387,7.879,6.028
-6.969,-1.006,0.000,1.000,-0.000,-0.000,-0.017,-0.286,-0.275,0.741,-0.313,0.603,0.708,0.560,0.358,-0.075,-0.008,-0.009,0.005,-0.397,2.582,2.592,8.539,3.295,6.782,8.257,6.412
-6.966,-1.007,0.000,1.000,-0.000,-0.000,-0.019,-0.296,-0.275,0.828,-0.318,0.673,0.792,0.626,0.374,-0.078,-0.009,-0.010,0.006,-0.400,-4.007,-2.167,8.949,-3.939,7.199,8.614,6.745
-6.962,-1.008,0.000,1.000,-0.001,-0.000,-0.021,-0.346,-0.306,0.920,-0.373,0.747,0.880,0.695,0.389,-0.085,-0.010,-0.017,0.007,-0.434,-4.930,-3.422,9.398,-5.922,7.535,9.008,6.997
-6.958,-1.008,-0.000,1.000,-0.001,-0.000,-0.023,-0.374,-0.328,1.016,-0.413,0.824,0.973,0.766,0.403,-0.094,-0.010,-0.021,0.007,-0.479,-0.518,-0.736,9.850,-1.550,7.787,9.428,7.219
-6.954,-1.009,-0.000,1.000,-0.001,-0.000,-0.025,-0.357,-0.320,1.117,-0.402,0.903,1.069,0.839,0.418,-0.101,-0.011,-0.019,0.006,-0.507,3.467,2.141,10.262,3.267,8.034,9.830,7.474
-6.949,-1.010,-0.000,1.000,-0.001,-0.000,-0.028,-0.321,-0.295,1.221,-0.364,0.985,1.169,0.915,0.434,-0.104,-0.011,-0.013,0.005,-0.511,3.038,2.317,10.617,3.503,8.327,10.187,7.779
-6.945,-1.011,-0.000,1.000,-0.001,-0.000,-0.031,-0.308,-0.282,1.329,-0.345,1.069,1.273,0.995,0.448,-0.107,-0.012,-0.008,0.005,-0.509,-0.444,0.086,10.947,0.072,8.646,10.513,8.086
-6.940,-1.013,-0.001,0.999,-0.001,-0.000,-0.033,-0.325,-0.292,1.440,-0.361,1.157,1.379,1.077,0.460,-0.112,-0.012,-0.008,0.005,-0.522,-2.624,-1.638,11.291,-2.750,8.943,10.841,8.349
-6.936,-1.014,-0.001,0.999,-0.001,-0.000,-0.036,-0.349,-0.307,1.555,-0.388,1.248,1.489,1.161,0.472,-0.120,-0.011,-0.008,0.005,-0.550,-1.567,-1.189,11.660,-2.077,9.197,11.180,8.562
-6.931,-1.015,-0.001,0.999,-0.001,-0.000,-0.039,-0.352,-0.312,1.673,-0.396,1.341,1.603,1.248,0.483,-0.128,-0.011,-0.005,0.004,-0.577,0.741,0.324,12.027,0.383,9.432,11.512,8.761
-6.926,-1.016,-0.001,0.999,-0.001,-0.000,-0.042,-0.338,-0.303,1.795,-0.383,1.437,1.720,1.337,0.494,-0.133,-0.010,0.002,0.003,-0.592,1.802,1.136,12.357,1.832,9.672,11.821,8.983
-6.921,-1.018,-0.001,0.999,-0.001,-0.000,-0.044,-0.324,-0.294,1.920,-0.368,1.535,1.839,1.428,0.505,-0.138,-0.009,0.009,0.001,-0.596,0.745,0.630,12.643,0.990,9.919,12.107,9.229
-6.916,-1.019,-0.001,0.999,-0.001,-0.000,-0.047,-0.325,-0.292,2.048,-0.366,1.635,1.962,1.521,0.516,-0.142,-0.008,0.014,0.000,-0.601,-0.721,-0.348,12.910,-0.507,10.159,12.381,9.472
-6.911,-1.020,-0.001,0.999,-0.001,-0.000,-0.051,-0.335,-0.298,2.179,-0.375,1.738,2.087,1.617,0.526,-0.149,-0.007,0.016,-0.000,-0.615,-1.062,-0.669,13.186,-1.175,10.382,12.652,9.684
-6.905,-1.022,-0.001,0.999,-0.001,-0.000,-0.054,-0.342,-0.303,2.312,-0.384,1.843,2.215,1.715,0.535,-0.156,-0.005,0.017,-0.001,-0.634,-0.272,-0.247,13.473,-0.455,10.594,12.916,9.866
-6.900,-1.024,-0.001,0.998,-0.001,-0.000,-0.057,-0.340,-0.303,2.448,-0.384,1.950,2.345,1.814,0.543,-0.163,-0.004,0.019,-0.001,-0.652,0.465,0.247,13.751,0.341,10.800,13.169,10.040
-6.895,-1.025,-0.001,0.998,-0.001,-0.000,-0.060,-0.335,-0.299,2.587,-0.379,2.059,2.478,1.916,0.552,-0.169,-0.003,0.020,-0.001,-0.663,0.552,0.354,14.003,0.541,11.002,13.409,10.226
-6.889,-1.027,-0.001,0.998,-0.000,-0.000,-0.063,-0.331,-0.297,2.728,-0.375,2.170,2.613,2.019,0.560,-0.175,-0.002,0.020,-0.002,-0.671,0.151,0.139,14.232,0.185,11.198,13.637,10.419
-6.883,-1.029,-0.001,0.998,-0.000,-0.000,-0.067,-0.332,-0.297,2.872,-0.376,2.283,2.751,2.124,0.569,-0.181,-0.001,0.017,-0.002,-0.679,-0.227,-0.095,14.453,-0.221,11.385,13.858,10.607
-6.878,-1.031,-0.001,0.998,-0.000,-0.000,-0.070,-0.334,-0.298,3.017,-0.379,2.397,2.890,2.231,0.576,-0.188,-0.000,0.012,-0.001,-0.690,-0.284,-0.142,14.676,-0.330,11.565,14.074,10.779
-6.872,-1.033,-0.001,0.997,-0.000,-0.000,-0.074,-0.336,-0.299,3.165,-0.381,2.514,3.032,2.340,0.583,-0.195,0.000,0.007,-0.000,-0.703,-0.083,-0.055,14.900,-0.127,11.741,14.286,10.936
-6.866,-1.035,-0.001,0.997,-0.000,-0.000,-0.077,-0.336,-0.299,3.315,-0.382,2.632,3.176,2.450,0.590,-0.202,0.000,0.003,0.000,-0.716,0.028,-0.009,15.120,-0.021,11.910,14.492,11.088
-6.860,-1.037,-0.001,0.997,-0.000,-0.000,-0.081,-0.336,-0.299,3.467,-0.382,2.752,3.322,2.561,0.597,-0.210,0.001,-0.001,0.001,-0.727,0.058,0.004,15.333,0.020,12.073,14.694,11.236
-6.854,-1.039,-0.001,0.996,-0.000,-0.000,-0.084,-0.335,-0.299,3.622,-0.381,2.874,3.470,2.675,0.603,-0.217,0.001,-0.003,0.001,-0.737,0.049,0.006,15.540,0.029,12.232,14.891,11.383
-6.848,-1.041,-0.001,0.996,-0.000,-0.000,-0.088,-0.335,-0.299,3.778,-0.381,2.997,3.620,2.789,0.610,-0.224,0.001,-0.004,0.001,-0.747,0.028,0.004,15.741,0.027,12.387,15.083,11.526
-6.842,-1.043,-0.001,0.996,-0.000,-0.000,-0.092,-0.335,-0.299,3.937,-0.381,3.121,3.772,2.905,0.616,-0.231,0.001,-0.001,0.000,-0.756,0.010,0.002,15.935,0.021,12.538,15.270,11.667
-6.836,-1.046,-0.001,0.995,-0.000,-0.000,-0.096,-0.335,-0.299,4.097,-0.381,3.248,3.925,3.022,0.621,-0.239,0.001,0.004,-0.000,-0.765,-0.000,0.001,16.123,0.015,12.686,15.452,11.804
-6.829,-1.048,-0.001,0.995,-0.000,-0.000,-0.100,-0.335,-0.299,4.259,-0.381,3.375,4.081,3.141,0.627,-0.246,0.002,0.013,-0.002,-0.774,-0.002,-0.000,16.304,0.010,12.831,15.628,11.940
-6.823,-1.050,-0.001,0.995,-0.000,-0.000,-0.103,-0.335,-0.299,4.423,-0.380,3.504,4.238,3.261,0.632,-0.254,0.003,0.024,-0.003,-0.782,-0.001,-0.001,16.475,0.007,12.973,15.797,12.073
-6.817,-1.053,-0.001,0.994,0.000,-0.000,-0.107,-0.335,-0.299,4.588,-0.380,3.635,4.397,3.383,0.637,-0.261,0.005,0.037,-0.005,-0.791,-0.000,-0.002,16.635,0.005,13.114,15.957,12.204
-6.810,-1.056,-0.001,0.994,0.000,-0.000,-0.111,-0.335,-0.299,4.756,-0.380,3.766,4.557,3.505,0.642,-0.269,0.006,0.050,-0.007,-0.800,0.000,-0.003,16.784,0.003,13.252,16.108,12.335
-6.804,-1.058,-0.001,0.993,0.001,-0.000,-0.115,-0.335,-0.299,4.924,-0.380,3.900,4.719,3.629,0.646,-0.277,0.008,0.063,-0.009,-0.809,0.000,-0.004,16.921,0.002,13.389,16.249,12.465
-6.798,-1.061,-0.001,0.993,0.001,-0.001,-0.119,-0.335,-0.299,5.094,-0.380,4.034,4.882,3.755,0.651,-0.285,0.010,0.073,-0.010,-0.817,-0.000,-0.005,17.047,0.001,13.524,16.378,12.595
-6.791,-1.064,-0.001,0.992,0.001,-0.001,-0.123,-0.335,-0.300,5.265,-0.380,4.170,5.046,3.881,0.655,-0.293,0.011,0.079,-0.011,-0.826,-0.001,-0.005,17.162,0.000,13.657,16.498,12.723
-6.784,-1.067,-0.001,0.992,0.002,-0.001,-0.128,-0.335,-0.300,5.437,-0.380,4.307,5.212,4.009,0.659,-0.302,0.013,0.079,-0.011,-0.835,-0.001,-0.005,17.269,-0.000,13.786,16.608,12.849
-6.778,-1.070,-0.001,0.991,0.002,-0.001,-0.132,-0.335,-0.300,5.610,-0.380,4.446,5.378,4.138,0.663,-0.310,0.013,0.072,-0.010,-0.843,-0.001,-0.004,17.371,-0.001,13.911,16.710,12.972
-6.771,-1.073,-0.000,0.991,0.002,-0.001,-0.136,-0.335,-0.300,5.785,-0.380,4.586,5.546,4.268,0.667,-0.319,0.014,0.058,-0.009,-0.851,-0.001,-0.003,17.470,-0.001,14.029,16.807,13.090
-6.764,-1.077,-0.000,0.990,0.003,-0.001,-0.140,-0.335,-0.300,5.960,-0.380,4.726,5.714,4.400,0.671,-0.328,0.013,0.037,-0.007,-0.859,-0.000,-0.002,17.570,-0.000,14.140,16.901,13.201
-6.758,-1.080,-0.000,0.990,0.003,-0.001,-0.144,-0.335,-0.300,6.136,-0.380,4.868,5.884,4.532,0.674,-0.337,0.012,0.009,-0.004,-0.867,0.000,-0.000,17.673,-0.000,14.242,16.995,13.304
-6.751,-1.083,-0.000,0.989,0.003,-0.001,-0.149,-0.335,-0.300,6.313,-0.380,5.011,6.054,4.666,0.677,-0.346,0.010,-0.023,-0.001,-0.874,0.001,0.002,17.784,0.000,14.333,17.091,13.397
-6.744,-1.087,-0.000,0.988,0.002,-0.001,-0.153,-0.335,-0.300,6.492,-0.380,5.155,6.226,4.800,0.679,-0.354,0.008,-0.058,0.003,-0.880,0.001,0.005,17.902,0.000,14.413,17.193,13.478
-6.737,-1.090,0.000,0.988,0.002,-0.001,-0.157,-0.335,-0.300,6.671,-0.380,5.299,6.398,4.935,0.681,-0.363,0.006,-0.092,0.007,-0.886,0.002,0.007,18.030,0.001,14.481,17.301,13.546
-6.731,-1.094,0.000,0.987,0.002,-0.001,-0.162,-0.335,-0.299,6.852,-0.380,5.444,6.572,5.071,0.682,-0.371,0.003,-0.125,0.011,-0.891,0.002,0.010,18.168,0.001,14.538,17.417,13.601
-6.724,-1.098,0.000,0.986,0.001,-0.001,-0.166,-0.335,-0.299,7.035,-0.380,5.590,6.747,5.207,0.683,-0.380,0.000,-0.151,0.014,-0.896,0.002,0.013,18.315,0.001,14.584,17.541,13.644
-6.717,-1.102,0.000,0.985,0.000,-0.000,-0.171,-0.335,-0.299,7.219,-0.380,5.736,6.923,5.344,0.683,-0.388,-0.002,-0.168,0.017,-0.900,0.003,0.018,18.469,0.001,14.622,17.673,13.675
-6.710,-1.106,0.000,0.985,-0.001,-0.000,-0.175,-0.335,-0.299,7.404,-0.380,5.883,7.100,5.481,0.683,-0.396,-0.005,-0.175,0.018,-0.903,0.003,0.023,18.629,0.001,14.654,17.810,13.697
-6.703,-1.110,0.000,0.984,-0.002,0.000,-0.179,-0.335,-0.299,7.591,-0.380,6.029,7.279,5.618,0.682,-0.404,-0.006,-0.170,0.018,-0.906,0.002,0.023,18.789,0.001,14.682,17.950,13.711
-6.696,-1.114,-0.000,0.983,-0.002,0.000,-0.184,-0.335,-0.299,7.780,-0.380,6.176,7.459,5.755,0.681,-0.411,-0.007,-0.155,0.017,-0.910,0.001,0.017,18.946,0.000,14.708,18.090,13.722
-6.690,-1.118,-0.000,0.982,-0.003,0.001,-0.188,-0.335,-0.298,7.970,-0.380,6.323,7.641,5.892,0.680,-0.419,-0.008,-0.130,0.016,-0.913,0.000,0.013,19.094,0.000,14.735,18.226,13.731
-6.683,-1.122,-0.000,0.981,-0.004,0.001,-0.193,-0.335,-0.298,8.162,-0.380,6.471,7.824,6.030,0.678,-0.426,-0.008,-0.098,0.016,-0.916,0.001,0.009,19.229,0.001,14.766,18.355,13.743
-6.676,-1.126,-0.000,0.980,-0.004,0.001,-0.197,-0.335,-0.298,8.355,-0.380,6.619,8.008,6.167,0.676,-0.433,-0.008,-0.063,0.017,-0.919,0.001,0.005,19.351,0.001,14.804,18.474,13.760
-6.669,-1.131,-0.000,0.979,-0.004,0.001,-0.202,-0.335,-0.298,8.549,-0.380,6.767,8.193,6.305,0.674,-0.441,-0.008,-0.025,0.017,-0.922,0.001,0.003,19.459,0.001,14.851,18.580,13.785
-6.663,-1.135,-0.000,0.978,-0.004,0.001,-0.206,-0.335,-0.298,8.744,-0.380,6.916,8.379,6.443,0.671,-0.448,-0.008,0.011,0.018,-0.925,0.000,0.000,19.553,0.001,14.908,18.674,13.819
-6.656,-1.140,-0.001,0.977,-0.004,0.001,-0.211,-0.335,-0.298,8.940,-0.380,7.065,8.566,6.581,0.669,-0.456,-0.008,0.043,0.019,-0.929,0.000,-0.001,19.635,0.001,14.976,18.755,13.863
-6.649,-1.144,-0.001,0.976,-0.004,0.001,-0.216,-0.335,-0.298,9.136,-0.380,7.215,8.754,6.720,0.667,-0.463,-0.008,0.068,0.020,-0.932,-0.000,-0.003,19.709,0.001,15.054,18.825,13.918
-6.643,-1.149,-0.001,0.975,-0.003,0.001,-0.220,-0.335,-0.298,9.334,-0.380,7.366,8.943,6.860,0.664,-0.471,-0.008,0.085,0.019,-0.936,-0.000,-0.004,19.778,0.001,15.142,18.886,13.983
-6.636,-1.154,-0.001,0.974,-0.003,0.001,-0.225,-0.335,-0.298,9.532,-0.380,7.518,9.132,7.000,0.662,-0.479,-0.008,0.094,0.016,-0.939,-0.001,-0.004,19.843,0.001,15.237,18.941,14.056
-6.629,-1.158,-0.001,0.973,-0.002,0.001,-0.229,-0.335,-0.298,9.731,-0.380,7.671,9.322,7.141,0.659,-0.486,-0.008,0.095,0.011,-0.942,-0.001,-0.005,19.906,0.000,15.335,18.993,14.137
-6.623,-1.163,-0.001,0.972,-0.002,0.001,-0.234,-0.335,-0.298,9.930,-0.380,7.825,9.512,7.283,0.657,-0.494,-0.008,0.091,0.004,-0.945,-0.001,-0.005,19.968,-0.000,15.434,19.044,14.223
-6.616,-1.168,-0.001,0.971,-0.002,0.001,-0.238,-0.335,-0.298,10.130,-0.380,7.980,9.703,7.425,0.654,-0.502,-0.008,0.085,-0.004,-0.948,-0.001,-0.006,20.026,-0.000,15.530,19.097,14.312
-6.610,-1.173,-0.001,0.970,-0.001,0.001,-0.243,-0.335,-0.299,10.331,-0.380,8.135,9.894,7.569,0.651,-0.510,-0.006,0.078,-0.013,-0.951,-0.001,-0.006,20.081,-0.000,15.621,19.152,14.401
-6.603,-1.179,-0.001,0.969,-0.001,0.001,-0.248,-0.335,-0.299,10.532,-0.380,8.292,10.086,7.713,0.648,-0.517,-0.005,0.073,-0.021,-0.954,-0.001,-0.007,20.128,-0.001,15.704,19.208,14.490
-6.597,-1.184,-0.001,0.968,-0.000,0.000,-0.252,-0.335,-0.299,10.733,-0.380,8.450,10.278,7.859,0.645,-0.525,-0.002,0.072,-0.029,-0.957,-0.001,-0.008,20.165,-0.001,15.779,19.264,14.578
-6.590,-1.189,-0.001,0.966,-0.000,0.000,-0.257,-0.335,-0.299,10.935,-0.380,8.608,10.471,8.005,0.642,-0.532,0.001,0.074,-0.034,-0.960,-0.001,-0.008,20.191,-0.001,15.846,19.318,14.662
-6.584,-1.194,-0.001,0.965,0.000,-0.000,-0.262,-0.335,-0.299,11.137,-0.380,8.766,10.664,8.152,0.639,-0.540,0.004,0.080,-0.036,-0.963,-0.001,-0.009,20.204,-0.001,15.906,19.366,14.742
-6.578,-1.200,-0.001,0.964,0.001,-0.000,-0.266,-0.335,-0.299,11.339,-0.380,8.926,10.858,8.300,0.636,-0.548,0.007,0.088,-0.035,-0.967,-0.001,-0.009,20.205,-0.001,15.962,19.405,14.819
-6.571,-1.205,-0.001,0.963,0.001,-0.001,-0.271,-0.335,-0.299,11.541,-0.380,9.086,11.052,8.448,0.633,-0.556,0.010,0.095,-0.031,-0.971,-0.001,-0.010,20.195,-0.001,16.016,19.434,14.892
-6.565,-1.211,-0.001,0.961,0.001,-0.001,-0.276,-0.335,-0.299,11.743,-0.380,9.246,11.247,8.598,0.630,-0.564,0.012,0.100,-0.023,-0.975,-0.001,-0.009,20.180,-0.001,16.069,19.450,14.960
-6.559,-1.217,-0.001,0.960,0.002,-0.001,-0.280,-0.335,-0.299,11.945,-0.380,9.407,11.441,8.748,0.627,-0.572,0.013,0.100,-0.012,-0.980,-0.001,-0.009,20.163,-0.001,16.123,19.455,15.024
-6.552,-1.222,-0.001,0.959,0.002,-0.001,-0.285,-0.335,-0.299,12.146,-0.380,9.569,11.636,8.898,0.623,-0.581,0.012,0.094,-0.000,-0.984,-0.001,-0.007,20.151,-0.001,16.181,19.450,15.084
-6.546,-1.228,-0.001,0.957,0.003,-0.001,-0.290,-0.335,-0.299,12.348,-0.380,9.731,11.830,9.049,0.620,-0.589,0.011,0.081,0.011,-0.988,-0.001,-0.005,20.148,-0.001,16.241,19.438,15.140
-6.540,-1.234,-0.000,0.956,0.003,-0.001,-0.294,-0.335,-0.299,12.549,-0.380,9.893,12.025,9.201,0.616,-0.598,0.008,0.060,0.021,-0.991,-0.000,-0.003,20.159,-0.001,16.302,19.425,15.191
-6.534,-1.240,-0.000,0.954,0.003,-0.001,-0.299,-0.335,-0.299,12.751,-0.380,10.057,12.219,9.353,0.612,-0.606,0.005,0.033,0.027,-0.994,0.000,0.000,20.188,-0.001,16.364,19.415,15.237
-6.528,-1.246,-0.000,0.953,0.003,-0.001,-0.304,-0.335,-0.299,12.953,-0.380,10.221,12.413,9.506,0.608,-0.614,0.001,0.001,0.030,-0.996,0.001,0.004,20.235,-0.000,16.422,19.414,15.278
-6.522,-1.252,-0.000,0.951,0.003,-0.001,-0.309,-0.335,-0.299,13.156,-0.380,10.385,12.607,9.659,0.603,-0.622,-0.003,-0.034,0.027,-0.998,0.001,0.007,20.300,0.000,16.473,19.425,15.312
-6.516,-1.259,-0.000,0.950,0.003,-0.001,-0.313,-0.335,-0.299,13.359,-0.380,10.550,12.802,9.812,0.598,-0.629,-0.006,-0.069,0.021,-0.998,0.002,0.010,20.380,0.000,16.515,19.453,15.341
-6.510,-1.265,-0.000,0.948,0.003,-0.001,-0.318,-0.335,-0.299,13.563,-0.380,10.715,12.996,9.965,0.593,-0.636,-0.008,-0.101,0.011,-0.998,0.002,0.012,20.472,0.000,16.543,19.497,15.363
-6.504,-1.271,-0.001,0.946,0.002,-0.000,-0.323,-0.335,-0.299,13.769,-0.380,10.881,13.192,10.119,0.587,-0.642,-0.009,-0.127,-0.001,-0.997,0.002,0.015,20.571,0.001,16.555,19.560,15.379
-6.498,-1.278,-0.001,0.945,0.002,-0.000,-0.328,-0.335,-0.299,13.975,-0.380,11.046,13.388,10.273,0.582,-0.649,-0.009,-0.146,-0.015,-0.996,0.001,0.016,20.672,0.000,16.551,19.639,15.388
-6.492,-1.284,-0.001,0.943,0.001,-0.000,-0.332,-0.335,-0.299,14.182,-0.380,11.212,13.584,10.427,0.575,-0.655,-0.008,-0.155,-0.029,-0.995,0.001,0.013,20.769,0.000,16.530,19.730,15.390
-6.486,-1.291,-0.001,0.942,0.000,0.000,-0.337,-0.335,-0.299,14.390,-0.380,11.377,13.782,10.581,0.569,-0.660,-0.006,-0.156,-0.039,-0.995,0.000,0.011,20.856,-0.000,16.494,19.829,15.386
-6.481,-1.298,-0.001,0.940,-0.001,0.000,-0.342,-0.335,-0.298,14.599,-0.380,11.542,13.981,10.734,0.563,-0.666,-0.003,-0.150,-0.045,-0.994,0.000,0.009,20.930,-0.000,16.446,19.930,15.375
-6.475,-1.304,-0.001,0.938,-0.001,0.000,-0.346,-0.335,-0.298,14.809,-0.380,11.706,14.181,10.888,0.556,-0.672,0.000,-0.138,-0.044,-0.995,0.000,0.006,20.988,-0.001,16.390,20.028,15.357
-6.470,-1.311,-0.001,0.936,-0.002,0.000,-0.351,-0.335,-0.298,15.019,-0.380,11.869,14.382,11.042,0.550,-0.677,0.003,-0.123,-0.037,-0.996,0.000,0.004,21.033,-0.001,16.330,20.118,15.334
-6.464,-1.318,-0.001,0.935,-0.003,0.000,-0.356,-0.335,-0.298,15.229,-0.380,12.032,14.583,11.195,0.543,-0.683,0.006,-0.107,-0.024,-0.997,0.000,0.002,21.068,-0.001,16.272,20.197,15.306
-6.459,-1.325,-0.001,0.933,-0.003,0.000,-0.360,-0.042,-0.096,15.443,-0.082,12.191,14.786,11.348,0.555,-0.679,0.014,-0.040,-0.057,-0.904,50.123,36.999,21.527,51.369,15.619,20.212,15.566
-6.453,-1.331,-0.000,0.932,-0.003,-0.001,-0.363,0.417,0.298,15.655,0.389,12.349,14.985,11.509,0.617,-0.617,0.056,0.068,-0.250,-0.360,32.230,32.837,20.624,34.756,16.157,19.452,16.665
-6.446,-1.337,0.000,0.932,-0.003,-0.002,-0.364,0.499,0.396,15.859,0.544,12.515,15.172,11.679,0.641,-0.550,0.067,0.037,-0.250,0.099,-14.954,-15.089,20.401,-3.200,16.748,18.163,17.189
-6.440,-1.342,0.001,0.932,-0.004,-0.003,-0.363,0.186,0.056,16.063,0.363,12.682,15.350,11.852,0.640,-0.548,0.010,-0.056,0.036,0.165,-40.941,-44.939,20.388,-28.688,16.825,17.531,17.346
-6.434,-1.348,0.001,0.932,-0.004,-0.002,-0.362,-0.133,-0.299,16.267,0.101,12.851,15.525,12.025,0.626,-0.553,-0.046,-0.120,0.354,0.085,-16.615,-20.399,20.435,-17.742,16.863,17.332,17.094
-6.428,-1.354,0.000,0.932,-0.004,0.000,-0.362,-0.084,-0.306,16.470,0.106,13.019,15.699,12.194,0.615,-0.574,-0.038,-0.102,0.274,-0.066,23.218,16.627,20.153,16.940,16.742,17.632,16.854
-6.421,-1.359,-0.000,0.932,-0.004,0.001,-0.363,0.209,-0.046,16.668,0.332,13.186,15.877,12.363,0.629,-0.582,0.020,-0.067,-0.118,-0.057,28.233,29.165,19.531,22.302,16.726,17.900,17.067
-6.415,-1.365,0.000,0.932,-0.004,0.000,-0.363,0.359,0.147,16.860,0.457,13.354,16.055,12.536,0.652,-0.564,0.015,0.007,-0.103,0.131,0.413,6.507,18.773,1.412,16.976,17.653,17.474
-6.408,-1.371,0.000,0.932,-0.004,0.000,-0.362,0.233,0.071,17.044,0.366,13.525,16.231,12.713,0.670,-0.555,-0.010,0.085,0.038,0.257,-22.208,-18.527,18.075,-17.257,17.066,17.511,17.883
-6.402,-1.376,0.000,0.933,-0.004,0.000,-0.361,0.018,-0.117,17.223,0.178,13.696,16.407,12.891,0.652,-0.576,-0.022,0.097,0.104,0.085,-16.285,-14.542,17.969,-16.644,17.141,17.822,17.663
-6.395,-1.382,-0.000,0.933,-0.003,0.001,-0.361,-0.022,-0.155,17.405,0.106,13.867,16.588,13.065,0.613,-0.608,-0.021,0.129,0.095,-0.223,7.953,6.856,18.325,2.541,17.212,18.309,16.981
-6.389,-1.388,-0.000,0.932,-0.002,0.000,-0.362,0.128,-0.011,17.589,0.198,14.040,16.772,13.234,0.618,-0.609,-0.002,0.127,-0.034,-0.214,17.988,18.601,18.335,12.561,17.213,18.430,17.026
-6.383,-1.394,-0.000,0.932,-0.002,-0.000,-0.363,0.254,0.141,17.770,0.289,14.212,16.954,13.407,0.647,-0.581,-0.004,0.207,-0.015,0.029,5.353,9.355,17.903,4.101,17.371,18.088,17.560
-6.376,-1.400,-0.000,0.932,-0.001,-0.001,-0.362,0.220,0.145,17.947,0.264,14.389,17.132,13.585,0.674,-0.546,-0.001,0.203,-0.030,0.292,-10.683,-7.381,17.466,-8.199,17.821,17.467,18.140
-6.370,-1.405,-0.000,0.933,-0.000,-0.001,-0.360,0.093,0.042,18.120,0.158,14.568,17.305,13.768,0.676,-0.545,-0.000,0.154,-0.035,0.309,-11.783,-10.345,17.292,-10.842,18.069,17.277,18.350
-6.363,-1.411,-0.000,0.933,0.001,-0.001,-0.359,0.037,-0.010,18.293,0.093,14.749,17.479,13.951,0.663,-0.562,0.003,0.125,-0.045,0.176,1.146,0.683,17.281,-1.381,18.131,17.457,18.250
-6.356,-1.417,-0.000,0.933,0.001,-0.002,-0.359,0.105,0.052,18.465,0.129,14.931,17.654,14.134,0.660,-0.568,0.003,0.124,-0.027,0.122,10.334,10.047,17.193,7.050,18.210,17.548,18.233
-6.350,-1.422,-0.000,0.934,0.002,-0.002,-0.358,0.193,0.147,18.636,0.193,15.114,17.829,14.317,0.674,-0.553,-0.001,0.146,0.013,0.237,5.558,7.193,16.976,4.438,18.390,17.292,18.510
-6.343,-1.428,-0.000,0.934,0.002,-0.002,-0.356,0.195,0.169,18.805,0.199,15.299,17.999,14.504,0.689,-0.533,-0.002,0.139,0.042,0.381,-4.506,-2.613,16.830,-3.077,18.629,16.897,18.837
-6.336,-1.433,-0.000,0.935,0.003,-0.002,-0.354,0.127,0.115,18.973,0.146,15.486,18.167,14.693,0.693,-0.528,-0.002,0.092,0.053,0.409,-7.440,-6.580,16.802,-6.220,18.789,16.732,18.989
-6.329,-1.438,-0.000,0.936,0.003,-0.002,-0.353,0.081,0.071,19.141,0.102,15.674,18.335,14.883,0.689,-0.536,-0.002,0.042,0.056,0.345,-1.150,-1.427,16.830,-1.971,18.873,16.805,18.962
-6.322,-1.444,-0.000,0.936,0.004,-0.002,-0.351,0.106,0.092,19.310,0.113,15.864,18.503,15.072,0.688,-0.540,-0.003,0.007,0.061,0.304,5.289,4.863,16.826,3.507,18.990,16.876,18.936
-6.315,-1.449,-0.000,0.937,0.004,-0.002,-0.350,0.159,0.146,19.478,0.152,16.054,18.672,15.262,0.696,-0.532,-0.004,-0.011,0.064,0.350,4.181,4.721,16.805,3.335,19.162,16.780,19.036
-6.308,-1.454,-0.000,0.938,0.004,-0.001,-0.348,0.173,0.168,19.646,0.166,16.247,18.839,15.453,0.705,-0.522,-0.005,-0.031,0.061,0.420,-1.390,-0.388,16.822,-0.615,19.318,16.622,19.185
-6.301,-1.459,-0.001,0.938,0.004,-0.001,-0.346,0.141,0.144,19.815,0.143,16.441,19.005,15.646,0.710,-0.518,-0.007,-0.061,0.051,0.439,-4.161,-3.607,16.902,-3.210,19.395,16.588,19.265
-6.294,-1.465,-0.001,0.939,0.003,-0.001,-0.344,0.110,0.114,19.984,0.117,16.635,19.171,15.838,0.710,-0.522,-0.008,-0.089,0.036,0.403,-1.592,-1.804,17.033,-1.692,19.405,16.702,19.249
-6.287,-1.470,-0.001,0.940,0.003,-0.000,-0.342,0.114,0.114,20.155,0.116,16.829,19.339,16.031,0.710,-0.525,-0.008,-0.104,0.018,0.369,2.146,1.580,17.175,1.276,19.406,16.845,19.216
-6.280,-1.475,-0.001,0.940,0.002,-0.000,-0.340,0.141,0.138,20.328,0.134,17.023,19.508,16.223,0.714,-0.522,-0.008,-0.109,-0.002,0.377,2.509,2.517,17.277,1.921,19.446,16.918,19.245
-6.273,-1.480,-0.001,0.941,0.002,0.000,-0.338,0.154,0.154,20.501,0.146,17.218,19.677,16.416,0.721,-0.516,-0.006,-0.113,-0.022,0.410,0.080,0.535,17.333,0.399,19.518,16.937,19.322
-6.265,-1.485,-0.001,0.942,0.001,0.000,-0.336,0.144,0.148,20.674,0.141,17.413,19.847,16.609,0.726,-0.512,-0.004,-0.122,-0.039,0.431,-1.820,-1.437,17.386,-1.252,19.561,16.984,19.386
-6.258,-1.491,-0.001,0.942,0.001,0.000,-0.334,0.127,0.133,20.849,0.128,17.609,20.017,16.803,0.729,-0.511,-0.001,-0.134,-0.051,0.421,-1.252,-1.197,17.478,-1.111,19.525,17.106,19.399
-6.251,-1.496,-0.001,0.943,-0.000,0.000,-0.332,0.123,0.128,21.024,0.123,17.803,20.189,16.997,0.730,-0.512,0.001,-0.140,-0.056,0.401,0.459,0.249,17.595,0.113,19.437,17.263,19.381
-6.243,-1.501,-0.001,0.944,-0.001,0.000,-0.331,0.133,0.136,21.200,0.129,17.997,20.362,17.191,0.733,-0.511,0.004,-0.137,-0.054,0.396,1.225,1.147,17.684,0.833,19.361,17.390,19.369
-6.236,-1.506,-0.001,0.944,-0.002,0.000,-0.329,0.142,0.146,21.377,0.135,18.191,20.536,17.385,0.738,-0.507,0.006,-0.129,-0.045,0.409,0.485,0.621,17.719,0.407,19.331,17.469,19.376
-6.229,-1.511,-0.001,0.945,-0.002,0.000,-0.327,0.141,0.147,21.555,0.136,18.384,20.711,17.578,0.743,-0.504,0.008,-0.118,-0.030,0.423,-0.501,-0.305,17.733,-0.281,19.317,17.532,19.377
-6.221,-1.516,-0.001,0.946,-0.003,0.000,-0.325,0.135,0.142,21.732,0.131,18.577,20.887,17.772,0.746,-0.501,0.008,-0.105,-0.012,0.425,-0.690,-0.596,17.766,-0.546,19.284,17.608,19.351
-6.214,-1.521,-0.001,0.946,-0.003,0.000,-0.323,0.130,0.138,21.910,0.127,18.770,21.064,17.965,0.749,-0.501,0.008,-0.086,0.008,0.418,-0.175,-0.214,17.825,-0.222,19.234,17.694,19.301
-6.206,-1.526,-0.001,0.947,-0.004,0.000,-0.321,0.131,0.138,22.089,0.127,18.962,21.241,18.158,0.752,-0.499,0.006,-0.062,0.026,0.412,0.320,0.218,17.888,0.155,19.200,17.767,19.248
-6.199,-1.531,-0.000,0.948,-0.004,0.001,-0.319,0.135,0.141,22.268,0.129,19.154,21.419,18.350,0.756,-0.497,0.004,-0.033,0.041,0.412,0.307,0.270,17.937,0.195,19.206,17.814,19.206
-6.191,-1.536,-0.000,0.948,-0.004,0.001,-0.317,0.137,0.143,22.447,0.130,19.346,21.597,18.542,0.760,-0.494,0.001,-0.002,0.049,0.415,0.066,0.096,17.977,0.070,19.247,17.842,19.178
-6.184,-1.541,-0.000,0.949,-0.004,0.001,-0.315,0.136,0.143,22.627,0.130,19.539,21.776,18.734,0.763,-0.492,-0.002,0.028,0.051,0.418,-0.089,-0.037,18.015,-0.019,19.308,17.860,19.164
-6.176,-1.546,-0.000,0.950,-0.003,0.001,-0.313,0.135,0.142,22.808,0.130,19.732,21.954,18.925,0.766,-0.489,-0.005,0.058,0.047,0.418,-0.096,-0.057,18.052,-0.053,19.384,17.874,19.164
-6.168,-1.551,-0.001,0.950,-0.003,0.001,-0.311,0.135,0.142,22.988,0.130,19.926,22.133,19.117,0.769,-0.487,-0.007,0.084,0.035,0.416,-0.039,-0.026,18.085,-0.028,19.471,17.886,19.182
-6.160,-1.556,-0.001,0.951,-0.002,0.001,-0.309,0.134,0.142,23.169,0.129,20.122,22.312,19.309,0.772,-0.484,-0.009,0.107,0.018,0.415,-0.005,-0.012,18.108,-0.014,19.567,17.896,19.221
-6.153,-1.560,-0.001,0.952,-0.002,0.001,-0.307,0.135,0.142,23.350,0.129,20.318,22.491,19.502,0.775,-0.481,-0.009,0.123,-0.003,0.413,0.008,-0.007,18.115,-0.008,19.665,17.903,19.281
-6.145,-1.565,-0.001,0.952,-0.001,0.001,-0.305,0.135,0.142,23.532,0.129,20.515,22.670,19.695,0.777,-0.479,-0.008,0.133,-0.024,0.412,0.009,-0.005,18.105,-0.006,19.761,17.908,19.359
-6.137,-1.570,-0.001,0.953,-0.001,0.001,-0.303,0.135,0.142,23.712,0.129,20.713,22.849,19.889,0.779,-0.476,-0.006,0.137,-0.043,0.411,0.005,-0.005,18.077,-0.006,19.847,17.910,19.451
-6.129,-1.575,-0.001,0.954,-0.000,0.000,-0.301,0.135,0.141,23.893,0.129,20.912,23.028,20.084,0.782,-0.473,-0.003,0.137,-0.056,0.410,0.001,-0.005,18.032,-0.006,19.919,17.906,19.552
-6.122,-1.579,-0.001,0.954,0.000,-0.000,-0.299,0.135,0.141,24.073,0.129,21.111,23.207,20.280,0.784,-0.470,-0.000,0.133,-0.061,0.410,-0.002,-0.005,17.972,-0.006,19.976,17.897,19.655
-6.114,-1.584,-0.001,0.955,0.001,-0.001,-0.297,0.135,0.141,24.252,0.129,21.311,23.386,20.477,0.786,-0.467,0.003,0.127,-0.058,0.410,-0.003,-0.004,17.901,-0.005,20.019,17.879,19.754
-6.106,-1.589,-0.001,0.955,0.001,-0.001,-0.295,0.135,0.141,24.431,0.129,21.512,23.565,20.675,0.788,-0.464,0.005,0.117,-0.047,0.410,-0.003,-0.004,17.827,-0.005,20.050,17.853,19.846
-6.098,-1.593,-0.001,0.956,0.002,-0.001,-0.293,0.135,0.141,24.609,0.129,21.712,23.743,20.874,0.790,-0.461,0.007,0.105,-0.030,0.410,-0.002,-0.004,17.756,-0.005,20.074,17.817,19.927
-6.090,-1.598,-0.001,0.957,0.002,-0.002,-0.291,0.135,0.141,24.786,0.129,21.913,23.921,21.074,0.793,-0.458,0.008,0.091,-0.009,0.411,-0.002,-0.003,17.692,-0.005,20.097,17.774,19.994
-6.082,-1.603,-0.001,0.957,0.003,-0.002,-0.289,0.135,0.141,24.963,0.129,22.114,24.099,21.274,0.795,-0.455,0.008,0.076,0.012,0.412,-0.002,-0.002,17.643,-0.006,20.121,17.724,20.047
-6.074,-1.607,-0.001,0.958,0.003,-0.002,-0.287,0.135,0.141,25.139,0.129,22.316,24.276,21.474,0.798,-0.453,0.007,0.058,0.031,0.414,-0.001,-0.001,17.612,-0.006,20.149,17.673,20.087
-6.066,-1.612,-0.000,0.958,0.003,-0.002,-0.285,0.135,0.141,25.315,0.129,22.517,24.452,21.675,0.801,-0.450,0.006,0.038,0.045,0.415,-0.001,-0.000,17.602,-0.007,20.182,17.623,20.117
-6.058,-1.616,-0.000,0.959,0.004,-0.002,-0.283,0.135,0.141,25.491,0.129,22.719,24.628,21.877,0.804,-0.447,0.004,0.017,0.053,0.416,-0.001,0.001,17.613,-0.007,20.218,17.579,20.140
-6.050,-1.621,-0.000,0.960,0.004,-0.001,-0.281,0.135,0.141,25.668,0.128,22.922,24.804,22.078,0.807,-0.444,0.001,-0.008,0.054,0.418,-0.000,0.002,17.644,-0.006,20.255,17.545,20.156
-6.042,-1.625,-0.000,0.960,0.004,-0.001,-0.279,0.135,0.141,25.844,0.128,23.124,24.979,22.280,0.810,-0.442,-0.001,-0.035,0.048,0.419,0.000,0.003,17.693,-0.006,20.285,17.525,20.169
-6.034,-1.629,-0.000,0.961,0.004,-0.001,-0.277,0.135,0.141,26.021,0.128,23.327,25.154,22.482,0.813,-0.439,-0.003,-0.065,0.037,0.421,0.001,0.004,17.757,-0.005,20.306,17.523,20.179
-6.026,-1.634,-0.000,0.961,0.003,-0.001,-0.275,0.135,0.141,26.199,0.128,23.530,25.330,22.683,0.816,-0.436,-0.003,-0.094,0.022,0.422,0.001,0.005,17.831,-0.004,20.311,17.539,20.185
-6.018,-1.638,-0.001,0.962,0.003,-0.000,-0.273,0.135,0.141,26.378,0.128,23.733,25.505,22.885,0.819,-0.433,-0.004,-0.123,0.006,0.423,0.001,0.007,17.913,-0.003,20.299,17.576,20.186
-6.009,-1.642,-0.001,0.963,0.002,-0.000,-0.271,0.135,0.141,26.558,0.128,23.936,25.681,23.087,0.821,-0.430,-0.003,-0.147,-0.010,0.424,0.002,0.007,17.999,-0.002,20.269,17.631,20.180
-6.001,-1.647,-0.001,0.963,0.001,-0.000,-0.269,0.135,0.142,26.738,0.128,24.139,25.858,23.289,0.824,-0.427,-0.002,-0.165,-0.023,0.426,0.002,0.008,18.083,-0.002,20.222,17.703,20.166
-5.993,-1.651,-0.001,0.964,0.000,0.000,-0.267,0.135,0.142,26.919,0.128,24.341,26.035,23.490,0.827,-0.424,-0.000,-0.175,-0.030,0.427,0.001,0.008,18.165,-0.001,20.161,17.787,20.140
-5.985,-1.655,-0.001,0.964,-0.001,0.000,-0.265,0.135,0.142,27.101,0.128,24.542,26.214,23.692,0.829,-0.421,0.001,-0.176,-0.031,0.428,0.001,0.008,18.239,-0.001,20.093,17.878,20.100
-5.976,-1.659,-0.001,0.965,-0.001,0.000,-0.263,0.135,0.142,27.284,0.128,24.743,26.393,23.892,0.832,-0.417,0.002,-0.167,-0.027,0.429,0.001,0.008,18.306,-0.000,20.023,17.971,20.048
-5.968,-1.663,-0.001,0.965,-0.002,0.000,-0.261,0.135,0.142,27.467,0.128,24.942,26.573,24.093,0.834,-0.414,0.003,-0.148,-0.017,0.430,0.001,0.007,18.363,0.000,19.958,18.061,19.985
-5.960,-1.668,-0.000,0.966,-0.003,0.000,-0.259,0.135,0.142,27.651,0.128,25.142,26.754,24.292,0.837,-0.410,0.003,-0.120,-0.005,0.430,0.001,0.006,18.411,0.001,19.904,18.143,19.915
-5.951,-1.672,-0.000,0.966,-0.003,0.001,-0.257,0.135,0.142,27.836,0.128,25.341,26.936,24.491,0.839,-0.407,0.002,-0.085,0.010,0.430,0.000,0.004,18.450,0.002,19.867,18.211,19.844
-5.943,-1.676,-0.000,0.967,-0.004,0.001,-0.255,0.135,0.142,28.020,0.128,25.539,27.118,24.689,0.841,-0.403,0.001,-0.047,0.023,0.430,0.000,0.003,18.482,0.002,19.850,18.264,19.777
-5.934,-1.680,-0.000,0.968,-0.004,0.001,-0.253,0.135,0.142,28.205,0.128,25.738,27.301,24.886,0.843,-0.400,-0.002,-0.009,0.034,0.429,0.000,0.001,18.509,0.002,19.857,18.300,19.720
-5.926,-1.684,-0.000,0.968,-0.004,0.001,-0.251,0.135,0.142,28.390,0.128,25.936,27.484,25.083,0.845,-0.396,-0.004,0.029,0.040,0.428,-0.000,-0.001,18.531,0.003,19.886,18.321,19.680
-5.917,-1.688,-0.001,0.969,-0.003,0.001,-0.248,0.135,0.142,28.576,0.128,26.135,27.667,25.280,0.846,-0.393,-0.007,0.062,0.041,0.426,-0.001,-0.002,18.549,0.002,19.936,18.329,19.660
-5.909,-1.692,-0.001,0.969,-0.003,0.001,-0.246,0.135,0.142,28.761,0.128,26.335,27.851,25.477,0.848,-0.389,-0.009,0.088,0.035,0.425,-0.001,-0.003,18.563,0.002,20.002,18.326,19.661
-5.901,-1.695,-0.001,0.970,-0.002,0.001,-0.244,0.135,0.142,28.947,0.128,26.536,28.034,25.673,0.849,-0.385,-0.010,0.106,0.022,0.423,-0.001,-0.004,18.570,0.001,20.079,18.317,19.686
-5.892,-1.699,-0.001,0.970,-0.002,0.001,-0.242,0.135,0.142,29.133,0.128,26.737,28.217,25.870,0.851,-0.382,-0.011,0.114,0.004,0.422,-0.001,-0.005,18.570,0.001,20.160,18.305,19.731
-5.884,-1.703,-0.001,0.971,-0.001,0.001,-0.240,0.135,0.142,29.318,0.128,26.939,28.400,26.068,0.852,-0.378,-0.010,0.114,-0.016,0.420,-0.001,-0.005,18.559,0.001,20.237,18.292,19.794
-5.875,-1.707,-0.001,0.971,-0.001,0.001,-0.238,0.135,0.142,29.504,0.128,27.141,28.583,26.266,0.853,-0.374,-0.008,0.110,-0.036,0.419,-0.001,-0.005,18.535,0.000,20.303,18.281,19.869
-5.866,-1.711,-0.001,0.972,-0.000,0.001,-0.236,0.135,0.142,29.689,0.128,27.345,28.766,26.465,0.854,-0.371,-0.005,0.103,-0.052,0.418,-0.001,-0.005,18.496,0.000,20.354,18.271,19.952
-5.858,-1.714,-0.001,0.972,0.000,0.000,-0.234,0.135,0.142,29.874,0.128,27.548,28.948,26.665,0.855,-0.367,-0.002,0.096,-0.061,0.418,-0.000,-0.005,18.445,0.000,20.390,18.264,20.037
-5.849,-1.718,-0.001,0.973,0.000,-0.000,-0.232,0.135,0.142,30.058,0.128,27.752,29.131,26.866,0.856,-0.363,0.001,0.090,-0.064,0.417,-0.001,-0.005,18.381,0.000,20.411,18.256,20.119
-5.841,-1.722,-0.001,0.973,0.001,-0.001,-0.230,0.135,0.142,30.241,0.128,27.957,29.313,27.068,0.858,-0.360,0.004,0.085,-0.060,0.417,-0.001,-0.005,18.308,-0.001,20.422,18.246,20.194
-5.832,-1.725,-0.001,0.974,0.001,-0.001,-0.228,0.135,0.142,30.424,0.128,28.161,29.496,27.270,0.859,-0.356,0.006,0.081,-0.050,0.418,-0.001,-0.004,18.231,-0.001,20.427,18.231,20.259
-5.824,-1.729,-0.001,0.974,0.001,-0.001,-0.226,0.135,0.141,30.606,0.128,28.365,29.678,27.473,0.861,-0.353,0.008,0.079,-0.036,0.418,-0.001,-0.004,18.154,-0.002,20.430,18.208,20.314
-5.815,-1.732,-0.001,0.975,0.002,-0.002,-0.224,0.135,0.141,30.787,0.128,28.570,29.860,27.676,0.863,-0.349,0.010,0.077,-0.018,0.419,-0.001,-0.004,18.082,-0.004,20.436,18.178,20.359
-5.806,-1.736,-0.001,0.975,0.002,-0.002,-0.222,0.135,0.141,30.968,0.128,28.774,30.042,27.880,0.865,-0.346,0.010,0.074,-0.001,0.419,-0.001,-0.004,18.019,-0.005,20.446,18.139,20.395
-5.798,-1.739,-0.001,0.976,0.003,-0.002,-0.220,0.135,0.141,31.148,0.128,28.978,30.223,28.084,0.867,-0.343,0.010,0.068,0.015,0.420,-0.001,-0.003,17.971,-0.006,20.462,18.094,20.426
-5.789,-1.743,-0.001,0.976,0.003,-0.002,-0.218,0.135,0.141,31.327,0.128,29.183,30.403,28.289,0.870,-0.340,0.009,0.058,0.027,0.421,-0.001,-0.002,17.938,-0.006,20.482,18.043,20.451
-5.780,-1.746,-0.001,0.976,0.003,-0.002,-0.216,0.135,0.141,31.506,0.128,29.388,30.584,28.493,0.872,-0.336,0.008,0.040,0.034,0.423,-0.001,-0.001,17.923,-0.006,20.503,17.992,20.473
-5.772,-1.749,-0.000,0.977,0.003,-0.001,-0.214,0.135,0.141,31.686,0.128,29.593,30.763,28.698,0.875,-0.333,0.007,0.017,0.037,0.424,-0.000,-0.000,17.926,-0.006,20.519,17.944,20.492
-5.763,-1.753,-0.000,0.977,0.003,-0.001,-0.212,0.135,0.141,31.865,0.128,29.798,30.942,28.903,0.878,-0.330,0.006,-0.013,0.035,0.425,0.000,0.001,17.945,-0.005,20.525,17.903,20.505
-5.754,-1.756,-0.000,0.978,0.003,-0.001,-0.210,0.135,0.141,32.045,0.128,30.004,31.121,29.108,0.880,-0.327,0.004,-0.047,0.031,0.427,0.001,0.002,17.981,-0.004,20.518,17.875,20.511
-5.745,-1.759,-0.000,0.978,0.003,-0.001,-0.208,0.135,0.141,32.225,0.128,30.209,31.300,29.313,0.883,-0.324,0.003,-0.084,0.026,0.428,0.001,0.003,18.030,-0.003,20.496,17.861,20.506
-5.736,-1.762,-0.000,0.979,0.002,-0.001,-0.205,0.135,0.141,32.405,0.128,30.414,31.479,29.518,0.885,-0.320,0.002,-0.120,0.021,0.429,0.001,0.005,18.092,-0.001,20.459,17.865,20.489
-5.727,-1.765,-0.000,0.979,0.002,-0.000,-0.203,0.135,0.141,32.586,0.128,30.618,31.657,29.723,0.888,-0.317,0.001,-0.151,0.018,0.431,0.002,0.006,18.163,-0.000,20.411,17.889,20.457
-5.719,-1.769,-0.000,0.980,0.001,-0.000,-0.201,0.135,0.142,32.769,0.128,30.822,31.836,29.927,0.890,-0.313,0.001,-0.173,0.017,0.432,0.002,0.008,18.243,0.001,20.357,17.929,20.411
-5.710,-1.772,-0.000,0.980,0.000,0.000,-0.199,0.135,0.142,32.951,0.128,31.025,32.016,30.131,0.892,-0.309,-0.000,-0.184,0.017,0.434,0.002,0.008,18.329,0.002,20.301,17.985,20.349
-5.701,-1.775,-0.000,0.980,-0.001,0.000,-0.197,0.135,0.142,33.135,0.128,31.228,32.196,30.334,0.894,-0.305,-0.001,-0.180,0.018,0.435,0.002,0.009,18.418,0.002,20.250,18.051,20.275
-5.692,-1.778,-0.000,0.981,-0.002,0.001,-0.195,0.135,0.142,33.320,0.128,31.430,32.377,30.537,0.896,-0.302,-0.002,-0.162,0.018,0.436,0.002,0.008,18.504,0.003,20.207,18.124,20.192
-5.683,-1.781,-0.000,0.981,-0.002,0.001,-0.193,-0.219,-0.137,33.504,-0.139,31.635,32.560,30.737,0.880,-0.332,0.006,-0.177,-0.029,0.231,-56.693,-45.819,18.432,-46.001,20.512,18.528,19.726
-5.674,-1.785,0.000,0.981,-0.004,0.000,-0.193,-0.646,-0.504,33.692,-0.536,31.834,32.750,30.929,0.830,-0.411,0.050,-0.287,-0.233,-0.321,-22.536,-22.700,19.266,-25.697,19.365,19.437,18.607
-5.666,-1.789,0.001,0.981,-0.005,-0.001,-0.196,-0.683,-0.591,33.887,-0.596,32.026,32.946,31.108,0.793,-0.443,0.054,-0.119,-0.309,-0.614,13.731,4.594,19.625,14.665,19.114,19.829,17.442
-5.658,-1.793,0.001,0.980,-0.005,-0.002,-0.199,-0.427,-0.446,34.083,-0.295,32.217,33.145,31.280,0.788,-0.436,-0.004,-0.014,-0.025,-0.610,32.950,21.563,19.616,39.741,19.082,19.858,16.917
-5.651,-1.798,0.001,0.979,-0.005,-0.001,-0.202,-0.153,-0.245,34.279,0.037,32.407,33.343,31.448,0.781,-0.426,-0.059,0.058,0.298,-0.537,16.577,14.529,19.587,20.827,19.085,19.625,16.646
-5.643,-1.802,-0.000,0.979,-0.004,0.000,-0.204,-0.170,-0.231,34.475,0.050,32.598,33.539,31.613,0.774,-0.436,-0.065,0.145,0.336,-0.569,-17.693,-10.763,19.514,-16.249,19.114,19.661,16.461
-5.635,-1.806,-0.001,0.978,-0.003,0.001,-0.207,-0.412,-0.395,34.671,-0.215,32.787,33.737,31.777,0.768,-0.458,-0.022,0.130,0.080,-0.668,-23.252,-16.178,19.814,-29.209,18.534,19.938,16.321
-5.628,-1.811,-0.001,0.977,-0.003,0.001,-0.211,-0.545,-0.489,34.872,-0.422,32.970,33.937,31.938,0.737,-0.492,0.012,0.159,-0.116,-0.896,-3.655,-3.366,20.493,-11.021,18.044,20.164,15.681
-5.620,-1.816,-0.000,0.976,-0.002,0.000,-0.216,-0.489,-0.459,35.081,-0.417,33.149,34.140,32.091,0.705,-0.517,0.023,0.165,-0.178,-1.084,13.209,8.539,21.116,10.584,17.795,20.267,15.001
-5.613,-1.822,-0.000,0.975,-0.002,-0.001,-0.221,-0.333,-0.349,35.293,-0.270,33.327,34.342,32.238,0.684,-0.528,-0.006,0.136,-0.006,-1.171,14.925,11.459,21.335,15.120,17.817,20.229,14.545
-5.607,-1.827,-0.000,0.974,-0.001,-0.000,-0.227,-0.252,-0.275,35.506,-0.187,33.505,34.544,32.384,0.691,-0.522,-0.025,0.128,0.095,-1.074,0.310,2.288,21.133,0.292,17.729,20.129,14.767
-5.600,-1.832,-0.001,0.973,-0.000,-0.000,-0.232,-0.323,-0.308,35.716,-0.268,33.680,34.745,32.535,0.709,-0.517,-0.018,0.048,0.032,-0.935,-12.315,-7.535,20.874,-14.483,17.264,20.119,15.364
-5.592,-1.837,-0.001,0.972,-0.000,-0.000,-0.236,-0.425,-0.376,35.925,-0.402,33.851,34.947,32.689,0.700,-0.533,-0.010,0.028,-0.013,-0.989,-6.265,-4.668,20.995,-10.137,16.994,20.230,15.392
-5.586,-1.843,-0.001,0.970,0.000,-0.000,-0.242,-0.444,-0.394,36.136,-0.453,34.020,35.150,32.842,0.679,-0.554,-0.003,0.040,-0.039,-1.111,2.046,0.789,21.262,-0.525,16.854,20.369,15.104
-5.579,-1.848,-0.001,0.969,0.000,-0.001,-0.247,-0.396,-0.365,36.350,-0.420,34.189,35.354,32.992,0.666,-0.568,0.001,0.049,-0.051,-1.171,6.486,4.374,21.419,5.876,16.828,20.453,14.931
-5.572,-1.854,-0.001,0.968,0.000,-0.001,-0.253,-0.341,-0.325,36.564,-0.367,34.357,35.559,33.142,0.667,-0.571,0.003,0.057,-0.056,-1.133,3.537,3.050,21.378,3.705,16.781,20.467,15.066
-5.565,-1.860,-0.001,0.966,0.001,-0.001,-0.258,-0.337,-0.315,36.777,-0.363,34.524,35.763,33.294,0.671,-0.571,0.005,0.076,-0.046,-1.067,-2.528,-1.053,21.226,-2.810,16.707,20.443,15.337
-5.559,-1.865,-0.001,0.965,0.001,-0.002,-0.263,-0.370,-0.333,36.989,-0.400,34.691,35.968,33.448,0.667,-0.579,0.005,0.084,-0.024,-1.068,-3.158,-1.963,21.176,-3.723,16.665,20.452,15.425
-5.552,-1.871,-0.001,0.963,0.001,-0.002,-0.268,-0.387,-0.345,37.201,-0.421,34.858,36.172,33.602,0.656,-0.591,0.006,0.083,-0.004,-1.106,-0.487,-0.428,21.190,-0.856,16.692,20.474,15.375
-5.546,-1.877,-0.001,0.962,0.002,-0.002,-0.274,-0.385,-0.344,37.413,-0.422,35.025,36.377,33.755,0.648,-0.601,0.007,0.080,0.014,-1.133,0.835,0.527,21.207,0.446,16.721,20.479,15.332
-5.539,-1.883,-0.001,0.960,0.002,-0.002,-0.279,-0.375,-0.337,37.625,-0.415,35.192,36.582,33.909,0.642,-0.610,0.007,0.072,0.029,-1.139,0.990,0.767,21.202,0.762,16.757,20.454,15.344
-5.533,-1.889,-0.001,0.959,0.003,-0.002,-0.285,-0.367,-0.330,37.836,-0.408,35.360,36.786,34.062,0.638,-0.617,0.006,0.055,0.042,-1.130,0.636,0.604,21.184,0.703,16.802,20.407,15.401
-5.526,-1.896,-0.000,0.957,0.003,-0.002,-0.290,-0.362,-0.325,38.048,-0.402,35.528,36.990,34.217,0.635,-0.624,0.005,0.030,0.051,-1.116,0.237,0.338,21.174,0.534,16.851,20.348,15.473
-5.520,-1.902,-0.000,0.955,0.003,-0.001,-0.295,-0.361,-0.323,38.260,-0.397,35.697,37.193,34.372,0.631,-0.630,0.003,0.000,0.055,-1.104,-0.004,0.143,21.181,0.377,16.897,20.289,15.538
-5.514,-1.908,-0.000,0.954,0.003,-0.001,-0.301,-0.362,-0.322,38.472,-0.394,35.866,37.396,34.527,0.626,-0.637,0.001,-0.029,0.050,-1.093,-0.090,0.054,21.201,0.261,16.939,20.243,15.595
-5.508,-1.915,-0.000,0.952,0.003,-0.001,-0.306,-0.363,-0.322,38.684,-0.392,36.036,37.598,34.684,0.622,-0.644,-0.001,-0.057,0.037,-1.082,-0.084,0.024,21.242,0.183,16.970,20.212,15.642
-5.501,-1.921,-0.000,0.950,0.003,-0.000,-0.311,-0.363,-0.322,38.897,-0.390,36.205,37.800,34.840,0.617,-0.651,-0.002,-0.083,0.019,-1.074,-0.053,0.024,21.296,0.130,16.987,20.203,15.680
-5.495,-1.928,-0.000,0.949,0.002,-0.000,-0.316,-0.364,-0.321,39.110,-0.389,36.375,38.002,34.997,0.611,-0.657,-0.004,-0.107,-0.002,-1.067,-0.024,0.017,21.357,0.092,16.987,20.218,15.708
-5.489,-1.934,-0.001,0.947,0.002,-0.000,-0.321,-0.364,-0.321,39.324,-0.388,36.545,38.204,35.154,0.605,-0.664,-0.005,-0.125,-0.023,-1.061,-0.005,0.012,21.417,0.065,16.970,20.257,15.727
-5.483,-1.941,-0.001,0.945,0.001,-0.000,-0.326,-0.364,-0.321,39.538,-0.388,36.715,38.407,35.312,0.599,-0.670,-0.005,-0.137,-0.041,-1.058,0.003,0.008,21.474,0.046,16.936,20.318,15.737
-5.477,-1.948,-0.001,0.944,0.000,-0.000,-0.331,-0.364,-0.321,39.753,-0.387,36.884,38.611,35.469,0.591,-0.677,-0.005,-0.141,-0.054,-1.056,0.005,0.005,21.529,0.031,16.886,20.394,15.737
-5.471,-1.954,-0.001,0.942,-0.001,-0.000,-0.336,-0.364,-0.321,39.969,-0.387,37.052,38.815,35.626,0.584,-0.683,-0.004,-0.137,-0.061,-1.055,0.004,0.002,21.579,0.021,16.824,20.480,15.725
-5.466,-1.961,-0.001,0.940,-0.001,-0.000,-0.341,-0.364,-0.321,40.185,-0.387,37.220,39.020,35.783,0.576,-0.688,-0.003,-0.127,-0.060,-1.056,0.002,-0.000,21.620,0.014,16.755,20.569,15.703
-5.460,-1.968,-0.001,0.938,-0.002,-0.000,-0.346,-0.364,-0.321,40.401,-0.387,37.387,39.226,35.940,0.568,-0.694,-0.001,-0.113,-0.048,-1.057,0.001,-0.002,21.651,0.010,16.685,20.654,15.671
-5.454,-1.975,-0.001,0.936,-0.003,-0.000,-0.351,-0.364,-0.321,40.618,-0.387,37.554,39.433,36.097,0.560,-0.699,0.000,-0.097,-0.029,-1.059,-0.000,-0.003,21.674,0.006,16.618,20.729,15.629
-5.449,-1.982,-0.001,0.935,-0.003,-0.000,-0.356,-0.364,-0.321,40.835,-0.387,37.720,39.641,36.253,0.551,-0.705,0.001,-0.080,-0.005,-1.062,-0.001,-0.004,21.693,0.004,16.562,20.788,15.581
-5.443,-1.989,-0.001,0.933,-0.003,-0.000,-0.361,-0.364,-0.321,41.052,-0.387,37.885,39.849,36.408,0.543,-0.710,0.002,-0.061,0.021,-1.064,-0.001,-0.004,21.710,0.002,16.521,20.832,15.530
-5.438,-1.996,-0.001,0.931,-0.003,0.000,-0.366,-0.364,-0.321,41.269,-0.387,38.050,40.058,36.564,0.535,-0.716,0.002,-0.042,0.044,-1.066,-0.001,-0.004,21.729,0.000,16.499,20.860,15.479
-5.432,-2.004,-0.001,0.929,-0.004,0.000,-0.371,-0.364,-0.321,41.486,-0.387,38.215,40.266,36.718,0.528,-0.722,0.002,-0.022,0.062,-1.068,-0.002,-0.006,21.753,-0.001,16.497,20.873,15.430
-5.427,-2.011,-0.001,0.927,-0.003,0.001,-0.376,-0.364,-0.321,41.704,-0.387,38.380,40.475,36.872,0.520,-0.727,0.002,-0.003,0.071,-1.070,-0.002,-0.008,21.781,-0.001,16.514,20.876,15.384
-5.422,-2.018,-0.001,0.925,-0.003,0.001,-0.381,-0.364,-0.321,41.922,-0.387,38.546,40.684,37.026,0.513,-0.733,0.001,0.017,0.073,-1.072,-0.003,-0.012,21.810,-0.002,16.549,20.873,15.345
-5.417,-2.026,-0.001,0.923,-0.003,0.001,-0.386,-0.364,-0.322,42.140,-0.387,38.711,40.892,37.179,0.505,-0.740,0.001,0.036,0.065,-1.075,-0.005,-0.022,21.837,-0.002,16.601,20.869,15.311
-5.412,-2.033,-0.001,0.921,-0.003,0.002,-0.391,-0.364,-0.322,42.359,-0.387,38.878,41.101,37.332,0.497,-0.746,0.002,0.054,0.049,-1.080,-0.007,-0.034,21.858,-0.002,16.664,20.867,15.284
-5.407,-2.040,-0.001,0.918,-0.002,0.002,-0.396,-0.364,-0.322,42.577,-0.387,39.045,41.310,37.485,0.489,-0.753,0.003,0.069,0.027,-1.086,-0.007,-0.049,21.871,-0.001,16.723,20.872,15.267
-5.402,-2.048,-0.001,0.916,-0.002,0.001,-0.401,-0.364,-0.323,42.796,-0.387,39.212,41.519,37.637,0.481,-0.760,0.004,0.081,0.003,-1.093,-0.006,-0.057,21.872,-0.000,16.773,20.884,15.261
-5.397,-2.056,-0.000,0.914,-0.002,0.001,-0.406,-0.364,-0.323,43.015,-0.387,39.380,41.727,37.790,0.473,-0.767,0.005,0.091,-0.018,-1.101,-0.005,-0.042,21.858,0.000,16.818,20.899,15.269
-5.393,-2.063,-0.000,0.912,-0.001,0.001,-0.411,-0.364,-0.324,43.233,-0.387,39.548,41.937,37.943,0.464,-0.773,0.005,0.100,-0.030,-1.107,-0.003,-0.023,21.825,0.001,16.863,20.909,15.290
-5.388,-2.071,-0.000,0.910,-0.001,0.001,-0.416,-0.364,-0.324,43.451,-0.387,39.717,42.146,38.096,0.456,-0.780,0.004,0.110,-0.032,-1.111,-0.001,-0.013,21.776,0.001,16.914,20.909,15.324
-5.384,-2.079,-0.000,0.907,-0.000,0.000,-0.421,-0.364,-0.324,43.669,-0.387,39.887,42.355,38.249,0.448,-0.785,0.003,0.121,-0.021,-1.112,-0.000,-0.007,21.715,0.001,16.972,20.890,15.369
-5.379,-2.087,-0.000,0.905,0.000,-0.000,-0.426,-0.364,-0.324,43.886,-0.387,40.057,42.563,38.403,0.440,-0.791,0.000,0.128,-0.002,-1.111,0.001,-0.002,21.658,0.001,17.016,20.856,15.425
-5.375,-2.095,-0.000,0.902,0.001,-0.000,-0.431,-0.364,-0.324,44.102,-0.387,40.227,42.772,38.558,0.432,-0.796,-0.002,0.129,0.019,-1.107,0.002,0.005,21.612,0.001,17.052,20.804,15.492
-5.371,-2.103,-0.000,0.900,0.001,-0.001,-0.436,-0.364,-0.324,44.318,-0.387,40.398,42.979,38.713,0.424,-0.801,-0.003,0.114,0.034,-1.103,0.005,0.017,21.585,0.002,17.095,20.738,15.562
-5.366,-2.111,-0.000,0.898,0.002,-0.001,-0.441,-0.364,-0.324,44.534,-0.387,40.569,43.186,38.869,0.416,-0.806,-0.003,0.088,0.037,-1.097,0.009,0.034,21.569,0.003,17.147,20.666,15.638
-5.362,-2.119,-0.000,0.895,0.002,-0.001,-0.446,-0.364,-0.323,44.749,-0.387,40.741,43.393,39.026,0.409,-0.811,-0.004,0.059,0.035,-1.090,0.011,0.046,21.567,0.003,17.196,20.595,15.709
-5.358,-2.127,-0.000,0.893,0.003,-0.000,-0.450,-0.364,-0.323,44.965,-0.387,40.913,43.598,39.183,0.401,-0.815,-0.005,0.033,0.033,-1.085,0.010,0.056,21.585,0.003,17.236,20.529,15.764
-5.354,-2.135,-0.001,0.890,0.003,-0.000,-0.455,-0.364,-0.322,45.181,-0.387,41.085,43.803,39.341,0.392,-0.819,-0.006,0.008,0.029,-1.082,0.007,0.062,21.619,0.002,17.268,20.475,15.806
-5.350,-2.143,-0.001,0.888,0.003,-0.000,-0.460,-0.364,-0.321,45.397,-0.387,41.258,44.008,39.499,0.384,-0.823,-0.008,-0.017,0.022,-1.078,0.004,0.046,21.666,0.002,17.292,20.437,15.836
-5.346,-2.152,-0.001,0.885,0.003,-0.000,-0.465,-0.364,-0.321,45.614,-0.387,41.431,44.212,39.658,0.375,-0.827,-0.009,-0.041,0.012,-1.075,0.002,0.023,21.719,0.001,17.308,20.421,15.856
-5.343,-2.160,-0.001,0.883,0.003,0.000,-0.470,-0.364,-0.321,45.832,-0.387,41.604,44.416,39.816,0.366,-0.830,-0.009,-0.061,-0.003,-1.073,0.001,0.011,21.776,0.001,17.316,20.429,15.866
-5.339,-2.168,-0.001,0.880,0.002,0.000,-0.474,-0.364,-0.321,46.050,-0.387,41.777,44.621,39.975,0.356,-0.834,-0.009,-0.076,-0.021,-1.072,-0.000,0.004,21.831,0.001,17.314,20.459,15.868
-5.336,-2.177,-0.001,0.878,0.002,0.000,-0.479,-0.364,-0.321,46.268,-0.386,41.951,44.826,40.134,0.347,-0.837,-0.008,-0.085,-0.040,-1.071,-0.001,-0.001,21.877,0.001,17.300,20.509,15.863
-5.332,-2.185,-0.001,0.875,0.001,0.000,-0.484,-0.364,-0.321,46.487,-0.386,42.123,45.031,40.292,0.337,-0.840,-0.006,-0.090,-0.056,-1.071,-0.001,-0.005,21.910,0.001,17.273,20.575,15.854
-5.329,-2.193,-0.001,0.873,0.001,0.000,-0.488,-0.364,-0.321,46.707,-0.386,42.296,45.237,40.451,0.328,-0.843,-0.004,-0.092,-0.067,-1.071,-0.001,-0.007,21.928,0.002,17.233,20.650,15.845
-5.326,-2.202,-0.001,0.870,0.000,0.000,-0.493,-0.364,-0.321,46.926,-0.386,42.468,45.444,40.609,0.318,-0.846,-0.001,-0.092,-0.072,-1.070,-0.001,-0.007,21.932,0.002,17.181,20.729,15.838
-5.323,-2.210,-0.001,0.867,-0.000,0.000,-0.498,-0.364,-0.321,47.145,-0.386,42.640,45.652,40.768,0.309,-0.849,0.001,-0.089,-0.072,-1.069,-0.001,-0.007,21.928,0.002,17.119,20.806,15.832
-5.320,-2.219,-0.001,0.865,-0.001,-0.000,-0.502,-0.364,-0.321,47.364,-0.386,42.810,45.860,40.926,0.300,-0.851,0.003,-0.082,-0.068,-1.068,-0.001,-0.006,21.918,0.001,17.052,20.877,15.828
-5.317,-2.227,-0.001,0.862,-0.002,-0.000,-0.507,-0.364,-0.321,47.584,-0.386,42.981,46.069,41.084,0.291,-0.854,0.004,-0.071,-0.061,-1.067,-0.001,-0.006,21.908,0.001,16.982,20.939,15.827
-5.314,-2.236,-0.001,0.859,-0.002,-0.000,-0.512,-0.364,-0.321,47.803,-0.386,43.150,46.279,41.242,0.283,-0.857,0.006,-0.058,-0.052,-1.067,-0.001,-0.006,21.898,0.000,16.914,20.991,15.827
-5.311,-2.244,-0.001,0.857,-0.002,-0.000,-0.516,-0.364,-0.321,48.022,-0.386,43.319,46.489,41.401,0.274,-0.860,0.007,-0.043,-0.044,-1.067,-0.002,-0.007,21.889,-0.000,16.852,21.032,15.829
-5.308,-2.253,-0.001,0.854,-0.003,-0.000,-0.521,-0.364,-0.321,48.240,-0.386,43.487,46.700,41.559,0.265,-0.864,0.007,-0.027,-0.037,-1.069,-0.002,-0.009,21.882,-0.001,16.799,21.067,15.832
-5.306,-2.262,-0.001,0.851,-0.003,-0.001,-0.525,-0.364,-0.322,48.459,-0.386,43.655,46.910,41.717,0.255,-0.867,0.008,-0.011,-0.031,-1.071,-0.003,-0.014,21.873,-0.002,16.757,21.096,15.835
-5.303,-2.270,-0.001,0.848,-0.003,-0.001,-0.530,-0.364,-0.322,48.678,-0.386,43.822,47.121,41.876,0.246,-0.871,0.008,0.004,-0.026,-1.075,-0.006,-0.026,21.861,-0.003,16.727,21.122,15.837
-5.301,-2.279,-0.001,0.845,-0.003,-0.001,-0.534,-0.364,-0.322,48.896,-0.386,43.990,47.333,42.034,0.236,-0.874,0.008,0.019,-0.020,-1.079,-0.008,-0.046,21.841,-0.004,16.709,21.145,15.835
-5.298,-2.288,-0.001,0.842,-0.003,-0.001,-0.539,-0.364,-0.323,49.115,-0.387,44.157,47.544,42.192,0.227,-0.878,0.008,0.032,-0.013,-1.083,-0.009,-0.064,21.808,-0.005,16.704,21.165,15.834
-5.296,-2.297,-0.000,0.839,-0.003,-0.001,-0.543,-0.364,-0.323,49.332,-0.387,44.324,47.756,42.351,0.217,-0.881,0.008,0.043,-0.003,-1.087,-0.010,-0.055,21.764,-0.005,16.710,21.179,15.828
-5.294,-2.306,-0.000,0.836,-0.002,-0.001,-0.548,-0.364,-0.324,49.550,-0.387,44.491,47.968,42.509,0.207,-0.885,0.008,0.049,0.009,-1.093,-0.006,-0.031,21.719,-0.005,16.725,21.188,15.813
-5.292,-2.314,-0.000,0.833,-0.002,-0.001,-0.553,-0.364,-0.324,49.767,-0.387,44.658,48.180,42.667,0.197,-0.888,0.007,0.051,0.027,-1.100,-0.003,-0.015,21.678,-0.004,16.747,21.185,15.786
-5.290,-2.323,-0.000,0.830,-0.002,-0.001,-0.557,-0.364,-0.324,49.983,-0.387,44.826,48.392,42.825,0.187,-0.891,0.006,0.051,0.051,-1.107,0.000,-0.004,21.645,-0.003,16.777,21.168,15.750
-5.288,-2.332,-0.000,0.827,-0.001,-0.001,-0.562,-0.364,-0.324,50.200,-0.387,44.994,48.603,42.982,0.176,-0.893,0.005,0.050,0.079,-1.112,0.002,0.004,21.626,-0.002,16.813,21.134,15.708
-5.287,-2.341,-0.000,0.824,-0.001,-0.001,-0.566,-0.364,-0.324,50.416,-0.387,45.162,48.814,43.139,0.166,-0.895,0.003,0.048,0.108,-1.116,0.005,0.015,21.624,-0.001,16.859,21.079,15.665
-5.285,-2.350,-0.000,0.821,-0.000,-0.001,-0.571,-0.364,-0.324,50.632,-0.387,45.331,49.025,43.295,0.156,-0.898,0.000,0.045,0.133,-1.117,0.009,0.033,21.642,0.000,16.916,21.006,15.625
-5.283,-2.359,-0.000,0.818,0.000,-0.000,-0.576,-0.364,-0.323,50.849,-0.387,45.500,49.234,43.451,0.147,-0.900,-0.002,0.039,0.150,-1.114,0.012,0.050,21.679,0.001,16.986,20.916,15.593
-5.282,-2.368,-0.000,0.815,0.001,0.000,-0.580,-0.364,-0.323,51.066,-0.387,45.671,49.443,43.607,0.138,-0.902,-0.003,0.027,0.152,-1.109,0.014,0.068,21.736,0.002,17.065,20.819,15.570
-5.281,-2.377,-0.000,0.811,0.001,0.001,-0.585,-0.364,-0.322,51.284,-0.387,45.842,49.651,43.763,0.129,-0.904,-0.004,0.011,0.138,-1.104,0.012,0.089,21.813,0.003,17.148,20.724,15.553
-5.279,-2.386,-0.000,0.808,0.002,0.001,-0.589,-0.364,-0.321,51.502,-0.387,46.014,49.857,43.918,0.119,-0.906,-0.004,-0.003,0.113,-1.098,0.009,0.065,21.900,0.004,17.225,20.640,15.542
-5.278,-2.395,-0.000,0.805,0.002,0.002,-0.593,-0.364,-0.321,51.722,-0.387,46.186,50.063,44.074,0.110,-0.907,-0.005,-0.013,0.081,-1.094,0.004,0.032,21.989,0.003,17.288,20.574,15.534
-5.277,-2.404,-0.000,0.802,0.002,0.002,-0.598,-0.364,-0.320,51.942,-0.387,46.359,50.269,44.229,0.100,-0.909,-0.006,-0.018,0.045,-1.091,0.001,0.014,22.073,0.003,17.336,20.530,15.531
-5.276,-2.413,-0.000,0.798,0.002,0.002,-0.602,-0.364,-0.320,52.163,-0.387,46.533,50.474,44.384,0.090,-0.910,-0.007,-0.020,0.008,-1.088,-0.001,0.003,22.144,0.003,17.368,20.511,15.535
-5.275,-2.423,-0.000,0.795,0.002,0.002,-0.607,-0.364,-0.320,52.385,-0.387,46.707,50.679,44.540,0.080,-0.910,-0.008,-0.020,-0.026,-1.087,-0.002,-0.004,22.197,0.002,17.386,20.518,15.546
-5.275,-2.432,-0.001,0.792,0.002,0.002,-0.611,-0.364,-0.320,52.607,-0.386,46.881,50.885,44.695,0.070,-0.911,-0.009,-0.019,-0.056,-1.085,-0.003,-0.009,22.228,0.002,17.390,20.548,15.566
-5.274,-2.441,-0.001,0.788,0.001,0.002,-0.615,-0.364,-0.321,52.829,-0.386,47.054,51.090,44.851,0.060,-0.911,-0.010,-0.016,-0.077,-1.084,-0.004,-0.014,22.238,0.001,17.382,20.596,15.595
-5.273,-2.450,-0.001,0.785,0.001,0.002,-0.619,-0.364,-0.321,53.052,-0.386,47.228,51.297,45.007,0.050,-0.910,-0.011,-0.014,-0.090,-1.083,-0.004,-0.017,22.230,0.001,17.365,20.657,15.628
-5.273,-2.459,-0.001,0.782,0.001,0.002,-0.624,-0.364,-0.321,53.274,-0.386,47.402,51.503,45.164,0.040,-0.910,-0.011,-0.012,-0.092,-1.081,-0.003,-0.016,22.209,0.000,17.339,20.724,15.663
-5.273,-2.468,-0.001,0.778,0.000,0.001,-0.628,-0.364,-0.321,53.496,-0.386,47.575,51.711,45.320,0.030,-0.909,-0.010,-0.010,-0.087,-1.080,-0.002,-0.013,22.180,-0.000,17.309,20.791,15.697
-5.272,-2.477,-0.001,0.775,0.000,0.001,-0.632,-0.364,-0.321,53.718,-0.386,47.748,51.919,45.477,0.020,-0.908,-0.009,-0.007,-0.077,-1.079,-0.001,-0.012,22.149,-0.000,17.277,20.855,15.730
-5.272,-2.486,-0.001,0.772,-0.000,0.001,-0.636,-0.364,-0.321,53.939,-0.386,47.920,52.128,45.635,0.010,-0.906,-0.007,-0.005,-0.064,-1.079,-0.001,-0.011,22.119,-0.000,17.245,20.909,15.759
-5.272,-2.495,-0.001,0.768,-0.000,0.000,-0.640,-0.364,-0.321,54.160,-0.386,48.093,52.337,45.793,0.001,-0.905,-0.005,-0.001,-0.052,-1.078,-0.001,-0.011,22.092,-0.000,17.216,20.954,15.785
-5.272,-2.504,-0.001,0.765,-0.001,0.000,-0.645,-0.364,-0.321,54.381,-0.386,48.265,52.547,45.951,-0.009,-0.904,-0.001,0.002,-0.044,-1.078,-0.002,-0.013,22.067,-0.000,17.191,20.990,15.809
-5.272,-2.513,-0.001,0.761,-0.001,0.000,-0.649,-0.364,-0.322,54.601,-0.386,48.437,52.757,46.109,-0.019,-0.904,0.002,0.006,-0.041,-1.078,-0.004,-0.020,22.044,-0.000,17.168,21.018,15.831
-5.273,-2.522,-0.001,0.758,-0.001,-0.000,-0.653,-0.364,-0.322,54.822,-0.386,48.608,52.967,46.267,-0.028,-0.904,0.006,0.009,-0.045,-1.078,-0.006,-0.033,22.018,0.000,17.147,21.043,15.854
-5.273,-2.531,-0.001,0.754,-0.001,-0.000,-0.657,-0.068,-0.129,55.042,-0.077,48.779,53.177,46.424,-0.029,-0.898,0.012,0.024,-0.073,-1.046,50.943,35.708,21.836,53.324,16.979,20.869,15.790
-5.273,-2.540,-0.001,0.751,-0.001,-0.001,-0.660,0.401,0.259,55.255,0.411,48.948,53.382,46.588,0.069,-0.884,0.059,0.116,-0.292,-0.429,33.155,32.790,20.822,35.906,16.921,19.858,16.917
-5.272,-2.549,0.000,0.751,-0.002,-0.003,-0.660,0.487,0.358,55.459,0.570,49.118,53.572,46.761,0.158,-0.843,0.091,0.126,-0.407,0.169,-14.995,-14.954,20.012,-3.376,17.047,18.297,17.701
-5.270,-2.557,0.001,0.752,-0.003,-0.004,-0.659,0.170,0.019,55.658,0.382,49.288,53.750,46.940,0.154,-0.832,0.027,0.002,-0.123,0.237,-41.689,-45.040,19.770,-29.879,16.835,17.438,17.861
-5.269,-2.566,0.001,0.753,-0.003,-0.004,-0.658,-0.155,-0.336,55.854,0.107,49.455,53.923,47.117,0.133,-0.821,-0.034,-0.090,0.199,0.126,-17.017,-20.324,19.508,-18.877,16.609,17.104,17.511
-5.267,-2.574,-0.000,0.753,-0.002,-0.002,-0.658,-0.107,-0.343,56.048,0.105,49.620,54.093,47.289,0.106,-0.815,-0.065,-0.084,0.368,-0.044,23.499,16.808,19.005,16.997,16.294,17.110,16.995
-5.266,-2.582,-0.000,0.752,-0.002,-0.002,-0.659,0.193,-0.078,56.232,0.339,49.779,54.266,47.459,0.103,-0.825,0.020,-0.041,-0.165,-0.067,29.231,29.886,18.051,23.247,15.727,17.325,17.043
-5.265,-2.590,0.000,0.753,-0.003,-0.003,-0.658,0.349,0.120,56.409,0.468,49.937,54.436,47.631,0.152,-0.806,0.058,-0.060,-0.384,0.234,0.361,6.605,17.329,1.326,15.939,16.569,17.401
-5.263,-2.598,0.001,0.754,-0.004,-0.004,-0.657,0.216,0.040,56.581,0.371,50.097,54.598,47.805,0.162,-0.788,0.013,-0.011,-0.081,0.337,-23.225,-19.223,17.107,-18.408,15.864,15.983,17.366
-5.262,-2.606,0.000,0.755,-0.004,-0.003,-0.656,-0.007,-0.152,56.751,0.171,50.255,54.756,47.978,0.158,-0.772,-0.043,0.013,0.287,0.316,-16.592,-14.531,16.932,-17.484,15.703,15.644,17.064
-5.260,-2.614,0.000,0.756,-0.003,-0.002,-0.655,-0.043,-0.184,56.917,0.098,50.411,54.914,48.146,0.131,-0.779,-0.024,0.034,0.182,0.125,8.898,7.824,16.220,3.112,15.543,15.973,16.711
-5.259,-2.621,-0.000,0.756,-0.002,-0.002,-0.655,0.118,-0.029,57.077,0.198,50.566,55.074,48.313,0.133,-0.779,0.004,0.053,0.024,0.118,18.913,19.649,15.749,13.353,15.498,15.996,16.636
-5.258,-2.629,0.000,0.756,-0.002,-0.002,-0.654,0.246,0.127,57.233,0.291,50.722,55.232,48.480,0.157,-0.765,0.015,0.038,-0.019,0.272,4.716,8.967,15.422,3.564,15.784,15.511,16.734
-5.256,-2.637,0.000,0.758,-0.002,-0.002,-0.653,0.202,0.123,57.386,0.257,50.881,55.385,48.647,0.171,-0.752,0.009,0.023,0.036,0.365,-11.804,-8.282,15.188,-9.310,16.042,15.043,16.711
-5.254,-2.644,0.000,0.759,-0.001,-0.002,-0.651,0.068,0.015,57.537,0.142,51.042,55.533,48.813,0.172,-0.742,-0.012,-0.006,0.184,0.375,-11.869,-10.263,15.023,-11.303,16.137,14.735,16.529
-5.253,-2.652,0.000,0.760,-0.001,-0.001,-0.650,0.018,-0.030,57.686,0.079,51.203,55.681,48.977,0.158,-0.744,-0.015,0.002,0.209,0.271,2.111,1.644,14.832,-0.771,15.946,14.836,16.265
-5.251,-2.659,-0.000,0.761,-0.000,-0.000,-0.649,0.094,0.040,57.834,0.121,51.362,55.830,49.139,0.156,-0.742,-0.012,0.007,0.199,0.245,10.856,10.622,14.742,7.486,15.865,14.810,16.097
-5.249,-2.666,-0.000,0.762,0.000,0.000,-0.648,0.182,0.136,57.981,0.186,51.521,55.977,49.300,0.166,-0.735,-0.009,0.007,0.174,0.301,5.100,6.874,14.664,4.081,16.024,14.569,16.033
-5.248,-2.674,-0.000,0.763,0.001,0.001,-0.647,0.178,0.153,58.127,0.186,51.682,56.121,49.460,0.176,-0.728,-0.006,0.001,0.147,0.358,-5.192,-3.184,14.587,-3.719,16.206,14.302,15.990
-5.246,-2.681,-0.000,0.764,0.001,0.001,-0.645,0.105,0.095,58.273,0.128,51.844,56.263,49.619,0.175,-0.726,-0.004,-0.010,0.120,0.342,-7.573,-6.672,14.596,-6.514,16.204,14.218,15.865
-5.244,-2.688,-0.000,0.765,0.002,0.002,-0.644,0.061,0.053,58.419,0.084,52.006,56.406,49.777,0.165,-0.726,-0.003,-0.021,0.091,0.269,-0.775,-1.159,14.724,-1.766,16.059,14.282,15.641
-5.243,-2.696,-0.000,0.766,0.002,0.002,-0.643,0.090,0.076,58.567,0.097,52.166,56.549,49.932,0.160,-0.724,-0.002,-0.020,0.064,0.226,5.608,5.038,14.842,3.810,15.960,14.304,15.447
-5.241,-2.703,-0.000,0.766,0.002,0.002,-0.642,0.145,0.130,58.716,0.138,52.325,56.691,50.086,0.167,-0.720,-0.003,-0.009,0.037,0.259,4.141,4.614,14.801,3.392,15.997,14.187,15.396
-5.239,-2.710,-0.000,0.767,0.002,0.003,-0.641,0.156,0.150,58.863,0.151,52.486,56.832,50.240,0.178,-0.715,-0.003,-0.004,0.011,0.318,-1.699,-0.709,14.644,-0.806,16.080,14.017,15.433
-5.238,-2.717,-0.000,0.768,0.002,0.003,-0.640,0.121,0.123,59.009,0.127,52.647,56.972,50.395,0.182,-0.712,-0.004,-0.011,-0.013,0.332,-4.389,-3.857,14.544,-3.432,16.079,13.944,15.429
-5.236,-2.724,-0.001,0.769,0.002,0.002,-0.639,0.089,0.092,59.154,0.099,52.807,57.112,50.548,0.177,-0.711,-0.005,-0.021,-0.034,0.293,-1.503,-1.725,14.579,-1.672,15.982,13.987,15.329
-5.234,-2.731,-0.001,0.770,0.002,0.002,-0.638,0.096,0.094,59.301,0.099,52.966,57.252,50.701,0.173,-0.709,-0.006,-0.020,-0.050,0.255,2.464,1.817,14.647,1.545,15.885,14.039,15.215
-5.232,-2.738,-0.001,0.771,0.001,0.002,-0.637,0.125,0.119,59.447,0.120,53.125,57.392,50.853,0.176,-0.705,-0.007,-0.009,-0.061,0.260,2.623,2.605,14.620,2.061,15.839,14.021,15.184
-5.230,-2.745,-0.001,0.772,0.001,0.002,-0.636,0.138,0.135,59.593,0.132,53.283,57.532,51.005,0.182,-0.702,-0.008,0.000,-0.068,0.290,-0.107,0.361,14.497,0.153,15.823,13.959,15.226
-5.229,-2.752,-0.001,0.773,0.001,0.002,-0.635,0.125,0.126,59.737,0.123,53.441,57.671,51.158,0.186,-0.698,-0.008,0.003,-0.072,0.305,-2.118,-1.725,14.383,-1.586,15.783,13.926,15.262
-5.227,-2.759,-0.001,0.774,0.001,0.001,-0.633,0.106,0.110,59.880,0.108,53.599,57.811,51.310,0.185,-0.696,-0.009,0.001,-0.071,0.290,-1.271,-1.246,14.346,-1.193,15.703,13.947,15.243
-5.225,-2.766,-0.001,0.775,0.001,0.001,-0.632,0.104,0.106,60.024,0.104,53.755,57.950,51.462,0.183,-0.693,-0.009,0.002,-0.067,0.268,0.731,0.416,14.344,0.329,15.616,13.981,15.200
-5.223,-2.773,-0.001,0.775,0.000,0.001,-0.631,0.116,0.116,60.167,0.112,53.911,58.090,51.614,0.184,-0.690,-0.008,0.007,-0.061,0.264,1.393,1.303,14.312,1.019,15.552,13.984,15.183
-5.221,-2.780,-0.001,0.776,0.000,0.001,-0.630,0.125,0.126,60.310,0.119,54.066,58.230,51.766,0.187,-0.686,-0.007,0.011,-0.055,0.275,0.381,0.553,14.232,0.415,15.511,13.955,15.202
-5.219,-2.787,-0.001,0.777,0.000,0.000,-0.629,0.123,0.126,60.452,0.119,54.221,58.369,51.918,0.190,-0.683,-0.006,0.011,-0.049,0.285,-0.709,-0.480,14.146,-0.402,15.471,13.923,15.223
-5.217,-2.794,-0.001,0.778,0.000,0.000,-0.628,0.115,0.119,60.593,0.113,54.376,58.508,52.070,0.191,-0.680,-0.004,0.008,-0.044,0.284,-0.710,-0.619,14.088,-0.572,15.416,13.910,15.221
-5.216,-2.801,-0.001,0.779,-0.000,-0.000,-0.627,0.111,0.115,60.734,0.110,54.530,58.648,52.223,0.191,-0.678,-0.001,0.004,-0.040,0.275,-0.079,-0.166,14.051,-0.174,15.349,13.909,15.200
-5.214,-2.807,-0.001,0.780,-0.000,-0.000,-0.626,0.113,0.117,60.874,0.110,54.683,58.787,52.374,0.191,-0.676,0.001,0.002,-0.038,0.269,0.432,0.352,14.013,0.241,15.283,13.905,15.178
-5.212,-2.814,-0.001,0.781,-0.000,-0.000,-0.625,0.118,0.121,61.014,0.113,54.835,58.926,52.526,0.193,-0.674,0.003,0.000,-0.038,0.270,0.336,0.344,13.963,0.226,15.227,13.886,15.164
-5.210,-2.821,-0.001,0.782,-0.000,-0.000,-0.624,0.119,0.123,61.153,0.114,54.987,59.064,52.678,0.195,-0.672,0.006,-0.002,-0.041,0.274,0.033,0.107,13.905,0.066,15.178,13.861,15.156
-5.208,-2.828,-0.001,0.782,-0.001,-0.001,-0.623,0.119,0.123,61.292,0.114,55.139,59.203,52.829,0.197,-0.670,0.007,-0.004,-0.044,0.276,-0.158,-0.077,13.848,-0.070,15.125,13.837,15.146
-5.206,-2.834,-0.001,0.783,-0.001,-0.001,-0.622,0.117,0.122,61.430,0.113,55.290,59.341,52.981,0.199,-0.669,0.009,-0.006,-0.049,0.276,-0.115,-0.068,13.794,-0.078,15.066,13.821,15.132
-5.204,-2.841,-0.001,0.784,-0.001,-0.001,-0.621,0.116,0.122,61.568,0.113,55.440,59.479,53.132,0.200,-0.667,0.010,-0.006,-0.053,0.275,-0.033,-0.026,13.742,-0.035,15.001,13.809,15.116
-5.202,-2.848,-0.001,0.785,-0.001,-0.001,-0.620,0.116,0.121,61.705,0.113,55.590,59.617,53.283,0.202,-0.666,0.011,-0.005,-0.057,0.274,0.008,-0.007,13.689,-0.014,14.935,13.800,15.101
-5.200,-2.854,-0.001,0.786,-0.001,-0.001,-0.618,0.116,0.121,61.842,0.113,55.739,59.755,53.434,0.203,-0.665,0.010,-0.003,-0.059,0.274,0.019,-0.000,13.635,-0.006,14.869,13.791,15.088
-5.198,-2.861,-0.001,0.787,-0.002,-0.002,-0.617,0.117,0.121,61.978,0.112,55.887,59.893,53.585,0.205,-0.664,0.010,-0.001,-0.058,0.273,0.014,0.002,13.580,-0.004,14.805,13.783,15.076
-5.196,-2.867,-0.001,0.787,-0.002,-0.002,-0.616,0.117,0.121,62.113,0.112,56.035,60.031,53.735,0.207,-0.663,0.009,0.003,-0.054,0.273,0.007,0.003,13.525,-0.004,14.744,13.774,15.064
-5.194,-2.874,-0.000,0.788,-0.002,-0.002,-0.615,0.117,0.121,62.248,0.112,56.182,60.169,53.886,0.208,-0.662,0.008,0.006,-0.047,0.273,0.001,0.003,13.472,-0.004,14.687,13.764,15.053
-5.192,-2.881,-0.000,0.789,-0.002,-0.002,-0.614,0.117,0.121,62.383,0.112,56.329,60.306,54.037,0.210,-0.661,0.006,0.010,-0.036,0.273,-0.001,0.003,13.421,-0.004,14.637,13.752,15.041
-5.189,-2.887,-0.000,0.790,-0.002,-0.002,-0.613,0.117,0.121,62.517,0.112,56.475,60.444,54.187,0.212,-0.660,0.005,0.013,-0.023,0.272,-0.002,0.003,13.373,-0.003,14.593,13.736,15.026
-5.187,-2.894,-0.000,0.791,-0.002,-0.002,-0.612,0.117,0.121,62.650,0.112,56.621,60.581,54.337,0.213,-0.659,0.003,0.015,-0.006,0.272,-0.001,0.003,13.331,-0.003,14.557,13.716,15.007
-5.185,-2.901,-0.000,0.792,-0.002,-0.003,-0.611,0.117,0.121,62.783,0.112,56.766,60.718,54.487,0.215,-0.657,0.002,0.016,0.013,0.272,-0.000,0.003,13.295,-0.003,14.531,13.691,14.983
-5.183,-2.907,-0.000,0.792,-0.002,-0.002,-0.610,0.117,0.122,62.916,0.112,56.911,60.855,54.637,0.216,-0.656,0.000,0.016,0.033,0.272,0.001,0.003,13.266,-0.002,14.514,13.660,14.953
-5.181,-2.914,-0.000,0.793,-0.002,-0.002,-0.609,0.117,0.122,63.049,0.112,57.056,60.991,54.786,0.218,-0.654,-0.001,0.016,0.054,0.272,0.001,0.003,13.246,-0.002,14.507,13.623,14.916
-5.179,-2.920,-0.000,0.794,-0.001,-0.002,-0.608,0.117,0.122,63.181,0.112,57.202,61.127,54.935,0.219,-0.652,-0.001,0.014,0.073,0.272,0.001,0.003,13.234,-0.002,14.510,13.579,14.872
-5.176,-2.927,-0.000,0.795,-0.001,-0.002,-0.607,0.117,0.122,63.313,0.112,57.347,61.263,55.083,0.220,-0.651,-0.002,0.012,0.091,0.271,0.001,0.003,13.232,-0.001,14.523,13.531,14.820
-5.174,-2.933,-0.000,0.796,-0.001,-0.001,-0.606,0.117,0.122,63.446,0.112,57.492,61.398,55.231,0.222,-0.649,-0.002,0.008,0.106,0.271,0.001,0.003,13.238,-0.001,14.543,13.478,14.763
-5.172,-2.940,-0.000,0.797,-0.000,-0.001,-0.604,0.117,0.122,63.578,0.112,57.638,61.532,55.379,0.223,-0.648,-0.002,0.005,0.117,0.271,0.001,0.003,13.253,-0.000,14.571,13.421,14.701
-5.170,-2.946,-0.000,0.797,0.000,-0.001,-0.603,0.117,0.122,63.711,0.112,57.783,61.666,55.525,0.225,-0.646,-0.002,0.001,0.123,0.271,0.001,0.004,13.276,-0.000,14.604,13.362,14.635
-5.168,-2.953,-0.000,0.798,0.000,-0.000,-0.602,0.117,0.122,63.844,0.112,57.930,61.799,55.671,0.226,-0.645,-0.001,-0.002,0.124,0.271,0.001,0.004,13.305,0.000,14.641,13.302,14.569
-5.165,-2.959,-0.000,0.799,0.001,0.000,-0.601,0.117,0.122,63.977,0.112,58.076,61.932,55.817,0.228,-0.644,-0.001,-0.005,0.120,0.270,0.001,0.004,13.338,0.001,14.679,13.244,14.504
-5.163,-2.965,-0.000,0.800,0.001,0.001,-0.600,0.117,0.122,64.111,0.112,58.223,62.064,55.961,0.229,-0.643,-0.001,-0.007,0.111,0.270,0.001,0.004,13.373,0.001,14.716,13.188,14.442
-5.161,-2.972,-0.000,0.801,0.001,0.001,-0.599,0.117,0.122,64.244,0.112,58.371,62.196,56.106,0.231,-0.642,-0.001,-0.008,0.098,0.270,0.001,0.004,13.409,0.001,14.751,13.137,14.385
-5.158,-2.978,-0.000,0.801,0.002,0.002,-0.598,0.117,0.122,64.379,0.112,58.518,62.327,56.249,0.233,-0.641,-0.000,-0.008,0.081,0.270,0.001,0.004,13.444,0.001,14.782,13.091,14.335
-5.156,-2.985,-0.000,0.802,0.002,0.002,-0.597,0.117,0.122,64.513,0.112,58.666,62.458,56.392,0.234,-0.640,-0.001,-0.007,0.062,0.270,0.001,0.003,13.476,0.001,14.807,13.051,14.294
-5.154,-2.991,-0.000,0.803,0.002,0.002,-0.596,0.117,0.122,64.648,0.112,58.814,62.588,56.535,0.236,-0.639,-0.001,-0.005,0.041,0.269,0.000,0.003,13.502,0.001,14.825,13.019,14.262
-5.151,-2.997,-0.000,0.804,0.002,0.002,-0.595,0.117,0.122,64.783,0.112,58.963,62.718,56.678,0.237,-0.638,-0.002,-0.002,0.021,0.269,0.000,0.003,13.523,0.000,14.838,12.994,14.239
-5.149,-3.004,-0.000,0.805,0.002,0.002,-0.594,0.117,0.122,64.919,0.112,59.111,62.848,56.820,0.239,-0.637,-0.002,0.001,0.001,0.269,0.000,0.003,13.537,0.000,14.843,12.977,14.226
-5.147,-3.010,-0.000,0.805,0.002,0.002,-0.593,0.117,0.122,65.054,0.112,59.260,62.978,56.962,0.241,-0.636,-0.003,0.004,-0.017,0.268,0.000,0.002,13.543,-0.000,14.843,12.966,14.223
-5.144,-3.017,-0.000,0.806,0.002,0.002,-0.592,0.117,0.122,65.189,0.112,59.408,63.107,57.104,0.242,-0.635,-0.004,0.007,-0.032,0.268,0.000,0.002,13.543,-0.000,14.836,12.963,14.228
-5.142,-3.023,-0.001,0.807,0.002,0.002,-0.590,0.117,0.122,65.325,0.112,59.556,63.237,57.247,0.244,-0.633,-0.005,0.009,-0.045,0.267,0.000,0.002,13.536,-0.001,14.826,12.966,14.241
-5.139,-3.029,-0.001,0.808,0.002,0.002,-0.589,0.117,0.122,65.460,0.112,59.704,63.367,57.389,0.245,-0.632,-0.006,0.011,-0.054,0.267,-0.000,0.002,13.523,-0.001,14.811,12.973,14.260
-5.137,-3.036,-0.001,0.809,0.002,0.002,-0.588,0.117,0.122,65.595,0.112,59.852,63.496,57.532,0.246,-0.630,-0.007,0.010,-0.060,0.266,-0.000,0.002,13.505,-0.001,14.793,12.985,14.283
-5.134,-3.042,-0.001,0.809,0.002,0.001,-0.587,0.117,0.122,65.730,0.112,60.000,63.626,57.675,0.248,-0.629,-0.008,0.009,-0.063,0.266,-0.000,0.001,13.483,-0.001,14.772,13.000,14.309
-5.132,-3.048,-0.001,0.810,0.001,0.001,-0.586,0.117,0.122,65.865,0.112,60.148,63.756,57.818,0.249,-0.627,-0.008,0.005,-0.064,0.265,-0.000,0.001,13.459,-0.002,14.749,13.018,14.336
-5.129,-3.054,-0.001,0.811,0.001,0.001,-0.585,0.117,0.122,65.999,0.112,60.295,63.887,57.962,0.250,-0.625,-0.008,0.001,-0.062,0.265,-0.000,0.001,13.434,-0.002,14.724,13.037,14.362
-5.127,-3.061,-0.001,0.812,0.001,0.001,-0.584,0.117,0.122,66.134,0.112,60.442,64.017,58.105,0.251,-0.624,-0.007,-0.005,-0.059,0.264,-0.000,0.001,13.409,-0.002,14.697,13.057,14.386
-5.124,-3.067,-0.001,0.813,0.001,0.000,-0.583,0.117,0.122,66.268,0.112,60.589,64.148,58.249,0.253,-0.622,-0.006,-0.012,-0.055,0.264,-0.000,0.000,13.385,-0.002,14.668,13.077,14.407
-5.122,-3.073,-0.001,0.813,0.001,0.000,-0.582,0.117,0.122,66.401,0.112,60.736,64.279,58.393,0.254,-0.620,-0.005,-0.018,-0.050,0.264,-0.000,-0.000,13.362,-0.002,14.636,13.097,14.423
-5.119,-3.079,-0.001,0.814,0.000,0.000,-0.581,0.117,0.122,66.535,0.112,60.882,64.410,58.538,0.255,-0.619,-0.004,-0.025,-0.046,0.263,-0.000,-0.000,13.341,-0.002,14.602,13.116,14.435
-5.117,-3.085,-0.001,0.815,0.000,-0.000,-0.580,0.117,0.122,66.668,0.112,61.028,64.541,58.682,0.256,-0.617,-0.002,-0.030,-0.043,0.263,-0.000,-0.001,13.322,-0.002,14.566,13.134,14.443
-5.114,-3.092,-0.001,0.816,-0.000,-0.000,-0.579,0.117,0.122,66.801,0.112,61.173,64.673,58.827,0.258,-0.616,0.000,-0.034,-0.041,0.263,-0.000,-0.001,13.304,-0.002,14.527,13.152,14.447
-5.112,-3.098,-0.001,0.816,-0.000,-0.000,-0.578,0.117,0.122,66.934,0.112,61.318,64.804,58.971,0.259,-0.615,0.002,-0.036,-0.040,0.263,-0.000,-0.001,13.288,-0.002,14.485,13.168,14.448
-5.109,-3.104,-0.001,0.817,-0.001,-0.000,-0.576,0.117,0.122,67.067,0.112,61.463,64.936,59.116,0.260,-0.613,0.004,-0.036,-0.041,0.263,-0.000,-0.001,13.271,-0.002,14.441,13.183,14.447
-5.106,-3.110,-0.001,0.818,-0.001,-0.000,-0.575,0.117,0.122,67.200,0.112,61.607,65.068,59.260,0.262,-0.613,0.006,-0.034,-0.042,0.263,-0.000,-0.001,13.254,-0.002,14.395,13.197,14.444
-5.104,-3.116,-0.001,0.819,-0.001,-0.000,-0.574,0.117,0.122,67.332,0.112,61.751,65.200,59.404,0.264,-0.612,0.007,-0.029,-0.044,0.263,-0.000,-0.001,13.235,-0.002,14.348,13.210,14.441
-5.101,-3.122,-0.001,0.819,-0.001,-0.001,-0.573,0.117,0.122,67.464,0.112,61.894,65.332,59.549,0.265,-0.611,0.008,-0.023,-0.047,0.263,-0.000,-0.002,13.214,-0.002,14.301,13.221,14.439
-5.098,-3.128,-0.001,0.820,-0.002,-0.001,-0.572,0.117,0.122,67.596,0.112,62.037,65.464,59.693,0.267,-0.611,0.009,-0.015,-0.048,0.263,-0.000,-0.002,13.190,-0.002,14.256,13.232,14.439
-5.096,-3.134,-0.001,0.821,-0.002,-0.001,-0.571,0.117,0.122,67.728,0.112,62.179,65.597,59.838,0.269,-0.610,0.009,-0.006,-0.049,0.263,-0.000,-0.002,13.162,-0.001,14.213,13.241,14.440
-5.093,-3.141,-0.001,0.822,-0.002,-0.001,-0.570,0.117,0.122,67.860,0.112,62.321,65.729,59.982,0.270,-0.610,0.009,0.003,-0.049,0.262,-0.000,-0.002,13.132,-0.001,14.173,13.249,14.443
-5.090,-3.147,-0.001,0.822,-0.002,-0.001,-0.569,0.117,0.122,67.991,0.112,62.463,65.862,60.126,0.272,-0.609,0.008,0.012,-0.046,0.262,-0.000,-0.002,13.099,-0.001,14.137,13.255,14.447
-5.088,-3.153,-0.001,0.823,-0.002,-0.002,-0.568,0.117,0.122,68.122,0.112,62.604,65.994,60.271,0.274,-0.609,0.007,0.020,-0.042,0.262,-0.000,-0.002,13.063,-0.001,14.107,13.259,14.452
-5.085,-3.159,-0.000,0.824,-0.002,-0.002,-0.567,0.117,0.122,68.252,0.112,62.745,66.127,60.416,0.275,-0.608,0.006,0.026,-0.035,0.262,-0.000,-0.002,13.026,-0.001,14.083,13.261,14.457
-5.082,-3.165,-0.000,0.825,-0.002,-0.002,-0.566,0.117,0.122,68.382,0.112,62.886,66.259,60.560,0.277,-0.608,0.005,0.031,-0.026,0.262,-0.000,-0.002,12.988,-0.001,14.065,13.260,14.459
-5.079,-3.171,-0.000,0.825,-0.002,-0.002,-0.565,0.117,0.122,68.512,0.112,63.026,66.392,60.705,0.279,-0.607,0.004,0.034,-0.014,0.262,-0.000,-0.002,12.952,-0.001,14.054,13.256,14.459
-5.076,-3.177,-0.000,0.826,-0.002,-0.002,-0.564,0.117,0.122,68.641,0.112,63.167,66.524,60.849,0.280,-0.606,0.003,0.035,-0.001,0.262,-0.000,-0.001,12.918,-0.000,14.050,13.248,14.454
-5.074,-3.183,-0.000,0.827,-0.002,-0.002,-0.562,0.117,0.122,68.770,0.112,63.307,66.657,60.994,0.282,-0.605,0.002,0.033,0.014,0.262,-0.000,-0.001,12.887,-0.000,14.052,13.236,14.443
-5.071,-3.189,-0.000,0.828,-0.002,-0.002,-0.561,0.117,0.122,68.899,0.112,63.448,66.789,61.138,0.283,-0.604,0.001,0.030,0.030,0.262,0.000,-0.001,12.862,-0.000,14.062,13.220,14.425
-5.068,-3.195,-0.000,0.828,-0.001,-0.002,-0.560,0.117,0.122,69.027,0.112,63.588,66.921,61.282,0.284,-0.603,-0.000,0.026,0.046,0.262,0.000,-0.001,12.843,0.000,14.077,13.200,14.400
-5.065,-3.201,-0.000,0.829,-0.001,-0.002,-0.559,0.117,0.122,69.156,0.112,63.729,67.053,61.426,0.286,-0.602,-0.001,0.021,0.062,0.262,0.000,-0.000,12.832,0.000,14.098,13.176,14.368
