1.000,-5.000,0.001,1.000,0.000,0.000,0.000,-0.000,-0.000,0.000,-0.000,0.000,0.000,0.000,-0.000,-0.000,0.000,-0.000,-0.000,-0.000,0.000,0.000,-0.000,0.000,-0.000,-0.000,-0.000
1.000,-5.000,0.001,1.000,-0.000,-0.000,-0.000,0.441,0.350,-0.000,0.320,-0.000,0.005,0.004,0.039,-0.000,0.007,-0.002,-0.064,-0.029,66.410,52.540,0.111,48.979,0.101,0.849,0.739
1.001,-5.000,0.001,1.000,0.000,-0.000,-0.000,0.874,0.724,0.004,0.652,0.006,0.015,0.014,0.054,0.012,0.002,0.011,-0.030,0.072,21.136,18.662,0.822,16.891,1.092,1.045,1.305
1.001,-5.000,0.001,1.000,0.000,-0.001,0.001,0.954,0.804,0.016,0.728,0.021,0.026,0.030,0.067,0.025,0.000,0.016,-0.010,0.151,-2.079,-0.524,1.475,0.192,1.928,1.172,1.769
1.002,-4.999,0.001,1.000,0.000,-0.001,0.001,0.879,0.749,0.033,0.687,0.044,0.038,0.050,0.083,0.035,-0.001,0.011,-0.002,0.205,-11.176,-9.528,2.007,-7.291,2.623,1.363,2.217
1.003,-4.999,0.001,1.000,0.000,-0.001,0.003,0.765,0.651,0.055,0.608,0.073,0.053,0.074,0.103,0.042,-0.001,0.004,-0.002,0.239,-10.672,-8.863,2.394,-7.656,3.191,1.661,2.692
1.004,-4.999,0.001,1.000,0.000,-0.001,0.004,0.674,0.575,0.081,0.541,0.107,0.072,0.104,0.125,0.046,-0.001,-0.002,-0.003,0.261,-7.443,-6.343,2.739,-5.712,3.682,2.032,3.185
1.005,-4.998,0.001,1.000,0.000,-0.001,0.005,0.615,0.523,0.110,0.493,0.146,0.094,0.138,0.148,0.049,-0.001,-0.004,-0.002,0.278,-4.244,-4.175,3.081,-3.970,4.142,2.430,3.675
1.007,-4.998,0.001,1.000,0.000,-0.001,0.007,0.586,0.490,0.143,0.460,0.190,0.120,0.177,0.170,0.051,-0.002,-0.002,-0.000,0.293,-1.880,-2.583,3.428,-2.646,4.588,2.830,4.154
1.009,-4.997,0.001,1.000,0.000,-0.001,0.008,0.574,0.470,0.179,0.439,0.238,0.151,0.221,0.191,0.055,-0.002,0.000,0.002,0.310,-0.490,-1.534,3.779,-1.719,5.031,3.216,4.619
1.011,-4.997,0.001,1.000,0.000,-0.001,0.010,0.573,0.458,0.218,0.425,0.291,0.185,0.269,0.211,0.058,-0.002,0.003,0.003,0.328,0.153,-0.892,4.130,-1.104,5.472,3.584,5.072
1.013,-4.996,0.000,1.000,0.000,-0.001,0.011,0.576,0.451,0.261,0.416,0.348,0.222,0.322,0.231,0.062,-0.003,0.006,0.004,0.348,0.340,-0.523,4.478,-0.710,5.912,3.933,5.512
1.015,-4.995,0.000,1.000,0.000,-0.001,0.013,0.579,0.447,0.308,0.410,0.409,0.263,0.380,0.249,0.067,-0.003,0.009,0.005,0.369,0.307,-0.317,4.819,-0.462,6.348,4.263,5.940
1.018,-4.995,0.000,1.000,0.000,-0.001,0.015,0.582,0.444,0.358,0.406,0.474,0.307,0.441,0.267,0.072,-0.004,0.010,0.005,0.390,0.206,-0.202,5.152,-0.306,6.779,4.578,6.356
1.021,-4.994,0.000,1.000,0.000,-0.000,0.017,0.583,0.443,0.411,0.404,0.544,0.355,0.507,0.284,0.077,-0.005,0.012,0.005,0.412,0.110,-0.136,5.476,-0.205,7.203,4.879,6.760
1.024,-4.993,0.000,1.000,0.000,-0.000,0.019,0.584,0.441,0.467,0.402,0.618,0.405,0.576,0.300,0.082,-0.005,0.013,0.005,0.434,0.047,-0.093,5.790,-0.139,7.619,5.168,7.154
1.027,-4.992,0.000,1.000,0.000,-0.000,0.021,0.584,0.441,0.527,0.401,0.697,0.458,0.650,0.316,0.087,-0.006,0.014,0.005,0.455,0.013,-0.063,6.096,-0.094,8.027,5.445,7.537
1.030,-4.991,0.000,1.000,0.001,-0.000,0.024,0.584,0.440,0.589,0.400,0.779,0.514,0.727,0.331,0.093,-0.007,0.015,0.005,0.476,-0.002,-0.042,6.392,-0.064,8.424,5.713,7.909
1.033,-4.990,0.000,1.000,0.001,-0.000,0.026,0.584,0.440,0.654,0.399,0.865,0.572,0.808,0.345,0.098,-0.008,0.015,0.005,0.496,-0.007,-0.028,6.680,-0.043,8.812,5.972,8.271
1.037,-4.989,0.000,1.000,0.001,-0.000,0.029,0.584,0.440,0.723,0.399,0.955,0.633,0.892,0.359,0.104,-0.009,0.015,0.005,0.516,-0.006,-0.017,6.959,-0.029,9.190,6.221,8.622
1.041,-4.988,-0.000,1.000,0.001,-0.000,0.031,0.584,0.439,0.794,0.399,1.049,0.697,0.980,0.372,0.110,-0.009,0.015,0.005,0.535,-0.005,-0.011,7.229,-0.020,9.558,6.462,8.964
1.044,-4.987,-0.000,0.999,0.001,-0.000,0.034,0.584,0.439,0.867,0.399,1.146,0.763,1.072,0.385,0.115,-0.010,0.014,0.005,0.554,-0.003,-0.007,7.490,-0.014,9.915,6.695,9.295
1.048,-4.986,-0.000,0.999,0.001,-0.000,0.037,0.584,0.439,0.943,0.399,1.247,0.831,1.166,0.396,0.121,-0.010,0.012,0.004,0.571,-0.002,-0.005,7.744,-0.010,10.262,6.920,9.617
1.052,-4.985,-0.000,0.999,0.001,-0.000,0.040,0.584,0.439,1.022,0.399,1.352,0.901,1.264,0.408,0.127,-0.010,0.010,0.004,0.589,-0.001,-0.003,7.989,-0.007,10.598,7.138,9.928
1.056,-4.983,-0.000,0.999,0.001,-0.000,0.043,0.584,0.439,1.103,0.398,1.459,0.973,1.365,0.418,0.133,-0.010,0.007,0.003,0.605,-0.000,-0.002,8.226,-0.005,10.923,7.349,10.229
1.061,-4.982,-0.001,0.999,0.001,-0.000,0.046,0.584,0.439,1.187,0.398,1.570,1.048,1.468,0.429,0.139,-0.010,0.003,0.003,0.621,0.000,-0.001,8.456,-0.003,11.236,7.552,10.521
1.065,-4.981,-0.001,0.999,0.001,-0.000,0.049,0.584,0.439,1.272,0.398,1.684,1.124,1.575,0.438,0.145,-0.010,-0.001,0.002,0.636,0.000,-0.000,8.678,-0.001,11.538,7.750,10.801
1.069,-4.979,-0.001,0.999,0.001,-0.000,0.052,0.584,0.439,1.360,0.398,1.801,1.203,1.684,0.447,0.151,-0.009,-0.006,0.001,0.651,0.000,-0.000,8.893,0.000,11.829,7.940,11.072
1.074,-4.978,-0.001,0.998,0.001,-0.000,0.055,0.584,0.439,1.450,0.398,1.920,1.283,1.797,0.456,0.157,-0.008,-0.011,-0.001,0.665,0.001,-0.000,9.100,0.002,12.107,8.125,11.332
1.079,-4.976,-0.001,0.998,0.001,-0.000,0.059,0.584,0.439,1.542,0.398,2.043,1.365,1.911,0.464,0.163,-0.007,-0.016,-0.002,0.679,0.001,-0.000,9.301,0.003,12.374,8.305,11.581
1.083,-4.974,-0.001,0.998,0.001,-0.000,0.062,0.584,0.439,1.636,0.398,2.168,1.449,2.028,0.472,0.170,-0.006,-0.020,-0.003,0.692,0.000,-0.000,9.495,0.004,12.630,8.479,11.821
1.088,-4.973,-0.001,0.998,0.001,-0.000,0.066,0.584,0.439,1.732,0.399,2.295,1.535,2.147,0.479,0.176,-0.005,-0.024,-0.004,0.704,0.000,-0.001,9.682,0.004,12.874,8.647,12.050
1.093,-4.971,-0.001,0.998,0.001,-0.000,0.069,0.584,0.439,1.830,0.399,2.425,1.622,2.269,0.487,0.182,-0.004,-0.027,-0.005,0.717,0.000,-0.001,9.864,0.005,13.108,8.811,12.269
1.098,-4.969,-0.001,0.997,0.000,-0.000,0.073,0.584,0.439,1.929,0.399,2.557,1.711,2.393,0.493,0.189,-0.003,-0.028,-0.005,0.729,0.000,-0.001,10.039,0.005,13.333,8.970,12.480
1.103,-4.967,-0.001,0.997,0.000,-0.000,0.077,0.584,0.439,2.030,0.399,2.692,1.802,2.519,0.500,0.195,-0.002,-0.028,-0.006,0.740,0.000,-0.002,10.208,0.004,13.548,9.124,12.682
1.108,-4.965,-0.001,0.997,0.000,-0.000,0.080,0.584,0.439,2.133,0.399,2.828,1.894,2.646,0.506,0.202,-0.001,-0.027,-0.007,0.751,-0.000,-0.002,10.373,0.004,13.752,9.275,12.878
1.113,-4.963,-0.001,0.996,0.000,-0.000,0.084,0.584,0.439,2.238,0.399,2.967,1.987,2.776,0.512,0.208,-0.000,-0.025,-0.007,0.762,-0.000,-0.002,10.532,0.003,13.946,9.423,13.068
1.118,-4.961,-0.001,0.996,-0.000,-0.001,0.088,0.584,0.439,2.344,0.399,3.107,2.082,2.908,0.518,0.215,0.000,-0.021,-0.008,0.772,-0.000,-0.003,10.687,0.003,14.132,9.567,13.253
1.123,-4.959,-0.001,0.996,-0.000,-0.001,0.092,0.584,0.439,2.452,0.399,3.250,2.178,3.041,0.523,0.222,0.000,-0.017,-0.007,0.782,-0.000,-0.003,10.837,0.002,14.313,9.707,13.431
1.128,-4.957,-0.001,0.995,-0.000,-0.001,0.096,0.584,0.439,2.561,0.399,3.394,2.276,3.176,0.528,0.229,0.001,-0.012,-0.006,0.792,-0.001,-0.003,10.982,0.001,14.489,9.843,13.606
1.134,-4.954,-0.001,0.995,-0.000,-0.001,0.100,0.584,0.439,2.671,0.399,3.539,2.375,3.313,0.533,0.235,0.001,-0.006,-0.005,0.801,-0.001,-0.002,11.122,0.001,14.661,9.975,13.775
1.139,-4.952,-0.001,0.995,-0.000,-0.001,0.104,0.584,0.439,2.783,0.399,3.687,2.476,3.452,0.538,0.242,0.001,-0.002,-0.004,0.811,-0.000,-0.002,11.258,0.000,14.829,10.101,13.941
1.145,-4.949,-0.001,0.994,-0.000,-0.001,0.108,0.584,0.439,2.896,0.399,3.836,2.577,3.592,0.542,0.250,0.001,-0.000,-0.003,0.820,-0.000,-0.002,11.389,0.000,14.994,10.223,14.103
1.150,-4.947,-0.001,0.994,-0.000,-0.001,0.112,0.584,0.439,3.011,0.399,3.987,2.680,3.734,0.546,0.257,0.001,-0.001,-0.003,0.829,-0.000,-0.002,11.516,0.001,15.155,10.340,14.260
1.155,-4.944,-0.001,0.993,-0.000,-0.001,0.116,0.584,0.439,3.127,0.399,4.139,2.784,3.877,0.550,0.264,0.001,-0.004,-0.004,0.839,-0.000,-0.001,11.640,0.001,15.310,10.452,14.414
1.161,-4.942,-0.001,0.993,-0.000,-0.001,0.120,0.584,0.439,3.244,0.399,4.293,2.889,4.022,0.554,0.272,0.002,-0.010,-0.006,0.849,0.000,-0.001,11.762,0.002,15.459,10.559,14.562
1.167,-4.939,-0.001,0.992,-0.000,-0.001,0.124,0.584,0.439,3.362,0.399,4.448,2.995,4.169,0.557,0.280,0.003,-0.018,-0.009,0.860,0.000,-0.001,11.883,0.004,15.604,10.659,14.705
1.172,-4.936,-0.001,0.992,-0.001,-0.001,0.129,0.584,0.439,3.481,0.399,4.605,3.102,4.316,0.560,0.288,0.005,-0.026,-0.012,0.872,0.001,-0.001,12.001,0.005,15.742,10.754,14.843
1.178,-4.933,-0.001,0.991,-0.001,-0.001,0.133,0.584,0.439,3.602,0.399,4.763,3.210,4.465,0.562,0.296,0.006,-0.035,-0.015,0.885,0.001,-0.001,12.115,0.006,15.872,10.846,14.973
1.183,-4.930,-0.001,0.991,-0.001,-0.001,0.137,0.584,0.439,3.724,0.399,4.922,3.319,4.616,0.565,0.304,0.008,-0.046,-0.017,0.898,0.001,-0.001,12.227,0.007,15.991,10.936,15.096
1.189,-4.927,-0.001,0.990,-0.001,-0.001,0.142,0.584,0.439,3.846,0.399,5.083,3.429,4.767,0.567,0.312,0.009,-0.057,-0.018,0.910,0.001,-0.001,12.336,0.007,16.100,11.027,15.209
1.195,-4.924,-0.001,0.989,-0.001,-0.001,0.146,0.584,0.439,3.970,0.399,5.244,3.540,4.920,0.570,0.321,0.010,-0.067,-0.017,0.921,0.000,-0.001,12.443,0.007,16.198,11.119,15.312
1.200,-4.921,-0.001,0.989,-0.002,-0.001,0.151,0.584,0.439,4.095,0.399,5.407,3.651,5.073,0.572,0.329,0.011,-0.075,-0.016,0.931,0.000,-0.002,12.549,0.006,16.285,11.216,15.406
1.206,-4.917,-0.001,0.988,-0.002,-0.002,0.156,0.584,0.439,4.221,0.399,5.570,3.764,5.228,0.574,0.337,0.012,-0.080,-0.015,0.938,-0.000,-0.003,12.653,0.005,16.361,11.319,15.491
1.212,-4.914,-0.000,0.987,-0.003,-0.002,0.160,0.584,0.439,4.348,0.399,5.734,3.878,5.383,0.577,0.345,0.012,-0.080,-0.013,0.942,-0.001,-0.003,12.755,0.003,16.428,11.430,15.568
1.218,-4.910,-0.000,0.986,-0.003,-0.002,0.165,0.584,0.439,4.476,0.399,5.898,3.993,5.539,0.579,0.352,0.011,-0.074,-0.010,0.943,-0.001,-0.004,12.854,0.000,16.487,11.551,15.638
1.223,-4.907,-0.000,0.986,-0.003,-0.002,0.170,0.584,0.439,4.605,0.399,6.064,4.109,5.696,0.582,0.360,0.010,-0.057,-0.007,0.944,-0.002,-0.005,12.942,-0.003,16.549,11.674,15.707
1.229,-4.903,-0.000,0.985,-0.004,-0.002,0.174,0.584,0.439,4.735,0.399,6.229,4.226,5.853,0.584,0.368,0.009,-0.029,-0.003,0.944,-0.002,-0.005,13.029,-0.005,16.619,11.790,15.776
1.235,-4.899,-0.000,0.984,-0.004,-0.002,0.179,0.584,0.439,4.866,0.399,6.396,4.345,6.012,0.586,0.375,0.007,0.007,0.001,0.946,-0.002,-0.005,13.110,-0.007,16.699,11.896,15.850
1.241,-4.896,0.000,0.983,-0.003,-0.002,0.183,0.584,0.439,4.997,0.399,6.563,4.464,6.170,0.588,0.383,0.005,0.044,0.006,0.947,-0.002,-0.004,13.183,-0.009,16.790,11.988,15.930
1.247,-4.892,0.000,0.982,-0.003,-0.002,0.188,0.584,0.439,5.130,0.399,6.732,4.584,6.330,0.589,0.391,0.003,0.080,0.010,0.950,-0.002,-0.004,13.246,-0.009,16.892,12.066,16.019
1.253,-4.888,0.000,0.981,-0.003,-0.002,0.193,0.584,0.439,5.262,0.399,6.901,4.705,6.491,0.589,0.398,0.001,0.111,0.012,0.953,-0.002,-0.003,13.300,-0.010,17.005,12.128,16.117
1.259,-4.884,0.000,0.980,-0.002,-0.001,0.198,0.584,0.439,5.396,0.399,7.072,4.827,6.653,0.589,0.406,-0.001,0.137,0.013,0.956,-0.001,-0.002,13.343,-0.009,17.127,12.176,16.223
1.265,-4.880,0.000,0.979,-0.001,-0.001,0.202,0.584,0.438,5.529,0.399,7.244,4.949,6.815,0.588,0.414,-0.003,0.156,0.014,0.960,-0.001,-0.002,13.377,-0.009,17.257,12.209,16.338
1.270,-4.875,0.000,0.978,-0.001,-0.001,0.207,0.584,0.438,5.663,0.399,7.417,5.071,6.979,0.587,0.421,-0.004,0.169,0.015,0.964,-0.001,-0.001,13.402,-0.008,17.393,12.229,16.458
1.276,-4.871,-0.000,0.977,0.000,-0.001,0.212,0.584,0.438,5.797,0.399,7.592,5.193,7.144,0.585,0.429,-0.005,0.173,0.015,0.968,-0.000,-0.000,13.420,-0.007,17.532,12.236,16.581
1.282,-4.867,-0.000,0.976,0.001,-0.000,0.216,0.584,0.438,5.931,0.399,7.768,5.316,7.311,0.582,0.436,-0.006,0.167,0.015,0.973,-0.000,0.000,13.432,-0.006,17.673,12.231,16.706
1.288,-4.863,-0.000,0.975,0.002,-0.000,0.221,0.584,0.438,6.066,0.399,7.945,5.438,7.479,0.579,0.444,-0.005,0.150,0.012,0.979,0.000,0.001,13.440,-0.005,17.812,12.216,16.829
1.294,-4.858,-0.000,0.974,0.002,0.000,0.226,0.584,0.439,6.200,0.398,8.124,5.560,7.647,0.576,0.451,-0.004,0.125,0.009,0.986,0.001,0.002,13.447,-0.003,17.945,12.193,16.946
1.299,-4.854,-0.000,0.973,0.003,0.000,0.231,0.584,0.439,6.335,0.398,8.304,5.682,7.817,0.571,0.458,-0.003,0.097,0.006,0.994,0.001,0.004,13.464,-0.001,18.070,12.164,17.056
1.305,-4.849,-0.000,0.972,0.003,0.000,0.236,0.584,0.439,6.470,0.398,8.485,5.803,7.989,0.567,0.466,-0.002,0.071,0.004,1.004,0.002,0.006,13.493,0.001,18.183,12.130,17.156
1.311,-4.844,-0.000,0.971,0.004,0.000,0.241,0.584,0.439,6.605,0.398,8.668,5.924,8.161,0.562,0.473,-0.001,0.048,0.005,1.015,0.002,0.007,13.520,0.003,18.287,12.097,17.250
1.316,-4.839,-0.000,0.969,0.004,0.000,0.245,0.584,0.439,6.740,0.398,8.851,6.045,8.334,0.557,0.481,-0.001,0.028,0.009,1.029,0.002,0.008,13.547,0.004,18.385,12.063,17.337
1.322,-4.835,-0.000,0.968,0.004,0.000,0.250,0.584,0.439,6.876,0.399,9.035,6.166,8.507,0.551,0.489,-0.002,0.009,0.017,1.044,0.002,0.008,13.579,0.004,18.478,12.029,17.415
1.327,-4.830,-0.000,0.967,0.004,0.001,0.256,0.584,0.439,7.012,0.399,9.221,6.286,8.682,0.545,0.497,-0.003,-0.008,0.027,1.059,0.002,0.008,13.619,0.004,18.566,11.997,17.485
1.333,-4.825,-0.000,0.965,0.004,0.001,0.261,0.584,0.439,7.148,0.399,9.407,6.406,8.857,0.540,0.505,-0.005,-0.024,0.037,1.073,0.002,0.008,13.669,0.003,18.652,11.977,17.545
1.338,-4.820,-0.000,0.964,0.004,0.001,0.266,0.584,0.439,7.285,0.399,9.594,6.525,9.033,0.535,0.513,-0.007,-0.039,0.041,1.084,0.002,0.007,13.729,0.002,18.737,11.976,17.597
1.344,-4.814,-0.000,0.963,0.003,0.001,0.271,0.584,0.439,7.423,0.399,9.781,6.645,9.209,0.530,0.520,-0.008,-0.051,0.041,1.091,0.001,0.006,13.798,0.002,18.816,11.995,17.645
1.349,-4.809,-0.001,0.961,0.003,0.001,0.276,0.584,0.439,7.561,0.399,9.970,6.765,9.386,0.525,0.528,-0.008,-0.060,0.034,1.095,0.001,0.006,13.874,0.002,18.887,12.033,17.690
1.354,-4.804,-0.001,0.960,0.003,0.001,0.282,0.584,0.439,7.700,0.399,10.159,6.886,9.563,0.521,0.535,-0.008,-0.065,0.024,1.098,0.001,0.004,13.956,0.002,18.949,12.087,17.734
1.359,-4.798,-0.001,0.958,0.002,0.001,0.287,0.584,0.439,7.840,0.399,10.349,7.007,9.740,0.517,0.542,-0.007,-0.068,0.010,1.100,0.001,0.003,14.039,0.003,19.001,12.152,17.780
1.364,-4.793,-0.001,0.956,0.002,0.001,0.292,0.584,0.439,7.981,0.399,10.539,7.129,9.918,0.513,0.549,-0.006,-0.071,-0.005,1.101,0.000,0.002,14.121,0.004,19.043,12.224,17.826
1.369,-4.787,-0.001,0.955,0.002,0.001,0.297,0.584,0.439,8.122,0.399,10.730,7.252,10.097,0.508,0.556,-0.004,-0.074,-0.020,1.104,0.000,0.000,14.199,0.005,19.075,12.299,17.873
1.375,-4.782,-0.001,0.953,0.001,0.000,0.303,0.584,0.439,8.265,0.399,10.921,7.375,10.276,0.504,0.563,-0.002,-0.080,-0.033,1.107,0.000,-0.001,14.271,0.007,19.096,12.375,17.918
1.380,-4.776,-0.001,0.951,0.001,0.000,0.308,0.584,0.439,8.408,0.399,11.112,7.499,10.455,0.499,0.571,0.001,-0.086,-0.042,1.111,0.000,-0.002,14.337,0.008,19.105,12.450,17.960
1.385,-4.770,-0.001,0.950,0.001,-0.000,0.313,0.584,0.439,8.552,0.399,11.303,7.624,10.635,0.494,0.578,0.003,-0.095,-0.047,1.116,0.000,-0.003,14.398,0.009,19.101,12.523,17.997
1.389,-4.765,-0.001,0.948,0.000,-0.001,0.319,0.584,0.439,8.696,0.399,11.494,7.749,10.815,0.489,0.585,0.005,-0.103,-0.047,1.121,0.000,-0.003,14.455,0.008,19.085,12.595,18.025
1.394,-4.759,-0.001,0.946,-0.000,-0.001,0.324,0.584,0.439,8.841,0.399,11.684,7.876,10.995,0.484,0.592,0.007,-0.111,-0.043,1.125,-0.000,-0.003,14.510,0.008,19.056,12.669,18.043
1.399,-4.753,-0.001,0.944,-0.001,-0.001,0.329,0.584,0.439,8.986,0.399,11.875,8.003,11.176,0.479,0.599,0.008,-0.116,-0.034,1.128,-0.000,-0.003,14.567,0.006,19.016,12.744,18.048
1.404,-4.747,-0.001,0.942,-0.001,-0.002,0.335,0.584,0.439,9.132,0.399,12.065,8.131,11.356,0.474,0.606,0.009,-0.118,-0.021,1.129,-0.001,-0.003,14.627,0.004,18.968,12.824,18.041
1.409,-4.741,-0.000,0.940,-0.002,-0.002,0.340,0.584,0.439,9.279,0.399,12.254,8.259,11.537,0.469,0.613,0.008,-0.116,-0.009,1.126,-0.001,-0.003,14.691,0.001,18.922,12.910,18.020
1.413,-4.734,-0.000,0.939,-0.002,-0.002,0.345,0.584,0.439,9.426,0.399,12.443,8.389,11.717,0.465,0.619,0.008,-0.110,0.001,1.120,-0.001,-0.003,14.750,-0.002,18.889,13.004,17.989
1.418,-4.728,-0.000,0.937,-0.003,-0.002,0.350,0.584,0.439,9.574,0.399,12.632,8.519,11.896,0.462,0.626,0.007,-0.097,0.008,1.112,-0.001,-0.003,14.801,-0.005,18.873,13.100,17.954
1.422,-4.722,-0.000,0.935,-0.003,-0.002,0.356,0.584,0.439,9.722,0.399,12.821,8.651,12.076,0.458,0.631,0.005,-0.075,0.016,1.101,-0.002,-0.003,14.843,-0.008,18.868,13.200,17.919
1.427,-4.716,-0.000,0.933,-0.004,-0.002,0.361,0.584,0.439,9.870,0.399,13.009,8.783,12.255,0.455,0.637,0.002,-0.044,0.028,1.087,-0.002,-0.003,14.878,-0.009,18.866,13.305,17.886
1.432,-4.709,-0.000,0.931,-0.004,-0.002,0.366,0.584,0.439,10.019,0.399,13.198,8.917,12.434,0.452,0.642,-0.002,-0.003,0.039,1.075,-0.002,-0.003,14.917,-0.009,18.877,13.398,17.866
1.436,-4.703,-0.000,0.929,-0.004,-0.002,0.371,0.584,0.439,10.169,0.399,13.387,9.051,12.612,0.447,0.648,-0.006,0.040,0.042,1.068,-0.002,-0.003,14.960,-0.009,18.907,13.467,17.865
1.441,-4.696,-0.000,0.927,-0.004,-0.002,0.376,0.584,0.439,10.319,0.399,13.576,9.186,12.791,0.442,0.654,-0.009,0.075,0.039,1.064,-0.002,-0.004,15.000,-0.008,18.958,13.515,17.884
1.445,-4.690,-0.000,0.925,-0.003,-0.001,0.381,0.584,0.439,10.469,0.399,13.766,9.322,12.970,0.436,0.659,-0.010,0.102,0.029,1.062,-0.002,-0.004,15.031,-0.007,19.023,13.545,17.921
1.449,-4.683,-0.001,0.923,-0.003,-0.001,0.385,0.584,0.439,10.619,0.399,13.957,9.457,13.149,0.429,0.665,-0.011,0.119,0.014,1.061,-0.001,-0.004,15.049,-0.006,19.101,13.562,17.976
1.453,-4.676,-0.001,0.921,-0.002,-0.001,0.390,0.584,0.439,10.770,0.399,14.148,9.593,13.329,0.422,0.670,-0.010,0.126,-0.005,1.061,-0.001,-0.004,15.053,-0.004,19.185,13.568,18.044
1.458,-4.670,-0.001,0.919,-0.002,-0.000,0.395,0.577,0.437,10.920,0.398,14.341,9.729,13.510,0.416,0.676,-0.008,0.124,-0.027,1.063,-1.161,-0.291,15.074,-0.145,19.315,13.599,18.160
1.462,-4.663,-0.001,0.916,-0.001,-0.000,0.400,0.564,0.434,11.071,0.396,14.534,9.865,13.693,0.410,0.681,-0.006,0.115,-0.048,1.062,-1.239,-0.315,15.079,-0.154,19.433,13.631,18.277
1.466,-4.656,-0.001,0.914,-0.000,-0.000,0.405,0.554,0.431,11.222,0.395,14.729,10.001,13.876,0.404,0.687,-0.003,0.102,-0.063,1.059,-0.905,-0.234,15.071,-0.112,19.532,13.668,18.394
1.470,-4.649,-0.001,0.912,0.000,-0.001,0.410,0.546,0.429,11.372,0.394,14.925,10.138,14.061,0.398,0.692,-0.000,0.090,-0.071,1.057,-0.520,-0.137,15.052,-0.063,19.610,13.706,18.509
1.474,-4.642,-0.001,0.910,0.001,-0.001,0.415,0.543,0.428,11.523,0.394,15.121,10.275,14.246,0.392,0.697,0.002,0.080,-0.071,1.055,-0.230,-0.063,15.025,-0.027,19.671,13.742,18.620
1.478,-4.635,-0.001,0.908,0.001,-0.001,0.419,0.541,0.428,11.673,0.393,15.318,10.413,14.433,0.386,0.702,0.004,0.072,-0.063,1.054,-0.067,-0.022,14.994,-0.008,19.720,13.774,18.725
1.482,-4.628,-0.001,0.906,0.002,-0.001,0.424,0.541,0.428,11.823,0.393,15.516,10.551,14.621,0.380,0.707,0.005,0.067,-0.049,1.054,0.008,-0.003,14.963,-0.000,19.759,13.801,18.822
1.485,-4.621,-0.001,0.903,0.002,-0.001,0.429,0.541,0.428,11.972,0.393,15.713,10.689,14.809,0.374,0.713,0.005,0.063,-0.031,1.056,0.033,0.004,14.937,0.002,19.795,13.823,18.910
1.489,-4.614,-0.001,0.901,0.002,-0.001,0.434,0.542,0.428,12.121,0.393,15.912,10.827,14.999,0.367,0.718,0.005,0.060,-0.012,1.058,0.033,0.007,14.918,0.002,19.830,13.838,18.990
1.493,-4.607,-0.001,0.899,0.003,-0.001,0.438,0.542,0.428,12.271,0.393,16.110,10.966,15.189,0.361,0.724,0.005,0.058,0.008,1.062,0.025,0.007,14.909,0.001,19.866,13.844,19.062
1.496,-4.599,-0.001,0.896,0.003,-0.001,0.443,0.542,0.428,12.420,0.393,16.309,11.104,15.380,0.354,0.730,0.004,0.055,0.026,1.067,0.016,0.007,14.911,0.000,19.902,13.843,19.129
1.500,-4.592,-0.001,0.894,0.003,-0.000,0.448,0.542,0.428,12.569,0.393,16.508,11.242,15.572,0.346,0.736,0.004,0.049,0.038,1.073,0.010,0.007,14.924,-0.000,19.949,13.832,19.189
1.503,-4.585,-0.000,0.892,0.003,-0.000,0.453,0.542,0.428,12.718,0.393,16.708,11.381,15.764,0.338,0.742,0.004,0.038,0.042,1.082,0.005,0.008,14.948,0.000,20.018,13.804,19.244
1.507,-4.577,-0.000,0.889,0.003,0.000,0.458,0.543,0.428,12.868,0.393,16.909,11.518,15.957,0.329,0.748,0.005,0.025,0.038,1.097,0.003,0.008,14.983,0.001,20.106,13.756,19.296
1.510,-4.570,-0.000,0.887,0.003,0.000,0.463,0.543,0.428,13.018,0.393,17.110,11.656,16.150,0.319,0.754,0.006,0.011,0.029,1.115,0.003,0.009,15.025,0.004,20.199,13.693,19.347
1.513,-4.562,-0.000,0.884,0.003,0.000,0.468,0.543,0.428,13.168,0.393,17.313,11.792,16.343,0.308,0.760,0.007,-0.002,0.020,1.135,0.003,0.009,15.061,0.006,20.292,13.623,19.397
1.516,-4.555,-0.000,0.881,0.003,0.000,0.473,0.543,0.428,13.319,0.394,17.516,11.928,16.538,0.297,0.766,0.008,-0.013,0.015,1.160,0.002,0.009,15.080,0.008,20.386,13.545,19.449
1.519,-4.547,-0.000,0.878,0.003,0.000,0.478,0.543,0.428,13.470,0.394,17.720,12.063,16.732,0.285,0.772,0.008,-0.026,0.016,1.187,0.002,0.007,15.099,0.008,20.474,13.464,19.498
1.522,-4.539,-0.000,0.876,0.003,0.000,0.483,0.543,0.429,13.621,0.394,17.925,12.198,16.928,0.273,0.778,0.008,-0.040,0.017,1.212,0.002,0.006,15.124,0.008,20.544,13.398,19.539
1.524,-4.531,-0.000,0.873,0.002,0.000,0.488,0.543,0.429,13.773,0.394,18.131,12.331,17.123,0.259,0.783,0.004,-0.086,0.046,1.253,-0.001,0.001,15.199,0.003,20.624,13.270,19.566
1.527,-4.523,-0.000,0.869,0.002,0.000,0.494,0.543,0.429,13.925,0.394,18.338,12.463,17.319,0.246,0.789,0.000,-0.127,0.069,1.282,-0.001,-0.001,15.284,0.000,20.687,13.189,19.578
1.529,-4.516,-0.000,0.866,0.001,0.000,0.500,0.543,0.429,14.078,0.394,18.545,12.595,17.515,0.238,0.795,0.000,-0.133,0.067,1.283,-0.000,0.001,15.371,0.000,20.707,13.226,19.568
1.532,-4.508,0.000,0.863,0.000,0.000,0.505,0.543,0.429,14.233,0.394,18.752,12.728,17.710,0.231,0.800,0.002,-0.116,0.054,1.267,0.001,0.003,15.481,-0.000,20.691,13.330,19.532
1.534,-4.500,0.000,0.860,-0.000,0.000,0.511,0.543,0.429,14.388,0.394,18.959,12.862,17.905,0.224,0.805,0.001,-0.108,0.052,1.255,0.000,0.003,15.593,-0.002,20.676,13.426,19.481
1.536,-4.491,0.000,0.857,-0.001,0.000,0.516,0.543,0.429,14.544,0.394,19.165,12.996,18.100,0.217,0.810,-0.001,-0.102,0.052,1.243,-0.001,0.001,15.695,-0.005,20.665,13.528,19.424
1.538,-4.483,0.000,0.853,-0.001,0.000,0.521,0.543,0.429,14.702,0.394,19.372,13.132,18.294,0.210,0.814,-0.003,-0.092,0.049,1.227,-0.001,-0.000,15.790,-0.007,20.660,13.640,19.364
1.540,-4.475,-0.000,0.850,-0.002,0.000,0.526,0.543,0.429,14.860,0.394,19.578,13.269,18.487,0.204,0.818,-0.005,-0.076,0.038,1.207,-0.002,-0.002,15.882,-0.008,20.656,13.769,19.307
1.542,-4.467,-0.000,0.847,-0.002,-0.000,0.531,0.543,0.429,15.019,0.393,19.785,13.408,18.680,0.198,0.822,-0.006,-0.054,0.019,1.185,-0.002,-0.003,15.968,-0.009,20.658,13.906,19.259
1.544,-4.459,-0.000,0.844,-0.002,-0.000,0.536,0.543,0.429,15.179,0.393,19.992,13.547,18.872,0.192,0.825,-0.007,-0.031,0.000,1.164,-0.002,-0.004,16.039,-0.008,20.676,14.033,19.224
1.546,-4.451,-0.000,0.841,-0.002,-0.000,0.541,0.543,0.429,15.340,0.393,20.198,13.688,19.064,0.185,0.827,-0.010,-0.005,-0.012,1.146,-0.002,-0.004,16.092,-0.006,20.689,14.151,19.208
1.548,-4.442,-0.000,0.838,-0.002,-0.000,0.546,0.543,0.428,15.501,0.393,20.405,13.830,19.256,0.178,0.830,-0.012,0.021,-0.019,1.132,-0.001,-0.004,16.130,-0.003,20.711,14.249,19.214
1.550,-4.434,-0.000,0.835,-0.002,-0.000,0.551,0.543,0.428,15.663,0.393,20.613,13.973,19.449,0.170,0.831,-0.014,0.042,-0.027,1.124,-0.000,-0.003,16.152,-0.000,20.748,14.322,19.243
1.551,-4.426,-0.001,0.832,-0.002,-0.000,0.555,0.543,0.428,15.824,0.393,20.820,14.117,19.641,0.161,0.833,-0.014,0.054,-0.036,1.120,0.000,-0.003,16.162,0.002,20.792,14.374,19.291
1.553,-4.417,-0.001,0.828,-0.002,-0.000,0.560,0.543,0.428,15.986,0.393,21.029,14.261,19.835,0.151,0.834,-0.013,0.057,-0.046,1.119,0.000,-0.002,16.159,0.003,20.838,14.406,19.354
1.554,-4.409,-0.001,0.825,-0.001,-0.000,0.565,0.543,0.428,16.147,0.393,21.237,14.405,20.029,0.140,0.834,-0.011,0.054,-0.057,1.123,0.000,-0.002,16.143,0.004,20.886,14.417,19.429
1.556,-4.401,-0.001,0.822,-0.001,-0.000,0.569,0.543,0.428,16.309,0.393,21.446,14.549,20.223,0.129,0.835,-0.008,0.050,-0.064,1.129,0.000,-0.002,16.117,0.004,20.928,14.416,19.509
1.557,-4.392,-0.001,0.819,-0.000,-0.000,0.574,0.543,0.428,16.470,0.393,21.656,14.693,20.419,0.119,0.835,-0.005,0.046,-0.064,1.134,0.000,-0.002,16.084,0.004,20.958,14.412,19.587
1.558,-4.384,-0.001,0.816,-0.000,-0.001,0.579,0.543,0.428,16.630,0.393,21.865,14.837,20.615,0.108,0.836,-0.002,0.041,-0.059,1.137,-0.000,-0.002,16.047,0.003,20.973,14.411,19.660
1.559,-4.376,-0.001,0.812,0.000,-0.001,0.583,0.543,0.428,16.791,0.393,22.075,14.981,20.812,0.099,0.837,-0.000,0.036,-0.049,1.138,-0.000,-0.002,16.010,0.002,20.978,14.416,19.724
1.560,-4.367,-0.001,0.809,0.000,-0.001,0.588,0.543,0.428,16.951,0.393,22.285,15.126,21.009,0.090,0.838,0.001,0.032,-0.038,1.137,-0.001,-0.003,15.976,0.000,20.977,14.428,19.777
1.561,-4.359,-0.001,0.806,0.001,-0.001,0.592,0.543,0.428,17.110,0.393,22.495,15.270,21.207,0.081,0.839,0.003,0.028,-0.028,1.134,-0.001,-0.004,15.947,-0.000,20.972,14.448,19.821
1.562,-4.350,-0.001,0.802,0.001,-0.001,0.597,0.542,0.428,17.270,0.393,22.704,15.414,21.406,0.072,0.840,0.004,0.024,-0.023,1.130,-0.001,-0.004,15.924,-0.001,20.967,14.475,19.857
1.562,-4.342,-0.001,0.799,0.001,-0.001,0.602,0.542,0.428,17.429,0.393,22.914,15.559,21.605,0.064,0.842,0.005,0.021,-0.023,1.126,-0.001,-0.005,15.904,-0.000,20.964,14.507,19.889
1.563,-4.334,-0.001,0.795,0.001,-0.001,0.606,0.542,0.428,17.588,0.393,23.124,15.705,21.804,0.055,0.844,0.007,0.018,-0.028,1.124,-0.001,-0.005,15.885,0.001,20.962,14.540,19.922
1.563,-4.325,-0.001,0.792,0.001,-0.001,0.610,0.542,0.428,17.746,0.393,23.333,15.850,22.003,0.046,0.846,0.008,0.014,-0.037,1.124,-0.001,-0.005,15.866,0.002,20.960,14.570,19.958
1.564,-4.317,-0.001,0.789,0.002,-0.001,0.615,0.542,0.428,17.905,0.394,23.543,15.996,22.203,0.037,0.848,0.009,0.010,-0.049,1.126,-0.000,-0.004,15.843,0.004,20.956,14.596,20.000
1.564,-4.308,-0.001,0.785,0.002,-0.001,0.619,0.542,0.428,18.063,0.394,23.752,16.142,22.403,0.027,0.851,0.011,0.004,-0.061,1.132,0.000,-0.003,15.816,0.006,20.946,14.617,20.046
1.564,-4.300,-0.001,0.782,0.002,-0.002,0.624,0.542,0.428,18.221,0.394,23.962,16.288,22.604,0.016,0.853,0.012,-0.003,-0.069,1.139,0.001,-0.002,15.785,0.007,20.928,14.634,20.094
1.564,-4.291,-0.000,0.778,0.002,-0.002,0.628,0.542,0.428,18.379,0.394,24.171,16.435,22.805,0.006,0.855,0.013,-0.011,-0.070,1.147,0.001,-0.000,15.752,0.007,20.899,14.648,20.139
1.564,-4.283,-0.000,0.774,0.002,-0.002,0.633,0.542,0.428,18.536,0.394,24.380,16.581,23.006,-0.005,0.856,0.013,-0.018,-0.062,1.154,0.001,0.002,15.721,0.006,20.862,14.659,20.177
1.564,-4.274,-0.000,0.771,0.002,-0.003,0.637,0.543,0.428,18.693,0.394,24.588,16.728,23.208,-0.015,0.858,0.012,-0.026,-0.043,1.161,0.002,0.004,15.695,0.004,20.819,14.667,20.199
1.564,-4.265,-0.000,0.767,0.002,-0.003,0.642,0.543,0.428,18.850,0.394,24.796,16.875,23.410,-0.025,0.859,0.010,-0.032,-0.013,1.166,0.001,0.006,15.678,0.000,20.779,14.671,20.203
1.564,-4.257,0.000,0.763,0.002,-0.003,0.646,0.543,0.428,19.007,0.394,25.004,17.021,23.612,-0.035,0.860,0.008,-0.036,0.024,1.170,0.001,0.007,15.676,-0.003,20.747,14.669,20.184
1.563,-4.248,0.000,0.759,0.002,-0.003,0.651,0.543,0.428,19.164,0.394,25.211,17.168,23.814,-0.045,0.860,0.005,-0.038,0.064,1.171,0.001,0.008,15.693,-0.006,20.729,14.664,20.141
1.563,-4.240,0.000,0.756,0.001,-0.003,0.655,0.543,0.428,19.321,0.394,25.418,17.315,24.015,-0.054,0.861,0.002,-0.035,0.102,1.168,0.001,0.009,15.730,-0.009,20.729,14.658,20.077
1.562,-4.231,0.000,0.752,0.001,-0.002,0.659,0.543,0.428,19.479,0.394,25.626,17.461,24.215,-0.063,0.861,-0.001,-0.028,0.132,1.163,0.001,0.009,15.788,-0.010,20.750,14.650,19.996
1.562,-4.222,0.000,0.748,0.000,-0.002,0.664,0.543,0.428,19.637,0.393,25.833,17.608,24.415,-0.072,0.861,-0.003,-0.015,0.150,1.159,0.000,0.008,15.862,-0.010,20.791,14.635,19.912
1.561,-4.214,0.000,0.744,-0.000,-0.001,0.668,0.543,0.429,19.796,0.393,26.042,17.754,24.614,-0.082,0.861,-0.004,0.001,0.157,1.156,0.000,0.007,15.944,-0.010,20.856,14.610,19.831
1.560,-4.205,0.000,0.740,-0.001,-0.001,0.672,0.543,0.429,19.956,0.393,26.251,17.900,24.812,-0.091,0.861,-0.006,0.017,0.152,1.154,-0.000,0.005,16.029,-0.009,20.943,14.573,19.756
1.559,-4.197,-0.000,0.736,-0.001,-0.000,0.677,0.543,0.429,20.116,0.393,26.461,18.045,25.009,-0.101,0.860,-0.007,0.032,0.138,1.154,-0.000,0.004,16.111,-0.007,21.051,14.523,19.694
1.558,-4.188,-0.000,0.732,-0.001,0.001,0.681,0.543,0.429,20.278,0.393,26.672,18.190,25.206,-0.112,0.858,-0.007,0.044,0.113,1.157,-0.000,0.003,16.178,-0.004,21.175,14.459,19.650
1.557,-4.179,-0.000,0.728,-0.002,0.001,0.685,0.543,0.429,20.440,0.393,26.884,18.334,25.402,-0.124,0.857,-0.007,0.055,0.078,1.164,0.000,0.001,16.225,-0.002,21.310,14.385,19.630
1.556,-4.171,-0.000,0.724,-0.002,0.002,0.689,0.543,0.429,20.602,0.393,27.098,18.478,25.598,-0.136,0.854,-0.006,0.064,0.039,1.172,0.000,0.000,16.251,0.001,21.442,14.306,19.634
1.554,-4.162,-0.000,0.720,-0.001,0.002,0.694,0.543,0.429,20.765,0.393,27.313,18.620,25.795,-0.148,0.851,-0.005,0.075,-0.001,1.183,0.000,-0.001,16.285,0.004,21.556,14.222,19.660
1.553,-4.154,-0.000,0.716,-0.001,0.002,0.698,0.543,0.429,20.928,0.393,27.529,18.762,25.992,-0.160,0.848,-0.004,0.084,-0.036,1.196,0.000,-0.002,16.313,0.006,21.642,14.141,19.709
1.551,-4.145,-0.000,0.712,-0.001,0.002,0.702,0.543,0.429,21.091,0.393,27.746,18.903,26.189,-0.173,0.844,-0.004,0.086,-0.059,1.209,0.000,-0.003,16.322,0.006,21.703,14.063,19.776
1.549,-4.137,-0.000,0.708,0.000,0.002,0.706,0.543,0.429,21.254,0.393,27.963,19.044,26.387,-0.185,0.840,-0.005,0.077,-0.066,1.224,-0.000,-0.003,16.312,0.006,21.743,13.990,19.854
1.547,-4.129,-0.000,0.703,0.001,0.002,0.711,0.543,0.429,21.417,0.393,28.180,19.183,26.586,-0.197,0.835,-0.006,0.060,-0.064,1.235,-0.000,-0.003,16.286,0.004,21.766,13.932,19.936
1.545,-4.120,-0.001,0.699,0.001,0.002,0.715,0.543,0.429,21.580,0.393,28.398,19.322,26.786,-0.208,0.831,-0.007,0.037,-0.056,1.241,-0.000,-0.003,16.252,0.003,21.775,13.900,20.013
1.543,-4.112,-0.001,0.695,0.001,0.002,0.719,0.543,0.429,21.742,0.393,28.616,19.461,26.986,-0.219,0.827,-0.008,0.011,-0.046,1.244,-0.000,-0.002,16.215,0.001,21.773,13.894,20.081
1.541,-4.104,-0.001,0.690,0.001,0.002,0.724,0.543,0.429,21.904,0.393,28.834,19.600,27.187,-0.229,0.824,-0.008,-0.016,-0.035,1.243,-0.000,-0.002,16.179,0.001,21.764,13.910,20.137
1.539,-4.095,-0.001,0.686,0.001,0.002,0.728,0.543,0.428,22.066,0.393,29.051,19.739,27.389,-0.238,0.820,-0.007,-0.041,-0.027,1.240,-0.000,-0.001,16.151,0.000,21.751,13.944,20.181
1.536,-4.087,-0.001,0.681,0.001,0.001,0.732,0.543,0.428,22.227,0.393,29.269,19.879,27.591,-0.248,0.817,-0.006,-0.062,-0.024,1.237,0.000,-0.001,16.134,0.001,21.733,13.994,20.215
1.534,-4.079,-0.001,0.676,0.001,0.001,0.736,0.543,0.428,22.389,0.393,29.486,20.019,27.793,-0.257,0.815,-0.004,-0.076,-0.028,1.234,0.000,-0.001,16.131,0.003,21.708,14.056,20.241
1.531,-4.071,-0.001,0.672,0.001,0.001,0.741,0.543,0.428,22.550,0.394,29.703,20.160,27.996,-0.267,0.812,-0.001,-0.082,-0.039,1.232,0.001,-0.001,16.142,0.005,21.675,14.126,20.263
1.528,-4.063,-0.001,0.667,0.001,0.000,0.745,0.543,0.428,22.712,0.394,29.919,20.302,28.198,-0.277,0.810,0.002,-0.080,-0.054,1.232,0.001,-0.001,16.163,0.007,21.633,14.196,20.286
1.525,-4.055,-0.001,0.663,0.001,-0.000,0.749,0.543,0.428,22.873,0.394,30.135,20.444,28.401,-0.288,0.807,0.005,-0.073,-0.069,1.236,0.001,-0.002,16.188,0.008,21.581,14.260,20.313
1.522,-4.047,-0.001,0.658,0.001,-0.001,0.753,0.543,0.428,23.035,0.394,30.351,20.587,28.605,-0.299,0.805,0.007,-0.062,-0.079,1.242,0.000,-0.003,16.208,0.008,21.521,14.312,20.344
1.519,-4.039,-0.001,0.653,0.001,-0.001,0.757,0.543,0.428,23.197,0.394,30.566,20.730,28.808,-0.310,0.802,0.009,-0.049,-0.082,1.250,-0.000,-0.003,16.219,0.007,21.456,14.356,20.377
1.516,-4.031,-0.001,0.649,0.001,-0.002,0.761,0.543,0.428,23.360,0.394,30.780,20.874,29.012,-0.321,0.799,0.009,-0.037,-0.079,1.257,-0.001,-0.004,16.217,0.005,21.388,14.396,20.407
1.513,-4.023,-0.001,0.644,0.001,-0.002,0.765,0.543,0.428,23.522,0.394,30.994,21.018,29.216,-0.332,0.796,0.009,-0.027,-0.067,1.260,-0.001,-0.005,16.203,0.002,21.323,14.437,20.428
1.510,-4.015,-0.000,0.639,0.002,-0.002,0.769,0.543,0.428,23.684,0.394,31.207,21.163,29.421,-0.342,0.793,0.009,-0.022,-0.048,1.258,-0.002,-0.005,16.177,-0.002,21.263,14.484,20.434
1.506,-4.007,-0.000,0.634,0.002,-0.003,0.773,0.543,0.428,23.845,0.394,31.419,21.308,29.625,-0.350,0.790,0.008,-0.024,-0.028,1.249,-0.002,-0.006,16.145,-0.005,21.191,14.552,20.426
1.503,-3.999,-0.000,0.629,0.002,-0.003,0.777,0.543,0.428,24.007,0.394,31.630,21.454,29.829,-0.357,0.790,0.009,-0.035,-0.010,1.230,-0.003,-0.006,16.116,-0.009,21.103,14.651,20.399
1.499,-3.991,-0.000,0.625,0.001,-0.003,0.781,0.542,0.428,24.168,0.394,31.841,21.601,30.033,-0.363,0.790,0.009,-0.044,0.006,1.200,-0.002,-0.005,16.106,-0.010,21.002,14.786,20.347
1.495,-3.983,-0.000,0.620,0.001,-0.003,0.785,0.542,0.428,24.329,0.394,32.050,21.750,30.236,-0.368,0.790,0.008,-0.030,0.021,1.173,-0.001,-0.003,16.110,-0.010,20.930,14.915,20.280
1.492,-3.975,-0.000,0.615,0.001,-0.003,0.788,0.542,0.428,24.490,0.394,32.260,21.899,30.439,-0.375,0.789,0.008,-0.011,0.032,1.156,-0.000,-0.000,16.114,-0.008,20.892,15.013,20.214
1.488,-3.967,0.000,0.611,0.001,-0.003,0.792,0.542,0.428,24.651,0.393,32.468,22.050,30.640,-0.381,0.787,0.002,0.037,0.069,1.136,0.002,0.003,16.108,-0.001,20.892,15.091,20.129
1.484,-3.959,0.000,0.606,0.001,-0.002,0.795,0.542,0.428,24.812,0.393,32.677,22.201,30.841,-0.389,0.785,-0.002,0.068,0.092,1.127,0.002,0.004,16.112,0.001,20.897,15.141,20.068
1.480,-3.952,-0.000,0.602,0.001,-0.002,0.799,0.542,0.428,24.973,0.393,32.886,22.353,31.042,-0.397,0.782,-0.005,0.089,0.106,1.126,0.002,0.004,16.122,0.002,20.901,15.190,20.028
1.476,-3.944,-0.000,0.597,0.000,-0.001,0.802,0.543,0.428,25.134,0.393,33.095,22.505,31.242,-0.406,0.779,-0.008,0.111,0.118,1.126,0.001,0.003,16.138,0.002,20.904,15.244,20.005
1.472,-3.936,-0.000,0.593,0.000,-0.000,0.805,0.543,0.428,25.296,0.393,33.305,22.657,31.442,-0.416,0.774,-0.007,0.061,0.069,1.131,0.000,0.003,16.171,-0.001,21.017,15.210,20.004
1.468,-3.928,-0.000,0.588,0.000,-0.000,0.809,0.543,0.428,25.458,0.393,33.516,22.809,31.642,-0.427,0.768,-0.005,0.002,0.014,1.136,0.000,0.003,16.202,-0.001,21.161,15.153,20.011
1.463,-3.921,-0.000,0.584,0.000,-0.000,0.812,0.543,0.428,25.620,0.393,33.728,22.960,31.842,-0.437,0.762,-0.006,-0.024,-0.016,1.140,0.001,0.004,16.228,-0.000,21.270,15.108,20.023
1.459,-3.913,-0.000,0.579,0.000,-0.000,0.815,0.543,0.428,25.782,0.393,33.941,23.111,32.042,-0.446,0.756,-0.009,-0.020,-0.023,1.142,0.001,0.005,16.250,0.001,21.346,15.067,20.042
1.454,-3.906,-0.000,0.574,0.000,-0.000,0.819,0.543,0.428,25.945,0.393,34.155,23.262,32.243,-0.455,0.749,-0.011,0.009,-0.008,1.146,0.002,0.006,16.265,0.001,21.398,15.017,20.067
1.450,-3.898,-0.001,0.570,0.000,-0.000,0.822,0.543,0.428,26.108,0.394,34.369,23.412,32.444,-0.464,0.741,-0.012,0.044,0.014,1.149,0.002,0.006,16.277,0.001,21.434,14.959,20.099
1.445,-3.891,-0.001,0.565,0.000,-0.000,0.825,0.543,0.428,26.271,0.394,34.584,23.561,32.645,-0.473,0.733,-0.011,0.064,0.028,1.154,0.002,0.007,16.288,-0.000,21.468,14.888,20.138
1.440,-3.883,-0.001,0.560,0.000,0.000,0.828,0.543,0.429,26.434,0.394,34.799,23.709,32.847,-0.483,0.724,-0.007,0.073,0.018,1.170,0.001,0.007,16.303,-0.001,21.528,14.780,20.194
1.436,-3.876,-0.001,0.555,0.001,0.001,0.832,0.543,0.429,26.597,0.393,35.014,23.856,33.049,-0.493,0.715,-0.001,0.082,0.001,1.192,0.001,0.005,16.305,-0.002,21.607,14.649,20.260
1.431,-3.869,-0.001,0.550,0.001,0.001,0.835,0.241,0.090,26.760,0.202,35.228,24.005,33.253,-0.484,0.735,0.024,0.129,-0.153,1.067,-53.593,-60.378,16.444,-36.008,21.144,15.102,20.370
1.426,-3.862,-0.000,0.547,0.002,0.001,0.837,-0.292,-0.488,26.925,-0.207,35.435,24.160,33.454,-0.419,0.765,0.052,-0.015,-0.255,0.602,-41.112,-44.089,16.572,-36.196,20.231,16.064,19.767
1.422,-3.854,0.000,0.545,0.003,0.000,0.838,-0.419,-0.681,27.091,-0.320,35.636,24.323,33.648,-0.395,0.762,0.006,-0.022,0.070,0.371,15.150,4.522,16.574,16.105,20.083,16.408,19.100
1.418,-3.846,-0.000,0.544,0.002,0.000,0.839,-0.063,-0.441,27.257,0.057,35.836,24.489,33.836,-0.377,0.771,-0.027,0.019,0.250,0.208,47.699,38.116,16.584,50.187,19.726,16.784,18.584
1.414,-3.839,-0.000,0.542,0.001,0.001,0.840,0.309,-0.085,27.423,0.453,36.032,24.655,34.023,-0.430,0.739,-0.022,0.072,0.192,0.556,19.903,25.639,16.592,23.393,19.716,16.068,18.940
1.410,-3.831,-0.000,0.539,0.001,0.002,0.842,0.276,-0.045,27.588,0.490,36.231,24.810,34.215,-0.480,0.697,0.030,0.025,-0.145,0.911,-23.844,-17.080,16.398,-14.196,20.055,15.002,19.330
1.405,-3.825,-0.000,0.535,0.002,0.001,0.845,-0.056,-0.314,27.752,0.235,36.434,24.955,34.409,-0.500,0.673,0.019,-0.017,-0.100,1.065,-34.612,-28.874,16.413,-31.033,20.353,14.293,19.465
1.400,-3.818,0.000,0.531,0.002,0.001,0.847,-0.256,-0.482,27.916,0.015,36.634,25.101,34.603,-0.457,0.703,0.016,-0.207,-0.032,0.733,-2.748,-2.480,16.466,-8.757,19.580,14.953,19.329
1.396,-3.811,0.000,0.529,0.001,-0.001,0.849,-0.117,-0.366,28.081,0.090,36.824,25.255,34.795,-0.421,0.729,0.009,-0.263,0.029,0.428,26.124,22.833,16.515,20.050,18.644,15.727,19.148
1.391,-3.803,0.000,0.527,0.000,-0.001,0.850,0.139,-0.112,28.246,0.293,37.009,25.413,34.986,-0.444,0.721,-0.011,-0.041,0.030,0.519,19.576,22.881,16.544,15.748,18.528,15.744,19.117
1.387,-3.796,0.000,0.524,0.001,-0.001,0.852,0.193,-0.003,28.412,0.338,37.198,25.567,35.177,-0.489,0.685,-0.015,0.123,-0.058,0.809,-8.574,-1.947,16.570,-6.748,19.237,15.066,19.142
1.382,-3.790,-0.000,0.520,0.001,-0.001,0.854,0.017,-0.117,28.578,0.186,37.393,25.716,35.369,-0.495,0.677,-0.016,0.041,-0.032,0.853,-21.810,-16.510,16.592,-20.332,19.564,14.851,19.113
1.377,-3.783,-0.000,0.517,0.001,-0.001,0.856,-0.139,-0.238,28.744,0.017,37.586,25.868,35.559,-0.458,0.705,-0.015,-0.147,0.037,0.566,-6.733,-5.187,16.635,-10.589,18.870,15.548,18.886
1.373,-3.775,-0.000,0.515,0.000,-0.002,0.857,-0.095,-0.199,28.911,0.013,37.769,26.027,35.746,-0.423,0.733,-0.007,-0.143,0.009,0.268,13.301,11.511,16.803,8.406,17.930,16.391,18.495
1.368,-3.768,-0.000,0.515,0.000,-0.002,0.857,0.058,-0.054,29.080,0.125,37.946,26.194,35.929,-0.420,0.737,0.001,0.004,-0.067,0.201,13.801,14.508,17.006,10.748,17.600,16.759,18.197
1.364,-3.761,-0.000,0.514,0.001,-0.002,0.858,0.119,0.030,29.250,0.173,38.123,26.361,36.111,-0.434,0.729,0.005,0.015,-0.075,0.267,-2.117,1.455,16.924,-1.608,17.756,16.741,18.159
1.360,-3.753,-0.000,0.512,0.001,-0.002,0.859,0.033,-0.019,29.418,0.100,38.301,26.529,36.292,-0.435,0.727,0.000,-0.024,-0.013,0.261,-12.487,-9.263,16.794,-11.218,17.850,16.788,18.060
1.355,-3.746,-0.000,0.512,0.001,-0.002,0.859,-0.070,-0.100,29.587,-0.003,38.479,26.698,36.471,-0.417,0.737,-0.007,-0.058,0.055,0.128,-6.079,-5.147,16.870,-7.502,17.577,17.102,17.759
1.351,-3.739,-0.000,0.511,0.000,-0.002,0.859,-0.066,-0.100,29.757,-0.022,38.653,26.871,36.647,-0.398,0.747,-0.007,-0.058,0.069,-0.016,6.058,4.808,17.142,3.342,17.232,17.452,17.393
1.347,-3.731,-0.000,0.512,-0.000,-0.002,0.859,0.018,-0.026,29.929,0.038,38.824,27.047,36.820,-0.392,0.750,-0.001,-0.039,0.050,-0.067,8.657,8.248,17.381,6.864,17.072,17.636,17.191
1.343,-3.724,-0.000,0.512,-0.000,-0.002,0.859,0.068,0.030,30.103,0.081,38.995,27.223,36.992,-0.404,0.745,0.001,0.001,0.042,0.005,0.717,2.212,17.354,0.961,17.154,17.573,17.257
1.339,-3.716,-0.000,0.511,-0.000,-0.002,0.859,0.034,0.013,30.276,0.054,39.167,27.398,37.165,-0.413,0.741,0.002,0.034,0.041,0.065,-6.452,-4.674,17.292,-5.383,17.286,17.475,17.338
1.335,-3.709,-0.000,0.511,-0.001,-0.002,0.859,-0.028,-0.036,30.449,-0.002,39.340,27.573,37.338,-0.408,0.745,0.003,0.042,0.033,0.021,-4.617,-4.017,17.354,-4.792,17.301,17.551,17.245
1.331,-3.701,-0.000,0.511,-0.001,-0.002,0.859,-0.040,-0.049,30.624,-0.022,39.513,27.749,37.509,-0.395,0.752,0.003,0.048,0.021,-0.067,2.182,1.466,17.457,0.914,17.291,17.716,17.048
1.327,-3.694,-0.000,0.512,-0.000,-0.001,0.859,0.003,-0.014,30.798,0.008,39.686,27.927,37.679,-0.393,0.754,0.001,0.075,0.016,-0.092,5.110,4.550,17.470,4.098,17.321,17.791,16.980
1.323,-3.686,-0.000,0.512,-0.000,-0.001,0.859,0.038,0.021,30.973,0.039,39.860,28.105,37.850,-0.402,0.751,-0.001,0.106,0.015,-0.032,1.481,2.011,17.389,1.620,17.363,17.741,17.109
1.319,-3.679,-0.000,0.512,-0.000,-0.000,0.859,0.028,0.019,31.146,0.034,40.034,28.281,38.022,-0.411,0.748,-0.002,0.096,-0.003,0.028,-3.086,-2.133,17.320,-2.363,17.473,17.637,17.278
1.315,-3.671,-0.000,0.512,0.000,-0.000,0.859,-0.007,-0.009,31.319,0.004,40.209,28.458,38.195,-0.411,0.750,-0.005,0.072,-0.016,0.024,-3.075,-2.651,17.319,-2.903,17.535,17.621,17.346
1.311,-3.664,-0.000,0.512,0.000,0.000,0.859,-0.021,-0.022,31.493,-0.012,40.384,28.634,38.368,-0.405,0.754,-0.007,0.049,-0.025,-0.015,0.436,0.057,17.345,-0.131,17.566,17.683,17.343
1.307,-3.656,-0.001,0.512,0.001,0.000,0.859,-0.002,-0.008,31.666,0.000,40.560,28.811,38.542,-0.404,0.755,-0.009,0.039,-0.025,-0.028,2.686,2.250,17.342,2.082,17.613,17.725,17.377
1.303,-3.649,-0.001,0.512,0.001,0.000,0.859,0.019,0.012,31.839,0.019,40.737,28.988,38.716,-0.408,0.753,-0.011,0.036,-0.019,-0.003,1.274,1.395,17.319,1.313,17.672,17.702,17.485
1.299,-3.641,-0.001,0.512,0.001,0.000,0.859,0.019,0.015,32.012,0.022,40.914,29.165,38.892,-0.411,0.751,-0.011,0.029,-0.010,0.025,-1.131,-0.661,17.312,-0.638,17.717,17.657,17.606
1.295,-3.634,-0.001,0.512,0.001,0.000,0.859,0.003,0.003,32.186,0.010,41.091,29.342,39.068,-0.411,0.751,-0.010,0.018,0.002,0.027,-1.634,-1.334,17.338,-1.410,17.732,17.648,17.678
1.291,-3.626,-0.001,0.512,0.001,0.001,0.859,-0.007,-0.006,32.359,-0.000,41.268,29.518,39.245,-0.409,0.752,-0.008,0.009,0.015,0.011,-0.269,-0.407,17.385,-0.462,17.736,17.667,17.701
1.287,-3.619,-0.001,0.512,0.001,0.001,0.859,-0.002,-0.004,32.533,0.002,41.446,29.695,39.422,-0.407,0.752,-0.006,0.006,0.028,0.001,1.039,0.718,17.433,0.700,17.749,17.675,17.718
1.282,-3.611,-0.001,0.512,0.001,0.001,0.859,0.009,0.005,32.708,0.009,41.623,29.872,39.599,-0.408,0.751,-0.004,0.006,0.039,0.007,0.805,0.749,17.469,0.655,17.772,17.646,17.755
1.278,-3.604,-0.001,0.512,0.001,0.001,0.859,0.012,0.009,32.883,0.013,41.801,30.048,39.777,-0.410,0.750,-0.001,0.007,0.046,0.018,-0.123,0.057,17.498,0.004,17.799,17.595,17.800
1.274,-3.596,-0.001,0.512,0.001,0.001,0.859,0.007,0.006,33.058,0.009,41.979,30.224,39.955,-0.411,0.750,0.001,0.005,0.048,0.023,-0.645,-0.446,17.536,-0.523,17.819,17.549,17.829
1.270,-3.589,-0.001,0.512,0.000,0.001,0.859,0.002,0.002,33.233,0.005,42.157,30.399,40.134,-0.410,0.751,0.004,0.002,0.045,0.018,-0.325,-0.272,17.591,-0.342,17.826,17.517,17.834
1.266,-3.581,-0.001,0.511,0.000,0.001,0.859,0.001,0.001,33.410,0.003,42.336,30.574,40.312,-0.410,0.752,0.007,-0.001,0.036,0.012,0.103,0.011,17.651,-0.015,17.823,17.492,17.830
1.262,-3.574,-0.001,0.511,0.000,0.001,0.859,0.003,0.002,33.586,0.004,42.514,30.749,40.490,-0.410,0.754,0.008,-0.006,0.024,0.010,0.269,0.198,17.702,0.158,17.818,17.466,17.831
1.258,-3.566,-0.001,0.511,-0.000,0.001,0.859,0.005,0.004,33.764,0.005,42.692,30.923,40.669,-0.411,0.755,0.009,-0.011,0.009,0.011,0.117,0.116,17.738,0.072,17.814,17.441,17.842
1.254,-3.558,-0.001,0.511,-0.000,0.001,0.859,0.006,0.005,33.941,0.006,42.870,31.098,40.847,-0.413,0.756,0.010,-0.018,-0.008,0.013,0.003,0.041,17.767,0.021,17.806,17.424,17.859
1.250,-3.551,-0.001,0.511,-0.000,0.001,0.859,0.006,0.005,34.119,0.006,43.048,31.272,41.026,-0.414,0.758,0.009,-0.026,-0.024,0.015,-0.038,0.010,17.791,0.001,17.789,17.421,17.878
1.245,-3.543,-0.001,0.511,-0.000,0.001,0.859,0.005,0.005,34.297,0.006,43.226,31.446,41.205,-0.415,0.759,0.007,-0.035,-0.037,0.016,-0.038,0.001,17.811,-0.006,17.765,17.433,17.898
1.241,-3.536,-0.000,0.511,0.000,0.001,0.860,0.005,0.005,34.475,0.006,43.403,31.620,41.384,-0.416,0.760,0.005,-0.044,-0.045,0.016,-0.024,0.000,17.829,-0.007,17.737,17.460,17.920
1.237,-3.528,-0.000,0.511,0.000,0.000,0.860,0.005,0.005,34.654,0.006,43.581,31.795,41.563,-0.416,0.761,0.002,-0.053,-0.048,0.017,-0.009,0.000,17.844,-0.006,17.707,17.500,17.940
1.233,-3.521,-0.000,0.511,0.000,-0.000,0.860,0.005,0.005,34.832,0.006,43.758,31.971,41.743,-0.417,0.762,-0.001,-0.060,-0.045,0.017,-0.000,0.001,17.858,-0.005,17.678,17.550,17.956
1.229,-3.513,-0.000,0.511,0.000,-0.000,0.860,0.005,0.005,35.011,0.005,43.934,32.146,41.922,-0.418,0.763,-0.004,-0.067,-0.036,0.017,0.003,0.000,17.871,-0.004,17.653,17.609,17.967
1.225,-3.505,-0.001,0.511,0.000,-0.001,0.860,0.005,0.005,35.190,0.005,44.111,32.323,42.102,-0.418,0.763,-0.006,-0.072,-0.022,0.018,0.002,-0.000,17.885,-0.003,17.634,17.672,17.968
1.220,-3.498,-0.001,0.511,0.000,-0.001,0.860,0.005,0.005,35.368,0.005,44.287,32.500,42.281,-0.418,0.763,-0.006,-0.073,-0.006,0.018,0.001,-0.001,17.899,-0.002,17.624,17.737,17.956
1.216,-3.490,-0.001,0.511,-0.000,-0.001,0.860,0.005,0.005,35.548,0.005,44.463,32.677,42.461,-0.418,0.763,-0.005,-0.065,0.007,0.018,0.000,-0.002,17.915,-0.001,17.625,17.800,17.933
1.212,-3.482,-0.001,0.511,-0.000,-0.002,0.860,0.005,0.005,35.727,0.005,44.639,32.856,42.640,-0.418,0.762,-0.003,-0.048,0.016,0.017,-0.000,-0.002,17.928,-0.000,17.636,17.858,17.898
1.208,-3.475,-0.001,0.511,-0.001,-0.002,0.860,0.005,0.005,35.906,0.005,44.816,33.035,42.819,-0.418,0.762,-0.001,-0.028,0.023,0.017,-0.001,-0.003,17.934,0.000,17.656,17.906,17.854
1.204,-3.467,-0.001,0.510,-0.001,-0.002,0.860,0.005,0.005,36.085,0.005,44.993,33.214,42.997,-0.418,0.762,0.001,-0.008,0.028,0.016,-0.001,-0.004,17.931,0.000,17.683,17.942,17.805
1.200,-3.460,-0.001,0.510,-0.001,-0.002,0.860,0.005,0.005,36.265,0.005,45.170,33.393,43.175,-0.419,0.762,0.002,0.012,0.030,0.016,-0.001,-0.004,17.918,0.000,17.718,17.967,17.755
1.195,-3.452,-0.001,0.510,-0.001,-0.002,0.860,0.005,0.005,36.444,0.005,45.347,33.573,43.352,-0.419,0.762,0.004,0.031,0.028,0.015,-0.001,-0.005,17.896,0.000,17.758,17.982,17.709
1.191,-3.444,-0.001,0.510,-0.001,-0.001,0.860,0.005,0.005,36.623,0.005,45.525,33.753,43.529,-0.419,0.762,0.005,0.046,0.021,0.015,-0.001,-0.005,17.869,-0.000,17.802,17.989,17.673
1.187,-3.437,-0.001,0.510,-0.001,-0.001,0.860,0.005,0.005,36.801,0.005,45.703,33.933,43.706,-0.419,0.763,0.005,0.057,0.011,0.014,-0.001,-0.004,17.837,-0.001,17.846,17.992,17.650
1.183,-3.429,-0.001,0.510,-0.001,-0.001,0.860,0.005,0.005,36.979,0.005,45.882,34.113,43.882,-0.420,0.764,0.005,0.064,-0.001,0.013,-0.001,-0.004,17.803,-0.001,17.889,17.992,17.642
1.179,-3.421,-0.000,0.510,-0.001,-0.000,0.860,0.005,0.005,37.157,0.005,46.061,34.293,44.059,-0.420,0.764,0.004,0.066,-0.013,0.013,-0.001,-0.003,17.768,-0.001,17.932,17.992,17.649
1.174,-3.414,-0.000,0.510,-0.000,-0.000,0.860,0.005,0.005,37.335,0.005,46.240,34.473,44.235,-0.421,0.765,0.002,0.064,-0.024,0.012,-0.001,-0.003,17.735,-0.002,17.969,17.993,17.671
1.170,-3.406,-0.000,0.510,0.000,-0.000,0.860,0.005,0.005,37.512,0.005,46.420,34.653,44.412,-0.421,0.766,-0.001,0.059,-0.032,0.012,-0.001,-0.002,17.706,-0.002,18.001,17.995,17.707
1.166,-3.398,-0.000,0.510,0.000,0.000,0.860,0.005,0.005,37.689,0.005,46.600,34.833,44.589,-0.421,0.766,-0.004,0.051,-0.035,0.012,-0.001,-0.001,17.683,-0.002,18.025,18.000,17.753
1.162,-3.391,-0.001,0.510,0.001,0.000,0.860,0.005,0.005,37.866,0.005,46.781,35.013,44.767,-0.422,0.766,-0.007,0.042,-0.035,0.012,-0.000,-0.001,17.666,-0.002,18.043,18.006,17.807
1.158,-3.383,-0.001,0.510,0.001,0.000,0.860,0.005,0.005,38.042,0.005,46.961,35.193,44.946,-0.422,0.766,-0.009,0.033,-0.029,0.012,-0.000,0.000,17.658,-0.002,18.055,18.012,17.864
1.153,-3.375,-0.001,0.510,0.001,0.000,0.860,0.005,0.005,38.219,0.005,47.142,35.373,45.125,-0.421,0.765,-0.010,0.025,-0.018,0.012,-0.000,0.001,17.659,-0.003,18.062,18.014,17.919
1.149,-3.368,-0.001,0.510,0.001,0.000,0.860,0.005,0.005,38.395,0.005,47.322,35.553,45.304,-0.421,0.765,-0.010,0.020,-0.004,0.012,-0.000,0.002,17.667,-0.003,18.067,18.010,17.970
1.145,-3.360,-0.001,0.510,0.001,0.001,0.860,0.005,0.005,38.572,0.005,47.503,35.733,45.484,-0.421,0.764,-0.009,0.015,0.011,0.013,-0.000,0.003,17.684,-0.003,18.070,17.998,18.014
1.141,-3.353,-0.001,0.510,0.001,0.001,0.860,0.005,0.005,38.749,0.005,47.684,35.913,45.664,-0.420,0.763,-0.007,0.010,0.025,0.013,-0.000,0.003,17.710,-0.004,18.074,17.977,18.049
1.136,-3.345,-0.001,0.510,0.001,0.001,0.860,0.005,0.005,38.926,0.005,47.865,36.092,45.845,-0.420,0.762,-0.005,0.006,0.037,0.013,-0.000,0.004,17.742,-0.004,18.078,17.947,18.074
1.132,-3.337,-0.001,0.509,0.001,0.001,0.860,0.005,0.005,39.104,0.005,48.045,36.272,46.026,-0.420,0.761,-0.002,0.004,0.045,0.014,-0.000,0.004,17.779,-0.004,18.084,17.908,18.090
1.128,-3.330,-0.001,0.509,0.001,0.001,0.861,0.005,0.005,39.282,0.005,48.226,36.451,46.207,-0.420,0.761,0.001,0.003,0.049,0.014,-0.000,0.004,17.820,-0.004,18.089,17.864,18.098
1.124,-3.322,-0.001,0.509,0.000,0.001,0.861,0.005,0.005,39.460,0.005,48.407,36.629,46.388,-0.420,0.761,0.003,0.002,0.047,0.014,-0.000,0.004,17.861,-0.005,18.092,17.816,18.101
1.120,-3.314,-0.001,0.509,0.000,0.001,0.861,0.005,0.005,39.639,0.005,48.588,36.807,46.569,-0.420,0.761,0.006,-0.001,0.040,0.014,-0.000,0.004,17.902,-0.005,18.092,17.769,18.101
1.115,-3.307,-0.001,0.509,0.000,0.001,0.861,0.005,0.005,39.818,0.005,48.769,36.984,46.750,-0.421,0.762,0.008,-0.005,0.028,0.015,-0.000,0.003,17.940,-0.005,18.087,17.725,18.101
1.111,-3.299,-0.001,0.509,-0.000,0.001,0.861,0.005,0.005,39.998,0.005,48.950,37.161,46.931,-0.421,0.763,0.009,-0.010,0.013,0.015,-0.000,0.003,17.972,-0.004,18.074,17.690,18.102
1.107,-3.292,-0.001,0.509,-0.000,0.001,0.861,0.005,0.005,40.178,0.005,49.130,37.338,47.112,-0.422,0.764,0.010,-0.017,-0.004,0.015,-0.000,0.002,18.000,-0.004,18.055,17.666,18.106
1.103,-3.284,-0.001,0.509,-0.000,0.001,0.861,0.005,0.005,40.358,0.005,49.311,37.515,47.293,-0.423,0.765,0.009,-0.025,-0.021,0.015,-0.000,0.002,18.021,-0.003,18.028,17.655,18.113
1.099,-3.276,-0.001,0.509,-0.000,0.001,0.861,0.005,0.005,40.538,0.005,49.491,37.691,47.474,-0.424,0.766,0.008,-0.033,-0.034,0.015,-0.000,0.002,18.038,-0.003,17.995,17.658,18.124
1.094,-3.269,-0.000,0.509,0.000,0.001,0.861,0.005,0.005,40.719,0.005,49.671,37.868,47.655,-0.425,0.768,0.006,-0.042,-0.044,0.015,-0.000,0.001,18.050,-0.002,17.958,17.676,18.137
1.090,-3.261,-0.000,0.509,0.000,0.000,0.861,0.005,0.005,40.899,0.005,49.850,38.045,47.837,-0.425,0.768,0.003,-0.051,-0.048,0.015,-0.000,0.001,18.060,-0.002,17.920,17.707,18.149
1.086,-3.253,-0.000,0.509,0.000,0.000,0.861,0.005,0.005,41.080,0.005,50.029,38.222,48.018,-0.426,0.769,-0.000,-0.059,-0.046,0.016,-0.000,0.000,18.068,-0.001,17.884,17.750,18.159
1.082,-3.246,-0.000,0.509,0.000,-0.000,0.861,0.005,0.005,41.261,0.005,50.208,38.400,48.200,-0.426,0.769,-0.003,-0.066,-0.037,0.016,-0.000,-0.000,18.075,-0.000,17.851,17.802,18.163
1.077,-3.238,-0.001,0.509,0.000,-0.001,0.861,0.005,0.005,41.441,0.005,50.386,38.578,48.381,-0.426,0.769,-0.006,-0.072,-0.023,0.016,0.000,-0.001,18.082,0.001,17.826,17.858,18.158
1.073,-3.230,-0.001,0.509,0.000,-0.001,0.861,0.005,0.005,41.622,0.005,50.564,38.757,48.563,-0.426,0.769,-0.007,-0.074,-0.007,0.017,0.000,-0.001,18.090,0.002,17.809,17.917,18.141
1.069,-3.222,-0.001,0.509,-0.000,-0.001,0.861,0.005,0.005,41.803,0.005,50.742,38.937,48.744,-0.426,0.768,-0.006,-0.067,0.007,0.017,0.000,-0.002,18.100,0.003,17.804,17.975,18.112
1.065,-3.215,-0.001,0.508,-0.000,-0.002,0.861,0.005,0.005,41.984,0.005,50.920,39.117,48.925,-0.426,0.768,-0.004,-0.051,0.016,0.017,0.000,-0.003,18.109,0.004,17.810,18.028,18.071
1.060,-3.207,-0.001,0.508,-0.001,-0.002,0.861,0.005,0.005,42.165,0.005,51.099,39.297,49.106,-0.426,0.767,-0.002,-0.031,0.023,0.016,0.000,-0.003,18.110,0.004,17.824,18.072,18.021
1.056,-3.199,-0.001,0.508,-0.001,-0.002,0.861,0.005,0.005,42.346,0.005,51.277,39.478,49.286,-0.426,0.767,0.000,-0.010,0.028,0.016,-0.000,-0.004,18.103,0.004,17.846,18.104,17.965
1.052,-3.192,-0.001,0.508,-0.001,-0.002,0.861,0.005,0.005,42.527,0.005,51.456,39.659,49.465,-0.426,0.767,0.002,0.010,0.030,0.015,-0.000,-0.004,18.086,0.004,17.876,18.125,17.909
1.048,-3.184,-0.001,0.508,-0.001,-0.002,0.861,0.005,0.005,42.708,0.005,51.634,39.840,49.644,-0.426,0.767,0.004,0.029,0.027,0.015,-0.000,-0.004,18.060,0.004,17.912,18.136,17.857
1.043,-3.176,-0.001,0.508,-0.001,-0.001,0.861,0.005,0.005,42.888,0.005,51.814,40.022,49.822,-0.426,0.767,0.005,0.046,0.021,0.014,-0.000,-0.005,18.027,0.003,17.952,18.139,17.816
1.039,-3.169,-0.001,0.508,-0.001,-0.001,0.861,0.005,0.005,43.069,0.005,51.994,40.203,50.000,-0.427,0.767,0.005,0.058,0.010,0.013,-0.000,-0.004,17.991,0.002,17.993,18.138,17.788
1.035,-3.161,-0.001,0.508,-0.001,-0.001,0.861,0.005,0.005,43.248,0.005,52.174,40.385,50.178,-0.427,0.768,0.005,0.065,-0.002,0.013,-0.000,-0.004,17.951,0.002,18.032,18.134,17.776
1.030,-3.153,-0.000,0.508,-0.001,-0.000,0.861,0.005,0.005,43.428,0.005,52.354,40.566,50.356,-0.427,0.768,0.004,0.068,-0.015,0.012,-0.000,-0.003,17.911,0.001,18.070,18.129,17.780
1.026,-3.146,-0.000,0.508,-0.000,-0.000,0.861,0.005,0.005,43.607,0.005,52.535,40.747,50.534,-0.428,0.769,0.002,0.066,-0.026,0.012,-0.000,-0.003,17.872,0.001,18.103,18.126,17.800
1.022,-3.138,-0.000,0.508,0.000,-0.000,0.861,0.005,0.005,43.785,0.005,52.716,40.928,50.712,-0.428,0.769,-0.001,0.061,-0.034,0.011,-0.000,-0.002,17.837,0.000,18.130,18.125,17.833
1.018,-3.130,-0.000,0.508,0.000,0.000,0.861,0.005,0.004,43.963,0.005,52.898,41.110,50.890,-0.428,0.769,-0.004,0.053,-0.037,0.011,-0.000,-0.002,17.808,-0.000,18.150,18.126,17.878
1.013,-3.123,-0.001,0.508,0.001,0.000,0.862,0.005,0.004,44.141,0.005,53.079,41.291,51.069,-0.428,0.769,-0.007,0.043,-0.036,0.011,-0.000,-0.001,17.786,-0.000,18.164,18.128,17.929
1.009,-3.115,-0.001,0.508,0.001,0.000,0.862,-0.107,-0.080,44.317,-0.083,53.256,41.469,51.245,-0.402,0.747,-0.009,0.019,-0.008,-0.043,-17.956,-14.087,17.412,-14.873,17.094,17.477,17.180
1.005,-3.108,-0.001,0.508,0.001,0.000,0.861,-0.257,-0.208,44.490,-0.224,53.421,41.642,51.412,-0.353,0.733,-0.010,-0.016,0.011,-0.255,-9.278,-8.981,17.126,-10.309,16.079,17.119,16.074
1.002,-3.100,-0.001,0.510,0.001,0.000,0.860,-0.261,-0.232,44.659,-0.243,53.578,41.811,51.566,-0.309,0.713,-0.009,-0.019,0.025,-0.444,7.730,3.741,16.750,6.307,15.348,16.787,14.916
0.999,-3.093,-0.001,0.512,0.000,0.000,0.859,-0.144,-0.156,44.824,-0.133,53.729,41.977,51.712,-0.294,0.686,-0.008,0.011,0.031,-0.443,12.842,9.455,16.127,12.740,14.788,16.232,14.221
0.996,-3.087,-0.001,0.514,0.000,0.001,0.858,-0.063,-0.089,44.981,-0.047,53.874,42.135,51.852,-0.297,0.653,-0.006,0.033,0.033,-0.316,2.072,2.687,15.378,3.255,14.202,15.466,13.896
0.993,-3.080,-0.001,0.515,0.000,0.001,0.857,-0.106,-0.114,45.132,-0.077,54.013,42.286,51.989,-0.293,0.625,-0.004,0.031,0.030,-0.239,-9.074,-6.502,14.712,-7.937,13.573,14.744,13.538
0.990,-3.074,-0.001,0.516,0.000,0.001,0.857,-0.198,-0.184,45.276,-0.167,54.145,42.431,52.122,-0.272,0.604,-0.002,0.016,0.032,-0.275,-7.313,-6.055,14.216,-8.180,12.950,14.195,12.935
0.988,-3.068,-0.001,0.517,0.000,0.001,0.856,-0.223,-0.212,45.417,-0.206,54.272,42.570,52.248,-0.245,0.584,-0.001,0.003,0.039,-0.351,2.238,0.844,13.827,0.634,12.395,13.711,12.190
0.985,-3.063,-0.001,0.519,-0.000,0.001,0.855,-0.168,-0.175,45.553,-0.163,54.393,42.705,52.366,-0.230,0.561,0.000,0.007,0.040,-0.365,7.350,5.507,13.367,6.570,11.906,13.172,11.587
0.983,-3.057,-0.001,0.520,-0.000,0.001,0.854,-0.111,-0.127,45.683,-0.109,54.510,42.833,52.480,-0.226,0.537,0.001,0.017,0.036,-0.306,3.056,3.138,12.768,3.301,11.448,12.554,11.197
0.981,-3.052,-0.001,0.521,-0.000,0.001,0.853,-0.118,-0.124,45.808,-0.110,54.622,42.956,52.590,-0.222,0.513,0.002,0.018,0.030,-0.247,-3.829,-2.262,12.144,-3.244,10.998,11.944,10.854
0.979,-3.047,-0.001,0.522,-0.000,0.002,0.853,-0.167,-0.159,45.927,-0.158,54.730,43.072,52.697,-0.210,0.493,0.003,0.010,0.024,-0.242,-4.894,-3.722,11.635,-5.119,10.528,11.423,10.409
0.977,-3.042,-0.001,0.523,-0.000,0.002,0.852,-0.195,-0.182,46.041,-0.191,54.833,43.184,52.798,-0.194,0.475,0.004,0.002,0.018,-0.274,-0.311,-0.652,11.257,-1.194,10.036,10.972,9.866
0.975,-3.037,-0.001,0.525,-0.000,0.002,0.851,-0.174,-0.170,46.152,-0.179,54.931,43.292,52.894,-0.180,0.456,0.004,0.002,0.011,-0.290,3.684,2.612,10.885,3.075,9.566,10.525,9.355
0.973,-3.033,-0.001,0.526,-0.000,0.002,0.851,-0.139,-0.142,46.258,-0.146,55.024,43.395,52.986,-0.173,0.437,0.004,0.007,0.003,-0.265,2.707,2.386,10.412,2.732,9.156,10.047,8.958
0.971,-3.029,-0.001,0.527,-0.000,0.002,0.850,-0.131,-0.132,46.360,-0.135,55.114,43.493,53.074,-0.169,0.417,0.004,0.008,-0.004,-0.226,-1.021,-0.343,9.874,-0.609,8.793,9.561,8.628
0.970,-3.024,-0.001,0.528,-0.000,0.002,0.849,-0.153,-0.146,46.456,-0.154,55.200,43.586,53.158,-0.162,0.399,0.004,0.001,-0.008,-0.206,-2.794,-2.005,9.383,-2.678,8.424,9.114,8.277
0.968,-3.021,-0.001,0.529,-0.000,0.002,0.849,-0.174,-0.163,46.548,-0.176,55.282,43.675,53.239,-0.152,0.382,0.003,-0.008,-0.010,-0.212,-1.039,-1.050,8.991,-1.377,8.017,8.716,7.877
0.967,-3.017,-0.001,0.530,-0.000,0.002,0.848,-0.171,-0.164,46.636,-0.178,55.360,43.761,53.316,-0.141,0.366,0.003,-0.013,-0.012,-0.220,1.366,0.716,8.643,0.982,7.604,8.340,7.472
0.965,-3.013,-0.001,0.530,-0.000,0.002,0.848,-0.154,-0.152,46.721,-0.163,55.435,43.842,53.389,-0.134,0.350,0.003,-0.013,-0.015,-0.211,1.686,1.313,8.266,1.600,7.230,7.960,7.111
0.964,-3.010,-0.001,0.531,-0.000,0.002,0.847,-0.144,-0.143,46.801,-0.152,55.505,43.920,53.458,-0.129,0.333,0.002,-0.013,-0.017,-0.191,0.181,0.368,7.848,0.448,6.901,7.576,6.794
0.963,-3.007,-0.001,0.532,-0.000,0.001,0.847,-0.150,-0.145,46.878,-0.155,55.573,43.994,53.524,-0.124,0.317,0.002,-0.015,-0.018,-0.174,-1.105,-0.671,7.435,-0.910,6.590,7.206,6.491
0.962,-3.003,-0.001,0.533,-0.000,0.001,0.846,-0.161,-0.153,46.950,-0.165,55.637,44.064,53.588,-0.117,0.302,0.001,-0.019,-0.018,-0.167,-0.856,-0.629,7.069,-0.914,6.265,6.861,6.177
0.960,-3.001,-0.001,0.534,-0.000,0.001,0.846,-0.164,-0.156,47.019,-0.170,55.698,44.131,53.648,-0.110,0.288,0.001,-0.021,-0.018,-0.165,0.109,0.005,6.740,-0.090,5.934,6.537,5.860
0.959,-2.998,-0.001,0.534,-0.000,0.001,0.845,-0.159,-0.153,47.085,-0.167,55.756,44.195,53.705,-0.103,0.274,0.001,-0.021,-0.018,-0.160,0.709,0.523,6.420,0.564,5.615,6.220,5.556
0.958,-2.995,-0.001,0.535,-0.000,0.001,0.845,-0.153,-0.148,47.147,-0.162,55.810,44.255,53.759,-0.098,0.260,0.001,-0.020,-0.018,-0.151,0.397,0.363,6.091,0.377,5.324,5.908,5.273
0.957,-2.993,-0.001,0.535,-0.000,0.001,0.845,-0.152,-0.146,47.207,-0.160,55.862,44.313,53.811,-0.093,0.247,0.000,-0.020,-0.018,-0.140,-0.109,0.011,5.764,-0.021,5.050,5.603,5.004
0.956,-2.990,-0.001,0.536,-0.000,0.001,0.844,-0.155,-0.147,47.263,-0.162,55.911,44.367,53.859,-0.088,0.234,0.000,-0.019,-0.017,-0.132,-0.341,-0.200,5.450,-0.302,4.784,5.310,4.742
0.956,-2.988,-0.001,0.537,-0.000,0.000,0.844,-0.157,-0.149,47.316,-0.165,55.958,44.419,53.905,-0.083,0.221,-0.000,-0.019,-0.016,-0.125,-0.160,-0.110,5.157,-0.182,4.519,5.030,4.485
0.955,-2.986,-0.001,0.537,-0.000,0.000,0.844,-0.158,-0.150,47.366,-0.166,56.002,44.468,53.949,-0.078,0.209,-0.000,-0.019,-0.015,-0.120,0.001,-0.035,4.875,-0.056,4.262,4.759,4.235
0.954,-2.984,-0.001,0.538,-0.000,0.000,0.843,-0.158,-0.150,47.413,-0.166,56.043,44.514,53.990,-0.073,0.198,-0.000,-0.018,-0.015,-0.114,0.059,0.002,4.602,0.001,4.016,4.496,3.993
0.953,-2.982,-0.001,0.538,-0.000,0.000,0.843,-0.157,-0.150,47.458,-0.166,56.082,44.558,54.029,-0.068,0.186,-0.000,-0.017,-0.014,-0.107,0.046,0.013,4.337,0.006,3.779,4.242,3.761
0.953,-2.980,-0.001,0.539,-0.000,0.000,0.843,-0.157,-0.150,47.500,-0.166,56.119,44.599,54.065,-0.064,0.176,-0.000,-0.016,-0.013,-0.101,0.026,0.012,4.080,0.005,3.551,3.995,3.536
0.952,-2.978,-0.001,0.539,-0.000,-0.000,0.842,-0.157,-0.149,47.540,-0.166,56.153,44.638,54.100,-0.060,0.165,-0.000,-0.015,-0.012,-0.095,0.010,0.010,3.832,0.003,3.331,3.755,3.319
0.951,-2.977,-0.001,0.539,-0.000,-0.000,0.842,-0.157,-0.149,47.577,-0.166,56.185,44.674,54.132,-0.056,0.155,-0.000,-0.014,-0.011,-0.089,0.001,0.008,3.591,0.002,3.119,3.523,3.110
0.951,-2.975,-0.001,0.540,-0.000,-0.000,0.842,-0.157,-0.149,47.611,-0.166,56.216,44.708,54.162,-0.052,0.145,-0.000,-0.013,-0.010,-0.084,-0.002,0.007,3.359,0.002,2.915,3.298,2.907
0.950,-2.974,-0.001,0.540,-0.000,-0.000,0.842,-0.157,-0.149,47.644,-0.166,56.244,44.740,54.190,-0.049,0.135,-0.000,-0.012,-0.009,-0.078,-0.002,0.007,3.134,0.002,2.717,3.080,2.712
0.950,-2.972,-0.001,0.540,-0.000,-0.000,0.841,-0.157,-0.149,47.674,-0.166,56.270,44.770,54.216,-0.045,0.126,-0.000,-0.011,-0.009,-0.073,-0.001,0.007,2.916,0.002,2.526,2.869,2.522
0.950,-2.971,-0.001,0.541,-0.000,-0.000,0.841,-0.157,-0.149,47.702,-0.166,56.294,44.798,54.240,-0.042,0.117,-0.000,-0.010,-0.008,-0.068,0.001,0.006,2.705,0.002,2.342,2.664,2.339
0.949,-2.970,-0.001,0.541,-0.000,-0.001,0.841,-0.157,-0.149,47.728,-0.166,56.317,44.823,54.263,-0.039,0.108,-0.000,-0.009,-0.007,-0.063,0.001,0.006,2.502,0.002,2.164,2.466,2.162
0.949,-2.969,-0.001,0.541,-0.000,-0.001,0.841,-0.157,-0.149,47.752,-0.166,56.338,44.847,54.284,-0.036,0.100,-0.000,-0.009,-0.007,-0.058,0.001,0.006,2.305,0.002,1.992,2.274,1.991
0.948,-2.968,-0.001,0.541,-0.000,-0.001,0.841,-0.157,-0.149,47.774,-0.166,56.357,44.869,54.303,-0.033,0.092,-0.000,-0.008,-0.006,-0.053,0.001,0.006,2.114,0.002,1.826,2.088,1.825
0.948,-2.967,-0.001,0.542,-0.000,-0.001,0.841,-0.157,-0.149,47.795,-0.166,56.374,44.889,54.320,-0.030,0.084,-0.000,-0.007,-0.005,-0.049,0.001,0.005,1.930,0.001,1.665,1.908,1.664
0.948,-2.966,-0.001,0.542,-0.000,-0.001,0.841,-0.157,-0.149,47.813,-0.166,56.390,44.907,54.336,-0.027,0.076,-0.000,-0.006,-0.005,-0.045,0.001,0.005,1.751,0.001,1.510,1.733,1.509
0.948,-2.966,-0.001,0.542,0.000,-0.001,0.840,-0.157,-0.149,47.830,-0.166,56.404,44.924,54.350,-0.024,0.069,-0.000,-0.006,-0.004,-0.040,0.001,0.004,1.578,0.001,1.359,1.564,1.358
0.947,-2.965,-0.001,0.542,0.000,-0.001,0.840,-0.157,-0.149,47.845,-0.166,56.417,44.938,54.363,-0.022,0.061,-0.000,-0.005,-0.004,-0.036,0.001,0.004,1.411,0.001,1.214,1.400,1.213
0.947,-2.964,-0.001,0.542,0.000,-0.001,0.840,-0.157,-0.149,47.858,-0.166,56.429,44.952,54.375,-0.019,0.054,-0.000,-0.005,-0.004,-0.032,0.001,0.004,1.249,0.001,1.073,1.241,1.072
0.947,-2.964,-0.001,0.542,0.000,-0.001,0.840,-0.157,-0.149,47.870,-0.166,56.439,44.963,54.385,-0.017,0.048,-0.000,-0.004,-0.003,-0.028,0.001,0.004,1.092,0.001,0.937,1.087,0.935
0.947,-2.963,-0.001,0.543,0.000,-0.001,0.840,-0.157,-0.149,47.880,-0.166,56.447,44.973,54.393,-0.015,0.041,-0.000,-0.003,-0.003,-0.025,0.001,0.003,0.940,0.001,0.805,0.938,0.803
0.947,-2.963,-0.001,0.543,0.000,-0.001,0.840,-0.157,-0.149,47.888,-0.166,56.455,44.982,54.401,-0.012,0.035,-0.000,-0.003,-0.002,-0.021,0.001,0.003,0.793,0.001,0.677,0.794,0.675
0.947,-2.963,-0.001,0.543,0.000,-0.001,0.840,-0.157,-0.149,47.896,-0.166,56.461,44.989,54.407,-0.010,0.029,-0.000,-0.002,-0.002,-0.018,0.001,0.003,0.651,0.001,0.554,0.654,0.551
0.946,-2.963,-0.001,0.543,0.000,-0.001,0.840,-0.157,-0.149,47.901,-0.166,56.466,44.995,54.412,-0.008,0.023,-0.000,-0.002,-0.002,-0.014,0.001,0.003,0.513,0.001,0.434,0.518,0.431
0.946,-2.962,-0.001,0.543,0.000,-0.001,0.840,-0.157,-0.148,47.906,-0.166,56.470,45.000,54.416,-0.006,0.017,0.000,-0.002,-0.002,-0.011,0.001,0.002,0.380,0.001,0.318,0.387,0.315
0.946,-2.962,-0.001,0.543,0.000,-0.001,0.840,-0.157,-0.148,47.909,-0.166,56.472,45.003,54.418,-0.004,0.012,0.000,-0.001,-0.001,-0.008,0.001,0.002,0.250,0.001,0.206,0.260,0.202
0.946,-2.962,-0.001,0.543,0.000,-0.001,0.840,-0.156,-0.148,47.911,-0.166,56.474,45.005,54.420,-0.002,0.006,0.000,-0.001,-0.001,-0.005,0.001,0.002,0.125,0.001,0.097,0.137,0.093
0.946,-2.962,-0.001,0.543,0.000,-0.001,0.840,-0.156,-0.148,47.912,-0.166,56.474,45.006,54.420,-0.000,0.001,0.000,-0.000,-0.001,-0.002,0.000,0.002,0.005,0.000,-0.007,0.018,-0.011
0.946,-2.962,-0.001,0.543,0.000,-0.001,0.840,-0.156,-0.148,47.911,-0.166,56.474,45.005,54.419,0.001,-0.004,0.000,0.000,-0.001,0.001,0.000,0.002,-0.111,0.000,-0.108,-0.096,-0.112
0.946,-2.962,-0.001,0.543,0.000,-0.001,0.840,-0.156,-0.148,47.909,-0.166,56.472,45.004,54.418,0.003,-0.009,0.000,0.001,-0.000,0.004,0.000,0.002,-0.223,0.000,-0.205,-0.206,-0.211
0.946,-2.962,-0.001,0.543,0.000,-0.001,0.840,-0.156,-0.148,47.907,-0.166,56.470,45.001,54.415,0.005,-0.013,0.000,0.001,-0.000,0.006,0.000,0.002,-0.332,0.000,-0.300,-0.314,-0.306
0.946,-2.962,-0.001,0.543,0.000,-0.001,0.840,-0.156,-0.148,47.903,-0.166,56.466,44.997,54.412,0.006,-0.018,0.000,0.001,0.000,0.009,0.000,0.002,-0.438,0.000,-0.392,-0.418,-0.398
0.946,-2.963,-0.001,0.543,0.000,-0.001,0.840,-0.156,-0.148,47.898,-0.166,56.462,44.993,54.407,0.008,-0.022,0.000,0.002,0.000,0.011,0.000,0.001,-0.540,0.000,-0.480,-0.518,-0.487
0.947,-2.963,-0.001,0.543,0.000,-0.001,0.840,-0.156,-0.148,47.892,-0.166,56.456,44.987,54.402,0.009,-0.027,0.000,0.002,0.001,0.014,0.000,0.001,-0.639,0.000,-0.567,-0.616,-0.573
0.947,-2.963,-0.001,0.543,0.000,-0.001,0.840,-0.156,-0.148,47.885,-0.166,56.450,44.980,54.396,0.011,-0.031,0.000,0.002,0.001,0.016,0.000,0.001,-0.735,0.000,-0.650,-0.710,-0.657
0.947,-2.963,-0.001,0.543,0.000,-0.001,0.840,-0.156,-0.148,47.877,-0.166,56.443,44.973,54.389,0.012,-0.035,0.000,0.003,0.001,0.018,0.000,0.001,-0.828,0.000,-0.731,-0.801,-0.738
0.947,-2.964,-0.001,0.543,0.000,-0.001,0.840,-0.156,-0.148,47.868,-0.166,56.436,44.964,54.381,0.014,-0.039,0.000,0.003,0.001,0.020,0.000,0.001,-0.918,0.000,-0.809,-0.890,-0.817
0.947,-2.964,-0.001,0.542,0.000,-0.001,0.840,-0.156,-0.148,47.859,-0.166,56.427,44.955,54.372,0.015,-0.042,0.000,0.003,0.001,0.022,0.000,0.001,-1.006,0.000,-0.885,-0.976,-0.893
0.947,-2.965,-0.001,0.542,0.000,-0.001,0.840,-0.156,-0.148,47.848,-0.166,56.418,44.945,54.363,0.016,-0.046,0.000,0.004,0.002,0.024,0.000,0.001,-1.090,0.000,-0.959,-1.059,-0.967
0.947,-2.965,-0.001,0.542,0.000,-0.001,0.840,-0.156,-0.148,47.837,-0.166,56.408,44.934,54.353,0.018,-0.050,0.000,0.004,0.002,0.026,0.000,0.001,-1.172,0.000,-1.031,-1.139,-1.039
0.948,-2.966,-0.001,0.542,0.000,-0.001,0.840,-0.156,-0.148,47.825,-0.166,56.397,44.922,54.342,0.019,-0.053,0.000,0.004,0.002,0.028,0.000,0.001,-1.252,0.000,-1.100,-1.217,-1.108
0.948,-2.966,-0.001,0.542,0.000,-0.001,0.840,-0.156,-0.148,47.812,-0.166,56.386,44.910,54.331,0.020,-0.056,0.000,0.005,0.002,0.030,0.000,0.001,-1.329,0.000,-1.168,-1.293,-1.176
0.948,-2.967,-0.001,0.542,0.000,-0.001,0.840,-0.156,-0.148,47.798,-0.166,56.374,44.896,54.319,0.021,-0.060,0.000,0.005,0.003,0.032,0.000,0.001,-1.404,0.000,-1.233,-1.366,-1.241
0.948,-2.967,-0.001,0.542,0.000,-0.001,0.841,-0.156,-0.148,47.784,-0.166,56.361,44.882,54.306,0.022,-0.063,0.000,0.005,0.003,0.034,0.000,0.001,-1.477,0.000,-1.296,-1.437,-1.305
0.948,-2.968,-0.001,0.542,0.000,-0.001,0.841,-0.156,-0.148,47.769,-0.166,56.348,44.868,54.293,0.023,-0.066,0.000,0.005,0.003,0.035,0.000,0.001,-1.547,0.000,-1.358,-1.506,-1.366
0.949,-2.969,-0.001,0.541,0.000,-0.001,0.841,-0.156,-0.148,47.753,-0.166,56.334,44.852,54.279,0.024,-0.069,0.000,0.006,0.003,0.037,0.000,0.001,-1.615,0.000,-1.418,-1.572,-1.426
0.949,-2.969,-0.001,0.541,0.000,-0.001,0.841,-0.156,-0.148,47.737,-0.166,56.320,44.836,54.264,0.025,-0.071,0.000,0.006,0.003,0.039,0.000,0.001,-1.682,0.000,-1.476,-1.637,-1.484
0.949,-2.970,-0.001,0.541,0.000,-0.001,0.841,-0.156,-0.148,47.719,-0.166,56.305,44.819,54.249,0.026,-0.074,0.000,0.006,0.004,0.040,0.000,0.001,-1.746,0.000,-1.533,-1.700,-1.540
0.949,-2.971,-0.001,0.541,0.000,-0.001,0.841,-0.156,-0.148,47.702,-0.166,56.289,44.802,54.233,0.027,-0.077,0.000,0.007,0.004,0.042,0.000,0.001,-1.809,0.000,-1.588,-1.761,-1.595
0.950,-2.972,-0.001,0.541,0.000,-0.001,0.841,-0.156,-0.148,47.683,-0.166,56.273,44.784,54.217,0.028,-0.079,0.000,0.007,0.004,0.043,0.000,0.001,-1.869,0.000,-1.641,-1.820,-1.648
0.950,-2.973,-0.001,0.541,0.000,-0.000,0.841,-0.156,-0.148,47.664,-0.166,56.256,44.766,54.201,0.029,-0.082,0.000,0.007,0.004,0.045,0.000,0.001,-1.928,0.000,-1.693,-1.877,-1.700
0.950,-2.973,-0.001,0.540,0.000,-0.000,0.841,-0.156,-0.148,47.645,-0.166,56.239,44.747,54.183,0.030,-0.084,0.000,0.007,0.004,0.046,0.000,0.001,-1.986,0.000,-1.744,-1.933,-1.750
0.951,-2.974,-0.001,0.540,0.000,-0.000,0.842,-0.156,-0.148,47.625,-0.166,56.222,44.727,54.166,0.031,-0.087,0.000,0.008,0.005,0.047,0.000,0.001,-2.042,0.000,-1.793,-1.987,-1.799
0.951,-2.975,-0.001,0.540,0.000,-0.000,0.842,-0.156,-0.148,47.604,-0.166,56.203,44.707,54.147,0.032,-0.089,0.000,0.008,0.005,0.049,0.000,0.001,-2.096,0.000,-1.841,-2.039,-1.846
0.951,-2.976,-0.001,0.540,0.000,-0.000,0.842,-0.156,-0.148,47.583,-0.166,56.185,44.686,54.129,0.033,-0.091,0.000,0.008,0.005,0.050,0.000,0.001,-2.149,0.000,-1.888,-2.090,-1.893
0.952,-2.977,-0.001,0.540,0.000,-0.000,0.842,-0.156,-0.148,47.561,-0.166,56.166,44.665,54.109,0.034,-0.094,0.000,0.008,0.005,0.051,0.000,0.001,-2.200,0.000,-1.933,-2.140,-1.938
0.952,-2.978,-0.001,0.539,0.000,-0.000,0.842,-0.156,-0.148,47.539,-0.166,56.146,44.643,54.090,0.035,-0.096,0.000,0.008,0.005,0.052,0.000,0.001,-2.250,0.000,-1.978,-2.188,-1.981
0.952,-2.979,-0.001,0.539,0.000,-0.000,0.842,-0.156,-0.148,47.516,-0.166,56.126,44.621,54.070,0.035,-0.098,0.000,0.009,0.006,0.053,0.000,0.001,-2.298,-0.000,-2.021,-2.235,-2.024
0.953,-2.980,-0.001,0.539,0.000,-0.000,0.842,-0.156,-0.148,47.493,-0.166,56.106,44.599,54.049,0.036,-0.100,0.000,0.009,0.006,0.055,0.000,0.001,-2.346,-0.000,-2.064,-2.281,-2.065
0.953,-2.981,-0.001,0.539,0.000,-0.000,0.843,-0.156,-0.148,47.469,-0.166,56.085,44.576,54.029,0.037,-0.102,0.000,0.009,0.006,0.056,0.000,0.001,-2.392,-0.000,-2.105,-2.325,-2.106
0.953,-2.982,-0.001,0.538,0.000,-0.000,0.843,-0.156,-0.148,47.445,-0.166,56.064,44.552,54.007,0.038,-0.104,0.000,0.009,0.006,0.057,0.000,0.001,-2.437,-0.000,-2.145,-2.368,-2.145
0.954,-2.983,-0.001,0.538,0.000,0.000,0.843,-0.156,-0.148,47.420,-0.166,56.042,44.528,53.986,0.039,-0.106,-0.000,0.009,0.006,0.058,0.000,0.001,-2.481,-0.000,-2.185,-2.411,-2.184
0.954,-2.984,-0.001,0.538,0.000,0.000,0.843,-0.156,-0.148,47.395,-0.166,56.020,44.504,53.964,0.039,-0.107,-0.000,0.009,0.006,0.059,0.000,0.001,-2.524,-0.000,-2.223,-2.452,-2.221
0.955,-2.985,-0.001,0.538,0.000,0.000,0.843,-0.156,-0.148,47.370,-0.166,55.997,44.479,53.941,0.040,-0.109,-0.000,0.009,0.007,0.060,0.000,0.001,-2.566,-0.000,-2.261,-2.492,-2.258
0.955,-2.986,-0.001,0.537,0.000,0.000,0.843,-0.156,-0.148,47.344,-0.166,55.975,44.454,53.918,0.041,-0.111,-0.000,0.009,0.007,0.061,0.000,0.001,-2.606,-0.000,-2.298,-2.531,-2.293
0.955,-2.987,-0.001,0.537,0.000,0.000,0.843,-0.156,-0.148,47.318,-0.166,55.951,44.429,53.895,0.041,-0.113,-0.000,0.009,0.007,0.062,0.000,0.001,-2.646,-0.000,-2.334,-2.569,-2.328
0.956,-2.988,-0.001,0.537,0.000,0.000,0.844,-0.156,-0.148,47.291,-0.166,55.928,44.403,53.872,0.042,-0.114,-0.000,0.009,0.007,0.063,0.000,0.001,-2.685,-0.000,-2.369,-2.607,-2.362
0.956,-2.990,-0.001,0.537,0.000,0.000,0.844,-0.156,-0.148,47.264,-0.166,55.904,44.377,53.848,0.043,-0.116,-0.000,0.009,0.007,0.064,0.000,0.001,-2.724,-0.000,-2.404,-2.643,-2.396
0.957,-2.991,-0.001,0.536,0.000,0.000,0.844,-0.156,-0.148,47.236,-0.166,55.880,44.350,53.824,0.043,-0.117,-0.000,0.009,0.007,0.065,0.000,0.001,-2.761,-0.000,-2.438,-2.679,-2.428
0.957,-2.992,-0.001,0.536,0.000,0.001,0.844,-0.156,-0.148,47.209,-0.166,55.855,44.323,53.800,0.044,-0.119,-0.000,0.009,0.007,0.066,0.000,0.001,-2.797,-0.000,-2.471,-2.714,-2.460
0.957,-2.993,-0.001,0.536,0.000,0.001,0.844,-0.156,-0.148,47.181,-0.166,55.830,44.296,53.775,0.045,-0.120,-0.000,0.009,0.007,0.067,0.000,0.001,-2.833,-0.000,-2.504,-2.748,-2.491
0.958,-2.994,-0.001,0.536,0.000,0.001,0.845,-0.156,-0.148,47.152,-0.166,55.805,44.268,53.750,0.045,-0.122,-0.000,0.009,0.007,0.067,0.000,0.001,-2.868,-0.000,-2.536,-2.781,-2.522
