-1.000,-7.000,0.001,1.000,0.000,0.000,0.000,-0.000,-0.000,0.000,-0.000,0.000,0.000,0.000,-0.000,-0.000,0.000,-0.000,-0.000,-0.000,0.000,0.000,-0.000,0.000,-0.000,-0.000,-0.000
-1.000,-7.000,0.001,1.000,0.000,0.000,0.000,-0.497,-0.351,0.000,-0.420,0.002,-0.006,-0.004,-0.044,0.004,0.001,0.002,0.019,0.049,-69.395,-50.620,-0.156,-57.577,0.132,-0.990,-0.800
-1.001,-7.000,0.001,1.000,0.000,0.000,0.000,-0.912,-0.675,-0.006,-0.767,-0.001,-0.017,-0.014,-0.055,0.013,0.000,0.011,0.009,0.070,-18.646,-16.124,-1.054,-16.847,-0.788,-1.355,-1.073
-1.001,-7.000,0.001,1.000,0.000,0.000,0.001,-0.954,-0.732,-0.021,-0.810,-0.013,-0.033,-0.025,-0.065,0.024,0.000,0.014,0.003,0.122,7.952,3.615,-1.868,8.074,-1.540,-1.722,-1.223
-1.002,-6.999,0.001,1.000,0.000,0.000,0.002,-0.794,-0.629,-0.043,-0.628,-0.032,-0.052,-0.039,-0.081,0.031,0.000,0.011,0.003,0.163,21.443,15.007,-2.586,25.528,-2.221,-2.130,-1.443
-1.003,-6.999,0.001,1.000,0.000,0.000,0.003,-0.591,-0.482,-0.072,-0.388,-0.056,-0.076,-0.055,-0.108,0.034,-0.000,0.003,0.010,0.191,16.443,12.482,-3.163,18.589,-2.594,-2.689,-1.863
-1.004,-6.999,0.001,1.000,0.000,0.000,0.003,-0.489,-0.397,-0.106,-0.289,-0.083,-0.106,-0.076,-0.138,0.033,-0.001,-0.005,0.014,0.200,4.373,5.042,-3.632,1.971,-2.811,-3.290,-2.404
-1.006,-6.998,0.000,1.000,0.000,0.000,0.005,-0.486,-0.372,-0.144,-0.328,-0.113,-0.142,-0.103,-0.166,0.034,-0.001,-0.006,0.012,0.213,-3.068,0.126,-4.112,-8.676,-3.091,-3.866,-2.914
-1.008,-6.998,0.000,1.000,0.000,0.000,0.006,-0.526,-0.385,-0.188,-0.420,-0.146,-0.183,-0.134,-0.189,0.039,-0.001,-0.003,0.007,0.248,-3.965,-2.077,-4.643,-8.466,-3.511,-4.413,-3.320
-1.010,-6.998,0.000,1.000,0.000,0.000,0.007,-0.551,-0.399,-0.237,-0.472,-0.183,-0.230,-0.169,-0.210,0.046,-0.002,-0.001,0.003,0.289,-1.320,-0.739,-5.216,-2.669,-3.999,-4.922,-3.651
-1.012,-6.997,0.000,1.000,0.000,0.000,0.009,-0.557,-0.403,-0.292,-0.483,-0.226,-0.281,-0.207,-0.230,0.052,-0.002,-0.003,0.001,0.333,0.039,-0.110,-5.788,-0.084,-4.440,-5.428,-3.964
-1.014,-6.997,0.000,1.000,0.000,0.000,0.010,-0.553,-0.402,-0.353,-0.478,-0.272,-0.338,-0.248,-0.251,0.056,-0.003,-0.006,0.000,0.370,0.528,0.140,-6.337,0.877,-4.851,-5.924,-4.283
-1.017,-6.996,0.000,1.000,0.000,0.000,0.012,-0.548,-0.400,-0.419,-0.468,-0.323,-0.400,-0.293,-0.272,0.060,-0.004,-0.009,0.000,0.401,0.554,0.203,-6.858,1.076,-5.241,-6.404,-4.613
-1.020,-6.995,0.000,1.000,0.000,0.000,0.014,-0.543,-0.398,-0.490,-0.458,-0.377,-0.466,-0.341,-0.292,0.063,-0.004,-0.013,0.000,0.427,0.403,0.186,-7.353,0.963,-5.615,-6.870,-4.948
-1.023,-6.995,0.000,1.000,-0.000,0.000,0.017,-0.540,-0.397,-0.566,-0.449,-0.435,-0.537,-0.392,-0.312,0.065,-0.005,-0.015,0.001,0.451,0.231,0.146,-7.828,0.758,-5.976,-7.320,-5.280
-1.026,-6.994,0.000,1.000,-0.000,0.000,0.019,-0.538,-0.395,-0.647,-0.443,-0.496,-0.613,-0.446,-0.331,0.066,-0.006,-0.017,0.001,0.473,0.103,0.105,-8.286,0.557,-6.325,-7.755,-5.604
-1.029,-6.993,0.000,1.000,-0.000,0.000,0.021,-0.537,-0.395,-0.732,-0.438,-0.561,-0.692,-0.504,-0.349,0.067,-0.007,-0.018,-0.000,0.494,0.031,0.073,-8.732,0.394,-6.663,-8.177,-5.920
-1.033,-6.993,0.000,1.000,-0.000,0.000,0.024,-0.537,-0.394,-0.821,-0.435,-0.630,-0.776,-0.565,-0.367,0.068,-0.008,-0.018,-0.001,0.514,-0.003,0.051,-9.166,0.272,-6.991,-8.586,-6.225
-1.037,-6.992,0.000,1.000,-0.000,0.000,0.026,-0.537,-0.393,-0.915,-0.432,-0.701,-0.864,-0.628,-0.384,0.069,-0.009,-0.017,-0.002,0.534,-0.015,0.035,-9.588,0.184,-7.309,-8.983,-6.520
-1.040,-6.991,-0.000,1.000,-0.000,0.000,0.029,-0.538,-0.393,-1.013,-0.431,-0.776,-0.956,-0.695,-0.401,0.069,-0.009,-0.016,-0.003,0.554,-0.016,0.024,-9.999,0.123,-7.616,-9.368,-6.803
-1.045,-6.991,-0.000,0.999,-0.001,0.000,0.032,-0.538,-0.393,-1.115,-0.430,-0.853,-1.051,-0.764,-0.416,0.069,-0.010,-0.015,-0.004,0.573,-0.012,0.017,-10.398,0.082,-7.915,-9.743,-7.076
-1.049,-6.990,-0.000,0.999,-0.001,0.000,0.035,-0.538,-0.393,-1.221,-0.429,-0.934,-1.150,-0.837,-0.432,0.069,-0.010,-0.013,-0.004,0.592,-0.008,0.012,-10.786,0.054,-8.204,-10.107,-7.340
-1.053,-6.989,-0.000,0.999,-0.001,0.000,0.038,-0.538,-0.393,-1.331,-0.429,-1.017,-1.253,-0.911,-0.446,0.068,-0.011,-0.011,-0.005,0.610,-0.005,0.009,-11.162,0.035,-8.483,-10.459,-7.593
-1.058,-6.989,-0.000,0.999,-0.001,0.000,0.041,-0.538,-0.393,-1.444,-0.428,-1.104,-1.360,-0.988,-0.460,0.067,-0.011,-0.008,-0.005,0.628,-0.002,0.006,-11.526,0.022,-8.754,-10.800,-7.838
-1.062,-6.988,-0.001,0.999,-0.001,0.000,0.044,-0.538,-0.393,-1.561,-0.428,-1.192,-1.469,-1.068,-0.474,0.066,-0.011,-0.004,-0.006,0.645,-0.001,0.004,-11.877,0.015,-9.016,-11.130,-8.074
-1.067,-6.987,-0.001,0.999,-0.001,0.000,0.047,-0.538,-0.393,-1.682,-0.428,-1.284,-1.582,-1.150,-0.487,0.065,-0.010,0.001,-0.007,0.662,-0.000,0.002,-12.215,0.010,-9.269,-11.448,-8.302
-1.072,-6.987,-0.001,0.999,-0.001,0.000,0.051,-0.538,-0.393,-1.805,-0.428,-1.378,-1.698,-1.234,-0.499,0.063,-0.010,0.006,-0.007,0.678,0.000,0.000,-12.540,0.008,-9.514,-11.754,-8.522
-1.077,-6.986,-0.001,0.999,-0.001,0.000,0.054,-0.538,-0.393,-1.932,-0.428,-1.474,-1.817,-1.320,-0.511,0.061,-0.009,0.011,-0.008,0.694,0.000,-0.001,-12.852,0.006,-9.751,-12.049,-8.735
-1.082,-6.985,-0.001,0.998,-0.001,0.000,0.058,-0.538,-0.393,-2.062,-0.428,-1.573,-1.939,-1.409,-0.523,0.059,-0.008,0.016,-0.009,0.709,0.000,-0.002,-13.151,0.005,-9.979,-12.332,-8.941
-1.088,-6.985,-0.001,0.998,-0.001,0.000,0.061,-0.538,-0.393,-2.195,-0.428,-1.674,-2.064,-1.499,-0.534,0.057,-0.006,0.020,-0.010,0.724,0.000,-0.003,-13.438,0.004,-10.198,-12.603,-9.139
-1.093,-6.984,-0.001,0.998,-0.000,0.000,0.065,-0.538,-0.393,-2.331,-0.428,-1.777,-2.191,-1.591,-0.545,0.054,-0.005,0.023,-0.010,0.739,0.000,-0.004,-13.713,0.004,-10.409,-12.864,-9.331
-1.099,-6.984,-0.001,0.998,-0.000,0.000,0.069,-0.538,-0.393,-2.470,-0.428,-1.882,-2.321,-1.686,-0.556,0.051,-0.004,0.025,-0.011,0.754,0.000,-0.004,-13.976,0.004,-10.613,-13.115,-9.516
-1.104,-6.983,-0.001,0.997,-0.000,-0.000,0.072,-0.538,-0.393,-2.611,-0.428,-1.989,-2.453,-1.782,-0.566,0.048,-0.002,0.025,-0.011,0.768,0.000,-0.004,-14.229,0.004,-10.809,-13.356,-9.696
-1.110,-6.983,-0.001,0.997,-0.000,-0.000,0.076,-0.538,-0.393,-2.754,-0.428,-2.098,-2.588,-1.880,-0.576,0.044,-0.001,0.024,-0.011,0.782,0.000,-0.004,-14.473,0.004,-11.000,-13.588,-9.870
-1.116,-6.982,-0.001,0.997,0.000,-0.000,0.080,-0.538,-0.393,-2.900,-0.428,-2.209,-2.725,-1.979,-0.586,0.041,-0.000,0.021,-0.010,0.795,0.000,-0.004,-14.708,0.004,-11.183,-13.813,-10.038
-1.122,-6.982,-0.001,0.996,0.000,-0.000,0.084,-0.538,-0.393,-3.048,-0.428,-2.322,-2.864,-2.080,-0.596,0.037,0.000,0.017,-0.009,0.809,0.001,-0.003,-14.935,0.004,-11.361,-14.030,-10.201
-1.128,-6.982,-0.001,0.996,0.000,-0.000,0.088,-0.538,-0.393,-3.199,-0.428,-2.436,-3.006,-2.183,-0.605,0.032,0.001,0.012,-0.009,0.821,0.001,-0.002,-15.156,0.004,-11.532,-14.242,-10.359
-1.134,-6.981,-0.001,0.996,0.000,-0.000,0.092,-0.538,-0.393,-3.351,-0.427,-2.552,-3.149,-2.287,-0.614,0.028,0.001,0.007,-0.008,0.834,0.001,-0.002,-15.372,0.004,-11.697,-14.448,-10.511
-1.140,-6.981,-0.001,0.995,0.000,-0.000,0.097,-0.538,-0.393,-3.506,-0.427,-2.670,-3.295,-2.393,-0.623,0.023,0.001,0.002,-0.007,0.846,0.001,-0.001,-15.584,0.003,-11.857,-14.650,-10.658
-1.146,-6.981,-0.001,0.995,0.000,-0.000,0.101,-0.538,-0.393,-3.663,-0.427,-2.789,-3.442,-2.501,-0.631,0.018,0.001,-0.002,-0.006,0.858,0.001,-0.001,-15.790,0.003,-12.012,-14.847,-10.799
-1.153,-6.981,-0.001,0.994,0.000,-0.000,0.105,-0.538,-0.393,-3.822,-0.427,-2.910,-3.592,-2.609,-0.640,0.013,0.001,-0.004,-0.006,0.870,0.000,-0.001,-15.993,0.003,-12.162,-15.041,-10.935
-1.159,-6.981,-0.001,0.994,0.000,-0.000,0.109,-0.538,-0.393,-3.983,-0.427,-3.033,-3.743,-2.719,-0.648,0.008,0.001,-0.003,-0.006,0.882,0.000,-0.001,-16.190,0.002,-12.307,-15.231,-11.065
-1.165,-6.981,-0.001,0.993,0.000,-0.000,0.114,-0.538,-0.393,-4.146,-0.427,-3.156,-3.896,-2.831,-0.656,0.003,0.002,0.001,-0.008,0.894,-0.000,-0.002,-16.382,0.002,-12.447,-15.416,-11.190
-1.172,-6.981,-0.001,0.993,0.000,-0.000,0.118,-0.538,-0.393,-4.310,-0.427,-3.282,-4.051,-2.943,-0.663,-0.003,0.003,0.008,-0.010,0.907,-0.000,-0.003,-16.567,0.001,-12.584,-15.595,-11.309
-1.179,-6.981,-0.001,0.992,0.000,-0.000,0.123,-0.538,-0.393,-4.477,-0.427,-3.408,-4.208,-3.057,-0.671,-0.008,0.004,0.019,-0.011,0.920,-0.000,-0.004,-16.744,0.001,-12.718,-15.769,-11.425
-1.185,-6.981,-0.001,0.992,0.001,-0.001,0.127,-0.538,-0.393,-4.645,-0.427,-3.536,-4.367,-3.172,-0.678,-0.014,0.005,0.033,-0.013,0.933,-0.001,-0.005,-16.910,0.001,-12.850,-15.935,-11.538
-1.192,-6.981,-0.001,0.991,0.001,-0.001,0.132,-0.538,-0.393,-4.815,-0.427,-3.665,-4.527,-3.288,-0.685,-0.020,0.007,0.047,-0.013,0.946,-0.001,-0.006,-17.066,0.001,-12.982,-16.093,-11.651
-1.199,-6.981,-0.001,0.991,0.001,-0.001,0.137,-0.538,-0.393,-4.987,-0.427,-3.796,-4.688,-3.405,-0.692,-0.026,0.008,0.062,-0.013,0.959,-0.001,-0.006,-17.210,0.001,-13.113,-16.240,-11.764
-1.206,-6.981,-0.001,0.990,0.001,-0.001,0.142,-0.538,-0.393,-5.159,-0.427,-3.927,-4.852,-3.523,-0.699,-0.033,0.010,0.074,-0.011,0.972,-0.000,-0.006,-17.342,0.002,-13.245,-16.377,-11.879
-1.213,-6.982,-0.001,0.989,0.002,-0.001,0.146,-0.538,-0.393,-5.333,-0.427,-4.060,-5.016,-3.642,-0.706,-0.040,0.011,0.084,-0.009,0.983,-0.000,-0.006,-17.461,0.002,-13.376,-16.502,-11.996
-1.220,-6.982,-0.001,0.988,0.002,-0.001,0.151,-0.538,-0.393,-5.509,-0.427,-4.195,-5.182,-3.763,-0.713,-0.047,0.012,0.087,-0.006,0.993,0.000,-0.004,-17.569,0.003,-13.506,-16.616,-12.117
-1.227,-6.983,-0.000,0.988,0.003,-0.001,0.156,-0.538,-0.393,-5.685,-0.427,-4.331,-5.348,-3.885,-0.720,-0.055,0.012,0.084,-0.003,1.002,0.001,-0.002,-17.666,0.004,-13.635,-16.719,-12.242
-1.235,-6.983,-0.000,0.987,0.003,-0.001,0.161,-0.538,-0.393,-5.862,-0.427,-4.468,-5.516,-4.008,-0.726,-0.063,0.012,0.074,0.000,1.008,0.001,0.000,-17.756,0.004,-13.759,-16.813,-12.369
-1.242,-6.984,-0.000,0.986,0.003,-0.000,0.166,-0.538,-0.393,-6.040,-0.427,-4.606,-5.685,-4.132,-0.732,-0.073,0.012,0.055,0.005,1.012,0.002,0.003,-17.841,0.005,-13.879,-16.902,-12.499
-1.249,-6.985,-0.000,0.985,0.004,-0.000,0.171,-0.538,-0.393,-6.219,-0.427,-4.745,-5.854,-4.258,-0.738,-0.082,0.010,0.029,0.011,1.013,0.002,0.005,-17.924,0.006,-13.994,-16.988,-12.631
-1.257,-6.986,-0.000,0.984,0.004,-0.000,0.176,-0.538,-0.393,-6.398,-0.427,-4.886,-6.024,-4.385,-0.743,-0.093,0.007,-0.003,0.018,1.011,0.002,0.008,-18.009,0.006,-14.101,-17.074,-12.763
-1.264,-6.987,0.000,0.983,0.003,-0.000,0.181,-0.538,-0.393,-6.579,-0.427,-5.027,-6.195,-4.513,-0.748,-0.103,0.005,-0.040,0.025,1.010,0.002,0.009,-18.105,0.005,-14.196,-17.165,-12.883
-1.272,-6.988,0.000,0.983,0.003,-0.000,0.186,-0.538,-0.393,-6.760,-0.427,-5.169,-6.368,-4.642,-0.753,-0.112,0.002,-0.078,0.029,1.011,0.002,0.010,-18.218,0.004,-14.277,-17.265,-12.980
-1.279,-6.989,0.000,0.982,0.003,-0.000,0.191,-0.538,-0.393,-6.943,-0.427,-5.313,-6.541,-4.772,-0.756,-0.121,-0.000,-0.114,0.029,1.014,0.001,0.009,-18.345,0.003,-14.343,-17.373,-13.056
-1.287,-6.990,0.000,0.981,0.002,-0.000,0.196,-0.538,-0.393,-7.127,-0.427,-5.456,-6.715,-4.903,-0.759,-0.130,-0.002,-0.144,0.027,1.017,0.001,0.009,-18.486,0.002,-14.396,-17.491,-13.112
-1.294,-6.992,0.000,0.980,0.001,-0.000,0.201,-0.538,-0.393,-7.313,-0.427,-5.600,-6.891,-5.035,-0.762,-0.139,-0.004,-0.166,0.024,1.021,0.001,0.008,-18.637,0.001,-14.438,-17.617,-13.150
-1.302,-6.993,0.000,0.979,0.000,-0.000,0.206,-0.538,-0.393,-7.500,-0.427,-5.745,-7.067,-5.166,-0.764,-0.147,-0.005,-0.176,0.018,1.026,0.000,0.006,-18.795,0.001,-14.470,-17.751,-13.172
-1.310,-6.994,-0.000,0.977,-0.001,-0.000,0.211,-0.538,-0.393,-7.689,-0.427,-5.890,-7.246,-5.298,-0.766,-0.155,-0.006,-0.174,0.011,1.031,0.000,0.005,-18.956,-0.000,-14.496,-17.888,-13.181
-1.317,-6.996,-0.000,0.976,-0.001,-0.001,0.216,-0.538,-0.393,-7.879,-0.427,-6.035,-7.425,-5.430,-0.767,-0.162,-0.005,-0.163,0.002,1.039,-0.000,0.003,-19.119,-0.001,-14.515,-18.027,-13.173
-1.325,-6.998,-0.000,0.975,-0.002,-0.001,0.221,-0.538,-0.393,-8.071,-0.427,-6.180,-7.606,-5.561,-0.768,-0.169,-0.004,-0.145,-0.007,1.050,-0.001,0.001,-19.281,-0.002,-14.530,-18.166,-13.151
-1.333,-6.999,-0.000,0.974,-0.003,-0.001,0.226,-0.538,-0.393,-8.265,-0.427,-6.325,-7.789,-5.693,-0.768,-0.176,-0.003,-0.121,-0.014,1.062,-0.002,-0.001,-19.437,-0.004,-14.546,-18.302,-13.124
-1.340,-7.001,-0.000,0.973,-0.003,-0.001,0.232,-0.538,-0.393,-8.460,-0.427,-6.471,-7.972,-5.824,-0.769,-0.183,-0.002,-0.093,-0.018,1.075,-0.002,-0.003,-19.580,-0.005,-14.568,-18.433,-13.100
-1.348,-7.003,-0.000,0.972,-0.004,-0.001,0.237,-0.538,-0.393,-8.656,-0.427,-6.617,-8.157,-5.955,-0.770,-0.190,-0.001,-0.062,-0.017,1.087,-0.003,-0.005,-19.711,-0.007,-14.599,-18.556,-13.083
-1.356,-7.005,-0.000,0.970,-0.004,-0.001,0.242,-0.538,-0.393,-8.854,-0.427,-6.763,-8.343,-6.085,-0.770,-0.197,-0.002,-0.030,-0.011,1.102,-0.003,-0.005,-19.838,-0.008,-14.643,-18.672,-13.070
-1.363,-7.007,-0.000,0.969,-0.004,-0.001,0.248,-0.538,-0.393,-9.053,-0.427,-6.910,-8.531,-6.216,-0.771,-0.204,-0.003,0.001,-0.001,1.119,-0.003,-0.005,-19.963,-0.008,-14.698,-18.779,-13.059
-1.371,-7.009,-0.000,0.967,-0.004,-0.001,0.253,-0.538,-0.393,-9.253,-0.427,-7.057,-8.719,-6.347,-0.771,-0.212,-0.004,0.027,0.010,1.136,-0.002,-0.005,-20.086,-0.008,-14.765,-18.875,-13.054
-1.379,-7.011,-0.000,0.966,-0.004,-0.001,0.259,-0.538,-0.393,-9.455,-0.427,-7.205,-8.908,-6.477,-0.772,-0.219,-0.006,0.048,0.018,1.151,-0.002,-0.003,-20.200,-0.008,-14.841,-18.956,-13.060
-1.387,-7.014,-0.000,0.964,-0.004,-0.001,0.264,-0.538,-0.393,-9.657,-0.427,-7.354,-9.098,-6.608,-0.772,-0.228,-0.007,0.061,0.022,1.162,-0.001,-0.002,-20.302,-0.007,-14.923,-19.024,-13.081
-1.394,-7.016,-0.000,0.963,-0.003,-0.001,0.270,-0.538,-0.393,-9.861,-0.427,-7.504,-9.288,-6.739,-0.771,-0.237,-0.008,0.069,0.020,1.171,-0.001,-0.001,-20.391,-0.006,-15.011,-19.080,-13.118
-1.402,-7.018,-0.001,0.961,-0.003,-0.001,0.275,-0.538,-0.393,-10.065,-0.427,-7.654,-9.480,-6.870,-0.770,-0.247,-0.008,0.073,0.012,1.176,-0.001,-0.000,-20.465,-0.005,-15.100,-19.129,-13.166
-1.410,-7.021,-0.001,0.960,-0.003,-0.000,0.281,-0.538,-0.393,-10.270,-0.428,-7.806,-9.671,-7.002,-0.769,-0.256,-0.008,0.075,0.001,1.179,-0.000,-0.001,-20.526,-0.004,-15.189,-19.173,-13.226
-1.417,-7.023,-0.001,0.958,-0.002,-0.000,0.287,-0.538,-0.393,-10.476,-0.428,-7.958,-9.863,-7.135,-0.768,-0.266,-0.007,0.077,-0.013,1.181,-0.000,-0.001,-20.574,-0.002,-15.275,-19.216,-13.292
-1.425,-7.026,-0.001,0.956,-0.002,-0.000,0.292,-0.538,-0.393,-10.682,-0.428,-8.111,-10.055,-7.268,-0.767,-0.276,-0.005,0.080,-0.028,1.183,-0.000,-0.002,-20.610,-0.001,-15.356,-19.261,-13.364
-1.433,-7.029,-0.001,0.955,-0.001,-0.000,0.298,-0.538,-0.393,-10.888,-0.428,-8.265,-10.248,-7.402,-0.765,-0.286,-0.002,0.086,-0.041,1.186,0.000,-0.004,-20.634,0.001,-15.433,-19.308,-13.438
-1.440,-7.032,-0.001,0.953,-0.001,-0.000,0.304,-0.538,-0.393,-11.094,-0.428,-8.420,-10.442,-7.537,-0.764,-0.296,0.000,0.094,-0.050,1.190,0.000,-0.005,-20.648,0.002,-15.506,-19.357,-13.514
-1.448,-7.035,-0.001,0.951,-0.000,-0.001,0.309,-0.538,-0.393,-11.301,-0.428,-8.575,-10.635,-7.672,-0.763,-0.305,0.003,0.103,-0.053,1.195,0.000,-0.006,-20.652,0.003,-15.576,-19.405,-13.593
-1.456,-7.038,-0.001,0.949,0.000,-0.001,0.315,-0.538,-0.393,-11.507,-0.427,-8.731,-10.830,-7.809,-0.762,-0.315,0.006,0.113,-0.051,1.201,0.000,-0.007,-20.648,0.004,-15.644,-19.451,-13.675
-1.463,-7.041,-0.001,0.947,0.001,-0.001,0.321,-0.538,-0.393,-11.714,-0.427,-8.888,-11.024,-7.946,-0.762,-0.325,0.008,0.121,-0.042,1.206,0.000,-0.006,-20.635,0.004,-15.714,-19.490,-13.762
-1.471,-7.044,-0.001,0.945,0.002,-0.001,0.326,-0.538,-0.393,-11.920,-0.427,-9.045,-11.219,-8.084,-0.761,-0.336,0.009,0.125,-0.028,1.210,0.001,-0.004,-20.617,0.004,-15.784,-19.520,-13.855
-1.478,-7.048,-0.001,0.943,0.002,-0.001,0.332,-0.538,-0.393,-12.126,-0.427,-9.204,-11.415,-8.223,-0.760,-0.348,0.010,0.123,-0.010,1.211,0.001,-0.002,-20.595,0.004,-15.856,-19.538,-13.954
-1.486,-7.051,-0.000,0.941,0.003,-0.000,0.338,-0.538,-0.393,-12.332,-0.427,-9.363,-11.610,-8.363,-0.759,-0.359,0.009,0.113,0.009,1.210,0.001,0.001,-20.570,0.003,-15.930,-19.544,-14.057
-1.494,-7.055,-0.000,0.939,0.003,-0.000,0.344,-0.538,-0.393,-12.537,-0.427,-9.522,-11.806,-8.504,-0.757,-0.372,0.008,0.097,0.027,1.206,0.001,0.005,-20.547,0.003,-16.003,-19.538,-14.162
-1.501,-7.059,-0.000,0.937,0.004,0.000,0.349,-0.538,-0.393,-12.743,-0.427,-9.683,-12.001,-8.646,-0.755,-0.384,0.006,0.074,0.039,1.198,0.001,0.008,-20.539,0.002,-16.071,-19.519,-14.265
-1.509,-7.063,-0.000,0.935,0.004,0.000,0.355,-0.538,-0.393,-12.948,-0.427,-9.844,-12.196,-8.790,-0.751,-0.397,0.003,0.046,0.049,1.186,0.002,0.010,-20.547,0.001,-16.131,-19.494,-14.370
-1.516,-7.067,-0.000,0.933,0.004,0.001,0.360,-0.538,-0.393,-13.154,-0.427,-10.005,-12.391,-8.934,-0.748,-0.411,-0.001,0.011,0.058,1.170,0.001,0.011,-20.561,0.001,-16.184,-19.474,-14.477
-1.524,-7.071,-0.000,0.931,0.004,0.001,0.366,-0.538,-0.393,-13.360,-0.427,-10.167,-12.585,-9.079,-0.743,-0.424,-0.005,-0.026,0.063,1.154,0.001,0.011,-20.583,0.001,-16.228,-19.464,-14.577
-1.531,-7.075,-0.000,0.929,0.003,0.001,0.371,-0.538,-0.393,-13.566,-0.427,-10.330,-12.780,-9.225,-0.739,-0.435,-0.008,-0.061,0.059,1.142,0.001,0.009,-20.620,0.001,-16.265,-19.468,-14.648
-1.538,-7.080,-0.000,0.926,0.003,0.001,0.376,-0.538,-0.393,-13.772,-0.427,-10.493,-12.975,-9.372,-0.734,-0.445,-0.011,-0.091,0.046,1.137,0.001,0.008,-20.675,0.001,-16.291,-19.489,-14.683
-1.546,-7.084,-0.001,0.924,0.002,0.001,0.382,-0.538,-0.393,-13.979,-0.427,-10.656,-13.170,-9.519,-0.729,-0.454,-0.011,-0.112,0.025,1.134,0.001,0.006,-20.741,0.002,-16.303,-19.527,-14.694
-1.553,-7.089,-0.001,0.922,0.002,0.001,0.387,-0.538,-0.393,-14.187,-0.427,-10.819,-13.365,-9.666,-0.723,-0.462,-0.011,-0.123,-0.000,1.134,0.001,0.004,-20.814,0.003,-16.297,-19.580,-14.688
-1.560,-7.093,-0.001,0.920,0.001,0.001,0.392,-0.538,-0.393,-14.395,-0.427,-10.981,-13.562,-9.812,-0.718,-0.469,-0.009,-0.123,-0.028,1.134,0.001,0.001,-20.890,0.004,-16.274,-19.646,-14.673
-1.567,-7.098,-0.001,0.918,0.001,0.000,0.397,-0.538,-0.393,-14.605,-0.427,-11.144,-13.758,-9.959,-0.712,-0.477,-0.006,-0.116,-0.052,1.136,0.001,-0.001,-20.962,0.006,-16.239,-19.723,-14.656
-1.574,-7.103,-0.001,0.915,0.000,-0.000,0.402,-0.538,-0.393,-14.815,-0.427,-11.306,-13.956,-10.106,-0.707,-0.484,-0.002,-0.106,-0.071,1.138,0.001,-0.003,-21.026,0.007,-16.197,-19.809,-14.642
-1.582,-7.108,-0.001,0.913,0.000,-0.001,0.408,-0.538,-0.393,-15.025,-0.427,-11.468,-14.155,-10.252,-0.702,-0.492,0.001,-0.095,-0.079,1.140,0.001,-0.004,-21.079,0.007,-16.151,-19.903,-14.637
-1.589,-7.113,-0.001,0.911,-0.000,-0.001,0.413,-0.538,-0.393,-15.236,-0.427,-11.629,-14.354,-10.398,-0.697,-0.500,0.003,-0.083,-0.077,1.141,0.001,-0.005,-21.121,0.007,-16.106,-19.999,-14.645
-1.595,-7.118,-0.001,0.908,-0.000,-0.002,0.418,-0.538,-0.393,-15.448,-0.427,-11.790,-14.555,-10.545,-0.692,-0.509,0.005,-0.072,-0.065,1.141,0.000,-0.005,-21.156,0.006,-16.064,-20.093,-14.666
-1.602,-7.123,-0.001,0.906,-0.001,-0.002,0.423,-0.321,-0.257,-15.657,-0.184,-11.953,-14.756,-10.691,-0.684,-0.520,0.004,-0.123,-0.026,1.122,38.324,25.143,-20.740,43.396,-16.525,-20.132,-14.679
-1.609,-7.128,-0.001,0.904,-0.002,-0.003,0.428,0.065,0.024,-15.861,0.245,-12.120,-14.956,-10.840,-0.629,-0.591,0.039,-0.449,-0.068,0.705,30.303,24.643,-19.887,33.821,-16.746,-19.690,-15.143
-1.615,-7.135,0.000,0.903,-0.004,-0.005,0.430,0.145,0.094,-16.057,0.378,-12.287,-15.148,-10.993,-0.572,-0.638,0.073,-0.529,-0.196,0.335,-14.040,-11.875,-19.442,-7.099,-16.718,-18.925,-15.398
-1.621,-7.141,0.001,0.902,-0.005,-0.006,0.431,-0.137,-0.157,-16.251,0.150,-12.454,-15.337,-11.148,-0.582,-0.639,0.021,-0.012,-0.107,0.328,-34.796,-31.337,-19.504,-32.607,-16.766,-18.951,-15.505
-1.627,-7.147,0.000,0.902,-0.004,-0.006,0.433,-0.386,-0.393,-16.447,-0.128,-12.623,-15.527,-11.303,-0.596,-0.645,-0.050,0.361,0.113,0.331,-11.107,-12.853,-19.582,-17.695,-16.888,-19.151,-15.620
-1.633,-7.154,-0.000,0.901,-0.002,-0.004,0.435,-0.337,-0.396,-16.642,-0.139,-12.792,-15.720,-11.460,-0.615,-0.614,-0.058,0.504,0.225,0.516,18.657,10.795,-19.488,14.152,-17.008,-19.300,-15.741
-1.639,-7.160,-0.000,0.900,-0.001,-0.003,0.437,-0.098,-0.227,-16.835,0.067,-12.961,-15.911,-11.618,-0.592,-0.619,-0.001,0.183,-0.011,0.467,23.824,19.328,-19.062,21.542,-16.847,-18.999,-16.002
-1.644,-7.166,-0.000,0.899,-0.001,-0.003,0.439,0.030,-0.102,-17.023,0.185,-13.129,-16.099,-11.780,-0.559,-0.644,0.028,-0.112,-0.120,0.291,0.031,3.449,-18.711,0.292,-16.708,-18.585,-16.466
-1.650,-7.173,0.000,0.898,-0.001,-0.004,0.440,-0.087,-0.167,-17.209,0.075,-13.296,-16.284,-11.947,-0.557,-0.655,0.019,-0.138,-0.034,0.248,-19.492,-13.783,-18.575,-19.236,-16.621,-18.544,-16.765
-1.656,-7.179,0.000,0.897,-0.002,-0.004,0.441,-0.263,-0.299,-17.396,-0.121,-13.462,-16.471,-12.114,-0.583,-0.637,-0.004,0.022,0.113,0.423,-12.367,-9.678,-18.725,-16.475,-16.720,-18.876,-16.500
-1.662,-7.185,0.000,0.896,-0.001,-0.003,0.443,-0.289,-0.325,-17.584,-0.193,-13.630,-16.661,-12.276,-0.607,-0.608,-0.007,0.166,0.146,0.622,6.709,4.229,-19.004,2.405,-16.814,-19.108,-15.928
-1.668,-7.191,-0.000,0.895,-0.001,-0.002,0.447,-0.165,-0.233,-17.777,-0.101,-13.798,-16.853,-12.432,-0.615,-0.592,-0.010,0.194,0.155,0.757,15.154,12.283,-19.415,13.010,-16.893,-19.239,-15.449
-1.674,-7.197,-0.000,0.893,-0.001,-0.001,0.450,-0.055,-0.131,-17.970,-0.003,-13.966,-17.045,-12.588,-0.590,-0.620,0.004,0.014,0.031,0.618,4.960,6.344,-19.168,4.763,-16.707,-19.068,-15.731
-1.680,-7.204,-0.000,0.892,-0.001,-0.001,0.452,-0.082,-0.129,-18.160,-0.026,-14.134,-17.235,-12.748,-0.572,-0.646,0.003,0.024,0.021,0.486,-8.955,-5.091,-18.825,-8.295,-16.779,-18.930,-16.151
-1.685,-7.210,-0.000,0.891,-0.000,-0.001,0.454,-0.188,-0.199,-18.348,-0.133,-14.302,-17.424,-12.910,-0.575,-0.651,-0.005,0.132,0.059,0.500,-9.761,-7.074,-18.838,-10.990,-16.861,-18.966,-16.262
-1.691,-7.217,-0.000,0.890,0.000,-0.000,0.457,-0.237,-0.238,-18.537,-0.202,-14.470,-17.614,-13.072,-0.583,-0.644,-0.004,0.165,0.042,0.572,0.415,-0.126,-19.042,-1.943,-16.825,-19.014,-16.141
-1.697,-7.223,-0.000,0.888,0.001,0.000,0.459,-0.186,-0.202,-18.728,-0.171,-14.638,-17.804,-13.233,-0.584,-0.644,-0.003,0.151,0.033,0.604,8.254,6.305,-19.226,6.829,-16.773,-19.017,-16.106
-1.703,-7.230,-0.000,0.887,0.001,0.001,0.462,-0.111,-0.139,-18.921,-0.103,-14.806,-17.994,-13.395,-0.572,-0.659,-0.003,0.107,0.030,0.538,5.374,5.212,-19.133,5.270,-16.854,-18.914,-16.344
-1.708,-7.236,-0.000,0.886,0.002,0.001,0.464,-0.101,-0.119,-19.110,-0.089,-14.976,-18.182,-13.560,-0.557,-0.676,-0.004,0.078,0.029,0.445,-3.096,-1.261,-18.860,-2.430,-17.087,-18.753,-16.676
-1.714,-7.243,-0.000,0.885,0.002,0.002,0.466,-0.155,-0.153,-19.298,-0.139,-15.148,-18.369,-13.728,-0.552,-0.683,-0.006,0.074,0.031,0.420,-6.309,-4.507,-18.749,-6.360,-17.306,-18.664,-16.849
-1.719,-7.250,-0.000,0.884,0.002,0.002,0.468,-0.198,-0.186,-19.486,-0.188,-15.321,-18.556,-13.896,-0.557,-0.680,-0.007,0.065,0.025,0.465,-1.692,-1.581,-18.887,-2.708,-17.296,-18.691,-16.839
-1.725,-7.257,-0.000,0.883,0.002,0.002,0.470,-0.184,-0.179,-19.676,-0.185,-15.494,-18.743,-14.065,-0.559,-0.679,-0.008,0.031,0.023,0.504,3.834,2.695,-19.085,2.962,-17.199,-18.742,-16.816
-1.731,-7.264,-0.000,0.881,0.002,0.002,0.472,-0.140,-0.145,-19.868,-0.146,-15.666,-18.931,-14.233,-0.554,-0.685,-0.010,-0.014,0.022,0.485,3.926,3.342,-19.141,3.792,-17.238,-18.728,-16.910
-1.736,-7.270,-0.001,0.880,0.002,0.002,0.474,-0.122,-0.126,-20.059,-0.126,-15.839,-19.118,-14.403,-0.544,-0.693,-0.011,-0.050,0.017,0.439,-0.379,0.292,-19.087,0.039,-17.406,-18.672,-17.062
-1.741,-7.277,-0.001,0.879,0.002,0.002,0.476,-0.144,-0.139,-20.249,-0.145,-16.014,-19.304,-14.574,-0.539,-0.698,-0.012,-0.067,0.010,0.421,-3.407,-2.364,-19.091,-3.181,-17.533,-18.662,-17.146
-1.747,-7.284,-0.001,0.878,0.001,0.002,0.478,-0.174,-0.161,-20.441,-0.175,-16.189,-19.491,-14.746,-0.540,-0.697,-0.012,-0.074,-0.000,0.446,-1.942,-1.658,-19.209,-2.300,-17.518,-18.740,-17.126
-1.752,-7.291,-0.001,0.877,0.001,0.002,0.480,-0.176,-0.166,-20.634,-0.182,-16.364,-19.679,-14.917,-0.541,-0.696,-0.011,-0.081,-0.011,0.478,1.283,0.657,-19.357,0.769,-17.433,-18.859,-17.071
-1.758,-7.298,-0.001,0.876,0.001,0.001,0.482,-0.155,-0.152,-20.828,-0.165,-16.538,-19.868,-15.087,-0.538,-0.698,-0.009,-0.090,-0.023,0.482,2.397,1.790,-19.440,2.220,-17.399,-18.952,-17.068
-1.763,-7.305,-0.001,0.875,0.000,0.001,0.484,-0.139,-0.138,-21.022,-0.148,-16.712,-20.058,-15.258,-0.532,-0.703,-0.007,-0.094,-0.034,0.460,0.660,0.738,-19.458,0.853,-17.437,-19.003,-17.124
-1.768,-7.312,-0.001,0.874,0.000,0.001,0.486,-0.144,-0.140,-21.217,-0.150,-16.887,-20.248,-15.430,-0.526,-0.708,-0.005,-0.089,-0.043,0.440,-1.423,-0.894,-19.474,-1.115,-17.476,-19.054,-17.181
-1.774,-7.319,-0.001,0.873,-0.000,0.000,0.488,-0.160,-0.151,-21.412,-0.165,-17.061,-20.439,-15.602,-0.524,-0.710,-0.002,-0.077,-0.050,0.445,-1.366,-1.062,-19.522,-1.389,-17.460,-19.144,-17.189
-1.779,-7.327,-0.001,0.872,-0.000,-0.000,0.490,-0.166,-0.157,-21.607,-0.173,-17.236,-20.631,-15.773,-0.524,-0.711,0.000,-0.066,-0.053,0.465,0.057,-0.162,-19.587,-0.184,-17.408,-19.262,-17.164
-1.784,-7.334,-0.001,0.870,-0.000,-0.001,0.492,-0.160,-0.154,-21.804,-0.168,-17.409,-20.824,-15.945,-0.523,-0.713,0.002,-0.060,-0.054,0.477,1.065,0.733,-19.635,0.892,-17.362,-19.371,-17.155
-1.789,-7.341,-0.001,0.869,-0.001,-0.001,0.494,-0.150,-0.146,-22.000,-0.159,-17.583,-21.019,-16.117,-0.520,-0.717,0.004,-0.058,-0.051,0.471,0.670,0.595,-19.657,0.717,-17.339,-19.446,-17.192
-1.794,-7.348,-0.001,0.868,-0.001,-0.001,0.496,-0.148,-0.144,-22.197,-0.156,-17.756,-21.213,-16.289,-0.515,-0.722,0.006,-0.055,-0.047,0.459,-0.192,-0.003,-19.670,-0.002,-17.324,-19.500,-17.250
-1.800,-7.355,-0.001,0.867,-0.001,-0.002,0.498,-0.153,-0.146,-22.393,-0.159,-17.929,-21.409,-16.462,-0.512,-0.727,0.007,-0.050,-0.041,0.454,-0.588,-0.361,-19.693,-0.508,-17.301,-19.556,-17.297
-1.805,-7.363,-0.001,0.866,-0.001,-0.002,0.500,-0.157,-0.149,-22.591,-0.163,-18.102,-21.604,-16.635,-0.511,-0.731,0.007,-0.045,-0.035,0.459,-0.274,-0.199,-19.731,-0.317,-17.271,-19.622,-17.319
-1.810,-7.370,-0.001,0.865,-0.001,-0.002,0.502,-0.158,-0.150,-22.788,-0.165,-18.275,-21.801,-16.808,-0.510,-0.734,0.008,-0.041,-0.027,0.466,0.083,0.007,-19.775,-0.020,-17.244,-19.689,-17.331
-1.815,-7.377,-0.001,0.864,-0.001,-0.002,0.504,-0.156,-0.149,-22.986,-0.164,-18.447,-21.998,-16.981,-0.508,-0.738,0.008,-0.036,-0.020,0.470,0.231,0.155,-19.815,0.148,-17.227,-19.750,-17.344
-1.820,-7.385,-0.001,0.862,-0.001,-0.002,0.506,-0.154,-0.147,-23.184,-0.163,-18.619,-22.196,-17.155,-0.506,-0.742,0.008,-0.029,-0.012,0.471,0.109,0.097,-19.847,0.071,-17.222,-19.804,-17.362
-1.825,-7.392,-0.001,0.861,-0.001,-0.003,0.508,-0.154,-0.147,-23.383,-0.163,-18.792,-22.394,-17.329,-0.503,-0.747,0.008,-0.019,-0.004,0.470,0.014,0.039,-19.871,0.019,-17.230,-19.854,-17.377
-1.830,-7.400,-0.001,0.860,-0.001,-0.003,0.510,-0.154,-0.147,-23.582,-0.163,-18.964,-22.593,-17.502,-0.501,-0.752,0.009,-0.003,0.004,0.470,-0.025,0.014,-19.888,-0.008,-17.250,-19.900,-17.385
-1.835,-7.407,-0.000,0.859,-0.001,-0.002,0.512,-0.154,-0.146,-23.781,-0.163,-19.137,-22.792,-17.676,-0.499,-0.756,0.009,0.015,0.013,0.471,-0.032,0.005,-19.897,-0.022,-17.281,-19.939,-17.387
-1.840,-7.415,-0.000,0.858,-0.001,-0.002,0.514,-0.155,-0.146,-23.980,-0.163,-19.310,-22.992,-17.850,-0.497,-0.760,0.009,0.037,0.024,0.473,-0.024,0.003,-19.898,-0.023,-17.324,-19.970,-17.384
-1.845,-7.422,-0.000,0.856,-0.001,-0.002,0.516,-0.155,-0.146,-24.179,-0.163,-19.483,-23.192,-18.024,-0.494,-0.765,0.009,0.059,0.035,0.474,-0.012,0.003,-19.892,-0.017,-17.380,-19.988,-17.378
-1.850,-7.430,-0.000,0.855,-0.001,-0.002,0.518,-0.155,-0.146,-24.378,-0.163,-19.657,-23.392,-18.198,-0.492,-0.769,0.009,0.080,0.048,0.476,-0.004,0.004,-19.883,-0.013,-17.448,-19.992,-17.374
-1.855,-7.438,-0.000,0.854,-0.001,-0.001,0.520,-0.155,-0.146,-24.576,-0.163,-19.832,-23.591,-18.371,-0.490,-0.774,0.008,0.099,0.060,0.479,-0.001,0.004,-19.874,-0.011,-17.526,-19.980,-17.373
-1.860,-7.445,-0.000,0.853,-0.000,-0.001,0.523,-0.155,-0.146,-24.775,-0.164,-20.008,-23.791,-18.545,-0.487,-0.778,0.006,0.112,0.071,0.481,0.000,0.004,-19.869,-0.010,-17.614,-19.951,-17.377
-1.865,-7.453,-0.000,0.851,-0.000,-0.000,0.525,-0.155,-0.146,-24.974,-0.164,-20.185,-23.990,-18.719,-0.485,-0.782,0.004,0.118,0.079,0.483,-0.000,0.003,-19.870,-0.009,-17.708,-19.906,-17.387
-1.869,-7.461,0.000,0.850,0.000,0.001,0.527,-0.155,-0.146,-25.172,-0.164,-20.362,-24.189,-18.893,-0.482,-0.786,0.001,0.115,0.082,0.484,-0.001,0.002,-19.878,-0.008,-17.805,-19.847,-17.403
-1.874,-7.469,-0.000,0.849,0.000,0.001,0.529,-0.155,-0.146,-25.371,-0.164,-20.541,-24.387,-19.067,-0.478,-0.790,-0.002,0.101,0.078,0.485,-0.002,0.001,-19.893,-0.007,-17.900,-19.778,-17.422
-1.879,-7.477,-0.000,0.848,0.001,0.002,0.531,-0.155,-0.146,-25.570,-0.164,-20.720,-24.585,-19.241,-0.475,-0.792,-0.005,0.079,0.067,0.485,-0.002,-0.001,-19.914,-0.006,-17.985,-19.704,-17.443
-1.884,-7.485,-0.000,0.846,0.001,0.002,0.533,-0.155,-0.146,-25.770,-0.164,-20.900,-24.781,-19.416,-0.471,-0.795,-0.007,0.052,0.051,0.485,-0.002,-0.002,-19.942,-0.006,-18.056,-19.633,-17.466
-1.888,-7.493,-0.000,0.845,0.001,0.002,0.535,-0.155,-0.146,-25.969,-0.164,-21.081,-24.977,-19.591,-0.467,-0.797,-0.009,0.025,0.034,0.484,-0.002,-0.004,-19.977,-0.005,-18.108,-19.574,-17.490
-1.893,-7.501,-0.000,0.844,0.001,0.003,0.537,-0.155,-0.146,-26.169,-0.164,-21.262,-25.173,-19.766,-0.462,-0.798,-0.011,0.001,0.017,0.484,-0.002,-0.005,-20.016,-0.005,-18.142,-19.532,-17.516
-1.898,-7.509,-0.000,0.842,0.001,0.003,0.539,-0.155,-0.146,-26.370,-0.164,-21.444,-25.368,-19.941,-0.458,-0.800,-0.013,-0.019,-0.001,0.483,-0.002,-0.006,-20.058,-0.005,-18.159,-19.509,-17.543
-1.902,-7.517,-0.001,0.841,0.001,0.002,0.541,-0.155,-0.146,-26.570,-0.164,-21.625,-25.563,-20.117,-0.453,-0.801,-0.014,-0.036,-0.019,0.482,-0.002,-0.006,-20.099,-0.005,-18.162,-19.508,-17.570
-1.907,-7.525,-0.001,0.840,0.000,0.002,0.543,-0.155,-0.146,-26.772,-0.164,-21.807,-25.758,-20.292,-0.449,-0.802,-0.014,-0.049,-0.034,0.481,-0.001,-0.006,-20.138,-0.005,-18.154,-19.528,-17.598
-1.911,-7.533,-0.001,0.838,0.000,0.002,0.545,-0.155,-0.147,-26.973,-0.164,-21.989,-25.954,-20.469,-0.444,-0.802,-0.014,-0.056,-0.046,0.480,-0.001,-0.006,-20.171,-0.004,-18.138,-19.568,-17.626
-1.916,-7.541,-0.001,0.837,0.000,0.002,0.547,-0.155,-0.147,-27.175,-0.164,-22.170,-26.150,-20.645,-0.440,-0.803,-0.013,-0.059,-0.054,0.479,-0.001,-0.006,-20.197,-0.004,-18.119,-19.623,-17.653
-1.920,-7.549,-0.001,0.836,0.000,0.001,0.549,-0.155,-0.147,-27.377,-0.164,-22.351,-26.346,-20.822,-0.436,-0.804,-0.011,-0.057,-0.056,0.478,-0.001,-0.005,-20.217,-0.003,-18.097,-19.690,-17.678
-1.924,-7.557,-0.001,0.834,0.000,0.001,0.551,-0.155,-0.147,-27.579,-0.164,-22.532,-26.544,-20.999,-0.431,-0.805,-0.008,-0.053,-0.054,0.478,-0.000,-0.004,-20.230,-0.002,-18.076,-19.762,-17.701
-1.929,-7.565,-0.001,0.833,0.000,0.000,0.553,-0.155,-0.147,-27.782,-0.164,-22.712,-26.742,-21.176,-0.427,-0.807,-0.006,-0.048,-0.049,0.477,0.000,-0.003,-20.239,-0.001,-18.056,-19.836,-17.721
-1.933,-7.573,-0.001,0.832,-0.000,0.000,0.555,-0.155,-0.147,-27.984,-0.164,-22.893,-26.940,-21.353,-0.423,-0.809,-0.003,-0.042,-0.041,0.477,0.000,-0.002,-20.246,-0.000,-18.037,-19.905,-17.738
-1.937,-7.581,-0.001,0.831,-0.000,-0.000,0.557,-0.155,-0.147,-28.186,-0.164,-23.073,-27.140,-21.530,-0.420,-0.811,-0.001,-0.038,-0.034,0.477,0.001,-0.001,-20.254,0.001,-18.019,-19.967,-17.753
-1.941,-7.589,-0.001,0.829,-0.000,-0.000,0.559,-0.155,-0.147,-28.389,-0.164,-23.253,-27.340,-21.708,-0.416,-0.813,0.001,-0.035,-0.027,0.477,0.001,-0.000,-20.262,0.001,-18.000,-20.019,-17.764
-1.945,-7.597,-0.001,0.828,-0.000,-0.001,0.561,-0.155,-0.147,-28.592,-0.164,-23.433,-27.540,-21.886,-0.412,-0.815,0.003,-0.033,-0.024,0.478,0.001,0.001,-20.273,0.002,-17.977,-20.062,-17.774
-1.949,-7.606,-0.001,0.827,-0.000,-0.001,0.563,-0.155,-0.147,-28.795,-0.164,-23.613,-27.741,-22.063,-0.409,-0.818,0.005,-0.034,-0.025,0.478,0.001,0.002,-20.284,0.003,-17.950,-20.097,-17.783
-1.954,-7.614,-0.001,0.825,-0.000,-0.001,0.565,-0.155,-0.147,-28.997,-0.164,-23.792,-27.942,-22.241,-0.405,-0.820,0.006,-0.034,-0.029,0.479,0.001,0.003,-20.296,0.003,-17.918,-20.127,-17.791
-1.958,-7.622,-0.001,0.824,-0.000,-0.001,0.567,-0.155,-0.147,-29.200,-0.164,-23.971,-28.143,-22.419,-0.402,-0.823,0.008,-0.034,-0.036,0.480,0.001,0.003,-20.305,0.003,-17.880,-20.155,-17.800
-1.962,-7.630,-0.001,0.822,-0.000,-0.001,0.569,-0.155,-0.147,-29.404,-0.164,-24.150,-28.345,-22.597,-0.398,-0.826,0.009,-0.031,-0.044,0.480,0.001,0.004,-20.311,0.003,-17.840,-20.186,-17.812
-1.966,-7.639,-0.001,0.821,-0.000,-0.002,0.571,-0.155,-0.147,-29.607,-0.164,-24.328,-28.547,-22.776,-0.395,-0.829,0.010,-0.026,-0.051,0.481,0.001,0.004,-20.309,0.003,-17.799,-20.221,-17.827
-1.969,-7.647,-0.001,0.820,-0.000,-0.002,0.573,-0.155,-0.147,-29.810,-0.164,-24.506,-28.749,-22.954,-0.392,-0.833,0.011,-0.017,-0.055,0.482,0.001,0.005,-20.301,0.003,-17.761,-20.260,-17.846
-1.973,-7.655,-0.001,0.818,-0.000,-0.002,0.575,-0.155,-0.147,-30.013,-0.164,-24.683,-28.952,-23.132,-0.389,-0.836,0.012,-0.005,-0.053,0.483,0.001,0.005,-20.284,0.003,-17.731,-20.303,-17.867
-1.977,-7.664,-0.001,0.817,-0.000,-0.002,0.577,-0.155,-0.146,-30.215,-0.164,-24.860,-29.155,-23.311,-0.385,-0.840,0.013,0.009,-0.044,0.484,0.001,0.005,-20.261,0.002,-17.712,-20.347,-17.891
-1.981,-7.672,-0.000,0.816,0.000,-0.003,0.579,-0.155,-0.146,-30.418,-0.164,-25.037,-29.359,-23.490,-0.382,-0.844,0.013,0.024,-0.028,0.485,0.000,0.005,-20.234,0.002,-17.707,-20.386,-17.913
-1.985,-7.680,-0.000,0.814,0.000,-0.003,0.581,-0.155,-0.146,-30.620,-0.164,-25.215,-29.563,-23.669,-0.379,-0.849,0.013,0.039,-0.005,0.487,0.000,0.005,-20.207,0.000,-17.719,-20.415,-17.932
-1.989,-7.689,-0.000,0.813,0.000,-0.002,0.583,-0.155,-0.146,-30.822,-0.164,-25.392,-29.767,-23.849,-0.376,-0.853,0.013,0.052,0.023,0.488,-0.000,0.004,-20.184,-0.001,-17.750,-20.430,-17.946
-1.992,-7.698,-0.000,0.811,0.000,-0.002,0.585,-0.155,-0.146,-31.024,-0.164,-25.570,-29.972,-24.028,-0.373,-0.858,0.012,0.063,0.053,0.489,-0.001,0.003,-20.170,-0.003,-17.798,-20.426,-17.951
-1.996,-7.706,0.000,0.810,0.001,-0.002,0.587,-0.155,-0.146,-31.225,-0.164,-25.748,-30.176,-24.208,-0.370,-0.862,0.010,0.069,0.084,0.490,-0.001,0.002,-20.169,-0.004,-17.863,-20.401,-17.947
-2.000,-7.715,0.000,0.808,0.001,-0.001,0.589,-0.155,-0.146,-31.427,-0.164,-25.927,-30.380,-24.387,-0.367,-0.866,0.007,0.070,0.110,0.491,-0.001,0.001,-20.182,-0.005,-17.941,-20.355,-17.934
-2.003,-7.723,0.000,0.807,0.000,-0.000,0.591,-0.155,-0.146,-31.629,-0.164,-26.107,-30.583,-24.567,-0.363,-0.869,0.003,0.066,0.129,0.492,-0.002,-0.001,-20.209,-0.005,-18.027,-20.291,-17.910
-2.007,-7.732,0.000,0.805,0.000,0.000,0.593,-0.155,-0.146,-31.831,-0.164,-26.287,-30.785,-24.745,-0.359,-0.872,-0.000,0.055,0.136,0.493,-0.002,-0.002,-20.249,-0.006,-18.117,-20.212,-17.877
-2.011,-7.741,0.000,0.804,0.000,0.001,0.595,-0.155,-0.146,-32.034,-0.164,-26.469,-30.987,-24.924,-0.355,-0.875,-0.004,0.038,0.132,0.493,-0.002,-0.003,-20.297,-0.006,-18.205,-20.125,-17.838
-2.014,-7.750,0.000,0.803,-0.000,0.002,0.597,-0.155,-0.146,-32.237,-0.164,-26.652,-31.188,-25.102,-0.350,-0.876,-0.008,0.018,0.116,0.493,-0.002,-0.004,-20.351,-0.006,-18.282,-20.038,-17.794
-2.018,-7.758,-0.000,0.801,-0.000,0.002,0.599,-0.155,-0.146,-32.441,-0.164,-26.835,-31.388,-25.280,-0.345,-0.877,-0.011,-0.004,0.090,0.492,-0.001,-0.005,-20.406,-0.005,-18.343,-19.961,-17.751
-2.021,-7.767,-0.000,0.800,-0.001,0.002,0.601,-0.155,-0.146,-32.645,-0.164,-27.018,-31.587,-25.457,-0.340,-0.877,-0.013,-0.022,0.057,0.491,-0.001,-0.006,-20.460,-0.005,-18.385,-19.899,-17.712
-2.024,-7.776,-0.000,0.798,-0.001,0.002,0.602,-0.155,-0.147,-32.850,-0.165,-27.202,-31.786,-25.634,-0.335,-0.876,-0.015,-0.035,0.022,0.490,-0.001,-0.006,-20.508,-0.005,-18.407,-19.859,-17.682
-2.028,-7.785,-0.000,0.797,-0.001,0.002,0.604,-0.155,-0.147,-33.056,-0.165,-27.386,-31.984,-25.811,-0.330,-0.876,-0.016,-0.041,-0.012,0.490,-0.001,-0.006,-20.547,-0.005,-18.410,-19.844,-17.664
-2.031,-7.793,-0.001,0.795,-0.001,0.002,0.606,-0.155,-0.147,-33.261,-0.165,-27.570,-32.183,-25.988,-0.325,-0.875,-0.016,-0.042,-0.042,0.489,-0.001,-0.006,-20.574,-0.004,-18.397,-19.853,-17.660
-2.034,-7.802,-0.001,0.794,-0.001,0.002,0.608,-0.155,-0.147,-33.467,-0.165,-27.754,-32.382,-26.164,-0.320,-0.874,-0.015,-0.039,-0.066,0.488,-0.001,-0.005,-20.589,-0.004,-18.373,-19.884,-17.671
-2.037,-7.811,-0.001,0.792,-0.001,0.001,0.610,-0.155,-0.147,-33.673,-0.165,-27.938,-32.581,-26.341,-0.315,-0.874,-0.014,-0.032,-0.082,0.487,-0.000,-0.005,-20.591,-0.003,-18.342,-19.933,-17.696
-2.041,-7.820,-0.001,0.791,-0.001,0.001,0.612,-0.155,-0.147,-33.879,-0.165,-28.121,-32.780,-26.518,-0.310,-0.874,-0.012,-0.024,-0.087,0.487,-0.000,-0.004,-20.584,-0.003,-18.309,-19.994,-17.732
-2.044,-7.828,-0.001,0.789,-0.001,0.001,0.614,-0.155,-0.147,-34.085,-0.165,-28.304,-32.981,-26.696,-0.306,-0.874,-0.010,-0.015,-0.083,0.486,0.000,-0.003,-20.571,-0.002,-18.279,-20.062,-17.775
-2.047,-7.837,-0.001,0.788,-0.001,0.000,0.616,-0.155,-0.147,-34.290,-0.165,-28.487,-33.182,-26.874,-0.301,-0.874,-0.008,-0.007,-0.072,0.486,0.000,-0.002,-20.555,-0.001,-18.254,-20.129,-17.822
-2.050,-7.846,-0.001,0.786,-0.000,-0.000,0.618,-0.155,-0.147,-34.496,-0.165,-28.669,-33.383,-27.052,-0.297,-0.875,-0.005,-0.001,-0.055,0.485,0.001,-0.000,-20.541,0.000,-18.235,-20.189,-17.868
-2.053,-7.855,-0.001,0.785,-0.000,-0.000,0.620,-0.155,-0.147,-34.701,-0.165,-28.851,-33.585,-27.231,-0.293,-0.876,-0.003,0.002,-0.038,0.485,0.001,0.001,-20.529,0.001,-18.223,-20.239,-17.908
-2.056,-7.863,-0.001,0.783,-0.000,-0.000,0.622,-0.155,-0.147,-34.906,-0.165,-29.034,-33.788,-27.410,-0.288,-0.878,-0.001,0.002,-0.022,0.485,0.001,0.002,-20.522,0.002,-18.215,-20.277,-17.940
-2.058,-7.872,-0.001,0.782,-0.000,-0.000,0.624,-0.155,-0.147,-35.112,-0.165,-29.216,-33.991,-27.590,-0.284,-0.879,0.001,-0.001,-0.012,0.485,0.001,0.003,-20.519,0.003,-18.210,-20.302,-17.964
-2.061,-7.881,-0.001,0.780,-0.000,-0.000,0.626,-0.155,-0.147,-35.317,-0.165,-29.398,-34.194,-27.769,-0.280,-0.881,0.003,-0.004,-0.008,0.485,0.001,0.003,-20.518,0.004,-18.203,-20.318,-17.978
-2.064,-7.890,-0.001,0.779,-0.000,-0.001,0.627,0.188,0.106,-35.519,0.112,-29.579,-34.397,-27.951,-0.253,-0.896,0.010,-0.084,-0.029,0.331,55.303,43.858,-19.796,45.592,-18.166,-20.197,-18.367
-2.066,-7.899,-0.001,0.779,-0.000,-0.002,0.627,0.609,0.489,-35.713,0.484,-29.762,-34.593,-28.138,-0.147,-0.901,0.052,-0.248,-0.254,-0.218,22.745,25.535,-19.077,23.526,-18.399,-18.831,-18.979
-2.067,-7.908,-0.000,0.780,-0.000,-0.004,0.626,0.649,0.551,-35.899,0.579,-29.947,-34.773,-28.330,-0.073,-0.895,0.071,-0.157,-0.394,-0.656,-13.580,-14.024,-18.206,-4.059,-18.495,-17.454,-19.513
-2.068,-7.917,0.000,0.782,0.001,-0.005,0.623,0.392,0.258,-36.080,0.435,-30.132,-34.947,-28.527,-0.088,-0.903,0.016,0.062,-0.101,-0.648,-33.095,-39.048,-18.143,-21.681,-18.539,-17.431,-19.879
-2.069,-7.926,0.000,0.784,0.001,-0.004,0.620,0.119,-0.067,-36.262,0.233,-30.317,-35.122,-28.728,-0.099,-0.916,-0.042,0.147,0.243,-0.669,-16.214,-20.084,-18.214,-14.596,-18.601,-17.565,-20.288
-2.070,-7.935,-0.000,0.786,0.001,-0.003,0.618,0.138,-0.079,-36.443,0.219,-30.504,-35.298,-28.930,-0.149,-0.899,-0.023,0.320,0.161,-0.438,17.758,15.721,-18.023,10.882,-18.691,-17.686,-19.913
-2.071,-7.944,-0.000,0.787,0.002,-0.002,0.617,0.379,0.177,-36.622,0.384,-30.691,-35.475,-29.127,-0.139,-0.884,0.018,0.118,-0.109,-0.453,24.862,29.975,-17.702,17.907,-18.772,-17.465,-19.656
-2.073,-7.953,-0.000,0.789,0.002,-0.003,0.614,0.527,0.394,-36.797,0.491,-30.879,-35.646,-29.324,-0.085,-0.881,0.043,-0.184,-0.230,-0.722,4.292,11.561,-17.401,4.083,-18.894,-16.652,-19.799
-2.073,-7.962,0.000,0.792,0.002,-0.004,0.611,0.467,0.384,-36.971,0.459,-31.069,-35.809,-29.523,-0.065,-0.881,0.032,-0.211,-0.129,-0.881,-14.672,-12.213,-17.392,-9.521,-19.004,-16.125,-19.988
-2.074,-7.970,0.000,0.794,0.002,-0.004,0.608,0.292,0.217,-37.144,0.334,-31.259,-35.971,-29.724,-0.090,-0.892,-0.013,-0.010,0.157,-0.842,-16.733,-17.081,-17.222,-13.145,-19.057,-16.400,-20.217
-2.075,-7.979,0.000,0.797,0.001,-0.003,0.604,0.202,0.121,-37.316,0.249,-31.450,-36.137,-29.926,-0.124,-0.890,-0.016,0.132,0.199,-0.708,-0.182,-0.575,-17.115,-2.650,-19.203,-16.682,-20.054
-2.076,-7.988,0.000,0.799,0.001,-0.002,0.602,0.283,0.207,-37.487,0.287,-31.643,-36.304,-30.125,-0.139,-0.882,-0.001,0.107,0.112,-0.642,13.846,15.516,-17.150,8.501,-19.379,-16.747,-19.796
-2.078,-7.997,0.000,0.801,0.001,-0.002,0.599,0.414,0.370,-37.658,0.373,-31.838,-36.470,-30.323,-0.122,-0.883,0.008,-0.010,0.070,-0.759,9.848,14.184,-16.944,7.049,-19.663,-16.407,-19.854
-2.079,-8.006,0.000,0.803,0.001,-0.002,0.596,0.448,0.444,-37.825,0.403,-32.037,-36.631,-30.522,-0.094,-0.885,0.010,-0.063,0.065,-0.956,-3.036,0.016,-16.543,-1.377,-20.032,-15.834,-20.059
-2.080,-8.015,0.000,0.806,0.000,-0.002,0.592,0.370,0.382,-37.989,0.353,-32.239,-36.788,-30.724,-0.092,-0.888,0.003,-0.014,0.112,-1.032,-10.679,-10.461,-16.294,-7.454,-20.346,-15.557,-20.154
-2.081,-8.024,0.000,0.809,0.000,-0.001,0.588,0.279,0.286,-38.152,0.283,-32.443,-36.944,-30.925,-0.115,-0.887,-0.005,0.067,0.160,-0.964,-5.998,-6.799,-16.375,-5.374,-20.479,-15.661,-20.055
-2.082,-8.032,0.000,0.812,0.000,0.000,0.584,0.273,0.275,-38.317,0.266,-32.648,-37.101,-31.125,-0.138,-0.884,-0.010,0.105,0.174,-0.892,4.470,4.288,-16.608,1.954,-20.536,-15.787,-19.903
-2.083,-8.041,0.000,0.815,-0.000,0.001,0.580,0.344,0.352,-38.484,0.308,-32.854,-37.259,-31.323,-0.142,-0.883,-0.013,0.082,0.159,-0.911,8.049,9.532,-16.718,5.337,-20.713,-15.679,-19.852
-2.085,-8.050,0.000,0.817,-0.000,0.002,0.576,0.396,0.422,-38.651,0.346,-33.063,-37.414,-31.522,-0.134,-0.880,-0.013,0.043,0.118,-0.993,1.906,3.539,-16.638,1.792,-21.026,-15.364,-19.873
-2.086,-8.059,-0.000,0.820,-0.000,0.002,0.572,0.381,0.418,-38.817,0.341,-33.275,-37.566,-31.721,-0.131,-0.877,-0.013,0.025,0.076,-1.052,-4.346,-3.766,-16.553,-2.472,-21.311,-15.085,-19.890
-2.087,-8.068,-0.000,0.823,-0.000,0.003,0.568,0.330,0.367,-38.982,0.307,-33.489,-37.716,-31.920,-0.142,-0.874,-0.013,0.032,0.043,-1.044,-4.893,-5.293,-16.569,-3.601,-21.418,-15.027,-19.880
-2.089,-8.076,-0.000,0.826,-0.000,0.003,0.564,0.302,0.335,-39.148,0.283,-33.703,-37.867,-32.118,-0.161,-0.871,-0.013,0.038,0.010,-1.000,-0.294,-0.753,-16.651,-0.820,-21.371,-15.118,-19.867
-2.091,-8.085,-0.000,0.829,-0.000,0.003,0.559,0.323,0.354,-39.315,0.292,-33.916,-38.019,-32.317,-0.174,-0.869,-0.013,0.025,-0.019,-0.979,3.777,4.033,-16.713,2.263,-21.323,-15.190,-19.893
-2.092,-8.094,-0.001,0.832,-0.000,0.003,0.555,0.357,0.392,-39.482,0.315,-34.129,-38.170,-32.516,-0.177,-0.866,-0.013,0.008,-0.045,-1.006,2.306,2.921,-16.722,1.757,-21.401,-15.125,-19.961
-2.094,-8.102,-0.001,0.834,0.000,0.002,0.551,0.365,0.406,-39.650,0.324,-34.344,-38.321,-32.716,-0.178,-0.863,-0.013,-0.002,-0.062,-1.041,-0.573,-0.052,-16.717,-0.022,-21.522,-15.021,-20.043
-2.096,-8.111,-0.001,0.837,0.000,0.002,0.547,0.349,0.394,-39.817,0.316,-34.560,-38.471,-32.917,-0.184,-0.860,-0.012,-0.004,-0.070,-1.055,-2.138,-2.075,-16.727,-1.386,-21.591,-14.988,-20.122
-2.098,-8.120,-0.001,0.840,0.000,0.002,0.542,0.331,0.375,-39.984,0.302,-34.776,-38.621,-33.119,-0.196,-0.858,-0.010,-0.004,-0.070,-1.041,-1.208,-1.400,-16.745,-1.016,-21.567,-15.069,-20.195
-2.100,-8.128,-0.001,0.843,0.001,0.002,0.538,0.329,0.370,-40.152,0.298,-34.991,-38.773,-33.321,-0.209,-0.856,-0.009,-0.009,-0.065,-1.021,0.653,0.570,-16.756,0.207,-21.509,-15.195,-20.267
-2.102,-8.137,-0.001,0.846,0.001,0.001,0.534,0.341,0.383,-40.319,0.305,-35.206,-38.925,-33.524,-0.218,-0.854,-0.007,-0.022,-0.059,-1.019,1.285,1.416,-16.761,0.798,-21.490,-15.279,-20.341
-2.104,-8.145,-0.001,0.848,0.001,0.001,0.529,0.348,0.391,-40.487,0.310,-35.421,-39.078,-33.728,-0.224,-0.852,-0.005,-0.034,-0.054,-1.032,0.269,0.383,-16.778,0.262,-21.517,-15.305,-20.408
-2.107,-8.154,-0.001,0.851,0.001,0.001,0.525,0.348,0.392,-40.655,0.311,-35.636,-39.231,-33.932,-0.231,-0.850,-0.003,-0.045,-0.048,-1.042,-0.325,-0.204,-16.793,-0.141,-21.539,-15.333,-20.466
-2.109,-8.162,-0.001,0.854,0.001,0.000,0.520,0.343,0.389,-40.823,0.308,-35.852,-39.385,-34.137,-0.240,-0.849,-0.000,-0.053,-0.044,-1.046,-0.423,-0.371,-16.811,-0.278,-21.534,-15.384,-20.512
-2.111,-8.171,-0.001,0.857,0.000,0.000,0.516,0.340,0.386,-40.991,0.306,-36.067,-39.539,-34.342,-0.250,-0.847,0.002,-0.060,-0.043,-1.044,-0.198,-0.229,-16.831,-0.164,-21.503,-15.454,-20.547
-2.114,-8.179,-0.001,0.859,0.000,-0.000,0.511,0.339,0.384,-41.159,0.305,-36.282,-39.694,-34.548,-0.260,-0.845,0.004,-0.066,-0.044,-1.041,-0.042,-0.131,-16.856,-0.064,-21.455,-15.529,-20.576
-2.117,-8.188,-0.001,0.862,0.000,-0.001,0.507,0.339,0.383,-41.328,0.304,-36.496,-39.850,-34.754,-0.270,-0.844,0.006,-0.069,-0.046,-1.039,0.029,-0.073,-16.882,-0.020,-21.398,-15.601,-20.602
-2.119,-8.196,-0.001,0.865,-0.000,-0.001,0.503,0.339,0.383,-41.497,0.304,-36.710,-40.006,-34.960,-0.279,-0.843,0.007,-0.069,-0.047,-1.039,0.043,-0.041,-16.908,-0.003,-21.337,-15.668,-20.629
-2.122,-8.204,-0.001,0.867,-0.000,-0.001,0.498,0.340,0.382,-41.666,0.304,-36.923,-40.163,-35.166,-0.289,-0.842,0.008,-0.064,-0.045,-1.040,0.035,-0.025,-16.933,0.002,-21.276,-15.730,-20.657
-2.125,-8.213,-0.001,0.870,-0.000,-0.002,0.494,0.340,0.382,-41.836,0.304,-37.135,-40.320,-35.373,-0.298,-0.841,0.008,-0.056,-0.040,-1.041,0.021,-0.016,-16.957,0.001,-21.222,-15.790,-20.686
-2.128,-8.221,-0.001,0.872,-0.001,-0.002,0.489,0.340,0.382,-42.005,0.304,-37.347,-40.479,-35.580,-0.308,-0.840,0.008,-0.045,-0.029,-1.043,0.009,-0.012,-16.979,-0.001,-21.181,-15.846,-20.713
-2.131,-8.230,-0.001,0.875,-0.001,-0.002,0.484,0.340,0.382,-42.175,0.304,-37.559,-40.637,-35.787,-0.318,-0.839,0.008,-0.030,-0.015,-1.045,0.001,-0.010,-16.997,-0.003,-21.158,-15.899,-20.734
-2.134,-8.238,-0.001,0.877,-0.001,-0.002,0.480,0.340,0.382,-42.345,0.304,-37.770,-40.797,-35.995,-0.327,-0.837,0.008,-0.014,0.001,-1.046,-0.003,-0.008,-17.009,-0.006,-21.154,-15.946,-20.747
-2.138,-8.246,-0.001,0.880,-0.001,-0.002,0.475,0.340,0.382,-42.516,0.304,-37.982,-40.956,-36.202,-0.337,-0.836,0.007,0.004,0.018,-1.047,-0.004,-0.006,-17.014,-0.008,-21.171,-15.986,-20.745
-2.141,-8.255,-0.001,0.882,-0.001,-0.002,0.471,0.340,0.382,-42.686,0.304,-38.194,-41.116,-36.410,-0.347,-0.834,0.007,0.020,0.034,-1.048,-0.004,-0.005,-17.010,-0.010,-21.209,-16.015,-20.727
-2.145,-8.263,-0.000,0.885,-0.001,-0.002,0.466,0.340,0.382,-42.856,0.304,-38.406,-41.277,-36.617,-0.356,-0.832,0.006,0.034,0.048,-1.048,-0.004,-0.004,-16.998,-0.011,-21.264,-16.031,-20.695
-2.148,-8.271,-0.000,0.887,-0.001,-0.002,0.461,0.340,0.381,-43.026,0.304,-38.619,-41.437,-36.824,-0.365,-0.829,0.005,0.047,0.058,-1.048,-0.003,-0.003,-16.978,-0.011,-21.332,-16.035,-20.650
-2.152,-8.280,-0.000,0.890,-0.001,-0.001,0.457,0.340,0.381,-43.195,0.304,-38.833,-41.597,-37.030,-0.374,-0.826,0.004,0.058,0.064,-1.047,-0.002,-0.002,-16.954,-0.011,-21.406,-16.036,-20.596
-2.156,-8.288,-0.000,0.892,-0.000,-0.001,0.452,0.340,0.381,-43.365,0.304,-39.047,-41.758,-37.235,-0.383,-0.823,0.004,0.070,0.066,-1.045,-0.002,-0.002,-16.927,-0.010,-21.481,-16.042,-20.540
-2.160,-8.296,-0.000,0.894,-0.000,-0.000,0.447,0.340,0.381,-43.534,0.304,-39.262,-41.918,-37.441,-0.392,-0.819,0.003,0.079,0.062,-1.044,-0.001,-0.001,-16.897,-0.009,-21.558,-16.047,-20.490
-2.164,-8.304,-0.000,0.897,0.000,0.000,0.443,0.340,0.381,-43.703,0.304,-39.478,-42.078,-37.645,-0.400,-0.815,0.001,0.082,0.050,-1.043,-0.001,-0.001,-16.870,-0.008,-21.634,-16.023,-20.455
-2.168,-8.312,-0.000,0.899,0.000,0.000,0.438,0.340,0.381,-43.871,0.303,-39.695,-42.238,-37.850,-0.409,-0.811,-0.001,0.077,0.033,-1.043,-0.000,-0.000,-16.850,-0.007,-21.710,-15.967,-20.442
-2.172,-8.321,-0.000,0.901,0.001,0.001,0.433,0.340,0.381,-44.040,0.303,-39.913,-42.398,-38.054,-0.418,-0.806,-0.003,0.069,0.014,-1.043,-0.000,-0.000,-16.834,-0.006,-21.779,-15.907,-20.451
-2.176,-8.329,-0.000,0.903,0.001,0.001,0.429,0.340,0.381,-44.208,0.303,-40.131,-42.557,-38.259,-0.426,-0.802,-0.005,0.061,-0.001,-1.043,0.000,0.000,-16.825,-0.004,-21.837,-15.852,-20.480
-2.180,-8.337,-0.000,0.906,0.001,0.001,0.424,0.340,0.381,-44.376,0.303,-40.349,-42.715,-38.464,-0.434,-0.797,-0.007,0.054,-0.010,-1.044,0.000,0.000,-16.824,-0.003,-21.883,-15.799,-20.528
-2.185,-8.345,-0.000,0.908,0.001,0.001,0.419,0.340,0.381,-44.544,0.303,-40.568,-42.873,-38.669,-0.443,-0.792,-0.007,0.055,-0.008,-1.045,0.000,0.000,-16.832,-0.001,-21.921,-15.747,-20.591
-2.189,-8.352,-0.001,0.910,0.002,0.001,0.414,0.340,0.381,-44.713,0.303,-40.788,-43.030,-38.876,-0.451,-0.787,-0.006,0.058,0.002,-1.045,0.001,0.001,-16.847,0.000,-21.952,-15.698,-20.662
-2.194,-8.360,-0.001,0.912,0.002,0.001,0.410,0.340,0.381,-44.881,0.303,-41.007,-43.187,-39.083,-0.459,-0.782,-0.006,0.056,0.012,-1.045,0.001,0.001,-16.868,0.002,-21.978,-15.650,-20.732
-2.198,-8.368,-0.001,0.914,0.002,0.002,0.405,0.340,0.381,-45.050,0.303,-41.227,-43.343,-39.290,-0.467,-0.777,-0.005,0.047,0.021,-1.045,0.001,0.001,-16.893,0.003,-22.001,-15.603,-20.795
-2.203,-8.376,-0.001,0.916,0.002,0.002,0.400,0.340,0.381,-45.219,0.303,-41.447,-43.499,-39.499,-0.475,-0.772,-0.005,0.033,0.026,-1.045,0.001,0.000,-16.923,0.005,-22.022,-15.559,-20.847
-2.208,-8.383,-0.001,0.919,0.002,0.002,0.395,0.340,0.381,-45.389,0.303,-41.668,-43.654,-39.707,-0.482,-0.766,-0.004,0.014,0.027,-1.045,0.001,0.000,-16.956,0.006,-22.039,-15.517,-20.888
-2.213,-8.391,-0.001,0.921,0.002,0.002,0.390,0.340,0.381,-45.558,0.303,-41.888,-43.809,-39.916,-0.490,-0.761,-0.003,-0.009,0.022,-1.046,0.000,-0.000,-16.991,0.007,-22.050,-15.482,-20.916
-2.218,-8.399,-0.001,0.923,0.002,0.002,0.386,0.340,0.381,-45.728,0.304,-42.109,-43.964,-40.126,-0.497,-0.756,-0.002,-0.034,0.011,-1.048,0.000,-0.001,-17.027,0.007,-22.048,-15.457,-20.932
-2.223,-8.406,-0.001,0.925,0.002,0.002,0.381,0.340,0.381,-45.899,0.304,-42.329,-44.118,-40.335,-0.505,-0.750,0.000,-0.057,-0.006,-1.050,0.000,-0.001,-17.061,0.007,-22.029,-15.444,-20.938
-2.228,-8.414,-0.001,0.927,0.002,0.002,0.376,0.340,0.381,-46.070,0.304,-42.549,-44.273,-40.544,-0.513,-0.745,0.002,-0.076,-0.027,-1.053,0.000,-0.001,-17.094,0.007,-21.990,-15.445,-20.939
-2.233,-8.421,-0.001,0.929,0.001,0.002,0.371,0.340,0.381,-46.241,0.304,-42.769,-44.427,-40.754,-0.520,-0.740,0.003,-0.090,-0.049,-1.056,0.000,-0.002,-17.124,0.006,-21.933,-15.463,-20.939
-2.238,-8.429,-0.001,0.931,0.001,0.001,0.366,0.340,0.381,-46.412,0.304,-42.988,-44.582,-40.963,-0.528,-0.735,0.004,-0.098,-0.067,-1.059,0.000,-0.002,-17.153,0.005,-21.861,-15.498,-20.944
-2.243,-8.436,-0.001,0.932,0.001,0.001,0.361,0.340,0.381,-46.584,0.304,-43.206,-44.737,-41.173,-0.536,-0.730,0.003,-0.100,-0.080,-1.062,0.000,-0.002,-17.178,0.004,-21.782,-15.552,-20.955
-2.249,-8.443,-0.001,0.934,0.000,0.000,0.356,0.340,0.381,-46.756,0.304,-43.423,-44.893,-41.382,-0.545,-0.725,0.002,-0.098,-0.082,-1.064,0.000,-0.001,-17.202,0.002,-21.703,-15.624,-20.974
-2.254,-8.450,-0.001,0.936,-0.000,-0.001,0.351,0.340,0.381,-46.928,0.304,-43.640,-45.050,-41.592,-0.554,-0.720,0.001,-0.093,-0.073,-1.065,-0.000,-0.001,-17.225,0.000,-21.633,-15.710,-20.998
-2.260,-8.458,-0.001,0.938,-0.000,-0.001,0.346,0.340,0.381,-47.100,0.304,-43.856,-45.207,-41.802,-0.562,-0.716,-0.001,-0.085,-0.055,-1.066,-0.000,-0.001,-17.250,-0.002,-21.579,-15.803,-21.023
-2.266,-8.465,-0.001,0.940,-0.001,-0.001,0.341,0.340,0.381,-47.273,0.304,-44.072,-45.366,-42.012,-0.571,-0.711,-0.003,-0.074,-0.028,-1.066,-0.001,-0.000,-17.280,-0.004,-21.548,-15.896,-21.042
-2.271,-8.472,-0.001,0.942,-0.001,-0.001,0.336,0.340,0.381,-47.446,0.304,-44.287,-45.525,-42.223,-0.580,-0.705,-0.004,-0.062,0.003,-1.065,-0.001,0.000,-17.314,-0.006,-21.540,-15.984,-21.047
-2.277,-8.479,-0.001,0.944,-0.001,-0.002,0.331,0.340,0.381,-47.619,0.304,-44.503,-45.685,-42.433,-0.588,-0.700,-0.004,-0.047,0.033,-1.064,-0.001,0.001,-17.349,-0.008,-21.554,-16.060,-21.032
-2.283,-8.486,-0.001,0.945,-0.002,-0.001,0.326,0.340,0.381,-47.793,0.304,-44.718,-45.846,-42.643,-0.596,-0.694,-0.003,-0.029,0.057,-1.062,-0.001,0.001,-17.381,-0.009,-21.587,-16.117,-20.992
-2.289,-8.493,-0.001,0.947,-0.002,-0.001,0.321,0.340,0.381,-47.967,0.304,-44.934,-46.008,-42.853,-0.603,-0.688,-0.002,-0.012,0.074,-1.060,-0.001,0.001,-17.408,-0.010,-21.637,-16.154,-20.932
-2.295,-8.499,-0.001,0.949,-0.002,-0.001,0.316,0.340,0.381,-48.141,0.303,-45.151,-46.169,-43.062,-0.611,-0.681,-0.001,0.003,0.083,-1.058,-0.001,0.001,-17.426,-0.011,-21.699,-16.171,-20.856
-2.301,-8.506,-0.001,0.950,-0.002,-0.000,0.311,0.340,0.381,-48.315,0.303,-45.368,-46.331,-43.270,-0.618,-0.674,0.000,0.015,0.082,-1.057,-0.001,0.001,-17.432,-0.011,-21.767,-16.169,-20.771
-2.308,-8.513,-0.001,0.952,-0.002,0.000,0.306,0.340,0.381,-48.490,0.303,-45.586,-46.493,-43.478,-0.624,-0.667,0.002,0.028,0.071,-1.056,-0.001,0.001,-17.426,-0.010,-21.833,-16.152,-20.686
-2.314,-8.520,-0.001,0.954,-0.002,0.000,0.301,0.340,0.381,-48.664,0.303,-45.805,-46.654,-43.684,-0.631,-0.660,0.003,0.040,0.050,-1.055,-0.000,0.001,-17.404,-0.009,-21.891,-16.126,-20.609
-2.320,-8.526,-0.001,0.955,-0.002,0.001,0.296,0.340,0.381,-48.838,0.303,-46.024,-46.815,-43.890,-0.637,-0.653,0.004,0.052,0.023,-1.055,-0.000,0.000,-17.369,-0.007,-21.937,-16.097,-20.549
-2.327,-8.533,-0.001,0.957,-0.001,0.001,0.291,0.340,0.381,-49.011,0.303,-46.244,-46.976,-44.095,-0.644,-0.646,0.004,0.064,-0.008,-1.054,-0.000,0.000,-17.319,-0.005,-21.971,-16.069,-20.512
-2.333,-8.539,-0.001,0.958,-0.001,0.001,0.286,0.340,0.381,-49.184,0.303,-46.464,-47.136,-44.300,-0.650,-0.639,0.003,0.074,-0.038,-1.054,-0.000,-0.000,-17.259,-0.004,-21.992,-16.047,-20.504
-2.340,-8.545,-0.001,0.960,-0.001,0.001,0.281,0.340,0.381,-49.356,0.303,-46.683,-47.297,-44.505,-0.657,-0.632,0.002,0.084,-0.064,-1.054,-0.000,-0.000,-17.190,-0.002,-22.003,-16.030,-20.527
-2.346,-8.552,-0.001,0.961,-0.000,0.000,0.276,0.340,0.381,-49.528,0.303,-46.904,-47.457,-44.711,-0.663,-0.625,0.000,0.091,-0.081,-1.055,0.000,-0.000,-17.119,-0.000,-22.009,-16.021,-20.580
-2.353,-8.558,-0.001,0.963,0.000,0.000,0.271,0.340,0.381,-49.699,0.303,-47.124,-47.617,-44.917,-0.670,-0.618,-0.001,0.095,-0.089,-1.054,0.000,-0.000,-17.048,0.002,-22.012,-16.020,-20.660
-2.360,-8.564,-0.001,0.964,0.001,-0.000,0.266,0.340,0.381,-49.869,0.303,-47.344,-47.778,-45.124,-0.676,-0.611,-0.003,0.094,-0.086,-1.054,0.000,-0.000,-16.984,0.003,-22.016,-16.023,-20.758
-2.366,-8.570,-0.001,0.965,0.002,-0.000,0.261,0.340,0.381,-50.038,0.303,-47.564,-47.938,-45.332,-0.683,-0.604,-0.004,0.086,-0.075,-1.054,0.001,-0.000,-16.929,0.005,-22.024,-16.029,-20.867
-2.373,-8.576,-0.001,0.967,0.002,-0.001,0.256,0.340,0.381,-50.207,0.303,-47.784,-48.098,-45.541,-0.689,-0.597,-0.004,0.072,-0.058,-1.054,0.001,0.000,-16.887,0.007,-22.034,-16.035,-20.977
-2.380,-8.582,-0.001,0.968,0.002,-0.001,0.250,0.340,0.381,-50.376,0.303,-48.005,-48.258,-45.752,-0.696,-0.590,-0.003,0.052,-0.038,-1.054,0.001,0.000,-16.861,0.008,-22.045,-16.038,-21.079
-2.387,-8.588,-0.001,0.969,0.003,-0.001,0.245,0.340,0.381,-50.545,0.303,-48.225,-48.419,-45.963,-0.702,-0.583,-0.001,0.025,-0.018,-1.054,0.001,0.000,-16.851,0.009,-22.052,-16.035,-21.165
-2.394,-8.594,-0.001,0.971,0.003,-0.001,0.240,0.340,0.381,-50.713,0.303,-48.446,-48.579,-46.175,-0.709,-0.576,0.001,-0.002,0.000,-1.054,0.001,0.000,-16.857,0.010,-22.051,-16.027,-21.232
-2.401,-8.599,-0.001,0.972,0.003,-0.001,0.235,0.340,0.381,-50.882,0.303,-48.666,-48.739,-46.387,-0.715,-0.569,0.003,-0.029,0.014,-1.055,0.001,0.001,-16.880,0.011,-22.038,-16.012,-21.277
-2.408,-8.605,-0.001,0.973,0.002,-0.001,0.230,0.340,0.381,-51.051,0.304,-48.886,-48.899,-46.600,-0.722,-0.561,0.005,-0.051,0.024,-1.056,0.001,0.001,-16.916,0.012,-22.010,-15.992,-21.300
-2.416,-8.611,-0.001,0.974,0.002,-0.001,0.225,0.340,0.381,-51.220,0.304,-49.106,-49.059,-46.813,-0.728,-0.554,0.007,-0.066,0.029,-1.058,0.001,0.001,-16.962,0.011,-21.968,-15.967,-21.306
-2.423,-8.616,-0.001,0.976,0.002,-0.001,0.220,0.340,0.381,-51.390,0.304,-49.326,-49.219,-47.026,-0.734,-0.547,0.008,-0.070,0.028,-1.062,0.001,0.000,-17.009,0.009,-21.919,-15.930,-21.300
-2.430,-8.622,-0.001,0.977,0.001,-0.001,0.214,0.340,0.381,-51.560,0.304,-49.545,-49.378,-47.239,-0.740,-0.540,0.009,-0.062,0.023,-1.069,0.000,-0.000,-17.053,0.006,-21.871,-15.883,-21.288
-2.438,-8.627,-0.000,0.978,0.001,-0.001,0.209,0.340,0.381,-51.731,0.304,-49.763,-49.536,-47.452,-0.746,-0.533,0.008,-0.047,0.019,-1.076,-0.001,-0.001,-17.097,0.002,-21.826,-15.837,-21.276
-2.445,-8.632,-0.000,0.979,0.001,-0.001,0.204,0.340,0.381,-51.902,0.304,-49.981,-49.695,-47.665,-0.752,-0.526,0.007,-0.028,0.018,-1.081,-0.001,-0.001,-17.141,-0.001,-21.788,-15.799,-21.265
-2.453,-8.638,-0.000,0.980,0.001,-0.000,0.199,0.340,0.381,-52.074,0.304,-50.199,-49.852,-47.877,-0.758,-0.519,0.005,-0.011,0.022,-1.083,-0.001,-0.001,-17.185,-0.002,-21.764,-15.774,-21.255
-2.461,-8.643,-0.000,0.981,0.001,-0.000,0.193,0.340,0.381,-52.246,0.304,-50.417,-50.010,-48.090,-0.765,-0.511,0.001,0.001,0.033,-1.082,-0.001,-0.001,-17.231,-0.003,-21.758,-15.764,-21.245
-2.468,-8.648,-0.000,0.982,0.001,-0.000,0.188,0.340,0.381,-52.419,0.304,-50.634,-50.168,-48.302,-0.772,-0.503,-0.003,0.003,0.049,-1.079,-0.001,-0.001,-17.279,-0.004,-21.773,-15.768,-21.232
-2.476,-8.653,-0.000,0.983,0.001,0.000,0.183,0.196,0.228,-52.592,0.208,-50.849,-50.326,-48.513,-0.785,-0.474,-0.004,0.039,0.050,-0.951,-24.730,-26.674,-17.442,-17.202,-21.117,-15.950,-20.917
-2.484,-8.657,-0.000,0.984,0.001,0.000,0.179,-0.036,-0.028,-52.767,0.028,-51.056,-50.488,-48.720,-0.809,-0.420,0.004,0.065,0.007,-0.664,-16.653,-19.766,-17.511,-14.851,-20.351,-16.507,-20.323
-2.492,-8.661,-0.000,0.984,0.001,0.000,0.176,-0.065,-0.103,-52.942,-0.011,-51.257,-50.656,-48.920,-0.824,-0.380,0.005,-0.027,0.002,-0.445,10.150,4.528,-17.354,7.119,-19.871,-16.990,-19.751
-2.500,-8.665,-0.000,0.985,0.001,0.001,0.174,0.109,0.026,-53.114,0.128,-51.454,-50.827,-49.116,-0.829,-0.367,-0.009,-0.117,0.090,-0.373,19.957,17.404,-17.190,16.871,-19.666,-17.221,-19.460
-2.509,-8.668,-0.000,0.985,-0.000,0.001,0.172,0.241,0.159,-53.286,0.248,-51.650,-50.999,-49.309,-0.816,-0.370,-0.004,-0.175,0.045,-0.416,4.459,6.701,-17.198,5.346,-19.465,-17.040,-19.224
-2.517,-8.672,-0.000,0.985,-0.001,0.001,0.170,0.189,0.132,-53.459,0.224,-51.844,-51.167,-49.500,-0.803,-0.370,0.000,-0.179,0.008,-0.461,-12.889,-10.649,-17.367,-8.897,-19.282,-16.774,-18.976
-2.525,-8.676,-0.000,0.986,-0.002,0.001,0.168,0.047,0.005,-53.633,0.111,-52.035,-51.335,-49.688,-0.804,-0.347,-0.001,-0.082,0.005,-0.367,-12.349,-11.570,-17.422,-11.103,-19.001,-16.865,-18.587
-2.533,-8.679,-0.000,0.986,-0.002,0.001,0.167,-0.003,-0.048,-53.807,0.053,-52.223,-51.505,-49.871,-0.812,-0.317,-0.001,0.008,0.006,-0.214,2.681,1.467,-17.356,0.101,-18.614,-17.101,-18.141
-2.541,-8.682,-0.000,0.986,-0.002,0.001,0.166,0.081,0.025,-53.980,0.106,-52.408,-51.677,-50.051,-0.812,-0.303,-0.003,-0.010,0.001,-0.143,11.745,11.008,-17.280,8.641,-18.277,-17.258,-17.834
-2.549,-8.685,-0.000,0.986,-0.002,0.001,0.165,0.175,0.123,-54.152,0.179,-52.590,-51.849,-50.229,-0.802,-0.313,-0.004,-0.065,-0.015,-0.209,5.284,6.945,-17.189,4.590,-18.151,-17.099,-17.765
-2.557,-8.688,-0.000,0.986,-0.002,0.000,0.164,0.169,0.138,-54.324,0.180,-52.771,-52.019,-50.407,-0.788,-0.325,-0.004,-0.067,-0.028,-0.306,-5.797,-3.731,-17.069,-4.003,-18.182,-16.793,-17.762
-2.565,-8.692,-0.001,0.987,-0.002,0.000,0.162,0.089,0.074,-54.494,0.118,-52.953,-52.186,-50.584,-0.783,-0.320,-0.007,-0.005,-0.018,-0.309,-8.168,-7.199,-16.980,-7.028,-18.165,-16.676,-17.662
-2.573,-8.695,-0.001,0.987,-0.002,0.000,0.161,0.042,0.029,-54.664,0.070,-53.134,-52.353,-50.760,-0.785,-0.303,-0.010,0.064,-0.008,-0.233,-0.697,-1.136,-16.946,-1.824,-17.942,-16.766,-17.471
-2.580,-8.698,-0.001,0.987,-0.002,0.000,0.160,0.075,0.055,-54.833,0.086,-53.312,-52.521,-50.933,-0.785,-0.292,-0.009,0.092,-0.014,-0.183,6.175,5.507,-16.907,4.242,-17.678,-16.828,-17.329
-2.588,-8.701,-0.001,0.987,-0.001,0.000,0.159,0.135,0.114,-55.001,0.131,-53.488,-52.689,-51.107,-0.778,-0.296,-0.007,0.090,-0.032,-0.220,4.517,5.047,-16.738,3.723,-17.636,-16.681,-17.329
-2.596,-8.704,-0.001,0.987,-0.001,0.000,0.158,0.148,0.136,-55.167,0.145,-53.665,-52.854,-51.280,-0.767,-0.305,-0.005,0.089,-0.049,-0.298,-1.834,-0.666,-16.468,-1.008,-17.748,-16.404,-17.407
-2.604,-8.707,-0.001,0.988,-0.000,-0.000,0.156,0.109,0.107,-55.331,0.117,-53.843,-53.017,-51.455,-0.761,-0.306,-0.003,0.104,-0.056,-0.325,-4.867,-4.172,-16.244,-3.894,-17.811,-16.220,-17.438
-2.611,-8.710,-0.001,0.988,0.000,-0.000,0.155,0.073,0.074,-55.493,0.085,-54.020,-53.179,-51.629,-0.761,-0.295,-0.001,0.116,-0.061,-0.286,-1.783,-1.956,-16.162,-1.997,-17.664,-16.208,-17.381
-2.619,-8.713,-0.001,0.988,0.001,-0.001,0.153,0.079,0.076,-55.654,0.084,-54.196,-53.341,-51.802,-0.762,-0.284,0.001,0.107,-0.064,-0.241,2.634,2.105,-16.137,1.624,-17.449,-16.236,-17.306
-2.627,-8.715,-0.001,0.988,0.001,-0.001,0.152,0.112,0.105,-55.815,0.108,-54.370,-53.504,-51.975,-0.759,-0.282,0.002,0.081,-0.065,-0.244,3.154,3.136,-16.025,2.502,-17.356,-16.170,-17.299
-2.634,-8.718,-0.001,0.989,0.002,-0.001,0.151,0.129,0.126,-55.974,0.124,-54.544,-53.665,-52.148,-0.754,-0.286,0.004,0.051,-0.063,-0.283,0.094,0.628,-15.811,0.496,-17.382,-16.018,-17.351
-2.642,-8.721,-0.001,0.989,0.002,-0.001,0.149,0.115,0.117,-56.131,0.116,-54.717,-53.824,-52.322,-0.750,-0.288,0.004,0.028,-0.058,-0.309,-2.392,-1.928,-15.610,-1.699,-17.392,-15.890,-17.389
-2.649,-8.724,-0.001,0.989,0.002,-0.002,0.148,0.093,0.097,-56.287,0.098,-54.891,-53.983,-52.496,-0.750,-0.282,0.005,0.011,-0.050,-0.297,-1.640,-1.678,-15.519,-1.496,-17.298,-15.853,-17.362
-2.657,-8.727,-0.001,0.989,0.002,-0.002,0.146,0.088,0.090,-56.442,0.092,-55.063,-54.141,-52.669,-0.750,-0.274,0.006,-0.009,-0.041,-0.270,0.662,0.288,-15.503,0.218,-17.149,-15.863,-17.293
-2.664,-8.730,-0.001,0.989,0.002,-0.002,0.145,0.102,0.100,-56.597,0.100,-55.234,-54.300,-52.842,-0.749,-0.270,0.006,-0.032,-0.032,-0.261,1.656,1.492,-15.474,1.190,-17.029,-15.844,-17.237
-2.672,-8.732,-0.001,0.990,0.002,-0.002,0.144,0.114,0.113,-56.751,0.110,-55.404,-54.458,-53.014,-0.747,-0.270,0.006,-0.051,-0.021,-0.274,0.633,0.795,-15.395,0.582,-16.958,-15.780,-17.216
-2.679,-8.735,-0.001,0.990,0.002,-0.002,0.142,0.113,0.114,-56.905,0.110,-55.573,-54.615,-53.186,-0.746,-0.270,0.006,-0.061,-0.009,-0.288,-0.746,-0.474,-15.313,-0.460,-16.891,-15.707,-17.199
-2.686,-8.738,-0.000,0.990,0.001,-0.002,0.141,0.103,0.106,-57.058,0.103,-55.742,-54.772,-53.358,-0.745,-0.267,0.005,-0.061,0.003,-0.288,-0.971,-0.843,-15.275,-0.794,-16.799,-15.659,-17.155
-2.694,-8.740,-0.000,0.990,0.001,-0.002,0.140,0.097,0.101,-57.210,0.097,-55.909,-54.929,-53.529,-0.745,-0.263,0.004,-0.056,0.016,-0.278,-0.185,-0.285,-15.276,-0.285,-16.693,-15.629,-17.085
-2.701,-8.743,-0.000,0.990,0.001,-0.002,0.138,0.099,0.101,-57.363,0.098,-56.076,-55.085,-53.700,-0.744,-0.259,0.003,-0.049,0.030,-0.270,0.526,0.397,-15.287,0.295,-16.598,-15.591,-17.012
-2.709,-8.745,-0.000,0.991,0.000,-0.002,0.137,0.105,0.106,-57.516,0.101,-56.241,-55.240,-53.869,-0.743,-0.256,0.002,-0.040,0.044,-0.271,0.465,0.460,-15.284,0.332,-16.525,-15.530,-16.951
-2.716,-8.748,-0.000,0.991,0.000,-0.002,0.136,0.107,0.109,-57.669,0.104,-56.406,-55.395,-54.039,-0.742,-0.254,0.001,-0.028,0.057,-0.275,0.047,0.141,-15.275,0.094,-16.470,-15.453,-16.897
-2.724,-8.751,-0.000,0.991,0.000,-0.002,0.134,0.106,0.109,-57.822,0.103,-56.571,-55.549,-54.207,-0.740,-0.252,-0.000,-0.014,0.068,-0.278,-0.250,-0.145,-15.269,-0.151,-16.426,-15.372,-16.841
-2.731,-8.753,-0.000,0.991,0.000,-0.001,0.133,0.104,0.107,-57.974,0.101,-56.735,-55.703,-54.375,-0.739,-0.250,-0.001,0.001,0.077,-0.277,-0.194,-0.140,-15.271,-0.159,-16.392,-15.293,-16.776
-2.738,-8.756,-0.000,0.991,0.000,-0.001,0.131,0.103,0.107,-58.127,0.100,-56.899,-55.855,-54.543,-0.738,-0.247,-0.002,0.012,0.084,-0.275,-0.041,-0.050,-15.275,-0.063,-16.370,-15.215,-16.706
-2.746,-8.758,-0.000,0.992,0.000,-0.000,0.130,0.103,0.106,-58.280,0.100,-57.062,-56.007,-54.710,-0.737,-0.244,-0.003,0.019,0.089,-0.272,0.029,-0.011,-15.281,-0.020,-16.358,-15.139,-16.632
-2.753,-8.760,-0.000,0.992,0.000,0.000,0.129,0.103,0.106,-58.433,0.100,-57.226,-56.158,-54.876,-0.736,-0.241,-0.003,0.020,0.091,-0.270,0.037,0.006,-15.284,-0.006,-16.358,-15.063,-16.556
-2.761,-8.763,-0.000,0.992,0.000,0.001,0.127,0.103,0.106,-58.586,0.100,-57.389,-56.308,-55.041,-0.735,-0.238,-0.003,0.017,0.090,-0.269,0.025,0.010,-15.285,-0.003,-16.365,-14.988,-16.475
-2.768,-8.765,-0.000,0.992,0.000,0.001,0.126,0.103,0.106,-58.738,0.100,-57.553,-56.458,-55.205,-0.733,-0.236,-0.003,0.011,0.086,-0.267,0.013,0.010,-15.282,-0.003,-16.376,-14.918,-16.388
-2.775,-8.768,-0.001,0.992,0.000,0.001,0.125,0.104,0.106,-58.891,0.100,-57.717,-56.607,-55.368,-0.732,-0.233,-0.002,0.002,0.078,-0.266,0.004,0.009,-15.274,-0.004,-16.386,-14.852,-16.297
-2.783,-8.770,-0.001,0.992,0.000,0.002,0.123,0.104,0.107,-59.044,0.100,-57.881,-56.755,-55.531,-0.730,-0.230,-0.001,-0.008,0.067,-0.265,-0.000,0.008,-15.260,-0.004,-16.393,-14.791,-16.201
-2.790,-8.772,-0.001,0.993,-0.000,0.002,0.122,0.104,0.107,-59.196,0.100,-58.045,-56.902,-55.692,-0.729,-0.228,-0.001,-0.018,0.053,-0.265,-0.001,0.007,-15.240,-0.004,-16.395,-14.738,-16.104
-2.797,-8.774,-0.001,0.993,-0.000,0.002,0.121,0.104,0.107,-59.349,0.100,-58.209,-57.050,-55.853,-0.727,-0.225,-0.001,-0.029,0.038,-0.264,-0.001,0.007,-15.216,-0.004,-16.389,-14.694,-16.009
-2.804,-8.777,-0.001,0.993,-0.000,0.002,0.119,0.104,0.107,-59.501,0.100,-58.372,-57.196,-56.013,-0.726,-0.222,-0.001,-0.038,0.023,-0.264,0.000,0.007,-15.189,-0.004,-16.375,-14.659,-15.918
-2.812,-8.779,-0.001,0.993,-0.001,0.002,0.118,0.104,0.107,-59.652,0.100,-58.536,-57.343,-56.171,-0.724,-0.220,-0.002,-0.045,0.007,-0.263,0.001,0.006,-15.160,-0.003,-16.354,-14.634,-15.836
-2.819,-8.781,-0.001,0.993,-0.001,0.002,0.117,0.104,0.107,-59.804,0.100,-58.700,-57.489,-56.329,-0.723,-0.217,-0.003,-0.048,-0.007,-0.263,0.001,0.006,-15.131,-0.003,-16.325,-14.618,-15.763
-2.826,-8.783,-0.001,0.993,-0.001,0.002,0.116,0.104,0.107,-59.955,0.100,-58.863,-57.635,-56.487,-0.721,-0.215,-0.004,-0.047,-0.021,-0.263,0.002,0.006,-15.101,-0.003,-16.289,-14.611,-15.701
-2.833,-8.785,-0.001,0.993,-0.001,0.002,0.114,0.104,0.107,-60.106,0.099,-59.025,-57.781,-56.643,-0.720,-0.212,-0.004,-0.043,-0.033,-0.262,0.002,0.006,-15.071,-0.002,-16.248,-14.612,-15.652
-2.840,-8.787,-0.001,0.994,-0.001,0.002,0.113,0.104,0.107,-60.256,0.099,-59.188,-57.928,-56.800,-0.718,-0.210,-0.005,-0.033,-0.043,-0.262,0.002,0.006,-15.041,-0.002,-16.205,-14.617,-15.616
-2.848,-8.790,-0.001,0.994,-0.002,0.002,0.112,0.104,0.107,-60.407,0.099,-59.349,-58.074,-56.956,-0.717,-0.207,-0.006,-0.019,-0.051,-0.262,0.002,0.006,-15.009,-0.001,-16.160,-14.626,-15.594
-2.855,-8.792,-0.001,0.994,-0.002,0.001,0.110,0.104,0.107,-60.557,0.099,-59.511,-58.220,-57.112,-0.716,-0.205,-0.006,-0.002,-0.055,-0.261,0.002,0.006,-14.974,0.000,-16.116,-14.636,-15.584
-2.862,-8.794,-0.001,0.994,-0.002,0.001,0.109,0.104,0.107,-60.706,0.099,-59.672,-58.366,-57.268,-0.715,-0.203,-0.006,0.017,-0.058,-0.260,0.002,0.006,-14.936,0.001,-16.074,-14.645,-15.586
-2.869,-8.796,-0.001,0.994,-0.001,0.001,0.108,0.104,0.107,-60.855,0.099,-59.832,-58.513,-57.423,-0.714,-0.200,-0.005,0.035,-0.059,-0.259,0.002,0.006,-14.893,0.002,-16.036,-14.650,-15.598
-2.876,-8.798,-0.001,0.994,-0.001,0.001,0.106,0.104,0.107,-61.004,0.099,-59.992,-58.659,-57.580,-0.713,-0.198,-0.004,0.051,-0.059,-0.259,0.002,0.006,-14.844,0.003,-16.001,-14.650,-15.617
-2.883,-8.800,-0.001,0.994,-0.001,0.000,0.105,0.104,0.107,-61.152,0.100,-60.152,-58.806,-57.736,-0.712,-0.196,-0.003,0.063,-0.059,-0.258,0.002,0.006,-14.789,0.004,-15.970,-14.645,-15.642
-2.890,-8.802,-0.001,0.995,-0.000,0.000,0.104,0.104,0.107,-61.300,0.100,-60.312,-58.952,-57.892,-0.711,-0.194,-0.002,0.070,-0.059,-0.257,0.002,0.006,-14.729,0.004,-15.941,-14.636,-15.671
-2.898,-8.803,-0.001,0.995,-0.000,-0.000,0.103,0.104,0.108,-61.447,0.100,-60.471,-59.099,-58.049,-0.710,-0.192,0.000,0.073,-0.059,-0.257,0.002,0.006,-14.664,0.005,-15.914,-14.623,-15.702
-2.905,-8.805,-0.001,0.995,0.000,-0.000,0.101,0.104,0.108,-61.593,0.100,-60.630,-59.245,-58.206,-0.710,-0.190,0.002,0.070,-0.058,-0.256,0.002,0.006,-14.597,0.005,-15.887,-14.607,-15.732
-2.912,-8.807,-0.001,0.995,0.001,-0.001,0.100,0.104,0.108,-61.739,0.100,-60.789,-59.391,-58.364,-0.709,-0.188,0.004,0.062,-0.058,-0.256,0.001,0.005,-14.528,0.005,-15.860,-14.591,-15.761
-2.919,-8.809,-0.001,0.995,0.001,-0.001,0.099,0.104,0.108,-61.884,0.100,-60.947,-59.537,-58.522,-0.709,-0.186,0.005,0.051,-0.057,-0.256,0.001,0.005,-14.459,0.005,-15.829,-14.575,-15.786
-2.926,-8.811,-0.001,0.995,0.001,-0.001,0.098,0.104,0.108,-62.028,0.100,-61.105,-59.682,-58.680,-0.709,-0.184,0.007,0.036,-0.056,-0.256,0.001,0.004,-14.394,0.005,-15.794,-14.560,-15.806
-2.933,-8.813,-0.001,0.995,0.001,-0.001,0.096,0.104,0.108,-62.171,0.100,-61.263,-59.828,-58.838,-0.709,-0.182,0.008,0.019,-0.055,-0.256,0.001,0.003,-14.332,0.004,-15.755,-14.549,-15.823
-2.940,-8.815,-0.001,0.995,0.002,-0.002,0.095,0.104,0.108,-62.315,0.100,-61.421,-59.973,-58.996,-0.709,-0.180,0.008,0.002,-0.053,-0.256,0.000,0.002,-14.278,0.004,-15.712,-14.541,-15.835
-2.947,-8.816,-0.001,0.996,0.002,-0.002,0.094,0.104,0.108,-62.457,0.100,-61.577,-60.119,-59.154,-0.709,-0.178,0.008,-0.013,-0.050,-0.256,0.000,0.002,-14.232,0.003,-15.664,-14.538,-15.842
-2.954,-8.818,-0.001,0.996,0.001,-0.002,0.092,0.104,0.108,-62.599,0.100,-61.734,-60.264,-59.313,-0.710,-0.177,0.008,-0.027,-0.045,-0.256,-0.000,0.001,-14.195,0.003,-15.613,-14.538,-15.847
-2.961,-8.820,-0.001,0.996,0.001,-0.002,0.091,0.104,0.108,-62.741,0.100,-61.890,-60.409,-59.471,-0.711,-0.175,0.007,-0.037,-0.038,-0.256,-0.000,0.000,-14.168,0.002,-15.561,-14.541,-15.849
-2.968,-8.822,-0.000,0.996,0.001,-0.003,0.090,0.104,0.108,-62.883,0.100,-62.045,-60.555,-59.630,-0.711,-0.173,0.006,-0.043,-0.029,-0.257,-0.000,-0.000,-14.151,0.002,-15.510,-14.546,-15.848
-2.976,-8.823,-0.000,0.996,0.001,-0.003,0.089,0.104,0.108,-63.024,0.100,-62.200,-60.700,-59.788,-0.712,-0.171,0.005,-0.045,-0.018,-0.257,-0.000,-0.001,-14.143,0.001,-15.462,-14.551,-15.846
-2.983,-8.825,-0.000,0.996,0.001,-0.003,0.087,0.104,0.108,-63.165,0.100,-62.354,-60.846,-59.947,-0.713,-0.169,0.004,-0.043,-0.005,-0.257,-0.000,-0.001,-14.145,0.001,-15.420,-14.553,-15.841
-2.990,-8.827,-0.000,0.996,0.000,-0.003,0.086,0.104,0.108,-63.307,0.100,-62.508,-60.991,-60.105,-0.713,-0.168,0.002,-0.037,0.011,-0.257,-0.000,-0.001,-14.155,0.000,-15.385,-14.551,-15.834
-2.997,-8.828,-0.000,0.996,0.000,-0.003,0.085,0.104,0.108,-63.449,0.100,-62.662,-61.137,-60.263,-0.714,-0.166,0.001,-0.030,0.028,-0.257,-0.000,-0.001,-14.173,-0.000,-15.359,-14.542,-15.825
-3.004,-8.830,-0.000,0.997,0.000,-0.003,0.084,0.104,0.108,-63.590,0.100,-62.815,-61.282,-60.422,-0.714,-0.164,-0.001,-0.021,0.046,-0.257,-0.000,-0.001,-14.197,-0.001,-15.344,-14.527,-15.812
-3.011,-8.832,-0.000,0.997,0.000,-0.002,0.082,0.104,0.108,-63.733,0.100,-62.969,-61.427,-60.580,-0.715,-0.162,-0.002,-0.012,0.064,-0.256,-0.000,-0.001,-14.226,-0.001,-15.341,-14.503,-15.795
-3.018,-8.833,-0.000,0.997,0.000,-0.002,0.081,0.104,0.108,-63.875,0.100,-63.122,-61.572,-60.737,-0.715,-0.160,-0.003,-0.003,0.080,-0.256,-0.000,-0.001,-14.259,-0.001,-15.348,-14.470,-15.772
-3.026,-8.835,-0.000,0.997,-0.000,-0.002,0.080,0.104,0.108,-64.018,0.100,-63.276,-61.717,-60.895,-0.715,-0.158,-0.003,0.005,0.094,-0.256,-0.000,-0.001,-14.294,-0.002,-15.367,-14.430,-15.741
-3.033,-8.837,-0.000,0.997,-0.000,-0.001,0.078,0.104,0.108,-64.161,0.100,-63.430,-61.861,-61.052,-0.715,-0.156,-0.003,0.011,0.105,-0.255,-0.000,-0.001,-14.331,-0.002,-15.394,-14.382,-15.704
-3.040,-8.838,-0.000,0.997,0.000,-0.000,0.077,0.104,0.108,-64.304,0.100,-63.584,-62.004,-61.209,-0.715,-0.154,-0.003,0.015,0.112,-0.255,-0.000,-0.001,-14.367,-0.002,-15.428,-14.328,-15.658
-3.047,-8.840,-0.000,0.997,0.000,0.000,0.076,0.104,0.108,-64.448,0.100,-63.738,-62.147,-61.365,-0.714,-0.152,-0.002,0.017,0.114,-0.254,-0.000,-0.001,-14.401,-0.002,-15.467,-14.271,-15.605
-3.054,-8.841,-0.000,0.997,0.000,0.001,0.075,0.104,0.108,-64.592,0.100,-63.893,-62.290,-61.521,-0.714,-0.150,-0.002,0.016,0.112,-0.254,-0.000,-0.001,-14.431,-0.002,-15.508,-14.211,-15.545
-3.061,-8.843,-0.000,0.997,0.000,0.001,0.073,0.104,0.108,-64.737,0.100,-64.048,-62.432,-61.676,-0.714,-0.148,-0.001,0.013,0.105,-0.253,-0.000,-0.001,-14.457,-0.002,-15.548,-14.151,-15.478
-3.068,-8.844,-0.001,0.997,0.000,0.002,0.072,0.104,0.108,-64.881,0.100,-64.204,-62.573,-61.831,-0.713,-0.146,-0.000,0.008,0.094,-0.253,-0.000,-0.001,-14.476,-0.002,-15.584,-14.094,-15.408
-3.076,-8.846,-0.000,0.997,0.000,0.002,0.071,0.104,0.108,-65.026,0.100,-64.360,-62.713,-61.984,-0.712,-0.144,0.001,0.002,0.080,-0.253,-0.000,-0.001,-14.489,-0.003,-15.615,-14.041,-15.337
-3.083,-8.847,-0.000,0.998,0.000,0.002,0.070,0.104,0.108,-65.171,0.100,-64.516,-62.854,-62.137,-0.712,-0.142,0.001,-0.006,0.063,-0.253,-0.000,-0.001,-14.495,-0.003,-15.640,-13.994,-15.267
-3.090,-8.848,-0.000,0.998,0.000,0.003,0.068,0.104,0.108,-65.316,0.100,-64.673,-62.993,-62.290,-0.711,-0.140,0.001,-0.014,0.045,-0.252,-0.000,-0.001,-14.496,-0.002,-15.656,-13.955,-15.200
-3.097,-8.850,-0.000,0.998,-0.000,0.003,0.067,0.104,0.108,-65.461,0.100,-64.829,-63.133,-62.442,-0.711,-0.138,0.000,-0.021,0.026,-0.252,-0.000,-0.001,-14.492,-0.002,-15.664,-13.926,-15.140
-3.104,-8.851,-0.000,0.998,-0.000,0.003,0.066,0.104,0.108,-65.606,0.100,-64.986,-63.272,-62.593,-0.710,-0.136,-0.001,-0.027,0.007,-0.252,-0.000,-0.001,-14.485,-0.002,-15.663,-13.907,-15.089
-3.111,-8.852,-0.000,0.998,-0.000,0.003,0.065,0.104,0.108,-65.751,0.100,-65.143,-63.411,-62.743,-0.709,-0.134,-0.002,-0.030,-0.011,-0.253,-0.000,-0.000,-14.475,-0.002,-15.655,-13.899,-15.048
-3.118,-8.854,-0.001,0.998,-0.000,0.003,0.063,0.104,0.108,-65.896,0.100,-65.299,-63.550,-62.894,-0.709,-0.132,-0.003,-0.031,-0.026,-0.253,-0.000,-0.000,-14.463,-0.002,-15.641,-13.902,-15.018
-3.125,-8.855,-0.001,0.998,-0.001,0.003,0.062,0.104,0.108,-66.040,0.100,-65.456,-63.689,-63.044,-0.708,-0.130,-0.004,-0.030,-0.040,-0.253,-0.000,0.000,-14.451,-0.002,-15.622,-13.913,-15.000
-3.132,-8.856,-0.001,0.998,-0.001,0.002,0.061,0.104,0.108,-66.185,0.100,-65.612,-63.828,-63.194,-0.708,-0.128,-0.006,-0.025,-0.051,-0.253,0.000,0.000,-14.437,-0.001,-15.600,-13.933,-14.994
-3.139,-8.858,-0.001,0.998,-0.001,0.002,0.059,0.104,0.108,-66.329,0.100,-65.768,-63.968,-63.344,-0.707,-0.126,-0.007,-0.018,-0.058,-0.252,0.000,0.001,-14.423,-0.001,-15.576,-13.959,-15.000
-3.147,-8.859,-0.001,0.998,-0.001,0.002,0.058,0.104,0.108,-66.473,0.100,-65.923,-64.107,-63.494,-0.707,-0.124,-0.008,-0.009,-0.063,-0.252,0.000,0.001,-14.408,-0.000,-15.552,-13.989,-15.015
-3.154,-8.860,-0.001,0.998,-0.001,0.002,0.057,0.104,0.108,-66.617,0.100,-66.079,-64.247,-63.644,-0.706,-0.122,-0.008,0.001,-0.065,-0.252,0.001,0.002,-14.392,0.000,-15.530,-14.021,-15.040
-3.161,-8.861,-0.001,0.998,-0.001,0.001,0.056,0.104,0.108,-66.761,0.100,-66.234,-64.388,-63.795,-0.705,-0.121,-0.008,0.011,-0.064,-0.251,0.001,0.002,-14.374,0.001,-15.508,-14.052,-15.071
-3.168,-8.863,-0.001,0.999,-0.001,0.001,0.054,0.104,0.108,-66.904,0.100,-66.389,-64.528,-63.945,-0.705,-0.119,-0.007,0.021,-0.063,-0.251,0.001,0.003,-14.352,0.002,-15.489,-14.081,-15.107
-3.175,-8.864,-0.001,0.999,-0.001,0.001,0.053,0.104,0.108,-67.048,0.100,-66.544,-64.669,-64.097,-0.704,-0.117,-0.006,0.030,-0.060,-0.250,0.001,0.003,-14.328,0.002,-15.472,-14.106,-15.146
-3.182,-8.865,-0.001,0.999,-0.000,0.000,0.052,0.104,0.108,-67.191,0.100,-66.698,-64.811,-64.248,-0.704,-0.115,-0.005,0.036,-0.057,-0.250,0.001,0.003,-14.299,0.003,-15.455,-14.126,-15.185
-3.189,-8.866,-0.001,0.999,-0.000,0.000,0.051,0.104,0.108,-67.334,0.100,-66.853,-64.952,-64.400,-0.704,-0.113,-0.003,0.039,-0.055,-0.250,0.001,0.003,-14.266,0.003,-15.439,-14.141,-15.224
-3.196,-8.867,-0.001,0.999,-0.000,-0.000,0.049,0.104,0.108,-67.476,0.100,-67.007,-65.093,-64.553,-0.703,-0.111,-0.000,0.040,-0.053,-0.249,0.001,0.004,-14.230,0.004,-15.422,-14.151,-15.260
-3.203,-8.868,-0.001,0.999,0.000,-0.000,0.048,0.104,0.108,-67.618,0.100,-67.161,-65.235,-64.706,-0.703,-0.110,0.002,0.038,-0.052,-0.249,0.001,0.004,-14.189,0.004,-15.402,-14.158,-15.293
