-5.000,9.000,0.001,1.000,0.000,0.000,0.000,-0.000,-0.000,0.000,-0.000,0.000,0.000,0.000,-0.000,-0.000,0.000,-0.000,-0.000,-0.000,0.000,0.000,-0.000,0.000,-0.000,-0.000,-0.000
-5.000,9.000,0.001,1.000,-0.000,-0.000,0.000,-0.419,-0.305,0.007,-0.332,0.007,0.001,0.002,0.013,-0.003,0.000,-0.004,-0.012,0.009,-63.161,-46.643,1.150,-49.929,1.240,0.352,0.389
-5.000,9.000,0.001,1.000,-0.000,-0.000,-0.000,-0.833,-0.623,0.021,-0.689,0.021,0.009,0.008,0.048,-0.016,0.001,-0.016,-0.029,-0.094,-20.331,-16.355,1.691,-18.014,1.475,1.209,0.861
-4.999,9.000,0.001,1.000,-0.000,-0.000,-0.001,-0.911,-0.698,0.041,-0.768,0.037,0.025,0.019,0.074,-0.031,0.001,-0.019,-0.028,-0.185,1.939,-0.491,2.291,0.290,1.749,1.941,1.203
-4.998,8.999,0.001,1.000,-0.000,-0.000,-0.002,-0.838,-0.660,0.067,-0.714,0.056,0.048,0.032,0.098,-0.042,0.001,-0.010,-0.026,-0.246,11.009,6.913,2.891,9.486,2.072,2.578,1.545
-4.997,8.999,0.001,1.000,-0.000,-0.001,-0.003,-0.726,-0.586,0.098,-0.618,0.079,0.076,0.050,0.121,-0.048,0.001,0.003,-0.020,-0.275,10.259,7.235,3.461,8.565,2.470,3.139,1.939
-4.996,8.998,0.001,1.000,-0.000,-0.001,-0.005,-0.640,-0.523,0.136,-0.547,0.106,0.110,0.071,0.145,-0.051,0.000,0.011,-0.013,-0.291,6.833,5.250,4.007,5.756,2.894,3.667,2.370
-4.994,8.998,0.001,1.000,-0.000,-0.001,-0.006,-0.588,-0.479,0.178,-0.501,0.137,0.150,0.097,0.169,-0.053,-0.001,0.011,-0.007,-0.304,3.700,3.572,4.530,3.594,3.325,4.182,2.808
-4.992,8.997,0.001,1.000,-0.000,-0.001,-0.008,-0.563,-0.450,0.226,-0.473,0.172,0.194,0.127,0.192,-0.056,-0.001,0.008,-0.001,-0.319,1.508,2.341,5.042,2.115,3.752,4.685,3.239
-4.990,8.997,0.001,1.000,-0.000,-0.001,-0.009,-0.554,-0.431,0.279,-0.457,0.212,0.243,0.162,0.215,-0.060,-0.002,0.003,0.002,-0.337,0.284,1.502,5.546,1.193,4.170,5.179,3.652
-4.988,8.996,0.001,1.000,-0.000,-0.001,-0.011,-0.555,-0.419,0.337,-0.448,0.256,0.297,0.200,0.236,-0.064,-0.003,-0.002,0.005,-0.356,-0.240,0.957,6.045,0.658,4.576,5.663,4.046
-4.986,8.995,0.000,1.000,-0.000,-0.001,-0.013,-0.558,-0.411,0.400,-0.443,0.303,0.356,0.243,0.257,-0.068,-0.003,-0.007,0.006,-0.378,-0.357,0.613,6.538,0.367,4.969,6.137,4.420
-4.983,8.995,0.000,1.000,-0.000,-0.001,-0.015,-0.561,-0.406,0.468,-0.440,0.355,0.420,0.289,0.277,-0.074,-0.004,-0.010,0.007,-0.402,-0.294,0.400,7.024,0.215,5.349,6.600,4.777
-4.980,8.994,0.000,1.000,-0.000,-0.001,-0.017,-0.564,-0.403,0.541,-0.438,0.410,0.488,0.338,0.296,-0.079,-0.005,-0.013,0.007,-0.425,-0.186,0.265,7.502,0.136,5.717,7.052,5.117
-4.977,8.993,0.000,1.000,-0.000,-0.001,-0.019,-0.565,-0.401,0.618,-0.437,0.469,0.561,0.391,0.314,-0.085,-0.006,-0.014,0.007,-0.449,-0.094,0.179,7.970,0.091,6.073,7.493,5.443
-4.974,8.992,0.000,1.000,-0.000,-0.001,-0.021,-0.566,-0.399,0.700,-0.436,0.532,0.638,0.447,0.332,-0.091,-0.007,-0.016,0.007,-0.473,-0.037,0.122,8.427,0.063,6.419,7.922,5.757
-4.970,8.991,0.000,1.000,-0.000,-0.000,-0.024,-0.566,-0.398,0.786,-0.436,0.598,0.720,0.506,0.349,-0.097,-0.007,-0.017,0.006,-0.496,-0.008,0.083,8.874,0.044,6.753,8.339,6.059
-4.967,8.990,0.000,1.000,-0.000,-0.000,-0.026,-0.566,-0.397,0.877,-0.435,0.667,0.805,0.568,0.365,-0.103,-0.008,-0.017,0.006,-0.519,0.005,0.057,9.309,0.030,7.078,8.745,6.351
-4.963,8.989,0.000,1.000,-0.001,-0.000,-0.029,-0.566,-0.397,0.973,-0.435,0.739,0.894,0.633,0.381,-0.109,-0.009,-0.017,0.006,-0.541,0.008,0.039,9.733,0.019,7.392,9.139,6.632
-4.959,8.988,-0.000,0.999,-0.001,-0.000,-0.032,-0.566,-0.397,1.072,-0.435,0.815,0.988,0.701,0.395,-0.116,-0.010,-0.017,0.006,-0.562,0.007,0.027,10.146,0.013,7.696,9.522,6.904
-4.955,8.987,-0.000,0.999,-0.001,-0.000,-0.035,-0.566,-0.396,1.175,-0.435,0.893,1.085,0.771,0.409,-0.122,-0.011,-0.016,0.005,-0.583,0.005,0.019,10.546,0.009,7.990,9.894,7.167
-4.951,8.986,-0.000,0.999,-0.001,-0.000,-0.038,-0.565,-0.396,1.283,-0.435,0.974,1.186,0.844,0.423,-0.129,-0.011,-0.014,0.005,-0.603,0.003,0.013,10.934,0.006,8.275,10.254,7.421
-4.947,8.984,-0.000,0.999,-0.001,-0.000,-0.041,-0.565,-0.396,1.394,-0.435,1.059,1.290,0.920,0.435,-0.135,-0.011,-0.011,0.004,-0.622,0.002,0.010,11.310,0.005,8.551,10.603,7.667
-4.942,8.983,-0.000,0.999,-0.001,-0.000,-0.044,-0.565,-0.396,1.509,-0.435,1.145,1.398,0.997,0.448,-0.142,-0.011,-0.007,0.003,-0.640,0.001,0.007,11.673,0.003,8.818,10.941,7.904
-4.938,8.982,-0.001,0.999,-0.001,-0.000,-0.047,-0.565,-0.396,1.628,-0.435,1.235,1.509,1.078,0.459,-0.149,-0.011,-0.003,0.002,-0.658,0.001,0.005,12.023,0.003,9.076,11.266,8.134
-4.933,8.980,-0.001,0.999,-0.001,-0.000,-0.050,-0.565,-0.396,1.749,-0.435,1.327,1.623,1.160,0.470,-0.155,-0.010,0.002,0.001,-0.675,0.000,0.003,12.360,0.002,9.325,11.581,8.356
-4.928,8.978,-0.001,0.999,-0.001,-0.000,-0.054,-0.565,-0.396,1.875,-0.435,1.421,1.740,1.245,0.480,-0.162,-0.009,0.008,-0.001,-0.691,0.000,0.001,12.683,0.002,9.565,11.883,8.571
-4.924,8.977,-0.001,0.998,-0.001,-0.000,-0.057,-0.565,-0.396,2.003,-0.435,1.518,1.861,1.331,0.490,-0.169,-0.008,0.013,-0.002,-0.707,0.000,-0.001,12.993,0.002,9.798,12.173,8.780
-4.919,8.975,-0.001,0.998,-0.001,-0.000,-0.061,-0.565,-0.396,2.135,-0.435,1.617,1.984,1.420,0.499,-0.176,-0.007,0.018,-0.003,-0.723,0.000,-0.002,13.290,0.002,10.023,12.451,8.982
-4.914,8.973,-0.001,0.998,-0.001,-0.000,-0.064,-0.565,-0.396,2.269,-0.434,1.719,2.109,1.511,0.508,-0.183,-0.006,0.023,-0.004,-0.737,0.000,-0.003,13.574,0.003,10.240,12.718,9.178
-4.908,8.971,-0.001,0.998,-0.001,-0.000,-0.068,-0.565,-0.396,2.406,-0.434,1.822,2.238,1.604,0.517,-0.191,-0.005,0.026,-0.005,-0.752,0.000,-0.004,13.846,0.003,10.449,12.974,9.368
-4.903,8.969,-0.001,0.997,-0.000,-0.000,-0.072,-0.565,-0.396,2.546,-0.434,1.928,2.369,1.698,0.525,-0.198,-0.003,0.028,-0.006,-0.765,0.000,-0.004,14.106,0.003,10.652,13.220,9.553
-4.898,8.967,-0.001,0.997,-0.000,-0.000,-0.076,-0.565,-0.396,2.688,-0.434,2.035,2.502,1.795,0.533,-0.205,-0.002,0.029,-0.007,-0.779,0.000,-0.004,14.352,0.004,10.849,13.457,9.734
-4.893,8.965,-0.001,0.997,-0.000,-0.001,-0.080,-0.565,-0.396,2.833,-0.434,2.145,2.638,1.893,0.540,-0.213,-0.001,0.028,-0.008,-0.792,0.000,-0.004,14.586,0.004,11.040,13.686,9.911
-4.887,8.963,-0.001,0.996,0.000,-0.001,-0.084,-0.565,-0.396,2.980,-0.434,2.256,2.776,1.993,0.547,-0.220,-0.000,0.026,-0.009,-0.804,0.001,-0.003,14.811,0.004,11.225,13.908,10.083
-4.882,8.961,-0.001,0.996,0.000,-0.001,-0.088,-0.565,-0.396,3.129,-0.434,2.369,2.916,2.095,0.554,-0.228,0.000,0.022,-0.009,-0.816,0.001,-0.003,15.028,0.004,11.404,14.123,10.250
-4.876,8.959,-0.001,0.996,0.000,-0.001,-0.092,-0.565,-0.396,3.280,-0.434,2.484,3.058,2.198,0.561,-0.236,0.001,0.016,-0.008,-0.828,0.001,-0.002,15.240,0.004,11.577,14.332,10.413
-4.870,8.956,-0.001,0.995,0.000,-0.001,-0.096,-0.565,-0.396,3.434,-0.434,2.601,3.203,2.303,0.567,-0.244,0.001,0.010,-0.006,-0.839,0.001,-0.002,15.447,0.004,11.744,14.535,10.569
-4.865,8.954,-0.001,0.995,0.000,-0.001,-0.100,-0.565,-0.396,3.589,-0.434,2.719,3.349,2.409,0.573,-0.252,0.001,0.004,-0.004,-0.850,0.001,-0.002,15.650,0.004,11.905,14.734,10.720
-4.859,8.951,-0.001,0.995,0.000,-0.001,-0.104,-0.565,-0.396,3.747,-0.434,2.839,3.497,2.517,0.579,-0.260,0.001,-0.000,-0.003,-0.861,0.000,-0.002,15.850,0.003,12.061,14.929,10.865
-4.853,8.949,-0.001,0.994,0.000,-0.001,-0.109,-0.565,-0.396,3.906,-0.434,2.960,3.648,2.627,0.584,-0.268,0.001,-0.001,-0.003,-0.872,0.000,-0.002,16.046,0.003,12.212,15.119,11.004
-4.847,8.946,-0.001,0.994,0.000,-0.001,-0.113,-0.565,-0.396,4.068,-0.434,3.083,3.800,2.737,0.589,-0.276,0.001,0.000,-0.003,-0.883,-0.000,-0.003,16.237,0.002,12.362,15.305,11.135
-4.841,8.943,-0.001,0.993,0.000,-0.001,-0.118,-0.565,-0.396,4.231,-0.434,3.207,3.954,2.849,0.593,-0.285,0.002,0.004,-0.006,-0.896,-0.000,-0.004,16.425,0.001,12.508,15.488,11.258
-4.835,8.940,-0.001,0.993,0.000,-0.001,-0.122,-0.565,-0.396,4.396,-0.434,3.333,4.110,2.963,0.597,-0.294,0.004,0.011,-0.010,-0.910,-0.001,-0.005,16.608,0.001,12.650,15.666,11.373
-4.829,8.937,-0.001,0.992,0.000,-0.001,-0.127,-0.565,-0.396,4.563,-0.434,3.460,4.267,3.077,0.600,-0.304,0.005,0.020,-0.014,-0.925,-0.001,-0.006,16.784,0.001,12.789,15.838,11.481
-4.823,8.934,-0.001,0.991,0.001,-0.001,-0.131,-0.565,-0.397,4.732,-0.434,3.589,4.426,3.192,0.604,-0.313,0.007,0.031,-0.018,-0.941,-0.001,-0.008,16.950,0.000,12.924,16.002,11.585
-4.817,8.931,-0.001,0.991,0.001,-0.001,-0.136,-0.565,-0.397,4.902,-0.434,3.719,4.587,3.309,0.607,-0.323,0.008,0.044,-0.019,-0.956,-0.001,-0.009,17.105,0.000,13.056,16.156,11.687
-4.811,8.928,-0.001,0.990,0.001,-0.001,-0.141,-0.565,-0.397,5.074,-0.434,3.850,4.749,3.426,0.609,-0.332,0.010,0.057,-0.019,-0.972,-0.001,-0.009,17.246,-0.000,13.185,16.300,11.788
-4.805,8.924,-0.001,0.989,0.001,-0.001,-0.146,-0.565,-0.397,5.247,-0.434,3.982,4.913,3.544,0.612,-0.342,0.011,0.069,-0.018,-0.986,-0.001,-0.009,17.374,0.000,13.312,16.432,11.893
-4.799,8.921,-0.001,0.989,0.002,-0.002,-0.150,-0.565,-0.397,5.421,-0.434,4.116,5.078,3.664,0.615,-0.352,0.012,0.079,-0.016,-0.997,-0.001,-0.008,17.488,0.000,13.438,16.553,12.005
-4.793,8.917,-0.000,0.988,0.002,-0.002,-0.155,-0.565,-0.397,5.597,-0.434,4.251,5.244,3.784,0.618,-0.361,0.012,0.085,-0.014,-1.006,-0.000,-0.006,17.588,0.001,13.563,16.662,12.127
-4.787,8.914,-0.000,0.987,0.002,-0.002,-0.160,-0.565,-0.397,5.773,-0.434,4.387,5.411,3.906,0.621,-0.370,0.012,0.085,-0.012,-1.011,0.000,-0.003,17.675,0.002,13.687,16.760,12.262
-4.780,8.910,-0.000,0.986,0.003,-0.002,-0.165,-0.565,-0.397,5.950,-0.434,4.525,5.579,4.030,0.624,-0.379,0.012,0.078,-0.008,-1.011,0.001,-0.000,17.750,0.002,13.808,16.848,12.411
-4.774,8.906,-0.000,0.985,0.003,-0.002,-0.170,-0.565,-0.397,6.128,-0.434,4.663,5.748,4.155,0.628,-0.387,0.010,0.059,-0.004,-1.008,0.002,0.003,17.825,0.003,13.916,16.932,12.567
-4.768,8.902,-0.000,0.985,0.003,-0.002,-0.175,-0.565,-0.397,6.307,-0.434,4.803,5.918,4.281,0.631,-0.396,0.009,0.024,-0.000,-1.007,0.002,0.006,17.910,0.003,14.024,17.019,12.714
-4.762,8.898,0.000,0.984,0.003,-0.002,-0.180,-0.565,-0.397,6.486,-0.434,4.944,6.089,4.409,0.633,-0.404,0.007,-0.018,0.004,-1.008,0.002,0.009,18.009,0.003,14.124,17.110,12.845
-4.755,8.894,0.000,0.983,0.003,-0.002,-0.185,-0.565,-0.397,6.667,-0.434,5.086,6.260,4.538,0.635,-0.413,0.004,-0.060,0.008,-1.010,0.002,0.011,18.121,0.003,14.215,17.211,12.957
-4.749,8.890,0.000,0.982,0.003,-0.002,-0.190,-0.565,-0.397,6.849,-0.434,5.228,6.433,4.668,0.636,-0.422,0.002,-0.099,0.010,-1.013,0.002,0.012,18.245,0.002,14.293,17.322,13.050
-4.743,8.886,0.000,0.981,0.002,-0.002,-0.195,-0.565,-0.397,7.032,-0.434,5.371,6.607,4.799,0.636,-0.431,-0.000,-0.132,0.012,-1.017,0.002,0.012,18.381,0.002,14.359,17.444,13.123
-4.736,8.881,0.000,0.980,0.002,-0.001,-0.200,-0.565,-0.396,7.216,-0.434,5.515,6.782,4.930,0.636,-0.440,-0.002,-0.159,0.014,-1.021,0.001,0.012,18.526,0.001,14.412,17.575,13.178
-4.730,8.877,0.000,0.979,0.001,-0.001,-0.205,-0.565,-0.396,7.402,-0.434,5.660,6.958,5.062,0.635,-0.449,-0.004,-0.178,0.016,-1.025,0.001,0.011,18.679,0.000,14.454,17.714,13.217
-4.723,8.872,0.000,0.978,0.000,-0.001,-0.210,-0.565,-0.396,7.590,-0.434,5.804,7.136,5.195,0.633,-0.458,-0.006,-0.188,0.018,-1.030,0.001,0.010,18.835,-0.000,14.486,17.857,13.239
-4.717,8.868,-0.000,0.977,-0.001,-0.001,-0.215,-0.565,-0.396,7.779,-0.434,5.949,7.315,5.327,0.630,-0.466,-0.006,-0.186,0.020,-1.036,0.000,0.009,18.993,-0.001,14.511,18.002,13.247
-4.711,8.863,-0.000,0.975,-0.002,-0.000,-0.220,-0.565,-0.396,7.970,-0.434,6.095,7.496,5.459,0.627,-0.475,-0.006,-0.170,0.019,-1.043,-0.000,0.007,19.150,-0.002,14.530,18.145,13.241
-4.705,8.858,-0.000,0.974,-0.002,0.000,-0.225,-0.565,-0.396,8.162,-0.434,6.240,7.678,5.592,0.623,-0.484,-0.005,-0.141,0.014,-1.051,-0.001,0.005,19.305,-0.003,14.549,18.282,13.225
-4.698,8.853,-0.000,0.973,-0.003,0.000,-0.231,-0.565,-0.396,8.356,-0.434,6.386,7.862,5.724,0.619,-0.493,-0.003,-0.107,0.008,-1.063,-0.001,0.003,19.453,-0.004,14.584,18.410,13.195
-4.692,8.848,-0.000,0.972,-0.004,0.000,-0.236,-0.565,-0.396,8.551,-0.434,6.532,8.046,5.856,0.613,-0.502,-0.002,-0.075,0.003,-1.077,-0.002,-0.000,19.592,-0.005,14.622,18.529,13.161
-4.686,8.843,-0.000,0.971,-0.004,0.000,-0.241,-0.565,-0.396,8.748,-0.434,6.678,8.232,5.987,0.608,-0.511,-0.001,-0.049,0.002,-1.093,-0.002,-0.002,19.722,-0.006,14.655,18.641,13.126
-4.680,8.838,-0.000,0.969,-0.004,0.000,-0.246,-0.565,-0.396,8.945,-0.434,6.825,8.419,6.118,0.602,-0.521,-0.001,-0.026,0.008,-1.112,-0.002,-0.004,19.843,-0.007,14.690,18.742,13.088
-4.674,8.833,-0.000,0.968,-0.004,0.000,-0.252,-0.565,-0.396,9.144,-0.434,6.972,8.607,6.249,0.595,-0.531,-0.002,-0.003,0.021,-1.132,-0.002,-0.004,19.957,-0.007,14.735,18.831,13.051
-4.668,8.827,-0.000,0.966,-0.004,0.001,-0.257,-0.565,-0.396,9.345,-0.434,7.120,8.796,6.379,0.589,-0.540,-0.005,0.017,0.034,-1.151,-0.002,-0.004,20.065,-0.007,14.791,18.909,13.022
-4.662,8.822,-0.000,0.965,-0.004,0.001,-0.263,-0.565,-0.396,9.546,-0.434,7.268,8.985,6.509,0.583,-0.550,-0.007,0.037,0.042,-1.166,-0.002,-0.004,20.170,-0.006,14.857,18.978,13.015
-4.657,8.816,-0.000,0.963,-0.004,0.001,-0.269,-0.565,-0.396,9.748,-0.434,7.417,9.175,6.640,0.577,-0.559,-0.008,0.053,0.044,-1.176,-0.001,-0.004,20.272,-0.005,14.933,19.038,13.034
-4.651,8.811,-0.000,0.962,-0.003,0.001,-0.274,-0.565,-0.396,9.951,-0.434,7.566,9.366,6.770,0.572,-0.568,-0.009,0.065,0.039,-1.183,-0.001,-0.004,20.366,-0.004,15.017,19.095,13.075
-4.645,8.805,-0.001,0.960,-0.003,0.001,-0.280,-0.565,-0.396,10.155,-0.434,7.717,9.557,6.901,0.567,-0.576,-0.009,0.073,0.029,-1.187,-0.001,-0.004,20.452,-0.003,15.108,19.152,13.135
-4.639,8.799,-0.001,0.958,-0.002,0.001,-0.286,-0.565,-0.396,10.360,-0.434,7.869,9.749,7.033,0.562,-0.585,-0.008,0.078,0.013,-1.190,-0.001,-0.005,20.527,-0.002,15.201,19.209,13.209
-4.634,8.793,-0.001,0.957,-0.002,0.001,-0.291,-0.565,-0.396,10.566,-0.434,8.021,9.941,7.165,0.557,-0.593,-0.006,0.081,-0.005,-1.192,-0.001,-0.007,20.589,-0.001,15.293,19.270,13.294
-4.628,8.787,-0.001,0.955,-0.002,0.001,-0.297,-0.565,-0.396,10.772,-0.434,8.174,10.134,7.299,0.553,-0.602,-0.004,0.085,-0.023,-1.194,-0.000,-0.008,20.638,0.001,15.380,19.332,13.384
-4.623,8.781,-0.001,0.953,-0.001,0.000,-0.303,-0.565,-0.397,10.978,-0.434,8.329,10.328,7.433,0.547,-0.610,-0.001,0.090,-0.038,-1.198,-0.000,-0.010,20.671,0.002,15.460,19.393,13.474
-4.617,8.775,-0.001,0.951,-0.001,0.000,-0.308,-0.565,-0.397,11.185,-0.434,8.484,10.522,7.568,0.542,-0.619,0.002,0.097,-0.049,-1.202,-0.000,-0.011,20.690,0.003,15.531,19.452,13.562
-4.612,8.769,-0.001,0.949,-0.001,-0.000,-0.314,-0.565,-0.397,11.392,-0.434,8.639,10.717,7.704,0.536,-0.627,0.005,0.106,-0.054,-1.207,-0.000,-0.011,20.692,0.003,15.597,19.503,13.646
-4.607,8.763,-0.001,0.947,-0.000,-0.001,-0.320,-0.565,-0.397,11.599,-0.434,8.796,10.912,7.841,0.531,-0.636,0.007,0.114,-0.052,-1.213,-0.000,-0.010,20.679,0.004,15.659,19.545,13.729
-4.601,8.756,-0.001,0.945,0.000,-0.001,-0.326,-0.565,-0.397,11.806,-0.434,8.952,11.108,7.979,0.525,-0.644,0.009,0.121,-0.043,-1.218,0.000,-0.008,20.652,0.004,15.720,19.573,13.811
-4.596,8.750,-0.001,0.943,0.001,-0.002,-0.331,-0.565,-0.397,12.012,-0.434,9.110,11.304,8.117,0.519,-0.653,0.010,0.125,-0.030,-1.220,0.000,-0.006,20.614,0.003,15.784,19.586,13.896
-4.591,8.743,-0.000,0.941,0.001,-0.002,-0.337,-0.565,-0.397,12.218,-0.434,9.268,11.499,8.257,0.514,-0.661,0.010,0.125,-0.015,-1.219,0.001,-0.002,20.578,0.003,15.852,19.580,13.988
-4.586,8.737,-0.000,0.939,0.002,-0.002,-0.343,-0.565,-0.397,12.424,-0.434,9.427,11.695,8.397,0.509,-0.668,0.009,0.121,-0.002,-1.213,0.001,0.002,20.549,0.002,15.926,19.558,14.088
-4.581,8.730,-0.000,0.937,0.003,-0.002,-0.349,-0.565,-0.397,12.629,-0.434,9.587,11.891,8.539,0.505,-0.676,0.008,0.108,0.009,-1.204,0.001,0.006,20.532,0.002,15.996,19.528,14.195
-4.576,8.723,-0.000,0.935,0.003,-0.002,-0.354,-0.565,-0.397,12.834,-0.434,9.747,12.086,8.681,0.501,-0.683,0.005,0.083,0.020,-1.191,0.002,0.009,20.525,0.002,16.054,19.494,14.313
-4.571,8.716,-0.000,0.933,0.003,-0.002,-0.360,-0.565,-0.397,13.040,-0.434,9.908,12.280,8.825,0.498,-0.689,0.001,0.046,0.035,-1.172,0.002,0.011,20.521,0.002,16.102,19.462,14.440
-4.566,8.709,-0.000,0.931,0.004,-0.002,-0.365,-0.565,-0.397,13.245,-0.434,10.069,12.475,8.970,0.494,-0.696,-0.003,-0.000,0.045,-1.157,0.002,0.012,20.534,0.002,16.156,19.446,14.553
-4.561,8.702,-0.000,0.929,0.004,-0.002,-0.370,-0.565,-0.397,13.450,-0.434,10.231,12.669,9.116,0.489,-0.703,-0.007,-0.047,0.045,-1.148,0.002,0.013,20.573,0.002,16.216,19.452,14.636
-4.556,8.695,-0.000,0.927,0.003,-0.002,-0.376,-0.565,-0.396,13.656,-0.434,10.393,12.864,9.263,0.483,-0.710,-0.010,-0.086,0.038,-1.144,0.002,0.012,20.632,0.003,16.270,19.481,14.692
-4.551,8.688,-0.000,0.925,0.003,-0.001,-0.381,-0.565,-0.396,13.863,-0.434,10.556,13.059,9.410,0.476,-0.716,-0.011,-0.114,0.024,-1.141,0.002,0.011,20.708,0.003,16.312,19.533,14.728
-4.547,8.681,-0.001,0.922,0.003,-0.001,-0.386,-0.565,-0.396,14.071,-0.434,10.719,13.255,9.557,0.468,-0.722,-0.012,-0.133,0.006,-1.140,0.001,0.009,20.792,0.003,16.339,19.605,14.749
-4.542,8.674,-0.001,0.920,0.002,-0.001,-0.392,-0.565,-0.396,14.279,-0.434,10.883,13.451,9.705,0.460,-0.728,-0.011,-0.140,-0.016,-1.140,0.001,0.006,20.882,0.004,16.347,19.691,14.759
-4.537,8.666,-0.001,0.918,0.001,-0.000,-0.397,-0.565,-0.396,14.488,-0.434,11.046,13.649,9.852,0.452,-0.734,-0.008,-0.135,-0.038,-1.141,0.001,0.004,20.973,0.004,16.337,19.787,14.761
-4.533,8.659,-0.001,0.916,0.001,-0.000,-0.402,-0.565,-0.396,14.698,-0.434,11.210,13.847,10.000,0.443,-0.740,-0.005,-0.121,-0.059,-1.143,0.001,0.001,21.058,0.004,16.308,19.887,14.758
-4.528,8.651,-0.001,0.913,-0.000,-0.001,-0.407,-0.565,-0.396,14.909,-0.434,11.372,14.046,10.147,0.435,-0.745,-0.001,-0.105,-0.073,-1.144,0.000,-0.001,21.128,0.004,16.265,19.985,14.754
-4.524,8.644,-0.001,0.911,-0.001,-0.001,-0.413,-0.565,-0.396,15.121,-0.434,11.535,14.247,10.295,0.426,-0.750,0.002,-0.090,-0.076,-1.145,0.000,-0.002,21.179,0.003,16.212,20.078,14.754
-4.520,8.636,-0.001,0.909,-0.001,-0.001,-0.418,-0.565,-0.396,15.333,-0.434,11.697,14.448,10.442,0.418,-0.755,0.004,-0.079,-0.070,-1.145,-0.000,-0.003,21.211,0.002,16.155,20.162,14.756
-4.516,8.629,-0.001,0.906,-0.002,-0.001,-0.423,-0.565,-0.396,15.545,-0.434,11.858,14.650,10.590,0.410,-0.760,0.006,-0.071,-0.054,-1.146,-0.001,-0.003,21.230,0.001,16.099,20.235,14.761
-4.512,8.621,-0.001,0.904,-0.002,-0.001,-0.428,-0.556,-0.395,15.757,-0.432,12.019,14.853,10.738,0.402,-0.765,0.006,-0.067,-0.033,-1.146,1.444,0.174,21.241,0.351,16.042,20.295,14.762
-4.508,8.614,-0.001,0.901,-0.002,-0.001,-0.433,-0.541,-0.393,15.970,-0.428,12.179,15.056,10.885,0.394,-0.770,0.006,-0.063,-0.010,-1.143,1.542,0.190,21.241,0.378,16.001,20.341,14.772
-4.504,8.606,-0.001,0.899,-0.003,-0.001,-0.438,-0.527,-0.392,16.182,-0.425,12.339,15.259,11.033,0.387,-0.775,0.005,-0.060,0.013,-1.139,1.127,0.141,21.237,0.277,15.976,20.377,14.784
-4.500,8.598,-0.001,0.896,-0.003,-0.001,-0.444,-0.518,-0.390,16.395,-0.422,12.498,15.463,11.181,0.379,-0.780,0.004,-0.057,0.033,-1.137,0.646,0.081,21.232,0.157,15.967,20.408,14.787
-4.496,8.590,-0.000,0.894,-0.003,-0.000,-0.449,-0.514,-0.390,16.607,-0.421,12.658,15.668,11.329,0.371,-0.785,0.004,-0.050,0.046,-1.139,0.284,0.035,21.245,0.067,15.972,20.436,14.772
-4.493,8.582,-0.000,0.891,-0.003,-0.000,-0.454,-0.512,-0.390,16.820,-0.421,12.818,15.872,11.476,0.361,-0.791,0.005,-0.038,0.046,-1.149,0.079,0.010,21.297,0.018,15.988,20.463,14.726
-4.489,8.574,-0.000,0.889,-0.003,0.000,-0.459,-0.512,-0.390,17.033,-0.421,12.978,16.077,11.623,0.350,-0.797,0.006,-0.022,0.037,-1.164,-0.015,-0.003,21.372,-0.005,16.013,20.491,14.653
-4.486,8.566,-0.000,0.886,-0.003,0.000,-0.464,-0.512,-0.390,17.247,-0.421,13.138,16.282,11.769,0.337,-0.803,0.008,-0.006,0.026,-1.185,-0.046,-0.010,21.459,-0.014,16.026,20.522,14.565
-4.482,8.558,-0.000,0.883,-0.003,0.000,-0.469,-0.513,-0.390,17.462,-0.421,13.298,16.487,11.914,0.325,-0.809,0.009,0.008,0.017,-1.211,-0.044,-0.012,21.553,-0.014,16.018,20.559,14.466
-4.479,8.550,-0.000,0.880,-0.003,0.000,-0.475,-0.513,-0.390,17.678,-0.421,13.458,16.693,12.059,0.311,-0.815,0.009,0.023,0.015,-1.240,-0.033,-0.012,21.639,-0.012,16.010,20.594,14.361
-4.476,8.542,-0.000,0.877,-0.003,0.000,-0.480,-0.513,-0.390,17.895,-0.421,13.619,16.899,12.202,0.298,-0.820,0.009,0.040,0.015,-1.265,-0.021,-0.011,21.703,-0.009,16.009,20.625,14.275
-4.473,8.534,-0.000,0.874,-0.003,0.000,-0.486,-0.514,-0.390,18.112,-0.421,13.779,17.105,12.344,0.282,-0.825,0.004,0.089,0.045,-1.308,-0.009,-0.005,21.776,-0.001,16.062,20.640,14.125
-4.470,8.526,0.000,0.871,-0.002,0.000,-0.492,-0.514,-0.390,18.330,-0.421,13.940,17.312,12.484,0.267,-0.830,0.001,0.135,0.070,-1.337,-0.003,-0.001,21.827,0.002,16.126,20.640,14.025
-4.468,8.517,0.000,0.867,-0.001,0.000,-0.498,-0.514,-0.390,18.549,-0.421,14.101,17.518,12.624,0.256,-0.836,-0.002,0.157,0.081,-1.348,-0.000,0.001,21.851,0.001,16.196,20.620,14.008
-4.465,8.509,0.000,0.864,-0.000,0.000,-0.503,-0.514,-0.390,18.767,-0.421,14.264,17.724,12.765,0.250,-0.841,0.001,0.132,0.060,-1.324,-0.000,0.001,21.809,-0.003,16.300,20.567,14.126
-4.463,8.500,0.000,0.861,0.000,0.000,-0.509,-0.514,-0.390,18.985,-0.421,14.427,17.930,12.907,0.242,-0.846,0.000,0.119,0.052,-1.306,0.001,0.003,21.764,-0.002,16.408,20.498,14.234
-4.460,8.492,0.000,0.857,0.001,0.000,-0.515,-0.514,-0.390,19.202,-0.421,14.592,18.134,13.050,0.235,-0.851,-0.001,0.108,0.049,-1.288,0.002,0.007,21.724,-0.001,16.503,20.424,14.344
-4.458,8.483,-0.000,0.854,0.002,-0.000,-0.520,-0.514,-0.390,19.419,-0.421,14.757,18.338,13.194,0.228,-0.855,-0.003,0.094,0.043,-1.268,0.002,0.009,21.690,0.001,16.589,20.347,14.465
-4.456,8.475,-0.000,0.851,0.002,-0.000,-0.525,-0.514,-0.390,19.636,-0.421,14.924,18.541,13.339,0.221,-0.858,-0.005,0.074,0.028,-1.243,0.003,0.012,21.659,0.002,16.671,20.275,14.598
-4.454,8.466,-0.000,0.848,0.002,-0.000,-0.531,-0.513,-0.390,19.853,-0.421,15.091,18.744,13.486,0.214,-0.861,-0.006,0.051,0.008,-1.218,0.003,0.012,21.653,0.003,16.740,20.212,14.730
-4.452,8.458,-0.000,0.844,0.003,-0.000,-0.536,-0.513,-0.390,20.069,-0.421,15.258,18.945,13.634,0.207,-0.864,-0.008,0.025,-0.008,-1.195,0.002,0.011,21.653,0.004,16.792,20.165,14.854
-4.450,8.449,-0.000,0.841,0.003,-0.000,-0.541,-0.513,-0.390,20.286,-0.421,15.427,19.147,13.783,0.200,-0.866,-0.011,-0.006,-0.014,-1.175,0.002,0.008,21.635,0.004,16.831,20.143,14.966
-4.448,8.440,-0.000,0.838,0.002,-0.000,-0.546,-0.513,-0.389,20.502,-0.421,15.595,19.348,13.933,0.192,-0.868,-0.014,-0.037,-0.020,-1.162,0.001,0.005,21.636,0.003,16.855,20.149,15.048
-4.446,8.432,-0.001,0.835,0.002,-0.000,-0.550,-0.513,-0.389,20.718,-0.421,15.764,19.550,14.084,0.182,-0.869,-0.015,-0.057,-0.028,-1.155,0.000,0.002,21.656,0.003,16.864,20.178,15.102
-4.444,8.423,-0.001,0.832,0.002,-0.000,-0.555,-0.513,-0.389,20.935,-0.421,15.932,19.752,14.235,0.172,-0.870,-0.015,-0.065,-0.039,-1.153,-0.000,-0.000,21.686,0.002,16.860,20.226,15.132
-4.442,8.414,-0.001,0.828,0.001,-0.000,-0.560,-0.513,-0.389,21.152,-0.421,16.101,19.955,14.386,0.160,-0.871,-0.012,-0.064,-0.052,-1.155,-0.000,-0.002,21.721,0.002,16.843,20.287,15.138
-4.441,8.406,-0.001,0.825,0.001,-0.000,-0.565,-0.513,-0.389,21.370,-0.421,16.269,20.158,14.538,0.149,-0.871,-0.009,-0.059,-0.063,-1.161,-0.001,-0.004,21.758,0.001,16.815,20.358,15.123
-4.439,8.397,-0.001,0.822,0.001,-0.000,-0.570,-0.513,-0.390,21.587,-0.421,16.437,20.362,14.689,0.137,-0.872,-0.006,-0.054,-0.068,-1.167,-0.001,-0.004,21.784,0.001,16.777,20.429,15.101
-4.438,8.388,-0.001,0.819,0.000,-0.001,-0.574,-0.513,-0.390,21.805,-0.421,16.605,20.566,14.840,0.126,-0.872,-0.003,-0.048,-0.065,-1.171,-0.000,-0.004,21.795,0.001,16.735,20.495,15.081
-4.437,8.379,-0.001,0.815,-0.000,-0.001,-0.579,-0.513,-0.390,22.023,-0.421,16.772,20.772,14.990,0.115,-0.873,-0.000,-0.042,-0.056,-1.173,-0.000,-0.003,21.794,0.001,16.692,20.550,15.069
-4.436,8.371,-0.001,0.812,-0.001,-0.001,-0.584,-0.513,-0.390,22.241,-0.421,16.938,20.977,15.141,0.105,-0.873,0.002,-0.037,-0.044,-1.172,0.000,-0.002,21.785,0.001,16.653,20.594,15.066
-4.435,8.362,-0.001,0.808,-0.001,-0.001,-0.589,-0.513,-0.390,22.459,-0.421,17.105,21.183,15.292,0.095,-0.874,0.003,-0.032,-0.033,-1.169,0.000,-0.002,21.773,0.002,16.618,20.626,15.073
-4.434,8.353,-0.001,0.805,-0.001,-0.001,-0.593,-0.513,-0.390,22.676,-0.421,17.271,21.390,15.443,0.086,-0.875,0.004,-0.027,-0.025,-1.164,0.000,-0.002,21.762,0.002,16.590,20.650,15.090
-4.433,8.344,-0.001,0.801,-0.001,-0.001,-0.598,-0.513,-0.390,22.894,-0.421,17.437,21.596,15.594,0.077,-0.877,0.005,-0.024,-0.024,-1.159,0.000,-0.003,21.752,0.003,16.567,20.669,15.114
-4.432,8.336,-0.001,0.798,-0.001,-0.001,-0.603,-0.513,-0.390,23.112,-0.421,17.602,21.803,15.745,0.068,-0.879,0.007,-0.020,-0.029,-1.156,0.000,-0.004,21.746,0.003,16.546,20.689,15.141
-4.432,8.327,-0.001,0.794,-0.001,-0.001,-0.607,-0.513,-0.390,23.329,-0.421,17.768,22.010,15.896,0.058,-0.881,0.008,-0.015,-0.039,-1.155,-0.000,-0.006,21.741,0.003,16.524,20.714,15.166
-4.431,8.318,-0.001,0.791,-0.002,-0.001,-0.612,-0.513,-0.390,23.546,-0.421,17.933,22.217,16.048,0.048,-0.883,0.010,-0.010,-0.051,-1.157,-0.000,-0.007,21.734,0.003,16.498,20.746,15.187
-4.431,8.309,-0.001,0.787,-0.002,-0.001,-0.616,-0.513,-0.390,23.764,-0.421,18.098,22.425,16.200,0.037,-0.885,0.011,-0.003,-0.063,-1.162,-0.001,-0.009,21.722,0.002,16.466,20.784,15.202
-4.430,8.300,-0.001,0.784,-0.002,-0.002,-0.621,-0.513,-0.390,23.981,-0.421,18.262,22.633,16.352,0.026,-0.887,0.012,0.005,-0.070,-1.169,-0.001,-0.009,21.700,0.001,16.430,20.826,15.213
-4.430,8.291,-0.000,0.780,-0.002,-0.002,-0.626,-0.513,-0.390,24.198,-0.421,18.426,22.842,16.504,0.015,-0.888,0.013,0.013,-0.070,-1.177,-0.002,-0.009,21.668,-0.001,16.391,20.866,15.221
-4.430,8.283,-0.000,0.776,-0.002,-0.002,-0.630,-0.513,-0.390,24.414,-0.421,18.590,23.050,16.657,0.004,-0.890,0.013,0.022,-0.059,-1.184,-0.002,-0.007,21.625,-0.003,16.353,20.897,15.226
-4.430,8.274,-0.000,0.773,-0.002,-0.003,-0.635,-0.513,-0.390,24.630,-0.421,18.753,23.260,16.809,-0.007,-0.891,0.012,0.030,-0.036,-1.191,-0.002,-0.004,21.577,-0.004,16.321,20.914,15.227
-4.430,8.265,-0.000,0.769,-0.002,-0.003,-0.639,-0.514,-0.390,24.846,-0.421,18.916,23.469,16.961,-0.018,-0.892,0.010,0.036,-0.002,-1.197,-0.001,0.000,21.531,-0.006,16.299,20.911,15.222
-4.430,8.256,0.000,0.765,-0.002,-0.003,-0.644,-0.514,-0.390,25.061,-0.421,19.079,23.678,17.113,-0.029,-0.892,0.007,0.040,0.039,-1.201,-0.001,0.005,21.495,-0.007,16.294,20.883,15.213
-4.431,8.247,0.000,0.761,-0.002,-0.003,-0.649,-0.514,-0.390,25.276,-0.421,19.242,23.886,17.265,-0.039,-0.892,0.004,0.041,0.082,-1.201,-0.000,0.009,21.474,-0.007,16.308,20.831,15.203
-4.431,8.238,0.000,0.757,-0.001,-0.002,-0.653,-0.514,-0.390,25.490,-0.421,19.405,24.094,17.417,-0.049,-0.892,0.001,0.036,0.120,-1.197,0.000,0.012,21.473,-0.007,16.346,20.757,15.194
-4.432,8.229,0.000,0.753,-0.001,-0.002,-0.658,-0.514,-0.390,25.705,-0.421,19.569,24.301,17.569,-0.059,-0.892,-0.002,0.026,0.147,-1.191,0.001,0.014,21.495,-0.006,16.406,20.667,15.184
-4.432,8.220,0.000,0.749,-0.000,-0.002,-0.662,-0.514,-0.390,25.920,-0.421,19.734,24.508,17.721,-0.068,-0.892,-0.004,0.012,0.162,-1.185,0.001,0.015,21.535,-0.005,16.482,20.574,15.170
-4.433,8.211,0.000,0.745,0.001,-0.001,-0.667,-0.513,-0.390,26.136,-0.421,19.899,24.713,17.873,-0.078,-0.892,-0.005,-0.005,0.162,-1.180,0.001,0.014,21.598,-0.004,16.566,20.488,15.144
-4.434,8.202,0.000,0.742,0.001,-0.000,-0.671,-0.513,-0.390,26.352,-0.421,20.065,24.917,18.024,-0.088,-0.891,-0.006,-0.022,0.151,-1.178,0.001,0.012,21.685,-0.003,16.647,20.412,15.105
-4.435,8.193,-0.000,0.738,0.001,0.000,-0.675,-0.513,-0.389,26.570,-0.421,20.232,25.121,18.175,-0.099,-0.890,-0.007,-0.039,0.128,-1.179,0.001,0.009,21.793,-0.001,16.718,20.355,15.050
-4.436,8.184,-0.000,0.734,0.002,0.001,-0.680,-0.513,-0.389,26.788,-0.421,20.399,25.324,18.325,-0.111,-0.888,-0.007,-0.052,0.095,-1.184,0.001,0.006,21.917,-0.000,16.768,20.321,14.982
-4.437,8.176,-0.000,0.730,0.002,0.001,-0.684,-0.513,-0.389,27.008,-0.421,20.567,25.528,18.474,-0.124,-0.886,-0.007,-0.063,0.055,-1.192,0.000,0.002,22.044,0.001,16.795,20.312,14.906
-4.438,8.167,-0.000,0.725,0.001,0.002,-0.688,-0.513,-0.389,27.229,-0.421,20.735,25.731,18.623,-0.136,-0.883,-0.006,-0.074,0.012,-1.202,0.000,-0.002,22.161,0.002,16.820,20.328,14.824
-4.440,8.158,-0.000,0.721,0.001,0.002,-0.693,-0.513,-0.389,27.451,-0.421,20.903,25.934,18.771,-0.149,-0.880,-0.005,-0.085,-0.029,-1.215,-0.000,-0.005,22.251,0.003,16.846,20.367,14.742
-4.441,8.149,-0.000,0.717,0.001,0.002,-0.697,-0.513,-0.389,27.674,-0.421,21.072,26.138,18.918,-0.162,-0.876,-0.004,-0.089,-0.058,-1.229,-0.000,-0.007,22.314,0.004,16.854,20.427,14.664
-4.443,8.140,-0.000,0.713,0.000,0.002,-0.701,-0.513,-0.389,27.897,-0.421,21.240,26.343,19.064,-0.176,-0.872,-0.005,-0.082,-0.071,-1.244,-0.000,-0.007,22.355,0.004,16.840,20.501,14.588
-4.445,8.132,-0.000,0.708,-0.000,0.002,-0.706,-0.513,-0.390,28.121,-0.421,21.409,26.548,19.210,-0.188,-0.868,-0.006,-0.066,-0.071,-1.256,0.000,-0.006,22.377,0.004,16.809,20.580,14.526
-4.447,8.123,-0.001,0.704,-0.001,0.002,-0.710,-0.513,-0.390,28.345,-0.421,21.577,26.754,19.355,-0.200,-0.863,-0.007,-0.042,-0.064,-1.264,0.000,-0.005,22.384,0.003,16.767,20.654,14.489
-4.449,8.114,-0.001,0.699,-0.001,0.002,-0.715,-0.513,-0.390,28.569,-0.421,21.744,26.961,19.499,-0.211,-0.859,-0.008,-0.015,-0.053,-1.267,0.000,-0.004,22.382,0.002,16.721,20.717,14.478
-4.451,8.106,-0.001,0.695,-0.001,0.002,-0.719,-0.513,-0.390,28.792,-0.421,21.911,27.169,19.644,-0.222,-0.856,-0.008,0.014,-0.041,-1.266,-0.000,-0.003,22.373,0.002,16.677,20.768,14.490
-4.453,8.097,-0.001,0.690,-0.001,0.002,-0.724,-0.513,-0.390,29.016,-0.421,22.078,27.377,19.789,-0.232,-0.852,-0.008,0.040,-0.031,-1.264,-0.000,-0.003,22.362,0.001,16.640,20.804,14.520
-4.456,8.089,-0.001,0.686,-0.001,0.001,-0.728,-0.513,-0.390,29.240,-0.421,22.244,27.585,19.935,-0.242,-0.849,-0.007,0.063,-0.027,-1.261,-0.001,-0.004,22.347,-0.000,16.615,20.829,14.564
-4.458,8.080,-0.001,0.681,-0.001,0.001,-0.732,-0.513,-0.390,29.463,-0.421,22.410,27.793,20.081,-0.253,-0.846,-0.004,0.077,-0.029,-1.258,-0.001,-0.006,22.328,-0.001,16.607,20.846,14.620
-4.461,8.072,-0.001,0.676,-0.001,0.001,-0.737,-0.513,-0.390,29.686,-0.421,22.576,28.002,20.227,-0.263,-0.844,-0.001,0.083,-0.039,-1.256,-0.001,-0.008,22.302,-0.001,16.615,20.860,14.683
-4.463,8.064,-0.001,0.672,-0.001,0.000,-0.741,-0.514,-0.390,29.909,-0.421,22.742,28.210,20.374,-0.274,-0.841,0.002,0.081,-0.054,-1.256,-0.002,-0.010,22.266,-0.001,16.636,20.876,14.746
-4.466,8.055,-0.001,0.667,-0.001,-0.000,-0.745,-0.514,-0.390,30.131,-0.421,22.909,28.419,20.522,-0.285,-0.838,0.005,0.072,-0.069,-1.259,-0.001,-0.011,22.219,-0.000,16.662,20.896,14.801
-4.469,8.047,-0.001,0.662,-0.001,-0.001,-0.749,-0.514,-0.390,30.353,-0.421,23.076,28.628,20.670,-0.296,-0.835,0.008,0.059,-0.080,-1.265,-0.001,-0.010,22.164,0.000,16.684,20.923,14.843
-4.472,8.038,-0.001,0.658,-0.001,-0.001,-0.753,-0.514,-0.390,30.575,-0.421,23.242,28.838,20.819,-0.308,-0.832,0.010,0.046,-0.084,-1.273,-0.000,-0.008,22.102,0.001,16.697,20.954,14.876
-4.475,8.030,-0.001,0.653,-0.001,-0.002,-0.758,-0.514,-0.390,30.795,-0.421,23.409,29.047,20.968,-0.320,-0.829,0.010,0.033,-0.079,-1.279,0.000,-0.006,22.036,0.002,16.697,20.984,14.904
-4.479,8.022,-0.001,0.648,-0.001,-0.002,-0.762,-0.514,-0.390,31.015,-0.421,23.576,29.257,21.117,-0.331,-0.826,0.010,0.024,-0.066,-1.282,0.001,-0.002,21.971,0.003,16.683,21.006,14.933
-4.482,8.014,-0.000,0.643,-0.002,-0.002,-0.766,-0.514,-0.390,31.235,-0.421,23.743,29.467,21.266,-0.341,-0.823,0.010,0.019,-0.046,-1.279,0.002,0.003,21.905,0.004,16.656,21.014,14.970
-4.485,8.005,-0.000,0.638,-0.002,-0.003,-0.770,-0.514,-0.390,31.453,-0.421,23.909,29.678,21.416,-0.350,-0.821,0.009,0.025,-0.025,-1.269,0.002,0.007,21.822,0.004,16.626,21.009,15.034
-4.489,7.997,-0.000,0.633,-0.002,-0.003,-0.774,-0.513,-0.390,31.671,-0.421,24.076,29.888,21.567,-0.357,-0.820,0.009,0.038,-0.005,-1.247,0.003,0.010,21.721,0.004,16.598,20.982,15.134
-4.492,7.989,-0.000,0.629,-0.001,-0.003,-0.778,-0.513,-0.390,31.888,-0.421,24.242,30.097,21.719,-0.362,-0.820,0.008,0.044,0.015,-1.214,0.002,0.012,21.610,0.003,16.601,20.925,15.269
-4.496,7.981,-0.000,0.624,-0.001,-0.003,-0.782,-0.513,-0.390,32.104,-0.421,24.408,30.306,21.873,-0.368,-0.820,0.008,0.027,0.029,-1.187,0.002,0.012,21.535,0.001,16.611,20.859,15.394
-4.500,7.973,0.000,0.619,-0.001,-0.003,-0.785,-0.513,-0.390,32.319,-0.421,24.574,30.514,22.027,-0.375,-0.818,0.007,0.004,0.043,-1.168,0.000,0.009,21.499,-0.001,16.620,20.789,15.487
-4.504,7.964,0.000,0.615,-0.001,-0.003,-0.789,-0.513,-0.390,32.534,-0.421,24.740,30.722,22.182,-0.382,-0.817,0.001,-0.043,0.079,-1.150,-0.001,0.004,21.501,-0.003,16.620,20.705,15.559
-4.508,7.956,0.000,0.610,-0.001,-0.002,-0.792,-0.513,-0.390,32.749,-0.421,24.906,30.929,22.338,-0.390,-0.814,-0.003,-0.067,0.096,-1.143,-0.001,0.003,21.503,-0.003,16.632,20.652,15.603
-4.511,7.948,-0.000,0.606,-0.000,-0.002,-0.796,-0.513,-0.390,32.964,-0.421,25.073,31.135,22.494,-0.399,-0.811,-0.007,-0.086,0.107,-1.142,-0.001,0.002,21.504,-0.003,16.651,20.621,15.646
-4.515,7.940,-0.000,0.601,-0.000,-0.001,-0.799,-0.513,-0.390,33.179,-0.421,25.239,31.341,22.651,-0.408,-0.807,-0.010,-0.105,0.115,-1.142,-0.000,0.001,21.506,-0.002,16.678,20.607,15.689
-4.520,7.932,-0.000,0.596,-0.000,-0.000,-0.803,-0.513,-0.390,33.394,-0.421,25.406,31.547,22.808,-0.420,-0.802,-0.007,-0.040,0.052,-1.150,0.000,0.003,21.637,-0.001,16.716,20.614,15.642
-4.524,7.924,-0.000,0.592,-0.000,-0.000,-0.806,-0.513,-0.390,33.611,-0.421,25.574,31.753,22.964,-0.431,-0.796,-0.007,0.006,0.005,-1.154,-0.000,0.002,21.763,-0.002,16.748,20.625,15.590
-4.528,7.916,-0.000,0.587,-0.000,-0.000,-0.809,-0.513,-0.390,33.830,-0.421,25.741,31.960,23.120,-0.441,-0.790,-0.008,0.019,-0.016,-1.158,-0.001,-0.000,21.854,-0.003,16.773,20.639,15.546
-4.533,7.908,-0.000,0.582,-0.000,-0.000,-0.813,-0.513,-0.390,34.048,-0.421,25.909,32.166,23.275,-0.451,-0.783,-0.010,0.000,-0.012,-1.161,-0.001,-0.001,21.916,-0.004,16.789,20.658,15.499
-4.537,7.900,-0.001,0.578,-0.000,-0.000,-0.816,-0.513,-0.390,34.268,-0.421,26.077,32.373,23.430,-0.460,-0.775,-0.011,-0.034,0.008,-1.165,-0.002,-0.002,21.959,-0.005,16.798,20.682,15.442
-4.542,7.893,-0.001,0.573,-0.000,-0.000,-0.820,-0.513,-0.390,34.488,-0.421,26.245,32.580,23.584,-0.469,-0.767,-0.011,-0.061,0.024,-1.170,-0.002,-0.002,21.995,-0.005,16.804,20.713,15.375
-4.547,7.885,-0.001,0.568,-0.000,0.000,-0.823,-0.514,-0.390,34.708,-0.421,26.413,32.787,23.737,-0.480,-0.758,-0.007,-0.077,0.017,-1.187,-0.001,-0.001,22.055,-0.005,16.811,20.763,15.271
-4.551,7.878,-0.001,0.563,-0.001,0.001,-0.826,-0.514,-0.390,34.929,-0.421,26.581,32.995,23.889,-0.492,-0.748,-0.002,-0.090,-0.000,-1.210,-0.001,-0.001,22.138,-0.004,16.808,20.825,15.141
-4.556,7.870,-0.001,0.558,-0.001,0.001,-0.830,-0.514,-0.390,35.150,-0.421,26.749,33.204,24.040,-0.503,-0.738,0.003,-0.098,-0.009,-1.232,-0.000,-0.001,22.217,-0.002,16.789,20.884,15.004
-4.562,7.863,-0.001,0.553,-0.001,0.001,-0.833,-0.514,-0.390,35.373,-0.421,26.917,33.413,24.189,-0.514,-0.728,0.004,-0.099,0.000,-1.257,0.000,-0.001,22.292,-0.000,16.760,20.933,14.850
-4.567,7.856,-0.001,0.548,-0.001,0.002,-0.837,-0.514,-0.390,35.596,-0.421,27.084,33.622,24.337,-0.525,-0.717,0.005,-0.088,0.015,-1.281,0.000,-0.003,22.367,0.001,16.727,20.970,14.695
-4.572,7.848,-0.001,0.542,-0.002,0.002,-0.840,-0.514,-0.390,35.820,-0.421,27.251,33.832,24.483,-0.535,-0.707,0.005,-0.057,0.027,-1.303,0.000,-0.004,22.431,0.003,16.707,20.999,14.554
-4.577,7.841,-0.001,0.537,-0.001,0.002,-0.844,-0.514,-0.390,36.045,-0.421,27.419,34.042,24.628,-0.547,-0.695,0.001,0.012,0.054,-1.338,0.001,-0.004,22.502,0.004,16.747,21.013,14.364
-4.583,7.835,-0.001,0.531,-0.001,0.002,-0.847,-0.514,-0.390,36.270,-0.421,27.586,34.252,24.771,-0.557,-0.687,0.002,0.045,0.042,-1.350,0.000,-0.005,22.545,0.003,16.775,21.031,14.282
-4.589,7.828,-0.001,0.525,-0.001,0.002,-0.851,-0.514,-0.390,36.496,-0.421,27.754,34.463,24.913,-0.568,-0.681,0.006,0.049,0.007,-1.353,-0.000,-0.006,22.558,0.002,16.784,21.054,14.278
-4.594,7.821,-0.000,0.519,-0.001,0.002,-0.854,-0.514,-0.390,36.721,-0.421,27.922,34.673,25.056,-0.579,-0.675,0.009,0.049,-0.026,-1.358,-0.000,-0.006,22.554,0.002,16.796,21.082,14.288
-4.600,7.814,-0.000,0.514,-0.001,0.002,-0.858,-0.514,-0.390,36.947,-0.421,28.090,34.884,25.199,-0.590,-0.666,0.007,0.068,-0.030,-1.376,-0.000,-0.003,22.549,0.002,16.842,21.106,14.251
-4.606,7.808,-0.000,0.508,-0.001,0.001,-0.862,-0.514,-0.390,37.172,-0.421,28.259,35.096,25.341,-0.601,-0.658,0.004,0.078,-0.032,-1.388,0.000,-0.001,22.529,0.001,16.888,21.132,14.243
-4.612,7.801,-0.000,0.502,-0.001,0.001,-0.865,-0.514,-0.390,37.397,-0.421,28.428,35.307,25.484,-0.612,-0.649,0.001,0.083,-0.026,-1.397,0.000,0.001,22.502,0.001,16.935,21.154,14.253
-4.618,7.795,-0.000,0.495,-0.001,0.000,-0.869,-0.128,-0.137,37.620,0.006,28.598,35.520,25.627,-0.615,-0.661,0.011,0.155,-0.079,-1.387,68.442,48.007,21.887,75.324,17.131,21.311,14.500
-4.624,7.788,0.000,0.491,-0.000,-0.002,-0.871,0.448,0.317,37.832,0.607,28.770,35.732,25.778,-0.524,-0.711,0.055,0.599,-0.132,-0.685,38.038,36.187,20.317,35.761,17.282,21.212,15.893
-4.629,7.780,0.001,0.490,0.001,-0.005,-0.872,0.562,0.431,38.029,0.749,28.942,35.944,25.942,-0.407,-0.722,0.071,0.659,-0.121,0.076,-14.127,-15.799,19.389,-6.119,16.886,21.189,16.759
-4.633,7.773,0.001,0.490,0.002,-0.007,-0.871,0.233,0.056,38.223,0.526,29.110,36.156,26.111,-0.363,-0.708,0.024,0.247,-0.028,0.356,-45.178,-51.343,19.378,-34.543,16.693,21.150,16.921
-4.636,7.766,0.001,0.492,0.002,-0.007,-0.870,-0.140,-0.365,38.416,0.194,29.276,36.367,26.280,-0.350,-0.699,-0.031,-0.215,0.025,0.394,-21.733,-25.873,19.352,-24.862,16.655,21.114,16.872
-4.640,7.759,0.001,0.494,0.001,-0.005,-0.870,-0.116,-0.402,38.610,0.151,29.443,36.578,26.448,-0.360,-0.691,-0.086,-0.638,0.061,0.281,23.810,16.547,19.325,15.356,16.778,21.082,16.684
-4.643,7.752,-0.000,0.495,0.000,-0.002,-0.869,0.212,-0.112,38.803,0.392,29.613,36.779,26.616,-0.360,-0.723,-0.060,-0.511,0.082,0.276,32.526,33.498,19.028,24.019,17.148,18.820,17.067
-4.647,7.745,-0.000,0.496,-0.001,-0.001,-0.868,0.393,0.121,38.987,0.520,29.786,36.959,26.789,-0.347,-0.748,0.016,-0.254,-0.169,0.393,2.993,10.495,18.023,2.126,17.401,17.232,17.578
-4.650,7.737,-0.000,0.498,-0.002,-0.001,-0.867,0.280,0.071,39.165,0.433,29.960,37.126,26.967,-0.338,-0.756,0.040,-0.061,-0.223,0.490,-22.331,-17.668,17.490,-17.662,17.508,16.330,17.925
-4.654,7.730,0.000,0.500,-0.003,-0.001,-0.866,0.045,-0.128,39.340,0.227,30.135,37.286,27.147,-0.335,-0.747,-0.012,0.081,0.132,0.497,-19.550,-16.924,17.504,-19.479,17.527,15.793,17.924
-4.657,7.722,-0.000,0.502,-0.002,-0.001,-0.865,-0.023,-0.186,39.515,0.126,30.311,37.443,27.325,-0.345,-0.742,-0.026,0.060,0.228,0.424,6.059,5.716,17.544,0.190,17.504,15.731,17.848
-4.661,7.715,-0.000,0.504,-0.001,-0.001,-0.864,0.129,-0.035,39.689,0.213,30.485,37.602,27.504,-0.356,-0.745,-0.005,0.098,0.079,0.356,20.011,20.944,17.298,13.681,17.467,15.923,17.877
-4.664,7.707,-0.000,0.506,-0.000,-0.001,-0.863,0.282,0.149,39.861,0.322,30.661,37.759,27.684,-0.325,-0.755,0.007,0.094,-0.008,0.533,7.923,12.666,17.126,5.983,17.887,15.455,18.122
-4.667,7.700,-0.000,0.509,-0.000,-0.001,-0.861,0.263,0.176,40.032,0.310,30.844,37.910,27.866,-0.283,-0.760,0.008,0.044,-0.020,0.752,-10.387,-6.549,17.164,-7.614,18.504,14.693,18.330
-4.670,7.692,-0.000,0.512,-0.000,-0.002,-0.859,0.125,0.065,40.204,0.199,31.030,38.055,28.050,-0.278,-0.761,0.001,-0.036,-0.002,0.771,-14.089,-12.372,17.206,-12.359,18.697,14.502,18.385
-4.673,7.685,-0.000,0.515,-0.000,-0.001,-0.857,0.045,-0.008,40.377,0.115,31.215,38.202,28.233,-0.304,-0.757,-0.005,-0.122,0.021,0.600,-0.753,-0.997,17.261,-3.196,18.265,14.951,18.277
-4.676,7.677,-0.000,0.517,-0.001,-0.000,-0.856,0.108,0.049,40.549,0.143,31.395,38.354,28.415,-0.320,-0.757,-0.011,-0.138,0.035,0.481,11.060,10.722,17.319,7.196,17.852,15.394,18.176
-4.679,7.670,-0.000,0.519,-0.001,-0.000,-0.855,0.211,0.160,40.722,0.216,31.574,38.509,28.597,-0.315,-0.767,-0.009,-0.050,-0.008,0.491,7.539,9.350,17.047,5.739,17.936,15.582,18.237
-4.682,7.662,-0.001,0.522,-0.001,-0.000,-0.853,0.229,0.200,40.890,0.232,31.755,38.665,28.781,-0.300,-0.776,-0.008,0.001,-0.029,0.562,-3.766,-1.565,16.655,-2.438,18.282,15.556,18.386
-4.685,7.654,-0.001,0.524,-0.001,-0.000,-0.852,0.157,0.145,41.055,0.178,31.939,38.821,28.965,-0.298,-0.779,-0.010,-0.006,-0.015,0.555,-8.701,-7.682,16.374,-7.049,18.443,15.668,18.456
-4.688,7.646,-0.001,0.526,-0.001,-0.000,-0.850,0.095,0.086,41.219,0.122,32.123,38.979,29.149,-0.311,-0.777,-0.011,-0.027,0.005,0.462,-2.707,-2.943,16.445,-3.328,18.261,15.973,18.370
-4.691,7.639,-0.001,0.528,-0.001,0.000,-0.849,0.112,0.098,41.384,0.124,32.304,39.140,29.332,-0.319,-0.774,-0.011,-0.025,0.022,0.387,5.208,4.638,16.642,3.128,18.046,16.237,18.258
-4.694,7.631,-0.001,0.530,-0.001,0.000,-0.848,0.172,0.157,41.551,0.165,32.484,39.303,29.515,-0.314,-0.777,-0.009,-0.011,0.033,0.395,5.396,5.858,16.671,4.061,18.072,16.314,18.259
-4.697,7.623,-0.001,0.531,-0.001,0.000,-0.847,0.197,0.190,41.717,0.187,32.666,39.466,29.698,-0.301,-0.782,-0.006,0.005,0.040,0.455,-0.530,0.565,16.537,0.186,18.291,16.244,18.351
-4.700,7.615,-0.001,0.533,-0.001,0.000,-0.846,0.167,0.170,41.882,0.168,32.850,39.628,29.881,-0.294,-0.786,-0.004,0.006,0.044,0.482,-4.554,-3.911,16.449,-3.350,18.464,16.215,18.400
-4.703,7.607,-0.001,0.535,-0.001,0.001,-0.845,0.128,0.133,42.047,0.136,33.035,39.791,30.065,-0.297,-0.786,-0.000,-0.004,0.045,0.446,-2.614,-2.715,16.513,-2.481,18.471,16.320,18.341
-4.706,7.599,-0.001,0.537,-0.000,0.001,-0.844,0.125,0.126,42.212,0.128,33.219,39.955,30.248,-0.302,-0.786,0.003,-0.009,0.041,0.398,1.844,1.188,16.631,0.891,18.428,16.461,18.234
-4.709,7.592,-0.001,0.539,-0.000,0.001,-0.842,0.153,0.151,42.379,0.147,33.404,40.120,30.430,-0.300,-0.788,0.006,-0.006,0.033,0.390,3.159,3.062,16.678,2.300,18.459,16.520,18.182
-4.712,7.584,-0.001,0.540,-0.000,0.001,-0.841,0.174,0.174,42.546,0.164,33.589,40.285,30.612,-0.292,-0.792,0.009,0.002,0.023,0.426,0.734,1.182,16.642,0.798,18.572,16.476,18.205
-4.715,7.576,-0.001,0.542,-0.000,0.001,-0.840,0.167,0.171,42.712,0.161,33.775,40.449,30.794,-0.285,-0.797,0.010,0.007,0.013,0.458,-1.925,-1.487,16.602,-1.286,18.679,16.422,18.239
-4.718,7.568,-0.001,0.544,0.000,0.001,-0.839,0.146,0.152,42.878,0.145,33.962,40.614,30.977,-0.283,-0.800,0.010,0.008,-0.000,0.452,-1.819,-1.741,16.605,-1.530,18.718,16.450,18.226
-4.721,7.560,-0.001,0.546,0.000,0.001,-0.838,0.137,0.143,43.044,0.136,34.149,40.778,31.159,-0.285,-0.802,0.010,0.011,-0.015,0.423,0.202,-0.097,16.630,-0.125,18.721,16.536,18.182
-4.724,7.552,-0.001,0.548,-0.000,0.001,-0.837,0.147,0.151,43.210,0.142,34.337,40.944,31.340,-0.285,-0.805,0.008,0.021,-0.028,0.408,1.501,1.370,16.634,1.007,18.735,16.607,18.165
-4.727,7.544,-0.000,0.550,-0.000,0.001,-0.835,0.160,0.164,43.377,0.151,34.524,41.110,31.522,-0.280,-0.808,0.006,0.037,-0.036,0.421,0.828,0.978,16.610,0.699,18.775,16.623,18.207
-4.729,7.535,-0.000,0.551,-0.000,0.000,-0.834,0.162,0.167,43.543,0.153,34.712,41.277,31.705,-0.274,-0.812,0.003,0.051,-0.040,0.441,-0.463,-0.211,16.582,-0.195,18.827,16.612,18.279
-4.732,7.527,-0.000,0.553,-0.000,-0.000,-0.833,0.154,0.161,43.708,0.148,34.901,41.443,31.888,-0.270,-0.815,-0.001,0.059,-0.041,0.447,-0.918,-0.786,16.565,-0.695,18.867,16.620,18.348
-4.735,7.519,-0.000,0.555,-0.000,-0.000,-0.832,0.147,0.155,43.874,0.143,35.089,41.609,32.072,-0.268,-0.817,-0.004,0.061,-0.040,0.439,-0.310,-0.344,16.558,-0.339,18.891,16.655,18.408
-4.737,7.511,-0.000,0.557,-0.000,-0.001,-0.831,0.148,0.155,44.040,0.142,35.278,41.776,32.256,-0.266,-0.819,-0.006,0.061,-0.035,0.432,0.378,0.270,16.554,0.170,18.911,16.691,18.473
-4.740,7.503,-0.001,0.559,-0.000,-0.001,-0.829,0.153,0.159,44.205,0.145,35.468,41.943,32.441,-0.263,-0.821,-0.008,0.059,-0.027,0.433,0.454,0.446,16.550,0.289,18.936,16.706,18.555
-4.743,7.495,-0.001,0.560,-0.000,-0.001,-0.828,0.155,0.162,44.371,0.147,35.657,42.110,32.627,-0.258,-0.823,-0.007,0.050,-0.018,0.439,0.112,0.176,16.552,0.107,18.964,16.699,18.645
-4.745,7.486,-0.001,0.562,0.000,-0.002,-0.827,0.155,0.163,44.536,0.147,35.847,42.277,32.814,-0.254,-0.824,-0.005,0.034,-0.010,0.444,-0.155,-0.067,16.561,-0.061,18.985,16.681,18.731
-4.748,7.478,-0.001,0.564,0.000,-0.002,-0.826,0.153,0.162,44.702,0.146,36.037,42.444,33.002,-0.250,-0.825,-0.002,0.016,-0.002,0.446,-0.157,-0.098,16.578,-0.104,18.990,16.662,18.802
-4.750,7.470,-0.001,0.566,0.000,-0.002,-0.824,0.152,0.161,44.868,0.145,36.227,42.610,33.190,-0.247,-0.826,0.000,-0.002,0.007,0.446,-0.051,-0.035,16.603,-0.048,18.978,16.640,18.858
-4.753,7.462,-0.001,0.568,0.000,-0.002,-0.823,0.152,0.161,45.034,0.145,36.416,42.776,33.379,-0.244,-0.828,0.003,-0.019,0.015,0.446,0.006,-0.008,16.637,-0.019,18.953,16.615,18.899
-4.755,7.453,-0.001,0.570,0.000,-0.002,-0.822,0.152,0.161,45.200,0.145,36.606,42.942,33.568,-0.240,-0.829,0.005,-0.032,0.021,0.446,0.023,0.004,16.677,-0.007,18.920,16.586,18.926
-4.758,7.445,-0.001,0.571,0.000,-0.001,-0.821,0.152,0.161,45.367,0.145,36.795,43.108,33.757,-0.237,-0.831,0.006,-0.041,0.025,0.447,0.021,0.008,16.722,-0.003,18.883,16.557,18.943
-4.760,7.437,-0.001,0.573,0.000,-0.001,-0.819,0.153,0.161,45.535,0.145,36.983,43.273,33.947,-0.233,-0.833,0.007,-0.043,0.025,0.447,0.012,0.009,16.765,-0.002,18.848,16.533,18.952
-4.762,7.428,-0.001,0.575,0.000,-0.001,-0.818,0.153,0.161,45.703,0.145,37.172,43.439,34.136,-0.230,-0.835,0.007,-0.036,0.020,0.447,0.005,0.009,16.802,-0.002,18.820,16.518,18.960
-4.765,7.420,-0.000,0.577,0.000,-0.001,-0.817,0.153,0.161,45.871,0.145,37.360,43.604,34.326,-0.227,-0.838,0.007,-0.026,0.015,0.448,0.001,0.008,16.839,-0.002,18.800,16.507,18.967
-4.767,7.412,-0.000,0.579,0.000,-0.001,-0.815,0.153,0.161,46.040,0.145,37.548,43.769,34.516,-0.223,-0.840,0.004,-0.016,0.013,0.449,-0.000,0.007,16.883,-0.001,18.788,16.500,18.973
-4.769,7.403,-0.000,0.581,0.000,-0.000,-0.814,0.153,0.161,46.209,0.145,37.736,43.934,34.705,-0.219,-0.842,0.001,-0.008,0.013,0.450,-0.000,0.006,16.935,-0.001,18.785,16.495,18.978
-4.771,7.395,-0.000,0.582,0.000,-0.000,-0.813,0.153,0.162,46.378,0.145,37.923,44.099,34.895,-0.216,-0.844,-0.003,-0.000,0.012,0.451,0.000,0.005,16.979,-0.001,18.796,16.501,18.986
-4.773,7.386,-0.000,0.584,0.000,-0.000,-0.812,0.153,0.162,46.548,0.145,38.112,44.264,35.085,-0.212,-0.845,-0.006,0.005,0.013,0.451,0.001,0.005,17.014,-0.000,18.822,16.516,18.997
-4.775,7.378,-0.000,0.586,0.000,-0.000,-0.810,0.153,0.162,46.718,0.145,38.300,44.429,35.275,-0.208,-0.847,-0.010,0.007,0.015,0.451,0.001,0.004,17.043,0.000,18.860,16.538,19.008
-4.777,7.369,-0.001,0.588,0.000,-0.000,-0.809,0.153,0.162,46.889,0.145,38.489,44.595,35.465,-0.205,-0.848,-0.012,0.001,0.020,0.451,0.001,0.003,17.066,0.000,18.908,16.565,19.016
-4.779,7.361,-0.001,0.590,0.000,-0.000,-0.808,0.153,0.162,47.060,0.145,38.678,44.760,35.655,-0.201,-0.848,-0.012,-0.009,0.026,0.450,0.001,0.003,17.086,0.001,18.962,16.596,19.017
-4.781,7.352,-0.001,0.592,0.000,-0.000,-0.806,0.153,0.162,47.231,0.145,38.868,44.927,35.845,-0.197,-0.849,-0.011,-0.019,0.029,0.450,0.000,0.002,17.106,0.002,19.020,16.630,19.009
-4.783,7.344,-0.001,0.593,0.000,0.000,-0.805,0.153,0.162,47.402,0.145,39.059,45.093,36.035,-0.193,-0.849,-0.008,-0.029,0.029,0.450,0.000,0.001,17.125,0.002,19.078,16.667,18.990
-4.785,7.335,-0.001,0.595,0.001,0.000,-0.804,0.153,0.162,47.573,0.145,39.250,45.260,36.225,-0.189,-0.850,-0.006,-0.039,0.028,0.450,0.000,0.001,17.145,0.003,19.132,16.704,18.958
-4.787,7.327,-0.001,0.597,0.000,0.001,-0.802,0.153,0.162,47.745,0.145,39.441,45.427,36.415,-0.185,-0.850,-0.003,-0.050,0.028,0.450,0.000,0.000,17.163,0.003,19.178,16.741,18.916
-4.789,7.318,-0.001,0.599,0.000,0.001,-0.801,0.153,0.162,47.916,0.145,39.633,45.595,36.604,-0.181,-0.851,-0.000,-0.058,0.027,0.450,0.000,-0.000,17.182,0.004,19.216,16.778,18.865
-4.791,7.310,-0.001,0.601,0.000,0.001,-0.800,0.153,0.162,48.088,0.145,39.825,45.763,36.792,-0.178,-0.852,0.002,-0.061,0.023,0.451,0.000,-0.001,17.201,0.004,19.246,16.814,18.810
-4.793,7.301,-0.001,0.602,0.000,0.001,-0.798,0.153,0.162,48.261,0.145,40.018,45.931,36.980,-0.174,-0.853,0.004,-0.057,0.017,0.451,0.000,-0.001,17.219,0.004,19.269,16.850,18.756
-4.794,7.293,-0.001,0.604,0.000,0.002,-0.797,0.153,0.162,48.433,0.145,40.211,46.100,37.167,-0.170,-0.855,0.006,-0.045,0.008,0.451,-0.000,-0.002,17.233,0.003,19.287,16.885,18.709
-4.796,7.284,-0.001,0.606,0.000,0.002,-0.795,0.153,0.162,48.605,0.145,40.404,46.269,37.354,-0.166,-0.857,0.007,-0.026,-0.003,0.452,-0.000,-0.002,17.241,0.002,19.301,16.917,18.673
-4.798,7.276,-0.001,0.608,-0.000,0.002,-0.794,0.153,0.162,48.778,0.145,40.597,46.438,37.541,-0.163,-0.859,0.007,-0.002,-0.016,0.452,-0.001,-0.002,17.240,0.001,19.313,16.947,18.652
-4.799,7.267,-0.001,0.610,-0.000,0.002,-0.793,0.153,0.162,48.950,0.145,40.790,46.608,37.727,-0.159,-0.861,0.006,0.024,-0.030,0.452,-0.001,-0.003,17.229,-0.001,19.324,16.975,18.650
-4.801,7.258,-0.001,0.611,-0.000,0.002,-0.791,0.153,0.162,49.122,0.145,40.983,46.778,37.914,-0.155,-0.863,0.005,0.050,-0.043,0.452,-0.001,-0.003,17.207,-0.002,19.336,16.999,18.668
-4.802,7.250,-0.001,0.613,-0.000,0.001,-0.790,0.153,0.162,49.294,0.145,41.177,46.948,38.100,-0.152,-0.865,0.004,0.072,-0.055,0.451,-0.001,-0.003,17.174,-0.003,19.349,17.021,18.706
-4.804,7.241,-0.001,0.615,-0.000,0.001,-0.789,0.153,0.162,49.466,0.145,41.370,47.118,38.288,-0.148,-0.867,0.002,0.088,-0.064,0.451,-0.001,-0.003,17.132,-0.005,19.362,17.039,18.762
-4.805,7.233,-0.001,0.617,-0.000,0.000,-0.787,0.153,0.162,49.637,0.145,41.564,47.288,38.476,-0.144,-0.868,-0.000,0.095,-0.071,0.451,-0.001,-0.003,17.083,-0.006,19.374,17.055,18.835
-4.807,7.224,-0.001,0.619,-0.000,-0.001,-0.786,0.153,0.162,49.807,0.145,41.758,47.459,38.665,-0.141,-0.869,-0.002,0.092,-0.074,0.450,-0.001,-0.002,17.031,-0.006,19.383,17.069,18.918
-4.808,7.215,-0.001,0.620,-0.000,-0.001,-0.784,0.153,0.162,49.977,0.145,41.952,47.630,38.854,-0.137,-0.870,-0.002,0.080,-0.075,0.450,-0.001,-0.002,16.979,-0.006,19.386,17.081,19.008
-4.809,7.206,-0.001,0.622,-0.000,-0.002,-0.783,0.153,0.161,50.147,0.145,42.145,47.801,39.045,-0.133,-0.871,-0.002,0.059,-0.071,0.450,-0.001,-0.001,16.933,-0.006,19.379,17.090,19.098
-4.811,7.198,-0.001,0.624,-0.000,-0.002,-0.782,0.153,0.161,50.316,0.145,42.339,47.972,39.236,-0.129,-0.872,-0.001,0.034,-0.063,0.451,-0.000,-0.001,16.894,-0.005,19.359,17.097,19.182
-4.812,7.189,-0.001,0.626,-0.000,-0.002,-0.780,0.153,0.161,50.485,0.145,42.533,48.143,39.428,-0.125,-0.872,0.001,0.007,-0.051,0.452,0.000,0.000,16.865,-0.005,19.326,17.100,19.253
-4.813,7.180,-0.001,0.627,-0.001,-0.002,-0.779,0.153,0.161,50.653,0.144,42.726,48.314,39.621,-0.121,-0.872,0.002,-0.017,-0.034,0.452,0.000,0.001,16.848,-0.004,19.279,17.097,19.309
-4.814,7.172,-0.001,0.629,-0.001,-0.002,-0.777,0.153,0.162,50.822,0.144,42.918,48.485,39.814,-0.117,-0.873,0.004,-0.037,-0.016,0.453,0.001,0.002,16.845,-0.003,19.222,17.090,19.347
-4.816,7.163,-0.001,0.631,-0.001,-0.002,-0.776,0.153,0.162,50.990,0.144,43.110,48.655,40.008,-0.113,-0.873,0.005,-0.050,0.003,0.455,0.001,0.003,16.856,-0.003,19.162,17.075,19.367
-4.817,7.154,-0.001,0.633,-0.001,-0.002,-0.774,0.153,0.162,51.159,0.144,43.301,48.826,40.202,-0.109,-0.874,0.005,-0.056,0.021,0.456,0.001,0.004,16.881,-0.002,19.102,17.053,19.372
-4.818,7.145,-0.000,0.634,-0.001,-0.002,-0.773,0.153,0.162,51.328,0.144,43.492,48.996,40.395,-0.105,-0.875,0.005,-0.054,0.039,0.456,0.001,0.004,16.916,-0.001,19.049,17.025,19.364
-4.819,7.137,-0.000,0.636,-0.001,-0.001,-0.772,0.153,0.162,51.497,0.144,43.682,49.166,40.589,-0.101,-0.875,0.004,-0.043,0.053,0.457,0.001,0.005,16.960,-0.001,19.008,16.990,19.347
-4.820,7.128,-0.000,0.638,-0.001,-0.001,-0.770,0.153,0.162,51.667,0.144,43.872,49.336,40.782,-0.097,-0.876,0.003,-0.025,0.064,0.458,0.001,0.005,17.010,-0.000,18.983,16.950,19.326
-4.821,7.119,-0.000,0.640,-0.001,-0.001,-0.769,0.153,0.162,51.837,0.144,44.062,49.505,40.975,-0.093,-0.877,0.001,-0.004,0.070,0.458,0.001,0.005,17.062,0.000,18.979,16.908,19.306
-4.822,7.110,-0.000,0.641,-0.001,-0.000,-0.767,0.153,0.162,52.008,0.144,44.252,49.674,41.168,-0.089,-0.878,-0.001,0.019,0.073,0.458,0.001,0.004,17.114,0.001,18.995,16.865,19.290
-4.823,7.101,-0.000,0.643,-0.000,-0.000,-0.766,0.153,0.162,52.180,0.144,44.442,49.843,41.361,-0.085,-0.879,-0.003,0.037,0.073,0.458,0.001,0.004,17.163,0.001,19.032,16.824,19.277
-4.823,7.093,-0.000,0.645,0.000,-0.000,-0.764,0.153,0.162,52.352,0.144,44.633,50.011,41.554,-0.081,-0.879,-0.006,0.049,0.070,0.458,0.000,0.003,17.207,0.001,19.085,16.786,19.268
-4.824,7.084,-0.001,0.647,0.001,-0.000,-0.763,0.153,0.162,52.524,0.144,44.824,50.179,41.747,-0.077,-0.880,-0.007,0.052,0.066,0.457,0.000,0.003,17.245,0.001,19.152,16.754,19.260
-4.825,7.075,-0.001,0.648,0.001,-0.000,-0.761,0.153,0.162,52.696,0.144,45.016,50.346,41.939,-0.073,-0.880,-0.008,0.044,0.061,0.456,0.000,0.002,17.276,0.002,19.227,16.729,19.250
-4.826,7.066,-0.001,0.650,0.001,-0.000,-0.760,0.153,0.162,52.869,0.144,45.208,50.513,42.132,-0.069,-0.880,-0.008,0.026,0.056,0.456,0.000,0.002,17.301,0.002,19.304,16.712,19.235
-4.826,7.058,-0.001,0.652,0.002,-0.000,-0.758,0.153,0.162,53.042,0.144,45.402,50.680,42.324,-0.065,-0.880,-0.006,0.002,0.050,0.455,0.001,0.002,17.323,0.003,19.379,16.706,19.211
-4.827,7.049,-0.001,0.654,0.002,0.000,-0.757,0.153,0.162,53.216,0.144,45.596,50.847,42.516,-0.061,-0.880,-0.004,-0.024,0.041,0.455,0.001,0.002,17.342,0.004,19.446,16.710,19.176
-4.828,7.040,-0.001,0.655,0.002,0.000,-0.755,0.153,0.162,53.389,0.145,45.791,51.014,42.707,-0.057,-0.880,-0.002,-0.049,0.031,0.456,0.001,0.001,17.362,0.004,19.501,16.726,19.132
-4.828,7.031,-0.001,0.657,0.002,0.001,-0.754,0.153,0.162,53.563,0.145,45.986,51.182,42.898,-0.053,-0.880,-0.001,-0.072,0.021,0.456,0.001,0.001,17.381,0.005,19.542,16.753,19.078
-4.829,7.022,-0.001,0.659,0.002,0.001,-0.752,0.153,0.162,53.737,0.145,46.181,51.350,43.089,-0.049,-0.881,0.000,-0.089,0.013,0.456,0.001,0.001,17.403,0.005,19.567,16.789,19.018
-4.829,7.013,-0.001,0.660,0.001,0.001,-0.751,0.153,0.162,53.911,0.145,46.377,51.518,43.279,-0.045,-0.881,0.001,-0.098,0.004,0.457,0.001,0.000,17.426,0.006,19.579,16.834,18.958
-4.830,7.005,-0.001,0.662,0.001,0.002,-0.749,0.153,0.162,54.085,0.145,46.573,51.686,43.468,-0.041,-0.881,0.001,-0.096,-0.004,0.458,0.000,-0.000,17.450,0.005,19.581,16.885,18.901
-4.830,6.996,-0.001,0.664,0.001,0.002,-0.748,0.153,0.162,54.260,0.145,46.769,51.855,43.657,-0.037,-0.882,0.001,-0.084,-0.013,0.458,-0.000,-0.001,17.472,0.004,19.575,16.939,18.854
-4.830,6.987,-0.001,0.666,0.000,0.002,-0.746,0.153,0.162,54.435,0.145,46.964,52.025,43.845,-0.033,-0.883,0.001,-0.061,-0.023,0.458,-0.000,-0.002,17.491,0.003,19.566,16.994,18.820
-4.831,6.978,-0.001,0.667,0.000,0.002,-0.745,0.153,0.162,54.610,0.145,47.160,52.195,44.033,-0.029,-0.883,0.000,-0.030,-0.033,0.458,-0.001,-0.003,17.501,0.001,19.557,17.045,18.803
