5.000,9.000,0.001,0.707,0.000,0.000,0.707,-0.000,-0.000,0.000,-0.000,0.000,0.000,0.000,-0.000,-0.000,0.000,-0.000,-0.000,-0.000,0.000,0.000,-0.000,0.000,-0.000,-0.000,-0.000
5.000,9.000,0.001,0.707,0.000,-0.000,0.707,-0.499,-0.353,0.006,-0.422,0.008,-0.000,0.001,0.002,0.003,0.000,-0.004,-0.007,0.016,-69.628,-50.801,0.985,-57.801,1.195,0.107,0.177
5.000,9.000,0.001,0.707,0.000,-0.000,0.707,-0.915,-0.677,0.017,-0.770,0.019,0.005,0.004,0.014,0.031,0.001,-0.014,-0.023,-0.083,-18.694,-16.160,1.319,-16.891,1.143,0.827,0.525
5.000,9.001,0.001,0.708,0.000,-0.000,0.707,-0.957,-0.734,0.032,-0.813,0.031,0.016,0.011,0.026,0.053,0.001,-0.018,-0.023,-0.159,7.942,3.635,1.689,8.048,1.201,1.423,0.790
5.001,9.001,0.001,0.708,0.000,-0.000,0.706,-0.797,-0.631,0.051,-0.631,0.043,0.033,0.020,0.033,0.073,0.001,-0.012,-0.022,-0.200,21.434,15.033,2.036,25.498,1.273,1.945,1.103
5.001,9.002,0.001,0.709,0.000,-0.000,0.705,-0.594,-0.484,0.073,-0.392,0.057,0.054,0.033,0.032,0.092,0.000,0.005,-0.014,-0.182,16.453,12.482,2.347,18.568,1.575,2.307,1.487
5.001,9.003,0.001,0.709,0.000,-0.000,0.705,-0.492,-0.399,0.098,-0.293,0.075,0.079,0.050,0.028,0.107,-0.000,0.012,-0.005,-0.156,4.427,5.067,2.661,1.989,2.059,2.579,1.846
5.001,9.004,0.001,0.710,0.000,-0.000,0.704,-0.489,-0.374,0.126,-0.332,0.098,0.106,0.070,0.028,0.122,-0.001,0.009,0.000,-0.154,-3.013,0.151,3.009,-8.651,2.505,2.872,2.156
5.002,9.005,0.001,0.711,0.000,-0.000,0.704,-0.528,-0.387,0.158,-0.423,0.125,0.136,0.093,0.032,0.137,-0.001,0.003,0.003,-0.179,-3.920,-2.054,3.421,-8.426,2.805,3.222,2.417
5.002,9.007,0.001,0.711,0.000,-0.000,0.703,-0.553,-0.400,0.195,-0.474,0.154,0.171,0.118,0.037,0.153,-0.001,-0.003,0.003,-0.214,-1.285,-0.713,3.831,-2.612,3.016,3.609,2.659
5.002,9.009,0.000,0.712,0.000,-0.000,0.702,-0.558,-0.403,0.235,-0.485,0.185,0.209,0.146,0.043,0.167,-0.001,-0.005,0.004,-0.246,0.060,-0.087,4.231,-0.031,3.252,3.978,2.886
5.003,9.010,0.000,0.713,0.000,-0.000,0.701,-0.554,-0.403,0.279,-0.480,0.219,0.250,0.176,0.047,0.182,-0.002,-0.006,0.004,-0.272,0.538,0.157,4.609,0.920,3.504,4.328,3.114
5.003,9.012,0.000,0.714,0.000,-0.000,0.700,-0.549,-0.401,0.327,-0.469,0.255,0.295,0.208,0.051,0.196,-0.002,-0.006,0.004,-0.293,0.557,0.214,4.966,1.109,3.761,4.662,3.346
5.004,9.014,0.000,0.715,0.000,-0.000,0.699,-0.544,-0.399,0.378,-0.459,0.294,0.343,0.243,0.055,0.209,-0.003,-0.006,0.004,-0.310,0.403,0.194,5.305,0.987,4.017,4.982,3.578
5.005,9.016,0.000,0.716,0.000,-0.000,0.698,-0.541,-0.397,0.433,-0.450,0.336,0.395,0.280,0.059,0.222,-0.003,-0.007,0.005,-0.326,0.230,0.150,5.629,0.776,4.269,5.290,3.807
5.005,9.019,0.000,0.717,0.000,-0.000,0.697,-0.539,-0.396,0.491,-0.443,0.380,0.449,0.319,0.062,0.235,-0.004,-0.008,0.005,-0.341,0.102,0.107,5.941,0.570,4.513,5.587,4.030
5.006,9.021,0.000,0.719,0.000,-0.000,0.695,-0.538,-0.395,0.552,-0.438,0.426,0.506,0.361,0.066,0.247,-0.004,-0.009,0.005,-0.356,0.030,0.075,6.244,0.404,4.750,5.875,4.247
5.006,9.024,0.000,0.720,-0.000,-0.000,0.694,-0.538,-0.394,0.616,-0.435,0.475,0.567,0.404,0.069,0.259,-0.005,-0.011,0.005,-0.371,-0.003,0.051,6.539,0.279,4.979,6.155,4.455
5.007,9.026,0.000,0.721,-0.000,-0.000,0.693,-0.538,-0.394,0.683,-0.433,0.525,0.629,0.450,0.073,0.270,-0.005,-0.012,0.005,-0.385,-0.015,0.036,6.826,0.190,5.201,6.427,4.655
5.008,9.029,0.000,0.722,-0.000,-0.000,0.691,-0.539,-0.394,0.752,-0.431,0.579,0.695,0.497,0.077,0.281,-0.006,-0.013,0.005,-0.399,-0.015,0.025,7.107,0.127,5.414,6.690,4.849
5.009,9.032,0.000,0.724,-0.000,-0.001,0.690,-0.539,-0.393,0.825,-0.430,0.634,0.763,0.547,0.081,0.291,-0.007,-0.013,0.005,-0.413,-0.012,0.018,7.381,0.085,5.621,6.947,5.036
5.010,9.035,0.000,0.725,-0.000,-0.001,0.688,-0.539,-0.393,0.900,-0.429,0.691,0.834,0.598,0.085,0.301,-0.007,-0.013,0.004,-0.426,-0.008,0.014,7.648,0.056,5.821,7.195,5.216
5.010,9.038,-0.000,0.727,-0.000,-0.001,0.687,-0.539,-0.393,0.978,-0.429,0.750,0.907,0.651,0.089,0.310,-0.008,-0.013,0.004,-0.439,-0.004,0.011,7.908,0.037,6.014,7.437,5.390
5.011,9.041,-0.000,0.728,-0.000,-0.001,0.685,-0.539,-0.393,1.058,-0.429,0.811,0.983,0.706,0.093,0.319,-0.008,-0.013,0.004,-0.452,-0.002,0.009,8.160,0.024,6.202,7.672,5.558
5.012,9.044,-0.000,0.730,-0.000,-0.001,0.684,-0.539,-0.393,1.141,-0.428,0.874,1.061,0.762,0.096,0.328,-0.008,-0.012,0.004,-0.464,-0.000,0.007,8.406,0.016,6.383,7.899,5.720
5.013,9.048,-0.000,0.732,-0.001,-0.001,0.682,-0.539,-0.393,1.226,-0.428,0.939,1.141,0.820,0.101,0.336,-0.009,-0.011,0.003,-0.476,0.000,0.006,8.643,0.011,6.558,8.120,5.876
5.014,9.051,-0.000,0.733,-0.001,-0.001,0.680,-0.539,-0.393,1.314,-0.428,1.005,1.223,0.880,0.105,0.344,-0.009,-0.010,0.003,-0.487,0.001,0.005,8.873,0.008,6.727,8.334,6.027
5.015,9.054,-0.000,0.735,-0.001,-0.001,0.678,-0.539,-0.393,1.404,-0.428,1.073,1.307,0.941,0.109,0.351,-0.009,-0.008,0.003,-0.499,0.001,0.004,9.095,0.006,6.890,8.540,6.173
5.016,9.058,-0.001,0.737,-0.001,-0.001,0.676,-0.539,-0.393,1.496,-0.428,1.143,1.394,1.003,0.113,0.358,-0.009,-0.005,0.002,-0.509,0.001,0.003,9.309,0.005,7.048,8.740,6.314
5.018,9.062,-0.001,0.738,-0.001,-0.001,0.674,-0.539,-0.393,1.590,-0.428,1.214,1.482,1.067,0.117,0.365,-0.009,-0.003,0.002,-0.519,0.001,0.002,9.516,0.004,7.201,8.932,6.451
5.019,9.065,-0.001,0.740,-0.001,-0.001,0.673,-0.539,-0.393,1.686,-0.428,1.287,1.572,1.132,0.121,0.371,-0.008,0.000,0.001,-0.529,0.000,0.001,9.714,0.003,7.348,9.117,6.582
5.020,9.069,-0.001,0.742,-0.001,-0.001,0.671,-0.539,-0.393,1.784,-0.428,1.361,1.664,1.199,0.125,0.377,-0.008,0.004,0.000,-0.539,0.000,-0.000,9.905,0.003,7.490,9.295,6.709
5.021,9.073,-0.001,0.744,-0.001,-0.001,0.669,-0.539,-0.393,1.884,-0.428,1.437,1.758,1.266,0.129,0.383,-0.007,0.007,-0.000,-0.548,0.000,-0.001,10.087,0.002,7.627,9.466,6.832
5.023,9.077,-0.001,0.746,-0.001,-0.001,0.667,-0.539,-0.393,1.986,-0.428,1.514,1.854,1.335,0.133,0.389,-0.007,0.010,-0.001,-0.557,0.000,-0.002,10.262,0.002,7.759,9.630,6.951
5.024,9.081,-0.001,0.747,-0.001,-0.001,0.664,-0.539,-0.393,2.089,-0.428,1.592,1.951,1.405,0.137,0.394,-0.006,0.013,-0.002,-0.565,0.000,-0.003,10.428,0.002,7.887,9.787,7.066
5.025,9.085,-0.001,0.749,-0.000,-0.001,0.662,-0.539,-0.393,2.194,-0.428,1.671,2.049,1.476,0.141,0.399,-0.005,0.016,-0.003,-0.573,0.000,-0.003,10.588,0.002,8.009,9.937,7.176
5.027,9.089,-0.001,0.751,-0.000,-0.001,0.660,-0.539,-0.393,2.301,-0.428,1.752,2.149,1.549,0.146,0.403,-0.004,0.018,-0.003,-0.581,0.000,-0.003,10.740,0.002,8.127,10.081,7.284
5.028,9.093,-0.001,0.753,-0.000,-0.001,0.658,-0.539,-0.393,2.409,-0.428,1.834,2.251,1.622,0.150,0.408,-0.004,0.020,-0.004,-0.589,0.000,-0.004,10.886,0.002,8.241,10.219,7.387
5.030,9.097,-0.001,0.755,-0.000,-0.000,0.656,-0.539,-0.393,2.519,-0.428,1.917,2.354,1.696,0.154,0.412,-0.003,0.021,-0.004,-0.596,0.000,-0.004,11.026,0.003,8.351,10.350,7.487
5.031,9.101,-0.001,0.757,-0.000,-0.000,0.653,-0.539,-0.393,2.629,-0.428,2.001,2.458,1.772,0.158,0.416,-0.002,0.021,-0.004,-0.603,0.000,-0.003,11.160,0.003,8.457,10.477,7.584
5.033,9.105,-0.001,0.759,-0.000,-0.000,0.651,-0.539,-0.393,2.742,-0.428,2.086,2.563,1.848,0.162,0.420,-0.002,0.020,-0.004,-0.610,0.000,-0.003,11.290,0.003,8.558,10.598,7.678
5.035,9.109,-0.001,0.761,0.000,-0.000,0.649,-0.539,-0.393,2.855,-0.428,2.172,2.670,1.925,0.167,0.424,-0.001,0.018,-0.004,-0.617,0.000,-0.003,11.415,0.003,8.657,10.715,7.768
5.036,9.113,-0.001,0.763,0.000,-0.000,0.646,-0.539,-0.393,2.970,-0.428,2.259,2.778,2.004,0.171,0.427,-0.001,0.016,-0.004,-0.624,0.000,-0.002,11.535,0.003,8.751,10.828,7.856
5.038,9.118,-0.001,0.765,0.000,-0.000,0.644,-0.539,-0.393,3.086,-0.428,2.347,2.886,2.082,0.175,0.430,-0.000,0.013,-0.004,-0.630,0.000,-0.002,11.653,0.003,8.842,10.938,7.940
5.040,9.122,-0.001,0.767,0.000,-0.000,0.642,-0.539,-0.393,3.203,-0.428,2.436,2.996,2.162,0.180,0.433,-0.000,0.010,-0.003,-0.636,0.000,-0.002,11.767,0.003,8.931,11.044,8.021
5.042,9.126,-0.001,0.769,0.000,-0.000,0.639,-0.539,-0.393,3.321,-0.428,2.526,3.107,2.243,0.184,0.436,0.000,0.007,-0.003,-0.642,0.000,-0.001,11.879,0.003,9.016,11.148,8.099
5.043,9.131,-0.001,0.771,0.000,-0.000,0.637,-0.539,-0.393,3.441,-0.428,2.616,3.219,2.324,0.189,0.439,0.000,0.004,-0.003,-0.648,0.000,-0.001,11.988,0.003,9.098,11.249,8.175
5.045,9.135,-0.001,0.773,0.000,-0.000,0.634,-0.539,-0.393,3.561,-0.427,2.708,3.332,2.406,0.193,0.442,0.000,0.002,-0.002,-0.654,0.000,-0.001,12.095,0.002,9.178,11.349,8.248
5.047,9.140,-0.001,0.775,0.000,-0.000,0.632,-0.539,-0.393,3.683,-0.427,2.800,3.446,2.489,0.198,0.444,0.000,0.000,-0.002,-0.659,0.000,-0.001,12.198,0.002,9.255,11.446,8.318
5.049,9.144,-0.001,0.777,0.000,-0.000,0.629,-0.539,-0.393,3.805,-0.427,2.893,3.561,2.573,0.202,0.447,0.000,-0.001,-0.002,-0.665,0.000,-0.001,12.299,0.002,9.330,11.541,8.386
5.051,9.149,-0.001,0.779,0.000,-0.000,0.626,-0.539,-0.393,3.929,-0.427,2.986,3.677,2.657,0.207,0.449,0.001,0.000,-0.002,-0.671,0.000,-0.001,12.396,0.001,9.403,11.634,8.451
5.053,9.153,-0.001,0.782,0.000,-0.000,0.624,-0.539,-0.393,4.053,-0.427,3.081,3.794,2.742,0.212,0.451,0.001,0.002,-0.003,-0.676,-0.000,-0.002,12.490,0.001,9.474,11.724,8.515
5.056,9.158,-0.001,0.784,0.000,-0.000,0.621,-0.539,-0.393,4.178,-0.427,3.176,3.912,2.827,0.216,0.453,0.001,0.006,-0.003,-0.681,-0.000,-0.003,12.579,0.001,9.543,11.812,8.577
5.058,9.162,-0.001,0.786,0.000,-0.000,0.618,-0.539,-0.393,4.305,-0.427,3.272,4.030,2.913,0.221,0.455,0.002,0.011,-0.004,-0.687,-0.001,-0.004,12.664,0.000,9.611,11.897,8.638
5.060,9.167,-0.001,0.788,0.001,-0.000,0.616,-0.539,-0.393,4.432,-0.427,3.368,4.149,3.000,0.226,0.457,0.002,0.017,-0.005,-0.692,-0.001,-0.005,12.743,0.000,9.677,11.978,8.697
5.062,9.171,-0.001,0.790,0.001,-0.000,0.613,-0.539,-0.393,4.559,-0.427,3.465,4.270,3.087,0.230,0.458,0.003,0.024,-0.006,-0.697,-0.001,-0.005,12.817,-0.000,9.743,12.054,8.755
5.065,9.176,-0.001,0.792,0.001,-0.000,0.610,-0.539,-0.393,4.688,-0.427,3.563,4.391,3.175,0.235,0.460,0.004,0.032,-0.007,-0.702,-0.001,-0.006,12.886,-0.000,9.807,12.126,8.813
5.067,9.180,-0.001,0.794,0.001,0.000,0.607,-0.539,-0.393,4.817,-0.427,3.661,4.512,3.263,0.240,0.461,0.005,0.040,-0.008,-0.707,-0.001,-0.007,12.948,-0.000,9.869,12.194,8.869
5.069,9.185,-0.001,0.797,0.001,0.000,0.605,-0.539,-0.393,4.947,-0.427,3.760,4.634,3.352,0.245,0.462,0.006,0.047,-0.009,-0.713,-0.001,-0.007,13.005,-0.000,9.930,12.257,8.926
5.072,9.190,-0.001,0.799,0.001,0.000,0.602,-0.539,-0.393,5.077,-0.427,3.860,4.757,3.442,0.250,0.463,0.007,0.054,-0.011,-0.718,-0.001,-0.007,13.056,0.000,9.993,12.316,8.982
5.074,9.194,-0.001,0.801,0.002,0.000,0.599,-0.539,-0.394,5.208,-0.427,3.960,4.881,3.532,0.255,0.465,0.008,0.060,-0.012,-0.723,-0.001,-0.007,13.100,0.000,10.054,12.368,9.040
5.077,9.199,-0.001,0.803,0.002,0.001,0.596,-0.539,-0.394,5.339,-0.427,4.061,5.005,3.623,0.259,0.466,0.009,0.065,-0.012,-0.727,-0.000,-0.006,13.139,0.001,10.116,12.416,9.099
5.080,9.204,-0.001,0.805,0.002,0.001,0.593,-0.539,-0.394,5.471,-0.427,4.163,5.129,3.714,0.264,0.467,0.009,0.067,-0.013,-0.730,-0.000,-0.005,13.172,0.001,10.176,12.460,9.159
5.082,9.208,-0.001,0.807,0.002,0.001,0.590,-0.539,-0.394,5.603,-0.427,4.265,5.254,3.806,0.269,0.468,0.010,0.067,-0.013,-0.733,0.000,-0.003,13.203,0.002,10.234,12.500,9.220
5.085,9.213,-0.001,0.809,0.003,0.001,0.587,-0.539,-0.394,5.735,-0.427,4.367,5.379,3.898,0.274,0.469,0.010,0.063,-0.014,-0.737,0.001,-0.001,13.233,0.002,10.291,12.538,9.281
5.088,9.218,-0.000,0.812,0.003,0.001,0.584,-0.539,-0.394,5.867,-0.427,4.470,5.505,3.992,0.279,0.470,0.010,0.056,-0.014,-0.740,0.001,0.001,13.262,0.003,10.346,12.575,9.341
5.091,9.222,-0.000,0.814,0.003,0.001,0.581,-0.539,-0.394,6.000,-0.427,4.574,5.631,4.085,0.284,0.471,0.010,0.045,-0.014,-0.742,0.001,0.003,13.293,0.003,10.398,12.611,9.400
5.093,9.227,-0.000,0.816,0.003,0.001,0.578,-0.539,-0.394,6.133,-0.427,4.678,5.757,4.180,0.289,0.472,0.009,0.029,-0.012,-0.744,0.002,0.005,13.326,0.003,10.447,12.646,9.458
5.096,9.232,-0.000,0.818,0.004,0.001,0.575,-0.539,-0.394,6.266,-0.427,4.783,5.883,4.274,0.293,0.472,0.008,0.009,-0.008,-0.746,0.002,0.007,13.362,0.003,10.491,12.683,9.513
5.099,9.237,-0.000,0.820,0.004,0.001,0.572,-0.539,-0.393,6.400,-0.427,4.888,6.010,4.370,0.298,0.473,0.006,-0.014,-0.003,-0.747,0.002,0.008,13.403,0.003,10.531,12.721,9.566
5.102,9.241,-0.000,0.822,0.003,0.001,0.569,-0.539,-0.393,6.535,-0.427,4.994,6.138,4.466,0.302,0.474,0.004,-0.037,0.002,-0.747,0.002,0.009,13.450,0.002,10.567,12.763,9.614
5.105,9.246,0.000,0.824,0.003,0.001,0.566,-0.539,-0.393,6.669,-0.427,5.100,6.266,4.562,0.307,0.474,0.003,-0.060,0.006,-0.748,0.002,0.010,13.503,0.002,10.599,12.809,9.656
5.108,9.251,0.000,0.827,0.003,0.001,0.563,-0.539,-0.393,6.805,-0.427,5.206,6.394,4.659,0.311,0.474,0.001,-0.080,0.009,-0.749,0.001,0.010,13.562,0.002,10.627,12.860,9.692
5.112,9.256,0.000,0.829,0.003,0.001,0.560,-0.539,-0.393,6.941,-0.427,5.312,6.523,4.756,0.316,0.474,-0.000,-0.097,0.010,-0.751,0.001,0.010,13.628,0.001,10.650,12.917,9.720
5.115,9.260,0.000,0.831,0.002,0.001,0.557,-0.539,-0.393,7.077,-0.427,5.419,6.652,4.853,0.321,0.473,-0.001,-0.111,0.011,-0.752,0.001,0.009,13.698,0.001,10.669,12.977,9.742
5.118,9.265,0.000,0.833,0.002,0.000,0.553,-0.539,-0.393,7.215,-0.427,5.525,6.783,4.951,0.325,0.472,-0.002,-0.121,0.011,-0.754,0.001,0.009,13.772,0.000,10.684,13.041,9.756
5.121,9.270,0.000,0.835,0.001,-0.000,0.550,-0.539,-0.393,7.353,-0.427,5.632,6.913,5.048,0.330,0.471,-0.003,-0.128,0.010,-0.756,0.001,0.008,13.849,-0.000,10.695,13.108,9.764
5.125,9.274,-0.000,0.837,0.000,-0.000,0.547,-0.539,-0.393,7.492,-0.427,5.739,7.045,5.146,0.334,0.470,-0.003,-0.130,0.010,-0.759,0.000,0.007,13.928,-0.001,10.702,13.176,9.766
5.128,9.279,-0.000,0.839,-0.000,-0.001,0.544,-0.539,-0.393,7.631,-0.427,5.846,7.177,5.244,0.339,0.468,-0.004,-0.129,0.009,-0.762,0.000,0.006,14.007,-0.001,10.707,13.245,9.762
5.131,9.284,-0.000,0.841,-0.001,-0.001,0.541,-0.539,-0.393,7.772,-0.427,5.953,7.310,5.341,0.343,0.466,-0.004,-0.122,0.008,-0.765,-0.000,0.005,14.084,-0.002,10.709,13.313,9.753
5.135,9.288,-0.000,0.843,-0.001,-0.001,0.537,-0.539,-0.393,7.913,-0.427,6.061,7.443,5.439,0.348,0.464,-0.004,-0.113,0.008,-0.768,-0.000,0.004,14.158,-0.002,10.710,13.379,9.740
5.138,9.293,-0.000,0.845,-0.002,-0.002,0.534,-0.539,-0.393,8.055,-0.427,6.168,7.577,5.536,0.352,0.462,-0.003,-0.099,0.007,-0.772,-0.001,0.002,14.227,-0.003,10.710,13.441,9.724
5.142,9.298,-0.000,0.847,-0.002,-0.002,0.531,-0.539,-0.393,8.197,-0.427,6.275,7.712,5.633,0.357,0.459,-0.003,-0.084,0.008,-0.776,-0.001,0.001,14.290,-0.004,10.710,13.499,9.707
5.145,9.302,-0.000,0.849,-0.002,-0.002,0.528,-0.539,-0.393,8.341,-0.427,6.382,7.847,5.730,0.361,0.456,-0.003,-0.067,0.008,-0.779,-0.001,-0.001,14.345,-0.005,10.712,13.552,9.690
5.149,9.307,-0.000,0.852,-0.003,-0.002,0.524,-0.539,-0.393,8.484,-0.427,6.489,7.983,5.827,0.365,0.453,-0.002,-0.051,0.009,-0.784,-0.002,-0.002,14.395,-0.005,10.724,13.599,9.670
5.153,9.311,-0.000,0.854,-0.003,-0.002,0.521,-0.539,-0.393,8.628,-0.427,6.596,8.119,5.924,0.370,0.450,-0.002,-0.036,0.011,-0.790,-0.002,-0.003,14.440,-0.006,10.742,13.641,9.650
5.156,9.316,-0.000,0.856,-0.003,-0.002,0.518,-0.539,-0.393,8.773,-0.427,6.704,8.256,6.020,0.374,0.447,-0.002,-0.023,0.013,-0.795,-0.002,-0.004,14.480,-0.007,10.764,13.678,9.633
5.160,9.320,-0.000,0.858,-0.003,-0.002,0.514,-0.539,-0.393,8.918,-0.428,6.812,8.393,6.116,0.379,0.444,-0.002,-0.011,0.017,-0.801,-0.002,-0.004,14.517,-0.007,10.785,13.711,9.617
5.164,9.325,-0.000,0.860,-0.003,-0.002,0.511,-0.539,-0.393,9.063,-0.428,6.920,8.530,6.212,0.383,0.440,-0.003,-0.001,0.021,-0.807,-0.002,-0.004,14.554,-0.007,10.807,13.741,9.602
5.168,9.329,-0.000,0.862,-0.003,-0.002,0.507,-0.539,-0.393,9.209,-0.428,7.028,8.667,6.308,0.388,0.437,-0.003,0.010,0.025,-0.814,-0.002,-0.004,14.593,-0.006,10.831,13.767,9.591
5.172,9.333,-0.000,0.864,-0.003,-0.002,0.504,-0.539,-0.393,9.355,-0.428,7.136,8.805,6.404,0.392,0.434,-0.004,0.021,0.027,-0.819,-0.001,-0.004,14.633,-0.006,10.858,13.788,9.586
5.176,9.338,-0.000,0.866,-0.003,-0.002,0.500,-0.539,-0.393,9.502,-0.428,7.245,8.943,6.500,0.396,0.431,-0.005,0.031,0.029,-0.823,-0.001,-0.003,14.674,-0.005,10.890,13.807,9.588
5.180,9.342,-0.001,0.868,-0.003,-0.001,0.497,-0.539,-0.393,9.649,-0.428,7.354,9.081,6.596,0.401,0.428,-0.005,0.039,0.028,-0.826,-0.001,-0.003,14.712,-0.004,10.926,13.825,9.598
5.184,9.346,-0.001,0.870,-0.003,-0.001,0.493,-0.539,-0.393,9.796,-0.428,7.463,9.220,6.692,0.405,0.425,-0.006,0.046,0.025,-0.829,-0.001,-0.003,14.748,-0.003,10.966,13.842,9.615
5.188,9.350,-0.001,0.872,-0.003,-0.001,0.489,-0.539,-0.393,9.944,-0.428,7.573,9.358,6.788,0.409,0.422,-0.006,0.050,0.020,-0.830,-0.000,-0.003,14.780,-0.002,11.008,13.860,9.640
5.192,9.355,-0.001,0.874,-0.003,-0.001,0.486,-0.539,-0.393,10.092,-0.428,7.684,9.497,6.885,0.413,0.419,-0.006,0.053,0.014,-0.831,-0.000,-0.003,14.808,-0.001,11.052,13.878,9.670
5.196,9.359,-0.001,0.876,-0.002,-0.001,0.482,-0.539,-0.393,10.240,-0.428,7.794,9.636,6.982,0.417,0.417,-0.005,0.055,0.006,-0.832,-0.000,-0.003,14.832,-0.000,11.097,13.898,9.705
5.200,9.363,-0.001,0.878,-0.002,-0.001,0.478,-0.539,-0.393,10.388,-0.428,7.906,9.775,7.079,0.421,0.414,-0.005,0.056,-0.002,-0.832,-0.000,-0.004,14.853,0.000,11.140,13.918,9.742
5.205,9.367,-0.001,0.880,-0.002,-0.000,0.475,-0.539,-0.393,10.537,-0.428,8.017,9.914,7.177,0.426,0.411,-0.004,0.058,-0.010,-0.833,-0.000,-0.005,14.869,0.001,11.181,13.940,9.781
5.209,9.371,-0.001,0.882,-0.002,-0.000,0.471,-0.539,-0.393,10.686,-0.428,8.129,10.054,7.275,0.430,0.408,-0.003,0.060,-0.018,-0.834,-0.000,-0.006,14.881,0.002,11.218,13.962,9.820
5.213,9.375,-0.001,0.884,-0.001,-0.000,0.467,-0.539,-0.393,10.835,-0.428,8.241,10.193,7.373,0.434,0.406,-0.002,0.063,-0.025,-0.835,-0.000,-0.006,14.887,0.003,11.252,13.983,9.858
5.218,9.379,-0.001,0.886,-0.001,-0.000,0.464,-0.532,-0.392,10.984,-0.426,8.355,10.334,7.472,0.443,0.407,0.000,0.065,-0.037,-0.847,1.080,0.123,15.073,0.263,11.449,14.181,10.035
5.222,9.383,-0.001,0.888,-0.000,-0.000,0.460,-0.521,-0.391,11.136,-0.423,8.470,10.477,7.574,0.452,0.409,0.002,0.069,-0.044,-0.857,1.150,0.133,15.243,0.284,11.626,14.371,10.204
5.227,9.388,-0.001,0.890,-0.000,-0.000,0.456,-0.511,-0.390,11.289,-0.421,8.587,10.622,7.676,0.462,0.411,0.003,0.074,-0.046,-0.867,0.838,0.096,15.398,0.210,11.788,14.551,10.367
5.231,9.392,-0.001,0.892,0.000,-0.000,0.452,-0.504,-0.389,11.444,-0.419,8.706,10.768,7.781,0.471,0.412,0.005,0.080,-0.044,-0.877,0.478,0.052,15.540,0.123,11.942,14.721,10.525
5.236,9.396,-0.001,0.894,0.001,-0.000,0.448,-0.501,-0.389,11.600,-0.418,8.826,10.916,7.887,0.480,0.413,0.006,0.086,-0.040,-0.887,0.210,0.021,15.670,0.057,12.089,14.881,10.677
5.241,9.400,-0.001,0.896,0.001,-0.000,0.444,-0.499,-0.389,11.757,-0.418,8.948,11.066,7.994,0.489,0.414,0.007,0.091,-0.033,-0.897,0.060,0.006,15.789,0.021,12.234,15.029,10.825
5.246,9.404,-0.001,0.898,0.002,-0.000,0.440,-0.499,-0.389,11.916,-0.418,9.071,11.217,8.103,0.498,0.415,0.007,0.094,-0.024,-0.906,-0.008,-0.000,15.898,0.005,12.376,15.166,10.971
5.251,9.408,-0.001,0.900,0.002,-0.000,0.436,-0.499,-0.389,12.075,-0.418,9.195,11.369,8.214,0.507,0.415,0.008,0.094,-0.015,-0.914,-0.030,-0.002,15.999,-0.001,12.514,15.292,11.116
5.256,9.412,-0.000,0.902,0.003,-0.000,0.432,-0.500,-0.389,12.236,-0.418,9.321,11.522,8.326,0.516,0.416,0.008,0.091,-0.007,-0.920,-0.030,-0.000,16.102,-0.003,12.645,15.407,11.262
5.261,9.417,-0.000,0.904,0.003,0.000,0.428,-0.500,-0.389,12.397,-0.418,9.448,11.677,8.439,0.525,0.416,0.007,0.086,-0.000,-0.923,-0.022,0.003,16.210,-0.003,12.771,15.511,11.409
5.266,9.421,-0.000,0.906,0.004,0.000,0.424,-0.500,-0.389,12.560,-0.418,9.577,11.833,8.554,0.534,0.417,0.007,0.077,0.006,-0.926,-0.013,0.006,16.324,-0.002,12.894,15.608,11.554
5.272,9.425,-0.000,0.908,0.004,0.001,0.419,-0.500,-0.389,12.724,-0.418,9.706,11.989,8.670,0.542,0.417,0.006,0.064,0.012,-0.926,-0.006,0.008,16.441,-0.001,13.012,15.698,11.699
5.277,9.429,-0.000,0.910,0.004,0.001,0.415,-0.500,-0.389,12.889,-0.418,9.837,12.146,8.788,0.550,0.418,0.003,0.044,0.020,-0.924,-0.002,0.010,16.556,-0.000,13.125,15.784,11.847
5.283,9.433,-0.000,0.912,0.004,0.001,0.411,-0.500,-0.388,13.055,-0.418,9.969,12.305,8.907,0.558,0.418,0.000,0.019,0.030,-0.920,0.000,0.011,16.672,0.000,13.234,15.870,11.994
5.288,9.437,-0.000,0.913,0.004,0.001,0.407,-0.500,-0.388,13.222,-0.418,10.102,12.464,9.028,0.566,0.418,-0.003,-0.013,0.037,-0.918,0.002,0.011,16.797,0.000,13.350,15.962,12.127
5.294,9.442,-0.000,0.915,0.004,0.001,0.403,-0.500,-0.388,13.391,-0.418,10.236,12.624,9.150,0.573,0.417,-0.006,-0.044,0.037,-0.920,0.002,0.011,16.933,0.001,13.466,16.065,12.243
5.300,9.446,-0.000,0.917,0.003,0.001,0.398,-0.500,-0.388,13.561,-0.418,10.371,12.785,9.273,0.581,0.415,-0.007,-0.069,0.032,-0.923,0.002,0.010,17.079,0.001,13.577,16.178,12.344
5.306,9.450,-0.000,0.919,0.003,0.001,0.394,-0.500,-0.388,13.732,-0.418,10.507,12.948,9.396,0.589,0.413,-0.009,-0.088,0.022,-0.926,0.002,0.009,17.232,0.002,13.679,16.301,12.433
5.312,9.454,-0.001,0.921,0.003,0.001,0.390,-0.500,-0.388,13.905,-0.418,10.644,13.111,9.521,0.597,0.411,-0.009,-0.101,0.009,-0.931,0.001,0.008,17.390,0.002,13.770,16.434,12.512
5.318,9.458,-0.001,0.923,0.002,0.001,0.386,-0.500,-0.388,14.080,-0.418,10.783,13.276,9.647,0.604,0.407,-0.009,-0.108,-0.007,-0.935,0.001,0.006,17.548,0.002,13.848,16.574,12.583
5.324,9.462,-0.001,0.924,0.002,0.001,0.381,-0.500,-0.388,14.256,-0.418,10.921,13.443,9.773,0.611,0.404,-0.007,-0.110,-0.023,-0.940,0.001,0.004,17.702,0.002,13.913,16.718,12.648
5.330,9.466,-0.001,0.926,0.001,0.000,0.377,-0.500,-0.388,14.434,-0.418,11.061,13.611,9.900,0.618,0.400,-0.006,-0.108,-0.039,-0.945,0.001,0.002,17.848,0.003,13.964,16.866,12.708
5.336,9.470,-0.001,0.928,0.001,0.000,0.373,-0.500,-0.388,14.613,-0.418,11.201,13.780,10.027,0.625,0.396,-0.004,-0.102,-0.051,-0.950,0.000,0.000,17.983,0.003,14.002,17.014,12.765
5.342,9.474,-0.001,0.930,0.000,-0.000,0.368,-0.500,-0.388,14.794,-0.418,11.341,13.951,10.155,0.631,0.391,-0.002,-0.095,-0.059,-0.954,0.000,-0.001,18.104,0.002,14.028,17.160,12.819
5.349,9.478,-0.001,0.932,0.000,-0.001,0.364,-0.500,-0.388,14.975,-0.418,11.481,14.123,10.283,0.638,0.387,0.000,-0.087,-0.062,-0.959,-0.000,-0.002,18.210,0.002,14.046,17.300,12.871
5.355,9.482,-0.001,0.933,-0.000,-0.001,0.359,-0.500,-0.388,15.158,-0.418,11.622,14.297,10.412,0.644,0.383,0.002,-0.079,-0.058,-0.963,-0.000,-0.003,18.304,0.001,14.058,17.434,12.922
5.362,9.486,-0.001,0.935,-0.000,-0.002,0.355,-0.500,-0.388,15.341,-0.418,11.762,14.472,10.542,0.650,0.378,0.004,-0.072,-0.050,-0.967,-0.000,-0.003,18.387,0.001,14.066,17.559,12.971
5.368,9.489,-0.001,0.937,-0.001,-0.002,0.350,-0.500,-0.388,15.526,-0.418,11.903,14.648,10.672,0.656,0.373,0.005,-0.067,-0.037,-0.971,-0.001,-0.003,18.463,-0.000,14.075,17.674,13.016
5.375,9.493,-0.001,0.938,-0.001,-0.002,0.346,-0.500,-0.388,15.711,-0.418,12.044,14.825,10.802,0.663,0.369,0.005,-0.062,-0.021,-0.975,-0.001,-0.002,18.535,-0.001,14.086,17.780,13.058
5.381,9.497,-0.001,0.940,-0.001,-0.002,0.341,-0.500,-0.388,15.896,-0.418,12.185,15.004,10.933,0.669,0.364,0.005,-0.059,-0.004,-0.980,-0.001,-0.002,18.605,-0.002,14.103,17.877,13.093
5.388,9.500,-0.001,0.942,-0.001,-0.003,0.336,-0.500,-0.388,16.083,-0.418,12.326,15.183,11.064,0.675,0.359,0.005,-0.056,0.013,-0.986,-0.001,-0.001,18.674,-0.003,14.126,17.966,13.122
5.395,9.504,-0.001,0.943,-0.002,-0.003,0.332,-0.500,-0.388,16.270,-0.418,12.467,15.363,11.195,0.682,0.353,0.004,-0.052,0.029,-0.992,-0.001,-0.001,18.745,-0.004,14.158,18.050,13.144
5.402,9.507,-0.001,0.945,-0.002,-0.002,0.327,-0.500,-0.388,16.458,-0.418,12.609,15.544,11.327,0.688,0.347,0.004,-0.045,0.039,-1.000,-0.001,-0.001,18.823,-0.004,14.196,18.128,13.156
5.409,9.511,-0.000,0.947,-0.002,-0.002,0.322,-0.500,-0.388,16.646,-0.418,12.751,15.725,11.458,0.695,0.341,0.004,-0.035,0.042,-1.011,-0.002,-0.002,18.922,-0.005,14.244,18.201,13.151
5.416,9.514,-0.000,0.948,-0.002,-0.002,0.317,-0.500,-0.388,16.836,-0.418,12.894,15.908,11.590,0.701,0.333,0.005,-0.024,0.038,-1.025,-0.002,-0.004,19.037,-0.006,14.299,18.272,13.130
5.423,9.518,-0.000,0.950,-0.003,-0.002,0.313,-0.500,-0.388,17.027,-0.418,13.037,16.091,11.721,0.708,0.325,0.005,-0.011,0.031,-1.042,-0.002,-0.006,19.156,-0.007,14.359,18.340,13.097
5.430,9.521,-0.000,0.952,-0.003,-0.002,0.308,-0.500,-0.388,17.219,-0.418,13.181,16.275,11.852,0.715,0.316,0.006,0.002,0.024,-1.062,-0.003,-0.008,19.275,-0.007,14.415,18.408,13.055
5.437,9.524,-0.000,0.953,-0.003,-0.002,0.302,-0.500,-0.388,17.413,-0.418,13.325,16.459,11.982,0.721,0.306,0.006,0.014,0.019,-1.085,-0.003,-0.009,19.396,-0.006,14.454,18.479,13.006
5.444,9.527,-0.000,0.955,-0.002,-0.002,0.297,-0.500,-0.388,17.607,-0.418,13.470,16.644,12.112,0.728,0.296,0.006,0.026,0.018,-1.111,-0.002,-0.009,19.513,-0.005,14.490,18.549,12.951
5.452,9.530,-0.000,0.956,-0.002,-0.002,0.292,-0.500,-0.388,17.803,-0.418,13.615,16.830,12.241,0.734,0.286,0.006,0.041,0.017,-1.134,-0.002,-0.009,19.614,-0.004,14.528,18.615,12.909
5.459,9.533,-0.000,0.958,-0.002,-0.001,0.286,-0.500,-0.388,17.999,-0.418,13.761,17.017,12.370,0.741,0.276,0.005,0.066,0.022,-1.158,-0.000,-0.006,19.695,-0.002,14.582,18.672,12.873
5.466,9.535,-0.000,0.960,-0.002,-0.001,0.281,-0.500,-0.388,18.197,-0.418,13.907,17.203,12.498,0.746,0.264,0.001,0.116,0.050,-1.195,0.002,-0.001,19.785,0.003,14.689,18.715,12.783
5.474,9.538,-0.000,0.961,-0.001,-0.001,0.275,-0.500,-0.388,18.395,-0.418,14.054,17.391,12.626,0.752,0.254,-0.001,0.143,0.062,-1.210,0.002,0.000,19.847,0.003,14.791,18.742,12.776
5.481,9.540,-0.000,0.963,-0.001,-0.000,0.269,-0.500,-0.388,18.593,-0.418,14.203,17.578,12.754,0.759,0.250,0.002,0.125,0.042,-1.195,-0.000,-0.001,19.852,-0.001,14.885,18.749,12.898
5.489,9.543,-0.000,0.965,-0.000,0.000,0.263,-0.500,-0.388,18.792,-0.418,14.352,17.766,12.884,0.765,0.243,0.002,0.115,0.039,-1.187,-0.000,0.001,19.855,-0.001,14.992,18.738,13.001
5.497,9.545,-0.000,0.966,0.000,0.000,0.258,-0.500,-0.388,18.991,-0.418,14.503,17.953,13.014,0.770,0.237,0.000,0.109,0.040,-1.178,0.001,0.004,19.857,-0.000,15.091,18.717,13.107
5.504,9.548,-0.000,0.968,0.001,0.001,0.252,-0.500,-0.388,19.189,-0.418,14.654,18.140,13.146,0.775,0.231,-0.002,0.103,0.041,-1.167,0.001,0.007,19.859,0.001,15.184,18.691,13.221
5.512,9.550,-0.000,0.969,0.001,0.001,0.246,-0.500,-0.388,19.388,-0.418,14.806,18.327,13.279,0.780,0.226,-0.003,0.091,0.037,-1.152,0.002,0.009,19.862,0.002,15.275,18.661,13.350
5.520,9.552,-0.000,0.971,0.002,0.001,0.241,-0.500,-0.388,19.586,-0.418,14.960,18.513,13.413,0.785,0.221,-0.005,0.072,0.024,-1.132,0.002,0.011,19.863,0.003,15.365,18.634,13.493
5.528,9.554,-0.000,0.972,0.002,0.001,0.235,-0.500,-0.388,19.785,-0.418,15.114,18.699,13.549,0.789,0.216,-0.005,0.051,0.008,-1.112,0.003,0.012,19.883,0.004,15.445,18.611,13.633
5.536,9.556,-0.000,0.973,0.002,0.002,0.230,-0.500,-0.388,19.984,-0.418,15.268,18.885,13.686,0.792,0.211,-0.007,0.028,-0.005,-1.093,0.002,0.011,19.914,0.004,15.511,18.597,13.763
5.544,9.559,-0.000,0.974,0.002,0.002,0.225,-0.500,-0.388,20.183,-0.418,15.424,19.071,13.824,0.795,0.205,-0.010,-0.001,-0.010,-1.078,0.002,0.008,19.932,0.004,15.566,18.603,13.879
5.552,9.561,-0.000,0.976,0.002,0.001,0.220,-0.500,-0.388,20.383,-0.418,15.580,19.258,13.963,0.798,0.198,-0.013,-0.032,-0.012,-1.069,0.001,0.005,19.961,0.003,15.610,18.631,13.971
5.560,9.563,-0.001,0.977,0.002,0.001,0.214,-0.500,-0.388,20.583,-0.418,15.736,19.444,14.103,0.801,0.191,-0.014,-0.053,-0.017,-1.064,0.000,0.003,20.008,0.003,15.642,18.678,14.039
5.568,9.564,-0.001,0.978,0.002,0.001,0.209,-0.500,-0.388,20.783,-0.418,15.892,19.631,14.244,0.803,0.182,-0.014,-0.064,-0.026,-1.063,-0.000,0.001,20.065,0.002,15.663,18.740,14.086
5.576,9.566,-0.001,0.979,0.001,0.001,0.204,-0.500,-0.388,20.984,-0.418,16.049,19.819,14.385,0.805,0.173,-0.013,-0.065,-0.038,-1.064,-0.000,-0.001,20.125,0.002,15.674,18.812,14.114
5.584,9.568,-0.001,0.980,0.001,0.001,0.199,-0.500,-0.388,21.185,-0.418,16.206,20.008,14.526,0.807,0.164,-0.010,-0.061,-0.049,-1.069,-0.001,-0.003,20.187,0.001,15.674,18.894,14.124
5.592,9.569,-0.001,0.981,0.001,0.000,0.193,-0.500,-0.388,21.388,-0.418,16.363,20.197,14.667,0.809,0.154,-0.007,-0.056,-0.058,-1.076,-0.001,-0.004,20.244,0.001,15.665,18.979,14.120
5.600,9.571,-0.001,0.982,0.001,0.000,0.188,-0.500,-0.388,21.590,-0.418,16.519,20.387,14.808,0.810,0.144,-0.004,-0.051,-0.061,-1.082,-0.001,-0.004,20.288,0.001,15.649,19.062,14.113
5.608,9.572,-0.001,0.983,0.000,-0.000,0.183,-0.500,-0.388,21.793,-0.418,16.676,20.578,14.950,0.811,0.134,-0.002,-0.046,-0.058,-1.087,-0.000,-0.004,20.319,0.001,15.629,19.139,14.111
5.616,9.574,-0.001,0.984,0.000,-0.001,0.177,-0.500,-0.388,21.997,-0.418,16.832,20.770,15.091,0.813,0.125,0.000,-0.041,-0.050,-1.089,-0.000,-0.003,20.338,0.001,15.609,19.206,14.115
5.624,9.575,-0.001,0.985,0.000,-0.001,0.172,-0.500,-0.388,22.200,-0.418,16.988,20.962,15.232,0.815,0.117,0.002,-0.037,-0.041,-1.089,0.000,-0.002,20.350,0.001,15.590,19.263,14.127
5.632,9.576,-0.001,0.986,0.000,-0.001,0.167,-0.500,-0.388,22.404,-0.418,17.144,21.155,15.373,0.817,0.109,0.003,-0.032,-0.031,-1.087,0.000,-0.002,20.359,0.002,15.574,19.310,14.148
5.641,9.577,-0.001,0.987,-0.000,-0.001,0.161,-0.500,-0.388,22.607,-0.418,17.299,21.348,15.515,0.819,0.101,0.004,-0.028,-0.025,-1.083,0.001,-0.002,20.367,0.002,15.563,19.350,14.178
5.649,9.578,-0.001,0.988,-0.000,-0.001,0.156,-0.500,-0.388,22.811,-0.418,17.455,21.542,15.657,0.821,0.093,0.005,-0.024,-0.023,-1.079,0.000,-0.002,20.376,0.003,15.555,19.384,14.214
5.657,9.579,-0.001,0.989,-0.000,-0.001,0.151,-0.500,-0.388,23.015,-0.418,17.610,21.736,15.799,0.823,0.086,0.006,-0.021,-0.026,-1.076,0.000,-0.003,20.388,0.003,15.549,19.419,14.251
5.665,9.580,-0.001,0.989,-0.000,-0.002,0.145,-0.500,-0.388,23.219,-0.418,17.766,21.930,15.942,0.826,0.077,0.007,-0.018,-0.033,-1.076,0.000,-0.004,20.404,0.003,15.541,19.457,14.286
5.674,9.580,-0.001,0.990,-0.000,-0.002,0.140,-0.500,-0.388,23.423,-0.418,17.921,22.125,16.085,0.829,0.069,0.008,-0.013,-0.042,-1.078,-0.000,-0.006,20.417,0.002,15.531,19.499,14.318
5.682,9.581,-0.001,0.991,-0.000,-0.002,0.135,-0.500,-0.388,23.627,-0.418,18.076,22.320,16.228,0.831,0.060,0.009,-0.007,-0.052,-1.081,-0.001,-0.007,20.425,0.002,15.518,19.546,14.346
5.690,9.582,-0.001,0.992,-0.000,-0.002,0.129,-0.500,-0.388,23.831,-0.418,18.232,22.516,16.372,0.834,0.050,0.011,0.001,-0.060,-1.088,-0.001,-0.008,20.427,0.001,15.501,19.597,14.368
5.699,9.582,-0.000,0.992,-0.000,-0.003,0.124,-0.500,-0.388,24.036,-0.418,18.386,22.712,16.516,0.836,0.040,0.012,0.008,-0.063,-1.096,-0.002,-0.009,20.421,-0.001,15.480,19.648,14.384
5.707,9.582,-0.000,0.993,-0.000,-0.003,0.119,-0.500,-0.388,24.240,-0.418,18.541,22.909,16.659,0.838,0.030,0.012,0.016,-0.059,-1.105,-0.002,-0.008,20.406,-0.002,15.457,19.696,14.395
5.715,9.583,-0.000,0.994,-0.000,-0.003,0.113,-0.500,-0.389,24.444,-0.418,18.696,23.106,16.803,0.840,0.020,0.012,0.023,-0.046,-1.113,-0.002,-0.006,20.384,-0.004,15.437,19.734,14.403
5.724,9.583,-0.000,0.994,0.000,-0.003,0.107,-0.500,-0.389,24.647,-0.418,18.850,23.304,16.947,0.842,0.010,0.011,0.030,-0.023,-1.121,-0.002,-0.003,20.358,-0.005,15.422,19.758,14.405
5.732,9.583,-0.000,0.995,0.000,-0.003,0.102,-0.500,-0.389,24.851,-0.418,19.004,23.501,17.092,0.843,0.000,0.010,0.035,0.009,-1.128,-0.001,0.001,20.336,-0.006,15.416,19.763,14.401
5.741,9.583,0.000,0.995,0.001,-0.003,0.096,-0.500,-0.389,25.054,-0.418,19.158,23.699,17.235,0.844,-0.010,0.007,0.039,0.046,-1.134,-0.001,0.005,20.324,-0.007,15.424,19.748,14.390
5.749,9.583,0.000,0.996,0.001,-0.003,0.091,-0.500,-0.388,25.257,-0.418,19.313,23.896,17.379,0.845,-0.019,0.004,0.039,0.083,-1.137,-0.000,0.008,20.325,-0.007,15.448,19.712,14.378
5.758,9.582,0.000,0.996,0.001,-0.002,0.085,-0.500,-0.388,25.461,-0.418,19.467,24.093,17.523,0.846,-0.029,0.002,0.035,0.116,-1.137,0.000,0.011,20.343,-0.007,15.491,19.657,14.367
5.766,9.582,0.000,0.997,0.001,-0.002,0.079,-0.500,-0.388,25.664,-0.418,19.623,24.289,17.667,0.847,-0.037,-0.001,0.026,0.140,-1.133,0.001,0.013,20.380,-0.006,15.553,19.588,14.357
5.774,9.582,0.000,0.997,0.001,-0.001,0.074,-0.500,-0.388,25.868,-0.418,19.778,24.485,17.810,0.847,-0.046,-0.003,0.014,0.153,-1.129,0.001,0.014,20.437,-0.005,15.629,19.512,14.346
5.783,9.581,0.000,0.998,0.001,-0.000,0.068,-0.500,-0.388,26.073,-0.418,19.935,24.680,17.954,0.847,-0.055,-0.005,-0.002,0.154,-1.124,0.001,0.014,20.513,-0.004,15.711,19.438,14.329
5.791,9.581,0.000,0.998,0.001,0.001,0.062,-0.500,-0.388,26.279,-0.418,20.093,24.874,18.097,0.847,-0.064,-0.006,-0.018,0.144,-1.121,0.001,0.012,20.605,-0.003,15.794,19.375,14.304
5.800,9.580,-0.000,0.998,0.001,0.001,0.057,-0.500,-0.388,26.485,-0.418,20.251,25.067,18.240,0.847,-0.074,-0.007,-0.033,0.123,-1.121,0.001,0.010,20.711,-0.001,15.868,19.329,14.269
5.808,9.579,-0.000,0.999,0.000,0.002,0.051,-0.500,-0.388,26.693,-0.418,20.410,25.260,18.382,0.846,-0.084,-0.007,-0.046,0.094,-1.124,0.001,0.007,20.827,0.000,15.927,19.302,14.224
5.817,9.578,-0.000,0.999,0.000,0.002,0.046,-0.500,-0.388,26.902,-0.418,20.569,25.453,18.524,0.845,-0.095,-0.007,-0.055,0.059,-1.129,0.001,0.003,20.943,0.002,15.967,19.298,14.173
5.825,9.577,-0.000,0.999,-0.000,0.002,0.040,-0.500,-0.388,27.112,-0.418,20.729,25.646,18.666,0.844,-0.106,-0.007,-0.062,0.022,-1.136,0.000,-0.001,21.047,0.003,15.990,19.317,14.123
5.834,9.576,-0.000,0.999,-0.000,0.002,0.034,-0.500,-0.388,27.323,-0.418,20.889,25.840,18.807,0.842,-0.117,-0.006,-0.069,-0.016,-1.145,0.000,-0.004,21.134,0.003,16.019,19.355,14.070
5.842,9.575,-0.000,1.000,-0.001,0.002,0.029,-0.500,-0.388,27.534,-0.418,21.050,26.033,18.947,0.839,-0.129,-0.005,-0.073,-0.046,-1.155,-0.000,-0.006,21.200,0.004,16.040,19.412,14.018
5.850,9.574,-0.000,1.000,-0.001,0.002,0.023,-0.500,-0.388,27.747,-0.418,21.210,26.228,19.087,0.837,-0.140,-0.006,-0.071,-0.064,-1.167,-0.000,-0.007,21.248,0.004,16.043,19.481,13.968
5.859,9.572,-0.000,1.000,-0.002,0.001,0.017,-0.500,-0.388,27.959,-0.418,21.370,26.423,19.226,0.833,-0.152,-0.006,-0.061,-0.070,-1.179,0.000,-0.007,21.279,0.004,16.029,19.558,13.922
5.867,9.571,-0.001,1.000,-0.002,0.001,0.011,-0.500,-0.388,28.172,-0.418,21.531,26.619,19.365,0.830,-0.163,-0.007,-0.043,-0.067,-1.188,0.000,-0.006,21.297,0.004,16.002,19.635,13.891
5.875,9.569,-0.001,1.000,-0.002,0.001,0.005,-0.500,-0.388,28.385,-0.418,21.690,26.816,19.504,0.827,-0.174,-0.008,-0.022,-0.059,-1.193,0.000,-0.005,21.304,0.003,15.968,19.706,13.879
5.884,9.567,-0.001,1.000,-0.002,0.001,-0.001,-0.500,-0.388,28.598,-0.418,21.850,27.013,19.643,0.824,-0.184,-0.008,0.002,-0.048,-1.195,-0.000,-0.004,21.305,0.002,15.933,19.766,13.888
5.892,9.565,-0.001,1.000,-0.002,0.000,-0.007,-0.500,-0.388,28.811,-0.418,22.009,27.211,19.782,0.821,-0.193,-0.008,0.026,-0.037,-1.194,-0.000,-0.003,21.301,0.001,15.901,19.813,13.916
5.900,9.563,-0.001,1.000,-0.002,0.000,-0.013,-0.500,-0.388,29.024,-0.418,22.168,27.409,19.921,0.819,-0.203,-0.007,0.046,-0.030,-1.190,-0.000,-0.003,21.294,0.000,15.878,19.848,13.959
5.908,9.561,-0.001,1.000,-0.001,-0.000,-0.019,-0.500,-0.388,29.237,-0.418,22.327,27.608,20.061,0.817,-0.211,-0.006,0.061,-0.028,-1.186,-0.001,-0.004,21.284,-0.000,15.867,19.872,14.015
5.916,9.559,-0.001,1.000,-0.001,-0.000,-0.025,-0.500,-0.388,29.450,-0.418,22.485,27.807,20.202,0.815,-0.220,-0.003,0.070,-0.032,-1.181,-0.001,-0.006,21.268,-0.001,15.871,19.889,14.080
5.925,9.557,-0.001,1.000,-0.001,-0.000,-0.031,-0.500,-0.388,29.662,-0.418,22.644,28.006,20.343,0.813,-0.229,0.000,0.071,-0.043,-1.178,-0.001,-0.007,21.246,-0.001,15.889,19.905,14.146
5.933,9.554,-0.001,0.999,-0.000,-0.001,-0.037,-0.500,-0.388,29.875,-0.418,22.803,28.205,20.485,0.811,-0.239,0.003,0.067,-0.055,-1.178,-0.001,-0.009,21.216,-0.000,15.916,19.922,14.204
5.941,9.552,-0.001,0.999,-0.000,-0.001,-0.042,-0.500,-0.388,30.087,-0.418,22.962,28.404,20.627,0.809,-0.249,0.006,0.058,-0.067,-1.183,-0.001,-0.010,21.180,0.000,15.943,19.946,14.250
5.949,9.549,-0.001,0.999,0.000,-0.001,-0.048,-0.418,-0.338,30.299,-0.334,23.123,28.604,20.769,0.809,-0.259,0.010,0.041,-0.089,-1.187,14.173,8.908,21.122,14.877,16.108,20.018,14.330
5.957,9.547,-0.001,0.999,0.000,-0.002,-0.054,-0.279,-0.246,30.508,-0.188,23.284,28.804,20.915,0.822,-0.243,0.011,0.035,-0.098,-1.034,10.730,7.745,20.680,11.341,16.204,19.962,14.883
5.965,9.545,-0.001,0.998,0.000,-0.002,-0.059,-0.250,-0.220,30.712,-0.157,23.447,29.003,21.068,0.836,-0.218,0.011,0.036,-0.085,-0.816,-4.674,-2.796,20.135,-5.361,16.293,19.755,15.618
5.974,9.542,-0.001,0.998,0.001,-0.003,-0.062,-0.347,-0.288,30.912,-0.274,23.610,29.200,21.226,0.839,-0.219,0.009,0.020,-0.055,-0.761,-12.269,-9.121,19.931,-15.555,16.346,19.681,15.926
5.982,9.540,-0.000,0.998,0.001,-0.003,-0.067,-0.437,-0.361,31.112,-0.405,23.773,29.397,21.384,0.829,-0.248,0.006,0.019,-0.020,-0.890,-4.613,-4.600,20.098,-8.941,16.296,19.811,15.669
5.990,9.537,-0.000,0.997,0.001,-0.003,-0.071,-0.431,-0.371,31.314,-0.434,23.936,29.596,21.539,0.816,-0.280,0.005,0.016,0.005,-1.052,5.134,2.342,20.365,2.828,16.185,20.007,15.236
5.998,9.535,-0.000,0.997,0.001,-0.003,-0.077,-0.357,-0.327,31.518,-0.371,24.097,29.797,21.690,0.814,-0.293,0.004,0.014,0.024,-1.088,8.127,5.448,20.465,7.941,16.119,20.105,15.125
6.007,9.532,-0.000,0.997,0.001,-0.003,-0.082,-0.302,-0.286,31.722,-0.314,24.259,29.998,21.843,0.821,-0.287,0.005,0.015,0.028,-0.996,2.169,2.156,20.358,2.474,16.192,20.034,15.391
6.015,9.529,-0.000,0.996,0.001,-0.003,-0.087,-0.320,-0.292,31.925,-0.333,24.421,30.197,21.998,0.826,-0.284,0.007,0.008,0.029,-0.917,-5.016,-2.967,20.265,-5.535,16.331,19.920,15.653
6.023,9.526,-0.000,0.996,0.001,-0.002,-0.091,-0.378,-0.330,32.128,-0.402,24.585,30.397,22.155,0.823,-0.297,0.007,-0.014,0.039,-0.952,-4.945,-3.454,20.340,-6.358,16.349,19.929,15.630
6.031,9.523,-0.000,0.995,0.001,-0.002,-0.096,-0.400,-0.348,32.333,-0.437,24.748,30.596,22.310,0.815,-0.320,0.004,-0.045,0.063,-1.047,0.285,-0.198,20.533,-0.842,16.237,20.013,15.440
6.039,9.520,-0.000,0.995,0.001,-0.002,-0.102,-0.377,-0.336,32.539,-0.420,24.910,30.797,22.464,0.810,-0.335,0.002,-0.053,0.079,-1.096,3.749,2.332,20.712,3.543,16.147,20.062,15.322
6.047,9.516,-0.000,0.994,0.001,-0.001,-0.107,-0.342,-0.311,32.747,-0.384,25.071,30.997,22.617,0.811,-0.340,-0.001,-0.034,0.075,-1.073,2.616,2.028,20.807,2.930,16.176,20.037,15.343
6.056,9.513,-0.000,0.994,0.000,-0.001,-0.112,-0.334,-0.302,32.955,-0.373,25.233,31.197,22.771,0.811,-0.343,-0.004,-0.023,0.069,-1.034,-0.945,-0.282,20.854,-0.830,16.284,19.978,15.434
6.064,9.509,-0.000,0.993,0.000,-0.001,-0.117,-0.350,-0.311,33.164,-0.389,25.397,31.397,22.925,0.809,-0.352,-0.007,-0.030,0.067,-1.031,-1.857,-1.140,20.941,-1.935,16.352,19.965,15.461
6.072,9.506,-0.000,0.992,0.000,-0.000,-0.123,-0.362,-0.319,33.374,-0.401,25.560,31.597,23.080,0.805,-0.363,-0.010,-0.042,0.064,-1.047,-0.501,-0.422,21.072,-0.490,16.378,19.993,15.441
6.080,9.502,-0.000,0.992,0.000,0.000,-0.128,-0.363,-0.321,33.585,-0.402,25.724,31.797,23.234,0.801,-0.374,-0.013,-0.047,0.056,-1.060,0.252,0.084,21.210,0.156,16.413,20.035,15.407
6.088,9.498,-0.000,0.991,-0.000,0.000,-0.133,-0.359,-0.319,33.798,-0.399,25.889,31.997,23.388,0.797,-0.383,-0.014,-0.046,0.042,-1.065,0.446,0.255,21.326,0.361,16.463,20.087,15.384
6.096,9.494,-0.001,0.990,-0.000,0.001,-0.138,-0.355,-0.316,34.012,-0.395,26.054,32.199,23.542,0.793,-0.392,-0.012,-0.041,0.027,-1.065,0.326,0.235,21.417,0.354,16.520,20.147,15.371
6.104,9.490,-0.001,0.990,-0.001,0.001,-0.144,-0.352,-0.315,34.226,-0.392,26.219,32.400,23.696,0.790,-0.400,-0.010,-0.042,0.018,-1.062,0.141,0.128,21.479,0.277,16.576,20.210,15.362
6.112,9.486,-0.001,0.989,-0.001,0.001,-0.149,-0.352,-0.314,34.441,-0.390,26.385,32.603,23.849,0.786,-0.408,-0.007,-0.047,0.017,-1.058,0.025,0.050,21.520,0.199,16.625,20.273,15.353
6.119,9.482,-0.001,0.988,-0.001,0.001,-0.154,-0.352,-0.313,34.657,-0.388,26.552,32.806,24.003,0.782,-0.416,-0.005,-0.052,0.019,-1.055,-0.024,0.017,21.550,0.139,16.667,20.335,15.340
6.127,9.478,-0.001,0.987,-0.001,0.001,-0.159,-0.352,-0.313,34.872,-0.387,26.718,33.009,24.156,0.778,-0.423,-0.004,-0.054,0.023,-1.052,-0.034,0.004,21.579,0.096,16.703,20.394,15.322
6.135,9.474,-0.001,0.986,-0.001,0.001,-0.165,-0.352,-0.313,35.088,-0.386,26.886,33.214,24.309,0.774,-0.431,-0.002,-0.051,0.027,-1.050,-0.027,-0.000,21.610,0.067,16.733,20.447,15.300
6.143,9.469,-0.001,0.985,-0.002,0.001,-0.170,-0.353,-0.313,35.304,-0.386,27.053,33.418,24.462,0.770,-0.439,-0.000,-0.043,0.028,-1.049,-0.017,-0.003,21.642,0.047,16.760,20.495,15.277
6.150,9.465,-0.001,0.985,-0.002,0.002,-0.175,-0.353,-0.313,35.521,-0.385,27.221,33.624,24.615,0.766,-0.448,0.002,-0.029,0.026,-1.049,-0.008,-0.005,21.676,0.033,16.786,20.536,15.257
6.158,9.460,-0.001,0.984,-0.002,0.002,-0.180,-0.353,-0.313,35.738,-0.385,27.389,33.829,24.767,0.762,-0.456,0.003,-0.010,0.018,-1.050,-0.002,-0.008,21.707,0.023,16.812,20.572,15.244
6.166,9.456,-0.001,0.983,-0.002,0.002,-0.185,-0.353,-0.314,35.955,-0.385,27.557,34.035,24.920,0.759,-0.465,0.005,0.011,0.006,-1.052,-0.000,-0.012,21.731,0.016,16.840,20.604,15.242
6.173,9.451,-0.001,0.982,-0.002,0.002,-0.190,-0.353,-0.314,36.173,-0.385,27.726,34.241,25.072,0.755,-0.474,0.006,0.033,-0.011,-1.054,-0.001,-0.022,21.743,0.012,16.869,20.636,15.253
6.181,9.446,-0.001,0.981,-0.002,0.001,-0.196,-0.353,-0.314,36.390,-0.384,27.894,34.448,25.225,0.752,-0.483,0.007,0.053,-0.031,-1.057,-0.003,-0.029,21.741,0.008,16.903,20.670,15.275
6.188,9.441,-0.001,0.980,-0.001,0.001,-0.201,-0.353,-0.314,36.607,-0.384,28.064,34.655,25.378,0.748,-0.492,0.007,0.067,-0.050,-1.062,-0.004,-0.023,21.728,0.006,16.937,20.707,15.309
6.196,9.437,-0.001,0.979,-0.001,0.001,-0.206,-0.353,-0.314,36.824,-0.384,28.233,34.862,25.531,0.745,-0.502,0.006,0.076,-0.066,-1.067,-0.003,-0.016,21.701,0.004,16.970,20.748,15.354
6.203,9.431,-0.001,0.977,-0.001,0.000,-0.211,-0.353,-0.315,37.041,-0.384,28.403,35.070,25.685,0.741,-0.511,0.005,0.082,-0.074,-1.072,-0.002,-0.011,21.662,0.003,17.000,20.790,15.410
6.210,9.426,-0.001,0.976,-0.000,-0.000,-0.216,-0.353,-0.315,37.258,-0.384,28.573,35.278,25.839,0.736,-0.521,0.003,0.085,-0.071,-1.076,-0.001,-0.007,21.615,0.002,17.028,20.829,15.474
6.218,9.421,-0.001,0.975,-0.000,-0.000,-0.222,-0.353,-0.315,37.474,-0.384,28.744,35.486,25.994,0.732,-0.529,-0.000,0.086,-0.058,-1.077,0.000,-0.003,21.565,0.002,17.053,20.860,15.545
6.225,9.416,-0.001,0.974,0.000,-0.001,-0.227,-0.353,-0.315,37.689,-0.384,28.914,35.695,26.150,0.727,-0.538,-0.003,0.084,-0.036,-1.078,0.001,0.002,21.525,0.001,17.071,20.881,15.618
6.232,9.410,-0.001,0.973,0.001,-0.001,-0.232,-0.353,-0.315,37.904,-0.384,29.085,35.904,26.307,0.722,-0.546,-0.005,0.078,-0.010,-1.079,0.003,0.008,21.501,0.001,17.091,20.887,15.687
6.240,9.405,-0.001,0.971,0.001,-0.001,-0.237,-0.353,-0.314,38.119,-0.384,29.256,36.113,26.464,0.717,-0.554,-0.005,0.064,0.013,-1.078,0.006,0.020,21.496,0.002,17.115,20.876,15.753
6.247,9.399,-0.001,0.970,0.001,-0.001,-0.243,-0.353,-0.314,38.334,-0.384,29.427,36.321,26.622,0.711,-0.562,-0.004,0.042,0.029,-1.075,0.010,0.036,21.510,0.003,17.141,20.847,15.814
6.254,9.394,-0.001,0.969,0.001,-0.001,-0.248,-0.353,-0.314,38.549,-0.384,29.599,36.529,26.780,0.706,-0.569,-0.002,0.018,0.039,-1.073,0.012,0.051,21.542,0.004,17.163,20.804,15.865
6.261,9.388,-0.001,0.967,0.002,-0.001,-0.253,-0.352,-0.313,38.765,-0.384,29.771,36.737,26.939,0.701,-0.576,0.001,0.003,0.041,-1.069,0.009,0.057,21.581,0.003,17.179,20.753,15.909
6.268,9.382,-0.001,0.966,0.002,-0.000,-0.258,-0.352,-0.313,38.981,-0.384,29.942,36.944,27.098,0.696,-0.584,0.003,-0.007,0.036,-1.065,0.004,0.044,21.631,0.002,17.188,20.699,15.946
6.275,9.376,-0.001,0.965,0.002,-0.000,-0.263,-0.352,-0.312,39.198,-0.384,30.114,37.151,27.258,0.691,-0.591,0.005,-0.018,0.026,-1.061,0.000,0.022,21.684,0.001,17.188,20.649,15.976
6.282,9.370,-0.001,0.963,0.001,-0.000,-0.268,-0.352,-0.312,39.415,-0.384,30.286,37.357,27.418,0.686,-0.598,0.006,-0.031,0.012,-1.058,-0.001,0.010,21.735,0.000,17.181,20.610,15.999
6.288,9.364,-0.001,0.962,0.001,-0.000,-0.273,-0.352,-0.312,39.632,-0.384,30.458,37.563,27.578,0.681,-0.606,0.006,-0.045,-0.003,-1.057,-0.001,0.004,21.782,-0.000,17.166,20.590,16.018
6.295,9.358,-0.000,0.960,0.001,-0.000,-0.279,-0.352,-0.312,39.850,-0.384,30.629,37.769,27.738,0.675,-0.614,0.005,-0.059,-0.019,-1.056,-0.001,0.000,21.824,-0.000,17.145,20.592,16.031
6.302,9.352,-0.000,0.959,0.001,-0.000,-0.284,-0.352,-0.312,40.069,-0.384,30.801,37.975,27.898,0.670,-0.622,0.003,-0.072,-0.034,-1.057,-0.001,-0.002,21.861,-0.000,17.118,20.617,16.040
6.309,9.346,-0.000,0.957,0.000,-0.000,-0.289,-0.352,-0.312,40.288,-0.384,30.972,38.182,28.059,0.663,-0.630,-0.000,-0.083,-0.043,-1.059,-0.001,-0.003,21.892,-0.000,17.086,20.663,16.044
6.315,9.339,-0.000,0.956,-0.000,-0.000,-0.294,-0.352,-0.312,40.507,-0.384,31.142,38.389,28.219,0.657,-0.637,-0.003,-0.089,-0.048,-1.060,-0.001,-0.004,21.920,0.000,17.050,20.726,16.045
6.322,9.333,-0.000,0.954,-0.001,-0.000,-0.299,-0.352,-0.312,40.726,-0.384,31.313,38.596,28.380,0.649,-0.645,-0.007,-0.089,-0.048,-1.061,-0.001,-0.005,21.951,0.000,17.013,20.801,16.040
6.328,9.326,-0.001,0.953,-0.001,-0.000,-0.304,-0.352,-0.312,40.946,-0.384,31.483,38.805,28.540,0.642,-0.651,-0.009,-0.082,-0.043,-1.063,-0.001,-0.005,21.981,-0.000,16.978,20.882,16.032
6.335,9.320,-0.001,0.951,-0.002,-0.001,-0.309,-0.352,-0.312,41.166,-0.384,31.652,39.014,28.700,0.634,-0.658,-0.010,-0.066,-0.034,-1.065,-0.001,-0.005,22.006,-0.000,16.950,20.966,16.021
6.341,9.313,-0.001,0.949,-0.002,-0.001,-0.314,-0.352,-0.312,41.386,-0.384,31.822,39.224,28.860,0.626,-0.664,-0.010,-0.045,-0.023,-1.066,-0.001,-0.005,22.028,-0.001,16.930,21.044,16.008
6.347,9.307,-0.001,0.948,-0.002,-0.001,-0.319,-0.352,-0.312,41.606,-0.384,31.991,39.435,29.020,0.618,-0.670,-0.009,-0.021,-0.009,-1.068,-0.002,-0.006,22.044,-0.001,16.921,21.110,15.994
6.353,9.300,-0.001,0.946,-0.002,-0.001,-0.324,-0.352,-0.313,41.827,-0.384,32.160,39.646,29.180,0.610,-0.676,-0.007,0.003,0.006,-1.070,-0.002,-0.007,22.055,-0.002,16.926,21.161,15.981
6.359,9.293,-0.001,0.944,-0.002,-0.001,-0.329,-0.353,-0.313,42.047,-0.384,32.330,39.858,29.340,0.602,-0.683,-0.004,0.026,0.018,-1.071,-0.003,-0.010,22.057,-0.002,16.943,21.196,15.971
6.365,9.286,-0.001,0.942,-0.002,-0.001,-0.334,-0.353,-0.313,42.268,-0.384,32.499,40.070,29.500,0.595,-0.689,-0.001,0.046,0.026,-1.073,-0.003,-0.016,22.051,-0.002,16.975,21.215,15.965
6.371,9.279,-0.001,0.941,-0.002,-0.001,-0.339,-0.353,-0.313,42.488,-0.384,32.669,40.282,29.659,0.588,-0.695,0.002,0.061,0.028,-1.074,-0.005,-0.028,22.034,-0.002,17.019,21.222,15.961
6.377,9.272,-0.001,0.939,-0.001,-0.001,-0.344,-0.353,-0.313,42.708,-0.384,32.840,40.494,29.819,0.581,-0.702,0.005,0.069,0.025,-1.076,-0.006,-0.042,22.007,-0.002,17.070,21.221,15.958
6.383,9.265,-0.001,0.937,-0.001,-0.001,-0.349,-0.353,-0.314,42.928,-0.384,33.010,40.707,29.979,0.573,-0.709,0.007,0.069,0.020,-1.079,-0.006,-0.048,21.971,-0.001,17.126,21.216,15.953
6.389,9.258,-0.001,0.935,-0.000,-0.001,-0.354,-0.353,-0.314,43.148,-0.384,33.182,40.919,30.138,0.566,-0.716,0.009,0.056,0.011,-1.084,-0.004,-0.032,21.936,-0.001,17.177,21.213,15.939
6.394,9.251,-0.001,0.933,-0.000,-0.001,-0.360,-0.353,-0.314,43.367,-0.384,33.354,41.131,30.297,0.558,-0.724,0.011,0.034,0.004,-1.092,-0.002,-0.016,21.907,0.000,17.213,21.218,15.918
6.400,9.244,-0.001,0.931,-0.000,-0.001,-0.365,-0.353,-0.314,43.586,-0.384,33.526,41.343,30.456,0.551,-0.732,0.011,0.009,0.001,-1.099,-0.000,-0.006,21.884,0.001,17.238,21.227,15.892
6.405,9.236,-0.001,0.929,-0.000,-0.001,-0.370,-0.353,-0.315,43.805,-0.384,33.699,41.555,30.615,0.543,-0.739,0.010,-0.016,0.005,-1.105,0.001,0.001,21.867,0.002,17.255,21.237,15.862
6.411,9.229,-0.000,0.927,-0.000,-0.001,-0.375,-0.353,-0.314,44.023,-0.384,33.871,41.768,30.774,0.535,-0.746,0.008,-0.033,0.017,-1.108,0.002,0.006,21.858,0.002,17.271,21.242,15.831
6.416,9.221,-0.000,0.925,-0.000,-0.000,-0.380,-0.353,-0.314,44.242,-0.384,34.044,41.980,30.932,0.528,-0.752,0.004,-0.040,0.038,-1.108,0.004,0.012,21.858,0.002,17.291,21.237,15.800
6.421,9.214,-0.000,0.923,-0.000,-0.000,-0.385,-0.353,-0.314,44.460,-0.384,34.217,42.193,31.090,0.520,-0.758,0.000,-0.034,0.064,-1.105,0.007,0.025,21.873,0.002,17.305,21.218,15.773
6.426,9.206,-0.000,0.921,-0.000,0.000,-0.390,-0.353,-0.314,44.679,-0.384,34.390,42.405,31.247,0.512,-0.764,-0.003,-0.019,0.090,-1.101,0.009,0.040,21.910,0.002,17.310,21.185,15.752
6.431,9.199,-0.000,0.919,-0.000,0.001,-0.395,-0.353,-0.313,44.899,-0.384,34.563,42.616,31.405,0.504,-0.769,-0.005,0.002,0.110,-1.098,0.009,0.056,21.969,0.002,17.324,21.136,15.733
6.436,9.191,-0.000,0.916,0.000,0.001,-0.400,-0.352,-0.313,45.119,-0.384,34.737,42.827,31.562,0.496,-0.775,-0.006,0.020,0.115,-1.095,0.007,0.064,22.045,0.002,17.351,21.073,15.725
6.441,9.183,-0.001,0.914,0.000,0.002,-0.405,-0.352,-0.312,45.340,-0.384,34.910,43.038,31.719,0.488,-0.780,-0.005,0.028,0.102,-1.090,0.005,0.044,22.131,0.001,17.394,21.003,15.730
6.446,9.175,-0.001,0.912,0.001,0.002,-0.410,-0.352,-0.312,45.561,-0.384,35.085,43.247,31.877,0.481,-0.786,-0.003,0.034,0.077,-1.087,0.002,0.022,22.216,0.000,17.444,20.932,15.744
6.451,9.167,-0.001,0.910,0.001,0.002,-0.415,-0.352,-0.312,45.784,-0.384,35.259,43.456,32.034,0.473,-0.791,-0.002,0.042,0.049,-1.085,0.000,0.009,22.292,0.000,17.491,20.867,15.765
6.456,9.159,-0.001,0.907,0.001,0.002,-0.420,-0.352,-0.312,46.007,-0.384,35.434,43.665,32.192,0.464,-0.797,-0.002,0.047,0.018,-1.084,-0.001,0.001,22.351,-0.000,17.533,20.816,15.795
6.460,9.151,-0.001,0.905,0.001,0.002,-0.425,-0.352,-0.312,46.231,-0.384,35.610,43.873,32.350,0.456,-0.803,-0.002,0.047,-0.014,-1.083,-0.002,-0.005,22.394,-0.000,17.569,20.784,15.836
6.465,9.143,-0.001,0.903,0.002,0.002,-0.430,-0.352,-0.312,46.455,-0.384,35.786,44.080,32.509,0.448,-0.808,-0.002,0.038,-0.046,-1.083,-0.002,-0.009,22.420,-0.000,17.594,20.775,15.885
6.469,9.135,-0.001,0.900,0.002,0.002,-0.435,-0.352,-0.312,46.679,-0.384,35.962,44.288,32.668,0.439,-0.814,-0.003,0.021,-0.075,-1.083,-0.002,-0.010,22.429,0.000,17.604,20.790,15.940
6.473,9.127,-0.001,0.898,0.001,0.001,-0.440,-0.352,-0.312,46.904,-0.384,36.138,44.496,32.827,0.431,-0.819,-0.003,-0.003,-0.096,-1.082,-0.002,-0.011,22.424,0.001,17.597,20.829,15.998
6.478,9.119,-0.001,0.896,0.001,0.001,-0.445,-0.352,-0.312,47.128,-0.384,36.314,44.705,32.988,0.422,-0.824,-0.004,-0.032,-0.110,-1.082,-0.001,-0.010,22.409,0.001,17.570,20.888,16.052
6.482,9.111,-0.001,0.893,0.001,0.001,-0.449,-0.352,-0.312,47.352,-0.384,36.489,44.914,33.148,0.413,-0.828,-0.004,-0.060,-0.115,-1.081,-0.001,-0.009,22.388,0.001,17.523,20.963,16.100
6.486,9.102,-0.001,0.891,0.000,0.000,-0.454,-0.352,-0.312,47.575,-0.384,36.664,45.124,33.310,0.403,-0.832,-0.003,-0.082,-0.112,-1.080,-0.001,-0.008,22.365,0.001,17.459,21.049,16.138
6.490,9.094,-0.001,0.888,-0.001,-0.000,-0.459,-0.352,-0.312,47.799,-0.384,36.838,45.335,33.471,0.394,-0.836,-0.002,-0.094,-0.103,-1.079,-0.001,-0.007,22.343,0.001,17.383,21.140,16.164
6.494,9.086,-0.001,0.886,-0.001,-0.000,-0.464,-0.352,-0.312,48.022,-0.384,37.012,45.547,33.633,0.385,-0.839,-0.001,-0.094,-0.091,-1.078,-0.001,-0.007,22.322,0.000,17.299,21.230,16.178
6.498,9.077,-0.001,0.883,-0.002,-0.000,-0.469,-0.352,-0.313,48.245,-0.384,37.184,45.760,33.795,0.375,-0.843,0.001,-0.080,-0.078,-1.078,-0.002,-0.008,22.301,-0.000,17.217,21.314,16.182
6.501,9.069,-0.001,0.881,-0.002,-0.001,-0.473,-0.352,-0.313,48.468,-0.384,37.356,45.973,33.957,0.366,-0.846,0.003,-0.054,-0.065,-1.079,-0.002,-0.010,22.275,-0.001,17.143,21.386,16.181
6.505,9.060,-0.001,0.878,-0.003,-0.001,-0.478,-0.353,-0.313,48.691,-0.384,37.527,46.187,34.118,0.357,-0.850,0.005,-0.021,-0.054,-1.081,-0.004,-0.017,22.241,-0.002,17.083,21.445,16.180
6.509,9.052,-0.001,0.876,-0.003,-0.001,-0.483,-0.353,-0.313,48.913,-0.384,37.698,46.402,34.280,0.348,-0.854,0.007,0.014,-0.044,-1.083,-0.005,-0.029,22.197,-0.003,17.041,21.489,16.181
6.512,9.043,-0.001,0.873,-0.003,-0.001,-0.488,-0.353,-0.313,49.135,-0.384,37.868,46.617,34.442,0.339,-0.858,0.007,0.045,-0.034,-1.085,-0.006,-0.041,22.142,-0.003,17.017,21.519,16.187
6.515,9.035,-0.001,0.870,-0.003,-0.002,-0.492,-0.353,-0.314,49.356,-0.384,38.038,46.832,34.604,0.329,-0.862,0.007,0.070,-0.024,-1.088,-0.006,-0.043,22.079,-0.003,17.013,21.535,16.199
6.519,9.026,-0.001,0.868,-0.002,-0.002,-0.497,-0.353,-0.314,49.576,-0.384,38.208,47.048,34.766,0.320,-0.867,0.005,0.084,-0.014,-1.091,-0.005,-0.028,22.013,-0.003,17.027,21.541,16.215
6.522,9.017,-0.000,0.865,-0.002,-0.002,-0.502,-0.353,-0.314,49.796,-0.384,38.379,47.263,34.928,0.310,-0.871,0.003,0.089,-0.002,-1.094,-0.003,-0.015,21.948,-0.003,17.056,21.539,16.235
6.525,9.008,-0.000,0.862,-0.001,-0.002,-0.507,-0.353,-0.314,50.015,-0.384,38.550,47.479,35.091,0.301,-0.875,0.000,0.083,0.013,-1.096,-0.001,-0.006,21.892,-0.003,17.096,21.530,16.255
6.528,9.000,-0.000,0.859,-0.001,-0.002,-0.511,-0.353,-0.314,50.234,-0.384,38.721,47.694,35.253,0.291,-0.879,-0.003,0.070,0.030,-1.098,0.001,0.001,21.852,-0.002,17.143,21.516,16.270
6.531,8.991,-0.001,0.857,-0.001,-0.002,-0.516,-0.353,-0.314,50.453,-0.384,38.892,47.909,35.416,0.281,-0.882,-0.006,0.051,0.051,-1.099,0.003,0.009,21.831,-0.001,17.194,21.496,16.279
6.533,8.982,-0.001,0.854,-0.000,-0.002,-0.521,-0.353,-0.314,50.671,-0.384,39.065,48.124,35.579,0.271,-0.885,-0.008,0.030,0.072,-1.099,0.007,0.024,21.834,-0.000,17.248,21.468,16.280
6.536,8.973,-0.001,0.851,-0.000,-0.002,-0.525,-0.353,-0.314,50.889,-0.384,39.237,48.338,35.742,0.261,-0.887,-0.008,0.008,0.092,-1.098,0.010,0.042,21.859,0.001,17.302,21.430,16.272
6.539,8.964,-0.001,0.848,0.000,-0.002,-0.530,-0.353,-0.313,51.108,-0.384,39.411,48.552,35.904,0.252,-0.889,-0.007,-0.011,0.109,-1.096,0.011,0.063,21.907,0.002,17.354,21.381,16.253
6.541,8.955,-0.001,0.845,0.000,-0.001,-0.535,-0.352,-0.313,51.327,-0.384,39.584,48.766,36.067,0.242,-0.891,-0.005,-0.025,0.121,-1.094,0.010,0.077,21.973,0.003,17.402,21.321,16.223
6.543,8.947,-0.001,0.842,0.001,-0.000,-0.539,-0.352,-0.312,51.548,-0.384,39.759,48.979,36.229,0.233,-0.893,-0.002,-0.032,0.128,-1.091,0.009,0.053,22.053,0.004,17.445,21.249,16.182
6.546,8.938,-0.001,0.839,0.001,0.000,-0.544,-0.352,-0.312,51.769,-0.384,39.933,49.191,36.390,0.224,-0.895,0.001,-0.034,0.128,-1.090,0.004,0.027,22.140,0.003,17.483,21.170,16.133
6.548,8.929,-0.001,0.836,0.001,0.001,-0.548,-0.103,-0.138,51.989,-0.123,40.112,49.401,36.552,0.244,-0.887,0.009,0.011,0.092,-0.937,42.989,31.702,21.944,45.259,18.195,20.849,16.400
6.551,8.920,-0.001,0.835,0.001,0.001,-0.551,0.299,0.200,52.206,0.300,40.296,49.606,36.722,0.323,-0.857,0.044,0.108,-0.106,-0.377,28.862,28.187,21.289,31.757,18.590,19.909,17.530
6.554,8.912,0.000,0.834,0.001,-0.001,-0.551,0.367,0.281,52.415,0.436,40.483,49.798,36.903,0.393,-0.822,0.079,0.055,-0.312,0.161,-14.464,-13.295,20.673,-3.952,18.735,18.649,18.573
6.558,8.903,0.001,0.835,0.001,-0.002,-0.550,0.081,-0.005,52.621,0.260,40.670,49.981,37.090,0.394,-0.814,0.032,-0.043,-0.071,0.242,-35.964,-36.691,20.638,-26.837,18.691,17.959,18.737
6.562,8.895,0.001,0.836,0.001,-0.001,-0.549,-0.182,-0.283,52.828,0.029,40.857,50.159,37.276,0.383,-0.810,-0.025,-0.104,0.243,0.184,-11.862,-14.770,20.637,-14.165,18.705,17.685,18.502
6.566,8.887,0.000,0.836,0.001,0.001,-0.549,-0.118,-0.271,53.034,0.050,41.044,50.335,37.459,0.372,-0.807,-0.071,-0.124,0.494,0.112,21.539,15.120,20.656,16.320,18.796,17.589,18.182
6.570,8.879,-0.000,0.836,0.001,0.003,-0.549,0.139,-0.052,53.239,0.256,41.233,50.512,37.641,0.369,-0.823,-0.010,-0.091,0.056,0.056,23.711,23.433,20.265,19.562,18.922,17.894,18.234
6.574,8.871,-0.000,0.837,0.001,0.002,-0.548,0.251,0.088,53.438,0.355,41.423,50.690,37.826,0.408,-0.817,0.032,-0.092,-0.253,0.281,-2.210,2.521,19.451,-0.703,19.133,17.679,18.784
6.578,8.863,0.000,0.838,-0.000,0.001,-0.546,0.118,-0.001,53.629,0.252,41.615,50.866,38.016,0.424,-0.815,0.030,-0.070,-0.283,0.372,-20.676,-16.854,18.798,-17.217,19.225,17.587,19.095
6.582,8.855,0.000,0.838,-0.001,0.001,-0.545,-0.062,-0.153,53.816,0.082,41.807,51.042,38.206,0.408,-0.812,-0.015,-0.038,-0.028,0.282,-11.648,-10.175,18.702,-13.451,19.244,17.648,18.863
6.586,8.846,-0.000,0.839,-0.001,0.001,-0.544,-0.068,-0.162,54.003,0.040,42.000,51.220,38.393,0.382,-0.815,-0.043,0.004,0.128,0.115,9.500,7.810,18.772,4.715,19.211,17.905,18.441
6.590,8.838,-0.000,0.839,-0.001,0.001,-0.544,0.075,-0.031,54.192,0.137,42.191,51.401,38.576,0.369,-0.824,-0.026,0.041,0.003,0.016,15.419,15.404,18.898,11.604,19.048,18.242,18.293
6.593,8.830,-0.001,0.839,-0.001,0.001,-0.544,0.169,0.081,54.380,0.211,42.382,51.583,38.760,0.396,-0.815,-0.005,0.026,-0.136,0.176,2.090,5.172,18.660,1.974,19.125,18.108,18.689
6.598,8.822,-0.001,0.840,-0.001,0.000,-0.543,0.115,0.059,54.565,0.170,42.574,51.763,38.949,0.419,-0.805,0.007,0.008,-0.202,0.313,-11.025,-8.057,18.323,-8.970,19.319,17.903,19.073
6.602,8.814,-0.000,0.841,-0.001,-0.001,-0.541,0.004,-0.031,54.747,0.070,42.768,51.942,39.141,0.413,-0.807,0.005,0.016,-0.175,0.272,-8.833,-7.595,18.212,-9.004,19.267,18.010,19.126
6.606,8.806,-0.000,0.841,-0.002,-0.001,-0.540,-0.024,-0.058,54.930,0.027,42.958,52.124,39.331,0.395,-0.817,-0.000,0.016,-0.115,0.138,3.255,2.410,18.269,0.724,18.896,18.344,18.976
6.610,8.798,-0.000,0.842,-0.002,-0.002,-0.540,0.048,0.005,55.113,0.073,43.146,52.308,39.521,0.389,-0.820,-0.003,0.018,-0.072,0.090,9.146,8.579,18.289,6.774,18.633,18.544,18.945
6.614,8.789,-0.000,0.842,-0.002,-0.002,-0.539,0.115,0.076,55.295,0.126,43.332,52.493,39.711,0.404,-0.811,-0.002,0.020,-0.049,0.178,3.136,4.377,18.148,2.810,18.732,18.426,19.134
6.618,8.781,-0.000,0.843,-0.002,-0.002,-0.538,0.100,0.077,55.475,0.117,43.521,52.676,39.903,0.419,-0.803,0.001,0.015,-0.036,0.269,-5.313,-3.640,17.964,-4.060,18.950,18.237,19.342
6.622,8.773,-0.000,0.843,-0.002,-0.002,-0.537,0.037,0.026,55.655,0.063,43.711,52.859,40.097,0.416,-0.805,0.003,0.008,-0.030,0.245,-5.927,-5.172,17.936,-5.506,18.927,18.293,19.379
6.626,8.765,-0.000,0.844,-0.002,-0.002,-0.536,0.008,-0.002,55.834,0.031,43.899,53.043,40.290,0.405,-0.814,0.005,0.013,-0.028,0.151,0.443,-0.041,18.014,-0.685,18.680,18.539,19.281
6.630,8.757,-0.000,0.844,-0.002,-0.003,-0.536,0.041,0.024,56.015,0.049,44.084,53.229,40.483,0.401,-0.819,0.005,0.029,-0.017,0.105,5.027,4.432,18.049,3.633,18.513,18.706,19.235
6.634,8.749,-0.000,0.845,-0.002,-0.003,-0.535,0.083,0.066,56.195,0.083,44.270,53.416,40.676,0.410,-0.815,0.003,0.050,-0.000,0.147,2.757,3.142,17.981,2.381,18.593,18.662,19.321
6.638,8.741,-0.000,0.845,-0.002,-0.003,-0.535,0.085,0.075,56.374,0.087,44.457,53.602,40.869,0.419,-0.811,-0.000,0.060,0.019,0.200,-2.128,-1.229,17.918,-1.477,18.768,18.543,19.431
6.642,8.733,-0.000,0.846,-0.001,-0.003,-0.534,0.053,0.051,56.554,0.061,44.645,53.788,41.064,0.419,-0.811,-0.004,0.053,0.036,0.198,-3.490,-2.964,17.927,-3.022,18.844,18.528,19.459
6.647,8.725,-0.000,0.846,-0.001,-0.003,-0.533,0.032,0.030,56.733,0.040,44.833,53.973,41.258,0.416,-0.814,-0.007,0.042,0.052,0.159,-0.546,-0.804,17.974,-0.930,18.819,18.611,19.425
6.651,8.716,-0.000,0.846,-0.001,-0.003,-0.532,0.043,0.038,56.913,0.045,45.021,54.160,41.452,0.415,-0.816,-0.009,0.037,0.068,0.138,2.352,1.956,18.006,1.633,18.826,18.670,19.408
6.655,8.708,-0.001,0.847,-0.000,-0.002,-0.532,0.067,0.060,57.093,0.063,45.210,54.346,41.647,0.419,-0.814,-0.011,0.034,0.083,0.155,1.888,1.938,18.019,1.601,18.931,18.638,19.442
6.659,8.700,-0.001,0.847,-0.000,-0.002,-0.531,0.073,0.069,57.273,0.070,45.400,54.532,41.841,0.423,-0.811,-0.010,0.023,0.096,0.181,-0.512,-0.084,18.045,-0.190,19.074,18.562,19.487
6.663,8.692,-0.001,0.848,0.000,-0.002,-0.530,0.060,0.060,57.454,0.061,45.591,54.718,42.036,0.425,-0.810,-0.009,0.005,0.106,0.188,-1.775,-1.427,18.108,-1.348,19.182,18.515,19.493
6.668,8.684,-0.001,0.848,0.001,-0.001,-0.530,0.047,0.048,57.636,0.050,45.784,54.903,42.231,0.425,-0.811,-0.006,-0.014,0.113,0.174,-0.691,-0.752,18.201,-0.704,19.247,18.509,19.452
6.672,8.676,-0.001,0.849,0.001,-0.001,-0.529,0.048,0.047,57.818,0.049,45.976,55.088,42.425,0.424,-0.811,-0.003,-0.027,0.118,0.161,0.805,0.522,18.303,0.506,19.306,18.502,19.393
6.676,8.668,-0.001,0.849,0.001,-0.000,-0.528,0.058,0.056,58.002,0.057,46.170,55.273,42.619,0.426,-0.811,0.001,-0.033,0.119,0.164,0.992,0.913,18.392,0.803,19.384,18.459,19.347
6.680,8.660,-0.001,0.850,0.001,0.000,-0.527,0.064,0.062,58.186,0.062,46.364,55.457,42.812,0.430,-0.810,0.004,-0.035,0.117,0.177,0.140,0.290,18.466,0.263,19.470,18.391,19.313
6.685,8.651,-0.001,0.850,0.001,0.001,-0.527,0.061,0.061,58.371,0.062,46.559,55.641,43.005,0.434,-0.810,0.007,-0.036,0.110,0.186,-0.600,-0.402,18.540,-0.379,19.544,18.328,19.273
6.689,8.643,-0.001,0.851,0.001,0.002,-0.526,0.055,0.056,58.557,0.057,46.755,55.824,43.198,0.436,-0.811,0.009,-0.034,0.098,0.185,-0.477,-0.389,18.629,-0.410,19.600,18.287,19.214
6.693,8.635,-0.001,0.851,0.001,0.002,-0.525,0.053,0.054,58.744,0.054,46.951,56.006,43.389,0.437,-0.813,0.009,-0.029,0.082,0.178,-0.018,-0.079,18.724,-0.107,19.644,18.265,19.148
6.698,8.627,-0.001,0.851,0.002,0.002,-0.524,0.054,0.055,58.931,0.055,47.148,56.189,43.581,0.439,-0.815,0.009,-0.021,0.062,0.174,0.298,0.188,18.809,0.161,19.687,18.250,19.095
6.702,8.619,-0.000,0.852,0.002,0.003,-0.524,0.057,0.057,59.120,0.056,47.345,56.371,43.771,0.442,-0.816,0.007,-0.012,0.039,0.175,0.174,0.151,18.874,0.103,19.734,18.238,19.067
6.707,8.611,-0.000,0.852,0.002,0.003,-0.523,0.058,0.058,59.309,0.057,47.542,56.554,43.962,0.445,-0.817,0.004,-0.005,0.014,0.178,0.024,0.055,18.924,0.029,19.780,18.235,19.061
6.711,8.603,-0.000,0.853,0.002,0.003,-0.522,0.058,0.058,59.498,0.057,47.740,56.736,44.153,0.447,-0.817,0.000,-0.001,-0.012,0.180,-0.044,0.008,18.964,-0.013,19.821,18.248,19.074
6.716,8.594,-0.000,0.853,0.002,0.003,-0.521,0.057,0.058,59.688,0.057,47.939,56.919,44.344,0.449,-0.818,-0.003,-0.001,-0.038,0.180,-0.048,-0.002,18.996,-0.028,19.852,18.279,19.105
6.720,8.586,-0.000,0.854,0.001,0.002,-0.521,0.057,0.058,59.878,0.057,48.137,57.102,44.535,0.452,-0.818,-0.006,-0.005,-0.063,0.180,-0.032,-0.003,19.020,-0.025,19.870,18.327,19.153
6.725,8.578,-0.001,0.854,0.001,0.002,-0.520,0.057,0.058,60.068,0.056,48.336,57.285,44.727,0.453,-0.818,-0.008,-0.011,-0.085,0.180,-0.014,-0.002,19.036,-0.017,19.873,18.389,19.216
6.729,8.570,-0.001,0.855,0.001,0.002,-0.519,0.057,0.058,60.259,0.056,48.535,57.470,44.919,0.455,-0.818,-0.008,-0.019,-0.104,0.180,-0.003,-0.002,19.043,-0.012,19.857,18.464,19.291
6.734,8.562,-0.001,0.855,0.001,0.001,-0.518,0.057,0.058,60.449,0.056,48.733,57.655,45.113,0.456,-0.817,-0.008,-0.027,-0.118,0.179,0.001,-0.002,19.040,-0.009,19.822,18.548,19.372
6.738,8.554,-0.001,0.856,0.000,0.001,-0.518,0.057,0.058,60.640,0.056,48.931,57.841,45.307,0.458,-0.816,-0.006,-0.034,-0.127,0.179,0.001,-0.002,19.028,-0.008,19.769,18.638,19.456
6.743,8.545,-0.001,0.856,-0.000,0.000,-0.517,0.057,0.058,60.830,0.056,49.129,58.027,45.502,0.459,-0.815,-0.004,-0.036,-0.131,0.179,0.000,-0.003,19.005,-0.007,19.699,18.728,19.537
6.748,8.537,-0.001,0.857,-0.001,-0.000,-0.516,0.057,0.058,61.020,0.056,49.325,58.215,45.697,0.461,-0.814,-0.000,-0.034,-0.128,0.179,-0.001,-0.003,18.971,-0.007,19.619,18.815,19.613
6.752,8.529,-0.001,0.857,-0.001,-0.000,-0.515,0.057,0.058,61.209,0.056,49.521,58.404,45.894,0.462,-0.813,0.003,-0.027,-0.119,0.179,-0.002,-0.004,18.927,-0.007,19.533,18.894,19.681
6.757,8.521,-0.001,0.858,-0.002,-0.001,-0.514,0.057,0.058,61.398,0.056,49.716,58.593,46.091,0.464,-0.812,0.006,-0.014,-0.106,0.179,-0.002,-0.004,18.874,-0.006,19.449,18.964,19.738
6.761,8.513,-0.001,0.858,-0.002,-0.001,-0.514,0.057,0.058,61.587,0.056,49.910,58.783,46.289,0.465,-0.812,0.008,0.002,-0.089,0.179,-0.002,-0.005,18.814,-0.006,19.374,19.020,19.786
6.766,8.505,-0.001,0.858,-0.002,-0.002,-0.513,0.056,0.058,61.774,0.056,50.103,58.973,46.487,0.467,-0.811,0.009,0.021,-0.070,0.178,-0.002,-0.005,18.749,-0.005,19.313,19.064,19.825
6.771,8.497,-0.001,0.859,-0.002,-0.002,-0.512,0.056,0.058,61.962,0.056,50.296,59.164,46.685,0.469,-0.811,0.008,0.039,-0.049,0.178,-0.001,-0.005,18.682,-0.004,19.270,19.094,19.856
6.775,8.488,-0.000,0.859,-0.002,-0.002,-0.511,0.056,0.058,62.148,0.056,50.489,59.355,46.884,0.470,-0.811,0.007,0.056,-0.028,0.177,-0.001,-0.005,18.617,-0.004,19.248,19.110,19.882
6.780,8.480,-0.000,0.860,-0.002,-0.003,-0.511,0.056,0.058,62.334,0.056,50.681,59.546,47.083,0.472,-0.810,0.004,0.067,-0.008,0.177,-0.001,-0.005,18.557,-0.003,19.248,19.116,19.904
6.785,8.472,-0.000,0.860,-0.002,-0.003,-0.510,0.056,0.057,62.519,0.056,50.874,59.737,47.282,0.473,-0.810,0.001,0.074,0.011,0.176,-0.000,-0.004,18.506,-0.002,19.269,19.112,19.924
6.790,8.464,-0.000,0.861,-0.001,-0.003,-0.509,0.056,0.057,62.704,0.056,51.067,59.929,47.481,0.475,-0.809,-0.003,0.074,0.029,0.176,-0.000,-0.003,18.466,-0.001,19.308,19.101,19.940
6.794,8.456,-0.000,0.861,-0.001,-0.003,-0.508,0.056,0.057,62.889,0.055,51.260,60.119,47.681,0.476,-0.808,-0.006,0.067,0.046,0.176,0.000,-0.002,18.441,-0.001,19.362,19.083,19.952
6.799,8.448,-0.001,0.862,-0.000,-0.003,-0.508,0.056,0.057,63.073,0.055,51.454,60.310,47.880,0.478,-0.807,-0.008,0.054,0.062,0.176,0.000,-0.001,18.433,-0.000,19.428,19.061,19.958
6.804,8.440,-0.001,0.862,-0.000,-0.003,-0.507,0.056,0.057,63.257,0.055,51.649,60.501,48.080,0.479,-0.806,-0.009,0.035,0.077,0.176,0.001,-0.000,18.444,0.001,19.501,19.035,19.956
6.809,8.432,-0.001,0.862,0.000,-0.002,-0.506,0.056,0.057,63.442,0.055,51.844,60.691,48.279,0.480,-0.805,-0.009,0.012,0.089,0.176,0.001,0.001,18.472,0.001,19.576,19.005,19.943
6.814,8.424,-0.001,0.863,0.001,-0.002,-0.505,0.056,0.057,63.627,0.056,52.040,60.881,48.479,0.481,-0.804,-0.008,-0.012,0.100,0.177,0.001,0.002,18.518,0.002,19.650,18.971,19.917
6.818,8.416,-0.001,0.863,0.001,-0.001,-0.505,0.056,0.057,63.812,0.056,52.237,61.070,48.678,0.482,-0.802,-0.005,-0.033,0.109,0.178,0.001,0.004,18.579,0.003,19.717,18.932,19.874
6.823,8.408,-0.001,0.864,0.001,-0.001,-0.504,0.057,0.057,63.998,0.056,52.434,61.259,48.876,0.483,-0.801,-0.002,-0.049,0.115,0.178,0.002,0.005,18.653,0.003,19.777,18.889,19.817
6.828,8.400,-0.001,0.864,0.001,-0.000,-0.503,0.057,0.058,64.185,0.056,52.633,61.448,49.074,0.485,-0.801,0.002,-0.057,0.119,0.179,0.002,0.006,18.736,0.003,19.829,18.841,19.748
6.833,8.392,-0.001,0.865,0.001,0.001,-0.502,0.057,0.058,64.373,0.056,52.831,61.636,49.271,0.487,-0.800,0.005,-0.058,0.118,0.180,0.001,0.006,18.825,0.003,19.876,18.790,19.670
6.838,8.384,-0.001,0.865,0.001,0.001,-0.501,0.057,0.058,64.562,0.056,53.030,61.824,49.467,0.489,-0.800,0.007,-0.051,0.112,0.181,0.001,0.006,18.916,0.002,19.918,18.738,19.591
6.843,8.376,-0.001,0.866,0.001,0.002,-0.501,0.057,0.058,64.751,0.056,53.229,62.011,49.663,0.491,-0.801,0.008,-0.038,0.100,0.181,0.000,0.005,19.003,0.001,19.958,18.688,19.516
6.848,8.368,-0.001,0.866,0.001,0.002,-0.500,0.057,0.058,64.942,0.056,53.429,62.198,49.858,0.493,-0.801,0.008,-0.022,0.083,0.182,-0.000,0.004,19.083,-0.001,19.998,18.642,19.452
6.853,8.360,-0.001,0.867,0.001,0.003,-0.499,0.057,0.058,65.133,0.056,53.629,62.384,50.052,0.496,-0.802,0.007,-0.005,0.061,0.182,-0.001,0.003,19.153,-0.002,20.039,18.603,19.404
6.857,8.352,-0.000,0.867,0.001,0.003,-0.498,0.057,0.058,65.325,0.056,53.830,62.570,50.246,0.498,-0.802,0.005,0.009,0.035,0.182,-0.001,0.002,19.211,-0.003,20.078,18.575,19.376
6.862,8.344,-0.000,0.867,0.002,0.003,-0.498,0.057,0.058,65.517,0.056,54.031,62.755,50.440,0.501,-0.803,0.002,0.018,0.007,0.181,-0.001,0.001,19.255,-0.004,20.114,18.560,19.372
6.867,8.336,-0.000,0.868,0.002,0.003,-0.497,0.057,0.058,65.710,0.056,54.232,62.941,50.633,0.503,-0.803,-0.001,0.022,-0.022,0.181,-0.001,0.000,19.286,-0.005,20.143,18.561,19.389
6.873,8.328,-0.000,0.868,0.002,0.003,-0.496,0.057,0.058,65.903,0.055,54.434,63.127,50.827,0.505,-0.803,-0.003,0.018,-0.050,0.181,-0.001,-0.000,19.305,-0.005,20.161,18.578,19.428
6.878,8.320,-0.000,0.869,0.002,0.002,-0.495,0.056,0.058,66.096,0.055,54.635,63.313,51.022,0.506,-0.803,-0.006,0.009,-0.077,0.181,-0.001,-0.001,19.313,-0.005,20.163,18.612,19.484
6.883,8.312,-0.001,0.869,0.001,0.002,-0.494,0.056,0.058,66.289,0.055,54.837,63.499,51.217,0.508,-0.802,-0.007,-0.005,-0.099,0.180,-0.001,-0.001,19.312,-0.005,20.146,18.662,19.553
6.888,8.304,-0.001,0.870,0.001,0.001,-0.494,0.056,0.058,66.482,0.055,55.038,63.686,51.413,0.509,-0.801,-0.007,-0.022,-0.116,0.180,-0.001,-0.001,19.301,-0.005,20.108,18.726,19.630
6.893,8.296,-0.001,0.870,0.001,0.001,-0.493,0.056,0.058,66.675,0.055,55.239,63.873,51.610,0.511,-0.800,-0.007,-0.037,-0.127,0.180,-0.001,-0.002,19.283,-0.004,20.049,18.801,19.708
6.898,8.288,-0.001,0.871,0.000,0.001,-0.492,0.056,0.058,66.868,0.055,55.439,64.062,51.807,0.512,-0.798,-0.005,-0.050,-0.131,0.180,-0.001,-0.002,19.256,-0.004,19.971,18.883,19.784
6.903,8.280,-0.001,0.871,-0.001,0.000,-0.491,0.056,0.058,67.060,0.055,55.638,64.251,52.005,0.513,-0.797,-0.003,-0.056,-0.128,0.180,-0.001,-0.002,19.223,-0.004,19.880,18.968,19.851
6.908,8.272,-0.001,0.871,-0.001,-0.000,-0.490,0.056,0.058,67.252,0.055,55.837,64.441,52.204,0.514,-0.795,-0.000,-0.053,-0.119,0.180,-0.001,-0.003,19.182,-0.003,19.782,19.049,19.909
6.913,8.264,-0.001,0.872,-0.002,-0.001,-0.490,0.056,0.058,67.444,0.055,56.034,64.632,52.403,0.515,-0.794,0.003,-0.042,-0.105,0.180,-0.001,-0.003,19.135,-0.003,19.687,19.124,19.955
6.919,8.256,-0.001,0.872,-0.002,-0.001,-0.489,0.056,0.058,67.635,0.055,56.230,64.824,52.603,0.516,-0.793,0.005,-0.023,-0.088,0.180,-0.001,-0.004,19.081,-0.003,19.600,19.189,19.991
6.924,8.248,-0.001,0.873,-0.002,-0.001,-0.488,0.056,0.058,67.825,0.055,56.426,65.016,52.803,0.518,-0.791,0.006,0.002,-0.070,0.180,-0.001,-0.004,19.020,-0.002,19.528,19.239,20.017
6.929,8.240,-0.001,0.873,-0.002,-0.002,-0.487,0.056,0.058,68.015,0.055,56.621,65.208,53.004,0.519,-0.791,0.007,0.029,-0.051,0.179,-0.001,-0.005,18.954,-0.001,19.477,19.275,20.038
6.934,8.232,-0.001,0.874,-0.002,-0.002,-0.487,0.056,0.058,68.205,0.055,56.816,65.401,53.204,0.521,-0.790,0.006,0.055,-0.031,0.179,-0.001,-0.005,18.885,-0.001,19.448,19.295,20.054
6.939,8.224,-0.001,0.874,-0.002,-0.002,-0.486,0.056,0.058,68.393,0.055,57.010,65.594,53.405,0.522,-0.789,0.004,0.076,-0.013,0.178,-0.000,-0.005,18.816,-0.000,19.442,19.300,20.069
6.945,8.216,-0.000,0.875,-0.002,-0.002,-0.485,0.056,0.057,68.581,0.055,57.205,65.787,53.605,0.524,-0.788,0.002,0.089,0.004,0.177,-0.000,-0.005,18.751,0.000,19.459,19.293,20.084
6.950,8.208,-0.000,0.875,-0.001,-0.003,-0.484,0.056,0.057,68.768,0.055,57.399,65.980,53.806,0.525,-0.787,-0.001,0.093,0.019,0.177,-0.000,-0.004,18.692,0.001,19.495,19.277,20.098
6.955,8.201,-0.000,0.875,-0.001,-0.003,-0.483,0.056,0.057,68.955,0.055,57.595,66.173,54.007,0.526,-0.786,-0.003,0.088,0.034,0.176,-0.000,-0.004,18.644,0.001,19.546,19.253,20.109
6.960,8.193,-0.001,0.876,-0.000,-0.003,-0.483,0.056,0.057,69.141,0.055,57.790,66.365,54.208,0.527,-0.785,-0.006,0.073,0.048,0.176,0.000,-0.003,18.611,0.001,19.608,19.224,20.116
6.966,8.185,-0.001,0.876,0.000,-0.003,-0.482,0.056,0.057,69.327,0.055,57.987,66.557,54.410,0.528,-0.784,-0.007,0.050,0.062,0.176,0.000,-0.001,18.596,0.002,19.675,19.194,20.115
6.971,8.177,-0.001,0.877,0.000,-0.002,-0.481,0.056,0.057,69.513,0.055,58.184,66.749,54.611,0.529,-0.782,-0.007,0.020,0.073,0.176,0.001,-0.000,18.599,0.003,19.744,19.162,20.102
6.976,8.169,-0.001,0.877,0.001,-0.002,-0.480,0.056,0.057,69.699,0.055,58.382,66.941,54.812,0.530,-0.781,-0.006,-0.012,0.084,0.177,0.001,0.001,18.623,0.003,19.809,19.130,20.074
6.981,8.161,-0.001,0.878,0.001,-0.002,-0.480,0.056,0.057,69.886,0.055,58.580,67.132,55.012,0.531,-0.780,-0.005,-0.041,0.095,0.178,0.002,0.003,18.666,0.004,19.867,19.096,20.030
6.987,8.154,-0.001,0.878,0.001,-0.001,-0.479,0.056,0.057,70.072,0.055,58.779,67.322,55.212,0.532,-0.778,-0.002,-0.062,0.104,0.179,0.002,0.004,18.726,0.005,19.916,19.059,19.969
6.992,8.146,-0.001,0.878,0.001,-0.000,-0.478,0.056,0.057,70.260,0.055,58.978,67.513,55.411,0.534,-0.777,0.001,-0.074,0.112,0.180,0.002,0.006,18.802,0.005,19.957,19.020,19.893
6.997,8.138,-0.001,0.879,0.001,0.000,-0.477,0.056,0.057,70.449,0.055,59.178,67.703,55.610,0.536,-0.776,0.004,-0.075,0.116,0.181,0.002,0.007,18.887,0.004,19.991,18.976,19.809
7.003,8.130,-0.001,0.879,0.001,0.001,-0.476,0.056,0.058,70.638,0.055,59.378,67.892,55.808,0.537,-0.776,0.006,-0.066,0.115,0.182,0.001,0.007,18.979,0.003,20.023,18.928,19.722
7.008,8.122,-0.001,0.880,0.001,0.002,-0.476,-0.163,-0.110,70.828,-0.112,59.575,68.082,56.004,0.522,-0.793,0.011,-0.066,0.083,0.063,-35.036,-27.550,19.214,-28.475,19.411,19.171,19.496
7.013,8.114,-0.000,0.879,0.000,0.002,-0.476,-0.455,-0.355,71.024,-0.389,59.766,68.277,56.195,0.455,-0.818,0.028,-0.175,0.042,-0.354,-18.346,-17.396,19.880,-20.929,18.812,19.670,18.631
7.017,8.106,-0.000,0.878,-0.001,0.003,-0.479,-0.480,-0.418,71.227,-0.437,59.953,68.475,56.376,0.380,-0.828,0.040,-0.181,0.023,-0.774,12.222,4.481,20.667,11.696,18.588,19.960,17.421
7.021,8.098,0.000,0.876,-0.001,0.003,-0.483,-0.267,-0.294,71.436,-0.209,60.139,68.675,56.545,0.350,-0.829,0.015,0.030,0.047,-0.930,25.852,17.339,21.203,28.688,18.549,20.018,16.476
7.024,8.090,0.000,0.874,-0.000,0.003,-0.487,-0.078,-0.151,71.648,0.009,60.324,68.875,56.708,0.375,-0.825,-0.014,0.227,0.067,-0.767,8.501,8.274,21.022,11.336,18.465,19.852,16.419
7.028,8.081,0.000,0.872,0.001,0.002,-0.489,-0.130,-0.173,71.855,-0.016,60.507,69.072,56.876,0.417,-0.820,-0.004,0.190,-0.065,-0.489,-16.304,-11.144,20.457,-14.273,18.218,19.568,17.052
7.033,8.073,0.000,0.871,0.001,0.002,-0.491,-0.318,-0.310,72.058,-0.209,60.689,69.267,57.047,0.412,-0.826,-0.001,0.125,-0.105,-0.494,-17.090,-13.098,20.287,-20.006,18.023,19.555,17.192
7.036,8.065,-0.000,0.870,0.001,0.001,-0.494,-0.405,-0.385,72.262,-0.335,60.867,69.464,57.217,0.370,-0.837,-0.007,0.048,-0.073,-0.710,0.510,-1.073,20.553,-3.546,17.751,19.766,16.692
7.040,8.056,-0.000,0.868,0.001,0.001,-0.497,-0.320,-0.335,72.470,-0.277,61.044,69.662,57.381,0.341,-0.841,-0.011,0.006,-0.064,-0.847,14.150,9.702,20.909,12.912,17.547,19.911,16.263
7.043,8.048,-0.000,0.866,0.001,0.000,-0.501,-0.184,-0.231,72.679,-0.144,61.219,69.861,57.545,0.350,-0.837,-0.010,-0.005,-0.087,-0.746,10.398,9.074,20.856,10.733,17.522,19.821,16.463
7.047,8.040,-0.000,0.864,0.001,0.000,-0.504,-0.156,-0.192,72.886,-0.110,61.395,70.058,57.712,0.375,-0.827,-0.006,-0.019,-0.128,-0.553,-4.637,-1.612,20.483,-3.924,17.664,19.587,16.965
7.051,8.031,-0.000,0.863,0.000,-0.000,-0.506,-0.249,-0.248,73.089,-0.203,61.572,70.253,57.883,0.377,-0.826,-0.006,-0.045,-0.125,-0.498,-11.468,-7.765,20.184,-12.542,17.711,19.537,17.209
7.054,8.023,-0.000,0.861,-0.000,-0.001,-0.508,-0.334,-0.309,73.291,-0.309,61.748,70.450,58.054,0.348,-0.835,-0.009,-0.097,-0.095,-0.642,-4.216,-3.458,20.255,-6.841,17.444,19.791,16.944
7.058,8.015,-0.001,0.859,-0.001,-0.001,-0.511,-0.322,-0.306,73.495,-0.319,61.920,70.649,58.221,0.316,-0.842,-0.009,-0.114,-0.075,-0.801,5.913,3.791,20.567,4.355,17.067,20.074,16.522
7.061,8.006,-0.001,0.857,-0.001,-0.001,-0.515,-0.244,-0.250,73.701,-0.248,62.090,70.851,58.386,0.308,-0.843,-0.006,-0.084,-0.069,-0.815,7.927,6.193,20.661,7.882,16.864,20.197,16.433
7.064,7.998,-0.001,0.855,-0.002,-0.001,-0.518,-0.197,-0.208,73.907,-0.198,62.259,71.052,58.551,0.318,-0.840,-0.002,-0.040,-0.069,-0.716,0.832,1.662,20.443,1.413,16.924,20.143,16.655
7.067,7.990,-0.001,0.854,-0.002,-0.001,-0.521,-0.228,-0.221,74.110,-0.225,62.429,71.253,58.719,0.321,-0.838,0.002,-0.012,-0.065,-0.654,-5.953,-3.732,20.235,-5.955,17.026,20.083,16.828
7.070,7.981,-0.001,0.852,-0.002,-0.002,-0.524,-0.287,-0.262,74.313,-0.290,62.598,71.455,58.887,0.305,-0.841,0.005,0.000,-0.057,-0.707,-4.692,-3.538,20.267,-5.807,16.928,20.163,16.724
7.073,7.973,-0.001,0.850,-0.002,-0.002,-0.527,-0.304,-0.278,74.516,-0.319,62.767,71.657,59.053,0.284,-0.847,0.007,0.017,-0.047,-0.802,1.302,0.450,20.406,0.214,16.697,20.312,16.484
7.076,7.964,-0.000,0.848,-0.002,-0.002,-0.531,-0.270,-0.256,74.720,-0.292,62.933,71.861,59.217,0.272,-0.851,0.007,0.040,-0.034,-0.837,4.706,3.317,20.429,4.481,16.547,20.395,16.380
7.079,7.956,-0.000,0.845,-0.002,-0.002,-0.534,-0.231,-0.227,74.924,-0.252,63.098,72.064,59.381,0.273,-0.852,0.005,0.061,-0.018,-0.795,2.292,2.111,20.294,2.635,16.578,20.359,16.475
7.082,7.947,-0.000,0.843,-0.002,-0.003,-0.537,-0.232,-0.222,75.126,-0.248,63.264,72.268,59.546,0.274,-0.852,0.002,0.065,0.001,-0.750,-2.133,-1.074,20.153,-1.627,16.680,20.278,16.596
7.084,7.939,-0.000,0.841,-0.002,-0.003,-0.541,-0.262,-0.241,75.328,-0.277,63.432,72.470,59.712,0.266,-0.854,-0.001,0.053,0.021,-0.755,-3.097,-2.139,20.114,-3.327,16.721,20.251,16.601
7.087,7.930,-0.000,0.839,-0.001,-0.003,-0.544,-0.281,-0.256,75.529,-0.301,63.599,72.673,59.878,0.254,-0.857,-0.004,0.037,0.040,-0.792,-0.568,-0.642,20.150,-1.135,16.693,20.278,16.518
7.089,7.922,-0.000,0.837,-0.001,-0.003,-0.547,-0.272,-0.251,75.730,-0.296,63.765,72.876,60.043,0.244,-0.860,-0.008,0.027,0.057,-0.813,1.984,1.309,20.178,1.680,16.679,20.297,16.460
7.092,7.913,-0.001,0.835,-0.001,-0.002,-0.551,-0.251,-0.236,75.932,-0.276,63.932,73.079,60.208,0.239,-0.861,-0.010,0.022,0.073,-0.801,1.842,1.493,20.171,1.916,16.726,20.267,16.478
7.094,7.904,-0.001,0.833,-0.001,-0.002,-0.554,-0.242,-0.227,76.134,-0.266,64.100,73.281,60.373,0.236,-0.861,-0.011,0.014,0.087,-0.776,-0.165,0.177,20.163,0.106,16.806,20.205,16.527
7.096,7.896,-0.001,0.830,-0.000,-0.002,-0.557,-0.252,-0.232,76.336,-0.274,64.269,73.483,60.538,0.230,-0.861,-0.011,0.003,0.098,-0.767,-1.496,-0.911,20.197,-1.458,16.873,20.148,16.538
7.099,7.887,-0.001,0.828,-0.000,-0.001,-0.560,-0.265,-0.240,76.538,-0.288,64.437,73.684,60.703,0.221,-0.862,-0.009,-0.006,0.105,-0.777,-0.894,-0.657,20.277,-1.104,16.913,20.111,16.492
7.101,7.878,-0.001,0.826,0.000,-0.001,-0.563,-0.268,-0.243,76.741,-0.292,64.607,73.885,60.868,0.212,-0.863,-0.006,-0.009,0.110,-0.790,0.373,0.186,20.375,0.152,16.947,20.072,16.423
7.103,7.870,-0.001,0.824,0.001,-0.000,-0.567,-0.260,-0.238,76.945,-0.286,64.776,74.085,61.032,0.205,-0.864,-0.003,-0.006,0.110,-0.792,0.961,0.647,20.456,0.905,16.989,20.013,16.374
7.105,7.861,-0.001,0.822,0.001,0.000,-0.570,-0.253,-0.233,77.150,-0.279,64.947,74.285,61.195,0.200,-0.865,0.001,-0.001,0.107,-0.783,0.383,0.336,20.510,0.486,17.036,19.934,16.354
7.107,7.853,-0.001,0.819,0.001,0.001,-0.573,-0.253,-0.232,77.356,-0.277,65.117,74.484,61.359,0.195,-0.867,0.004,0.002,0.100,-0.774,-0.328,-0.133,20.552,-0.193,17.080,19.850,16.338
7.109,7.844,-0.001,0.817,0.001,0.001,-0.576,-0.257,-0.234,77.561,-0.281,65.288,74.682,61.522,0.189,-0.869,0.007,0.001,0.089,-0.773,-0.502,-0.298,20.603,-0.511,17.114,19.776,16.302
7.111,7.835,-0.001,0.815,0.002,0.001,-0.579,-0.261,-0.236,77.768,-0.285,65.459,74.880,61.685,0.181,-0.871,0.009,-0.004,0.077,-0.778,-0.165,-0.132,20.663,-0.245,17.144,19.716,16.246
7.113,7.826,-0.001,0.813,0.002,0.002,-0.583,-0.261,-0.237,77.975,-0.286,65.631,75.077,61.847,0.174,-0.874,0.010,-0.011,0.062,-0.784,0.107,0.024,20.720,0.012,17.169,19.669,16.186
7.114,7.818,-0.001,0.810,0.002,0.002,-0.586,-0.259,-0.236,78.182,-0.286,65.803,75.273,62.009,0.167,-0.876,0.009,-0.020,0.046,-0.787,0.182,0.086,20.763,0.121,17.192,19.634,16.137
7.116,7.809,-0.001,0.808,0.002,0.002,-0.589,-0.258,-0.236,78.390,-0.285,65.975,75.469,62.170,0.160,-0.879,0.007,-0.031,0.030,-0.787,0.081,0.036,20.794,0.052,17.211,19.614,16.099
7.117,7.800,-0.001,0.806,0.002,0.002,-0.592,-0.258,-0.235,78.598,-0.284,66.147,75.665,62.331,0.154,-0.881,0.004,-0.042,0.013,-0.786,0.011,0.011,20.820,0.016,17.226,19.611,16.068
7.119,7.791,-0.000,0.803,0.002,0.002,-0.595,-0.258,-0.235,78.806,-0.284,66.319,75.862,62.491,0.147,-0.883,0.001,-0.052,-0.004,-0.785,-0.018,0.000,20.844,0.001,17.235,19.628,16.043
7.120,7.782,-0.000,0.801,0.001,0.003,-0.599,-0.258,-0.235,79.015,-0.284,66.492,76.058,62.651,0.140,-0.885,-0.002,-0.057,-0.020,-0.785,-0.021,-0.004,20.866,-0.005,17.238,19.663,16.023
7.122,7.774,-0.001,0.799,0.001,0.003,-0.602,-0.258,-0.235,79.224,-0.284,66.664,76.255,62.812,0.133,-0.886,-0.004,-0.058,-0.038,-0.784,-0.013,-0.005,20.884,-0.007,17.235,19.714,16.013
7.123,7.765,-0.001,0.796,0.001,0.003,-0.605,-0.258,-0.236,79.432,-0.284,66.836,76.452,62.972,0.126,-0.887,-0.005,-0.053,-0.055,-0.784,-0.006,-0.006,20.896,-0.007,17.224,19.778,16.011
7.124,7.756,-0.001,0.794,0.000,0.003,-0.608,-0.258,-0.236,79.641,-0.285,67.009,76.650,63.132,0.119,-0.888,-0.006,-0.041,-0.073,-0.783,-0.002,-0.006,20.898,-0.007,17.207,19.850,16.021
7.125,7.747,-0.001,0.792,-0.000,0.002,-0.611,-0.258,-0.236,79.850,-0.285,67.180,76.849,63.292,0.112,-0.889,-0.005,-0.023,-0.089,-0.782,-0.002,-0.007,20.886,-0.008,17.182,19.926,16.043
7.126,7.738,-0.001,0.789,-0.000,0.002,-0.614,-0.258,-0.236,80.059,-0.285,67.352,77.049,63.453,0.105,-0.889,-0.003,-0.002,-0.102,-0.782,-0.002,-0.008,20.857,-0.008,17.151,20.002,16.076
7.127,7.729,-0.001,0.787,-0.001,0.002,-0.617,-0.258,-0.236,80.267,-0.285,67.523,77.249,63.614,0.098,-0.890,-0.000,0.019,-0.114,-0.782,-0.003,-0.009,20.811,-0.009,17.114,20.074,16.120
7.128,7.720,-0.001,0.784,-0.001,0.001,-0.620,-0.258,-0.236,80.475,-0.285,67.694,77.450,63.775,0.091,-0.891,0.002,0.038,-0.121,-0.782,-0.003,-0.010,20.748,-0.009,17.071,20.137,16.173
7.129,7.711,-0.001,0.782,-0.001,0.000,-0.623,-0.258,-0.236,80.682,-0.285,67.865,77.652,63.937,0.084,-0.892,0.005,0.050,-0.124,-0.783,-0.003,-0.010,20.670,-0.009,17.023,20.191,16.233
7.130,7.702,-0.001,0.780,-0.001,-0.000,-0.626,-0.258,-0.236,80.889,-0.285,68.035,77.854,64.100,0.077,-0.893,0.007,0.055,-0.121,-0.785,-0.003,-0.009,20.583,-0.008,16.972,20.235,16.297
7.131,7.694,-0.001,0.777,-0.002,-0.001,-0.629,-0.258,-0.236,81.094,-0.285,68.204,78.057,64.263,0.070,-0.894,0.008,0.052,-0.113,-0.786,-0.002,-0.008,20.492,-0.008,16.918,20.269,16.360
7.132,7.685,-0.000,0.775,-0.002,-0.001,-0.632,-0.258,-0.236,81.298,-0.285,68.373,78.260,64.427,0.063,-0.895,0.008,0.041,-0.098,-0.787,-0.002,-0.007,20.403,-0.007,16.863,20.293,16.418
7.132,7.676,-0.000,0.772,-0.002,-0.002,-0.636,-0.258,-0.236,81.502,-0.285,68.542,78.463,64.591,0.056,-0.895,0.006,0.025,-0.078,-0.789,-0.001,-0.005,20.325,-0.006,16.808,20.311,16.467
7.133,7.667,-0.000,0.770,-0.002,-0.002,-0.639,-0.258,-0.236,81.705,-0.285,68.709,78.666,64.756,0.048,-0.896,0.004,0.005,-0.054,-0.789,-0.000,-0.002,20.261,-0.005,16.757,20.322,16.505
7.133,7.658,-0.000,0.767,-0.002,-0.002,-0.642,-0.258,-0.236,81.907,-0.285,68.877,78.869,64.921,0.041,-0.896,0.001,-0.014,-0.027,-0.790,0.001,0.001,20.217,-0.004,16.711,20.329,16.529
7.133,7.649,-0.000,0.765,-0.002,-0.002,-0.645,-0.258,-0.236,82.109,-0.285,69.044,79.072,65.087,0.034,-0.896,-0.002,-0.030,0.002,-0.790,0.001,0.004,20.195,-0.003,16.672,20.330,16.538
7.134,7.640,-0.000,0.762,-0.002,-0.002,-0.648,-0.258,-0.236,82.311,-0.285,69.210,79.276,65.252,0.027,-0.895,-0.005,-0.040,0.030,-0.789,0.002,0.007,20.196,-0.001,16.643,20.325,16.533
7.134,7.631,-0.000,0.759,-0.002,-0.002,-0.651,-0.258,-0.236,82.513,-0.285,69.377,79.479,65.417,0.020,-0.894,-0.007,-0.042,0.058,-0.789,0.002,0.009,20.218,-0.000,16.627,20.312,16.516
7.134,7.622,-0.000,0.757,-0.002,-0.002,-0.654,-0.258,-0.236,82.716,-0.285,69.543,79.682,65.582,0.013,-0.893,-0.009,-0.034,0.081,-0.788,0.002,0.010,20.258,0.001,16.624,20.289,16.490
7.134,7.613,-0.001,0.754,-0.002,-0.001,-0.657,-0.258,-0.236,82.919,-0.285,69.709,79.885,65.747,0.006,-0.892,-0.009,-0.018,0.100,-0.787,0.002,0.011,20.312,0.002,16.636,20.253,16.458
7.134,7.604,-0.001,0.752,-0.002,-0.001,-0.660,-0.258,-0.236,83.122,-0.285,69.876,80.087,65.912,-0.001,-0.891,-0.009,0.005,0.111,-0.786,0.002,0.010,20.375,0.004,16.664,20.204,16.426
7.134,7.595,-0.001,0.749,-0.001,-0.000,-0.662,-0.258,-0.236,83.326,-0.285,70.042,80.289,66.076,-0.008,-0.890,-0.008,0.032,0.116,-0.786,0.001,0.008,20.440,0.004,16.707,20.142,16.396
7.134,7.586,-0.001,0.746,-0.001,-0.000,-0.665,-0.258,-0.236,83.531,-0.285,70.210,80.490,66.240,-0.014,-0.889,-0.006,0.059,0.113,-0.786,0.001,0.006,20.503,0.004,16.763,20.069,16.372
7.134,7.577,-0.001,0.744,-0.000,0.000,-0.668,-0.258,-0.236,83.736,-0.285,70.378,80.690,66.403,-0.021,-0.889,-0.004,0.080,0.104,-0.786,0.000,0.004,20.558,0.004,16.830,19.988,16.356
7.134,7.568,-0.001,0.741,0.001,0.000,-0.671,-0.258,-0.236,83.942,-0.285,70.546,80.889,66.567,-0.028,-0.889,-0.002,0.092,0.091,-0.786,-0.000,0.001,20.603,0.003,16.904,19.905,16.348
7.133,7.560,-0.001,0.739,0.001,0.000,-0.674,-0.258,-0.236,84.148,-0.285,70.716,81.088,66.730,-0.035,-0.889,-0.000,0.093,0.075,-0.786,-0.000,-0.000,20.638,0.002,16.980,19.824,16.347
7.133,7.551,-0.001,0.736,0.002,0.000,-0.677,-0.258,-0.236,84.355,-0.285,70.886,81.286,66.894,-0.042,-0.889,0.001,0.081,0.058,-0.786,-0.001,-0.001,20.663,0.001,17.054,19.752,16.352
7.133,7.542,-0.001,0.733,0.002,0.000,-0.680,-0.258,-0.236,84.561,-0.285,71.057,81.483,67.057,-0.049,-0.889,0.002,0.058,0.042,-0.787,-0.001,-0.002,20.680,0.001,17.120,19.694,16.358
7.132,7.533,-0.001,0.731,0.002,0.000,-0.683,-0.258,-0.236,84.768,-0.285,71.228,81.680,67.221,-0.057,-0.889,0.002,0.027,0.027,-0.786,-0.000,-0.003,20.694,0.000,17.175,19.654,16.361
7.131,7.524,-0.001,0.728,0.003,0.000,-0.686,-0.258,-0.236,84.975,-0.285,71.400,81.876,67.384,-0.064,-0.890,0.002,-0.008,0.014,-0.786,-0.000,-0.003,20.706,0.000,17.216,19.634,16.359
7.131,7.515,-0.001,0.725,0.002,0.000,-0.689,-0.258,-0.236,85.182,-0.285,71.573,82.073,67.548,-0.071,-0.890,0.001,-0.043,0.003,-0.786,-0.000,-0.003,20.719,0.001,17.241,19.635,16.348
7.130,7.506,-0.001,0.722,0.002,0.000,-0.691,-0.258,-0.236,85.390,-0.285,71.745,82.269,67.711,-0.078,-0.889,0.001,-0.072,-0.006,-0.785,-0.000,-0.003,20.734,0.001,17.251,19.656,16.327
7.129,7.497,-0.001,0.720,0.002,0.001,-0.694,-0.258,-0.236,85.597,-0.285,71.918,82.466,67.875,-0.085,-0.889,0.001,-0.092,-0.014,-0.785,-0.000,-0.003,20.749,0.001,17.247,19.694,16.297
7.128,7.488,-0.001,0.717,0.001,0.001,-0.697,-0.258,-0.236,85.805,-0.285,72.090,82.663,68.037,-0.092,-0.888,0.001,-0.101,-0.021,-0.784,-0.000,-0.004,20.760,0.001,17.231,19.745,16.258
7.127,7.480,-0.001,0.714,0.001,0.001,-0.700,-0.258,-0.236,86.012,-0.285,72.262,82.861,68.200,-0.098,-0.887,0.001,-0.098,-0.026,-0.783,-0.000,-0.004,20.765,0.001,17.206,19.804,16.214
7.126,7.471,-0.001,0.712,0.001,0.001,-0.703,-0.258,-0.236,86.220,-0.285,72.434,83.059,68.362,-0.105,-0.886,0.002,-0.085,-0.032,-0.783,-0.001,-0.005,20.759,0.001,17.177,19.867,16.168
7.125,7.462,-0.001,0.709,0.000,0.002,-0.705,-0.258,-0.236,86.427,-0.285,72.606,83.258,68.523,-0.112,-0.885,0.004,-0.063,-0.036,-0.782,-0.001,-0.006,20.741,-0.000,17.146,19.928,16.125
7.124,7.453,-0.001,0.706,-0.000,0.002,-0.708,-0.258,-0.236,86.635,-0.285,72.777,83.458,68.684,-0.119,-0.884,0.005,-0.036,-0.042,-0.782,-0.001,-0.007,20.709,-0.001,17.120,19.983,16.090
7.123,7.444,-0.001,0.703,-0.000,0.002,-0.711,-0.258,-0.236,86.842,-0.285,72.948,83.658,68.845,-0.126,-0.884,0.006,-0.010,-0.047,-0.781,-0.002,-0.008,20.662,-0.002,17.105,20.030,16.067
7.122,7.435,-0.001,0.700,-0.001,0.001,-0.714,-0.258,-0.236,87.048,-0.285,73.119,83.858,69.005,-0.132,-0.883,0.007,0.013,-0.053,-0.781,-0.002,-0.008,20.607,-0.003,17.095,20.068,16.057
7.120,7.427,-0.001,0.698,-0.001,0.001,-0.716,-0.258,-0.236,87.254,-0.285,73.290,84.059,69.166,-0.140,-0.883,0.007,0.032,-0.055,-0.783,-0.002,-0.008,20.549,-0.004,17.077,20.099,16.060
7.119,7.418,-0.000,0.695,-0.001,0.001,-0.719,-0.258,-0.236,87.459,-0.285,73.461,84.260,69.327,-0.147,-0.882,0.006,0.044,-0.056,-0.784,-0.002,-0.007,20.493,-0.005,17.061,20.125,16.076
7.117,7.409,-0.000,0.692,-0.001,0.000,-0.722,-0.258,-0.236,87.664,-0.285,73.631,84.461,69.488,-0.154,-0.882,0.004,0.046,-0.055,-0.786,-0.001,-0.005,20.441,-0.005,17.046,20.146,16.105
7.116,7.400,-0.000,0.689,-0.001,0.000,-0.725,-0.258,-0.236,87.868,-0.285,73.802,84.663,69.649,-0.162,-0.881,0.002,0.039,-0.053,-0.787,-0.001,-0.003,20.399,-0.005,17.031,20.164,16.142
7.114,7.391,-0.000,0.686,-0.001,-0.000,-0.727,-0.258,-0.237,88.072,-0.285,73.972,84.865,69.810,-0.169,-0.880,-0.001,0.023,-0.050,-0.788,-0.000,-0.001,20.370,-0.005,17.011,20.182,16.186
7.112,7.382,-0.000,0.683,-0.001,-0.000,-0.730,-0.258,-0.236,88.275,-0.285,74.142,85.067,69.973,-0.176,-0.879,-0.003,0.001,-0.047,-0.788,0.000,0.002,20.356,-0.004,16.983,20.200,16.233
7.111,7.374,-0.000,0.681,-0.001,-0.001,-0.733,-0.258,-0.236,88.479,-0.285,74.311,85.269,70.135,-0.183,-0.878,-0.004,-0.022,-0.043,-0.788,0.001,0.005,20.354,-0.003,16.946,20.219,16.277
7.109,7.365,-0.000,0.678,-0.001,-0.001,-0.735,-0.258,-0.236,88.682,-0.285,74.481,85.471,70.298,-0.190,-0.876,-0.004,-0.042,-0.036,-0.787,0.002,0.008,20.363,-0.003,16.898,20.235,16.312
7.107,7.356,-0.001,0.675,-0.002,-0.000,-0.738,-0.258,-0.236,88.886,-0.285,74.649,85.673,70.461,-0.197,-0.874,-0.004,-0.053,-0.025,-0.787,0.002,0.010,20.381,-0.002,16.842,20.245,16.338
7.105,7.347,-0.001,0.672,-0.002,-0.000,-0.741,-0.258,-0.236,89.090,-0.285,74.817,85.876,70.625,-0.203,-0.871,-0.004,-0.054,-0.011,-0.786,0.001,0.011,20.405,-0.002,16.782,20.247,16.353
7.103,7.339,-0.001,0.669,-0.002,-0.000,-0.743,-0.258,-0.236,89.294,-0.286,74.985,86.078,70.788,-0.209,-0.868,-0.004,-0.046,0.006,-0.785,0.001,0.011,20.434,-0.002,16.724,20.237,16.358
7.101,7.330,-0.001,0.666,-0.002,-0.000,-0.746,-0.258,-0.236,89.499,-0.286,75.152,86.281,70.952,-0.216,-0.865,-0.003,-0.029,0.023,-0.784,0.001,0.011,20.464,-0.002,16.674,20.214,16.355
7.098,7.321,-0.001,0.663,-0.002,0.000,-0.749,-0.258,-0.236,89.703,-0.286,75.318,86.483,71.115,-0.222,-0.862,-0.001,-0.006,0.039,-0.784,0.000,0.009,20.493,-0.001,16.636,20.177,16.347
7.096,7.313,-0.001,0.660,-0.002,0.000,-0.751,-0.258,-0.236,89.909,-0.286,75.485,86.684,71.279,-0.228,-0.860,-0.000,0.021,0.053,-0.784,0.000,0.006,20.520,-0.001,16.616,20.126,16.336
7.094,7.304,-0.001,0.657,-0.002,0.000,-0.754,-0.258,-0.236,90.114,-0.286,75.651,86.885,71.442,-0.235,-0.858,0.001,0.047,0.064,-0.784,0.000,0.004,20.544,0.000,16.615,20.063,16.326
7.091,7.296,-0.001,0.654,-0.001,0.000,-0.756,-0.258,-0.236,90.319,-0.286,75.817,87.085,71.605,-0.241,-0.856,0.001,0.070,0.071,-0.785,0.000,0.002,20.564,0.001,16.634,19.993,16.318
7.089,7.287,-0.001,0.651,-0.001,0.000,-0.759,-0.258,-0.236,90.525,-0.286,75.984,87.285,71.769,-0.248,-0.854,0.001,0.086,0.073,-0.786,0.000,0.000,20.582,0.002,16.672,19.919,16.314
7.086,7.279,-0.001,0.648,-0.000,0.000,-0.761,-0.258,-0.236,90.731,-0.286,76.151,87.484,71.932,-0.255,-0.852,-0.000,0.093,0.070,-0.787,0.000,-0.001,20.597,0.003,16.727,19.848,16.314
7.084,7.270,-0.001,0.645,0.000,0.000,-0.764,-0.258,-0.236,90.937,-0.285,76.318,87.682,72.095,-0.262,-0.851,-0.002,0.090,0.064,-0.788,0.000,-0.002,20.611,0.003,16.794,19.785,16.319
7.081,7.262,-0.001,0.642,0.001,-0.000,-0.766,-0.258,-0.236,91.143,-0.285,76.487,87.880,72.258,-0.269,-0.849,-0.004,0.078,0.053,-0.788,-0.000,-0.003,20.625,0.003,16.868,19.735,16.329
