-7.000,-7.000,0.001,1.000,0.000,0.000,0.000,-0.000,-0.000,0.000,-0.000,0.000,0.000,0.000,-0.000,-0.000,0.000,-0.000,-0.000,-0.000,0.000,0.000,-0.000,0.000,-0.000,-0.000,-0.000
-7.000,-7.000,0.000,1.000,0.000,0.000,-0.000,0.169,0.134,-0.004,0.125,-0.005,-0.002,-0.003,-0.022,-0.001,-0.000,0.000,0.012,-0.018,27.064,22.631,-0.866,20.680,-0.899,-0.480,-0.547
-7.000,-7.000,0.000,1.000,-0.000,0.000,-0.000,0.395,0.352,-0.016,0.311,-0.017,-0.010,-0.011,-0.051,-0.006,-0.000,-0.004,0.019,-0.037,14.178,16.388,-1.378,13.315,-1.465,-1.028,-1.176
-7.001,-7.000,0.000,1.000,-0.000,0.000,-0.000,0.411,0.389,-0.031,0.357,-0.034,-0.023,-0.026,-0.082,-0.015,-0.000,-0.008,0.021,-0.074,-10.132,-9.053,-1.554,-3.993,-1.909,-1.571,-1.869
-7.002,-7.000,0.000,1.000,-0.000,0.000,-0.001,0.241,0.216,-0.048,0.256,-0.055,-0.041,-0.048,-0.112,-0.018,-0.000,-0.002,0.018,-0.096,-20.025,-21.526,-1.855,-13.630,-2.377,-2.111,-2.516
-7.003,-7.000,0.000,1.000,-0.000,0.000,-0.001,0.100,0.056,-0.069,0.148,-0.082,-0.065,-0.076,-0.137,-0.015,-0.000,0.006,0.011,-0.093,-5.760,-7.910,-2.508,-5.785,-2.964,-2.609,-3.021
-7.005,-7.001,0.000,1.000,-0.000,0.000,-0.002,0.147,0.082,-0.098,0.170,-0.115,-0.093,-0.109,-0.157,-0.013,-0.000,0.006,0.005,-0.093,12.962,11.473,-3.244,8.831,-3.633,-3.034,-3.453
-7.007,-7.001,0.000,1.000,-0.000,0.000,-0.002,0.292,0.230,-0.133,0.276,-0.154,-0.125,-0.145,-0.180,-0.019,-0.001,-0.001,0.002,-0.121,12.899,14.963,-3.767,9.992,-4.206,-3.431,-3.957
-7.008,-7.001,0.000,1.000,-0.000,0.000,-0.003,0.354,0.320,-0.172,0.331,-0.198,-0.162,-0.188,-0.205,-0.028,-0.001,-0.006,0.002,-0.167,-1.077,1.804,-4.025,0.409,-4.680,-3.815,-4.529
-7.011,-7.001,0.000,1.000,-0.000,0.000,-0.004,0.283,0.268,-0.214,0.288,-0.247,-0.202,-0.236,-0.230,-0.033,-0.002,-0.001,0.002,-0.195,-11.270,-10.357,-4.267,-7.828,-5.115,-4.236,-5.086
-7.013,-7.002,0.000,1.000,-0.000,0.000,-0.005,0.179,0.166,-0.258,0.208,-0.301,-0.246,-0.289,-0.253,-0.030,-0.002,0.008,0.000,-0.194,-7.350,-7.746,-4.713,-6.549,-5.578,-4.686,-5.557
-7.016,-7.002,0.000,1.000,0.000,0.000,-0.006,0.166,0.146,-0.308,0.185,-0.359,-0.295,-0.347,-0.273,-0.027,-0.003,0.011,-0.002,-0.191,4.297,3.643,-5.275,1.866,-6.104,-5.095,-5.965
-7.018,-7.002,0.000,1.000,0.000,0.000,-0.007,0.241,0.221,-0.364,0.231,-0.423,-0.348,-0.409,-0.292,-0.030,-0.004,0.006,-0.003,-0.213,8.758,9.508,-5.749,6.072,-6.635,-5.443,-6.402
-7.021,-7.003,0.000,1.000,0.000,0.000,-0.008,0.302,0.296,-0.423,0.277,-0.492,-0.404,-0.475,-0.312,-0.037,-0.005,0.002,-0.002,-0.253,2.553,4.347,-6.058,2.288,-7.112,-5.760,-6.885
-7.025,-7.003,0.000,1.000,0.000,0.000,-0.009,0.285,0.295,-0.485,0.270,-0.565,-0.463,-0.546,-0.333,-0.041,-0.006,0.004,-0.001,-0.283,-5.122,-4.106,-6.310,-3.360,-7.539,-6.101,-7.366
-7.028,-7.003,0.000,1.000,0.000,0.000,-0.011,0.224,0.238,-0.549,0.225,-0.642,-0.526,-0.622,-0.353,-0.040,-0.007,0.012,-0.001,-0.288,-5.793,-5.871,-6.651,-4.636,-7.943,-6.485,-7.797
-7.032,-7.004,0.000,1.000,0.000,0.000,-0.012,0.194,0.204,-0.618,0.196,-0.724,-0.593,-0.702,-0.372,-0.037,-0.008,0.016,-0.001,-0.285,0.054,-0.476,-7.078,-0.773,-8.364,-6.861,-8.181
-7.036,-7.004,0.000,1.000,0.000,0.000,-0.014,0.222,0.229,-0.691,0.210,-0.810,-0.663,-0.786,-0.389,-0.038,-0.009,0.014,-0.002,-0.299,4.736,4.705,-7.483,3.057,-8.807,-7.187,-8.567
-7.040,-7.004,-0.000,1.000,0.000,0.000,-0.015,0.266,0.276,-0.767,0.241,-0.900,-0.737,-0.874,-0.406,-0.041,-0.010,0.009,-0.002,-0.327,3.111,3.866,-7.799,2.495,-9.242,-7.471,-8.976
-7.044,-7.005,-0.000,1.000,0.000,0.000,-0.017,0.273,0.292,-0.847,0.251,-0.994,-0.813,-0.965,-0.422,-0.044,-0.011,0.008,-0.002,-0.354,-1.480,-0.772,-8.063,-0.619,-9.648,-7.751,-9.384
-7.048,-7.005,-0.000,1.000,0.000,0.000,-0.019,0.245,0.267,-0.929,0.233,-1.093,-0.892,-1.061,-0.439,-0.044,-0.011,0.011,-0.001,-0.366,-3.497,-3.398,-8.350,-2.520,-10.020,-8.059,-9.764
-7.052,-7.006,-0.000,1.000,0.000,0.000,-0.021,0.219,0.240,-1.014,0.212,-1.195,-0.974,-1.161,-0.455,-0.041,-0.012,0.014,-0.001,-0.367,-1.311,-1.634,-8.679,-1.322,-10.373,-8.382,-10.114
-7.057,-7.006,-0.000,1.000,0.001,0.000,-0.022,0.223,0.240,-1.102,0.211,-1.300,-1.059,-1.263,-0.470,-0.039,-0.012,0.011,-0.002,-0.372,1.811,1.518,-9.006,0.982,-10.725,-8.685,-10.453
-7.062,-7.007,-0.001,1.000,0.001,0.000,-0.024,0.245,0.262,-1.194,0.225,-1.409,-1.148,-1.370,-0.484,-0.040,-0.012,0.006,-0.003,-0.388,2.207,2.384,-9.295,1.563,-11.084,-8.951,-10.796
-7.067,-7.007,-0.001,1.000,0.001,0.000,-0.026,0.258,0.278,-1.288,0.236,-1.522,-1.238,-1.479,-0.497,-0.041,-0.012,0.001,-0.003,-0.410,0.236,0.631,-9.553,0.416,-11.443,-9.189,-11.136
-7.072,-7.007,-0.001,1.000,0.001,0.000,-0.028,0.250,0.274,-1.385,0.232,-1.638,-1.331,-1.592,-0.510,-0.041,-0.011,-0.001,-0.003,-0.425,-1.538,-1.345,-9.806,-0.986,-11.783,-9.431,-11.460
-7.077,-7.008,-0.001,1.000,0.001,0.000,-0.031,0.235,0.258,-1.484,0.221,-1.757,-1.427,-1.708,-0.523,-0.039,-0.010,-0.002,-0.003,-0.431,-1.261,-1.343,-10.068,-1.029,-12.089,-9.691,-11.762
-7.082,-7.008,-0.001,0.999,0.001,0.000,-0.033,0.229,0.252,-1.586,0.215,-1.880,-1.525,-1.828,-0.535,-0.036,-0.009,-0.005,-0.003,-0.433,0.166,-0.015,-10.330,-0.097,-12.369,-9.956,-12.049
-7.088,-7.009,-0.001,0.999,0.001,0.000,-0.035,0.237,0.257,-1.691,0.219,-2.005,-1.626,-1.949,-0.547,-0.034,-0.008,-0.010,-0.004,-0.440,1.115,0.988,-10.577,0.685,-12.646,-10.202,-12.329
-7.093,-7.009,-0.001,0.999,0.000,0.000,-0.037,0.246,0.267,-1.798,0.225,-2.133,-1.729,-2.074,-0.558,-0.033,-0.006,-0.014,-0.004,-0.453,0.586,0.680,-10.807,0.458,-12.930,-10.419,-12.603
-7.099,-7.009,-0.001,0.999,0.000,0.000,-0.039,0.247,0.269,-1.907,0.227,-2.263,-1.834,-2.201,-0.569,-0.032,-0.005,-0.017,-0.005,-0.468,-0.284,-0.144,-11.028,-0.078,-13.212,-10.619,-12.867
-7.105,-7.009,-0.001,0.999,0.000,0.000,-0.042,0.242,0.265,-2.018,0.224,-2.397,-1.942,-2.331,-0.579,-0.031,-0.004,-0.017,-0.004,-0.478,-0.621,-0.575,-11.244,-0.419,-13.474,-10.823,-13.117
-7.110,-7.010,-0.001,0.999,0.000,0.000,-0.044,0.238,0.260,-2.132,0.221,-2.533,-2.051,-2.464,-0.590,-0.028,-0.002,-0.016,-0.004,-0.483,-0.239,-0.298,-11.456,-0.223,-13.711,-11.033,-13.355
-7.116,-7.010,-0.001,0.999,0.000,0.000,-0.047,0.237,0.259,-2.247,0.220,-2.671,-2.162,-2.598,-0.600,-0.025,-0.001,-0.014,-0.003,-0.488,0.134,0.034,-11.661,0.012,-13.935,-11.242,-13.582
-7.122,-7.010,-0.001,0.999,0.000,0.000,-0.049,0.239,0.261,-2.365,0.221,-2.812,-2.276,-2.735,-0.610,-0.022,-0.000,-0.012,-0.003,-0.495,0.244,0.220,-11.857,0.115,-14.156,-11.439,-13.804
-7.129,-7.010,-0.001,0.999,0.000,0.000,-0.052,0.241,0.263,-2.484,0.222,-2.954,-2.391,-2.874,-0.620,-0.019,0.000,-0.009,-0.003,-0.503,0.105,0.127,-12.046,0.049,-14.377,-11.621,-14.019
-7.135,-7.011,-0.001,0.999,-0.000,0.000,-0.054,0.242,0.263,-2.606,0.222,-3.099,-2.508,-3.016,-0.629,-0.017,0.001,-0.006,-0.002,-0.512,0.004,0.045,-12.228,0.014,-14.594,-11.795,-14.230
-7.141,-7.011,-0.001,0.998,-0.000,0.000,-0.057,0.242,0.264,-2.729,0.222,-3.246,-2.627,-3.159,-0.638,-0.014,0.001,-0.002,-0.002,-0.521,-0.031,0.012,-12.405,0.001,-14.805,-11.964,-14.435
-7.148,-7.011,-0.001,0.998,-0.000,0.000,-0.059,0.241,0.264,-2.854,0.222,-3.395,-2.747,-3.304,-0.647,-0.011,0.001,0.002,-0.001,-0.529,-0.033,0.002,-12.576,-0.003,-15.010,-12.129,-14.635
-7.154,-7.011,-0.001,0.998,-0.000,0.000,-0.062,0.241,0.264,-2.980,0.222,-3.546,-2.869,-3.452,-0.656,-0.008,0.001,0.004,-0.001,-0.536,-0.021,-0.000,-12.742,-0.004,-15.211,-12.290,-14.831
-7.161,-7.011,-0.001,0.998,0.000,0.000,-0.065,0.241,0.264,-3.109,0.222,-3.699,-2.993,-3.601,-0.665,-0.004,0.001,0.004,-0.001,-0.543,-0.009,0.000,-12.905,-0.003,-15.406,-12.446,-15.022
-7.167,-7.011,-0.001,0.998,0.000,0.000,-0.067,0.241,0.264,-3.238,0.222,-3.854,-3.118,-3.752,-0.673,-0.001,0.001,0.002,-0.002,-0.550,-0.000,0.001,-13.063,-0.002,-15.596,-12.600,-15.208
-7.174,-7.011,-0.001,0.998,0.000,0.000,-0.070,0.241,0.264,-3.370,0.222,-4.011,-3.245,-3.905,-0.681,0.003,0.001,-0.003,-0.002,-0.557,0.003,0.002,-13.219,-0.001,-15.780,-12.749,-15.389
-7.181,-7.011,-0.001,0.997,-0.000,0.000,-0.073,0.241,0.264,-3.503,0.222,-4.170,-3.373,-4.060,-0.689,0.007,0.002,-0.010,-0.003,-0.563,0.003,0.002,-13.371,0.000,-15.957,-12.897,-15.564
-7.188,-7.011,-0.001,0.997,-0.000,0.000,-0.076,0.241,0.264,-3.637,0.222,-4.330,-3.503,-4.216,-0.697,0.011,0.003,-0.020,-0.004,-0.570,0.003,0.003,-13.520,0.001,-16.125,-13.041,-15.731
-7.195,-7.011,-0.001,0.997,-0.000,0.000,-0.079,0.241,0.264,-3.773,0.222,-4.492,-3.634,-4.375,-0.705,0.015,0.004,-0.031,-0.005,-0.576,0.002,0.003,-13.667,0.001,-16.284,-13.184,-15.890
-7.202,-7.011,-0.001,0.997,-0.000,0.000,-0.082,0.241,0.264,-3.911,0.222,-4.656,-3.767,-4.534,-0.712,0.019,0.006,-0.042,-0.006,-0.583,0.001,0.003,-13.810,0.001,-16.432,-13.325,-16.040
-7.209,-7.010,-0.001,0.996,-0.001,0.000,-0.084,0.241,0.264,-4.049,0.222,-4.821,-3.901,-4.695,-0.720,0.023,0.008,-0.053,-0.006,-0.589,0.001,0.003,-13.951,0.002,-16.568,-13.464,-16.179
-7.216,-7.010,-0.001,0.996,-0.001,0.000,-0.087,0.241,0.264,-4.190,0.222,-4.987,-4.036,-4.858,-0.727,0.028,0.010,-0.061,-0.007,-0.596,0.001,0.003,-14.088,0.002,-16.694,-13.600,-16.308
-7.224,-7.010,-0.001,0.996,-0.001,0.000,-0.090,0.241,0.264,-4.331,0.222,-5.155,-4.173,-5.021,-0.735,0.032,0.012,-0.065,-0.006,-0.603,0.001,0.003,-14.221,0.002,-16.809,-13.733,-16.427
-7.231,-7.010,-0.001,0.996,-0.002,0.000,-0.093,0.241,0.264,-4.474,0.222,-5.323,-4.311,-5.186,-0.742,0.037,0.014,-0.064,-0.005,-0.609,0.001,0.003,-14.348,0.002,-16.915,-13.862,-16.536
-7.239,-7.009,-0.001,0.995,-0.002,0.000,-0.096,0.241,0.264,-4.618,0.222,-5.493,-4.450,-5.352,-0.749,0.042,0.015,-0.056,-0.003,-0.615,0.001,0.003,-14.468,0.001,-17.015,-13.985,-16.638
-7.246,-7.009,-0.000,0.995,-0.002,0.000,-0.100,0.241,0.264,-4.763,0.222,-5.664,-4.590,-5.519,-0.756,0.047,0.016,-0.043,-0.001,-0.622,0.001,0.003,-14.581,0.001,-17.111,-14.100,-16.735
-7.254,-7.008,-0.000,0.995,-0.002,0.000,-0.103,0.241,0.264,-4.910,0.222,-5.835,-4.732,-5.687,-0.763,0.052,0.016,-0.022,0.001,-0.627,0.001,0.003,-14.685,0.001,-17.207,-14.207,-16.829
-7.261,-7.008,-0.000,0.994,-0.002,0.000,-0.106,0.241,0.264,-5.057,0.222,-6.008,-4.874,-5.856,-0.770,0.058,0.016,0.003,0.004,-0.633,0.001,0.004,-14.779,0.001,-17.306,-14.305,-16.923
-7.269,-7.007,-0.000,0.994,-0.002,0.000,-0.109,0.241,0.264,-5.205,0.222,-6.181,-5.018,-6.025,-0.777,0.063,0.014,0.032,0.007,-0.638,0.001,0.004,-14.863,0.000,-17.410,-14.390,-17.020
-7.277,-7.006,0.000,0.994,-0.002,0.000,-0.112,0.241,0.264,-5.354,0.222,-6.356,-5.162,-6.196,-0.783,0.069,0.012,0.062,0.009,-0.643,0.001,0.005,-14.938,-0.000,-17.523,-14.465,-17.123
-7.285,-7.006,0.000,0.993,-0.002,0.000,-0.115,0.241,0.264,-5.504,0.222,-6.532,-5.307,-6.368,-0.789,0.074,0.009,0.091,0.012,-0.648,0.001,0.006,-15.002,-0.001,-17.645,-14.527,-17.232
-7.293,-7.005,0.000,0.993,-0.001,0.000,-0.119,0.241,0.264,-5.654,0.222,-6.709,-5.453,-6.541,-0.794,0.080,0.005,0.116,0.013,-0.652,0.001,0.006,-15.059,-0.001,-17.777,-14.579,-17.350
-7.301,-7.004,0.000,0.993,-0.000,0.000,-0.122,0.241,0.264,-5.805,0.222,-6.888,-5.599,-6.715,-0.798,0.086,0.001,0.136,0.014,-0.655,0.001,0.007,-15.108,-0.002,-17.920,-14.621,-17.476
-7.309,-7.003,0.000,0.992,0.000,0.000,-0.125,0.241,0.264,-5.956,0.222,-7.067,-5.745,-6.890,-0.802,0.091,-0.003,0.147,0.013,-0.659,0.000,0.007,-15.152,-0.002,-18.070,-14.655,-17.609
-7.317,-7.002,0.000,0.992,0.001,0.000,-0.128,0.241,0.264,-6.108,0.222,-7.249,-5.892,-7.067,-0.806,0.097,-0.006,0.149,0.012,-0.661,0.000,0.006,-15.193,-0.003,-18.227,-14.684,-17.749
-7.325,-7.001,0.000,0.991,0.002,-0.000,-0.132,0.241,0.264,-6.260,0.222,-7.432,-6.039,-7.245,-0.809,0.103,-0.009,0.140,0.010,-0.664,-0.000,0.006,-15.233,-0.003,-18.386,-14.710,-17.892
-7.333,-7.000,0.000,0.991,0.002,-0.000,-0.135,0.241,0.265,-6.413,0.222,-7.617,-6.186,-7.425,-0.811,0.109,-0.012,0.122,0.007,-0.666,-0.000,0.005,-15.275,-0.003,-18.542,-14.737,-18.035
-7.341,-6.999,-0.000,0.990,0.003,-0.000,-0.138,0.241,0.265,-6.566,0.222,-7.803,-6.333,-7.606,-0.813,0.115,-0.013,0.096,0.003,-0.668,-0.001,0.004,-15.321,-0.004,-18.693,-14.767,-18.175
-7.349,-6.998,-0.000,0.990,0.003,-0.000,-0.142,0.241,0.265,-6.719,0.222,-7.990,-6.481,-7.788,-0.814,0.120,-0.014,0.063,0.000,-0.671,-0.001,0.003,-15.373,-0.004,-18.833,-14.803,-18.308
-7.357,-6.997,-0.000,0.989,0.004,-0.000,-0.145,0.241,0.265,-6.873,0.222,-8.179,-6.630,-7.972,-0.815,0.126,-0.014,0.027,-0.003,-0.673,-0.001,0.001,-15.432,-0.005,-18.960,-14.847,-18.432
-7.365,-6.995,-0.000,0.989,0.004,-0.000,-0.148,0.241,0.265,-7.028,0.222,-8.370,-6.778,-8.157,-0.816,0.132,-0.014,-0.009,-0.005,-0.675,-0.001,0.000,-15.499,-0.005,-19.072,-14.901,-18.544
-7.374,-6.994,-0.001,0.988,0.003,-0.000,-0.152,0.241,0.265,-7.183,0.222,-8.561,-6.928,-8.343,-0.817,0.138,-0.013,-0.042,-0.006,-0.677,-0.001,-0.001,-15.575,-0.006,-19.169,-14.965,-18.643
-7.382,-6.993,-0.001,0.988,0.003,-0.000,-0.155,0.241,0.265,-7.339,0.221,-8.753,-7.078,-8.530,-0.818,0.144,-0.012,-0.069,-0.007,-0.680,-0.001,-0.001,-15.659,-0.006,-19.250,-15.039,-18.728
-7.390,-6.991,-0.001,0.987,0.003,-0.000,-0.158,0.241,0.265,-7.496,0.221,-8.946,-7.228,-8.717,-0.819,0.149,-0.011,-0.087,-0.008,-0.682,-0.001,-0.002,-15.749,-0.005,-19.317,-15.122,-18.800
-7.398,-6.990,-0.001,0.987,0.002,-0.000,-0.162,0.241,0.265,-7.654,0.221,-9.139,-7.380,-8.906,-0.820,0.155,-0.010,-0.096,-0.008,-0.684,-0.001,-0.003,-15.844,-0.005,-19.374,-15.211,-18.861
-7.406,-6.988,-0.001,0.986,0.002,-0.000,-0.165,0.241,0.265,-7.813,0.221,-9.333,-7.533,-9.095,-0.821,0.161,-0.009,-0.097,-0.008,-0.687,-0.001,-0.004,-15.939,-0.004,-19.424,-15.304,-18.914
-7.415,-6.986,-0.001,0.986,0.001,0.000,-0.168,0.241,0.265,-7.973,0.221,-9.528,-7.686,-9.284,-0.821,0.167,-0.008,-0.089,-0.009,-0.689,-0.001,-0.004,-16.033,-0.003,-19.468,-15.399,-18.961
-7.423,-6.985,-0.001,0.985,0.001,0.000,-0.172,0.241,0.264,-8.134,0.221,-9.723,-7.841,-9.474,-0.822,0.174,-0.006,-0.076,-0.009,-0.691,-0.001,-0.004,-16.123,-0.002,-19.510,-15.492,-19.006
-7.431,-6.983,-0.001,0.985,0.001,0.000,-0.175,0.241,0.264,-8.296,0.221,-9.918,-7.996,-9.664,-0.823,0.180,-0.005,-0.060,-0.010,-0.693,-0.000,-0.004,-16.207,-0.000,-19.550,-15.581,-19.050
-7.439,-6.981,-0.001,0.984,0.000,0.000,-0.179,0.241,0.264,-8.458,0.221,-10.114,-8.152,-9.855,-0.824,0.186,-0.004,-0.046,-0.011,-0.695,-0.000,-0.004,-16.284,0.001,-19.591,-15.665,-19.096
-7.447,-6.979,-0.001,0.983,0.000,0.000,-0.182,0.241,0.264,-8.621,0.221,-10.310,-8.309,-10.046,-0.825,0.192,-0.002,-0.034,-0.012,-0.697,0.000,-0.004,-16.354,0.002,-19.630,-15.744,-19.143
-7.456,-6.977,-0.001,0.983,-0.000,-0.000,-0.185,0.241,0.264,-8.785,0.221,-10.506,-8.467,-10.238,-0.826,0.198,0.000,-0.029,-0.013,-0.698,0.000,-0.003,-16.418,0.003,-19.668,-15.817,-19.190
-7.464,-6.975,-0.001,0.982,-0.000,-0.000,-0.189,0.241,0.264,-8.950,0.221,-10.703,-8.626,-10.430,-0.827,0.204,0.003,-0.031,-0.013,-0.700,0.000,-0.003,-16.478,0.004,-19.701,-15.886,-19.237
-7.472,-6.973,-0.001,0.981,-0.000,-0.000,-0.192,0.241,0.264,-9.115,0.221,-10.900,-8.785,-10.622,-0.828,0.211,0.005,-0.039,-0.013,-0.703,0.000,-0.003,-16.536,0.004,-19.727,-15.952,-19.280
-7.481,-6.971,-0.001,0.981,-0.001,-0.000,-0.196,0.241,0.264,-9.280,0.221,-11.098,-8.945,-10.815,-0.830,0.217,0.008,-0.054,-0.012,-0.705,0.000,-0.002,-16.594,0.004,-19.746,-16.017,-19.317
-7.489,-6.969,-0.001,0.980,-0.001,-0.000,-0.199,0.241,0.264,-9.447,0.221,-11.295,-9.105,-11.009,-0.831,0.224,0.010,-0.071,-0.009,-0.708,0.000,-0.002,-16.654,0.004,-19.757,-16.083,-19.346
-7.497,-6.967,-0.001,0.979,-0.001,-0.000,-0.203,0.241,0.264,-9.613,0.221,-11.493,-9.266,-11.202,-0.833,0.230,0.012,-0.087,-0.005,-0.711,0.000,-0.001,-16.717,0.003,-19.760,-16.150,-19.365
-7.506,-6.964,-0.001,0.979,-0.002,0.000,-0.206,0.241,0.264,-9.781,0.222,-11.690,-9.428,-11.396,-0.835,0.237,0.013,-0.100,-0.001,-0.714,0.000,-0.000,-16.784,0.003,-19.756,-16.219,-19.373
-7.514,-6.962,-0.001,0.978,-0.002,0.000,-0.210,0.241,0.264,-9.949,0.222,-11.888,-9.591,-11.590,-0.837,0.244,0.013,-0.105,0.004,-0.717,0.000,0.000,-16.853,0.002,-19.750,-16.290,-19.373
-7.522,-6.959,-0.001,0.977,-0.003,0.000,-0.213,0.241,0.264,-10.118,0.222,-12.085,-9.754,-11.783,-0.839,0.252,0.012,-0.100,0.009,-0.720,0.000,0.001,-16.923,0.001,-19.745,-16.360,-19.366
-7.531,-6.957,-0.000,0.976,-0.003,0.000,-0.217,0.241,0.264,-10.288,0.222,-12.283,-9.918,-11.977,-0.841,0.259,0.011,-0.084,0.014,-0.723,0.000,0.002,-16.990,0.001,-19.744,-16.428,-19.356
-7.539,-6.954,-0.000,0.975,-0.004,0.001,-0.220,0.241,0.264,-10.458,0.222,-12.480,-10.082,-12.171,-0.842,0.266,0.009,-0.056,0.016,-0.726,0.000,0.002,-17.050,-0.000,-19.753,-16.489,-19.348
-7.547,-6.952,-0.000,0.975,-0.004,0.001,-0.224,0.241,0.264,-10.629,0.222,-12.678,-10.248,-12.364,-0.843,0.273,0.006,-0.018,0.017,-0.728,0.000,0.003,-17.099,-0.001,-19.774,-16.541,-19.346
-7.556,-6.949,-0.000,0.974,-0.004,0.001,-0.227,0.241,0.264,-10.800,0.222,-12.876,-10.413,-12.557,-0.843,0.280,0.003,0.026,0.017,-0.729,0.000,0.004,-17.135,-0.001,-19.809,-16.581,-19.356
-7.564,-6.946,-0.000,0.973,-0.003,0.001,-0.231,0.241,0.264,-10.971,0.222,-13.074,-10.579,-12.751,-0.843,0.287,0.001,0.074,0.014,-0.730,0.001,0.005,-17.153,-0.002,-19.861,-16.606,-19.382
-7.573,-6.943,-0.000,0.972,-0.003,0.001,-0.235,0.241,0.264,-11.143,0.222,-13.273,-10.745,-12.945,-0.843,0.294,-0.002,0.121,0.011,-0.730,0.001,0.006,-17.153,-0.002,-19.930,-16.615,-19.425
-7.581,-6.940,-0.000,0.971,-0.002,0.001,-0.238,0.241,0.264,-11.314,0.222,-13.473,-10.911,-13.140,-0.842,0.301,-0.003,0.162,0.007,-0.730,0.001,0.007,-17.134,-0.002,-20.015,-16.606,-19.486
-7.590,-6.937,-0.000,0.970,-0.001,0.000,-0.242,0.241,0.265,-11.485,0.221,-13.673,-11.077,-13.335,-0.840,0.307,-0.004,0.193,0.003,-0.730,0.001,0.008,-17.100,-0.002,-20.112,-16.581,-19.565
-7.598,-6.934,-0.000,0.969,-0.000,0.000,-0.245,0.241,0.265,-11.656,0.221,-13.875,-11.243,-13.531,-0.839,0.313,-0.004,0.210,-0.002,-0.729,0.001,0.009,-17.052,-0.001,-20.218,-16.542,-19.658
-7.606,-6.931,-0.000,0.969,0.001,-0.000,-0.249,0.241,0.265,-11.826,0.221,-14.078,-11.408,-13.728,-0.837,0.319,-0.003,0.212,-0.007,-0.729,0.001,0.009,-16.995,-0.001,-20.327,-16.491,-19.761
-7.615,-6.928,-0.000,0.968,0.002,-0.000,-0.252,0.241,0.265,-11.996,0.221,-14.282,-11.573,-13.926,-0.835,0.325,-0.002,0.198,-0.010,-0.729,0.001,0.008,-16.935,-0.001,-20.435,-16.433,-19.869
-7.623,-6.924,-0.000,0.967,0.003,-0.001,-0.256,0.241,0.265,-12.165,0.221,-14.486,-11.737,-14.126,-0.833,0.331,-0.001,0.173,-0.010,-0.729,0.001,0.007,-16.879,-0.001,-20.536,-16.375,-19.976
-7.631,-6.921,-0.000,0.966,0.003,-0.001,-0.259,0.241,0.265,-12.334,0.221,-14.692,-11.900,-14.326,-0.831,0.338,0.000,0.138,-0.008,-0.729,0.000,0.005,-16.830,-0.001,-20.627,-16.320,-20.078
-7.640,-6.917,-0.000,0.965,0.004,-0.001,-0.263,0.241,0.265,-12.502,0.221,-14.899,-12.063,-14.527,-0.829,0.344,0.001,0.097,-0.004,-0.730,0.000,0.003,-16.795,-0.001,-20.705,-16.272,-20.170
-7.648,-6.914,-0.000,0.964,0.005,-0.001,-0.266,-0.275,-0.186,-12.665,-0.150,-15.109,-12.228,-14.727,-0.800,0.393,0.020,0.260,-0.057,-0.386,-84.168,-74.266,-16.144,-66.818,-21.073,-16.637,-19.570
-7.655,-6.910,0.000,0.964,0.005,-0.003,-0.266,-0.895,-0.741,-12.829,-0.702,-15.311,-12.396,-14.914,-0.724,0.459,0.094,0.236,-0.523,0.067,-30.066,-28.537,-16.634,-30.656,-19.352,-16.996,-18.149
-7.663,-6.905,0.001,0.964,0.005,-0.006,-0.266,-0.963,-0.841,-12.996,-0.777,-15.502,-12.567,-15.095,-0.739,0.451,0.052,-0.009,-0.327,0.004,13.784,7.655,-16.751,16.998,-19.073,-17.152,-18.204
-7.670,-6.900,0.001,0.964,0.005,-0.006,-0.266,-0.672,-0.634,-13.164,-0.397,-15.693,-12.739,-15.279,-0.763,0.441,-0.011,-0.163,0.027,-0.104,40.609,30.224,-16.861,53.902,-19.106,-17.259,-18.627
-7.678,-6.896,0.001,0.964,0.004,-0.005,-0.266,-0.273,-0.327,-13.333,0.118,-15.884,-12.913,-15.466,-0.774,0.449,-0.069,-0.213,0.382,-0.079,31.662,26.284,-16.965,39.892,-19.212,-17.589,-18.835
-7.686,-6.891,-0.000,0.964,0.004,-0.002,-0.267,-0.189,-0.226,-13.503,0.246,-16.077,-13.092,-15.655,-0.776,0.456,-0.107,-0.246,0.634,-0.013,-14.542,-6.762,-17.027,-13.890,-19.412,-17.946,-18.790
-7.693,-6.887,-0.001,0.964,0.003,-0.000,-0.267,-0.479,-0.411,-13.673,-0.094,-16.271,-13.269,-15.839,-0.732,0.459,-0.015,-0.058,0.037,0.101,-32.125,-21.317,-16.972,-42.484,-19.104,-17.630,-17.941
-7.700,-6.882,-0.001,0.964,0.004,-0.001,-0.265,-0.677,-0.537,-13.846,-0.420,-16.457,-13.446,-16.013,-0.679,0.502,0.034,0.189,-0.233,0.401,-8.469,-5.814,-17.575,-21.385,-18.177,-17.810,-16.878
-7.707,-6.877,-0.000,0.965,0.004,-0.002,-0.263,-0.673,-0.543,-14.022,-0.522,-16.634,-13.626,-16.177,-0.660,0.532,0.035,-0.049,-0.289,0.690,7.916,4.353,-17.727,0.230,-17.286,-18.371,-16.123
-7.714,-6.872,0.000,0.966,0.003,-0.003,-0.259,-0.551,-0.467,-14.200,-0.448,-16.805,-13.813,-16.337,-0.656,0.550,0.009,-0.197,-0.155,0.861,14.425,9.523,-17.814,11.876,-16.865,-18.926,-15.746
-7.720,-6.866,-0.000,0.967,0.002,-0.003,-0.255,-0.435,-0.385,-14.379,-0.351,-16.973,-14.005,-16.494,-0.669,0.554,-0.037,-0.233,0.145,0.902,7.534,5.923,-17.921,5.785,-16.873,-19.409,-15.776
-7.727,-6.860,-0.001,0.968,0.001,-0.002,-0.250,-0.399,-0.351,-14.559,-0.335,-17.142,-14.201,-16.652,-0.681,0.550,-0.054,-0.286,0.273,0.895,0.272,1.064,-18.005,-2.192,-16.809,-19.713,-15.862
-7.734,-6.855,-0.001,0.969,-0.000,-0.000,-0.246,-0.417,-0.357,-14.742,-0.382,-17.308,-14.397,-16.810,-0.669,0.541,-0.028,-0.188,0.123,0.906,-3.289,-1.854,-18.848,-6.537,-16.503,-19.627,-15.549
-7.740,-6.850,-0.001,0.970,-0.001,0.000,-0.241,-0.442,-0.373,-14.935,-0.424,-17.472,-14.594,-16.963,-0.654,0.541,-0.007,-0.097,0.013,0.986,-1.727,-1.315,-19.640,-2.393,-16.214,-19.605,-15.072
-7.747,-6.844,-0.001,0.972,-0.001,0.000,-0.236,-0.453,-0.383,-15.134,-0.437,-17.633,-14.790,-17.111,-0.647,0.540,0.005,-0.054,-0.038,1.055,-0.585,-0.655,-20.168,-0.438,-16.024,-19.647,-14.704
-7.753,-6.839,-0.001,0.973,-0.002,-0.000,-0.231,-0.455,-0.387,-15.337,-0.437,-17.793,-14.987,-17.257,-0.646,0.537,0.012,-0.036,-0.056,1.096,0.037,-0.161,-20.499,0.377,-15.903,-19.702,-14.477
-7.760,-6.833,-0.001,0.974,-0.002,-0.000,-0.226,-0.454,-0.387,-15.544,-0.431,-17.951,-15.184,-17.401,-0.651,0.532,0.016,-0.033,-0.058,1.116,0.254,0.045,-20.695,0.620,-15.828,-19.755,-14.363
-7.766,-6.828,-0.001,0.975,-0.002,-0.001,-0.220,-0.451,-0.386,-15.751,-0.425,-18.109,-15.382,-17.545,-0.658,0.526,0.017,-0.039,-0.051,1.123,0.259,0.109,-20.807,0.606,-15.792,-19.803,-14.317
-7.773,-6.823,-0.001,0.977,-0.002,-0.001,-0.215,-0.449,-0.385,-15.960,-0.419,-18.267,-15.580,-17.688,-0.666,0.520,0.016,-0.051,-0.036,1.122,0.184,0.111,-20.870,0.498,-15.773,-19.851,-14.319
-7.780,-6.818,-0.000,0.978,-0.003,-0.001,-0.209,-0.447,-0.384,-16.168,-0.415,-18.425,-15.779,-17.831,-0.676,0.512,0.013,-0.064,-0.015,1.116,0.103,0.091,-20.911,0.374,-15.764,-19.901,-14.346
-7.786,-6.813,-0.000,0.979,-0.003,-0.001,-0.204,-0.446,-0.383,-16.378,-0.412,-18.582,-15.978,-17.975,-0.685,0.505,0.010,-0.071,0.003,1.112,0.045,0.067,-20.949,0.266,-15.760,-19.950,-14.371
-7.793,-6.808,-0.000,0.980,-0.003,-0.001,-0.198,-0.446,-0.383,-16.587,-0.410,-18.740,-16.178,-18.119,-0.693,0.499,0.008,-0.069,0.010,1.114,0.012,0.046,-20.995,0.182,-15.755,-19.999,-14.372
-7.800,-6.803,-0.000,0.981,-0.004,-0.000,-0.193,-0.446,-0.382,-16.798,-0.408,-18.898,-16.378,-18.262,-0.699,0.494,0.007,-0.057,0.005,1.124,-0.004,0.030,-21.057,0.120,-15.750,-20.048,-14.338
-7.807,-6.798,-0.000,0.982,-0.004,-0.000,-0.187,-0.446,-0.382,-17.009,-0.407,-19.055,-16.579,-18.405,-0.703,0.489,0.008,-0.035,-0.003,1.142,-0.010,0.017,-21.135,0.076,-15.748,-20.098,-14.273
-7.814,-6.793,-0.000,0.983,-0.004,-0.000,-0.182,-0.446,-0.382,-17.220,-0.407,-19.213,-16.780,-18.548,-0.707,0.485,0.007,-0.007,-0.007,1.170,-0.011,0.009,-21.229,0.046,-15.753,-20.152,-14.185
-7.821,-6.788,0.000,0.984,-0.004,-0.000,-0.176,-0.446,-0.382,-17.433,-0.406,-19.370,-16.982,-18.689,-0.711,0.482,0.007,0.027,-0.003,1.200,-0.009,0.004,-21.330,0.027,-15.769,-20.204,-14.093
-7.829,-6.783,0.000,0.985,-0.004,-0.000,-0.170,-0.447,-0.382,-17.647,-0.406,-19.528,-17.184,-18.829,-0.716,0.477,0.006,0.065,-0.000,1.223,-0.006,0.002,-21.402,0.015,-15.797,-20.243,-14.034
-7.836,-6.779,0.000,0.986,-0.003,-0.000,-0.164,-0.447,-0.382,-17.861,-0.406,-19.686,-17.386,-18.970,-0.722,0.472,0.005,0.119,0.014,1.249,-0.003,0.003,-21.470,0.010,-15.845,-20.280,-13.993
-7.843,-6.774,0.000,0.987,-0.002,-0.000,-0.158,-0.447,-0.382,-18.076,-0.406,-19.845,-17.589,-19.109,-0.729,0.467,0.001,0.174,0.038,1.276,-0.000,0.005,-21.540,0.008,-15.914,-20.309,-13.969
-7.850,-6.769,0.000,0.988,-0.002,-0.000,-0.151,-0.447,-0.382,-18.292,-0.406,-20.004,-17.792,-19.249,-0.736,0.459,-0.000,0.194,0.046,1.284,0.001,0.006,-21.553,0.005,-15.983,-20.298,-14.003
-7.858,-6.765,0.000,0.989,-0.001,-0.000,-0.145,-0.447,-0.382,-18.507,-0.406,-20.165,-17.995,-19.390,-0.746,0.448,0.001,0.173,0.034,1.273,0.001,0.006,-21.497,0.002,-16.057,-20.240,-14.094
-7.865,-6.760,0.000,0.990,0.000,-0.000,-0.139,-0.447,-0.382,-18.722,-0.406,-20.326,-18.197,-19.531,-0.754,0.438,-0.000,0.155,0.033,1.266,0.001,0.007,-21.455,0.001,-16.139,-20.179,-14.185
-7.873,-6.756,0.000,0.991,0.001,-0.000,-0.132,-0.447,-0.382,-18.936,-0.406,-20.487,-18.399,-19.673,-0.762,0.427,-0.003,0.134,0.034,1.257,0.001,0.009,-21.427,0.001,-16.219,-20.115,-14.281
-7.880,-6.752,0.000,0.992,0.002,-0.000,-0.126,-0.447,-0.382,-19.150,-0.406,-20.650,-18.600,-19.817,-0.769,0.416,-0.006,0.108,0.034,1.244,0.002,0.011,-21.407,0.001,-16.292,-20.050,-14.381
-7.888,-6.748,0.000,0.993,0.002,0.000,-0.120,-0.447,-0.381,-19.364,-0.406,-20.813,-18.800,-19.961,-0.777,0.404,-0.009,0.078,0.025,1.225,0.002,0.013,-21.369,0.002,-16.360,-19.988,-14.493
-7.896,-6.744,-0.000,0.993,0.002,0.000,-0.114,-0.447,-0.381,-19.578,-0.406,-20.977,-18.999,-20.107,-0.784,0.391,-0.010,0.044,0.010,1.201,0.003,0.014,-21.318,0.003,-16.419,-19.935,-14.613
-7.904,-6.740,-0.000,0.994,0.003,0.000,-0.108,-0.446,-0.381,-19.791,-0.406,-21.142,-19.199,-20.253,-0.791,0.377,-0.012,0.009,-0.001,1.175,0.003,0.013,-21.273,0.004,-16.467,-19.900,-14.737
-7.912,-6.736,-0.000,0.995,0.002,0.000,-0.102,-0.446,-0.381,-20.003,-0.406,-21.306,-19.397,-20.401,-0.797,0.364,-0.015,-0.024,-0.003,1.150,0.002,0.011,-21.243,0.004,-16.506,-19.887,-14.855
-7.920,-6.733,-0.000,0.995,0.002,0.000,-0.097,-0.446,-0.381,-20.216,-0.406,-21.472,-19.596,-20.550,-0.801,0.352,-0.016,-0.055,-0.005,1.131,0.002,0.008,-21.233,0.004,-16.541,-19.893,-14.943
-7.928,-6.729,-0.001,0.996,0.002,0.000,-0.091,-0.446,-0.381,-20.428,-0.405,-21.637,-19.795,-20.700,-0.805,0.341,-0.017,-0.076,-0.009,1.119,0.001,0.004,-21.242,0.004,-16.557,-19.920,-14.997
-7.936,-6.726,-0.001,0.996,0.002,-0.000,-0.086,-0.446,-0.381,-20.641,-0.405,-21.803,-19.995,-20.850,-0.807,0.331,-0.015,-0.084,-0.018,1.114,0.000,0.001,-21.269,0.003,-16.546,-19.964,-15.015
-7.944,-6.722,-0.001,0.997,0.001,-0.000,-0.080,-0.446,-0.381,-20.853,-0.405,-21.968,-20.195,-21.000,-0.809,0.323,-0.012,-0.082,-0.029,1.116,-0.000,-0.002,-21.308,0.002,-16.517,-20.020,-15.004
-7.952,-6.719,-0.001,0.997,0.001,-0.000,-0.074,-0.446,-0.381,-21.067,-0.405,-22.133,-20.395,-21.150,-0.810,0.315,-0.007,-0.075,-0.042,1.122,-0.001,-0.004,-21.349,0.002,-16.489,-20.081,-14.969
-7.960,-6.716,-0.001,0.998,0.000,-0.000,-0.069,-0.446,-0.381,-21.280,-0.405,-22.298,-20.596,-21.300,-0.811,0.307,-0.003,-0.065,-0.049,1.130,-0.001,-0.005,-21.388,0.002,-16.464,-20.144,-14.928
-7.968,-6.713,-0.001,0.998,0.000,-0.001,-0.063,-0.446,-0.381,-21.494,-0.405,-22.462,-20.798,-21.449,-0.813,0.299,-0.000,-0.053,-0.047,1.138,-0.001,-0.006,-21.425,0.002,-16.442,-20.208,-14.891
-7.976,-6.710,-0.001,0.998,-0.000,-0.001,-0.057,-0.446,-0.381,-21.709,-0.405,-22.627,-21.000,-21.598,-0.816,0.291,0.001,-0.038,-0.036,1.147,-0.000,-0.005,-21.463,0.002,-16.423,-20.270,-14.862
-7.985,-6.707,-0.001,0.999,-0.000,-0.001,-0.052,-0.446,-0.381,-21.924,-0.405,-22.791,-21.203,-21.746,-0.819,0.283,0.001,-0.023,-0.020,1.154,0.000,-0.005,-21.504,0.003,-16.406,-20.325,-14.843
-7.993,-6.705,-0.001,0.999,-0.000,-0.001,-0.046,-0.446,-0.381,-22.139,-0.405,-22.955,-21.407,-21.894,-0.823,0.274,0.001,-0.011,-0.005,1.159,0.001,-0.003,-21.540,0.004,-16.389,-20.368,-14.836
-8.001,-6.702,-0.001,0.999,-0.001,-0.001,-0.040,-0.446,-0.381,-22.354,-0.405,-23.119,-21.611,-22.043,-0.827,0.265,0.001,-0.003,0.002,1.159,0.001,-0.002,-21.566,0.005,-16.373,-20.397,-14.845
-8.009,-6.699,-0.001,0.999,-0.001,-0.001,-0.034,-0.446,-0.381,-22.570,-0.405,-23.282,-21.815,-22.191,-0.831,0.255,0.002,0.001,0.000,1.155,0.001,-0.002,-21.577,0.006,-16.358,-20.414,-14.868
-8.018,-6.697,-0.001,1.000,-0.001,-0.001,-0.029,-0.446,-0.381,-22.786,-0.405,-23.446,-22.019,-22.340,-0.835,0.244,0.003,0.001,-0.010,1.148,0.002,-0.002,-21.574,0.007,-16.345,-20.423,-14.902
-8.026,-6.694,-0.001,1.000,-0.001,-0.001,-0.023,-0.446,-0.381,-23.002,-0.405,-23.609,-22.223,-22.489,-0.839,0.233,0.005,-0.001,-0.024,1.142,0.002,-0.002,-21.562,0.008,-16.335,-20.431,-14.937
-8.034,-6.692,-0.001,1.000,-0.001,-0.001,-0.017,-0.446,-0.381,-23.217,-0.405,-23.772,-22.428,-22.639,-0.843,0.223,0.007,-0.002,-0.040,1.138,0.001,-0.004,-21.546,0.008,-16.324,-20.443,-14.968
-8.043,-6.690,-0.001,1.000,-0.001,-0.002,-0.012,-0.446,-0.381,-23.433,-0.405,-23.936,-22.632,-22.789,-0.846,0.214,0.010,-0.001,-0.053,1.137,0.001,-0.005,-21.528,0.008,-16.307,-20.464,-14.996
-8.051,-6.688,-0.001,1.000,-0.001,-0.002,-0.006,-0.446,-0.381,-23.648,-0.405,-24.099,-22.837,-22.939,-0.850,0.204,0.012,0.003,-0.061,1.139,0.001,-0.007,-21.509,0.008,-16.282,-20.492,-15.018
-8.060,-6.686,-0.001,1.000,-0.001,-0.002,-0.000,-0.446,-0.381,-23.863,-0.405,-24.261,-23.042,-23.089,-0.854,0.196,0.014,0.010,-0.063,1.142,0.000,-0.009,-21.488,0.007,-16.253,-20.525,-15.038
-8.068,-6.684,-0.000,1.000,-0.001,-0.002,0.006,-0.446,-0.381,-24.078,-0.405,-24.424,-23.247,-23.240,-0.858,0.187,0.017,0.019,-0.059,1.148,-0.000,-0.009,-21.464,0.006,-16.230,-20.558,-15.054
-8.077,-6.682,-0.000,1.000,-0.000,-0.003,0.011,-0.446,-0.382,-24.292,-0.405,-24.586,-23.453,-23.390,-0.863,0.178,0.018,0.029,-0.045,1.154,-0.001,-0.009,-21.439,0.004,-16.214,-20.587,-15.070
-8.086,-6.680,-0.000,1.000,-0.000,-0.003,0.017,-0.446,-0.382,-24.506,-0.405,-24.748,-23.659,-23.541,-0.867,0.169,0.018,0.037,-0.020,1.160,-0.001,-0.007,-21.420,0.001,-16.206,-20.609,-15.088
-8.094,-6.679,0.000,1.000,-0.000,-0.003,0.023,-0.446,-0.382,-24.720,-0.405,-24.910,-23.865,-23.692,-0.872,0.160,0.017,0.044,0.012,1.165,-0.001,-0.004,-21.409,-0.002,-16.207,-20.620,-15.108
-8.103,-6.677,0.000,1.000,0.000,-0.003,0.029,-0.446,-0.382,-24.935,-0.405,-25.072,-24.071,-23.843,-0.877,0.150,0.014,0.044,0.047,1.168,-0.001,0.000,-21.406,-0.005,-16.228,-20.612,-15.126
-8.112,-6.676,0.000,0.999,0.000,-0.002,0.035,-0.446,-0.382,-25.149,-0.405,-25.235,-24.277,-23.994,-0.882,0.140,0.010,0.038,0.080,1.169,-0.001,0.004,-21.412,-0.007,-16.268,-20.585,-15.141
-8.121,-6.674,0.000,0.999,0.000,-0.002,0.040,-0.446,-0.382,-25.363,-0.405,-25.398,-24.483,-24.146,-0.886,0.129,0.006,0.024,0.107,1.167,-0.001,0.007,-21.428,-0.009,-16.321,-20.541,-15.149
-8.130,-6.673,0.001,0.999,0.000,-0.001,0.046,-0.446,-0.382,-25.577,-0.405,-25.561,-24.688,-24.297,-0.889,0.117,0.001,0.006,0.125,1.163,-0.001,0.010,-21.457,-0.011,-16.382,-20.484,-15.147
-8.139,-6.672,0.001,0.999,0.000,-0.001,0.052,-0.446,-0.381,-25.792,-0.405,-25.725,-24.893,-24.449,-0.892,0.106,-0.003,-0.016,0.133,1.159,-0.001,0.012,-21.500,-0.012,-16.444,-20.422,-15.129
-8.148,-6.671,0.000,0.998,0.000,-0.000,0.058,-0.446,-0.381,-26.007,-0.405,-25.890,-25.097,-24.600,-0.893,0.095,-0.008,-0.036,0.128,1.157,-0.001,0.013,-21.559,-0.013,-16.498,-20.362,-15.091
-8.156,-6.670,0.000,0.998,-0.000,0.001,0.064,-0.446,-0.381,-26.223,-0.405,-26.055,-25.300,-24.751,-0.893,0.085,-0.011,-0.054,0.112,1.157,-0.001,0.012,-21.630,-0.012,-16.538,-20.311,-15.032
-8.165,-6.669,0.000,0.998,-0.000,0.001,0.069,-0.446,-0.381,-26.440,-0.405,-26.221,-25.503,-24.901,-0.892,0.075,-0.013,-0.065,0.087,1.160,-0.001,0.011,-21.710,-0.012,-16.561,-20.275,-14.955
-8.174,-6.669,0.000,0.997,-0.001,0.001,0.075,-0.446,-0.381,-26.657,-0.405,-26.386,-25.706,-25.050,-0.890,0.066,-0.015,-0.071,0.054,1.166,-0.001,0.009,-21.792,-0.010,-16.569,-20.255,-14.865
-8.183,-6.668,-0.000,0.997,-0.001,0.002,0.081,-0.446,-0.381,-26.876,-0.406,-26.552,-25.908,-25.198,-0.888,0.058,-0.014,-0.074,0.017,1.176,-0.001,0.006,-21.866,-0.008,-16.580,-20.253,-14.763
-8.192,-6.667,-0.000,0.996,-0.001,0.001,0.087,-0.447,-0.381,-27.095,-0.406,-26.718,-26.111,-25.345,-0.885,0.050,-0.014,-0.072,-0.017,1.189,-0.001,0.002,-21.929,-0.006,-16.589,-20.271,-14.661
-8.201,-6.667,-0.000,0.996,-0.002,0.001,0.093,-0.447,-0.381,-27.314,-0.406,-26.884,-26.314,-25.491,-0.882,0.042,-0.013,-0.063,-0.042,1.202,-0.001,-0.002,-21.983,-0.003,-16.589,-20.311,-14.572
-8.210,-6.667,-0.000,0.995,-0.002,0.001,0.099,-0.447,-0.381,-27.534,-0.406,-27.050,-26.517,-25.636,-0.880,0.034,-0.012,-0.047,-0.056,1.216,-0.000,-0.004,-22.027,-0.000,-16.578,-20.370,-14.503
-8.218,-6.666,-0.001,0.994,-0.002,0.001,0.105,-0.447,-0.381,-27.755,-0.406,-27.215,-26.721,-25.781,-0.879,0.025,-0.011,-0.027,-0.062,1.227,0.000,-0.005,-22.059,0.002,-16.558,-20.437,-14.460
-8.227,-6.666,-0.001,0.994,-0.002,0.000,0.111,-0.447,-0.381,-27.975,-0.406,-27.381,-26.926,-25.926,-0.878,0.016,-0.011,-0.004,-0.060,1.234,0.001,-0.005,-22.078,0.004,-16.530,-20.504,-14.448
-8.236,-6.666,-0.001,0.993,-0.002,0.000,0.117,-0.447,-0.381,-28.196,-0.406,-27.546,-27.131,-26.070,-0.877,0.005,-0.010,0.018,-0.053,1.236,0.001,-0.004,-22.086,0.005,-16.499,-20.565,-14.465
-8.245,-6.666,-0.001,0.992,-0.002,-0.000,0.123,-0.446,-0.381,-28.417,-0.406,-27.711,-27.337,-26.215,-0.877,-0.006,-0.008,0.037,-0.044,1.234,0.001,-0.003,-22.084,0.005,-16.468,-20.613,-14.508
-8.254,-6.666,-0.001,0.992,-0.002,-0.000,0.129,-0.446,-0.381,-28.638,-0.406,-27.875,-27.543,-26.360,-0.877,-0.018,-0.007,0.050,-0.037,1.228,0.001,-0.002,-22.068,0.006,-16.456,-20.643,-14.567
-8.262,-6.666,-0.001,0.991,-0.001,-0.000,0.136,-0.446,-0.381,-28.858,-0.405,-28.040,-27.750,-26.506,-0.876,-0.030,-0.005,0.056,-0.034,1.220,0.001,-0.001,-22.039,0.005,-16.461,-20.656,-14.636
-8.271,-6.667,-0.001,0.990,-0.001,-0.000,0.142,-0.446,-0.381,-29.079,-0.405,-28.205,-27.956,-26.653,-0.876,-0.042,-0.002,0.057,-0.035,1.211,0.001,-0.002,-22.001,0.005,-16.474,-20.658,-14.708
-8.280,-6.667,-0.001,0.989,-0.001,-0.001,0.148,-0.446,-0.381,-29.298,-0.405,-28.369,-28.163,-26.801,-0.875,-0.054,-0.000,0.056,-0.038,1.204,0.000,-0.002,-21.963,0.004,-16.491,-20.657,-14.772
-8.289,-6.668,-0.001,0.988,-0.000,-0.001,0.153,-0.446,-0.381,-29.518,-0.405,-28.534,-28.370,-26.949,-0.875,-0.064,0.002,0.055,-0.041,1.202,-0.000,-0.004,-21.926,0.003,-16.507,-20.659,-14.823
-8.297,-6.668,-0.001,0.987,-0.000,-0.001,0.159,-0.446,-0.381,-29.737,-0.405,-28.700,-28.576,-27.097,-0.875,-0.075,0.004,0.054,-0.045,1.204,-0.000,-0.005,-21.891,0.003,-16.520,-20.668,-14.858
-8.306,-6.669,-0.001,0.986,0.000,-0.001,0.165,-0.446,-0.381,-29.956,-0.405,-28.865,-28.783,-27.246,-0.874,-0.084,0.005,0.054,-0.048,1.210,-0.001,-0.007,-21.858,0.002,-16.532,-20.684,-14.877
-8.315,-6.670,-0.001,0.985,0.000,-0.001,0.171,-0.446,-0.381,-30.174,-0.405,-29.030,-28.990,-27.394,-0.874,-0.093,0.007,0.054,-0.049,1.220,-0.001,-0.008,-21.825,0.002,-16.546,-20.706,-14.884
-8.324,-6.671,-0.001,0.984,0.001,-0.001,0.177,-0.446,-0.381,-30.392,-0.405,-29.196,-29.197,-27.543,-0.874,-0.102,0.009,0.055,-0.047,1.231,-0.000,-0.008,-21.791,0.003,-16.560,-20.731,-14.885
-8.332,-6.672,-0.001,0.983,0.001,-0.002,0.183,-0.446,-0.382,-30.610,-0.405,-29.361,-29.405,-27.692,-0.874,-0.112,0.010,0.058,-0.040,1.240,0.000,-0.007,-21.756,0.004,-16.568,-20.757,-14.892
-8.341,-6.673,-0.001,0.982,0.001,-0.002,0.190,-0.446,-0.382,-30.827,-0.405,-29.527,-29.612,-27.841,-0.875,-0.122,0.011,0.060,-0.028,1.246,0.001,-0.005,-21.717,0.005,-16.580,-20.776,-14.912
-8.350,-6.675,-0.001,0.981,0.002,-0.002,0.196,-0.446,-0.382,-31.044,-0.405,-29.693,-29.820,-27.991,-0.875,-0.134,0.011,0.061,-0.012,1.247,0.002,-0.002,-21.672,0.006,-16.598,-20.781,-14.950
-8.359,-6.676,-0.000,0.979,0.002,-0.002,0.202,-0.446,-0.382,-31.261,-0.405,-29.859,-30.028,-28.140,-0.875,-0.147,0.011,0.060,0.004,1.241,0.002,0.002,-21.619,0.007,-16.620,-20.766,-15.010
-8.367,-6.678,-0.000,0.978,0.002,-0.002,0.208,-0.446,-0.382,-31.477,-0.405,-30.025,-30.235,-28.291,-0.875,-0.161,0.011,0.052,0.017,1.226,0.003,0.005,-21.554,0.008,-16.644,-20.728,-15.093
-8.376,-6.679,-0.000,0.977,0.002,-0.002,0.214,-0.446,-0.382,-31.692,-0.405,-30.192,-30.442,-28.442,-0.875,-0.176,0.011,0.040,0.025,1.204,0.004,0.008,-21.485,0.009,-16.666,-20.666,-15.196
-8.385,-6.681,-0.000,0.976,0.002,-0.001,0.220,-0.446,-0.381,-31.906,-0.405,-30.359,-30.648,-28.595,-0.873,-0.193,0.010,0.026,0.030,1.174,0.003,0.010,-21.447,0.008,-16.678,-20.581,-15.314
-8.394,-6.683,-0.000,0.974,0.003,-0.001,0.225,-0.446,-0.381,-32.121,-0.405,-30.525,-30.854,-28.748,-0.871,-0.208,0.008,0.006,0.037,1.147,0.002,0.010,-21.434,0.005,-16.683,-20.499,-15.421
-8.402,-6.685,0.000,0.973,0.002,-0.001,0.231,-0.446,-0.381,-32.335,-0.405,-30.692,-31.058,-28.903,-0.869,-0.222,0.005,-0.015,0.037,1.132,0.000,0.008,-21.449,0.001,-16.677,-20.430,-15.488
-8.411,-6.688,0.000,0.972,0.002,-0.001,0.236,-0.446,-0.381,-32.550,-0.405,-30.859,-31.263,-29.058,-0.868,-0.236,-0.002,-0.071,0.062,1.115,-0.002,0.002,-21.456,-0.004,-16.684,-20.396,-15.572
-8.420,-6.690,0.000,0.970,0.002,-0.001,0.242,-0.446,-0.381,-32.764,-0.405,-31.026,-31.466,-29.214,-0.866,-0.249,-0.007,-0.116,0.076,1.106,-0.003,-0.001,-21.457,-0.006,-16.692,-20.389,-15.628
-8.428,-6.692,-0.000,0.969,0.001,-0.000,0.247,-0.446,-0.381,-32.979,-0.405,-31.193,-31.670,-29.371,-0.864,-0.258,-0.011,-0.137,0.072,1.104,-0.003,-0.001,-21.467,-0.007,-16.694,-20.402,-15.647
-8.437,-6.695,-0.000,0.968,0.000,-0.000,0.252,-0.446,-0.381,-33.194,-0.405,-31.360,-31.874,-29.527,-0.860,-0.264,-0.009,-0.102,0.027,1.111,-0.001,0.001,-21.525,-0.006,-16.668,-20.408,-15.577
-8.445,-6.698,-0.000,0.966,-0.000,-0.000,0.258,-0.446,-0.381,-33.409,-0.405,-31.526,-32.079,-29.682,-0.856,-0.272,-0.009,-0.085,0.002,1.114,-0.001,0.001,-21.582,-0.006,-16.645,-20.436,-15.516
-8.454,-6.701,-0.000,0.965,-0.001,-0.001,0.263,-0.456,-0.382,-33.625,-0.407,-31.692,-32.283,-29.837,-0.850,-0.279,-0.009,-0.078,-0.009,1.114,-1.651,-0.205,-21.558,-0.382,-16.556,-20.410,-15.392
-8.462,-6.703,-0.000,0.963,-0.001,-0.001,0.268,-0.474,-0.385,-33.841,-0.411,-31.857,-32.487,-29.990,-0.843,-0.286,-0.009,-0.077,-0.007,1.120,-1.733,-0.220,-21.543,-0.413,-16.477,-20.400,-15.256
-8.471,-6.706,-0.001,0.962,-0.001,-0.001,0.274,-0.489,-0.387,-34.056,-0.415,-32.022,-32.691,-30.142,-0.836,-0.290,-0.006,-0.076,-0.006,1.135,-1.237,-0.160,-21.545,-0.306,-16.403,-20.395,-15.082
-8.479,-6.709,-0.001,0.960,-0.002,-0.001,0.279,-0.499,-0.388,-34.271,-0.418,-32.186,-32.895,-30.292,-0.829,-0.293,-0.003,-0.071,-0.006,1.154,-0.689,-0.092,-21.554,-0.180,-16.333,-20.387,-14.889
-8.487,-6.712,-0.001,0.959,-0.002,-0.001,0.285,-0.504,-0.388,-34.487,-0.419,-32.348,-33.099,-30.440,-0.822,-0.297,-0.000,-0.066,-0.006,1.171,-0.289,-0.040,-21.562,-0.084,-16.249,-20.378,-14.704
-8.496,-6.715,-0.001,0.957,-0.002,-0.001,0.291,-0.505,-0.389,-34.703,-0.419,-32.510,-33.302,-30.586,-0.816,-0.301,0.001,-0.062,-0.002,1.189,-0.070,-0.014,-21.575,-0.031,-16.151,-20.368,-14.530
-8.504,-6.718,-0.001,0.955,-0.003,-0.001,0.296,-0.505,-0.389,-34.919,-0.420,-32.672,-33.506,-30.730,-0.811,-0.306,0.001,-0.051,0.011,1.210,0.027,-0.001,-21.607,-0.006,-16.072,-20.356,-14.354
-8.512,-6.721,-0.001,0.953,-0.003,-0.001,0.302,-0.505,-0.389,-35.135,-0.420,-32.832,-33.709,-30.873,-0.805,-0.310,0.000,-0.037,0.026,1.230,0.054,0.003,-21.645,0.004,-16.011,-20.336,-14.183
-8.520,-6.724,-0.001,0.951,-0.003,-0.001,0.308,-0.505,-0.389,-35.352,-0.419,-32.992,-33.913,-31.014,-0.799,-0.316,-0.000,-0.024,0.033,1.245,0.048,0.004,-21.672,0.007,-15.960,-20.301,-14.033
-8.528,-6.728,-0.001,0.949,-0.003,-0.001,0.314,-0.504,-0.389,-35.568,-0.419,-33.151,-34.115,-31.154,-0.794,-0.322,-0.001,0.003,0.038,1.264,0.035,0.003,-21.701,0.007,-15.917,-20.263,-13.889
-8.536,-6.731,-0.001,0.947,-0.003,-0.001,0.320,-0.504,-0.389,-35.786,-0.419,-33.310,-34.318,-31.292,-0.788,-0.328,-0.003,0.037,0.038,1.283,0.022,0.002,-21.730,0.008,-15.886,-20.227,-13.754
-8.544,-6.734,-0.001,0.945,-0.003,-0.001,0.326,-0.504,-0.389,-36.002,-0.419,-33.469,-34.520,-31.429,-0.781,-0.338,0.002,0.029,0.001,1.273,0.011,-0.000,-21.657,0.007,-15.841,-20.149,-13.699
-8.551,-6.738,-0.001,0.943,-0.003,-0.000,0.332,-0.504,-0.389,-36.219,-0.419,-33.627,-34.721,-31.566,-0.776,-0.344,0.001,0.063,-0.009,1.292,0.005,0.000,-21.646,0.006,-15.808,-20.113,-13.602
-8.559,-6.741,-0.001,0.941,-0.002,-0.000,0.338,-0.504,-0.389,-36.435,-0.419,-33.785,-34.922,-31.701,-0.769,-0.353,0.003,0.068,-0.038,1.293,0.002,-0.001,-21.571,0.006,-15.771,-20.063,-13.559
-8.567,-6.745,-0.001,0.939,-0.002,-0.000,0.344,-0.504,-0.389,-36.651,-0.419,-33.943,-35.122,-31.837,-0.764,-0.360,0.002,0.092,-0.047,1.307,0.001,0.000,-21.523,0.005,-15.747,-20.041,-13.506
-8.574,-6.748,-0.000,0.937,-0.001,-0.001,0.350,-0.504,-0.389,-36.865,-0.419,-34.100,-35.323,-31.972,-0.759,-0.369,0.003,0.099,-0.058,1.310,0.000,0.001,-21.435,0.005,-15.719,-20.015,-13.497
-8.582,-6.752,-0.000,0.934,-0.001,-0.001,0.357,-0.504,-0.389,-37.079,-0.419,-34.257,-35.523,-32.107,-0.754,-0.379,0.002,0.105,-0.059,1.312,0.000,0.001,-21.343,0.005,-15.698,-19.996,-13.511
-8.589,-6.756,-0.000,0.932,-0.000,-0.001,0.363,-0.504,-0.389,-37.292,-0.419,-34.414,-35.723,-32.242,-0.749,-0.389,0.001,0.112,-0.046,1.312,0.000,0.001,-21.255,0.004,-15.687,-19.980,-13.545
-8.597,-6.760,-0.000,0.930,0.000,-0.001,0.369,-0.504,-0.389,-37.504,-0.419,-34.571,-35.922,-32.378,-0.741,-0.402,0.003,0.081,-0.050,1.286,0.001,0.001,-21.092,0.004,-15.695,-19.917,-13.641
-8.604,-6.764,-0.000,0.927,0.001,-0.001,0.375,-0.504,-0.389,-37.714,-0.419,-34.728,-36.121,-32.515,-0.735,-0.413,0.003,0.075,-0.029,1.270,0.001,0.001,-20.970,0.004,-15.722,-19.862,-13.726
-8.612,-6.768,-0.000,0.925,0.001,-0.001,0.381,-0.504,-0.389,-37.923,-0.419,-34.885,-36.319,-32.653,-0.729,-0.424,0.000,0.081,0.006,1.255,0.001,0.003,-20.872,0.003,-15.767,-19.800,-13.805
-8.619,-6.772,-0.000,0.922,0.001,-0.001,0.386,-0.504,-0.389,-38.131,-0.419,-35.043,-36.517,-32.791,-0.722,-0.435,-0.003,0.090,0.042,1.239,0.001,0.005,-20.778,0.003,-15.828,-19.722,-13.885
-8.626,-6.777,-0.000,0.920,0.002,-0.000,0.392,-0.503,-0.389,-38.339,-0.419,-35.202,-36.714,-32.930,-0.714,-0.447,-0.005,0.092,0.067,1.217,0.001,0.008,-20.680,0.002,-15.884,-19.622,-13.971
-8.633,-6.781,-0.000,0.918,0.002,0.000,0.397,-0.503,-0.388,-38.545,-0.419,-35.361,-36.909,-33.071,-0.705,-0.459,-0.003,0.084,0.064,1.182,0.002,0.009,-20.588,0.002,-15.907,-19.484,-14.074
-8.640,-6.786,-0.000,0.915,0.002,0.001,0.403,-0.503,-0.388,-38.750,-0.419,-35.520,-37.103,-33.212,-0.695,-0.472,-0.000,0.070,0.048,1.145,0.002,0.009,-20.509,0.002,-15.905,-19.332,-14.179
-8.647,-6.791,-0.000,0.913,0.002,0.001,0.408,-0.503,-0.388,-38.955,-0.419,-35.679,-37.296,-33.354,-0.686,-0.483,0.001,0.047,0.039,1.115,0.001,0.007,-20.441,0.002,-15.892,-19.199,-14.269
-8.654,-6.796,-0.000,0.911,0.002,0.001,0.413,-0.503,-0.388,-39.159,-0.419,-35.838,-37.487,-33.497,-0.678,-0.493,-0.000,0.013,0.034,1.097,0.000,0.003,-20.386,0.002,-15.877,-19.092,-14.323
-8.661,-6.801,-0.000,0.908,0.002,0.001,0.418,-0.503,-0.388,-39.363,-0.419,-35.996,-37.678,-33.641,-0.670,-0.501,-0.001,-0.020,0.023,1.086,0.000,0.000,-20.341,0.002,-15.853,-19.009,-14.342
-8.667,-6.806,-0.000,0.906,0.002,0.001,0.423,-0.503,-0.388,-39.566,-0.419,-36.155,-37.868,-33.784,-0.663,-0.508,-0.001,-0.049,0.006,1.079,-0.000,-0.002,-20.304,0.002,-15.815,-18.949,-14.335
-8.674,-6.811,-0.000,0.904,0.002,0.001,0.428,-0.503,-0.388,-39.769,-0.419,-36.313,-38.057,-33.927,-0.656,-0.514,-0.001,-0.073,-0.014,1.076,-0.000,-0.003,-20.270,0.002,-15.764,-18.912,-14.311
-8.680,-6.816,-0.001,0.902,0.002,0.001,0.433,-0.503,-0.388,-39.971,-0.419,-36.470,-38.246,-34.070,-0.649,-0.520,-0.002,-0.091,-0.034,1.073,-0.000,-0.004,-20.238,0.003,-15.700,-18.899,-14.280
-8.687,-6.821,-0.001,0.899,0.001,0.001,0.437,-0.503,-0.388,-40.174,-0.419,-36.627,-38.435,-34.213,-0.642,-0.525,-0.002,-0.103,-0.051,1.071,0.000,-0.004,-20.206,0.003,-15.627,-18.908,-14.245
-8.693,-6.826,-0.001,0.897,0.001,0.000,0.442,-0.503,-0.388,-40.376,-0.419,-36.782,-38.624,-34.355,-0.635,-0.531,-0.002,-0.110,-0.064,1.069,0.000,-0.004,-20.176,0.003,-15.548,-18.936,-14.212
-8.700,-6.832,-0.001,0.895,0.001,-0.001,0.447,-0.503,-0.388,-40.577,-0.418,-36.937,-38.814,-34.497,-0.628,-0.537,-0.002,-0.109,-0.071,1.068,0.000,-0.004,-20.148,0.003,-15.467,-18.979,-14.181
-8.706,-6.837,-0.001,0.892,0.000,-0.001,0.452,-0.503,-0.388,-40.779,-0.418,-37.092,-39.004,-34.639,-0.622,-0.542,-0.002,-0.102,-0.072,1.066,0.000,-0.004,-20.124,0.002,-15.388,-19.032,-14.156
-8.712,-6.843,-0.001,0.890,-0.000,-0.002,0.456,-0.503,-0.388,-40.980,-0.418,-37.245,-39.194,-34.780,-0.615,-0.548,-0.002,-0.089,-0.067,1.065,-0.000,-0.003,-20.104,0.002,-15.314,-19.088,-14.135
-8.718,-6.848,-0.001,0.887,-0.000,-0.002,0.461,-0.503,-0.388,-41.181,-0.418,-37.398,-39.385,-34.921,-0.609,-0.554,-0.002,-0.072,-0.057,1.064,-0.000,-0.002,-20.088,0.000,-15.250,-19.143,-14.119
-8.724,-6.854,-0.001,0.885,-0.000,-0.002,0.466,-0.503,-0.389,-41.382,-0.418,-37.550,-39.577,-35.063,-0.602,-0.559,-0.002,-0.051,-0.043,1.062,-0.001,-0.002,-20.076,-0.001,-15.196,-19.190,-14.106
-8.730,-6.859,-0.001,0.882,-0.001,-0.003,0.471,-0.503,-0.389,-41.582,-0.418,-37.702,-39.769,-35.204,-0.596,-0.565,-0.002,-0.028,-0.027,1.062,-0.001,-0.002,-20.064,-0.002,-15.156,-19.227,-14.096
-8.736,-6.865,-0.001,0.880,-0.001,-0.003,0.475,-0.503,-0.389,-41.783,-0.418,-37.853,-39.962,-35.344,-0.590,-0.571,-0.001,-0.006,-0.012,1.062,-0.002,-0.003,-20.052,-0.004,-15.128,-19.251,-14.084
-8.742,-6.871,-0.001,0.877,-0.001,-0.003,0.480,-0.503,-0.389,-41.983,-0.419,-38.005,-40.154,-35.485,-0.584,-0.576,-0.000,0.017,0.000,1.063,-0.002,-0.004,-20.038,-0.006,-15.113,-19.260,-14.067
-8.748,-6.876,-0.001,0.875,-0.000,-0.003,0.485,-0.504,-0.389,-42.184,-0.419,-38.156,-40.347,-35.626,-0.578,-0.580,0.001,0.036,0.006,1.068,-0.003,-0.005,-20.022,-0.007,-15.117,-19.252,-14.029
-8.753,-6.882,-0.001,0.872,-0.000,-0.003,0.489,-0.504,-0.389,-42.384,-0.419,-38.307,-40.539,-35.766,-0.572,-0.584,0.004,0.046,0.002,1.080,-0.003,-0.007,-20.008,-0.008,-15.121,-19.235,-13.967
-8.759,-6.888,-0.001,0.869,-0.000,-0.003,0.494,-0.504,-0.389,-42.584,-0.419,-38.458,-40.731,-35.905,-0.567,-0.586,0.007,0.044,-0.009,1.097,-0.003,-0.009,-20.000,-0.009,-15.104,-19.217,-13.881
-8.765,-6.894,-0.001,0.867,0.000,-0.002,0.499,-0.504,-0.389,-42.784,-0.419,-38.609,-40.924,-36.043,-0.563,-0.589,0.009,0.034,-0.017,1.121,-0.003,-0.010,-20.001,-0.009,-15.078,-19.207,-13.775
-8.770,-6.900,-0.000,0.864,0.000,-0.002,0.504,-0.504,-0.389,-42.984,-0.419,-38.760,-41.116,-36.180,-0.559,-0.590,0.009,0.023,-0.015,1.151,-0.003,-0.009,-20.033,-0.007,-15.054,-19.205,-13.646
-8.776,-6.906,-0.000,0.861,0.000,-0.002,0.509,-0.504,-0.389,-43.184,-0.419,-38.910,-41.308,-36.316,-0.555,-0.593,0.009,0.016,-0.008,1.178,-0.001,-0.006,-20.071,-0.005,-15.034,-19.209,-13.521
-8.782,-6.912,-0.000,0.858,0.000,-0.002,0.514,-0.504,-0.389,-43.385,-0.419,-39.060,-41.500,-36.451,-0.551,-0.596,0.007,0.020,0.006,1.204,0.000,-0.002,-20.102,-0.003,-15.027,-19.223,-13.409
-8.787,-6.918,-0.000,0.855,0.000,-0.002,0.519,-0.504,-0.389,-43.587,-0.419,-39.211,-41.692,-36.584,-0.548,-0.599,0.001,0.059,0.051,1.244,0.002,0.004,-20.192,0.001,-15.050,-19.268,-13.267
-8.792,-6.924,-0.000,0.851,0.001,-0.002,0.525,-0.504,-0.389,-43.789,-0.419,-39.361,-41.885,-36.716,-0.543,-0.604,-0.002,0.073,0.083,1.266,0.003,0.007,-20.251,0.002,-15.070,-19.288,-13.173
-8.798,-6.930,-0.000,0.848,0.001,-0.001,0.530,-0.504,-0.389,-43.992,-0.419,-39.512,-42.078,-36.848,-0.537,-0.610,-0.005,0.074,0.108,1.278,0.002,0.007,-20.299,0.003,-15.089,-19.286,-13.115
-8.803,-6.936,-0.000,0.845,0.001,-0.001,0.535,-0.504,-0.389,-44.194,-0.419,-39.663,-42.270,-36.979,-0.525,-0.620,0.001,0.003,0.079,1.246,0.002,0.008,-20.218,0.002,-15.111,-19.201,-13.154
-8.808,-6.942,-0.000,0.841,0.000,-0.000,0.540,-0.504,-0.389,-44.396,-0.419,-39.814,-42.462,-37.111,-0.514,-0.629,0.004,-0.038,0.068,1.224,0.001,0.008,-20.166,0.001,-15.141,-19.116,-13.185
-8.813,-6.949,-0.000,0.838,-0.000,-0.000,0.546,-0.504,-0.389,-44.598,-0.419,-39.966,-42.653,-37.243,-0.505,-0.636,0.003,-0.046,0.077,1.210,0.001,0.009,-20.157,0.001,-15.172,-19.043,-13.198
-8.818,-6.955,-0.000,0.835,-0.001,-0.000,0.551,-0.504,-0.389,-44.799,-0.419,-40.118,-42.843,-37.375,-0.497,-0.643,0.002,-0.034,0.094,1.199,0.001,0.009,-20.172,0.001,-15.200,-18.972,-13.202
-8.823,-6.961,-0.000,0.831,-0.001,0.000,0.556,-0.504,-0.389,-45.001,-0.419,-40.270,-43.032,-37.507,-0.488,-0.650,-0.001,-0.017,0.107,1.189,0.001,0.010,-20.197,0.002,-15.224,-18.894,-13.197
-8.828,-6.968,-0.000,0.828,-0.001,0.001,0.561,-0.504,-0.388,-45.203,-0.419,-40.422,-43.221,-37.639,-0.478,-0.656,-0.003,0.001,0.110,1.177,0.001,0.010,-20.218,0.002,-15.244,-18.803,-13.193
-8.833,-6.974,-0.000,0.825,-0.001,0.001,0.565,-0.503,-0.388,-45.406,-0.419,-40.575,-43.408,-37.771,-0.467,-0.663,-0.003,0.015,0.092,1.158,0.001,0.009,-20.215,0.001,-15.258,-18.695,-13.206
-8.838,-6.981,-0.000,0.822,-0.002,0.002,0.570,-0.503,-0.388,-45.608,-0.419,-40.727,-43.595,-37.903,-0.456,-0.670,-0.001,0.025,0.057,1.134,0.001,0.007,-20.183,0.001,-15.269,-18.579,-13.237
-8.842,-6.988,-0.000,0.818,-0.002,0.002,0.575,-0.503,-0.388,-45.809,-0.419,-40.880,-43.780,-38.035,-0.444,-0.676,0.000,0.033,0.019,1.113,0.000,0.004,-20.138,0.000,-15.275,-18.475,-13.272
-8.846,-6.995,-0.000,0.815,-0.001,0.002,0.579,-0.503,-0.388,-46.010,-0.419,-41.033,-43.964,-38.168,-0.434,-0.681,0.000,0.038,-0.014,1.099,-0.000,0.002,-20.092,-0.000,-15.274,-18.395,-13.300
-8.851,-7.002,-0.000,0.812,-0.001,0.002,0.584,-0.503,-0.388,-46.211,-0.419,-41.186,-44.148,-38.301,-0.425,-0.686,-0.001,0.037,-0.039,1.090,-0.001,-0.001,-20.047,-0.000,-15.269,-18.342,-13.327
-8.855,-7.008,-0.000,0.809,-0.001,0.002,0.588,-0.503,-0.388,-46.411,-0.419,-41.338,-44.331,-38.435,-0.416,-0.691,-0.003,0.028,-0.053,1.083,-0.001,-0.003,-20.001,-0.000,-15.260,-18.314,-13.361
-8.859,-7.015,-0.000,0.806,-0.001,0.002,0.592,-0.503,-0.388,-46.611,-0.419,-41.491,-44.514,-38.569,-0.407,-0.695,-0.007,0.014,-0.059,1.076,-0.001,-0.004,-19.956,0.000,-15.249,-18.308,-13.400
-8.863,-7.022,-0.000,0.802,-0.000,0.002,0.597,-0.504,-0.388,-46.810,-0.419,-41.643,-44.697,-38.703,-0.398,-0.699,-0.009,-0.001,-0.063,1.071,-0.000,-0.004,-19.914,0.001,-15.232,-18.319,-13.438
-8.867,-7.029,-0.001,0.799,-0.000,0.001,0.601,-0.504,-0.388,-47.009,-0.419,-41.795,-44.881,-38.837,-0.390,-0.702,-0.010,-0.014,-0.069,1.067,0.000,-0.004,-19.874,0.002,-15.210,-18.344,-13.470
-8.871,-7.036,-0.001,0.796,-0.000,0.001,0.605,-0.503,-0.388,-47.208,-0.419,-41.947,-45.064,-38.972,-0.382,-0.705,-0.010,-0.025,-0.075,1.064,0.000,-0.003,-19.839,0.003,-15.181,-18.380,-13.497
-8.875,-7.043,-0.001,0.793,0.000,0.000,0.609,-0.503,-0.388,-47.406,-0.419,-42.099,-45.248,-39.107,-0.373,-0.708,-0.009,-0.032,-0.079,1.061,0.001,-0.003,-19.806,0.004,-15.146,-18.424,-13.522
-8.878,-7.050,-0.001,0.790,0.000,0.000,0.614,-0.503,-0.388,-47.604,-0.419,-42.250,-45.433,-39.243,-0.365,-0.711,-0.007,-0.034,-0.080,1.058,0.001,-0.002,-19.776,0.005,-15.107,-18.472,-13.548
-8.882,-7.058,-0.001,0.786,0.000,-0.000,0.618,-0.503,-0.388,-47.802,-0.419,-42.401,-45.618,-39.378,-0.357,-0.714,-0.005,-0.034,-0.077,1.055,0.001,-0.002,-19.746,0.007,-15.067,-18.521,-13.574
-8.886,-7.065,-0.001,0.783,0.000,-0.001,0.622,-0.503,-0.388,-47.999,-0.419,-42.552,-45.803,-39.514,-0.349,-0.717,-0.002,-0.030,-0.074,1.051,0.001,-0.003,-19.716,0.007,-15.028,-18.565,-13.598
-8.889,-7.072,-0.001,0.780,0.000,-0.001,0.626,-0.503,-0.388,-48.196,-0.419,-42.702,-45.989,-39.650,-0.341,-0.720,0.001,-0.023,-0.070,1.049,0.001,-0.004,-19.684,0.008,-14.986,-18.604,-13.618
-8.892,-7.079,-0.001,0.777,0.001,-0.001,0.630,-0.503,-0.389,-48.393,-0.418,-42.851,-46.175,-39.786,-0.334,-0.723,0.004,-0.015,-0.067,1.047,0.001,-0.005,-19.651,0.008,-14.942,-18.636,-13.633
-8.896,-7.086,-0.001,0.773,0.001,-0.002,0.634,-0.503,-0.389,-48.589,-0.418,-43.001,-46.362,-39.923,-0.326,-0.726,0.007,-0.005,-0.065,1.047,0.001,-0.007,-19.615,0.007,-14.895,-18.661,-13.644
-8.899,-7.094,-0.001,0.770,0.001,-0.002,0.638,-0.503,-0.389,-48.785,-0.418,-43.149,-46.548,-40.059,-0.319,-0.730,0.009,0.005,-0.065,1.048,0.000,-0.008,-19.576,0.006,-14.843,-18.681,-13.650
-8.902,-7.101,-0.001,0.767,0.001,-0.002,0.642,-0.503,-0.389,-48.980,-0.418,-43.297,-46.735,-40.196,-0.312,-0.733,0.011,0.014,-0.065,1.051,-0.000,-0.009,-19.534,0.005,-14.789,-18.698,-13.653
-8.905,-7.108,-0.001,0.763,0.001,-0.002,0.646,-0.503,-0.389,-49.176,-0.418,-43.445,-46.922,-40.332,-0.305,-0.736,0.012,0.021,-0.065,1.055,-0.001,-0.010,-19.490,0.003,-14.738,-18.713,-13.651
-8.908,-7.116,-0.000,0.760,0.002,-0.003,0.650,-0.503,-0.389,-49.370,-0.418,-43.592,-47.110,-40.469,-0.298,-0.740,0.012,0.023,-0.064,1.061,-0.001,-0.009,-19.446,0.001,-14.698,-18.728,-13.643
-8.911,-7.123,-0.000,0.756,0.002,-0.003,0.654,-0.503,-0.389,-49.565,-0.418,-43.739,-47.297,-40.605,-0.291,-0.743,0.011,0.021,-0.060,1.068,-0.002,-0.008,-19.404,-0.001,-14.666,-18.746,-13.634
-8.914,-7.131,-0.000,0.753,0.002,-0.003,0.658,-0.503,-0.389,-49.758,-0.418,-43.886,-47.484,-40.741,-0.285,-0.746,0.009,0.019,-0.049,1.076,-0.002,-0.005,-19.371,-0.003,-14.644,-18.767,-13.624
-8.917,-7.138,-0.000,0.749,0.002,-0.003,0.662,-0.503,-0.389,-49.952,-0.418,-44.032,-47.672,-40.878,-0.278,-0.750,0.006,0.018,-0.030,1.084,-0.002,-0.002,-19.354,-0.005,-14.629,-18.793,-13.615
-8.920,-7.146,-0.000,0.746,0.003,-0.003,0.666,-0.503,-0.389,-50.146,-0.418,-44.178,-47.860,-41.014,-0.271,-0.753,0.002,0.020,-0.004,1.092,-0.001,0.001,-19.353,-0.007,-14.622,-18.821,-13.607
-8.922,-7.153,-0.000,0.742,0.003,-0.003,0.671,-0.504,-0.389,-50.339,-0.418,-44.324,-48.049,-41.150,-0.264,-0.756,-0.002,0.024,0.025,1.098,-0.001,0.004,-19.366,-0.008,-14.622,-18.842,-13.604
-8.925,-7.161,-0.000,0.738,0.003,-0.003,0.675,-0.504,-0.389,-50.533,-0.418,-44.471,-48.237,-41.286,-0.256,-0.760,-0.006,0.030,0.053,1.100,-0.001,0.007,-19.385,-0.009,-14.630,-18.851,-13.611
-8.927,-7.168,-0.000,0.734,0.002,-0.002,0.679,-0.504,-0.389,-50.727,-0.419,-44.617,-48.426,-41.422,-0.247,-0.763,-0.008,0.037,0.078,1.095,-0.001,0.010,-19.402,-0.010,-14.649,-18.841,-13.632
-8.930,-7.176,-0.000,0.731,0.002,-0.002,0.683,-0.504,-0.389,-50.921,-0.419,-44.764,-48.614,-41.559,-0.238,-0.767,-0.008,0.043,0.095,1.086,-0.001,0.011,-19.412,-0.010,-14.693,-18.807,-13.661
-8.932,-7.184,-0.000,0.727,0.002,-0.001,0.687,-0.504,-0.389,-51.115,-0.419,-44.911,-48.802,-41.695,-0.227,-0.770,-0.008,0.047,0.108,1.074,-0.001,0.012,-19.416,-0.010,-14.759,-18.751,-13.694
-8.934,-7.191,-0.000,0.723,0.002,-0.001,0.690,-0.504,-0.389,-51.309,-0.419,-45.059,-48.989,-41.832,-0.217,-0.772,-0.007,0.049,0.117,1.061,-0.000,0.011,-19.420,-0.009,-14.838,-18.679,-13.726
-8.936,-7.199,-0.000,0.720,0.002,-0.000,0.694,-0.504,-0.388,-51.503,-0.419,-45.208,-49.175,-41.970,-0.206,-0.775,-0.006,0.048,0.124,1.049,-0.000,0.010,-19.429,-0.008,-14.918,-18.594,-13.749
-8.938,-7.207,-0.001,0.716,0.001,0.000,0.698,-0.504,-0.388,-51.698,-0.419,-45.357,-49.361,-42.107,-0.197,-0.777,-0.004,0.043,0.126,1.042,-0.000,0.007,-19.449,-0.006,-14.986,-18.505,-13.753
-8.940,-7.215,-0.001,0.712,0.001,0.001,0.702,-0.504,-0.388,-51.892,-0.419,-45.507,-49.545,-42.245,-0.188,-0.779,-0.003,0.033,0.122,1.037,-0.000,0.005,-19.479,-0.004,-15.043,-18.414,-13.739
-8.942,-7.222,-0.001,0.709,0.001,0.001,0.705,-0.504,-0.388,-52.087,-0.419,-45.658,-49.729,-42.382,-0.179,-0.780,-0.001,0.021,0.113,1.035,-0.000,0.003,-19.515,-0.003,-15.088,-18.322,-13.709
-8.944,-7.230,-0.001,0.705,0.000,0.002,0.709,-0.504,-0.388,-52.283,-0.419,-45.809,-49.912,-42.519,-0.171,-0.781,-0.000,0.006,0.099,1.034,-0.000,0.001,-19.552,-0.002,-15.121,-18.236,-13.664
-8.946,-7.238,-0.001,0.701,0.000,0.002,0.713,-0.504,-0.388,-52.478,-0.419,-45.960,-50.094,-42.655,-0.163,-0.781,0.001,-0.010,0.081,1.034,-0.000,-0.000,-19.590,-0.001,-15.140,-18.157,-13.607
-8.947,-7.246,-0.001,0.698,-0.000,0.002,0.716,-0.504,-0.388,-52.675,-0.419,-46.112,-50.275,-42.791,-0.156,-0.781,0.002,-0.028,0.059,1.037,-0.000,-0.001,-19.627,-0.000,-15.139,-18.093,-13.536
-8.949,-7.254,-0.001,0.694,-0.001,0.002,0.720,-0.504,-0.388,-52.871,-0.419,-46.263,-50.456,-42.926,-0.149,-0.781,0.003,-0.049,0.035,1.044,-0.000,-0.002,-19.666,0.001,-15.114,-18.048,-13.453
-8.950,-7.261,-0.001,0.690,-0.001,0.002,0.724,-0.504,-0.388,-53.068,-0.419,-46.414,-50.636,-43.060,-0.142,-0.781,0.003,-0.070,0.012,1.052,0.000,-0.002,-19.699,0.001,-15.073,-18.026,-13.364
-8.952,-7.269,-0.000,0.686,-0.001,0.002,0.727,-0.504,-0.388,-53.265,-0.419,-46.565,-50.816,-43.193,-0.136,-0.781,0.003,-0.092,-0.011,1.063,0.000,-0.002,-19.721,0.002,-15.037,-18.025,-13.270
-8.953,-7.277,-0.000,0.682,-0.001,0.002,0.731,-0.504,-0.388,-53.462,-0.419,-46.715,-50.997,-43.325,-0.129,-0.780,0.003,-0.112,-0.032,1.074,0.000,-0.002,-19.737,0.002,-15.012,-18.043,-13.173
-8.954,-7.285,-0.000,0.679,-0.002,0.001,0.735,-0.504,-0.388,-53.660,-0.419,-46.865,-51.177,-43.457,-0.123,-0.780,0.003,-0.126,-0.047,1.087,0.000,-0.002,-19.754,0.002,-14.990,-18.080,-13.075
