3.000,-3.000,0.001,1.000,0.000,0.000,0.000,-0.000,-0.000,0.000,-0.000,0.000,0.000,0.000,-0.000,-0.000,0.000,-0.000,-0.000,-0.000,0.000,0.000,-0.000,0.000,-0.000,-0.000,-0.000
3.000,-3.000,0.001,1.000,0.000,-0.000,-0.000,0.163,0.129,0.002,0.121,0.002,0.004,0.004,0.035,0.001,0.000,0.003,-0.022,-0.005,26.078,21.736,0.371,19.925,0.380,0.734,0.711
3.001,-3.000,0.001,1.000,0.000,-0.000,0.000,0.381,0.338,0.008,0.300,0.009,0.014,0.014,0.060,0.007,0.000,0.007,-0.023,0.037,13.581,15.598,0.932,12.780,1.112,1.211,1.345
3.001,-3.000,0.001,1.000,0.000,-0.000,0.000,0.394,0.371,0.021,0.342,0.024,0.028,0.030,0.081,0.013,0.000,0.009,-0.018,0.088,-10.005,-8.917,1.723,-4.070,1.978,1.544,1.892
3.002,-3.000,0.001,1.000,0.000,-0.000,0.001,0.229,0.204,0.042,0.244,0.048,0.045,0.052,0.104,0.016,0.000,0.004,-0.015,0.103,-19.239,-20.532,2.396,-13.214,2.681,1.964,2.402
3.003,-3.000,0.001,1.000,0.000,-0.000,0.001,0.096,0.053,0.068,0.140,0.077,0.068,0.078,0.133,0.013,0.000,-0.002,-0.015,0.078,-5.160,-7.195,2.780,-5.329,3.082,2.562,2.926
3.005,-2.999,0.001,1.000,0.000,-0.001,0.002,0.144,0.082,0.097,0.164,0.109,0.096,0.110,0.163,0.013,-0.000,-0.002,-0.013,0.066,12.671,11.228,3.050,8.691,3.391,3.171,3.486
3.007,-2.999,0.001,1.000,0.000,-0.001,0.002,0.284,0.224,0.130,0.266,0.146,0.130,0.148,0.187,0.020,-0.001,0.006,-0.007,0.107,12.188,14.110,3.401,9.511,3.929,3.590,4.051
3.009,-2.999,0.001,1.000,0.000,-0.001,0.003,0.340,0.306,0.166,0.317,0.188,0.168,0.191,0.205,0.029,-0.001,0.010,0.000,0.167,-1.418,1.275,3.922,0.121,4.628,3.858,4.567
3.011,-2.999,0.000,1.000,0.000,-0.001,0.004,0.268,0.253,0.208,0.273,0.238,0.208,0.239,0.225,0.033,-0.002,0.006,0.003,0.195,-10.914,-10.023,4.472,-7.655,5.252,4.177,5.030
3.013,-2.998,0.000,1.000,0.000,-0.001,0.005,0.171,0.157,0.255,0.197,0.293,0.252,0.292,0.248,0.032,-0.002,-0.001,0.001,0.183,-6.665,-7.027,4.889,-6.043,5.676,4.638,5.475
3.016,-2.998,0.000,1.000,0.000,-0.001,0.006,0.162,0.142,0.305,0.178,0.351,0.301,0.349,0.272,0.031,-0.003,-0.001,-0.000,0.171,4.454,3.832,5.195,2.077,6.000,5.139,5.937
3.019,-2.998,0.000,1.000,0.000,-0.001,0.006,0.235,0.215,0.359,0.224,0.413,0.354,0.411,0.294,0.036,-0.004,0.005,0.001,0.196,8.277,8.991,5.500,5.800,6.426,5.530,6.421
3.022,-2.997,0.000,1.000,0.000,-0.001,0.008,0.291,0.284,0.416,0.266,0.480,0.411,0.477,0.311,0.044,-0.005,0.011,0.004,0.245,2.103,3.771,5.888,1.972,6.977,5.802,6.890
3.025,-2.997,0.000,1.000,0.000,-0.001,0.009,0.272,0.279,0.477,0.257,0.553,0.470,0.548,0.328,0.050,-0.006,0.011,0.006,0.276,-5.076,-4.128,6.325,-3.373,7.511,6.080,7.318
3.028,-2.996,0.000,1.000,0.000,-0.000,0.010,0.214,0.225,0.542,0.214,0.630,0.533,0.623,0.347,0.051,-0.007,0.006,0.004,0.276,-5.319,-5.382,6.719,-4.309,7.927,6.447,7.715
3.032,-2.996,0.000,1.000,0.000,-0.000,0.012,0.188,0.196,0.611,0.188,0.711,0.599,0.703,0.367,0.051,-0.008,0.005,0.003,0.267,0.365,-0.124,7.042,-0.489,8.263,6.855,8.107
3.036,-2.995,0.000,1.000,0.000,-0.000,0.013,0.217,0.222,0.683,0.204,0.795,0.670,0.786,0.385,0.055,-0.009,0.008,0.003,0.280,4.534,4.523,7.334,2.978,8.628,7.209,8.513
3.039,-2.995,0.000,1.000,0.000,-0.000,0.014,0.257,0.266,0.758,0.233,0.884,0.743,0.873,0.401,0.061,-0.010,0.013,0.004,0.312,2.745,3.448,7.644,2.213,9.064,7.481,8.921
3.044,-2.994,-0.000,1.000,0.001,-0.000,0.016,0.262,0.278,0.836,0.240,0.977,0.819,0.964,0.416,0.067,-0.010,0.014,0.005,0.341,-1.558,-0.902,7.980,-0.754,9.507,7.734,9.310
3.048,-2.993,-0.000,1.000,0.001,-0.000,0.018,0.235,0.255,0.917,0.222,1.074,0.898,1.059,0.431,0.070,-0.011,0.010,0.005,0.350,-3.257,-3.157,8.311,-2.377,9.891,8.027,9.670
3.052,-2.993,-0.000,1.000,0.001,-0.000,0.020,0.212,0.230,1.002,0.203,1.174,0.980,1.157,0.446,0.072,-0.012,0.006,0.004,0.348,-0.961,-1.396,8.616,-1.035,10.218,8.353,10.009
3.057,-2.992,-0.000,1.000,0.001,-0.000,0.021,0.217,0.231,1.090,0.204,1.278,1.065,1.259,0.461,0.075,-0.012,0.005,0.003,0.351,1.711,1.444,8.900,0.976,10.540,8.663,10.344
3.061,-2.991,-0.001,1.000,0.001,-0.000,0.023,0.237,0.251,1.180,0.217,1.385,1.153,1.364,0.474,0.079,-0.012,0.006,0.004,0.368,1.921,2.104,9.171,1.377,10.889,8.925,10.682
3.066,-2.990,-0.001,1.000,0.001,-0.000,0.025,0.248,0.265,1.273,0.226,1.496,1.243,1.473,0.486,0.085,-0.012,0.005,0.004,0.390,0.155,0.543,9.435,0.270,11.245,9.157,11.017
3.071,-2.990,-0.001,1.000,0.001,-0.000,0.027,0.241,0.261,1.369,0.222,1.610,1.336,1.585,0.498,0.090,-0.011,0.001,0.003,0.405,-1.406,-1.191,9.697,-0.880,11.577,9.395,11.335
3.076,-2.989,-0.001,1.000,0.001,-0.000,0.029,0.227,0.248,1.467,0.213,1.727,1.431,1.699,0.510,0.093,-0.010,-0.004,0.002,0.409,-1.049,-1.093,9.957,-0.830,11.874,9.652,11.630
3.081,-2.988,-0.001,1.000,0.001,-0.000,0.031,0.223,0.243,1.568,0.209,1.847,1.529,1.817,0.522,0.096,-0.009,-0.009,0.002,0.411,0.246,0.051,10.211,0.026,12.152,9.910,11.906
3.087,-2.987,-0.001,0.999,0.001,-0.000,0.033,0.230,0.248,1.671,0.213,1.970,1.629,1.937,0.532,0.100,-0.008,-0.011,0.001,0.418,0.941,0.911,10.453,0.612,12.430,10.146,12.176
3.092,-2.986,-0.001,0.999,0.001,-0.000,0.035,0.238,0.256,1.777,0.218,2.096,1.732,2.061,0.543,0.105,-0.007,-0.013,0.001,0.432,0.464,0.590,10.677,0.386,12.709,10.357,12.446
3.097,-2.985,-0.001,0.999,0.000,-0.000,0.037,0.239,0.259,1.885,0.220,2.224,1.837,2.186,0.552,0.110,-0.005,-0.014,0.001,0.446,-0.229,-0.078,10.888,-0.041,12.979,10.556,12.709
3.103,-2.983,-0.001,0.999,0.000,-0.000,0.040,0.234,0.256,1.994,0.218,2.355,1.943,2.315,0.562,0.115,-0.004,-0.016,0.000,0.456,-0.479,-0.408,11.096,-0.303,13.231,10.756,12.957
3.109,-2.982,-0.001,0.999,0.000,-0.000,0.042,0.231,0.253,2.106,0.215,2.489,2.052,2.445,0.571,0.119,-0.003,-0.017,0.000,0.462,-0.184,-0.197,11.304,-0.156,13.467,10.960,13.188
3.114,-2.981,-0.001,0.999,0.000,-0.000,0.044,0.231,0.252,2.221,0.214,2.625,2.162,2.578,0.580,0.123,-0.001,-0.016,-0.000,0.467,0.076,0.007,11.507,-0.005,13.692,11.159,13.409
3.120,-2.980,-0.001,0.999,0.000,-0.000,0.047,0.232,0.253,2.337,0.215,2.763,2.275,2.714,0.589,0.128,-0.000,-0.013,-0.000,0.474,0.156,0.127,11.702,0.062,13.910,11.348,13.623
3.126,-2.979,-0.001,0.999,0.000,-0.000,0.049,0.233,0.254,2.455,0.215,2.903,2.389,2.851,0.598,0.133,0.000,-0.010,0.000,0.482,0.075,0.083,11.887,0.028,14.124,11.528,13.833
3.132,-2.977,-0.001,0.999,0.000,-0.000,0.051,0.233,0.254,2.574,0.215,3.045,2.505,2.990,0.606,0.138,0.001,-0.006,0.000,0.490,0.011,0.034,12.064,0.008,14.334,11.700,14.038
3.138,-2.976,-0.001,0.999,0.000,-0.000,0.054,0.233,0.254,2.696,0.215,3.190,2.623,3.132,0.614,0.143,0.001,-0.002,0.001,0.498,-0.015,0.013,12.237,-0.000,14.538,11.867,14.238
3.144,-2.974,-0.001,0.998,0.000,-0.000,0.056,0.233,0.255,2.819,0.215,3.336,2.743,3.275,0.621,0.148,0.001,0.001,0.001,0.505,-0.018,0.006,12.404,-0.004,14.737,12.029,14.432
3.151,-2.973,-0.001,0.998,0.000,-0.000,0.059,0.233,0.255,2.944,0.215,3.484,2.864,3.420,0.629,0.153,0.001,0.003,0.001,0.512,-0.013,0.004,12.567,-0.005,14.932,12.187,14.622
3.157,-2.971,-0.001,0.998,0.000,-0.000,0.062,0.233,0.255,3.070,0.215,3.635,2.986,3.567,0.636,0.158,0.001,0.004,0.001,0.519,-0.006,0.004,12.726,-0.005,15.122,12.340,14.808
3.163,-2.970,-0.001,0.998,0.000,-0.000,0.064,0.233,0.255,3.198,0.215,3.787,3.111,3.716,0.643,0.163,0.001,0.002,0.001,0.525,-0.002,0.003,12.881,-0.005,15.307,12.490,14.989
3.170,-2.968,-0.001,0.998,0.000,-0.000,0.067,0.233,0.255,3.328,0.215,3.941,3.236,3.867,0.650,0.169,0.001,-0.002,0.001,0.532,0.000,0.003,13.033,-0.005,15.487,12.637,15.166
3.176,-2.966,-0.001,0.998,0.000,-0.000,0.069,0.233,0.255,3.459,0.215,4.096,3.363,4.020,0.657,0.174,0.001,-0.008,0.000,0.538,0.000,0.002,13.181,-0.005,15.661,12.781,15.336
3.183,-2.965,-0.001,0.997,0.000,-0.000,0.072,0.233,0.255,3.592,0.215,4.254,3.492,4.174,0.663,0.179,0.002,-0.016,-0.000,0.544,-0.000,0.002,13.327,-0.005,15.826,12.923,15.500
3.190,-2.963,-0.001,0.997,-0.000,-0.000,0.075,0.233,0.255,3.726,0.215,4.413,3.622,4.330,0.670,0.185,0.003,-0.026,-0.002,0.550,-0.000,0.001,13.470,-0.005,15.983,13.062,15.655
3.196,-2.961,-0.001,0.997,-0.000,-0.000,0.078,0.233,0.255,3.861,0.215,4.573,3.753,4.487,0.676,0.191,0.005,-0.037,-0.003,0.556,-0.001,0.001,13.611,-0.004,16.130,13.199,15.802
3.203,-2.959,-0.001,0.997,-0.000,-0.000,0.080,0.233,0.255,3.998,0.215,4.735,3.886,4.646,0.682,0.196,0.007,-0.048,-0.004,0.562,-0.001,0.000,13.748,-0.004,16.266,13.334,15.939
3.210,-2.957,-0.001,0.997,-0.001,-0.000,0.083,0.233,0.255,4.136,0.215,4.899,4.020,4.806,0.688,0.202,0.009,-0.056,-0.005,0.568,-0.001,-0.000,13.882,-0.004,16.391,13.467,16.065
3.217,-2.955,-0.001,0.996,-0.001,-0.000,0.086,0.233,0.255,4.275,0.215,5.063,4.155,4.967,0.694,0.208,0.011,-0.061,-0.006,0.574,-0.001,-0.001,14.012,-0.003,16.506,13.597,16.182
3.224,-2.953,-0.001,0.996,-0.001,-0.000,0.089,0.233,0.255,4.416,0.215,5.229,4.292,5.129,0.699,0.214,0.013,-0.062,-0.007,0.580,-0.001,-0.001,14.138,-0.003,16.611,13.722,16.289
3.231,-2.951,-0.001,0.996,-0.002,-0.001,0.092,0.233,0.255,4.558,0.215,5.395,4.429,5.293,0.705,0.220,0.015,-0.057,-0.007,0.586,-0.001,-0.001,14.257,-0.003,16.709,13.843,16.389
3.238,-2.948,-0.001,0.995,-0.002,-0.001,0.095,0.233,0.255,4.701,0.215,5.563,4.568,5.457,0.711,0.227,0.016,-0.047,-0.006,0.592,-0.001,-0.002,14.369,-0.003,16.803,13.957,16.483
3.245,-2.946,-0.000,0.995,-0.002,-0.001,0.098,0.233,0.255,4.846,0.215,5.732,4.709,5.622,0.716,0.233,0.016,-0.030,-0.005,0.597,-0.001,-0.002,14.474,-0.002,16.894,14.063,16.573
3.252,-2.944,-0.000,0.995,-0.002,-0.001,0.101,0.233,0.255,4.991,0.215,5.901,4.850,5.789,0.722,0.240,0.016,-0.007,-0.003,0.602,-0.001,-0.003,14.570,-0.002,16.987,14.160,16.663
3.260,-2.941,-0.000,0.995,-0.002,-0.001,0.104,0.233,0.255,5.137,0.215,6.071,4.992,5.956,0.727,0.246,0.015,0.019,-0.001,0.607,-0.001,-0.003,14.656,-0.003,17.083,14.248,16.755
3.267,-2.939,0.000,0.994,-0.002,-0.001,0.107,0.233,0.255,5.284,0.215,6.243,5.135,6.124,0.731,0.253,0.013,0.048,0.002,0.612,-0.001,-0.004,14.733,-0.003,17.187,14.324,16.852
3.274,-2.936,0.000,0.994,-0.002,-0.001,0.110,0.233,0.255,5.431,0.215,6.415,5.278,6.293,0.736,0.259,0.010,0.076,0.004,0.616,-0.001,-0.004,14.800,-0.003,17.298,14.390,16.955
3.282,-2.934,0.000,0.994,-0.001,-0.000,0.113,0.233,0.255,5.580,0.215,6.589,5.422,6.463,0.740,0.266,0.007,0.102,0.007,0.620,-0.001,-0.005,14.859,-0.003,17.420,14.445,17.065
3.289,-2.931,0.000,0.993,-0.001,-0.000,0.116,0.233,0.255,5.729,0.215,6.763,5.567,6.634,0.743,0.272,0.003,0.124,0.010,0.624,-0.001,-0.005,14.910,-0.004,17.550,14.491,17.184
3.296,-2.928,0.000,0.993,-0.000,-0.000,0.119,0.233,0.254,5.878,0.215,6.940,5.712,6.806,0.746,0.279,-0.001,0.138,0.013,0.627,-0.001,-0.005,14.955,-0.004,17.690,14.529,17.310
3.304,-2.925,0.000,0.993,0.001,-0.000,0.122,0.233,0.254,6.028,0.215,7.117,5.858,6.980,0.748,0.285,-0.005,0.145,0.014,0.629,-0.001,-0.004,14.997,-0.004,17.837,14.561,17.443
3.311,-2.922,0.000,0.992,0.001,0.000,0.125,0.233,0.254,6.178,0.214,7.296,6.003,7.155,0.749,0.291,-0.008,0.141,0.015,0.632,-0.001,-0.004,15.036,-0.004,17.987,14.589,17.580
3.319,-2.919,0.000,0.992,0.002,0.000,0.128,0.233,0.254,6.328,0.214,7.477,6.149,7.332,0.750,0.297,-0.011,0.128,0.014,0.634,-0.001,-0.004,15.076,-0.004,18.139,14.616,17.719
3.326,-2.916,0.000,0.991,0.003,0.000,0.132,0.233,0.254,6.479,0.214,7.659,6.296,7.510,0.751,0.302,-0.013,0.106,0.014,0.636,-0.001,-0.003,15.117,-0.003,18.287,14.645,17.855
3.334,-2.913,-0.000,0.991,0.003,0.000,0.135,0.233,0.254,6.631,0.214,7.843,6.442,7.689,0.751,0.308,-0.014,0.077,0.012,0.638,-0.000,-0.002,15.164,-0.002,18.427,14.678,17.987
3.341,-2.910,-0.000,0.990,0.003,0.001,0.138,0.233,0.254,6.783,0.214,8.028,6.589,7.869,0.751,0.313,-0.015,0.044,0.011,0.640,0.000,-0.002,15.216,-0.000,18.556,14.717,18.109
3.349,-2.907,-0.000,0.990,0.003,0.001,0.141,0.233,0.254,6.935,0.214,8.214,6.737,8.051,0.751,0.319,-0.015,0.009,0.009,0.642,0.001,-0.001,15.276,0.001,18.671,14.764,18.221
3.356,-2.904,-0.001,0.990,0.003,0.001,0.144,0.233,0.254,7.088,0.214,8.401,6.885,8.234,0.750,0.324,-0.014,-0.025,0.007,0.644,0.001,0.001,15.344,0.003,18.772,14.820,18.320
3.364,-2.901,-0.001,0.989,0.003,0.001,0.147,0.233,0.254,7.242,0.214,8.589,7.033,8.417,0.749,0.330,-0.013,-0.055,0.006,0.646,0.001,0.002,15.420,0.004,18.858,14.886,18.406
3.371,-2.897,-0.001,0.989,0.003,0.001,0.151,0.233,0.254,7.397,0.214,8.778,7.182,8.602,0.749,0.335,-0.012,-0.078,0.004,0.648,0.002,0.003,15.504,0.005,18.930,14.961,18.479
3.379,-2.894,-0.001,0.988,0.002,0.001,0.154,0.233,0.254,7.552,0.215,8.968,7.332,8.787,0.748,0.341,-0.010,-0.092,0.002,0.650,0.002,0.004,15.593,0.005,18.992,15.043,18.542
3.386,-2.891,-0.001,0.988,0.002,0.000,0.157,0.233,0.254,7.709,0.215,9.158,7.483,8.973,0.747,0.347,-0.009,-0.097,-0.000,0.653,0.002,0.005,15.686,0.004,19.044,15.131,18.595
3.394,-2.887,-0.001,0.987,0.002,0.000,0.160,0.233,0.254,7.866,0.215,9.349,7.635,9.159,0.747,0.352,-0.008,-0.093,-0.002,0.655,0.002,0.006,15.780,0.004,19.091,15.223,18.643
3.401,-2.883,-0.001,0.987,0.001,0.000,0.164,0.233,0.254,8.024,0.215,9.540,7.788,9.346,0.746,0.358,-0.007,-0.083,-0.004,0.657,0.001,0.006,15.872,0.003,19.134,15.314,18.688
3.409,-2.880,-0.001,0.986,0.001,0.000,0.167,0.233,0.255,8.183,0.215,9.731,7.941,9.533,0.746,0.364,-0.006,-0.069,-0.005,0.659,0.001,0.006,15.959,0.001,19.176,15.404,18.731
3.416,-2.876,-0.001,0.985,0.000,0.000,0.170,0.233,0.255,8.343,0.215,9.923,8.096,9.720,0.745,0.370,-0.004,-0.053,-0.007,0.661,0.000,0.006,16.040,-0.000,19.218,15.489,18.775
3.424,-2.872,-0.001,0.985,0.000,0.000,0.173,0.233,0.255,8.504,0.215,10.116,8.251,9.908,0.745,0.376,-0.003,-0.038,-0.008,0.662,0.000,0.005,16.114,-0.001,19.260,15.569,18.821
3.431,-2.869,-0.001,0.984,0.000,-0.000,0.177,0.233,0.255,8.666,0.215,10.308,8.407,10.097,0.744,0.382,-0.001,-0.028,-0.010,0.664,-0.000,0.004,16.180,-0.002,19.300,15.643,18.868
3.439,-2.865,-0.001,0.984,-0.000,-0.000,0.180,0.233,0.255,8.828,0.215,10.502,8.564,10.286,0.744,0.387,0.001,-0.024,-0.011,0.666,-0.000,0.004,16.240,-0.003,19.338,15.710,18.915
3.446,-2.861,-0.001,0.983,-0.000,-0.000,0.183,0.233,0.255,8.990,0.215,10.695,8.721,10.475,0.743,0.393,0.003,-0.027,-0.011,0.668,-0.000,0.003,16.295,-0.003,19.370,15.773,18.959
3.453,-2.857,-0.001,0.982,-0.000,-0.000,0.186,0.233,0.255,9.154,0.215,10.889,8.879,10.665,0.743,0.399,0.006,-0.037,-0.012,0.670,-0.000,0.003,16.348,-0.003,19.395,15.833,18.999
3.461,-2.853,-0.001,0.982,-0.001,-0.000,0.190,0.233,0.255,9.317,0.215,11.083,9.038,10.855,0.743,0.406,0.008,-0.052,-0.011,0.672,-0.000,0.002,16.399,-0.003,19.412,15.891,19.030
3.468,-2.849,-0.001,0.981,-0.001,-0.000,0.193,0.233,0.255,9.482,0.214,11.277,9.197,11.045,0.743,0.412,0.010,-0.070,-0.010,0.675,-0.000,0.002,16.452,-0.003,19.418,15.950,19.052
3.476,-2.845,-0.001,0.981,-0.001,-0.001,0.196,0.233,0.255,9.646,0.214,11.471,9.357,11.236,0.743,0.419,0.012,-0.086,-0.008,0.678,-0.000,0.001,16.509,-0.002,19.416,16.009,19.064
3.483,-2.840,-0.001,0.980,-0.002,-0.001,0.200,0.233,0.255,9.812,0.214,11.666,9.517,11.427,0.743,0.425,0.013,-0.099,-0.006,0.681,-0.000,0.001,16.568,-0.001,19.408,16.071,19.065
3.491,-2.836,-0.001,0.979,-0.002,-0.001,0.203,0.233,0.255,9.978,0.214,11.860,9.678,11.617,0.743,0.432,0.013,-0.104,-0.003,0.684,-0.000,-0.000,16.632,-0.001,19.397,16.135,19.059
3.498,-2.832,-0.001,0.978,-0.003,-0.001,0.206,0.233,0.255,10.144,0.214,12.053,9.840,11.808,0.743,0.439,0.012,-0.098,-0.000,0.687,-0.000,-0.001,16.696,-0.000,19.388,16.200,19.048
3.506,-2.827,-0.000,0.978,-0.003,-0.001,0.210,0.233,0.255,10.312,0.214,12.247,10.002,11.998,0.743,0.446,0.011,-0.082,0.002,0.690,-0.000,-0.001,16.760,-0.000,19.384,16.264,19.036
3.513,-2.823,-0.000,0.977,-0.003,-0.001,0.213,0.233,0.255,10.480,0.214,12.441,10.165,12.188,0.743,0.453,0.009,-0.054,0.003,0.692,-0.000,-0.002,16.819,0.000,19.391,16.324,19.030
3.520,-2.818,-0.000,0.976,-0.004,-0.001,0.216,0.233,0.255,10.648,0.214,12.635,10.329,12.379,0.743,0.460,0.006,-0.017,0.004,0.694,-0.001,-0.003,16.870,0.000,19.411,16.377,19.032
3.528,-2.814,-0.000,0.976,-0.004,-0.001,0.220,0.233,0.255,10.817,0.214,12.829,10.493,12.569,0.742,0.467,0.004,0.027,0.003,0.695,-0.001,-0.004,16.909,0.000,19.448,16.419,19.047
3.535,-2.809,-0.000,0.975,-0.003,-0.001,0.223,0.233,0.255,10.986,0.214,13.024,10.657,12.760,0.741,0.473,0.001,0.075,0.003,0.695,-0.001,-0.005,16.933,-0.000,19.501,16.448,19.079
3.543,-2.804,-0.000,0.974,-0.003,-0.001,0.227,0.233,0.255,11.156,0.214,13.220,10.822,12.951,0.739,0.480,-0.001,0.121,0.002,0.695,-0.001,-0.005,16.939,-0.001,19.571,16.462,19.128
3.550,-2.799,-0.000,0.973,-0.002,-0.001,0.230,0.233,0.255,11.325,0.214,13.416,10.986,13.142,0.737,0.486,-0.003,0.162,0.001,0.695,-0.001,-0.006,16.927,-0.002,19.655,16.458,19.194
3.557,-2.795,-0.000,0.972,-0.001,-0.000,0.233,0.233,0.255,11.494,0.214,13.613,11.151,13.335,0.735,0.491,-0.004,0.193,0.000,0.694,-0.001,-0.006,16.898,-0.003,19.752,16.438,19.276
3.565,-2.790,-0.000,0.972,-0.000,-0.000,0.237,0.233,0.255,11.663,0.214,13.811,11.315,13.528,0.732,0.497,-0.004,0.210,-0.001,0.694,-0.001,-0.006,16.854,-0.003,19.857,16.402,19.371
3.572,-2.785,-0.000,0.971,0.001,0.000,0.240,0.233,0.254,11.831,0.214,14.010,11.479,13.722,0.729,0.502,-0.003,0.211,-0.002,0.693,-0.001,-0.006,16.801,-0.004,19.965,16.353,19.473
3.579,-2.780,-0.000,0.970,0.002,0.000,0.244,0.233,0.254,11.999,0.214,14.210,11.642,13.917,0.726,0.507,-0.002,0.199,-0.002,0.693,-0.001,-0.005,16.741,-0.003,20.070,16.295,19.578
3.587,-2.774,-0.000,0.969,0.003,0.001,0.247,0.233,0.254,12.166,0.214,14.411,11.805,14.114,0.722,0.512,-0.001,0.173,0.000,0.693,-0.001,-0.005,16.681,-0.002,20.166,16.234,19.679
3.594,-2.769,-0.000,0.968,0.003,0.001,0.250,0.233,0.254,12.332,0.214,14.613,11.967,14.311,0.719,0.517,-0.000,0.139,0.004,0.693,-0.000,-0.004,16.626,-0.001,20.249,16.173,19.771
3.601,-2.764,-0.000,0.967,0.004,0.001,0.253,-0.045,0.009,12.502,0.023,14.814,12.129,14.509,0.731,0.501,0.005,0.056,-0.025,0.584,-45.430,-41.156,17.311,-33.607,19.752,16.379,19.713
3.608,-2.760,-0.000,0.967,0.004,0.000,0.255,-0.433,-0.358,12.678,-0.316,15.007,12.297,14.703,0.768,0.428,0.033,-0.113,-0.127,0.070,-25.092,-25.994,17.852,-26.409,18.922,17.299,18.969
3.616,-2.756,0.000,0.967,0.003,-0.001,0.254,-0.475,-0.460,12.858,-0.375,15.194,12.474,14.887,0.787,0.347,0.046,-0.183,-0.128,-0.449,15.544,5.072,18.110,15.442,18.640,17.996,17.802
3.624,-2.752,0.001,0.968,0.003,-0.001,0.251,-0.193,-0.294,13.040,-0.074,15.381,12.656,15.060,0.791,0.325,0.010,-0.034,-0.011,-0.619,34.770,24.142,18.183,37.808,18.684,18.317,16.905
3.632,-2.749,0.000,0.969,0.003,-0.001,0.249,0.060,-0.092,13.222,0.209,15.568,12.838,15.227,0.783,0.337,-0.040,0.107,0.187,-0.523,11.112,11.793,18.219,14.373,18.688,18.196,16.654
3.640,-2.745,0.000,0.969,0.003,0.000,0.247,-0.012,-0.124,13.404,0.180,15.752,13.019,15.396,0.769,0.387,-0.023,0.058,0.041,-0.187,-22.013,-16.158,18.218,-17.765,18.079,17.793,17.289
3.648,-2.742,-0.000,0.969,0.003,0.000,0.246,-0.263,-0.317,13.586,-0.062,15.930,13.197,15.571,0.777,0.387,-0.004,-0.009,-0.082,-0.185,-22.456,-17.693,18.254,-25.087,17.577,17.875,17.475
3.655,-2.738,-0.000,0.970,0.003,-0.000,0.245,-0.370,-0.410,13.769,-0.215,16.105,13.377,15.744,0.787,0.360,-0.021,-0.116,0.030,-0.356,1.889,-0.025,18.294,-3.426,17.398,18.175,17.132
3.663,-2.734,-0.000,0.970,0.002,-0.000,0.243,-0.246,-0.326,13.952,-0.131,16.279,13.560,15.913,0.793,0.336,-0.019,-0.109,0.024,-0.493,19.615,14.744,18.409,17.052,17.396,18.442,16.740
3.671,-2.731,-0.001,0.971,0.002,-0.000,0.240,-0.068,-0.175,14.137,0.031,16.453,13.744,16.081,0.788,0.349,-0.008,-0.087,-0.043,-0.387,12.423,12.449,18.431,11.647,17.362,18.387,16.916
3.679,-2.727,-0.001,0.971,0.002,-0.001,0.239,-0.051,-0.131,14.321,0.050,16.626,13.927,16.252,0.780,0.370,0.001,-0.088,-0.095,-0.225,-8.284,-3.633,18.327,-7.444,17.279,18.208,17.305
3.687,-2.724,-0.001,0.971,0.001,-0.001,0.238,-0.186,-0.216,14.503,-0.085,16.798,14.109,16.426,0.781,0.368,-0.002,-0.089,-0.059,-0.223,-15.191,-10.664,18.253,-16.453,17.195,18.249,17.370
3.695,-2.720,-0.001,0.972,0.001,-0.001,0.237,-0.286,-0.291,14.686,-0.212,16.969,14.293,16.598,0.789,0.344,-0.015,-0.120,0.041,-0.362,-3.398,-2.932,18.383,-6.907,17.021,18.507,17.047
3.703,-2.717,-0.001,0.972,0.000,-0.001,0.234,-0.247,-0.266,14.872,-0.204,17.138,14.480,16.766,0.796,0.316,-0.014,-0.102,0.057,-0.516,9.699,7.036,18.784,7.352,16.815,18.789,16.605
3.711,-2.714,-0.001,0.973,-0.000,-0.001,0.232,-0.139,-0.179,15.061,-0.110,17.306,14.668,16.932,0.797,0.315,-0.008,-0.070,0.036,-0.505,9.653,8.522,18.959,9.003,16.755,18.869,16.554
3.718,-2.710,-0.001,0.973,-0.001,-0.001,0.230,-0.096,-0.131,15.250,-0.067,17.474,14.856,17.099,0.793,0.331,0.002,-0.058,-0.000,-0.392,-1.489,0.555,18.786,-0.904,16.919,18.781,16.803
3.726,-2.707,-0.001,0.974,-0.001,-0.001,0.228,-0.157,-0.165,15.437,-0.123,17.644,15.044,17.268,0.795,0.336,0.008,-0.063,-0.016,-0.344,-8.778,-5.954,18.634,-8.746,17.042,18.759,16.957
3.734,-2.704,-0.001,0.974,-0.001,-0.001,0.226,-0.230,-0.218,15.624,-0.204,17.814,15.232,17.437,0.802,0.320,0.009,-0.080,-0.005,-0.426,-4.527,-3.651,18.823,-6.016,16.891,18.917,16.787
3.742,-2.701,-0.001,0.975,-0.002,-0.001,0.224,-0.231,-0.223,15.814,-0.221,17.982,15.423,17.603,0.809,0.298,0.009,-0.095,0.010,-0.541,3.767,2.402,19.234,2.296,16.605,19.122,16.468
3.751,-2.698,-0.001,0.975,-0.002,-0.002,0.221,-0.174,-0.181,16.008,-0.174,18.147,15.614,17.767,0.813,0.293,0.008,-0.093,0.023,-0.563,6.296,5.021,19.453,5.824,16.462,19.220,16.352
3.759,-2.695,-0.001,0.976,-0.003,-0.001,0.218,-0.133,-0.145,16.202,-0.133,18.312,15.806,17.931,0.814,0.302,0.008,-0.081,0.028,-0.495,1.255,1.776,19.357,1.627,16.568,19.191,16.477
3.767,-2.692,-0.000,0.976,-0.003,-0.001,0.216,-0.152,-0.152,16.395,-0.148,18.478,15.998,18.096,0.815,0.307,0.007,-0.074,0.029,-0.445,-4.270,-2.719,19.231,-3.926,16.731,19.164,16.595
3.775,-2.689,-0.000,0.977,-0.003,-0.001,0.214,-0.197,-0.184,16.587,-0.194,18.646,16.190,18.262,0.821,0.299,0.006,-0.070,0.029,-0.475,-3.774,-2.931,19.330,-4.250,16.725,19.246,16.532
3.783,-2.686,-0.000,0.977,-0.004,-0.001,0.211,-0.213,-0.198,16.782,-0.216,18.812,16.383,18.426,0.827,0.285,0.005,-0.052,0.028,-0.541,0.753,0.144,19.568,-0.054,16.584,19.388,16.368
3.792,-2.683,-0.000,0.978,-0.004,-0.001,0.209,-0.188,-0.183,16.979,-0.198,18.978,16.578,18.590,0.832,0.278,0.005,-0.013,0.024,-0.567,3.473,2.517,19.724,3.091,16.503,19.489,16.291
3.800,-2.680,-0.000,0.979,-0.004,-0.001,0.206,-0.160,-0.160,17.176,-0.170,19.143,16.773,18.753,0.835,0.280,0.004,0.037,0.019,-0.540,1.700,1.600,19.714,1.908,16.579,19.503,16.355
3.808,-2.677,-0.000,0.979,-0.004,-0.001,0.203,-0.160,-0.157,17.373,-0.166,19.309,16.968,18.917,0.837,0.282,0.003,0.083,0.016,-0.508,-1.515,-0.811,19.652,-0.999,16.721,19.479,16.459
3.817,-2.675,-0.000,0.980,-0.003,-0.001,0.201,-0.181,-0.171,17.569,-0.185,19.477,17.162,19.082,0.840,0.278,0.002,0.121,0.014,-0.511,-2.218,-1.628,19.647,-2.214,16.812,19.483,16.506
3.825,-2.672,-0.000,0.980,-0.002,-0.001,0.198,-0.195,-0.182,17.766,-0.201,19.645,17.357,19.247,0.845,0.270,0.002,0.154,0.013,-0.539,-0.426,-0.550,19.689,-0.788,16.841,19.517,16.504
3.834,-2.669,-0.000,0.981,-0.002,-0.000,0.196,-0.189,-0.180,17.963,-0.199,19.814,17.553,19.412,0.849,0.263,0.001,0.184,0.012,-0.561,1.326,0.838,19.710,1.005,16.882,19.536,16.525
3.842,-2.667,-0.000,0.981,-0.001,-0.000,0.193,-0.175,-0.170,18.160,-0.186,19.983,17.748,19.577,0.853,0.260,0.001,0.205,0.011,-0.559,1.202,0.970,19.676,1.128,16.979,19.505,16.612
3.851,-2.664,-0.000,0.982,0.000,0.000,0.190,-0.170,-0.165,18.356,-0.180,20.154,17.943,19.744,0.856,0.258,0.000,0.209,0.010,-0.544,-0.070,0.130,19.614,0.089,17.110,19.439,16.739
3.859,-2.661,-0.000,0.982,0.001,0.000,0.187,-0.175,-0.167,18.552,-0.185,20.325,18.137,19.912,0.858,0.255,-0.001,0.194,0.009,-0.538,-0.914,-0.572,19.569,-0.854,17.231,19.375,16.856
3.868,-2.659,-0.000,0.983,0.002,0.001,0.185,-0.183,-0.173,18.748,-0.193,20.498,18.330,20.081,0.862,0.249,-0.002,0.163,0.009,-0.546,-0.553,-0.410,19.551,-0.650,17.329,19.332,16.940
3.876,-2.656,-0.000,0.983,0.003,0.001,0.182,-0.185,-0.174,18.943,-0.196,20.672,18.523,20.251,0.865,0.243,-0.004,0.122,0.008,-0.557,0.176,0.085,19.550,0.018,17.412,19.302,17.008
3.885,-2.654,-0.000,0.984,0.003,0.001,0.179,-0.181,-0.172,19.139,-0.193,20.847,18.716,20.421,0.867,0.238,-0.006,0.077,0.007,-0.560,0.548,0.413,19.550,0.456,17.490,19.274,17.080
3.894,-2.652,-0.000,0.984,0.004,0.001,0.177,-0.177,-0.168,19.334,-0.189,21.022,18.909,20.593,0.869,0.234,-0.008,0.030,0.007,-0.554,0.250,0.244,19.555,0.268,17.559,19.248,17.158
3.902,-2.649,-0.000,0.985,0.004,0.001,0.174,-0.176,-0.167,19.530,-0.188,21.198,19.101,20.765,0.870,0.231,-0.010,-0.017,0.005,-0.547,-0.063,0.039,19.573,0.035,17.613,19.237,17.226
3.911,-2.647,-0.001,0.985,0.003,0.001,0.171,-0.177,-0.167,19.726,-0.189,21.374,19.294,20.937,0.872,0.226,-0.011,-0.060,0.004,-0.543,-0.173,-0.057,19.610,-0.118,17.648,19.247,17.273
3.920,-2.645,-0.001,0.986,0.003,0.001,0.169,-0.179,-0.167,19.922,-0.190,21.551,19.486,21.110,0.872,0.222,-0.012,-0.094,0.001,-0.541,-0.091,-0.023,19.665,-0.083,17.667,19.281,17.297
3.929,-2.643,-0.001,0.986,0.003,0.001,0.166,-0.179,-0.167,20.119,-0.190,21.727,19.679,21.283,0.873,0.217,-0.013,-0.115,-0.002,-0.540,-0.018,-0.002,19.732,-0.033,17.671,19.332,17.305
3.937,-2.640,-0.001,0.987,0.002,0.001,0.163,-0.179,-0.167,20.317,-0.190,21.904,19.873,21.456,0.874,0.212,-0.012,-0.123,-0.006,-0.539,0.013,0.006,19.805,-0.012,17.665,19.397,17.301
3.946,-2.638,-0.001,0.987,0.001,0.001,0.161,-0.179,-0.167,20.515,-0.191,22.081,20.067,21.629,0.874,0.207,-0.011,-0.118,-0.011,-0.538,0.020,0.009,19.875,-0.004,17.652,19.469,17.291
3.955,-2.636,-0.001,0.987,0.001,0.000,0.158,-0.179,-0.167,20.714,-0.191,22.257,20.262,21.802,0.874,0.202,-0.010,-0.105,-0.015,-0.537,0.015,0.008,19.940,-0.003,17.635,19.544,17.278
3.964,-2.634,-0.001,0.988,0.000,0.000,0.155,-0.179,-0.167,20.914,-0.191,22.433,20.458,21.974,0.875,0.198,-0.008,-0.085,-0.017,-0.536,0.007,0.006,19.994,-0.004,17.617,19.617,17.266
3.972,-2.632,-0.001,0.988,-0.000,0.000,0.153,-0.179,-0.167,21.114,-0.191,22.609,20.655,22.147,0.875,0.193,-0.006,-0.063,-0.019,-0.536,0.001,0.004,20.038,-0.005,17.601,19.684,17.257
3.981,-2.630,-0.001,0.989,-0.000,0.000,0.150,-0.179,-0.167,21.315,-0.191,22.785,20.852,22.320,0.876,0.188,-0.003,-0.042,-0.019,-0.536,-0.002,0.002,20.071,-0.006,17.587,19.742,17.252
3.990,-2.629,-0.001,0.989,-0.000,-0.000,0.147,-0.179,-0.167,21.516,-0.191,22.961,21.050,22.492,0.877,0.183,-0.001,-0.027,-0.019,-0.537,-0.004,0.000,20.096,-0.007,17.575,19.792,17.254
3.999,-2.627,-0.001,0.989,-0.001,-0.000,0.145,-0.179,-0.167,21.717,-0.191,23.137,21.248,22.665,0.879,0.179,0.001,-0.018,-0.018,-0.538,-0.004,-0.001,20.116,-0.008,17.566,19.833,17.260
4.007,-2.625,-0.001,0.990,-0.001,-0.000,0.142,-0.179,-0.167,21.918,-0.191,23.312,21.446,22.837,0.880,0.174,0.003,-0.017,-0.016,-0.539,-0.003,-0.002,20.134,-0.008,17.556,19.868,17.269
4.016,-2.623,-0.001,0.990,-0.001,-0.000,0.139,-0.179,-0.167,22.119,-0.191,23.488,21.645,23.010,0.882,0.170,0.005,-0.024,-0.015,-0.540,-0.003,-0.003,20.152,-0.008,17.545,19.899,17.279
4.025,-2.622,-0.001,0.991,-0.001,-0.000,0.137,-0.179,-0.167,22.321,-0.191,23.663,21.844,23.183,0.884,0.165,0.007,-0.037,-0.014,-0.541,-0.003,-0.004,20.172,-0.007,17.530,19.929,17.287
4.034,-2.620,-0.001,0.991,-0.001,-0.001,0.134,-0.179,-0.167,22.523,-0.191,23.838,22.044,23.356,0.886,0.160,0.008,-0.052,-0.014,-0.542,-0.002,-0.004,20.196,-0.007,17.510,19.962,17.290
4.043,-2.618,-0.001,0.991,-0.001,-0.001,0.131,-0.179,-0.167,22.725,-0.191,24.013,22.243,23.529,0.889,0.156,0.010,-0.066,-0.013,-0.543,-0.002,-0.004,20.223,-0.006,17.485,19.998,17.287
4.052,-2.617,-0.001,0.992,-0.002,-0.001,0.129,-0.179,-0.167,22.927,-0.191,24.188,22.444,23.702,0.891,0.151,0.011,-0.075,-0.013,-0.544,-0.002,-0.005,20.252,-0.006,17.454,20.037,17.277
4.061,-2.615,-0.001,0.992,-0.002,-0.001,0.126,-0.179,-0.167,23.130,-0.191,24.363,22.644,23.874,0.894,0.147,0.013,-0.076,-0.012,-0.545,-0.002,-0.005,20.278,-0.006,17.421,20.080,17.259
4.070,-2.614,-0.001,0.992,-0.002,-0.001,0.123,-0.179,-0.167,23.333,-0.191,24.537,22.845,24.047,0.897,0.143,0.014,-0.067,-0.009,-0.547,-0.002,-0.006,20.299,-0.005,17.388,20.121,17.235
4.079,-2.613,-0.001,0.993,-0.003,-0.001,0.120,-0.179,-0.168,23.536,-0.191,24.710,23.047,24.219,0.900,0.138,0.015,-0.047,-0.006,-0.549,-0.002,-0.006,20.312,-0.005,17.358,20.158,17.208
4.088,-2.611,-0.000,0.993,-0.003,-0.001,0.118,-0.179,-0.168,23.739,-0.191,24.884,23.248,24.391,0.903,0.134,0.016,-0.019,-0.001,-0.551,-0.002,-0.007,20.314,-0.004,17.335,20.186,17.181
4.097,-2.610,-0.000,0.993,-0.003,-0.001,0.115,-0.179,-0.168,23.942,-0.191,25.057,23.450,24.563,0.906,0.129,0.016,0.016,0.006,-0.553,-0.001,-0.007,20.304,-0.004,17.323,20.200,17.157
4.106,-2.609,-0.000,0.994,-0.003,-0.001,0.112,-0.179,-0.168,24.145,-0.192,25.230,23.652,24.734,0.908,0.124,0.015,0.053,0.015,-0.556,-0.001,-0.007,20.283,-0.003,17.325,20.197,17.141
4.115,-2.607,0.000,0.994,-0.002,-0.001,0.109,-0.179,-0.168,24.348,-0.192,25.404,23.854,24.905,0.911,0.119,0.013,0.089,0.025,-0.559,-0.001,-0.007,20.254,-0.002,17.345,20.176,17.134
4.124,-2.606,0.000,0.994,-0.002,-0.001,0.107,-0.179,-0.168,24.550,-0.192,25.577,24.056,25.077,0.914,0.114,0.010,0.120,0.035,-0.561,-0.001,-0.007,20.220,-0.001,17.382,20.137,17.139
4.133,-2.605,0.000,0.995,-0.001,-0.000,0.104,-0.179,-0.168,24.752,-0.192,25.751,24.257,25.248,0.917,0.109,0.006,0.142,0.045,-0.563,-0.000,-0.007,20.188,-0.001,17.438,20.084,17.156
4.142,-2.604,0.000,0.995,-0.000,-0.000,0.101,-0.179,-0.168,24.954,-0.192,25.926,24.457,25.420,0.919,0.104,0.002,0.151,0.051,-0.565,-0.000,-0.006,20.162,-0.001,17.510,20.022,17.186
4.151,-2.603,0.000,0.995,0.000,0.000,0.098,-0.179,-0.168,25.155,-0.192,26.102,24.657,25.592,0.921,0.099,-0.003,0.146,0.052,-0.567,-0.000,-0.004,20.146,-0.000,17.595,19.956,17.228
4.161,-2.602,0.000,0.995,0.001,0.000,0.095,-0.179,-0.168,25.357,-0.192,26.278,24.856,25.765,0.923,0.093,-0.008,0.128,0.049,-0.567,0.000,-0.003,20.142,-0.000,17.688,19.894,17.277
4.170,-2.601,0.000,0.996,0.001,0.001,0.093,-0.179,-0.168,25.558,-0.192,26.455,25.055,25.938,0.923,0.088,-0.012,0.099,0.040,-0.567,0.000,-0.001,20.151,0.000,17.781,19.842,17.331
4.179,-2.600,0.000,0.996,0.002,0.001,0.090,-0.179,-0.168,25.760,-0.192,26.634,25.253,26.111,0.924,0.083,-0.016,0.063,0.029,-0.566,0.001,0.001,20.173,0.001,17.867,19.804,17.386
4.188,-2.600,-0.000,0.996,0.002,0.001,0.087,-0.179,-0.168,25.962,-0.192,26.813,25.451,26.285,0.923,0.077,-0.019,0.026,0.016,-0.565,0.001,0.003,20.205,0.001,17.939,19.784,17.439
4.198,-2.599,-0.000,0.996,0.002,0.001,0.084,-0.179,-0.168,26.164,-0.192,26.992,25.649,26.460,0.923,0.072,-0.020,-0.009,0.003,-0.563,0.002,0.005,20.245,0.002,17.993,19.783,17.485
4.207,-2.598,-0.001,0.997,0.002,0.001,0.081,-0.179,-0.168,26.367,-0.192,27.172,25.847,26.635,0.921,0.067,-0.020,-0.040,-0.010,-0.561,0.002,0.007,20.290,0.002,18.027,19.800,17.523
4.216,-2.597,-0.001,0.997,0.002,0.001,0.079,-0.179,-0.168,26.570,-0.192,27.353,26.045,26.810,0.920,0.062,-0.019,-0.062,-0.021,-0.558,0.002,0.008,20.334,0.003,18.043,19.834,17.552
4.225,-2.597,-0.001,0.997,0.001,0.001,0.076,-0.179,-0.168,26.773,-0.191,27.533,26.244,26.986,0.918,0.056,-0.017,-0.076,-0.030,-0.556,0.001,0.008,20.375,0.003,18.040,19.879,17.571
4.234,-2.596,-0.001,0.997,0.001,0.001,0.073,-0.179,-0.168,26.977,-0.191,27.714,26.443,27.162,0.916,0.051,-0.014,-0.080,-0.035,-0.554,0.001,0.007,20.409,0.003,18.023,19.932,17.580
4.244,-2.596,-0.001,0.998,0.001,0.000,0.070,-0.179,-0.168,27.181,-0.191,27.894,26.642,27.338,0.915,0.046,-0.010,-0.076,-0.036,-0.552,0.001,0.006,20.433,0.003,17.995,19.987,17.581
4.253,-2.595,-0.001,0.998,0.000,0.000,0.068,-0.179,-0.168,27.386,-0.191,28.073,26.843,27.513,0.913,0.041,-0.007,-0.065,-0.034,-0.550,0.000,0.005,20.448,0.002,17.961,20.040,17.574
4.262,-2.595,-0.001,0.998,0.000,0.000,0.065,-0.179,-0.168,27.590,-0.191,28.253,27.043,27.689,0.912,0.036,-0.004,-0.049,-0.028,-0.549,0.000,0.004,20.454,0.002,17.927,20.085,17.564
4.271,-2.595,-0.001,0.998,-0.000,-0.000,0.062,-0.179,-0.168,27.795,-0.191,28.432,27.244,27.865,0.911,0.031,-0.002,-0.033,-0.021,-0.549,-0.000,0.002,20.455,0.001,17.896,20.122,17.553
4.280,-2.594,-0.001,0.998,-0.000,-0.000,0.059,-0.179,-0.168,27.999,-0.191,28.611,27.446,28.040,0.911,0.026,0.000,-0.018,-0.013,-0.549,-0.001,0.001,20.453,-0.000,17.873,20.150,17.544
4.289,-2.594,-0.001,0.998,-0.000,-0.000,0.057,-0.179,-0.168,28.204,-0.191,28.789,27.647,28.215,0.911,0.021,0.001,-0.006,-0.006,-0.549,-0.001,-0.000,20.452,-0.001,17.858,20.169,17.537
4.298,-2.594,-0.001,0.999,-0.000,-0.000,0.054,-0.179,-0.168,28.408,-0.191,28.968,27.849,28.391,0.911,0.016,0.002,0.000,-0.001,-0.550,-0.001,-0.001,20.454,-0.002,17.851,20.183,17.536
4.307,-2.594,-0.001,0.999,-0.000,-0.000,0.051,-0.179,-0.168,28.613,-0.191,29.146,28.051,28.566,0.911,0.011,0.002,0.001,-0.000,-0.550,-0.001,-0.002,20.461,-0.003,17.850,20.194,17.540
4.316,-2.594,-0.001,0.999,-0.000,-0.000,0.048,-0.179,-0.168,28.818,-0.191,29.325,28.253,28.742,0.912,0.006,0.002,-0.002,-0.003,-0.551,-0.002,-0.003,20.472,-0.004,17.853,20.206,17.549
4.326,-2.594,-0.001,0.999,-0.000,-0.000,0.046,-0.179,-0.168,29.023,-0.192,29.504,28.455,28.917,0.913,0.001,0.003,-0.007,-0.009,-0.552,-0.002,-0.004,20.486,-0.004,17.856,20.222,17.562
4.335,-2.594,-0.001,0.999,-0.000,-0.000,0.043,-0.179,-0.168,29.227,-0.192,29.682,28.657,29.093,0.914,-0.004,0.005,-0.014,-0.017,-0.552,-0.002,-0.005,20.500,-0.005,17.855,20.243,17.577
4.344,-2.594,-0.001,0.999,-0.001,-0.000,0.040,-0.179,-0.168,29.432,-0.192,29.861,28.860,29.269,0.915,-0.009,0.007,-0.020,-0.026,-0.553,-0.002,-0.005,20.510,-0.005,17.848,20.269,17.592
4.353,-2.594,-0.001,0.999,-0.001,-0.001,0.037,-0.179,-0.168,29.638,-0.192,30.039,29.063,29.445,0.917,-0.014,0.009,-0.024,-0.034,-0.554,-0.001,-0.006,20.514,-0.005,17.832,20.299,17.606
4.362,-2.594,-0.001,0.999,-0.001,-0.001,0.035,-0.179,-0.168,29.843,-0.192,30.217,29.266,29.621,0.918,-0.019,0.013,-0.023,-0.038,-0.555,-0.001,-0.006,20.507,-0.005,17.807,20.328,17.615
4.371,-2.594,-0.001,0.999,-0.001,-0.001,0.032,-0.179,-0.168,30.048,-0.192,30.395,29.469,29.797,0.920,-0.024,0.016,-0.019,-0.038,-0.556,-0.001,-0.006,20.489,-0.005,17.775,20.354,17.618
4.381,-2.595,-0.001,1.000,-0.001,-0.001,0.029,-0.179,-0.168,30.252,-0.192,30.573,29.673,29.973,0.922,-0.029,0.019,-0.011,-0.033,-0.558,-0.001,-0.006,20.460,-0.005,17.739,20.371,17.614
4.390,-2.595,-0.000,1.000,-0.001,-0.001,0.026,-0.179,-0.168,30.457,-0.192,30.750,29.877,30.149,0.924,-0.034,0.021,-0.000,-0.022,-0.560,-0.001,-0.006,20.423,-0.005,17.702,20.376,17.603
4.399,-2.595,-0.000,1.000,-0.001,-0.001,0.023,-0.179,-0.168,30.661,-0.192,30.927,30.080,30.325,0.926,-0.039,0.022,0.011,-0.006,-0.562,-0.001,-0.006,20.381,-0.004,17.668,20.366,17.585
4.408,-2.596,-0.000,1.000,-0.001,-0.001,0.021,-0.179,-0.168,30.865,-0.192,31.103,30.284,30.501,0.928,-0.045,0.022,0.021,0.013,-0.565,-0.001,-0.005,20.341,-0.003,17.643,20.341,17.561
4.418,-2.596,0.000,1.000,-0.001,-0.001,0.018,-0.179,-0.168,31.068,-0.192,31.280,30.487,30.676,0.930,-0.050,0.019,0.028,0.033,-0.567,-0.000,-0.004,20.308,-0.002,17.630,20.303,17.533
4.427,-2.597,0.000,1.000,-0.001,-0.001,0.015,-0.179,-0.168,31.271,-0.192,31.456,30.690,30.852,0.932,-0.056,0.015,0.032,0.052,-0.569,0.000,-0.002,20.287,-0.001,17.631,20.254,17.504
4.436,-2.597,0.000,1.000,-0.000,-0.001,0.012,-0.179,-0.168,31.474,-0.192,31.632,30.892,31.027,0.933,-0.061,0.010,0.032,0.067,-0.570,0.001,-0.001,20.281,-0.000,17.648,20.200,17.476
4.446,-2.598,0.001,1.000,-0.000,-0.000,0.009,-0.179,-0.168,31.676,-0.192,31.809,31.094,31.201,0.934,-0.067,0.003,0.028,0.077,-0.572,0.001,0.001,20.293,0.001,17.680,20.147,17.450
4.455,-2.599,0.001,1.000,-0.000,0.000,0.006,-0.179,-0.168,31.879,-0.192,31.986,31.295,31.376,0.935,-0.073,-0.004,0.021,0.081,-0.572,0.002,0.003,20.324,0.002,17.725,20.099,17.430
4.464,-2.599,0.000,1.000,-0.000,0.000,0.003,-0.179,-0.168,32.083,-0.192,32.164,31.496,31.550,0.935,-0.078,-0.010,0.011,0.077,-0.572,0.002,0.005,20.370,0.003,17.781,20.062,17.416
4.474,-2.600,0.000,1.000,0.000,0.001,0.001,0.026,-0.024,32.285,-0.020,32.341,31.696,31.726,0.944,-0.050,-0.013,0.041,0.041,-0.395,33.233,24.796,19.919,28.681,17.892,19.876,17.901
4.483,-2.600,0.000,1.000,0.001,0.001,-0.000,0.306,0.218,32.481,0.237,32.523,31.891,31.909,0.937,0.013,-0.002,0.115,-0.037,0.003,17.498,18.108,19.415,18.155,18.563,19.139,18.627
4.492,-2.600,0.000,1.000,0.001,0.000,0.001,0.320,0.248,32.673,0.298,32.712,32.078,32.098,0.926,0.062,0.002,0.045,-0.106,0.335,-13.457,-11.968,19.044,-5.518,19.170,18.263,19.225
4.502,-2.599,0.000,1.000,0.001,-0.000,0.003,0.105,0.040,32.863,0.164,32.906,32.258,32.292,0.920,0.070,-0.017,-0.048,-0.047,0.398,-24.353,-24.390,18.800,-17.759,19.457,17.854,19.413
4.511,-2.598,-0.000,1.000,0.001,0.000,0.005,-0.053,-0.128,33.050,0.032,33.100,32.437,32.485,0.917,0.050,-0.035,-0.098,0.041,0.270,-4.672,-6.728,18.731,-5.761,19.383,17.970,19.240
4.520,-2.598,-0.000,1.000,0.000,0.000,0.005,0.024,-0.079,33.237,0.079,33.293,32.618,32.676,0.916,0.029,-0.030,-0.052,0.011,0.125,17.069,14.187,18.740,13.020,19.242,18.272,18.998
4.529,-2.598,-0.001,1.000,0.000,0.000,0.006,0.201,0.090,33.424,0.220,33.486,32.801,32.866,0.912,0.043,-0.020,-0.020,-0.037,0.197,14.346,15.942,18.579,12.040,19.357,18.186,19.112
4.538,-2.597,-0.001,1.000,-0.000,-0.000,0.008,0.252,0.171,33.608,0.273,33.681,32.981,33.059,0.907,0.076,-0.009,-0.019,-0.085,0.387,-4.053,-0.602,18.215,-1.779,19.552,17.821,19.482
4.547,-2.596,-0.001,1.000,-0.000,-0.001,0.010,0.145,0.092,33.789,0.198,33.877,33.158,33.256,0.905,0.089,-0.005,-0.020,-0.085,0.455,-14.466,-12.403,17.898,-11.341,19.634,17.672,19.695
4.556,-2.595,-0.001,1.000,-0.000,-0.001,0.012,0.032,-0.010,33.967,0.097,34.072,33.336,33.452,0.903,0.074,-0.006,-0.012,-0.045,0.349,-6.163,-5.984,17.917,-6.864,19.510,17.859,19.547
4.565,-2.595,-0.001,1.000,-0.000,-0.001,0.013,0.046,-0.002,34.148,0.089,34.267,33.515,33.646,0.898,0.057,-0.007,0.005,-0.008,0.227,7.851,6.805,18.174,4.676,19.358,18.072,19.264
4.574,-2.594,-0.001,1.000,-0.000,-0.001,0.014,0.146,0.095,34.330,0.159,34.460,33.696,33.838,0.895,0.062,-0.007,0.016,0.017,0.238,9.767,10.374,18.223,7.412,19.357,18.060,19.217
4.583,-2.594,-0.001,1.000,-0.000,-0.001,0.016,0.198,0.161,34.511,0.202,34.654,33.876,34.031,0.893,0.084,-0.005,0.018,0.027,0.358,0.016,2.082,17.941,0.498,19.507,17.835,19.433
4.592,-2.593,-0.001,1.000,-0.000,-0.001,0.018,0.151,0.134,34.689,0.169,34.850,34.053,34.227,0.893,0.099,-0.003,0.007,0.027,0.429,-7.867,-6.376,17.681,-6.100,19.611,17.689,19.623
4.601,-2.592,-0.001,1.000,-0.000,-0.001,0.020,0.079,0.070,34.866,0.107,35.046,34.230,34.423,0.894,0.093,-0.002,-0.000,0.026,0.383,-5.104,-4.881,17.733,-5.002,19.555,17.773,19.591
4.610,-2.591,-0.001,1.000,-0.000,-0.001,0.022,0.070,0.058,35.044,0.089,35.241,34.409,34.618,0.894,0.083,-0.001,-0.000,0.023,0.300,3.034,2.362,17.974,1.372,19.457,17.932,19.429
4.619,-2.590,-0.001,1.000,-0.000,-0.000,0.023,0.122,0.105,35.225,0.123,35.436,34.589,34.812,0.894,0.084,-0.001,0.005,0.020,0.291,5.950,5.872,18.087,4.407,19.462,17.968,19.385
4.628,-2.589,-0.001,1.000,-0.000,-0.000,0.025,0.162,0.149,35.405,0.155,35.631,34.768,35.006,0.894,0.100,0.000,0.012,0.010,0.362,1.418,2.311,17.977,1.419,19.599,17.849,19.519
4.637,-2.588,-0.001,1.000,0.000,-0.000,0.027,0.147,0.144,35.584,0.147,35.828,34.946,35.202,0.894,0.112,0.002,0.004,-0.004,0.419,-3.779,-2.912,17.844,-2.731,19.735,17.741,19.665
4.646,-2.587,-0.001,1.000,-0.000,-0.000,0.029,0.105,0.108,35.763,0.114,36.025,35.123,35.399,0.896,0.112,0.004,-0.015,-0.018,0.402,-3.571,-3.394,17.865,-3.137,19.732,17.792,19.688
4.655,-2.586,-0.001,1.000,-0.000,-0.001,0.031,0.091,0.091,35.942,0.097,36.222,35.302,35.596,0.899,0.105,0.007,-0.029,-0.030,0.343,0.633,0.056,17.989,-0.052,19.614,17.949,19.618
4.664,-2.585,-0.001,0.999,-0.000,-0.001,0.032,0.113,0.108,36.122,0.111,36.417,35.482,35.792,0.901,0.105,0.011,-0.030,-0.038,0.317,3.159,2.846,18.062,2.266,19.525,18.058,19.584
4.673,-2.584,-0.001,0.999,-0.000,-0.001,0.034,0.138,0.134,36.303,0.131,36.613,35.662,35.988,0.902,0.113,0.014,-0.023,-0.040,0.349,1.515,1.812,18.019,1.452,19.551,18.037,19.639
4.682,-2.582,-0.001,0.999,-0.000,-0.001,0.036,0.138,0.138,36.483,0.135,36.809,35.842,36.185,0.903,0.124,0.018,-0.020,-0.036,0.392,-1.328,-0.837,17.939,-0.648,19.622,17.963,19.710
4.691,-2.581,-0.001,0.999,-0.001,-0.001,0.038,0.119,0.123,36.662,0.122,37.005,36.022,36.382,0.905,0.128,0.020,-0.021,-0.027,0.399,-2.026,-1.815,17.903,-1.586,19.621,17.952,19.723
4.700,-2.580,-0.000,0.999,-0.001,-0.001,0.040,0.107,0.110,36.841,0.110,37.201,36.202,36.579,0.908,0.127,0.021,-0.018,-0.013,0.374,-0.396,-0.604,17.910,-0.570,19.530,18.015,19.674
4.709,-2.579,-0.000,0.999,-0.001,-0.001,0.042,0.112,0.113,37.020,0.112,37.395,36.382,36.775,0.911,0.128,0.021,-0.005,0.006,0.354,1.248,1.042,17.912,0.763,19.439,18.071,19.617
4.718,-2.577,0.000,0.999,-0.001,-0.001,0.043,0.125,0.125,37.199,0.121,37.590,36.563,36.971,0.913,0.133,0.019,0.014,0.026,0.361,1.104,1.151,17.885,0.829,19.427,18.050,19.591
4.727,-2.576,0.000,0.999,-0.001,-0.001,0.045,0.130,0.132,37.378,0.125,37.784,36.743,37.167,0.914,0.140,0.016,0.033,0.046,0.381,-0.098,0.134,17.853,0.033,19.477,17.978,19.583
4.736,-2.574,0.000,0.999,-0.000,-0.001,0.047,0.124,0.128,37.556,0.121,37.979,36.923,37.363,0.915,0.145,0.011,0.048,0.062,0.390,-0.882,-0.697,17.841,-0.669,19.531,17.912,19.565
4.746,-2.573,0.000,0.999,-0.000,-0.001,0.049,0.117,0.122,37.735,0.115,38.175,37.101,37.558,0.917,0.147,0.005,0.060,0.074,0.383,-0.495,-0.474,17.851,-0.474,19.563,17.878,19.535
4.755,-2.572,0.000,0.999,0.000,-0.000,0.051,0.116,0.120,37.913,0.113,38.371,37.280,37.754,0.918,0.149,-0.001,0.069,0.079,0.374,0.199,0.078,17.875,0.033,19.602,17.854,19.510
4.764,-2.570,0.000,0.999,0.000,0.000,0.053,0.120,0.123,38.092,0.115,38.567,37.458,37.949,0.919,0.153,-0.008,0.073,0.078,0.371,0.470,0.421,17.901,0.298,19.670,17.817,19.506
4.773,-2.568,0.000,0.999,0.001,0.001,0.055,0.123,0.126,38.271,0.117,38.764,37.636,38.144,0.918,0.157,-0.013,0.071,0.070,0.375,0.185,0.224,17.932,0.144,19.767,17.770,19.525
4.782,-2.567,0.000,0.998,0.001,0.001,0.056,0.123,0.128,38.451,0.118,38.962,37.814,38.339,0.917,0.161,-0.017,0.060,0.054,0.378,-0.059,0.026,17.968,0.016,19.870,17.728,19.558
4.791,-2.565,0.000,0.998,0.001,0.001,0.058,0.122,0.127,38.631,0.118,39.161,37.991,38.535,0.915,0.165,-0.021,0.043,0.035,0.380,-0.139,-0.065,18.008,-0.059,19.964,17.701,19.599
4.801,-2.564,-0.000,0.998,0.002,0.001,0.060,0.121,0.127,38.811,0.117,39.361,38.168,38.731,0.913,0.168,-0.022,0.024,0.015,0.380,-0.067,-0.028,18.050,-0.037,20.042,17.693,19.644
4.810,-2.562,-0.000,0.998,0.002,0.001,0.062,0.121,0.127,38.992,0.117,39.562,38.345,38.928,0.911,0.171,-0.022,0.003,-0.004,0.379,-0.015,-0.007,18.091,-0.016,20.101,17.701,19.692
4.819,-2.560,-0.001,0.998,0.002,0.001,0.064,0.121,0.127,39.173,0.117,39.763,38.522,39.125,0.908,0.174,-0.021,-0.016,-0.021,0.378,0.010,0.002,18.128,-0.006,20.140,17.722,19.739
4.828,-2.558,-0.001,0.998,0.001,0.001,0.066,0.121,0.127,39.354,0.117,39.965,38.699,39.323,0.905,0.177,-0.018,-0.033,-0.034,0.377,0.015,0.006,18.159,-0.002,20.158,17.754,19.782
4.837,-2.557,-0.001,0.998,0.001,0.001,0.068,0.121,0.127,39.536,0.117,40.167,38.877,39.521,0.903,0.180,-0.015,-0.046,-0.042,0.377,0.012,0.007,18.182,-0.001,20.159,17.794,19.818
4.846,-2.555,-0.001,0.998,0.001,0.001,0.070,0.121,0.127,39.718,0.117,40.368,39.055,39.719,0.900,0.183,-0.011,-0.052,-0.044,0.377,0.006,0.007,18.198,-0.002,20.144,17.838,19.846
4.855,-2.553,-0.001,0.997,0.001,0.001,0.072,0.121,0.127,39.900,0.117,40.569,39.234,39.918,0.898,0.186,-0.008,-0.053,-0.042,0.376,0.002,0.006,18.207,-0.002,20.120,17.885,19.864
4.864,-2.551,-0.001,0.997,0.001,0.000,0.073,0.121,0.127,40.082,0.117,40.770,39.413,40.116,0.896,0.189,-0.005,-0.048,-0.036,0.376,-0.001,0.005,18.210,-0.003,20.091,17.929,19.873
4.873,-2.549,-0.001,0.997,0.000,0.000,0.075,0.121,0.127,40.264,0.117,40.971,39.592,40.315,0.894,0.192,-0.003,-0.039,-0.028,0.376,-0.002,0.004,18.211,-0.004,20.062,17.969,19.877
4.882,-2.547,-0.001,0.997,0.000,-0.000,0.077,0.121,0.127,40.446,0.117,41.172,39.772,40.514,0.893,0.195,-0.001,-0.029,-0.020,0.376,-0.002,0.003,18.210,-0.005,20.037,18.004,19.877
4.891,-2.545,-0.001,0.997,0.000,-0.000,0.079,0.121,0.127,40.628,0.117,41.372,39.953,40.713,0.892,0.199,0.000,-0.018,-0.012,0.376,-0.002,0.002,18.209,-0.006,20.018,18.032,19.876
4.900,-2.543,-0.001,0.997,0.000,-0.000,0.081,0.121,0.127,40.810,0.117,41.572,40.133,40.911,0.891,0.202,0.001,-0.010,-0.007,0.376,-0.002,0.001,18.212,-0.007,20.006,18.056,19.877
4.909,-2.541,-0.001,0.997,-0.000,-0.000,0.083,0.121,0.127,40.992,0.117,41.772,40.314,41.110,0.890,0.205,0.002,-0.007,-0.005,0.376,-0.002,-0.000,18.217,-0.007,19.998,18.075,19.882
4.917,-2.539,-0.001,0.996,-0.000,-0.000,0.085,0.121,0.127,41.175,0.116,41.972,40.494,41.309,0.890,0.209,0.003,-0.009,-0.007,0.376,-0.002,-0.001,18.227,-0.007,19.992,18.093,19.891
4.926,-2.537,-0.001,0.996,-0.000,-0.000,0.087,0.121,0.127,41.357,0.116,42.172,40.675,41.508,0.890,0.212,0.004,-0.016,-0.012,0.376,-0.002,-0.002,18.239,-0.007,19.984,18.112,19.903
4.935,-2.535,-0.001,0.996,-0.000,-0.000,0.088,0.121,0.127,41.539,0.116,42.372,40.857,41.707,0.891,0.216,0.005,-0.027,-0.018,0.376,-0.002,-0.003,18.254,-0.007,19.970,18.134,19.916
4.944,-2.533,-0.001,0.996,-0.000,-0.000,0.090,0.121,0.127,41.722,0.116,42.571,41.038,41.906,0.891,0.219,0.007,-0.040,-0.025,0.377,-0.002,-0.003,18.269,-0.006,19.946,18.161,19.927
4.953,-2.531,-0.001,0.996,-0.001,-0.001,0.092,0.121,0.127,41.905,0.116,42.771,41.220,42.106,0.892,0.223,0.009,-0.053,-0.030,0.378,-0.001,-0.003,18.282,-0.005,19.914,18.192,19.932
4.962,-2.528,-0.001,0.996,-0.001,-0.001,0.094,0.121,0.127,42.088,0.116,42.970,41.402,42.305,0.893,0.227,0.012,-0.062,-0.033,0.378,-0.001,-0.003,18.293,-0.005,19.872,18.228,19.930
4.971,-2.526,-0.001,0.995,-0.001,-0.001,0.096,0.121,0.127,42.271,0.116,43.168,41.584,42.504,0.894,0.231,0.014,-0.065,-0.033,0.379,-0.001,-0.003,18.298,-0.004,19.824,18.264,19.918
4.980,-2.524,-0.001,0.995,-0.001,-0.001,0.098,0.121,0.127,42.454,0.116,43.366,41.767,42.703,0.895,0.235,0.016,-0.060,-0.028,0.380,-0.001,-0.004,18.296,-0.003,19.774,18.299,19.895
4.989,-2.521,-0.001,0.995,-0.002,-0.001,0.100,0.121,0.127,42.637,0.116,43.564,41.950,42.902,0.896,0.239,0.017,-0.046,-0.019,0.381,-0.001,-0.004,18.287,-0.003,19.727,18.328,19.863
4.998,-2.519,-0.000,0.995,-0.002,-0.001,0.102,0.121,0.127,42.819,0.116,43.761,42.134,43.100,0.897,0.243,0.018,-0.024,-0.007,0.382,-0.001,-0.004,18.270,-0.002,19.690,18.347,19.824
5.007,-2.516,-0.000,0.995,-0.002,-0.001,0.104,0.121,0.127,43.002,0.116,43.957,42.317,43.298,0.898,0.247,0.017,0.006,0.008,0.382,-0.001,-0.004,18.247,-0.002,19.666,18.352,19.783
5.016,-2.514,-0.000,0.994,-0.002,-0.001,0.105,0.121,0.127,43.184,0.116,44.154,42.501,43.496,0.899,0.251,0.015,0.039,0.023,0.382,-0.001,-0.004,18.219,-0.002,19.660,18.340,19.744
5.025,-2.511,0.000,0.994,-0.002,-0.001,0.107,0.121,0.127,43.366,0.116,44.351,42.684,43.693,0.900,0.255,0.012,0.074,0.039,0.382,-0.001,-0.004,18.188,-0.002,19.676,18.311,19.712
5.034,-2.509,0.000,0.994,-0.001,-0.001,0.109,0.121,0.127,43.548,0.116,44.548,42.867,43.890,0.901,0.258,0.008,0.107,0.052,0.381,-0.001,-0.004,18.158,-0.001,19.714,18.264,19.692
5.043,-2.506,0.000,0.994,-0.001,-0.000,0.111,0.121,0.127,43.729,0.116,44.745,43.049,44.087,0.901,0.262,0.003,0.133,0.063,0.381,-0.001,-0.004,18.130,-0.001,19.772,18.204,19.687
5.052,-2.504,0.000,0.994,0.000,-0.000,0.113,0.121,0.126,43.911,0.116,44.943,43.231,44.284,0.900,0.266,-0.002,0.148,0.067,0.380,-0.001,-0.004,18.108,-0.002,19.850,18.132,19.697
5.061,-2.501,0.000,0.993,0.001,0.000,0.115,0.121,0.126,44.092,0.116,45.142,43.412,44.481,0.900,0.269,-0.006,0.149,0.065,0.379,-0.001,-0.003,18.092,-0.002,19.943,18.056,19.724
5.070,-2.498,0.000,0.993,0.001,0.001,0.117,0.121,0.126,44.272,0.116,45.342,43.592,44.679,0.898,0.272,-0.010,0.134,0.056,0.379,-0.000,-0.003,18.084,-0.001,20.044,17.981,19.765
5.079,-2.496,0.000,0.993,0.002,0.001,0.119,0.121,0.126,44.453,0.116,45.543,43.772,44.877,0.897,0.276,-0.013,0.108,0.042,0.378,-0.000,-0.002,18.082,-0.001,20.142,17.912,19.815
5.088,-2.493,-0.000,0.993,0.002,0.001,0.121,0.121,0.126,44.634,0.116,45.745,43.950,45.075,0.895,0.279,-0.015,0.076,0.028,0.378,0.000,-0.001,18.088,0.000,20.226,17.854,19.868
5.097,-2.490,-0.000,0.992,0.003,0.001,0.122,0.121,0.126,44.815,0.116,45.947,44.129,45.274,0.892,0.282,-0.016,0.040,0.015,0.378,0.001,0.000,18.100,0.001,20.292,17.811,19.922
5.105,-2.487,-0.000,0.992,0.003,0.001,0.124,0.121,0.126,44.996,0.116,46.151,44.307,45.473,0.889,0.284,-0.016,0.004,0.003,0.378,0.001,0.002,18.119,0.002,20.337,17.786,19.970
5.114,-2.484,-0.001,0.992,0.003,0.001,0.126,0.121,0.126,45.177,0.116,46.354,44.485,45.673,0.886,0.287,-0.016,-0.030,-0.008,0.378,0.002,0.003,18.144,0.003,20.361,17.779,20.010
5.123,-2.481,-0.001,0.992,0.003,0.001,0.128,0.121,0.126,45.359,0.116,46.558,44.662,45.874,0.883,0.290,-0.015,-0.059,-0.015,0.378,0.002,0.005,18.173,0.004,20.367,17.791,20.040
5.132,-2.478,-0.001,0.992,0.002,0.001,0.130,0.121,0.126,45.541,0.116,46.761,44.840,46.074,0.880,0.293,-0.013,-0.079,-0.021,0.378,0.002,0.006,18.205,0.004,20.357,17.818,20.058
5.141,-2.476,-0.001,0.991,0.002,0.001,0.132,0.121,0.127,45.723,0.116,46.965,45.019,46.275,0.878,0.296,-0.011,-0.089,-0.025,0.379,0.002,0.006,18.237,0.003,20.336,17.858,20.065
5.150,-2.473,-0.001,0.991,0.001,0.001,0.134,0.121,0.127,45.906,0.116,47.168,45.198,46.475,0.875,0.299,-0.009,-0.089,-0.027,0.379,0.001,0.007,18.267,0.003,20.309,17.907,20.063
5.158,-2.470,-0.001,0.991,0.001,0.001,0.136,0.121,0.127,46.089,0.116,47.371,45.377,46.676,0.873,0.302,-0.007,-0.082,-0.027,0.379,0.001,0.006,18.294,0.002,20.278,17.961,20.055
5.167,-2.467,-0.001,0.991,0.001,0.000,0.137,0.121,0.127,46.272,0.116,47.574,45.557,46.876,0.871,0.305,-0.005,-0.069,-0.026,0.379,0.000,0.006,18.315,0.000,20.248,18.014,20.044
5.176,-2.463,-0.001,0.990,0.000,0.000,0.139,0.121,0.127,46.455,0.116,47.776,45.737,47.077,0.869,0.308,-0.003,-0.054,-0.025,0.379,-0.000,0.005,18.330,-0.001,20.218,18.065,20.034
5.184,-2.460,-0.001,0.990,0.000,0.000,0.141,0.121,0.127,46.638,0.116,47.978,45.918,47.277,0.867,0.311,-0.002,-0.040,-0.025,0.379,-0.001,0.004,18.342,-0.002,20.191,18.111,20.026
5.193,-2.457,-0.001,0.990,-0.000,-0.000,0.143,0.121,0.127,46.822,0.116,48.180,46.099,47.477,0.866,0.314,0.000,-0.030,-0.024,0.379,-0.001,0.003,18.350,-0.003,20.165,18.151,20.023
5.202,-2.454,-0.001,0.989,-0.000,-0.000,0.145,0.121,0.127,47.005,0.116,48.381,46.281,47.678,0.865,0.317,0.002,-0.026,-0.025,0.379,-0.001,0.001,18.356,-0.004,20.137,18.186,20.024
5.210,-2.451,-0.001,0.989,-0.000,-0.000,0.147,0.121,0.127,47.189,0.116,48.582,46.463,47.878,0.864,0.321,0.004,-0.029,-0.025,0.379,-0.001,0.001,18.362,-0.005,20.105,18.215,20.028
5.219,-2.448,-0.001,0.989,-0.000,-0.000,0.149,0.121,0.127,47.372,0.116,48.783,46.645,48.078,0.863,0.324,0.006,-0.038,-0.026,0.379,-0.001,-0.000,18.368,-0.005,20.067,18.242,20.030
5.228,-2.444,-0.001,0.989,-0.001,-0.001,0.151,0.121,0.127,47.556,0.116,48.984,46.828,48.278,0.863,0.327,0.008,-0.051,-0.025,0.379,-0.001,-0.001,18.377,-0.004,20.022,18.268,20.029
5.236,-2.441,-0.001,0.988,-0.001,-0.001,0.152,0.121,0.127,47.740,0.116,49.184,47.011,48.479,0.863,0.331,0.010,-0.066,-0.023,0.380,-0.001,-0.002,18.389,-0.004,19.970,18.296,20.020
5.245,-2.438,-0.001,0.988,-0.001,-0.001,0.154,0.121,0.127,47.924,0.116,49.383,47.194,48.679,0.863,0.335,0.011,-0.078,-0.020,0.381,-0.001,-0.002,18.403,-0.003,19.915,18.326,20.001
5.254,-2.434,-0.001,0.988,-0.002,-0.001,0.156,0.121,0.127,48.108,0.116,49.582,47.377,48.879,0.863,0.339,0.013,-0.085,-0.016,0.381,-0.000,-0.002,18.419,-0.002,19.858,18.358,19.971
5.262,-2.431,-0.001,0.987,-0.002,-0.001,0.158,0.121,0.127,48.292,0.116,49.780,47.561,49.078,0.863,0.343,0.013,-0.083,-0.010,0.382,-0.000,-0.003,18.434,-0.002,19.805,18.392,19.932
5.271,-2.428,-0.001,0.987,-0.002,-0.001,0.160,0.121,0.127,48.477,0.116,49.978,47.745,49.277,0.863,0.347,0.013,-0.070,-0.003,0.383,-0.000,-0.003,18.446,-0.001,19.759,18.425,19.884
5.279,-2.424,-0.000,0.987,-0.003,-0.001,0.162,0.121,0.127,48.661,0.116,50.176,47.930,49.476,0.864,0.351,0.013,-0.046,0.004,0.383,-0.000,-0.004,18.451,-0.000,19.726,18.453,19.832
5.288,-2.421,-0.000,0.986,-0.003,-0.001,0.164,0.121,0.127,48.846,0.116,50.373,48.114,49.674,0.864,0.355,0.012,-0.013,0.011,0.383,-0.000,-0.004,18.448,0.000,19.708,18.472,19.782
5.297,-2.417,-0.000,0.986,-0.003,-0.001,0.166,0.121,0.127,49.030,0.116,50.570,48.299,49.872,0.864,0.359,0.010,0.027,0.017,0.383,-0.001,-0.005,18.434,0.000,19.709,18.479,19.738
5.305,-2.413,-0.000,0.986,-0.003,-0.001,0.168,0.121,0.127,49.214,0.116,50.767,48.484,50.069,0.864,0.363,0.008,0.071,0.023,0.382,-0.001,-0.005,18.408,0.001,19.730,18.471,19.707
5.314,-2.410,-0.000,0.986,-0.002,-0.001,0.169,0.121,0.127,49.398,0.116,50.964,48.668,50.266,0.864,0.366,0.005,0.115,0.029,0.381,-0.001,-0.005,18.372,0.000,19.770,18.444,19.692
5.323,-2.406,-0.000,0.985,-0.002,-0.001,0.171,0.121,0.127,49.582,0.116,51.162,48.853,50.463,0.863,0.370,0.002,0.153,0.034,0.380,-0.001,-0.005,18.328,-0.000,19.828,18.400,19.696
5.331,-2.402,-0.000,0.985,-0.001,-0.000,0.173,0.121,0.126,49.765,0.116,51.361,49.036,50.660,0.862,0.373,-0.001,0.181,0.037,0.379,-0.001,-0.005,18.279,-0.001,19.902,18.339,19.720
5.340,-2.399,-0.000,0.985,0.000,0.000,0.175,0.121,0.126,49.947,0.116,51.561,49.219,50.857,0.861,0.376,-0.003,0.193,0.036,0.377,-0.001,-0.005,18.228,-0.001,19.990,18.264,19.763
5.348,-2.395,-0.000,0.984,0.001,0.000,0.177,0.121,0.126,50.129,0.116,51.761,49.401,51.055,0.859,0.379,-0.005,0.187,0.032,0.377,-0.001,-0.005,18.179,-0.002,20.086,18.179,19.820
5.357,-2.391,-0.000,0.984,0.002,0.001,0.179,0.121,0.126,50.311,0.116,51.962,49.583,51.254,0.857,0.382,-0.006,0.166,0.026,0.376,-0.001,-0.004,18.133,-0.001,20.181,18.090,19.887
5.366,-2.387,-0.000,0.984,0.003,0.001,0.180,-0.076,-0.035,50.495,-0.027,52.163,49.764,51.452,0.864,0.361,-0.006,0.103,0.011,0.253,-31.676,-26.736,18.677,-24.399,19.846,18.221,19.716
5.374,-2.384,-0.000,0.984,0.003,0.001,0.181,-0.342,-0.273,50.684,-0.264,52.358,49.949,51.646,0.880,0.299,0.005,-0.020,-0.024,-0.145,-16.602,-16.742,19.201,-17.805,19.212,18.843,19.046
5.383,-2.381,-0.000,0.984,0.003,0.001,0.179,-0.355,-0.328,50.879,-0.297,52.548,50.141,51.832,0.890,0.237,0.010,-0.042,-0.040,-0.532,12.657,5.272,19.610,11.418,18.789,19.426,18.130
5.392,-2.379,-0.000,0.984,0.003,0.001,0.176,-0.151,-0.201,51.075,-0.093,52.735,50.336,52.010,0.891,0.231,-0.001,0.033,-0.029,-0.584,23.472,16.866,19.720,24.184,18.633,19.605,17.732
5.401,-2.377,-0.000,0.985,0.003,0.000,0.174,0.005,-0.074,51.272,0.076,52.921,50.531,52.189,0.882,0.266,-0.003,0.051,-0.054,-0.348,5.004,5.926,19.568,7.148,18.582,19.269,18.110
5.410,-2.374,-0.000,0.985,0.003,0.000,0.173,-0.066,-0.113,51.467,0.032,53.106,50.722,52.373,0.872,0.293,-0.006,0.008,-0.056,-0.149,-16.218,-11.846,19.442,-13.816,18.444,18.898,18.546
5.418,-2.371,-0.000,0.985,0.003,0.000,0.172,-0.236,-0.245,51.661,-0.135,53.290,50.910,52.559,0.871,0.286,-0.026,-0.119,0.067,-0.167,-14.094,-11.462,19.438,-15.963,18.275,18.852,18.545
5.427,-2.368,-0.001,0.985,0.002,0.000,0.170,-0.290,-0.297,51.856,-0.218,53.472,51.100,52.742,0.878,0.244,-0.024,-0.154,0.061,-0.407,3.476,1.370,19.610,0.245,18.145,19.237,18.025
5.436,-2.366,-0.001,0.986,0.001,0.000,0.168,-0.190,-0.228,52.054,-0.143,53.653,51.294,52.920,0.879,0.225,-0.018,-0.114,0.020,-0.506,13.865,10.552,19.822,12.280,18.150,19.454,17.650
5.445,-2.364,-0.001,0.986,0.001,0.000,0.166,-0.078,-0.132,52.252,-0.038,53.835,51.488,53.097,0.876,0.236,-0.011,-0.080,-0.025,-0.421,6.430,6.789,19.735,6.425,18.171,19.428,17.761
5.454,-2.361,-0.001,0.986,0.001,0.000,0.164,-0.087,-0.121,52.448,-0.042,54.016,51.682,53.276,0.874,0.250,-0.005,-0.068,-0.053,-0.311,-7.206,-4.040,19.511,-6.385,18.136,19.348,18.023
5.462,-2.359,-0.001,0.987,0.000,-0.000,0.162,-0.183,-0.186,52.643,-0.137,54.197,51.876,53.456,0.876,0.242,-0.004,-0.061,-0.047,-0.335,-9.669,-7.138,19.486,-10.472,18.011,19.441,18.008
5.471,-2.356,-0.001,0.987,-0.000,-0.001,0.161,-0.238,-0.230,52.839,-0.207,54.376,52.071,53.634,0.877,0.216,-0.004,-0.050,-0.031,-0.463,-0.689,-1.063,19.792,-2.733,17.823,19.649,17.665
5.480,-2.354,-0.001,0.987,-0.000,-0.001,0.158,-0.198,-0.205,53.038,-0.186,54.554,52.269,53.809,0.877,0.198,-0.003,-0.034,-0.020,-0.547,7.296,5.339,20.098,5.986,17.688,19.797,17.367
5.489,-2.352,-0.001,0.988,-0.000,-0.001,0.155,-0.127,-0.147,53.240,-0.122,54.730,52.467,53.983,0.877,0.202,-0.002,-0.019,-0.013,-0.508,5.480,4.987,20.079,5.346,17.671,19.800,17.407
5.497,-2.350,-0.001,0.988,-0.000,-0.001,0.153,-0.112,-0.126,53.439,-0.103,54.907,52.664,54.158,0.876,0.213,0.000,-0.020,-0.012,-0.421,-2.243,-0.754,19.828,-1.655,17.755,19.722,17.631
5.506,-2.348,-0.001,0.989,-0.000,-0.001,0.151,-0.158,-0.155,53.637,-0.146,55.085,52.862,54.335,0.878,0.213,0.003,-0.032,-0.011,-0.398,-5.825,-4.159,19.703,-5.810,17.785,19.714,17.733
5.515,-2.346,-0.001,0.989,-0.001,-0.001,0.149,-0.201,-0.188,53.834,-0.193,55.263,53.059,54.512,0.881,0.197,0.005,-0.054,-0.010,-0.465,-2.029,-1.896,19.871,-2.921,17.664,19.823,17.591
5.524,-2.344,-0.001,0.989,-0.001,-0.001,0.146,-0.193,-0.186,54.034,-0.195,55.438,53.258,54.687,0.884,0.182,0.006,-0.070,-0.006,-0.535,3.146,2.086,20.120,2.318,17.488,19.947,17.393
5.533,-2.342,-0.001,0.990,-0.001,-0.001,0.144,-0.154,-0.157,54.236,-0.161,55.613,53.458,54.860,0.885,0.179,0.008,-0.069,-0.006,-0.532,3.751,3.078,20.188,3.581,17.420,19.991,17.363
5.541,-2.341,-0.001,0.990,-0.002,-0.001,0.141,-0.134,-0.137,54.437,-0.139,55.787,53.658,55.035,0.887,0.184,0.010,-0.064,-0.007,-0.479,0.067,0.564,20.079,0.546,17.483,19.957,17.471
5.550,-2.339,-0.001,0.990,-0.002,-0.001,0.139,-0.151,-0.146,54.638,-0.152,55.962,53.857,55.210,0.889,0.186,0.011,-0.064,-0.007,-0.448,-2.910,-1.959,19.992,-2.641,17.546,19.939,17.539
5.559,-2.337,-0.001,0.991,-0.002,-0.001,0.137,-0.178,-0.166,54.838,-0.179,56.138,54.057,55.385,0.892,0.178,0.012,-0.063,-0.005,-0.473,-1.956,-1.656,20.043,-2.243,17.492,19.999,17.473
5.568,-2.335,-0.000,0.991,-0.003,-0.001,0.134,-0.183,-0.173,55.039,-0.188,56.312,54.257,55.559,0.895,0.167,0.013,-0.047,-0.001,-0.516,0.841,0.330,20.149,0.365,17.372,20.096,17.346
5.577,-2.333,-0.000,0.991,-0.003,-0.002,0.132,-0.166,-0.162,55.241,-0.175,56.485,54.458,55.732,0.898,0.161,0.014,-0.016,0.004,-0.529,2.052,1.518,20.185,1.834,17.305,20.153,17.278
5.586,-2.332,-0.000,0.992,-0.003,-0.001,0.129,-0.152,-0.150,55.442,-0.161,56.658,54.660,55.905,0.900,0.161,0.013,0.021,0.011,-0.510,0.720,0.746,20.132,0.866,17.334,20.143,17.289
5.595,-2.330,-0.000,0.992,-0.003,-0.001,0.127,-0.154,-0.150,55.643,-0.160,56.832,54.861,56.078,0.902,0.160,0.012,0.057,0.022,-0.492,-1.004,-0.569,20.063,-0.713,17.397,20.106,17.312
5.604,-2.329,0.000,0.992,-0.002,-0.001,0.124,-0.166,-0.158,55.844,-0.171,57.006,55.062,56.251,0.905,0.155,0.011,0.088,0.035,-0.496,-1.143,-0.837,20.029,-1.151,17.433,20.081,17.297
5.613,-2.327,0.000,0.993,-0.002,-0.001,0.122,-0.173,-0.163,56.044,-0.179,57.181,55.263,56.424,0.908,0.148,0.008,0.115,0.048,-0.514,-0.149,-0.229,20.022,-0.363,17.449,20.065,17.260
5.622,-2.326,0.000,0.993,-0.001,-0.001,0.119,-0.169,-0.161,56.244,-0.178,57.355,55.463,56.596,0.910,0.142,0.005,0.137,0.060,-0.526,0.747,0.508,20.010,0.553,17.484,20.030,17.244
5.631,-2.324,0.000,0.993,-0.000,-0.000,0.116,-0.161,-0.156,56.444,-0.171,57.531,55.663,56.769,0.912,0.138,0.001,0.150,0.068,-0.524,0.607,0.512,19.984,0.551,17.561,19.960,17.269
5.641,-2.323,0.000,0.993,0.000,0.000,0.114,-0.159,-0.153,56.644,-0.168,57.707,55.863,56.942,0.914,0.135,-0.003,0.148,0.070,-0.516,0.001,0.116,19.962,0.094,17.665,19.872,17.320
5.650,-2.322,0.000,0.994,0.001,0.001,0.111,-0.161,-0.153,56.843,-0.170,57.884,56.061,57.115,0.915,0.131,-0.007,0.130,0.065,-0.512,-0.402,-0.218,19.958,-0.346,17.773,19.787,17.374
5.659,-2.320,0.000,0.994,0.002,0.001,0.109,-0.165,-0.155,57.043,-0.173,58.062,56.258,57.289,0.916,0.125,-0.010,0.101,0.054,-0.513,-0.258,-0.163,19.977,-0.282,17.871,19.720,17.421
5.668,-2.319,-0.000,0.994,0.002,0.001,0.106,-0.166,-0.156,57.243,-0.175,58.241,56.455,57.464,0.917,0.120,-0.013,0.066,0.040,-0.516,-0.012,-0.038,20.013,-0.084,17.954,19.669,17.463
5.677,-2.318,-0.000,0.995,0.002,0.001,0.104,-0.165,-0.156,57.443,-0.175,58.421,56.652,57.638,0.917,0.115,-0.015,0.031,0.024,-0.517,0.138,0.074,20.055,0.069,18.023,19.635,17.505
5.686,-2.317,-0.000,0.995,0.002,0.002,0.101,-0.164,-0.155,57.644,-0.174,58.602,56.848,57.814,0.917,0.110,-0.017,-0.001,0.007,-0.515,0.102,0.079,20.099,0.061,18.075,19.617,17.549
5.696,-2.316,-0.001,0.995,0.002,0.002,0.099,-0.163,-0.155,57.845,-0.174,58.783,57.044,57.989,0.916,0.105,-0.017,-0.031,-0.009,-0.513,0.031,0.040,20.144,0.024,18.108,19.618,17.590
5.705,-2.315,-0.001,0.995,0.002,0.001,0.096,-0.163,-0.155,58.047,-0.174,58.964,57.240,58.165,0.915,0.101,-0.017,-0.054,-0.024,-0.510,-0.005,0.019,20.187,0.008,18.123,19.639,17.625
5.714,-2.314,-0.001,0.996,0.002,0.001,0.093,-0.163,-0.154,58.249,-0.173,59.145,57.437,58.342,0.914,0.096,-0.015,-0.069,-0.036,-0.507,-0.016,0.011,20.225,0.002,18.121,19.676,17.650
5.723,-2.313,-0.001,0.996,0.001,0.001,0.091,-0.163,-0.154,58.451,-0.173,59.326,57.634,58.518,0.913,0.091,-0.013,-0.076,-0.044,-0.505,-0.013,0.008,20.255,0.000,18.103,19.726,17.667
5.732,-2.312,-0.001,0.996,0.001,0.001,0.088,-0.163,-0.154,58.654,-0.173,59.507,57.832,58.695,0.911,0.087,-0.010,-0.076,-0.047,-0.503,-0.007,0.007,20.275,0.000,18.075,19.783,17.674
5.741,-2.311,-0.001,0.996,0.001,0.001,0.086,-0.163,-0.154,58.857,-0.173,59.688,58.030,58.872,0.910,0.082,-0.008,-0.068,-0.045,-0.502,-0.001,0.006,20.286,-0.000,18.040,19.841,17.674
5.750,-2.310,-0.001,0.997,0.000,0.000,0.083,-0.163,-0.154,59.060,-0.173,59.868,58.228,59.049,0.909,0.077,-0.005,-0.056,-0.040,-0.501,0.001,0.005,20.287,-0.001,18.004,19.896,17.668
5.759,-2.310,-0.001,0.997,-0.000,0.000,0.081,-0.163,-0.154,59.262,-0.173,60.048,58.428,59.225,0.908,0.073,-0.003,-0.043,-0.032,-0.500,0.001,0.004,20.283,-0.001,17.970,19.944,17.660
5.768,-2.309,-0.001,0.997,-0.000,-0.000,0.078,-0.163,-0.154,59.465,-0.174,60.227,58.627,59.402,0.908,0.068,-0.001,-0.029,-0.023,-0.500,0.000,0.002,20.278,-0.002,17.941,19.983,17.651
5.778,-2.308,-0.001,0.997,-0.000,-0.000,0.076,-0.163,-0.154,59.668,-0.174,60.407,58.827,59.578,0.908,0.064,0.000,-0.018,-0.014,-0.500,-0.001,0.001,20.273,-0.003,17.919,20.014,17.645
5.787,-2.308,-0.001,0.997,-0.000,-0.000,0.073,-0.163,-0.154,59.871,-0.174,60.586,59.027,59.755,0.908,0.059,0.001,-0.011,-0.009,-0.500,-0.001,-0.000,20.273,-0.004,17.903,20.036,17.642
5.796,-2.307,-0.001,0.997,-0.000,-0.000,0.071,-0.163,-0.154,60.074,-0.174,60.765,59.228,59.931,0.908,0.055,0.002,-0.008,-0.007,-0.501,-0.002,-0.001,20.277,-0.005,17.893,20.054,17.644
5.805,-2.306,-0.001,0.998,-0.000,-0.000,0.068,-0.163,-0.154,60.276,-0.174,60.944,59.428,60.108,0.909,0.050,0.003,-0.010,-0.009,-0.501,-0.002,-0.002,20.286,-0.005,17.885,20.071,17.651
5.814,-2.306,-0.001,0.998,-0.000,-0.000,0.066,-0.164,-0.154,60.479,-0.174,61.122,59.629,60.284,0.910,0.046,0.004,-0.015,-0.015,-0.502,-0.002,-0.003,20.298,-0.005,17.876,20.089,17.662
5.823,-2.306,-0.001,0.998,-0.001,-0.000,0.063,-0.164,-0.154,60.682,-0.174,61.301,59.830,60.461,0.911,0.041,0.006,-0.021,-0.024,-0.502,-0.002,-0.004,20.309,-0.005,17.863,20.112,17.676
5.832,-2.305,-0.001,0.998,-0.001,-0.001,0.061,-0.164,-0.154,60.885,-0.174,61.480,60.032,60.638,0.913,0.037,0.008,-0.026,-0.034,-0.503,-0.002,-0.005,20.317,-0.005,17.844,20.140,17.691
5.841,-2.305,-0.001,0.998,-0.001,-0.001,0.058,-0.164,-0.154,61.089,-0.174,61.658,60.233,60.815,0.915,0.032,0.010,-0.030,-0.043,-0.504,-0.001,-0.005,20.316,-0.005,17.818,20.173,17.705
5.850,-2.305,-0.001,0.998,-0.001,-0.001,0.056,-0.164,-0.154,61.292,-0.174,61.836,60.435,60.992,0.916,0.028,0.013,-0.029,-0.048,-0.505,-0.001,-0.005,20.306,-0.005,17.784,20.208,17.715
5.860,-2.304,-0.001,0.999,-0.001,-0.001,0.053,-0.164,-0.154,61.495,-0.174,62.014,60.637,61.169,0.918,0.023,0.015,-0.025,-0.048,-0.506,-0.001,-0.006,20.284,-0.005,17.745,20.242,17.719
5.869,-2.304,-0.001,0.999,-0.001,-0.002,0.051,-0.164,-0.154,61.697,-0.174,62.191,60.840,61.346,0.920,0.019,0.017,-0.017,-0.041,-0.508,-0.001,-0.006,20.250,-0.005,17.703,20.269,17.715
5.878,-2.304,-0.000,0.999,-0.001,-0.002,0.048,-0.164,-0.154,61.900,-0.174,62.368,61.043,61.523,0.922,0.014,0.019,-0.005,-0.027,-0.510,-0.001,-0.006,20.209,-0.004,17.662,20.284,17.702
5.887,-2.304,-0.000,0.999,-0.001,-0.002,0.046,-0.164,-0.154,62.101,-0.174,62.544,61.245,61.700,0.924,0.009,0.019,0.008,-0.007,-0.512,-0.001,-0.005,20.163,-0.004,17.628,20.285,17.681
5.896,-2.304,-0.000,0.999,-0.001,-0.002,0.043,-0.164,-0.154,62.303,-0.174,62.720,61.448,61.877,0.926,0.005,0.019,0.022,0.017,-0.514,-0.000,-0.004,20.120,-0.003,17.605,20.267,17.653
5.906,-2.304,0.000,0.999,-0.001,-0.002,0.041,-0.164,-0.155,62.504,-0.174,62.896,61.651,62.053,0.928,-0.000,0.017,0.034,0.043,-0.516,-0.000,-0.003,20.085,-0.002,17.597,20.232,17.620
5.915,-2.304,0.000,0.999,-0.001,-0.001,0.038,-0.164,-0.155,62.705,-0.174,63.072,61.853,62.229,0.929,-0.005,0.013,0.045,0.068,-0.518,0.000,-0.002,20.063,-0.001,17.606,20.180,17.585
5.924,-2.304,0.000,0.999,-0.001,-0.001,0.035,-0.164,-0.155,62.905,-0.174,63.248,62.054,62.405,0.931,-0.010,0.008,0.051,0.089,-0.519,0.001,-0.000,20.057,0.000,17.635,20.116,17.551
5.934,-2.304,0.000,0.999,-0.000,-0.000,0.033,-0.164,-0.155,63.106,-0.174,63.425,62.255,62.580,0.932,-0.015,0.003,0.053,0.103,-0.520,0.001,0.002,20.071,0.001,17.682,20.046,17.520
5.943,-2.304,0.000,1.000,-0.000,0.000,0.030,-0.164,-0.155,63.307,-0.174,63.602,62.455,62.755,0.933,-0.020,-0.003,0.048,0.108,-0.521,0.001,0.003,20.104,0.002,17.745,19.976,17.496
5.952,-2.304,0.000,1.000,0.000,0.001,0.028,-0.164,-0.154,63.508,-0.174,63.780,62.655,62.930,0.933,-0.025,-0.009,0.039,0.103,-0.521,0.002,0.005,20.154,0.003,17.820,19.914,17.480
5.962,-2.305,0.000,1.000,0.000,0.001,0.025,-0.164,-0.154,63.710,-0.174,63.958,62.854,63.105,0.933,-0.030,-0.014,0.027,0.088,-0.520,0.002,0.006,20.218,0.004,17.901,19.865,17.474
5.971,-2.305,0.000,1.000,0.000,0.002,0.022,-0.164,-0.154,63.912,-0.174,64.138,63.052,63.280,0.933,-0.035,-0.017,0.013,0.066,-0.519,0.002,0.007,20.288,0.004,17.980,19.832,17.477
5.980,-2.305,-0.000,1.000,0.000,0.002,0.020,-0.164,-0.154,64.116,-0.174,64.318,63.250,63.454,0.932,-0.040,-0.020,0.001,0.039,-0.517,0.001,0.007,20.358,0.004,18.052,19.819,17.489
5.990,-2.306,-0.000,1.000,0.000,0.002,0.017,-0.164,-0.154,64.320,-0.174,64.499,63.448,63.629,0.930,-0.044,-0.021,-0.009,0.010,-0.515,0.001,0.007,20.423,0.004,18.110,19.824,17.509
5.999,-2.306,-0.001,1.000,0.000,0.002,0.015,-0.164,-0.154,64.524,-0.174,64.680,63.647,63.805,0.928,-0.049,-0.021,-0.016,-0.017,-0.513,0.001,0.007,20.475,0.004,18.151,19.847,17.536
6.008,-2.307,-0.001,1.000,0.000,0.002,0.012,-0.164,-0.154,64.729,-0.174,64.862,63.845,63.980,0.926,-0.054,-0.020,-0.019,-0.041,-0.511,0.001,0.006,20.511,0.003,18.173,19.883,17.567
6.017,-2.307,-0.001,1.000,0.000,0.001,0.010,-0.163,-0.154,64.934,-0.174,65.044,64.044,64.156,0.923,-0.058,-0.017,-0.020,-0.058,-0.510,0.000,0.005,20.529,0.003,18.177,19.928,17.601
6.027,-2.308,-0.001,1.000,0.000,0.001,0.007,-0.163,-0.154,65.139,-0.174,65.225,64.244,64.332,0.921,-0.063,-0.014,-0.019,-0.068,-0.508,0.000,0.004,20.529,0.002,18.165,19.978,17.633
6.036,-2.309,-0.001,1.000,-0.000,0.001,0.005,-0.163,-0.154,65.345,-0.174,65.407,64.444,64.509,0.918,-0.067,-0.010,-0.016,-0.069,-0.507,0.000,0.003,20.513,0.002,18.140,20.026,17.662
6.045,-2.309,-0.001,1.000,-0.000,0.000,0.002,-0.163,-0.154,65.550,-0.174,65.588,64.644,64.685,0.916,-0.072,-0.007,-0.012,-0.062,-0.506,0.000,0.002,20.488,0.002,18.107,20.068,17.686
6.054,-2.310,-0.001,1.000,-0.000,0.000,-0.001,-0.163,-0.154,65.754,-0.174,65.769,64.845,64.862,0.914,-0.076,-0.004,-0.008,-0.050,-0.505,-0.000,0.001,20.457,0.001,18.071,20.102,17.704
6.063,-2.311,-0.001,1.000,-0.000,-0.000,-0.003,-0.163,-0.154,65.959,-0.174,65.950,65.046,65.039,0.912,-0.081,-0.002,-0.004,-0.034,-0.505,-0.000,0.000,20.427,0.000,18.038,20.125,17.715
6.072,-2.312,-0.001,1.000,-0.000,-0.000,-0.006,-0.163,-0.154,66.163,-0.174,66.130,65.248,65.217,0.911,-0.085,-0.000,-0.002,-0.019,-0.505,-0.000,-0.001,20.402,-0.000,18.011,20.140,17.722
6.081,-2.312,-0.001,1.000,-0.000,-0.000,-0.008,-0.164,-0.154,66.367,-0.174,66.310,65.449,65.394,0.910,-0.090,0.001,0.000,-0.006,-0.505,-0.001,-0.002,20.385,-0.001,17.992,20.148,17.725
6.091,-2.313,-0.001,1.000,-0.000,-0.000,-0.011,-0.164,-0.154,66.571,-0.174,66.490,65.651,65.571,0.909,-0.094,0.002,0.001,0.001,-0.505,-0.001,-0.003,20.376,-0.002,17.983,20.153,17.726
6.100,-2.314,-0.001,1.000,-0.000,-0.000,-0.013,-0.164,-0.154,66.774,-0.174,66.669,65.852,65.748,0.909,-0.099,0.002,0.002,0.003,-0.505,-0.001,-0.004,20.375,-0.003,17.982,20.157,17.730
6.109,-2.315,-0.001,1.000,-0.000,-0.000,-0.016,-0.164,-0.154,66.978,-0.174,66.849,66.054,65.926,0.909,-0.103,0.003,0.004,-0.002,-0.505,-0.001,-0.004,20.377,-0.003,17.986,20.165,17.736
6.118,-2.316,-0.001,1.000,-0.000,-0.000,-0.018,-0.164,-0.154,67.182,-0.174,67.029,66.256,66.103,0.909,-0.108,0.004,0.006,-0.013,-0.506,-0.002,-0.005,20.379,-0.004,17.993,20.178,17.749
6.127,-2.317,-0.001,1.000,-0.000,-0.000,-0.021,-0.164,-0.154,67.386,-0.174,67.209,66.458,66.281,0.910,-0.113,0.006,0.009,-0.027,-0.506,-0.002,-0.006,20.375,-0.005,17.998,20.196,17.767
6.136,-2.319,-0.001,1.000,-0.000,-0.001,-0.023,-0.164,-0.154,67.589,-0.174,67.389,66.660,66.459,0.911,-0.117,0.008,0.013,-0.041,-0.507,-0.002,-0.006,20.362,-0.005,17.997,20.219,17.790
6.145,-2.320,-0.001,1.000,-0.000,-0.001,-0.026,-0.164,-0.154,67.793,-0.174,67.569,66.862,66.637,0.911,-0.122,0.010,0.017,-0.053,-0.508,-0.002,-0.007,20.336,-0.005,17.989,20.243,17.818
6.154,-2.321,-0.001,1.000,0.000,-0.001,-0.028,-0.164,-0.154,67.996,-0.174,67.749,67.064,66.815,0.912,-0.127,0.013,0.020,-0.060,-0.509,-0.001,-0.007,20.298,-0.005,17.970,20.265,17.847
6.163,-2.322,-0.001,1.000,0.000,-0.001,-0.031,-0.164,-0.154,68.199,-0.174,67.928,67.267,66.993,0.913,-0.132,0.016,0.022,-0.059,-0.510,-0.001,-0.006,20.249,-0.005,17.942,20.281,17.874
6.173,-2.324,-0.001,0.999,0.000,-0.002,-0.033,-0.164,-0.154,68.401,-0.174,68.108,67.470,67.172,0.914,-0.137,0.018,0.021,-0.050,-0.512,-0.001,-0.006,20.194,-0.005,17.906,20.286,17.895
6.182,-2.325,-0.000,0.999,0.000,-0.002,-0.036,-0.164,-0.154,68.603,-0.174,68.287,67.673,67.351,0.915,-0.142,0.019,0.018,-0.033,-0.513,-0.001,-0.005,20.139,-0.005,17.866,20.278,17.906
6.191,-2.327,-0.000,0.999,0.000,-0.002,-0.039,-0.164,-0.155,68.804,-0.174,68.465,67.876,67.530,0.916,-0.147,0.019,0.011,-0.010,-0.515,-0.000,-0.003,20.090,-0.004,17.826,20.255,17.906
6.200,-2.328,-0.000,0.999,0.000,-0.002,-0.041,-0.164,-0.155,69.005,-0.174,68.643,68.078,67.709,0.917,-0.152,0.018,0.000,0.018,-0.516,0.000,-0.002,20.053,-0.003,17.790,20.217,17.891
6.209,-2.330,0.000,0.999,0.000,-0.002,-0.044,-0.164,-0.155,69.205,-0.174,68.821,68.280,67.888,0.918,-0.157,0.016,-0.012,0.047,-0.518,0.001,0.000,20.036,-0.002,17.763,20.169,17.862
6.218,-2.331,0.000,0.999,0.000,-0.001,-0.046,-0.164,-0.155,69.405,-0.174,68.998,68.481,68.067,0.919,-0.162,0.012,-0.026,0.073,-0.519,0.001,0.003,20.040,-0.001,17.747,20.114,17.819
6.228,-2.333,0.000,0.999,0.000,-0.001,-0.049,-0.164,-0.155,69.606,-0.174,69.176,68.682,68.245,0.919,-0.167,0.007,-0.041,0.095,-0.519,0.002,0.005,20.068,0.001,17.745,20.059,17.766
6.237,-2.335,0.000,0.999,0.000,-0.000,-0.051,-0.164,-0.154,69.807,-0.174,69.353,68.882,68.422,0.919,-0.172,0.002,-0.054,0.109,-0.519,0.002,0.007,20.119,0.002,17.758,20.008,17.704
6.246,-2.336,0.000,0.999,-0.000,0.000,-0.054,-0.164,-0.154,70.008,-0.174,69.531,69.082,68.599,0.919,-0.177,-0.004,-0.063,0.114,-0.519,0.002,0.009,20.190,0.004,17.784,19.967,17.640
6.255,-2.338,0.000,0.998,-0.001,0.001,-0.057,-0.164,-0.154,70.211,-0.174,69.709,69.282,68.775,0.918,-0.182,-0.009,-0.065,0.108,-0.518,0.002,0.010,20.276,0.005,17.821,19.941,17.578
6.264,-2.340,0.000,0.998,-0.001,0.001,-0.059,-0.164,-0.154,70.414,-0.174,69.887,69.481,68.950,0.917,-0.186,-0.013,-0.060,0.091,-0.517,0.002,0.010,20.371,0.006,17.867,19.931,17.523
6.273,-2.342,0.000,0.998,-0.001,0.002,-0.062,-0.386,-0.300,70.620,-0.375,70.067,69.681,69.123,0.897,-0.223,-0.014,-0.101,0.069,-0.702,-31.253,-21.354,20.820,-27.900,17.941,20.061,16.965
6.282,-2.344,-0.000,0.998,-0.002,0.002,-0.067,-0.585,-0.446,70.831,-0.566,70.244,69.883,69.288,0.869,-0.280,-0.007,-0.118,0.006,-1.025,-9.070,-7.921,21.539,-9.313,17.486,20.404,16.063
6.291,-2.348,-0.000,0.997,-0.002,0.002,-0.072,-0.599,-0.476,71.050,-0.587,70.417,70.089,69.444,0.842,-0.323,-0.002,-0.038,-0.070,-1.263,5.320,1.643,22.147,4.810,17.150,20.650,15.150
6.299,-2.351,-0.000,0.997,-0.002,0.001,-0.079,-0.506,-0.428,71.273,-0.491,70.588,70.296,69.592,0.826,-0.344,-0.008,0.038,-0.082,-1.353,11.223,6.760,22.508,12.268,16.971,20.761,14.586
6.307,-2.354,-0.000,0.996,-0.002,0.001,-0.086,-0.418,-0.369,71.499,-0.393,70.757,70.503,69.738,0.823,-0.347,-0.014,0.037,-0.060,-1.314,5.802,4.354,22.543,6.399,16.866,20.781,14.521
6.316,-2.358,-0.000,0.996,-0.002,0.001,-0.092,-0.389,-0.344,71.723,-0.365,70.925,70.711,69.884,0.825,-0.344,-0.018,0.032,-0.039,-1.236,0.094,0.668,22.342,-0.647,16.803,20.786,14.726
6.324,-2.361,-0.001,0.995,-0.002,0.000,-0.098,-0.401,-0.348,71.946,-0.385,71.093,70.919,70.032,0.824,-0.347,-0.019,0.039,-0.019,-1.189,-1.870,-1.017,22.179,-2.596,16.768,20.797,14.901
6.332,-2.365,-0.001,0.995,-0.002,0.000,-0.104,-0.417,-0.358,72.167,-0.403,71.261,71.127,70.182,0.819,-0.354,-0.018,0.048,-0.005,-1.176,-1.330,-0.970,22.111,-1.110,16.752,20.810,14.981
6.340,-2.368,-0.001,0.994,-0.001,0.000,-0.110,-0.427,-0.366,72.388,-0.409,71.428,71.335,70.332,0.813,-0.363,-0.014,0.056,-0.004,-1.173,-0.703,-0.659,22.104,-0.350,16.743,20.814,15.019
6.348,-2.372,-0.001,0.993,-0.001,0.000,-0.115,-0.432,-0.371,72.609,-0.411,71.596,71.543,70.482,0.808,-0.372,-0.009,0.062,-0.017,-1.169,-0.251,-0.351,22.096,0.009,16.746,20.811,15.061
6.356,-2.376,-0.001,0.993,-0.001,0.000,-0.121,-0.433,-0.374,72.830,-0.410,71.763,71.752,70.633,0.803,-0.381,-0.003,0.065,-0.033,-1.164,-0.010,-0.143,22.067,0.148,16.758,20.806,15.113
6.364,-2.380,-0.001,0.992,-0.000,-0.000,-0.127,-0.433,-0.375,73.051,-0.408,71.931,71.960,70.784,0.798,-0.389,0.001,0.063,-0.046,-1.160,0.079,-0.051,22.028,0.177,16.771,20.799,15.161
6.372,-2.384,-0.001,0.991,-0.000,-0.000,-0.133,-0.432,-0.375,73.271,-0.406,72.099,72.168,70.936,0.793,-0.398,0.004,0.055,-0.053,-1.159,0.086,-0.019,21.986,0.158,16.779,20.793,15.200
6.380,-2.388,-0.001,0.990,0.000,-0.001,-0.138,-0.431,-0.375,73.490,-0.405,72.266,72.375,71.088,0.788,-0.408,0.006,0.043,-0.055,-1.162,0.063,-0.016,21.947,0.123,16.781,20.790,15.224
6.388,-2.392,-0.001,0.990,0.000,-0.001,-0.144,-0.431,-0.375,73.710,-0.404,72.434,72.583,71.240,0.783,-0.418,0.006,0.029,-0.053,-1.168,0.036,-0.038,21.912,0.089,16.777,20.793,15.229
6.396,-2.396,-0.001,0.989,0.000,-0.001,-0.150,-0.430,-0.376,73.929,-0.403,72.602,72.791,71.393,0.777,-0.429,0.007,0.018,-0.049,-1.180,0.013,-0.045,21.885,0.061,16.767,20.804,15.210
6.404,-2.400,-0.001,0.988,0.000,-0.002,-0.156,-0.430,-0.376,74.148,-0.403,72.770,72.999,71.545,0.770,-0.440,0.007,0.012,-0.045,-1.197,-0.001,-0.049,21.867,0.041,16.754,20.823,15.168
6.411,-2.405,-0.001,0.987,0.000,-0.002,-0.162,-0.430,-0.377,74.366,-0.402,72.937,73.208,71.696,0.763,-0.452,0.008,0.012,-0.039,-1.216,-0.007,-0.049,21.846,0.027,16.738,20.845,15.116
6.419,-2.409,-0.001,0.986,0.000,-0.002,-0.168,-0.430,-0.377,74.584,-0.402,73.104,73.416,71.847,0.757,-0.463,0.009,0.020,-0.032,-1.231,-0.007,-0.039,21.809,0.018,16.724,20.862,15.076
6.426,-2.414,-0.001,0.985,0.001,-0.002,-0.174,-0.431,-0.377,74.802,-0.402,73.272,73.625,71.998,0.751,-0.473,0.009,0.032,-0.022,-1.239,-0.003,-0.022,21.764,0.013,16.710,20.865,15.053
6.434,-2.419,-0.001,0.984,0.001,-0.002,-0.180,-0.431,-0.378,75.020,-0.402,73.439,73.834,72.148,0.746,-0.482,0.009,0.047,-0.008,-1.241,-0.000,-0.009,21.713,0.011,16.698,20.847,15.052
6.441,-2.424,-0.000,0.983,0.001,-0.002,-0.186,-0.431,-0.378,75.236,-0.402,73.606,74.042,72.299,0.742,-0.491,0.009,0.065,0.005,-1.234,0.002,0.003,21.646,0.010,16.694,20.808,15.085
6.449,-2.429,-0.000,0.981,0.001,-0.002,-0.192,-0.430,-0.377,75.453,-0.402,73.772,74.250,72.450,0.739,-0.498,0.010,0.082,0.015,-1.217,0.006,0.023,21.564,0.009,16.700,20.747,15.158
6.456,-2.434,-0.000,0.980,0.002,-0.002,-0.198,-0.430,-0.377,75.668,-0.402,73.940,74.457,72.602,0.738,-0.504,0.010,0.092,0.016,-1.187,0.010,0.049,21.467,0.010,16.721,20.664,15.281
6.463,-2.439,-0.000,0.979,0.002,-0.002,-0.204,-0.430,-0.377,75.882,-0.402,74.107,74.663,72.756,0.737,-0.509,0.010,0.075,0.015,-1.154,0.012,0.066,21.379,0.009,16.749,20.571,15.426
6.471,-2.444,-0.000,0.978,0.003,-0.002,-0.209,-0.430,-0.376,76.095,-0.401,74.275,74.868,72.910,0.735,-0.515,0.009,0.031,0.015,-1.130,0.011,0.068,21.324,0.007,16.772,20.485,15.546
6.478,-2.449,0.000,0.977,0.003,-0.002,-0.215,-0.430,-0.375,76.309,-0.401,74.442,75.073,73.066,0.733,-0.520,0.002,-0.051,0.047,-1.105,0.003,0.036,21.311,0.002,16.771,20.394,15.640
6.485,-2.454,0.000,0.975,0.002,-0.002,-0.220,-0.430,-0.375,76.522,-0.401,74.610,75.276,73.223,0.730,-0.527,-0.004,-0.116,0.064,-1.092,-0.000,0.020,21.303,-0.000,16.768,20.345,15.696
6.493,-2.459,-0.000,0.974,0.002,-0.001,-0.226,-0.430,-0.375,76.735,-0.401,74.778,75.480,73.380,0.726,-0.535,-0.008,-0.160,0.070,-1.086,-0.001,0.014,21.294,-0.001,16.765,20.339,15.721
6.500,-2.465,-0.000,0.973,0.001,-0.001,-0.231,-0.430,-0.375,76.947,-0.401,74.945,75.683,73.537,0.720,-0.543,-0.009,-0.178,0.060,-1.086,0.001,0.025,21.309,-0.000,16.758,20.368,15.718
6.507,-2.470,-0.000,0.972,0.000,-0.000,-0.236,-0.430,-0.374,77.161,-0.401,75.113,75.887,73.694,0.713,-0.552,-0.005,-0.134,0.009,-1.094,0.005,0.058,21.425,0.002,16.733,20.413,15.659
6.514,-2.476,-0.000,0.970,-0.000,-0.000,-0.241,-0.430,-0.374,77.376,-0.401,75.280,76.091,73.851,0.705,-0.561,-0.004,-0.110,-0.016,-1.098,0.004,0.047,21.521,0.001,16.696,20.458,15.594
6.521,-2.482,-0.000,0.969,-0.001,-0.000,-0.247,-0.430,-0.373,77.591,-0.401,75.447,76.296,74.006,0.696,-0.569,-0.004,-0.103,-0.018,-1.102,0.002,0.023,21.590,0.000,16.649,20.506,15.519
6.528,-2.487,-0.000,0.968,-0.001,-0.000,-0.252,-0.430,-0.373,77.808,-0.401,75.613,76.502,74.161,0.688,-0.576,-0.005,-0.104,-0.006,-1.106,0.001,0.010,21.635,-0.001,16.600,20.554,15.434
6.535,-2.493,-0.000,0.966,-0.002,-0.000,-0.257,-0.430,-0.373,78.024,-0.401,75.779,76.707,74.315,0.679,-0.584,-0.005,-0.099,0.008,-1.112,-0.000,0.004,21.669,-0.003,16.555,20.601,15.335
6.542,-2.499,-0.000,0.965,-0.002,0.000,-0.263,-0.430,-0.373,78.241,-0.401,75.944,76.914,74.468,0.668,-0.592,-0.003,-0.089,0.013,-1.126,-0.001,-0.000,21.713,-0.004,16.530,20.649,15.211
6.548,-2.505,-0.000,0.963,-0.003,0.000,-0.268,-0.430,-0.373,78.458,-0.402,76.109,77.120,74.619,0.657,-0.601,-0.001,-0.081,0.010,-1.146,-0.002,-0.002,21.774,-0.005,16.493,20.702,15.073
6.555,-2.511,-0.000,0.962,-0.003,0.000,-0.274,-0.430,-0.373,78.677,-0.402,76.274,77.328,74.769,0.646,-0.609,0.001,-0.072,0.014,-1.167,-0.002,-0.002,21.835,-0.006,16.452,20.748,14.934
6.561,-2.517,-0.000,0.960,-0.003,0.001,-0.280,-0.430,-0.373,78.895,-0.402,76.438,77.535,74.918,0.635,-0.618,0.000,-0.055,0.029,-1.189,-0.001,-0.003,21.901,-0.005,16.419,20.777,14.790
6.568,-2.523,-0.000,0.958,-0.004,0.001,-0.285,-0.430,-0.373,79.115,-0.402,76.602,77.743,75.065,0.624,-0.626,-0.002,-0.030,0.046,-1.207,-0.001,-0.004,21.973,-0.003,16.398,20.789,14.659
6.574,-2.530,-0.000,0.957,-0.004,0.001,-0.291,-0.430,-0.373,79.335,-0.402,76.766,77.951,75.211,0.614,-0.634,-0.003,-0.005,0.053,-1.219,-0.001,-0.007,22.040,-0.003,16.389,20.789,14.560
6.580,-2.536,-0.000,0.955,-0.004,0.001,-0.297,-0.430,-0.373,79.555,-0.402,76.930,78.159,75.356,0.605,-0.641,-0.003,0.019,0.048,-1.227,-0.002,-0.013,22.092,-0.002,16.394,20.787,14.497
6.586,-2.542,-0.001,0.953,-0.003,0.001,-0.303,-0.430,-0.374,79.776,-0.402,77.094,78.367,75.501,0.595,-0.649,-0.004,0.051,0.041,-1.238,-0.003,-0.023,22.135,0.000,16.413,20.784,14.444
6.592,-2.549,-0.001,0.951,-0.003,0.001,-0.309,-0.430,-0.374,79.998,-0.402,77.258,78.575,75.645,0.586,-0.658,-0.004,0.087,0.031,-1.252,-0.005,-0.039,22.173,0.001,16.445,20.785,14.398
6.598,-2.556,-0.001,0.949,-0.002,0.001,-0.315,-0.430,-0.375,80.220,-0.402,77.423,78.782,75.789,0.579,-0.666,-0.000,0.084,-0.012,-1.247,-0.008,-0.084,22.167,0.000,16.477,20.794,14.446
6.603,-2.562,-0.001,0.947,-0.002,0.001,-0.321,-0.430,-0.375,80.441,-0.402,77.588,78.990,75.934,0.572,-0.674,0.003,0.083,-0.048,-1.247,-0.010,-0.097,22.145,0.000,16.506,20.808,14.493
6.609,-2.569,-0.001,0.945,-0.002,0.001,-0.327,-0.430,-0.376,80.663,-0.402,77.753,79.199,76.079,0.563,-0.682,0.004,0.094,-0.064,-1.258,-0.009,-0.066,22.113,0.001,16.529,20.827,14.515
6.615,-2.576,-0.000,0.943,-0.001,0.000,-0.333,-0.430,-0.377,80.884,-0.402,77.919,79.407,76.224,0.553,-0.691,0.002,0.114,-0.061,-1.272,-0.004,-0.038,22.072,0.002,16.554,20.846,14.522
6.620,-2.583,-0.000,0.941,-0.001,-0.000,-0.339,-0.430,-0.377,81.104,-0.402,78.084,79.615,76.369,0.543,-0.699,0.001,0.126,-0.053,-1.281,-0.001,-0.018,22.014,0.002,16.582,20.856,14.550
6.626,-2.590,-0.000,0.939,-0.001,-0.001,-0.345,-0.431,-0.377,81.324,-0.402,78.250,79.824,76.516,0.537,-0.706,0.003,0.108,-0.058,-1.270,-0.000,-0.010,21.918,0.001,16.604,20.851,14.650
6.631,-2.597,-0.000,0.937,-0.000,-0.001,-0.350,-0.430,-0.377,81.542,-0.402,78.416,80.032,76.662,0.529,-0.712,0.003,0.102,-0.041,-1.261,0.001,-0.000,21.810,0.001,16.630,20.825,14.737
6.636,-2.604,-0.000,0.934,0.000,-0.002,-0.356,-0.430,-0.377,81.760,-0.402,78.583,80.240,76.810,0.522,-0.718,0.002,0.105,-0.012,-1.251,0.004,0.015,21.694,0.001,16.667,20.778,14.821
6.641,-2.611,-0.000,0.932,0.001,-0.002,-0.362,-0.430,-0.377,81.976,-0.402,78.750,80.448,76.959,0.515,-0.723,-0.000,0.113,0.020,-1.236,0.008,0.043,21.586,0.001,16.719,20.704,14.910
6.646,-2.619,-0.000,0.930,0.001,-0.002,-0.368,-0.430,-0.376,82.192,-0.402,78.917,80.654,77.109,0.510,-0.727,-0.001,0.117,0.040,-1.212,0.012,0.070,21.510,0.002,16.766,20.608,15.021
6.651,-2.626,-0.000,0.928,0.002,-0.002,-0.373,-0.430,-0.376,82.407,-0.402,79.085,80.860,77.259,0.506,-0.731,0.000,0.111,0.042,-1.180,0.014,0.085,21.463,0.002,16.803,20.500,15.159
6.657,-2.633,-0.000,0.925,0.003,-0.002,-0.379,-0.430,-0.375,82.621,-0.402,79.253,81.064,77.412,0.503,-0.735,0.001,0.088,0.042,-1.147,0.011,0.087,21.428,0.003,16.836,20.387,15.304
6.662,-2.641,-0.000,0.923,0.003,-0.002,-0.384,-0.430,-0.374,82.835,-0.402,79.422,81.268,77.565,0.498,-0.739,-0.000,0.042,0.045,-1.125,0.006,0.083,21.406,0.002,16.877,20.289,15.415
6.666,-2.648,-0.000,0.921,0.003,-0.001,-0.389,-0.430,-0.373,83.049,-0.401,79.591,81.470,77.720,0.492,-0.745,-0.002,-0.004,0.043,-1.112,0.004,0.048,21.401,0.003,16.914,20.217,15.485
6.671,-2.656,-0.000,0.919,0.003,-0.001,-0.394,-0.430,-0.373,83.263,-0.401,79.760,81.672,77.875,0.485,-0.749,-0.005,-0.053,0.042,-1.102,0.001,0.021,21.409,0.002,16.942,20.169,15.531
6.676,-2.663,-0.001,0.917,0.003,-0.001,-0.399,-0.430,-0.373,83.477,-0.401,79.930,81.874,78.030,0.478,-0.754,-0.008,-0.104,0.040,-1.094,-0.000,0.008,21.418,0.002,16.958,20.152,15.561
6.681,-2.671,-0.001,0.915,0.002,-0.000,-0.404,-0.430,-0.373,83.692,-0.401,80.099,82.075,78.186,0.469,-0.761,-0.006,-0.112,0.003,-1.096,0.000,0.003,21.450,0.004,16.963,20.179,15.557
6.686,-2.678,-0.001,0.912,0.002,-0.000,-0.409,-0.430,-0.373,83.906,-0.401,80.269,82.277,78.342,0.461,-0.766,-0.004,-0.117,-0.030,-1.097,0.000,-0.001,21.486,0.004,16.947,20.224,15.546
6.690,-2.686,-0.001,0.910,0.001,-0.000,-0.414,-0.430,-0.373,84.121,-0.401,80.438,82.480,78.497,0.452,-0.771,-0.003,-0.117,-0.059,-1.097,-0.000,-0.005,21.520,0.004,16.909,20.286,15.533
6.695,-2.694,-0.001,0.908,0.001,-0.000,-0.419,-0.430,-0.373,84.337,-0.401,80.607,82.683,78.652,0.443,-0.776,-0.002,-0.114,-0.080,-1.097,-0.001,-0.007,21.545,0.004,16.853,20.359,15.518
6.699,-2.701,-0.001,0.906,-0.000,-0.000,-0.424,-0.430,-0.373,84.552,-0.401,80.775,82.887,78.807,0.433,-0.780,-0.000,-0.108,-0.091,-1.096,-0.001,-0.008,21.560,0.003,16.781,20.437,15.502
6.703,-2.709,-0.001,0.903,-0.001,-0.001,-0.429,-0.430,-0.373,84.768,-0.401,80.942,83.092,78.962,0.424,-0.784,0.000,-0.100,-0.091,-1.096,-0.001,-0.008,21.563,0.002,16.699,20.516,15.488
6.707,-2.717,-0.001,0.901,-0.001,-0.001,-0.434,-0.430,-0.373,84.983,-0.401,81.109,83.297,79.117,0.415,-0.788,0.001,-0.090,-0.080,-1.095,-0.001,-0.007,21.556,0.001,16.614,20.590,15.474
6.712,-2.725,-0.001,0.898,-0.002,-0.001,-0.439,-0.430,-0.373,85.199,-0.401,81.275,83.504,79.272,0.406,-0.792,0.001,-0.078,-0.062,-1.095,-0.001,-0.006,21.543,-0.001,16.533,20.654,15.459
6.716,-2.733,-0.001,0.896,-0.002,-0.001,-0.444,-0.430,-0.373,85.414,-0.401,81.440,83.711,79.426,0.397,-0.795,0.001,-0.064,-0.039,-1.096,-0.001,-0.005,21.524,-0.002,16.462,20.707,15.443
6.719,-2.741,-0.001,0.894,-0.003,-0.001,-0.449,-0.430,-0.373,85.629,-0.401,81.604,83.918,79.581,0.388,-0.799,0.001,-0.049,-0.014,-1.098,-0.002,-0.006,21.502,-0.003,16.405,20.748,15.422
6.723,-2.749,-0.001,0.891,-0.003,-0.001,-0.454,-0.430,-0.373,85.844,-0.401,81.768,84.125,79.735,0.378,-0.803,0.001,-0.032,0.009,-1.101,-0.002,-0.008,21.479,-0.004,16.366,20.777,15.396
6.727,-2.757,-0.001,0.889,-0.003,-0.001,-0.459,-0.430,-0.373,86.059,-0.401,81.931,84.333,79.888,0.368,-0.807,0.002,-0.010,0.023,-1.106,-0.004,-0.016,21.474,-0.005,16.342,20.792,15.359
6.731,-2.765,-0.001,0.886,-0.003,-0.001,-0.464,-0.430,-0.374,86.274,-0.401,82.095,84.541,80.042,0.357,-0.811,0.004,0.009,0.026,-1.118,-0.007,-0.035,21.494,-0.007,16.339,20.800,15.298
6.734,-2.773,-0.001,0.883,-0.003,-0.001,-0.469,-0.430,-0.374,86.489,-0.401,82.258,84.749,80.194,0.345,-0.816,0.007,0.023,0.020,-1.135,-0.011,-0.066,21.527,-0.008,16.349,20.804,15.217
6.738,-2.781,-0.000,0.881,-0.002,-0.001,-0.474,-0.430,-0.375,86.704,-0.402,82.422,84.957,80.346,0.333,-0.821,0.009,0.027,0.011,-1.156,-0.012,-0.106,21.567,-0.009,16.345,20.812,15.126
6.741,-2.790,-0.000,0.878,-0.002,-0.001,-0.479,-0.430,-0.376,86.920,-0.402,82.585,85.166,80.497,0.319,-0.826,0.010,0.019,0.004,-1.182,-0.012,-0.083,21.617,-0.008,16.314,20.829,15.021
6.744,-2.798,-0.000,0.875,-0.002,-0.001,-0.484,-0.430,-0.377,87.137,-0.402,82.748,85.374,80.646,0.305,-0.832,0.011,0.009,0.005,-1.213,-0.008,-0.051,21.671,-0.006,16.279,20.851,14.898
6.747,-2.806,-0.000,0.872,-0.002,-0.001,-0.489,-0.431,-0.377,87.354,-0.402,82.911,85.583,80.795,0.290,-0.836,0.009,0.006,0.016,-1.245,-0.002,-0.022,21.718,-0.002,16.258,20.872,14.765
6.750,-2.815,-0.000,0.869,-0.002,-0.001,-0.495,-0.431,-0.377,87.571,-0.402,83.073,85.791,80.942,0.274,-0.840,0.005,0.031,0.047,-1.284,0.003,-0.001,21.770,0.003,16.295,20.883,14.587
6.752,-2.823,-0.000,0.866,-0.002,-0.001,-0.501,-0.430,-0.377,87.789,-0.402,83.236,86.000,81.087,0.260,-0.844,0.001,0.048,0.072,-1.308,0.006,0.014,21.807,0.005,16.332,20.882,14.466
6.755,-2.832,-0.000,0.862,-0.001,-0.000,-0.506,-0.430,-0.377,88.007,-0.402,83.400,86.209,81.231,0.248,-0.848,-0.003,0.063,0.099,-1.322,0.007,0.026,21.842,0.005,16.370,20.864,14.384
6.757,-2.840,-0.000,0.859,-0.001,-0.000,-0.512,-0.430,-0.377,88.226,-0.402,83.564,86.417,81.375,0.236,-0.851,-0.007,0.080,0.128,-1.331,0.007,0.034,21.884,0.005,16.407,20.826,14.328
6.760,-2.849,-0.000,0.856,-0.000,0.000,-0.518,-0.430,-0.376,88.445,-0.402,83.728,86.625,81.518,0.230,-0.855,-0.004,0.048,0.110,-1.297,0.009,0.054,21.861,0.002,16.500,20.751,14.417
6.762,-2.857,-0.000,0.852,0.000,0.001,-0.523,-0.430,-0.375,88.663,-0.402,83.894,86.832,81.663,0.224,-0.858,-0.003,0.032,0.096,-1.265,0.012,0.075,21.831,0.002,16.588,20.655,14.518
6.764,-2.866,-0.000,0.849,0.001,0.001,-0.528,-0.430,-0.375,88.881,-0.402,84.060,87.038,81.808,0.219,-0.861,-0.002,0.034,0.086,-1.234,0.012,0.101,21.804,0.003,16.663,20.551,14.618
6.766,-2.874,-0.000,0.846,0.001,0.001,-0.534,-0.430,-0.373,89.099,-0.402,84.227,87.243,81.955,0.213,-0.864,-0.001,0.040,0.070,-1.203,0.011,0.115,21.778,0.004,16.730,20.444,14.723
6.768,-2.883,-0.000,0.843,0.001,0.001,-0.539,-0.430,-0.372,89.317,-0.401,84.395,87.447,82.103,0.207,-0.866,-0.001,0.045,0.049,-1.175,0.009,0.074,21.760,0.004,16.791,20.344,14.825
6.771,-2.892,-0.000,0.839,0.002,0.001,-0.544,-0.430,-0.372,89.534,-0.401,84.563,87.650,82.252,0.200,-0.869,-0.001,0.046,0.025,-1.154,0.004,0.037,21.753,0.003,16.840,20.259,14.913
6.772,-2.900,-0.000,0.836,0.002,0.001,-0.548,-0.430,-0.372,89.752,-0.401,84.731,87.853,82.401,0.192,-0.871,-0.003,0.044,0.001,-1.139,0.001,0.014,21.752,0.003,16.878,20.194,14.987
6.774,-2.909,-0.000,0.833,0.002,0.001,-0.553,-0.430,-0.372,89.970,-0.401,84.900,88.054,82.551,0.183,-0.873,-0.005,0.037,-0.018,-1.127,-0.002,-0.000,21.747,0.002,16.907,20.151,15.057
6.776,-2.918,-0.000,0.830,0.002,0.001,-0.558,-0.430,-0.372,90.187,-0.401,85.070,88.256,82.702,0.174,-0.875,-0.008,0.024,-0.035,-1.119,-0.003,-0.012,21.740,0.001,16.927,20.133,15.118
6.778,-2.927,-0.000,0.827,0.002,0.001,-0.562,-0.430,-0.372,90.404,-0.401,85.239,88.457,82.854,0.165,-0.876,-0.010,0.008,-0.050,-1.114,-0.005,-0.024,21.733,0.000,16.938,20.139,15.170
6.779,-2.935,-0.001,0.824,0.002,0.000,-0.567,-0.430,-0.372,90.622,-0.401,85.408,88.658,83.006,0.155,-0.877,-0.011,-0.007,-0.064,-1.111,-0.005,-0.032,21.724,0.000,16.939,20.166,15.213
6.781,-2.944,-0.001,0.821,0.002,0.000,-0.571,-0.430,-0.372,90.839,-0.401,85.578,88.860,83.158,0.145,-0.878,-0.011,-0.021,-0.075,-1.112,-0.005,-0.032,21.716,0.000,16.928,20.211,15.244
6.782,-2.953,-0.001,0.817,0.001,0.000,-0.576,-0.430,-0.373,91.056,-0.401,85.747,89.063,83.310,0.134,-0.879,-0.010,-0.035,-0.082,-1.113,-0.003,-0.027,21.708,0.001,16.904,20.269,15.264
6.784,-2.962,-0.001,0.814,0.001,-0.000,-0.581,-0.430,-0.373,91.273,-0.401,85.916,89.266,83.463,0.123,-0.879,-0.008,-0.046,-0.083,-1.115,-0.001,-0.018,21.697,0.001,16.868,20.334,15.277
6.785,-2.970,-0.001,0.811,0.000,-0.000,-0.585,-0.430,-0.373,91.490,-0.401,86.084,89.469,83.616,0.113,-0.879,-0.006,-0.053,-0.081,-1.115,-0.000,-0.013,21.682,0.002,16.823,20.398,15.286
6.786,-2.979,-0.001,0.808,-0.000,-0.001,-0.590,-0.430,-0.373,91.707,-0.401,86.252,89.674,83.769,0.103,-0.878,-0.003,-0.055,-0.074,-1.114,0.000,-0.011,21.663,0.002,16.770,20.458,15.293
6.787,-2.988,-0.001,0.804,-0.000,-0.001,-0.594,-0.430,-0.373,91.923,-0.401,86.420,89.879,83.922,0.093,-0.878,0.000,-0.053,-0.067,-1.112,0.000,-0.010,21.642,0.003,16.714,20.510,15.300
6.788,-2.997,-0.001,0.801,-0.001,-0.001,-0.599,-0.430,-0.373,92.139,-0.401,86.586,90.084,84.075,0.084,-0.879,0.003,-0.046,-0.062,-1.110,-0.001,-0.013,21.618,0.003,16.656,20.554,15.305
