-7.000,5.000,0.001,0.707,0.000,0.000,0.707,-0.000,-0.000,0.000,-0.000,0.000,0.000,0.000,-0.000,-0.000,0.000,-0.000,-0.000,-0.000,0.000,0.000,-0.000,0.000,-0.000,-0.000,-0.000
-7.000,5.000,0.001,0.707,0.000,-0.000,0.707,-0.408,-0.291,0.006,-0.339,0.007,0.001,0.002,0.002,0.013,0.000,-0.002,-0.012,0.009,-57.008,-41.921,1.053,-46.779,1.199,0.327,0.371
-7.000,5.000,0.001,0.707,0.000,-0.000,0.707,-0.767,-0.573,0.019,-0.661,0.020,0.008,0.008,0.014,0.046,0.001,-0.013,-0.027,-0.085,-16.395,-14.621,1.572,-16.009,1.378,1.141,0.832
-7.000,5.001,0.001,0.708,0.000,-0.000,0.707,-0.796,-0.625,0.038,-0.695,0.035,0.024,0.018,0.028,0.074,0.001,-0.020,-0.029,-0.173,8.901,3.369,2.136,9.286,1.547,1.893,1.207
-6.999,5.002,0.001,0.708,0.000,-0.000,0.706,-0.631,-0.530,0.062,-0.506,0.051,0.046,0.032,0.036,0.101,0.001,-0.012,-0.028,-0.216,21.277,13.659,2.649,25.328,1.755,2.559,1.647
-6.999,5.003,0.001,0.709,0.000,-0.001,0.705,-0.445,-0.402,0.090,-0.286,0.071,0.074,0.051,0.033,0.125,0.001,0.008,-0.019,-0.194,13.420,10.210,3.097,15.336,2.236,3.037,2.159
-6.999,5.004,0.001,0.710,0.000,-0.001,0.705,-0.392,-0.352,0.124,-0.236,0.097,0.106,0.075,0.031,0.145,0.000,0.015,-0.010,-0.171,-2.103,0.233,3.576,-4.203,2.892,3.416,2.615
-6.998,5.006,0.001,0.710,0.000,-0.001,0.704,-0.435,-0.370,0.162,-0.316,0.128,0.143,0.104,0.033,0.166,-0.001,0.010,-0.004,-0.184,-5.755,-3.252,4.074,-10.697,3.401,3.855,3.016
-6.998,5.008,0.001,0.711,0.000,-0.000,0.703,-0.489,-0.397,0.205,-0.426,0.164,0.184,0.135,0.041,0.187,-0.001,-0.001,0.002,-0.230,-4.072,-1.601,4.600,-8.930,3.784,4.361,3.341
-6.998,5.010,0.001,0.712,0.000,-0.000,0.702,-0.511,-0.406,0.254,-0.478,0.204,0.230,0.170,0.050,0.207,-0.002,-0.009,0.005,-0.286,-0.600,-0.253,5.167,-2.399,4.073,4.886,3.633
-6.997,5.012,0.000,0.713,0.000,-0.001,0.701,-0.508,-0.405,0.308,-0.486,0.246,0.281,0.208,0.058,0.227,-0.003,-0.011,0.007,-0.332,0.850,0.297,5.713,0.391,4.396,5.385,3.921
-6.996,5.014,0.000,0.714,0.000,-0.001,0.700,-0.497,-0.401,0.368,-0.476,0.292,0.338,0.249,0.065,0.246,-0.003,-0.011,0.007,-0.366,1.135,0.441,6.225,1.327,4.739,5.858,4.225
-6.996,5.017,0.000,0.716,0.000,-0.001,0.699,-0.487,-0.397,0.433,-0.462,0.341,0.398,0.293,0.070,0.264,-0.004,-0.011,0.007,-0.392,0.911,0.408,6.705,1.427,5.088,6.308,4.540
-6.995,5.019,0.000,0.717,0.000,-0.001,0.697,-0.480,-0.393,0.502,-0.449,0.393,0.464,0.340,0.075,0.283,-0.005,-0.011,0.007,-0.414,0.564,0.318,7.158,1.212,5.435,6.738,4.859
-6.994,5.022,0.000,0.718,0.000,-0.001,0.696,-0.475,-0.390,0.576,-0.438,0.450,0.533,0.390,0.080,0.300,-0.005,-0.011,0.006,-0.432,0.273,0.226,7.593,0.926,5.776,7.152,5.177
-6.993,5.025,0.000,0.720,0.000,-0.001,0.694,-0.474,-0.388,0.654,-0.430,0.509,0.607,0.443,0.084,0.317,-0.006,-0.011,0.005,-0.450,0.094,0.154,8.015,0.669,6.107,7.553,5.488
-6.993,5.029,0.000,0.722,-0.000,-0.001,0.692,-0.473,-0.387,0.736,-0.424,0.572,0.684,0.499,0.089,0.334,-0.007,-0.011,0.004,-0.467,0.005,0.104,8.425,0.469,6.427,7.940,5.788
-6.992,5.032,0.000,0.723,-0.000,-0.001,0.691,-0.473,-0.386,0.823,-0.421,0.637,0.766,0.559,0.094,0.349,-0.007,-0.011,0.003,-0.484,-0.028,0.070,8.824,0.322,6.737,8.317,6.078
-6.991,5.036,0.000,0.725,-0.000,-0.001,0.689,-0.474,-0.386,0.913,-0.418,0.706,0.851,0.621,0.099,0.364,-0.008,-0.012,0.003,-0.501,-0.033,0.048,9.213,0.219,7.036,8.683,6.356
-6.990,5.039,-0.000,0.727,-0.000,-0.001,0.687,-0.474,-0.385,1.007,-0.416,0.778,0.939,0.686,0.105,0.378,-0.009,-0.012,0.003,-0.518,-0.026,0.033,9.592,0.147,7.325,9.038,6.622
-6.989,5.043,-0.000,0.728,-0.000,-0.001,0.685,-0.474,-0.385,1.104,-0.415,0.853,1.031,0.753,0.110,0.392,-0.010,-0.012,0.003,-0.535,-0.018,0.023,9.960,0.099,7.604,9.384,6.878
-6.987,5.047,-0.000,0.730,-0.000,-0.001,0.683,-0.474,-0.385,1.206,-0.414,0.930,1.127,0.823,0.116,0.405,-0.010,-0.011,0.003,-0.552,-0.010,0.017,10.318,0.066,7.873,9.719,7.124
-6.986,5.051,-0.000,0.732,-0.000,-0.001,0.681,-0.474,-0.385,1.311,-0.413,1.010,1.226,0.896,0.122,0.417,-0.010,-0.010,0.002,-0.569,-0.005,0.012,10.665,0.044,8.133,10.044,7.361
-6.985,5.056,-0.000,0.734,-0.000,-0.001,0.679,-0.474,-0.385,1.419,-0.413,1.093,1.328,0.971,0.127,0.428,-0.011,-0.008,0.002,-0.585,-0.002,0.009,11.002,0.029,8.384,10.359,7.589
-6.984,5.060,-0.001,0.736,-0.000,-0.001,0.677,-0.474,-0.384,1.531,-0.413,1.178,1.433,1.048,0.133,0.439,-0.011,-0.005,0.002,-0.600,-0.000,0.007,11.327,0.019,8.627,10.663,7.809
-6.982,5.064,-0.001,0.738,-0.000,-0.001,0.674,-0.474,-0.384,1.646,-0.413,1.265,1.541,1.127,0.139,0.450,-0.010,-0.001,0.001,-0.615,0.001,0.005,11.640,0.013,8.861,10.957,8.022
-6.981,5.069,-0.001,0.740,-0.000,-0.001,0.672,-0.474,-0.384,1.764,-0.413,1.355,1.652,1.208,0.145,0.460,-0.010,0.004,0.000,-0.630,0.001,0.003,11.942,0.010,9.088,11.240,8.227
-6.979,5.074,-0.001,0.743,-0.000,-0.001,0.670,-0.474,-0.384,1.884,-0.413,1.447,1.766,1.291,0.151,0.469,-0.009,0.009,-0.001,-0.644,0.001,0.001,12.231,0.008,9.306,11.512,8.425
-6.978,5.078,-0.001,0.745,-0.000,-0.001,0.667,-0.474,-0.384,2.008,-0.412,1.541,1.882,1.376,0.157,0.478,-0.008,0.013,-0.002,-0.658,0.001,-0.000,12.509,0.007,9.517,11.773,8.617
-6.976,5.083,-0.001,0.747,-0.000,-0.001,0.665,-0.474,-0.384,2.135,-0.412,1.637,2.001,1.464,0.164,0.487,-0.007,0.018,-0.003,-0.671,0.001,-0.002,12.775,0.006,9.721,12.024,8.802
-6.975,5.088,-0.001,0.749,-0.000,-0.001,0.662,-0.474,-0.384,2.264,-0.412,1.736,2.122,1.552,0.170,0.495,-0.006,0.021,-0.004,-0.684,0.000,-0.003,13.029,0.005,9.918,12.264,8.982
-6.973,5.093,-0.001,0.751,-0.000,-0.001,0.660,-0.474,-0.384,2.395,-0.412,1.836,2.246,1.643,0.176,0.503,-0.004,0.024,-0.005,-0.696,0.000,-0.003,13.272,0.005,10.107,12.494,9.156
-6.971,5.098,-0.001,0.754,0.000,-0.001,0.657,-0.474,-0.384,2.529,-0.412,1.938,2.372,1.736,0.183,0.510,-0.003,0.026,-0.005,-0.708,0.000,-0.004,13.506,0.005,10.290,12.714,9.325
-6.969,5.103,-0.001,0.756,0.000,-0.000,0.654,-0.474,-0.385,2.665,-0.412,2.042,2.501,1.830,0.189,0.517,-0.002,0.025,-0.006,-0.719,0.000,-0.004,13.730,0.005,10.467,12.926,9.488
-6.967,5.108,-0.001,0.758,0.000,-0.000,0.652,-0.474,-0.385,2.804,-0.412,2.147,2.631,1.925,0.196,0.524,-0.001,0.024,-0.006,-0.731,0.001,-0.004,13.943,0.005,10.637,13.131,9.647
-6.965,5.114,-0.001,0.761,0.000,-0.000,0.649,-0.474,-0.385,2.944,-0.412,2.254,2.763,2.023,0.203,0.530,-0.000,0.022,-0.007,-0.742,0.001,-0.003,14.147,0.005,10.803,13.330,9.802
-6.963,5.119,-0.001,0.763,0.000,-0.000,0.646,-0.474,-0.385,3.087,-0.412,2.363,2.897,2.121,0.209,0.537,0.000,0.019,-0.007,-0.752,0.001,-0.003,14.342,0.005,10.964,13.522,9.953
-6.961,5.124,-0.001,0.766,0.001,-0.000,0.643,-0.474,-0.385,3.231,-0.412,2.474,3.034,2.222,0.216,0.543,0.001,0.014,-0.007,-0.762,0.001,-0.002,14.532,0.004,11.120,13.710,10.100
-6.959,5.130,-0.001,0.768,0.001,-0.000,0.640,-0.474,-0.385,3.377,-0.412,2.585,3.172,2.323,0.223,0.549,0.001,0.009,-0.005,-0.772,0.001,-0.002,14.716,0.004,11.271,13.892,10.242
-6.957,5.135,-0.001,0.771,0.001,-0.000,0.637,-0.474,-0.385,3.525,-0.412,2.699,3.311,2.426,0.230,0.554,0.001,0.005,-0.004,-0.781,0.001,-0.001,14.897,0.004,11.417,14.070,10.380
-6.954,5.141,-0.001,0.773,0.001,-0.000,0.634,-0.474,-0.385,3.675,-0.412,2.814,3.453,2.531,0.237,0.559,0.001,0.001,-0.003,-0.790,0.000,-0.001,15.075,0.003,11.558,14.244,10.512
-6.952,5.147,-0.001,0.776,0.001,-0.000,0.631,-0.474,-0.385,3.827,-0.412,2.930,3.596,2.637,0.244,0.564,0.001,-0.001,-0.002,-0.799,0.000,-0.002,15.250,0.003,11.695,14.415,10.638
-6.949,5.152,-0.001,0.778,0.001,-0.000,0.628,-0.474,-0.385,3.980,-0.412,3.048,3.741,2.744,0.252,0.569,0.001,-0.000,-0.003,-0.809,0.000,-0.002,15.421,0.002,11.826,14.582,10.760
-6.947,5.158,-0.001,0.781,0.001,-0.000,0.625,-0.474,-0.385,4.135,-0.412,3.167,3.888,2.852,0.259,0.573,0.002,0.003,-0.004,-0.819,-0.000,-0.003,15.589,0.002,11.953,14.746,10.875
-6.944,5.164,-0.001,0.783,0.001,-0.000,0.622,-0.474,-0.385,4.292,-0.412,3.287,4.036,2.961,0.267,0.577,0.003,0.008,-0.007,-0.831,-0.001,-0.004,15.753,0.001,12.080,14.906,10.983
-6.942,5.169,-0.001,0.786,0.001,-0.000,0.618,-0.474,-0.385,4.450,-0.412,3.408,4.186,3.071,0.275,0.581,0.004,0.015,-0.011,-0.843,-0.001,-0.005,15.911,0.001,12.204,15.061,11.085
-6.939,5.175,-0.001,0.789,0.001,-0.000,0.615,-0.474,-0.385,4.610,-0.412,3.531,4.337,3.183,0.283,0.584,0.005,0.025,-0.014,-0.856,-0.001,-0.007,16.061,0.000,12.326,15.209,11.182
-6.936,5.181,-0.001,0.791,0.001,-0.000,0.612,-0.474,-0.385,4.771,-0.412,3.655,4.490,3.295,0.292,0.587,0.007,0.036,-0.016,-0.869,-0.001,-0.008,16.202,0.000,12.445,15.350,11.277
-6.933,5.187,-0.001,0.794,0.001,-0.000,0.608,-0.474,-0.385,4.934,-0.412,3.780,4.644,3.408,0.300,0.590,0.008,0.048,-0.018,-0.882,-0.001,-0.008,16.331,-0.000,12.561,15.481,11.370
-6.930,5.193,-0.001,0.797,0.002,-0.000,0.605,-0.474,-0.385,5.098,-0.412,3.906,4.800,3.523,0.309,0.592,0.010,0.060,-0.018,-0.894,-0.001,-0.009,16.450,0.000,12.675,15.603,11.464
-6.927,5.199,-0.001,0.799,0.002,0.000,0.601,-0.474,-0.385,5.263,-0.412,4.033,4.956,3.638,0.317,0.595,0.011,0.070,-0.017,-0.906,-0.001,-0.008,16.555,0.000,12.787,15.715,11.562
-6.924,5.205,-0.001,0.802,0.002,0.000,0.597,-0.474,-0.385,5.429,-0.412,4.162,5.114,3.754,0.325,0.598,0.012,0.078,-0.015,-0.915,-0.000,-0.007,16.649,0.001,12.898,15.816,11.667
-6.920,5.211,-0.000,0.805,0.003,0.000,0.594,-0.474,-0.385,5.596,-0.412,4.291,5.273,3.871,0.333,0.600,0.012,0.082,-0.014,-0.921,-0.000,-0.005,16.730,0.001,13.008,15.908,11.779
-6.917,5.217,-0.000,0.807,0.003,0.001,0.590,-0.474,-0.385,5.764,-0.412,4.422,5.432,3.989,0.341,0.604,0.012,0.080,-0.012,-0.924,0.000,-0.003,16.800,0.002,13.117,15.991,11.902
-6.913,5.223,-0.000,0.810,0.003,0.001,0.586,-0.474,-0.385,5.932,-0.412,4.553,5.592,4.109,0.349,0.607,0.011,0.072,-0.008,-0.923,0.001,-0.000,16.860,0.003,13.223,16.064,12.034
-6.910,5.229,-0.000,0.813,0.004,0.001,0.582,-0.474,-0.385,6.101,-0.412,4.686,5.753,4.230,0.356,0.610,0.010,0.052,-0.004,-0.922,0.002,0.003,16.922,0.003,13.323,16.136,12.168
-6.906,5.235,-0.000,0.816,0.004,0.001,0.579,-0.474,-0.385,6.270,-0.412,4.820,5.915,4.352,0.364,0.613,0.009,0.019,-0.000,-0.921,0.002,0.006,16.995,0.003,13.420,16.210,12.293
-6.903,5.241,0.000,0.818,0.004,0.001,0.575,-0.474,-0.385,6.441,-0.412,4.955,6.078,4.476,0.371,0.615,0.007,-0.019,0.004,-0.922,0.002,0.008,17.079,0.003,13.509,16.289,12.405
-6.899,5.247,0.000,0.821,0.004,0.001,0.571,-0.474,-0.385,6.612,-0.412,5.090,6.241,4.600,0.379,0.617,0.005,-0.058,0.008,-0.923,0.002,0.010,17.175,0.003,13.588,16.376,12.501
-6.895,5.254,0.000,0.823,0.003,0.001,0.567,-0.474,-0.385,6.784,-0.412,5.226,6.405,4.726,0.387,0.618,0.002,-0.093,0.011,-0.926,0.002,0.011,17.282,0.002,13.656,16.473,12.580
-6.891,5.260,0.000,0.826,0.003,0.001,0.564,-0.474,-0.385,6.958,-0.412,5.363,6.570,4.852,0.395,0.618,0.000,-0.124,0.013,-0.929,0.002,0.012,17.401,0.002,13.714,16.578,12.643
-6.887,5.266,0.000,0.829,0.002,0.000,0.560,-0.474,-0.385,7.132,-0.412,5.501,6.737,4.979,0.403,0.618,-0.002,-0.149,0.015,-0.932,0.001,0.012,17.528,0.001,13.760,16.693,12.691
-6.883,5.272,0.000,0.831,0.001,-0.000,0.556,-0.474,-0.385,7.308,-0.412,5.638,6.904,5.106,0.410,0.618,-0.003,-0.167,0.016,-0.936,0.001,0.011,17.663,0.000,13.797,16.814,12.724
-6.879,5.278,0.000,0.834,0.001,-0.000,0.552,-0.474,-0.385,7.486,-0.412,5.776,7.073,5.233,0.418,0.617,-0.005,-0.176,0.018,-0.940,0.001,0.010,17.803,-0.000,13.826,16.940,12.743
-6.875,5.284,0.000,0.836,-0.000,-0.001,0.548,-0.474,-0.385,7.664,-0.412,5.915,7.243,5.361,0.426,0.615,-0.006,-0.175,0.018,-0.945,0.000,0.009,17.945,-0.001,13.847,17.068,12.749
-6.870,5.291,-0.000,0.839,-0.001,-0.001,0.544,-0.474,-0.384,7.844,-0.412,6.053,7.414,5.488,0.433,0.612,-0.006,-0.163,0.017,-0.951,0.000,0.008,18.088,-0.002,13.864,17.195,12.744
-6.866,5.297,-0.000,0.842,-0.002,-0.002,0.540,-0.474,-0.384,8.026,-0.412,6.192,7.587,5.615,0.441,0.609,-0.005,-0.140,0.013,-0.958,-0.000,0.006,18.227,-0.003,13.878,17.318,12.731
-6.862,5.303,-0.000,0.844,-0.002,-0.002,0.536,-0.474,-0.384,8.209,-0.412,6.331,7.761,5.743,0.449,0.606,-0.004,-0.111,0.008,-0.966,-0.001,0.004,18.359,-0.004,13.900,17.434,12.710
-6.857,5.309,-0.000,0.847,-0.003,-0.002,0.532,-0.474,-0.384,8.393,-0.412,6.470,7.936,5.870,0.457,0.602,-0.003,-0.082,0.004,-0.976,-0.002,0.001,18.482,-0.005,13.933,17.541,12.683
-6.853,5.315,-0.000,0.849,-0.003,-0.002,0.528,-0.474,-0.384,8.579,-0.412,6.610,8.112,5.996,0.465,0.597,-0.002,-0.057,0.002,-0.990,-0.002,-0.001,18.598,-0.006,13.961,17.643,12.653
-6.848,5.321,-0.000,0.852,-0.003,-0.002,0.523,-0.474,-0.384,8.765,-0.412,6.749,8.288,6.123,0.473,0.592,-0.002,-0.034,0.004,-1.005,-0.002,-0.003,18.708,-0.007,13.989,17.737,12.623
-6.843,5.327,-0.000,0.855,-0.003,-0.002,0.519,-0.474,-0.384,8.953,-0.412,6.889,8.466,6.249,0.482,0.587,-0.002,-0.012,0.011,-1.022,-0.002,-0.004,18.810,-0.007,14.022,17.822,12.591
-6.838,5.332,-0.000,0.857,-0.003,-0.002,0.515,-0.474,-0.384,9.141,-0.412,7.030,8.645,6.375,0.491,0.581,-0.004,0.008,0.022,-1.040,-0.002,-0.005,18.907,-0.007,14.063,17.896,12.562
-6.833,5.338,-0.000,0.860,-0.003,-0.002,0.510,-0.474,-0.384,9.331,-0.412,7.171,8.824,6.500,0.499,0.576,-0.006,0.028,0.032,-1.055,-0.002,-0.005,18.999,-0.006,14.113,17.961,12.545
-6.828,5.344,-0.000,0.863,-0.003,-0.002,0.506,-0.474,-0.384,9.521,-0.412,7.312,9.004,6.625,0.507,0.571,-0.007,0.044,0.038,-1.067,-0.002,-0.004,19.085,-0.006,14.173,18.018,12.548
-6.823,5.350,-0.000,0.865,-0.003,-0.002,0.501,-0.474,-0.385,9.713,-0.412,7.454,9.185,6.751,0.515,0.566,-0.009,0.058,0.038,-1.075,-0.001,-0.004,19.167,-0.005,14.243,18.069,12.574
-6.818,5.355,-0.001,0.868,-0.003,-0.001,0.496,-0.474,-0.385,9.905,-0.412,7.597,9.365,6.877,0.523,0.562,-0.009,0.067,0.032,-1.079,-0.001,-0.004,19.241,-0.004,14.320,18.117,12.621
-6.813,5.361,-0.001,0.871,-0.002,-0.001,0.492,-0.474,-0.385,10.097,-0.412,7.741,9.547,7.004,0.530,0.558,-0.009,0.072,0.021,-1.081,-0.001,-0.004,19.305,-0.003,14.402,18.164,12.684
-6.807,5.366,-0.001,0.873,-0.002,-0.001,0.487,-0.474,-0.385,10.291,-0.412,7.885,9.729,7.131,0.538,0.555,-0.008,0.074,0.007,-1.082,-0.001,-0.005,19.359,-0.002,14.485,18.213,12.759
-6.802,5.372,-0.001,0.876,-0.002,-0.001,0.482,-0.474,-0.385,10.484,-0.412,8.030,9.911,7.259,0.545,0.551,-0.006,0.076,-0.009,-1.082,-0.000,-0.006,19.405,-0.000,14.567,18.263,12.842
-6.796,5.377,-0.001,0.879,-0.001,-0.001,0.477,-0.474,-0.385,10.679,-0.412,8.176,10.094,7.388,0.552,0.547,-0.004,0.078,-0.024,-1.083,-0.000,-0.007,19.440,0.001,14.644,18.314,12.925
-6.791,5.383,-0.001,0.881,-0.001,-0.001,0.473,-0.474,-0.385,10.873,-0.412,8.323,10.277,7.517,0.560,0.543,-0.001,0.080,-0.036,-1.085,-0.000,-0.009,19.464,0.002,14.713,18.365,13.006
-6.785,5.388,-0.001,0.884,-0.001,-0.001,0.468,-0.475,-0.385,11.068,-0.412,8.471,10.461,7.648,0.567,0.538,0.001,0.085,-0.044,-1.089,-0.000,-0.010,19.478,0.003,14.774,18.414,13.082
-6.779,5.394,-0.001,0.886,-0.000,-0.001,0.463,-0.475,-0.385,11.263,-0.412,8.619,10.646,7.779,0.575,0.534,0.004,0.092,-0.048,-1.093,-0.000,-0.010,19.481,0.004,14.829,18.458,13.154
-6.774,5.399,-0.001,0.889,0.000,-0.001,0.458,-0.475,-0.385,11.458,-0.412,8.767,10.830,7.911,0.582,0.529,0.006,0.099,-0.047,-1.098,-0.000,-0.010,19.472,0.004,14.879,18.494,13.222
-6.768,5.404,-0.001,0.891,0.001,-0.001,0.453,-0.475,-0.385,11.652,-0.412,8.916,11.016,8.043,0.590,0.524,0.008,0.106,-0.041,-1.103,-0.000,-0.009,19.453,0.004,14.928,18.519,13.288
-6.762,5.410,-0.001,0.894,0.002,-0.001,0.448,-0.475,-0.385,11.847,-0.412,9.066,11.201,8.177,0.597,0.519,0.009,0.111,-0.031,-1.107,0.000,-0.007,19.424,0.004,14.977,18.533,13.354
-6.756,5.415,-0.001,0.896,0.002,-0.000,0.443,-0.475,-0.385,12.041,-0.412,9.216,11.386,8.310,0.605,0.515,0.010,0.114,-0.020,-1.109,0.000,-0.004,19.393,0.003,15.030,18.531,13.424
-6.750,5.420,-0.000,0.899,0.003,-0.000,0.438,-0.475,-0.385,12.234,-0.412,9.366,11.571,8.445,0.612,0.510,0.010,0.113,-0.008,-1.107,0.001,-0.001,19.364,0.003,15.087,18.516,13.500
-6.744,5.425,-0.000,0.901,0.003,0.000,0.433,-0.474,-0.385,12.428,-0.412,9.518,11.756,8.580,0.618,0.507,0.009,0.108,0.003,-1.101,0.001,0.003,19.339,0.002,15.151,18.490,13.583
-6.737,5.430,-0.000,0.904,0.004,0.000,0.428,-0.474,-0.385,12.621,-0.412,9.669,11.941,8.717,0.625,0.503,0.008,0.095,0.013,-1.092,0.001,0.006,19.320,0.002,15.215,18.457,13.672
-6.731,5.435,-0.000,0.906,0.004,0.001,0.424,-0.474,-0.385,12.814,-0.412,9.822,12.126,8.854,0.631,0.500,0.005,0.070,0.024,-1.080,0.002,0.009,19.309,0.002,15.266,18.424,13.772
-6.725,5.440,-0.000,0.908,0.004,0.001,0.419,-0.474,-0.385,13.007,-0.412,9.975,12.310,8.992,0.637,0.498,0.001,0.036,0.036,-1.063,0.002,0.011,19.304,0.002,15.309,18.395,13.881
-6.718,5.445,-0.000,0.910,0.004,0.001,0.414,-0.474,-0.385,13.200,-0.412,10.128,12.493,9.131,0.642,0.495,-0.003,-0.005,0.043,-1.050,0.002,0.012,19.315,0.002,15.357,18.380,13.976
-6.712,5.450,-0.000,0.912,0.004,0.001,0.409,-0.474,-0.385,13.394,-0.412,10.282,12.677,9.272,0.648,0.490,-0.007,-0.047,0.041,-1.042,0.002,0.012,19.350,0.002,15.410,18.386,14.047
-6.705,5.455,-0.000,0.915,0.004,0.001,0.404,-0.474,-0.385,13.588,-0.412,10.436,12.861,9.412,0.654,0.485,-0.009,-0.081,0.033,-1.038,0.002,0.012,19.404,0.003,15.457,18.413,14.096
-6.699,5.460,-0.000,0.917,0.003,0.001,0.400,-0.474,-0.385,13.782,-0.412,10.591,13.046,9.553,0.660,0.480,-0.010,-0.106,0.020,-1.036,0.002,0.010,19.473,0.003,15.492,18.459,14.128
-6.692,5.464,-0.001,0.919,0.003,0.001,0.395,-0.474,-0.385,13.977,-0.412,10.746,13.231,9.695,0.666,0.474,-0.011,-0.123,0.003,-1.034,0.002,0.009,19.551,0.003,15.513,18.521,14.147
-6.686,5.469,-0.001,0.921,0.002,0.001,0.390,-0.474,-0.385,14.173,-0.412,10.901,13.416,9.836,0.671,0.467,-0.010,-0.131,-0.015,-1.034,0.001,0.007,19.633,0.003,15.518,18.597,14.157
-6.679,5.474,-0.001,0.923,0.001,0.001,0.385,-0.474,-0.384,14.370,-0.412,11.056,13.602,9.978,0.677,0.460,-0.008,-0.130,-0.034,-1.034,0.001,0.004,19.714,0.004,15.507,18.681,14.160
-6.672,5.478,-0.001,0.925,0.001,0.000,0.381,-0.474,-0.384,14.567,-0.412,11.211,13.790,10.120,0.682,0.453,-0.005,-0.122,-0.051,-1.035,0.001,0.002,19.789,0.004,15.480,18.770,14.158
-6.665,5.483,-0.001,0.927,0.000,-0.000,0.376,-0.431,-0.358,14.766,-0.372,11.366,13.978,10.261,0.687,0.447,-0.003,-0.117,-0.056,-1.036,7.384,4.658,19.908,6.900,15.428,18.881,14.175
-6.658,5.487,-0.001,0.929,0.000,-0.001,0.371,-0.361,-0.311,14.965,-0.307,11.520,14.167,10.404,0.685,0.453,0.000,-0.095,-0.065,-0.952,5.274,3.769,19.840,4.631,15.455,18.897,14.425
-6.652,5.492,-0.001,0.930,-0.000,-0.001,0.367,-0.346,-0.299,15.162,-0.304,11.675,14.356,10.550,0.683,0.463,0.004,-0.078,-0.068,-0.853,-2.410,-1.353,19.630,-3.995,15.583,18.871,14.746
-6.645,5.496,-0.001,0.932,-0.001,-0.002,0.363,-0.396,-0.332,15.358,-0.377,11.831,14.545,10.698,0.689,0.457,0.004,-0.088,-0.047,-0.854,-5.687,-4.154,19.542,-8.573,15.623,18.945,14.823
-6.638,5.501,-0.001,0.933,-0.001,-0.002,0.359,-0.429,-0.360,15.554,-0.435,11.987,14.735,10.845,0.701,0.436,0.004,-0.109,-0.015,-0.956,-0.873,-1.300,19.760,-2.851,15.465,19.123,14.574
-6.631,5.505,-0.001,0.935,-0.001,-0.002,0.354,-0.423,-0.362,15.753,-0.445,12.141,14.927,10.990,0.711,0.417,0.004,-0.106,0.008,-1.036,1.701,0.643,20.024,0.311,15.326,19.271,14.311
-6.623,5.509,-0.001,0.937,-0.002,-0.002,0.349,-0.403,-0.352,15.954,-0.436,12.294,15.120,11.132,0.718,0.406,0.004,-0.089,0.025,-1.070,2.023,1.204,20.213,1.292,15.248,19.371,14.163
-6.616,5.513,-0.001,0.939,-0.002,-0.002,0.344,-0.386,-0.341,16.157,-0.423,12.446,15.314,11.273,0.723,0.400,0.004,-0.070,0.038,-1.074,1.192,0.866,20.321,1.140,15.227,19.435,14.120
-6.609,5.517,-0.001,0.941,-0.003,-0.002,0.339,-0.379,-0.335,16.361,-0.414,12.598,15.509,11.414,0.728,0.396,0.004,-0.051,0.047,-1.065,0.383,0.368,20.379,0.834,15.243,19.483,14.135
-6.602,5.521,-0.001,0.943,-0.003,-0.002,0.334,-0.377,-0.333,16.565,-0.407,12.751,15.704,11.556,0.734,0.391,0.004,-0.033,0.051,-1.055,-0.097,0.057,20.422,0.562,15.280,19.522,14.167
-6.594,5.525,-0.001,0.944,-0.003,-0.002,0.329,-0.379,-0.333,16.769,-0.402,12.904,15.899,11.698,0.739,0.386,0.003,-0.015,0.052,-1.048,-0.245,-0.116,20.462,0.376,15.330,19.557,14.197
-6.587,5.529,-0.000,0.946,-0.003,-0.002,0.324,-0.382,-0.335,16.974,-0.399,13.058,16.095,11.840,0.745,0.381,0.003,0.004,0.049,-1.045,-0.161,-0.124,20.503,0.269,15.388,19.591,14.218
-6.579,5.533,-0.000,0.948,-0.003,-0.002,0.319,-0.383,-0.336,17.179,-0.397,13.212,16.291,11.982,0.751,0.374,0.004,0.023,0.042,-1.047,-0.073,-0.097,20.544,0.195,15.456,19.626,14.227
-6.572,5.536,-0.000,0.949,-0.003,-0.001,0.314,-0.383,-0.337,17.385,-0.395,13.367,16.488,12.124,0.757,0.367,0.004,0.044,0.033,-1.052,-0.024,-0.075,20.580,0.139,15.530,19.661,14.230
-6.564,5.540,-0.000,0.951,-0.003,-0.001,0.309,-0.383,-0.337,17.591,-0.394,13.522,16.684,12.267,0.763,0.359,0.005,0.066,0.023,-1.060,-0.001,-0.068,20.607,0.098,15.600,19.694,14.232
-6.557,5.544,-0.000,0.953,-0.003,-0.001,0.304,-0.383,-0.338,17.797,-0.393,13.679,16.882,12.409,0.769,0.351,0.006,0.088,0.015,-1.069,0.007,-0.072,20.628,0.068,15.662,19.724,14.239
-6.549,5.547,-0.000,0.954,-0.002,-0.001,0.299,-0.383,-0.339,18.003,-0.392,13.836,17.079,12.551,0.776,0.343,0.006,0.109,0.011,-1.078,0.007,-0.044,20.637,0.047,15.726,19.746,14.253
-6.541,5.550,-0.000,0.956,-0.002,-0.001,0.294,-0.383,-0.339,18.209,-0.392,13.993,17.276,12.694,0.782,0.335,0.006,0.127,0.011,-1.086,0.006,-0.023,20.634,0.032,15.799,19.753,14.278
-6.533,5.554,-0.000,0.957,-0.001,-0.000,0.289,-0.383,-0.339,18.416,-0.392,14.152,17.474,12.837,0.787,0.327,0.004,0.141,0.018,-1.091,0.004,-0.012,20.619,0.021,15.886,19.743,14.317
-6.525,5.557,-0.000,0.959,-0.000,0.000,0.284,-0.383,-0.339,18.622,-0.391,14.311,17.671,12.980,0.793,0.319,0.002,0.147,0.027,-1.094,0.002,-0.005,20.604,0.015,15.973,19.718,14.369
-6.517,5.560,-0.000,0.960,0.000,0.000,0.278,-0.383,-0.339,18.828,-0.391,14.471,17.868,13.124,0.798,0.311,-0.000,0.145,0.037,-1.094,0.002,0.002,20.593,0.011,16.056,19.681,14.435
-6.509,5.563,-0.000,0.962,0.001,0.001,0.273,-0.383,-0.339,19.034,-0.391,14.632,18.065,13.269,0.803,0.304,-0.003,0.131,0.043,-1.090,0.003,0.010,20.588,0.009,16.138,19.634,14.516
-6.501,5.566,-0.000,0.963,0.002,0.001,0.268,-0.383,-0.339,19.240,-0.391,14.794,18.261,13.415,0.808,0.298,-0.004,0.109,0.038,-1.079,0.006,0.028,20.576,0.008,16.226,19.583,14.624
-6.493,5.569,-0.000,0.965,0.002,0.001,0.263,-0.383,-0.339,19.445,-0.391,14.957,18.456,13.562,0.813,0.292,-0.005,0.078,0.026,-1.067,0.009,0.046,20.575,0.008,16.311,19.537,14.736
-6.485,5.572,-0.000,0.966,0.002,0.002,0.258,-0.383,-0.338,19.651,-0.391,15.120,18.652,13.710,0.817,0.285,-0.006,0.045,0.013,-1.059,0.011,0.059,20.594,0.008,16.383,19.503,14.830
-6.477,5.575,-0.000,0.968,0.002,0.002,0.252,-0.383,-0.337,19.857,-0.391,15.284,18.847,13.858,0.821,0.277,-0.008,0.013,0.003,-1.054,0.010,0.071,20.631,0.008,16.437,19.483,14.906
-6.469,5.578,-0.000,0.969,0.002,0.002,0.247,-0.383,-0.337,20.064,-0.391,15.449,19.041,14.008,0.824,0.269,-0.010,-0.017,-0.005,-1.049,0.007,0.079,20.680,0.007,16.474,19.481,14.966
-6.460,5.580,-0.001,0.970,0.002,0.002,0.242,-0.382,-0.336,20.271,-0.391,15.614,19.236,14.158,0.826,0.261,-0.012,-0.044,-0.012,-1.046,0.005,0.048,20.735,0.005,16.498,19.496,15.015
-6.452,5.583,-0.001,0.971,0.002,0.002,0.237,-0.382,-0.336,20.478,-0.391,15.779,19.431,14.308,0.829,0.253,-0.013,-0.065,-0.019,-1.043,0.003,0.024,20.794,0.004,16.510,19.531,15.051
-6.444,5.585,-0.001,0.973,0.002,0.001,0.232,-0.382,-0.335,20.687,-0.391,15.944,19.627,14.459,0.831,0.244,-0.013,-0.077,-0.026,-1.041,0.001,0.011,20.853,0.003,16.513,19.581,15.074
-6.436,5.588,-0.001,0.974,0.001,0.001,0.227,-0.382,-0.335,20.896,-0.391,16.109,19.823,14.609,0.833,0.235,-0.012,-0.080,-0.035,-1.041,-0.000,0.004,20.910,0.002,16.508,19.646,15.086
-6.427,5.590,-0.001,0.975,0.001,0.001,0.222,-0.382,-0.335,21.105,-0.391,16.274,20.020,14.760,0.835,0.226,-0.010,-0.076,-0.042,-1.042,-0.001,-0.002,20.957,0.002,16.495,19.718,15.089
-6.419,5.592,-0.001,0.976,0.001,0.001,0.217,-0.382,-0.335,21.315,-0.391,16.439,20.217,14.911,0.836,0.216,-0.008,-0.068,-0.046,-1.042,-0.001,-0.006,20.992,0.001,16.478,19.793,15.089
-6.410,5.594,-0.001,0.977,0.000,0.000,0.212,-0.382,-0.335,21.525,-0.391,16.603,20.416,15.062,0.838,0.207,-0.005,-0.060,-0.046,-1.043,-0.001,-0.008,21.014,0.001,16.457,19.866,15.087
-6.402,5.596,-0.001,0.978,0.000,0.000,0.207,-0.382,-0.336,21.735,-0.391,16.768,20.615,15.213,0.840,0.198,-0.003,-0.052,-0.043,-1.043,-0.001,-0.009,21.027,0.001,16.435,19.934,15.087
-6.394,5.598,-0.001,0.979,-0.000,-0.000,0.202,-0.382,-0.336,21.945,-0.391,16.932,20.814,15.364,0.841,0.190,-0.000,-0.045,-0.039,-1.043,-0.001,-0.009,21.036,0.001,16.411,19.994,15.090
-6.385,5.600,-0.001,0.981,-0.000,-0.000,0.196,-0.382,-0.336,22.156,-0.391,17.096,21.015,15.515,0.844,0.181,0.002,-0.039,-0.035,-1.043,-0.001,-0.009,21.043,0.001,16.388,20.047,15.096
-6.377,5.602,-0.001,0.982,-0.000,-0.001,0.191,-0.382,-0.336,22.366,-0.391,17.260,21.215,15.666,0.846,0.173,0.004,-0.034,-0.032,-1.043,-0.001,-0.008,21.052,0.002,16.365,20.092,15.107
-6.368,5.604,-0.001,0.983,-0.001,-0.001,0.186,-0.382,-0.336,22.577,-0.391,17.423,21.416,15.817,0.848,0.164,0.005,-0.031,-0.032,-1.043,-0.001,-0.008,21.063,0.002,16.342,20.131,15.121
-6.360,5.605,-0.001,0.983,-0.001,-0.001,0.181,-0.382,-0.336,22.787,-0.391,17.587,21.618,15.968,0.851,0.156,0.007,-0.029,-0.034,-1.044,-0.001,-0.009,21.077,0.002,16.318,20.168,15.139
-6.351,5.607,-0.001,0.984,-0.001,-0.001,0.176,-0.382,-0.336,22.998,-0.391,17.750,21.820,16.120,0.854,0.147,0.008,-0.026,-0.038,-1.045,-0.001,-0.011,21.090,0.002,16.293,20.204,15.159
-6.343,5.608,-0.001,0.985,-0.001,-0.001,0.171,-0.382,-0.336,23.209,-0.390,17.913,22.022,16.271,0.857,0.139,0.009,-0.023,-0.044,-1.046,-0.002,-0.017,21.099,0.001,16.268,20.242,15.182
-6.334,5.609,-0.001,0.986,-0.001,-0.002,0.166,-0.383,-0.336,23.420,-0.390,18.075,22.225,16.423,0.860,0.130,0.010,-0.018,-0.049,-1.049,-0.004,-0.027,21.102,0.000,16.243,20.284,15.205
-6.326,5.611,-0.001,0.987,-0.001,-0.002,0.160,-0.383,-0.337,23.631,-0.390,18.237,22.428,16.575,0.863,0.121,0.010,-0.010,-0.053,-1.052,-0.006,-0.045,21.096,-0.000,16.218,20.328,15.227
-6.317,5.612,-0.001,0.988,-0.001,-0.002,0.155,-0.383,-0.337,23.842,-0.391,18.400,22.631,16.728,0.866,0.112,0.011,0.000,-0.053,-1.056,-0.007,-0.069,21.079,-0.001,16.194,20.372,15.246
-6.308,5.613,-0.001,0.989,-0.001,-0.003,0.150,-0.383,-0.338,24.053,-0.391,18.561,22.835,16.880,0.869,0.103,0.012,0.013,-0.047,-1.061,-0.008,-0.066,21.050,-0.003,16.173,20.412,15.260
-6.300,5.614,-0.000,0.989,-0.001,-0.003,0.145,-0.383,-0.339,24.263,-0.391,18.723,23.039,17.033,0.872,0.093,0.012,0.024,-0.034,-1.067,-0.008,-0.046,21.015,-0.004,16.155,20.444,15.266
-6.291,5.615,-0.000,0.990,-0.000,-0.003,0.140,-0.383,-0.339,24.473,-0.391,18.884,23.244,17.186,0.874,0.083,0.012,0.032,-0.015,-1.074,-0.005,-0.026,20.979,-0.005,16.142,20.464,15.262
-6.282,5.616,-0.000,0.991,-0.000,-0.003,0.134,-0.383,-0.339,24.683,-0.391,19.046,23.449,17.338,0.876,0.073,0.011,0.038,0.011,-1.081,-0.002,-0.012,20.945,-0.005,16.138,20.467,15.250
-6.273,5.616,-0.000,0.992,-0.000,-0.003,0.129,-0.383,-0.339,24.892,-0.391,19.207,23.653,17.491,0.878,0.063,0.010,0.043,0.042,-1.087,-0.001,-0.002,20.919,-0.005,16.145,20.450,15.230
-6.265,5.617,0.000,0.992,0.000,-0.002,0.123,-0.383,-0.339,25.101,-0.391,19.369,23.858,17.643,0.880,0.053,0.008,0.045,0.076,-1.093,0.001,0.009,20.908,-0.005,16.167,20.412,15.201
-6.256,5.617,0.000,0.993,0.000,-0.002,0.118,-0.383,-0.339,25.310,-0.391,19.531,24.061,17.795,0.881,0.044,0.005,0.045,0.108,-1.097,0.005,0.031,20.915,-0.005,16.204,20.354,15.169
-6.247,5.618,0.000,0.994,0.000,-0.001,0.112,-0.383,-0.339,25.519,-0.391,19.693,24.265,17.946,0.883,0.034,0.002,0.039,0.134,-1.098,0.009,0.053,20.941,-0.003,16.259,20.282,15.136
-6.238,5.618,0.000,0.994,0.001,-0.000,0.107,-0.383,-0.338,25.729,-0.391,19.856,24.467,18.097,0.884,0.025,-0.001,0.030,0.149,-1.096,0.011,0.070,20.988,-0.002,16.330,20.200,15.108
-6.229,5.618,0.000,0.995,0.001,0.000,0.102,-0.383,-0.337,25.939,-0.391,20.020,24.669,18.248,0.885,0.016,-0.004,0.016,0.152,-1.092,0.011,0.097,21.053,-0.001,16.414,20.117,15.084
-6.220,5.618,0.000,0.995,0.001,0.001,0.096,-0.382,-0.336,26.150,-0.391,20.184,24.869,18.399,0.886,0.007,-0.006,-0.002,0.141,-1.088,0.010,0.100,21.137,0.000,16.501,20.044,15.062
-6.211,5.618,0.000,0.996,0.000,0.002,0.091,-0.382,-0.335,26.362,-0.391,20.350,25.069,18.550,0.886,-0.002,-0.009,-0.020,0.120,-1.084,0.008,0.065,21.232,0.001,16.585,19.986,15.039
-6.203,5.618,-0.000,0.996,0.000,0.002,0.085,-0.382,-0.335,26.575,-0.391,20.516,25.269,18.700,0.886,-0.012,-0.010,-0.035,0.091,-1.081,0.004,0.034,21.331,0.002,16.659,19.949,15.018
-6.194,5.618,-0.000,0.997,-0.000,0.003,0.080,-0.382,-0.335,26.789,-0.391,20.683,25.469,18.850,0.886,-0.021,-0.011,-0.044,0.057,-1.079,0.001,0.015,21.426,0.003,16.719,19.936,15.001
-6.185,5.618,-0.000,0.997,-0.000,0.003,0.075,-0.382,-0.335,27.003,-0.391,20.850,25.668,19.000,0.886,-0.031,-0.012,-0.049,0.022,-1.077,-0.000,0.004,21.507,0.003,16.764,19.945,14.989
-6.176,5.618,-0.000,0.998,-0.001,0.003,0.069,-0.382,-0.335,27.219,-0.391,21.018,25.867,19.150,0.885,-0.041,-0.012,-0.049,-0.013,-1.075,-0.001,-0.005,21.571,0.003,16.791,19.976,14.985
-6.167,5.617,-0.001,0.998,-0.001,0.003,0.064,-0.382,-0.335,27.435,-0.391,21.186,26.067,19.300,0.884,-0.050,-0.012,-0.045,-0.043,-1.075,-0.002,-0.014,21.616,0.003,16.799,20.026,14.988
-6.158,5.617,-0.001,0.998,-0.001,0.002,0.059,-0.382,-0.335,27.651,-0.391,21.354,26.268,19.450,0.882,-0.060,-0.011,-0.037,-0.065,-1.074,-0.004,-0.023,21.640,0.003,16.792,20.088,14.999
-6.150,5.616,-0.001,0.999,-0.001,0.002,0.053,-0.382,-0.335,27.867,-0.391,21.522,26.469,19.600,0.880,-0.070,-0.010,-0.026,-0.078,-1.073,-0.004,-0.027,21.646,0.002,16.773,20.155,15.017
-6.141,5.615,-0.001,0.999,-0.001,0.001,0.048,-0.382,-0.335,28.084,-0.391,21.689,26.671,19.750,0.878,-0.079,-0.009,-0.012,-0.081,-1.072,-0.004,-0.026,21.635,0.002,16.747,20.221,15.042
-6.132,5.614,-0.001,0.999,-0.001,0.001,0.042,-0.382,-0.336,28.300,-0.391,21.857,26.874,19.900,0.876,-0.088,-0.008,0.003,-0.077,-1.071,-0.002,-0.021,21.615,0.001,16.719,20.280,15.073
-6.123,5.613,-0.001,0.999,-0.001,0.001,0.037,-0.382,-0.336,28.516,-0.391,22.024,27.077,20.051,0.874,-0.097,-0.007,0.017,-0.067,-1.069,-0.001,-0.015,21.589,0.001,16.694,20.329,15.108
-6.115,5.612,-0.001,0.999,-0.001,0.000,0.032,-0.382,-0.336,28.732,-0.391,22.191,27.280,20.203,0.872,-0.106,-0.006,0.029,-0.054,-1.067,-0.001,-0.013,21.563,0.000,16.673,20.366,15.145
-6.106,5.611,-0.001,1.000,-0.001,0.000,0.026,-0.383,-0.336,28.947,-0.391,22.357,27.484,20.354,0.870,-0.115,-0.004,0.037,-0.043,-1.067,-0.001,-0.012,21.540,-0.000,16.659,20.394,15.182
-6.097,5.610,-0.001,1.000,-0.001,-0.000,0.021,-0.383,-0.336,29.163,-0.391,22.524,27.688,20.506,0.869,-0.125,-0.003,0.042,-0.034,-1.067,-0.002,-0.015,21.520,-0.001,16.653,20.413,15.219
-6.088,5.609,-0.001,1.000,-0.000,-0.000,0.016,-0.383,-0.336,29.378,-0.391,22.690,27.892,20.659,0.867,-0.134,-0.001,0.045,-0.030,-1.067,-0.004,-0.023,21.500,-0.001,16.654,20.428,15.255
-6.080,5.607,-0.001,1.000,-0.000,-0.000,0.010,-0.383,-0.337,29.593,-0.391,22.857,28.097,20.811,0.866,-0.143,0.002,0.045,-0.031,-1.068,-0.005,-0.038,21.479,-0.001,16.660,20.442,15.290
-6.071,5.606,-0.001,1.000,-0.000,-0.000,0.005,-0.383,-0.337,29.807,-0.391,23.023,28.301,20.964,0.865,-0.153,0.004,0.042,-0.037,-1.071,-0.007,-0.065,21.454,-0.001,16.668,20.459,15.323
-6.062,5.604,-0.001,1.000,0.000,-0.001,-0.000,-0.383,-0.338,30.022,-0.391,23.190,28.506,21.118,0.864,-0.163,0.007,0.037,-0.047,-1.075,-0.008,-0.085,21.425,-0.000,16.670,20.482,15.352
-6.054,5.603,-0.001,1.000,0.000,-0.001,-0.006,-0.383,-0.339,30.236,-0.391,23.357,28.711,21.271,0.864,-0.173,0.009,0.030,-0.058,-1.079,-0.009,-0.068,21.389,0.000,16.666,20.510,15.379
-6.045,5.601,-0.001,1.000,0.000,-0.001,-0.011,-0.383,-0.339,30.449,-0.391,23.523,28.916,21.425,0.863,-0.183,0.011,0.024,-0.067,-1.083,-0.008,-0.052,21.345,0.001,16.654,20.541,15.405
-6.037,5.599,-0.001,1.000,0.001,-0.002,-0.016,-0.383,-0.340,30.663,-0.391,23.690,29.122,21.580,0.863,-0.192,0.013,0.019,-0.070,-1.086,-0.004,-0.033,21.293,0.002,16.636,20.570,15.432
-6.028,5.597,-0.001,1.000,0.001,-0.002,-0.022,-0.383,-0.340,30.875,-0.391,23.856,29.327,21.734,0.862,-0.202,0.014,0.015,-0.067,-1.087,-0.000,-0.016,21.236,0.003,16.614,20.593,15.461
-6.019,5.595,-0.001,1.000,0.001,-0.002,-0.027,-0.383,-0.340,31.087,-0.391,24.022,29.533,21.889,0.861,-0.211,0.014,0.015,-0.057,-1.086,0.002,-0.004,21.179,0.003,16.590,20.602,15.492
-6.011,5.593,-0.000,0.999,0.001,-0.003,-0.033,-0.383,-0.340,31.299,-0.391,24.188,29.739,22.044,0.860,-0.220,0.013,0.013,-0.041,-1.083,0.004,0.009,21.132,0.003,16.562,20.597,15.521
-6.002,5.591,-0.000,0.999,0.001,-0.003,-0.038,-0.383,-0.340,31.510,-0.391,24.353,29.945,22.199,0.859,-0.229,0.012,0.011,-0.021,-1.082,0.007,0.033,21.095,0.003,16.530,20.579,15.547
-5.994,5.588,-0.000,0.999,0.001,-0.003,-0.044,-0.383,-0.339,31.721,-0.391,24.519,30.151,22.355,0.858,-0.237,0.011,0.012,-0.003,-1.079,0.010,0.055,21.050,0.002,16.504,20.552,15.577
-5.985,5.586,-0.000,0.999,0.001,-0.003,-0.049,-0.383,-0.339,31.931,-0.391,24.684,30.356,22.511,0.857,-0.246,0.009,0.009,0.020,-1.075,0.010,0.063,21.013,0.000,16.485,20.511,15.609
-5.976,5.583,0.000,0.999,0.001,-0.003,-0.054,-0.383,-0.338,32.141,-0.391,24.848,30.561,22.667,0.856,-0.254,0.006,0.001,0.044,-1.070,0.007,0.057,20.995,-0.001,16.473,20.456,15.636
-5.968,5.581,0.000,0.998,0.001,-0.002,-0.060,-0.383,-0.338,32.351,-0.391,25.013,30.765,22.823,0.855,-0.262,0.003,-0.006,0.063,-1.066,0.005,0.048,20.997,-0.002,16.472,20.398,15.654
-5.959,5.578,0.000,0.998,0.001,-0.002,-0.065,-0.383,-0.337,32.561,-0.391,25.178,30.969,22.980,0.853,-0.270,-0.003,-0.037,0.095,-1.059,0.000,0.024,20.992,-0.002,16.483,20.336,15.672
-5.951,5.575,-0.000,0.998,0.001,-0.001,-0.070,-0.383,-0.337,32.771,-0.391,25.343,31.172,23.137,0.851,-0.278,-0.009,-0.067,0.118,-1.055,-0.001,0.013,20.984,-0.002,16.512,20.293,15.679
-5.942,5.572,-0.000,0.997,0.001,-0.001,-0.075,-0.383,-0.337,32.981,-0.391,25.508,31.375,23.294,0.848,-0.288,-0.009,-0.056,0.103,-1.059,0.001,0.031,21.094,-0.001,16.541,20.260,15.647
-5.934,5.570,-0.000,0.997,0.000,-0.000,-0.081,-0.383,-0.337,33.193,-0.391,25.674,31.577,23.450,0.843,-0.298,-0.010,-0.051,0.088,-1.062,0.001,0.028,21.223,-0.001,16.571,20.236,15.599
-5.925,5.567,-0.000,0.996,0.000,0.000,-0.086,-0.383,-0.336,33.406,-0.391,25.839,31.780,23.605,0.839,-0.308,-0.012,-0.057,0.078,-1.065,0.001,0.016,21.351,-0.002,16.601,20.222,15.539
-5.917,5.563,-0.000,0.996,-0.000,0.001,-0.091,-0.383,-0.336,33.620,-0.391,26.006,31.982,23.760,0.834,-0.318,-0.012,-0.064,0.066,-1.069,0.000,0.008,21.471,-0.003,16.627,20.224,15.465
-5.909,5.560,-0.001,0.995,-0.000,0.001,-0.097,-0.383,-0.336,33.835,-0.391,26.172,32.184,23.915,0.828,-0.328,-0.011,-0.063,0.049,-1.076,-0.001,0.002,21.566,-0.004,16.653,20.247,15.381
-5.900,5.557,-0.001,0.995,-0.001,0.001,-0.102,-0.383,-0.336,34.051,-0.391,26.339,32.387,24.068,0.823,-0.337,-0.008,-0.062,0.034,-1.081,-0.001,-0.002,21.632,-0.005,16.672,20.281,15.298
-5.892,5.553,-0.001,0.994,-0.001,0.001,-0.107,-0.383,-0.336,34.268,-0.391,26.505,32.590,24.221,0.818,-0.347,-0.006,-0.065,0.022,-1.086,-0.002,-0.005,21.682,-0.004,16.678,20.324,15.221
-5.884,5.550,-0.001,0.994,-0.001,0.001,-0.113,-0.383,-0.336,34.485,-0.391,26.672,32.793,24.373,0.812,-0.356,-0.004,-0.070,0.011,-1.092,-0.001,-0.006,21.721,-0.002,16.686,20.372,15.146
-5.876,5.546,-0.001,0.993,-0.002,0.002,-0.118,-0.383,-0.336,34.702,-0.391,26.839,32.997,24.524,0.807,-0.365,-0.002,-0.070,0.004,-1.096,-0.001,-0.006,21.751,-0.001,16.692,20.419,15.075
-5.868,5.543,-0.001,0.992,-0.002,0.002,-0.124,-0.383,-0.336,34.920,-0.391,27.006,33.202,24.674,0.802,-0.374,-0.001,-0.063,0.002,-1.100,-0.000,-0.006,21.775,0.000,16.690,20.461,15.011
-5.860,5.539,-0.001,0.992,-0.002,0.002,-0.129,-0.383,-0.336,35.137,-0.391,27.173,33.407,24.824,0.796,-0.383,-0.000,-0.047,0.003,-1.104,-0.000,-0.006,21.794,0.001,16.681,20.497,14.955
-5.852,5.535,-0.001,0.991,-0.003,0.002,-0.135,-0.383,-0.337,35.355,-0.391,27.340,33.612,24.973,0.792,-0.392,0.000,-0.023,0.005,-1.107,-0.000,-0.007,21.809,0.002,16.671,20.525,14.912
-5.844,5.531,-0.001,0.990,-0.003,0.002,-0.140,-0.383,-0.337,35.574,-0.391,27.506,33.817,25.122,0.787,-0.400,0.000,0.004,0.003,-1.108,-0.001,-0.011,21.819,0.002,16.664,20.546,14.886
-5.836,5.527,-0.001,0.989,-0.003,0.002,-0.146,-0.138,-0.177,35.793,-0.131,27.675,34.022,25.271,0.787,-0.395,0.006,0.021,-0.039,-1.044,42.270,29.297,21.842,45.124,17.093,20.438,14.994
-5.828,5.523,-0.001,0.989,-0.002,0.001,-0.150,0.257,0.139,36.007,0.290,27.847,34.224,25.426,0.817,-0.327,0.031,0.181,-0.156,-0.572,28.278,26.595,20.910,31.378,17.349,19.933,16.073
-5.820,5.520,-0.000,0.989,-0.001,0.000,-0.151,0.320,0.211,36.210,0.419,28.021,34.421,25.593,0.840,-0.246,0.047,0.449,-0.138,-0.013,-15.061,-13.426,19.753,-5.054,17.336,19.376,17.262
-5.812,5.518,0.000,0.989,0.001,-0.001,-0.151,0.033,-0.065,36.403,0.232,28.194,34.614,25.769,0.845,-0.236,0.014,0.272,-0.045,0.125,-35.219,-34.577,18.975,-27.553,17.326,19.310,17.800
-5.803,5.516,0.000,0.989,0.002,-0.001,-0.150,-0.217,-0.320,36.593,0.001,28.368,34.807,25.946,0.835,-0.267,-0.014,-0.151,-0.119,-0.046,-10.479,-12.861,18.910,-13.623,17.505,19.336,17.650
-5.795,5.513,-0.000,0.988,0.000,-0.002,-0.152,-0.146,-0.298,36.782,0.026,28.544,35.001,26.119,0.811,-0.335,-0.011,-0.231,-0.207,-0.473,21.561,15.195,19.058,16.596,17.624,19.400,16.889
-5.787,5.509,-0.000,0.988,-0.001,-0.002,-0.154,0.106,-0.086,36.973,0.232,28.720,35.195,26.286,0.804,-0.347,-0.016,-0.052,-0.071,-0.560,22.880,22.395,19.004,19.154,17.658,19.414,16.617
-5.779,5.506,-0.000,0.988,-0.000,-0.002,-0.156,0.209,0.045,37.160,0.324,28.897,35.387,26.455,0.822,-0.302,-0.019,0.179,0.046,-0.256,-3.036,1.745,18.489,-1.596,17.677,19.012,17.268
-5.770,5.503,-0.001,0.988,0.001,-0.002,-0.157,0.071,-0.046,37.344,0.212,29.074,35.575,26.631,0.832,-0.276,-0.015,0.220,0.081,-0.064,-20.631,-16.349,18.253,-17.896,17.677,18.647,17.792
-5.762,5.500,-0.001,0.988,0.002,-0.002,-0.157,-0.102,-0.188,37.526,0.041,29.251,35.761,26.809,0.831,-0.289,0.011,0.077,-0.082,-0.121,-10.593,-9.016,18.179,-13.019,17.710,18.606,17.897
-5.754,5.497,-0.000,0.987,0.002,-0.003,-0.158,-0.099,-0.189,37.707,0.006,29.428,35.948,26.987,0.823,-0.313,0.023,0.028,-0.149,-0.265,10.056,8.185,18.107,5.421,17.749,18.795,17.699
-5.746,5.494,-0.000,0.987,0.002,-0.004,-0.160,0.044,-0.060,37.888,0.106,29.606,36.136,27.164,0.823,-0.310,0.012,0.024,-0.054,-0.240,14.971,14.765,17.934,11.569,17.737,18.709,17.748
-5.737,5.491,-0.000,0.987,0.002,-0.003,-0.161,0.131,0.043,38.066,0.176,29.783,36.322,27.343,0.829,-0.286,-0.006,0.054,0.083,-0.075,1.246,4.259,17.729,1.288,17.776,18.313,18.051
-5.729,5.488,-0.000,0.987,0.002,-0.003,-0.161,0.071,0.016,38.242,0.129,29.961,36.502,27.526,0.836,-0.261,-0.004,0.014,0.092,0.088,-11.125,-7.978,17.595,-9.421,17.927,17.874,18.396
-5.721,5.486,-0.000,0.987,0.002,-0.003,-0.160,-0.035,-0.067,38.418,0.029,30.142,36.680,27.710,0.837,-0.260,0.000,-0.013,0.074,0.102,-7.907,-6.557,17.529,-8.507,18.055,17.746,18.497
-5.712,5.483,-0.000,0.987,0.002,-0.002,-0.160,-0.054,-0.084,38.593,-0.007,30.322,36.858,27.895,0.836,-0.276,0.003,-0.043,0.063,0.013,3.905,3.049,17.574,1.416,17.962,17.888,18.395
-5.704,5.480,-0.000,0.987,0.002,-0.002,-0.160,0.019,-0.020,38.769,0.042,30.501,37.037,28.078,0.838,-0.278,0.003,-0.052,0.059,0.002,8.783,8.218,17.617,6.746,17.926,17.913,18.387
-5.696,5.478,-0.000,0.987,0.002,-0.002,-0.159,0.080,0.044,38.945,0.092,30.681,37.216,28.263,0.843,-0.261,0.003,-0.042,0.051,0.107,2.387,3.631,17.601,2.290,18.131,17.670,18.552
-5.687,5.475,-0.000,0.987,0.002,-0.001,-0.159,0.060,0.040,39.122,0.078,30.864,37.391,28.449,0.845,-0.245,0.001,-0.054,0.047,0.203,-5.535,-3.804,17.643,-4.407,18.377,17.387,18.701
-5.679,5.473,-0.000,0.987,0.001,-0.001,-0.158,-0.002,-0.008,39.298,0.024,31.048,37.564,28.637,0.847,-0.249,-0.001,-0.083,0.044,0.181,-5.419,-4.642,17.684,-5.266,18.390,17.400,18.704
-5.670,5.470,-0.000,0.988,0.001,-0.001,-0.157,-0.025,-0.031,39.475,-0.005,31.231,37.739,28.823,0.846,-0.263,-0.005,-0.115,0.052,0.093,0.931,0.387,17.723,-0.228,18.193,17.617,18.638
-5.662,5.467,-0.000,0.988,0.000,-0.000,-0.157,0.009,-0.004,39.653,0.017,31.412,37.917,29.009,0.848,-0.269,-0.008,-0.105,0.045,0.053,4.942,4.281,17.790,3.754,18.069,17.788,18.584
-5.653,5.465,-0.000,0.988,0.000,-0.000,-0.156,0.049,0.035,39.832,0.050,31.593,38.094,29.195,0.850,-0.264,-0.009,-0.063,0.024,0.081,2.324,2.665,17.929,2.149,18.136,17.795,18.584
-5.645,5.462,-0.000,0.988,-0.000,-0.000,-0.156,0.047,0.040,40.011,0.051,31.775,38.272,29.381,0.852,-0.257,-0.011,-0.041,0.013,0.116,-2.368,-1.484,17.956,-1.716,18.288,17.772,18.623
-5.636,5.460,-0.001,0.988,-0.000,0.000,-0.155,0.015,0.015,40.191,0.024,31.958,38.450,29.567,0.852,-0.259,-0.012,-0.040,0.012,0.105,-3.332,-2.836,18.022,-2.985,18.336,17.841,18.604
-5.628,5.457,-0.001,0.988,-0.001,0.000,-0.155,-0.004,-0.004,40.372,0.004,32.141,38.629,29.753,0.851,-0.265,-0.011,-0.045,0.016,0.063,-0.268,-0.691,18.178,-0.706,18.267,17.983,18.515
-5.619,5.454,-0.001,0.988,-0.001,0.000,-0.155,0.008,0.002,40.554,0.011,32.324,38.810,29.938,0.849,-0.268,-0.008,-0.044,0.022,0.038,2.348,1.805,18.323,1.712,18.216,18.098,18.428
-5.611,5.452,-0.001,0.988,-0.001,0.000,-0.154,0.031,0.022,40.738,0.029,32.506,38.991,30.122,0.850,-0.265,-0.006,-0.039,0.029,0.049,1.645,1.642,18.354,1.486,18.270,18.140,18.401
-5.602,5.449,-0.001,0.988,-0.001,0.001,-0.154,0.035,0.029,40.921,0.035,32.689,39.172,30.306,0.851,-0.261,-0.004,-0.037,0.037,0.072,-0.657,-0.231,18.315,-0.273,18.374,18.148,18.402
-5.594,5.446,-0.001,0.988,-0.001,0.001,-0.154,0.022,0.020,41.104,0.026,32.873,39.354,30.490,0.852,-0.260,-0.003,-0.041,0.042,0.077,-1.630,-1.276,18.310,-1.311,18.444,18.180,18.370
-5.585,5.444,-0.001,0.988,-0.001,0.001,-0.153,0.010,0.010,41.288,0.016,33.058,39.536,30.673,0.851,-0.262,-0.002,-0.043,0.044,0.062,-0.555,-0.565,18.373,-0.633,18.465,18.243,18.295
-5.577,5.441,-0.001,0.988,-0.002,0.001,-0.153,0.012,0.010,41.472,0.015,33.243,39.719,30.856,0.851,-0.263,-0.000,-0.038,0.041,0.049,0.787,0.554,18.450,0.491,18.481,18.303,18.218
-5.568,5.439,-0.001,0.988,-0.002,0.002,-0.153,0.022,0.018,41.656,0.022,33.428,39.902,31.038,0.852,-0.262,0.001,-0.024,0.034,0.050,0.888,0.813,18.491,0.714,18.524,18.334,18.179
-5.560,5.436,-0.001,0.988,-0.002,0.002,-0.153,0.027,0.024,41.841,0.027,33.613,40.086,31.219,0.854,-0.260,0.002,-0.007,0.021,0.062,0.110,0.246,18.499,0.211,18.585,18.344,18.177
-5.551,5.433,-0.001,0.988,-0.002,0.002,-0.152,0.024,0.023,42.026,0.026,33.799,40.269,31.401,0.856,-0.259,0.002,0.010,0.004,0.070,-0.567,-0.381,18.503,-0.414,18.638,18.355,18.190
-5.543,5.431,-0.001,0.988,-0.002,0.002,-0.152,0.018,0.018,42.212,0.021,33.986,40.453,31.583,0.857,-0.259,0.002,0.029,-0.016,0.067,-0.446,-0.375,18.520,-0.415,18.672,18.384,18.203
-5.534,5.428,-0.001,0.988,-0.002,0.002,-0.152,0.016,0.016,42.397,0.019,34.173,40.637,31.765,0.859,-0.260,0.002,0.049,-0.037,0.059,-0.017,-0.104,18.535,-0.112,18.695,18.422,18.223
-5.525,5.426,-0.001,0.988,-0.001,0.001,-0.151,0.018,0.016,42.582,0.019,34.360,40.821,31.948,0.860,-0.261,0.002,0.070,-0.056,0.054,0.252,0.161,18.531,0.131,18.716,18.459,18.264
-5.517,5.423,-0.001,0.989,-0.001,0.001,-0.151,0.020,0.018,42.767,0.020,34.547,41.006,32.131,0.861,-0.261,0.001,0.089,-0.071,0.053,0.170,0.142,18.502,0.102,18.740,18.487,18.332
-5.508,5.420,-0.001,0.989,-0.001,0.000,-0.151,0.021,0.019,42.952,0.021,34.735,41.191,32.314,0.863,-0.260,0.001,0.102,-0.081,0.055,0.035,0.054,18.453,0.033,18.764,18.509,18.419
-5.499,5.418,-0.001,0.989,-0.000,-0.000,-0.151,0.021,0.019,43.136,0.021,34.922,41.376,32.499,0.864,-0.260,0.000,0.109,-0.084,0.056,-0.027,0.015,18.392,0.004,18.785,18.527,18.515
-5.491,5.415,-0.001,0.989,0.000,-0.001,-0.150,0.021,0.019,43.320,0.021,35.110,41.561,32.685,0.865,-0.260,0.000,0.109,-0.081,0.056,-0.037,0.002,18.324,-0.008,18.803,18.542,18.613
-5.482,5.413,-0.001,0.989,0.001,-0.001,-0.150,0.020,0.019,43.503,0.021,35.298,41.747,32.871,0.865,-0.259,0.000,0.101,-0.072,0.056,-0.026,-0.001,18.256,-0.012,18.816,18.552,18.710
-5.474,5.410,-0.001,0.989,0.001,-0.001,-0.150,0.020,0.019,43.685,0.021,35.487,41.932,33.059,0.866,-0.259,0.001,0.086,-0.057,0.057,-0.013,0.001,18.193,-0.012,18.825,18.555,18.800
-5.465,5.407,-0.001,0.989,0.002,-0.002,-0.149,0.020,0.019,43.867,0.021,35.675,42.118,33.247,0.866,-0.259,0.002,0.066,-0.039,0.057,-0.004,0.002,18.140,-0.010,18.829,18.549,18.879
-5.456,5.405,-0.001,0.989,0.002,-0.002,-0.149,0.020,0.019,44.048,0.020,35.863,42.303,33.436,0.867,-0.258,0.004,0.042,-0.019,0.057,0.001,0.003,18.103,-0.009,18.827,18.535,18.944
-5.448,5.402,-0.001,0.989,0.002,-0.002,-0.149,0.020,0.019,44.229,0.020,36.051,42.489,33.626,0.867,-0.258,0.005,0.016,0.000,0.058,0.003,0.004,18.084,-0.007,18.819,18.512,18.993
-5.439,5.400,-0.001,0.989,0.002,-0.002,-0.149,0.020,0.019,44.410,0.020,36.239,42.674,33.816,0.868,-0.258,0.006,-0.008,0.017,0.059,0.003,0.005,18.083,-0.006,18.804,18.481,19.026
-5.430,5.397,-0.001,0.989,0.002,-0.002,-0.148,0.020,0.019,44.591,0.020,36.427,42.858,34.007,0.869,-0.258,0.007,-0.030,0.030,0.060,0.002,0.006,18.102,-0.005,18.781,18.445,19.044
-5.421,5.394,-0.000,0.989,0.002,-0.002,-0.148,0.020,0.020,44.772,0.020,36.615,43.042,34.197,0.870,-0.257,0.007,-0.046,0.040,0.061,0.002,0.007,18.137,-0.005,18.752,18.405,19.048
-5.413,5.392,-0.000,0.989,0.002,-0.001,-0.148,0.020,0.020,44.953,0.020,36.802,43.226,34.387,0.871,-0.257,0.007,-0.058,0.044,0.062,0.002,0.008,18.186,-0.004,18.720,18.366,19.044
-5.404,5.389,-0.000,0.989,0.001,-0.001,-0.147,0.020,0.020,45.136,0.020,36.989,43.410,34.578,0.872,-0.257,0.006,-0.063,0.044,0.063,0.002,0.008,18.241,-0.003,18.689,18.332,19.034
-5.395,5.387,-0.000,0.989,0.001,-0.001,-0.147,0.020,0.020,45.318,0.020,37.176,43.593,34.768,0.874,-0.256,0.004,-0.059,0.036,0.063,0.002,0.008,18.290,-0.003,18.664,18.311,19.027
-5.387,5.384,-0.000,0.989,0.001,-0.001,-0.147,0.020,0.020,45.501,0.020,37.363,43.776,34.958,0.875,-0.256,0.003,-0.052,0.027,0.064,0.001,0.008,18.342,-0.002,18.646,18.300,19.022
-5.378,5.382,-0.000,0.989,0.001,-0.000,-0.146,0.020,0.020,45.685,0.020,37.549,43.959,35.149,0.876,-0.256,-0.000,-0.047,0.022,0.065,0.001,0.007,18.404,-0.001,18.632,18.296,19.016
-5.369,5.379,-0.000,0.989,0.000,-0.000,-0.146,0.020,0.020,45.869,0.020,37.735,44.142,35.339,0.877,-0.255,-0.004,-0.044,0.019,0.065,0.001,0.007,18.477,-0.001,18.623,18.301,19.008
-5.360,5.377,-0.000,0.989,0.000,-0.000,-0.146,0.020,0.020,46.055,0.020,37.922,44.325,35.529,0.877,-0.255,-0.007,-0.041,0.017,0.065,0.001,0.006,18.539,0.000,18.627,18.319,19.000
-5.351,5.374,-0.000,0.989,-0.000,-0.000,-0.145,0.020,0.020,46.240,0.020,38.108,44.508,35.719,0.878,-0.254,-0.009,-0.040,0.017,0.065,0.001,0.005,18.591,0.001,18.641,18.348,18.988
-5.343,5.371,-0.001,0.989,-0.000,0.000,-0.145,0.020,0.020,46.426,0.020,38.294,44.692,35.909,0.878,-0.254,-0.011,-0.042,0.022,0.065,0.001,0.004,18.634,0.002,18.664,18.385,18.969
-5.334,5.369,-0.001,0.989,-0.000,0.000,-0.145,0.020,0.020,46.613,0.020,38.481,44.876,36.098,0.877,-0.253,-0.011,-0.045,0.027,0.065,0.001,0.004,18.670,0.003,18.695,18.426,18.938
-5.325,5.366,-0.001,0.990,-0.001,0.000,-0.145,0.020,0.020,46.800,0.020,38.668,45.061,36.287,0.877,-0.252,-0.008,-0.047,0.032,0.064,0.001,0.003,18.700,0.004,18.730,18.470,18.896
-5.316,5.364,-0.001,0.990,-0.001,0.001,-0.144,0.020,0.020,46.987,0.020,38.856,45.246,36.476,0.876,-0.251,-0.006,-0.048,0.035,0.064,0.001,0.002,18.725,0.004,18.766,18.512,18.842
-5.308,5.361,-0.001,0.990,-0.001,0.001,-0.144,0.020,0.020,47.174,0.020,39.044,45.431,36.664,0.876,-0.251,-0.004,-0.049,0.039,0.064,0.001,0.002,18.745,0.005,18.803,18.550,18.780
-5.299,5.359,-0.001,0.990,-0.001,0.001,-0.144,0.020,0.020,47.362,0.020,39.232,45.617,36.852,0.875,-0.250,-0.003,-0.049,0.041,0.064,0.000,0.001,18.766,0.005,18.839,18.585,18.715
-5.290,5.356,-0.001,0.990,-0.001,0.001,-0.143,0.020,0.020,47.550,0.020,39.420,45.803,37.038,0.875,-0.249,-0.002,-0.045,0.040,0.064,0.000,-0.000,18.787,0.004,18.873,18.615,18.650
-5.281,5.354,-0.001,0.990,-0.002,0.001,-0.143,0.020,0.020,47.737,0.020,39.609,45.989,37.225,0.875,-0.248,-0.000,-0.038,0.035,0.064,0.000,-0.001,18.811,0.004,18.906,18.642,18.592
-5.273,5.351,-0.001,0.990,-0.002,0.002,-0.143,0.020,0.020,47.926,0.020,39.799,46.175,37.410,0.875,-0.248,0.001,-0.025,0.026,0.063,-0.000,-0.002,18.835,0.003,18.936,18.666,18.547
-5.264,5.349,-0.001,0.990,-0.002,0.002,-0.142,0.020,0.020,48.114,0.020,39.988,46.362,37.596,0.876,-0.247,0.001,-0.008,0.012,0.063,-0.000,-0.003,18.856,0.002,18.963,18.688,18.517
-5.255,5.346,-0.001,0.990,-0.002,0.002,-0.142,0.020,0.020,48.303,0.020,40.178,46.549,37.781,0.877,-0.247,0.002,0.013,-0.005,0.063,-0.001,-0.004,18.871,0.001,18.987,18.707,18.507
-5.246,5.344,-0.001,0.990,-0.002,0.002,-0.142,0.020,0.020,48.492,0.020,40.368,46.736,37.966,0.878,-0.247,0.002,0.035,-0.025,0.062,-0.001,-0.004,18.873,-0.000,19.009,18.726,18.517
-5.238,5.341,-0.001,0.990,-0.002,0.001,-0.141,0.020,0.020,48.680,0.020,40.558,46.924,38.151,0.879,-0.246,0.002,0.059,-0.044,0.062,-0.001,-0.005,18.862,-0.001,19.028,18.744,18.549
-5.229,5.339,-0.001,0.990,-0.001,0.001,-0.141,0.020,0.020,48.869,0.020,40.748,47.111,38.337,0.880,-0.246,0.001,0.080,-0.062,0.061,-0.002,-0.005,18.833,-0.003,19.044,18.761,18.601
-5.220,5.337,-0.001,0.990,-0.001,0.001,-0.141,0.020,0.020,49.057,0.020,40.939,47.299,38.523,0.881,-0.246,0.001,0.097,-0.076,0.060,-0.002,-0.006,18.787,-0.004,19.058,18.778,18.669
-5.211,5.334,-0.001,0.990,-0.000,0.000,-0.140,0.020,0.020,49.244,0.020,41.130,47.487,38.710,0.882,-0.246,0.001,0.108,-0.084,0.059,-0.002,-0.005,18.726,-0.005,19.070,18.792,18.750
-5.202,5.332,-0.001,0.990,0.000,-0.000,-0.140,0.020,0.020,49.431,0.020,41.320,47.675,38.898,0.882,-0.245,0.001,0.112,-0.086,0.059,-0.002,-0.005,18.653,-0.005,19.078,18.804,18.839
-5.194,5.329,-0.001,0.990,0.001,-0.001,-0.140,0.020,0.020,49.617,0.020,41.511,47.863,39.087,0.882,-0.245,0.001,0.107,-0.081,0.058,-0.002,-0.005,18.575,-0.006,19.083,18.811,18.930
-5.185,5.327,-0.001,0.990,0.001,-0.001,-0.140,0.020,0.020,49.803,0.020,41.702,48.051,39.277,0.883,-0.245,0.001,0.096,-0.070,0.058,-0.001,-0.004,18.497,-0.006,19.084,18.813,19.017
-5.176,5.324,-0.001,0.990,0.001,-0.002,-0.139,0.020,0.020,49.987,0.020,41.893,48.239,39.467,0.883,-0.244,0.002,0.077,-0.055,0.058,-0.001,-0.003,18.425,-0.006,19.081,18.807,19.095
-5.167,5.322,-0.001,0.990,0.002,-0.002,-0.139,0.020,0.020,50.171,0.020,42.084,48.427,39.659,0.883,-0.244,0.003,0.054,-0.036,0.058,-0.001,-0.002,18.366,-0.006,19.072,18.794,19.162
-5.158,5.319,-0.001,0.990,0.002,-0.002,-0.139,0.020,0.020,50.355,0.020,42.274,48.615,39.850,0.883,-0.243,0.005,0.029,-0.017,0.058,-0.000,-0.001,18.324,-0.006,19.056,18.772,19.213
-5.149,5.317,-0.001,0.990,0.002,-0.002,-0.138,0.020,0.020,50.538,0.020,42.465,48.802,40.043,0.884,-0.243,0.006,0.003,0.002,0.059,0.000,0.001,18.302,-0.005,19.034,18.742,19.249
-5.141,5.315,-0.001,0.990,0.002,-0.002,-0.138,0.020,0.020,50.721,0.020,42.655,48.990,40.235,0.884,-0.242,0.007,-0.020,0.019,0.060,0.001,0.002,18.299,-0.004,19.003,18.704,19.268
-5.132,5.312,-0.001,0.990,0.002,-0.002,-0.138,0.020,0.020,50.904,0.020,42.845,49.176,40.428,0.885,-0.242,0.008,-0.038,0.032,0.061,0.001,0.003,18.316,-0.004,18.967,18.661,19.273
-5.123,5.310,-0.000,0.990,0.002,-0.002,-0.138,0.020,0.020,51.087,0.020,43.034,49.363,40.621,0.886,-0.242,0.007,-0.051,0.041,0.062,0.001,0.005,18.349,-0.003,18.926,18.615,19.266
-5.114,5.307,-0.000,0.991,0.001,-0.001,-0.137,0.020,0.020,51.271,0.020,43.223,49.549,40.813,0.887,-0.241,0.006,-0.059,0.046,0.063,0.001,0.006,18.394,-0.002,18.885,18.571,19.251
-5.105,5.305,-0.000,0.991,0.001,-0.001,-0.137,0.020,0.020,51.455,0.020,43.412,49.734,41.006,0.888,-0.241,0.005,-0.059,0.044,0.063,0.001,0.007,18.440,-0.002,18.850,18.534,19.235
-5.096,5.303,-0.000,0.991,0.001,-0.001,-0.137,0.020,0.020,51.640,0.020,43.600,49.920,41.198,0.889,-0.240,0.003,-0.052,0.038,0.063,0.001,0.007,18.482,-0.001,18.823,18.509,19.222
-5.087,5.300,-0.000,0.991,0.001,-0.001,-0.136,0.020,0.020,51.825,0.020,43.788,50.105,41.390,0.890,-0.240,0.001,-0.044,0.032,0.064,0.001,0.006,18.532,-0.000,18.804,18.492,19.210
-5.078,5.298,-0.000,0.991,0.000,-0.000,-0.136,0.020,0.020,52.010,0.020,43.976,50.289,41.582,0.890,-0.240,-0.002,-0.041,0.029,0.065,0.001,0.006,18.598,0.000,18.791,18.479,19.195
-5.070,5.295,-0.000,0.991,0.000,-0.000,-0.136,0.020,0.020,52.197,0.020,44.164,50.474,41.774,0.891,-0.239,-0.006,-0.038,0.027,0.065,0.001,0.005,18.665,0.001,18.788,18.478,19.179
-5.061,5.293,-0.000,0.991,0.000,-0.000,-0.135,0.020,0.020,52.384,0.020,44.352,50.659,41.966,0.891,-0.238,-0.009,-0.037,0.027,0.065,0.001,0.005,18.721,0.002,18.799,18.491,19.161
-5.052,5.291,-0.000,0.991,-0.000,0.000,-0.135,0.020,0.020,52.571,0.020,44.540,50.844,42.157,0.890,-0.238,-0.011,-0.039,0.029,0.065,0.001,0.004,18.767,0.003,18.819,18.514,19.137
-5.043,5.288,-0.001,0.991,-0.000,0.000,-0.135,0.020,0.020,52.759,0.020,44.729,51.029,42.349,0.890,-0.237,-0.011,-0.044,0.032,0.065,0.001,0.004,18.806,0.004,18.848,18.545,19.102
-5.034,5.286,-0.001,0.991,-0.000,0.000,-0.134,0.020,0.020,52.947,0.020,44.917,51.215,42.539,0.889,-0.236,-0.009,-0.048,0.035,0.065,0.001,0.003,18.839,0.005,18.882,18.580,19.056
-5.025,5.283,-0.001,0.991,-0.001,0.001,-0.134,0.020,0.020,53.136,0.020,45.106,51.401,42.730,0.888,-0.235,-0.007,-0.049,0.036,0.065,0.001,0.002,18.865,0.006,18.918,18.617,18.999
-5.016,5.281,-0.001,0.991,-0.001,0.001,-0.134,0.020,0.020,53.325,0.020,45.296,51.587,42.919,0.888,-0.234,-0.005,-0.051,0.037,0.064,0.001,0.001,18.885,0.006,18.953,18.652,18.933
-5.007,5.279,-0.001,0.991,-0.001,0.001,-0.133,0.020,0.020,53.514,0.020,45.485,51.774,43.108,0.887,-0.234,-0.004,-0.052,0.038,0.064,0.001,0.001,18.902,0.006,18.985,18.686,18.863
-4.998,5.276,-0.001,0.991,-0.001,0.001,-0.133,0.020,0.020,53.703,0.020,45.675,51.961,43.297,0.886,-0.233,-0.002,-0.051,0.037,0.064,0.000,-0.000,18.920,0.006,19.015,18.716,18.792
-4.990,5.274,-0.001,0.991,-0.002,0.001,-0.133,0.020,0.020,53.892,0.020,45.866,52.148,43.484,0.886,-0.232,-0.001,-0.045,0.032,0.064,0.000,-0.001,18.939,0.005,19.043,18.744,18.728
-4.981,5.272,-0.001,0.991,-0.002,0.002,-0.132,0.020,0.020,54.081,0.020,46.056,52.336,43.671,0.886,-0.232,-0.000,-0.034,0.024,0.064,-0.000,-0.002,18.960,0.004,19.067,18.769,18.675
