9.000,9.000,0.001,-0.707,0.000,0.000,0.707,-0.000,-0.000,0.000,-0.000,0.000,0.000,0.000,-0.000,-0.000,0.000,-0.000,-0.000,-0.000,0.000,0.000,-0.000,0.000,-0.000,-0.000,-0.000
9.000,9.000,0.001,-0.707,0.000,0.000,0.707,0.467,0.392,-0.002,0.331,-0.002,0.004,0.003,0.001,-0.031,0.003,0.002,-0.037,-0.021,65.140,53.846,-0.201,47.628,-0.163,0.646,0.561
9.000,8.999,0.001,-0.707,0.000,0.000,0.707,0.858,0.719,-0.001,0.637,0.000,0.011,0.010,0.008,-0.036,0.001,0.008,-0.016,0.051,17.677,16.127,0.450,15.500,0.622,0.694,0.878
9.000,8.999,0.001,-0.707,0.000,0.000,0.707,0.895,0.757,0.007,0.693,0.010,0.018,0.021,0.015,-0.043,0.000,0.009,-0.005,0.097,-8.217,-8.425,1.035,-3.400,1.257,0.748,1.134
9.000,8.999,0.001,-0.708,0.000,0.000,0.706,0.735,0.575,0.020,0.595,0.025,0.026,0.033,0.019,-0.052,-0.000,0.006,-0.002,0.119,-21.118,-24.991,1.543,-14.238,1.750,0.877,1.378
9.001,8.998,0.001,-0.708,0.000,0.000,0.706,0.540,0.348,0.036,0.457,0.044,0.036,0.048,0.020,-0.068,-0.001,0.001,-0.003,0.114,-15.129,-16.897,1.709,-11.440,2.018,1.159,1.670
9.001,8.997,0.001,-0.709,0.000,0.000,0.706,0.451,0.263,0.054,0.381,0.065,0.049,0.067,0.020,-0.085,-0.001,-0.002,-0.005,0.105,-3.208,-0.831,1.738,-4.268,2.201,1.505,1.989
9.001,8.996,0.001,-0.709,0.000,0.000,0.705,0.460,0.312,0.071,0.369,0.088,0.066,0.088,0.021,-0.101,-0.001,-0.001,-0.003,0.112,4.207,9.603,1.820,1.827,2.413,1.808,2.318
9.001,8.995,0.001,-0.709,0.000,0.000,0.705,0.514,0.428,0.090,0.395,0.114,0.085,0.113,0.025,-0.114,-0.001,0.002,-0.000,0.140,5.000,10.562,2.011,2.688,2.728,2.019,2.637
9.001,8.994,0.001,-0.710,0.000,0.000,0.704,0.543,0.491,0.112,0.411,0.143,0.106,0.141,0.030,-0.124,-0.001,0.004,0.002,0.175,1.313,3.052,2.331,0.722,3.088,2.166,2.932
9.002,8.993,0.001,-0.711,0.000,0.000,0.704,0.547,0.503,0.137,0.413,0.176,0.129,0.171,0.035,-0.135,-0.001,0.005,0.003,0.204,-0.427,-0.222,2.605,-0.138,3.427,2.321,3.218
9.002,8.991,0.000,-0.711,0.000,0.000,0.703,0.539,0.493,0.164,0.410,0.211,0.153,0.205,0.038,-0.147,-0.001,0.004,0.003,0.225,-0.943,-1.377,2.847,-0.427,3.740,2.494,3.495
9.003,8.990,0.000,-0.712,0.000,0.000,0.702,0.530,0.478,0.194,0.405,0.250,0.178,0.241,0.041,-0.158,-0.001,0.003,0.003,0.241,-0.860,-1.556,3.069,-0.453,4.030,2.680,3.764
9.003,8.988,0.000,-0.713,0.000,0.000,0.701,0.522,0.463,0.225,0.401,0.292,0.206,0.280,0.044,-0.169,-0.002,0.003,0.002,0.255,-0.581,-1.351,3.278,-0.378,4.302,2.872,4.024
9.003,8.986,0.000,-0.714,0.000,0.000,0.700,0.518,0.451,0.259,0.398,0.336,0.236,0.322,0.047,-0.180,-0.002,0.004,0.002,0.266,-0.311,-1.047,3.479,-0.282,4.562,3.064,4.275
9.004,8.985,0.000,-0.715,0.000,0.000,0.699,0.516,0.442,0.295,0.395,0.383,0.268,0.366,0.049,-0.191,-0.002,0.004,0.003,0.277,-0.125,-0.763,3.673,-0.199,4.813,3.252,4.518
9.004,8.983,0.000,-0.716,0.000,0.000,0.698,0.515,0.436,0.333,0.394,0.433,0.301,0.412,0.052,-0.201,-0.003,0.005,0.003,0.289,-0.026,-0.537,3.861,-0.136,5.057,3.434,4.754
9.005,8.981,0.000,-0.717,-0.000,0.000,0.697,0.515,0.431,0.372,0.392,0.484,0.336,0.461,0.055,-0.211,-0.003,0.007,0.003,0.300,0.016,-0.370,4.044,-0.092,5.294,3.609,4.982
9.005,8.978,0.000,-0.718,-0.000,0.000,0.696,0.515,0.428,0.413,0.392,0.538,0.373,0.512,0.057,-0.220,-0.004,0.008,0.004,0.311,0.027,-0.251,4.222,-0.063,5.526,3.776,5.204
9.006,8.976,0.000,-0.719,-0.000,0.000,0.695,0.516,0.426,0.457,0.391,0.595,0.412,0.565,0.060,-0.229,-0.004,0.009,0.004,0.322,0.025,-0.169,4.394,-0.043,5.752,3.936,5.420
9.007,8.974,0.000,-0.720,-0.000,0.000,0.694,0.516,0.425,0.501,0.391,0.653,0.452,0.620,0.063,-0.238,-0.005,0.010,0.004,0.334,0.018,-0.113,4.562,-0.030,5.973,4.090,5.630
9.007,8.971,0.000,-0.721,-0.000,0.000,0.693,0.516,0.424,0.548,0.390,0.714,0.493,0.677,0.066,-0.246,-0.005,0.011,0.004,0.345,0.011,-0.075,4.725,-0.021,6.189,4.238,5.833
9.008,8.969,0.000,-0.723,-0.000,0.001,0.691,0.516,0.423,0.596,0.390,0.777,0.537,0.737,0.069,-0.254,-0.006,0.012,0.004,0.356,0.006,-0.049,4.882,-0.015,6.398,4.381,6.031
9.009,8.966,0.000,-0.724,-0.000,0.001,0.690,0.516,0.423,0.645,0.390,0.842,0.581,0.798,0.072,-0.261,-0.006,0.012,0.005,0.366,0.003,-0.032,5.035,-0.012,6.603,4.519,6.223
9.009,8.964,0.000,-0.725,-0.000,0.001,0.689,0.516,0.423,0.697,0.390,0.909,0.627,0.861,0.075,-0.269,-0.007,0.012,0.005,0.377,0.001,-0.021,5.184,-0.010,6.802,4.651,6.410
9.010,8.961,-0.000,-0.726,-0.000,0.001,0.687,0.516,0.423,0.749,0.390,0.978,0.674,0.926,0.078,-0.276,-0.007,0.012,0.005,0.387,-0.000,-0.014,5.327,-0.008,6.995,4.780,6.591
9.011,8.958,-0.000,-0.728,-0.001,0.001,0.686,0.516,0.422,0.803,0.390,1.049,0.723,0.993,0.081,-0.282,-0.007,0.012,0.005,0.396,-0.001,-0.009,5.466,-0.006,7.183,4.903,6.767
9.012,8.955,-0.000,-0.729,-0.001,0.001,0.684,0.516,0.422,0.858,0.390,1.122,0.772,1.062,0.084,-0.289,-0.008,0.011,0.004,0.406,-0.001,-0.007,5.601,-0.005,7.366,5.024,6.937
9.013,8.952,-0.000,-0.731,-0.001,0.001,0.683,0.516,0.422,0.915,0.390,1.196,0.823,1.132,0.087,-0.295,-0.008,0.010,0.004,0.414,-0.001,-0.005,5.732,-0.004,7.544,5.140,7.102
9.014,8.949,-0.000,-0.732,-0.001,0.001,0.681,0.516,0.422,0.973,0.390,1.273,0.875,1.204,0.090,-0.300,-0.008,0.009,0.004,0.423,-0.001,-0.003,5.858,-0.003,7.715,5.252,7.262
9.014,8.946,-0.000,-0.733,-0.001,0.001,0.680,0.516,0.422,1.032,0.390,1.351,0.928,1.277,0.093,-0.306,-0.008,0.007,0.003,0.431,-0.000,-0.002,5.980,-0.002,7.881,5.361,7.416
9.015,8.943,-0.000,-0.735,-0.001,0.001,0.678,0.516,0.422,1.093,0.390,1.430,0.982,1.352,0.096,-0.311,-0.008,0.005,0.003,0.439,-0.000,-0.002,6.097,-0.001,8.042,5.466,7.565
9.016,8.940,-0.001,-0.736,-0.001,0.001,0.677,0.516,0.422,1.154,0.390,1.512,1.037,1.428,0.099,-0.316,-0.008,0.003,0.002,0.446,0.000,-0.001,6.211,-0.001,8.196,5.568,7.709
9.017,8.937,-0.001,-0.738,-0.001,0.001,0.675,0.516,0.422,1.217,0.390,1.594,1.093,1.506,0.102,-0.321,-0.007,0.001,0.002,0.454,0.000,-0.001,6.321,0.000,8.344,5.666,7.847
9.018,8.934,-0.001,-0.739,-0.001,0.001,0.673,0.516,0.422,1.281,0.390,1.678,1.151,1.585,0.105,-0.325,-0.007,-0.002,0.001,0.461,0.000,-0.000,6.427,0.001,8.487,5.760,7.980
9.020,8.930,-0.001,-0.741,-0.001,0.001,0.671,0.516,0.422,1.345,0.390,1.764,1.209,1.666,0.108,-0.330,-0.007,-0.004,0.001,0.467,0.000,-0.000,6.529,0.001,8.623,5.852,8.108
9.021,8.927,-0.001,-0.743,-0.001,0.001,0.670,0.516,0.422,1.411,0.390,1.851,1.268,1.747,0.111,-0.334,-0.006,-0.007,0.000,0.474,0.000,-0.000,6.627,0.002,8.754,5.940,8.230
9.022,8.924,-0.001,-0.744,-0.001,0.001,0.668,0.516,0.422,1.478,0.390,1.939,1.327,1.830,0.114,-0.337,-0.006,-0.009,-0.000,0.480,0.000,-0.000,6.722,0.002,8.879,6.025,8.348
9.023,8.920,-0.001,-0.746,-0.001,0.001,0.666,0.516,0.422,1.546,0.390,2.028,1.388,1.914,0.117,-0.341,-0.005,-0.012,-0.001,0.486,0.000,-0.000,6.814,0.003,8.998,6.107,8.460
9.024,8.917,-0.001,-0.747,-0.001,0.001,0.664,0.516,0.422,1.614,0.390,2.119,1.450,1.999,0.120,-0.344,-0.005,-0.014,-0.001,0.491,0.000,-0.001,6.901,0.003,9.112,6.187,8.567
9.025,8.914,-0.001,-0.749,-0.001,0.001,0.662,0.516,0.422,1.684,0.390,2.211,1.512,2.086,0.123,-0.348,-0.004,-0.016,-0.002,0.497,0.000,-0.001,6.986,0.003,9.221,6.263,8.670
9.027,8.910,-0.001,-0.751,-0.000,0.001,0.661,0.516,0.422,1.754,0.390,2.303,1.575,2.173,0.126,-0.351,-0.004,-0.017,-0.002,0.502,0.000,-0.001,7.067,0.003,9.325,6.337,8.768
9.028,8.907,-0.001,-0.752,-0.000,0.000,0.659,0.516,0.422,1.825,0.390,2.397,1.639,2.261,0.129,-0.354,-0.003,-0.018,-0.003,0.507,0.000,-0.001,7.146,0.003,9.424,6.409,8.861
9.029,8.903,-0.001,-0.754,-0.000,0.000,0.657,0.516,0.422,1.897,0.390,2.492,1.703,2.350,0.132,-0.356,-0.002,-0.019,-0.003,0.512,0.000,-0.001,7.221,0.003,9.519,6.478,8.951
9.030,8.899,-0.001,-0.756,-0.000,0.000,0.655,0.516,0.422,1.969,0.390,2.587,1.768,2.440,0.135,-0.359,-0.002,-0.019,-0.003,0.516,-0.000,-0.002,7.294,0.003,9.610,6.544,9.036
9.032,8.896,-0.001,-0.757,-0.000,0.000,0.653,0.516,0.422,2.043,0.390,2.684,1.834,2.531,0.138,-0.362,-0.002,-0.018,-0.003,0.521,-0.000,-0.002,7.364,0.003,9.697,6.609,9.119
9.033,8.892,-0.001,-0.759,-0.000,0.000,0.651,0.516,0.422,2.117,0.390,2.781,1.900,2.622,0.141,-0.364,-0.001,-0.017,-0.003,0.525,-0.000,-0.002,7.432,0.003,9.781,6.671,9.198
9.035,8.889,-0.001,-0.761,-0.000,0.000,0.649,0.516,0.422,2.191,0.390,2.880,1.967,2.715,0.144,-0.366,-0.001,-0.015,-0.003,0.530,-0.000,-0.002,7.497,0.002,9.862,6.731,9.274
9.036,8.885,-0.001,-0.763,0.000,0.000,0.647,0.516,0.422,2.267,0.390,2.979,2.035,2.808,0.147,-0.368,-0.001,-0.013,-0.003,0.534,-0.000,-0.002,7.559,0.002,9.940,6.790,9.348
9.038,8.881,-0.001,-0.764,0.000,0.000,0.645,0.516,0.422,2.342,0.390,3.078,2.103,2.902,0.150,-0.370,-0.000,-0.011,-0.003,0.538,-0.000,-0.002,7.620,0.001,10.017,6.846,9.419
9.039,8.877,-0.001,-0.766,0.000,0.000,0.643,0.516,0.422,2.419,0.390,3.179,2.172,2.996,0.153,-0.372,-0.000,-0.009,-0.003,0.542,-0.000,-0.002,7.679,0.001,10.091,6.900,9.489
9.041,8.874,-0.001,-0.768,0.000,0.000,0.641,0.516,0.422,2.496,0.390,3.280,2.241,3.091,0.156,-0.374,-0.000,-0.007,-0.002,0.546,-0.000,-0.002,7.735,0.001,10.163,6.953,9.556
9.042,8.870,-0.001,-0.770,0.000,0.000,0.639,0.516,0.422,2.574,0.390,3.382,2.311,3.187,0.159,-0.376,-0.000,-0.004,-0.002,0.550,-0.000,-0.002,7.790,0.000,10.234,7.003,9.622
9.044,8.866,-0.001,-0.771,0.000,0.000,0.636,0.516,0.422,2.652,0.390,3.485,2.381,3.284,0.162,-0.378,0.000,-0.002,-0.002,0.553,-0.000,-0.002,7.843,0.000,10.303,7.052,9.687
9.045,8.862,-0.001,-0.773,0.000,0.000,0.634,0.516,0.422,2.730,0.390,3.588,2.452,3.381,0.165,-0.379,0.000,-0.001,-0.002,0.557,-0.000,-0.002,7.895,0.000,10.370,7.100,9.750
9.047,8.859,-0.001,-0.775,0.000,0.000,0.632,0.516,0.422,2.810,0.390,3.692,2.523,3.479,0.169,-0.381,0.000,0.000,-0.001,0.561,-0.000,-0.001,7.945,0.000,10.435,7.146,9.812
9.049,8.855,-0.001,-0.777,0.000,0.000,0.630,0.516,0.422,2.889,0.390,3.797,2.595,3.577,0.172,-0.382,0.000,0.000,-0.001,0.564,-0.000,-0.001,7.994,0.000,10.498,7.190,9.873
9.051,8.851,-0.001,-0.778,0.000,0.000,0.628,0.516,0.422,2.970,0.390,3.902,2.667,3.676,0.175,-0.383,0.000,-0.000,-0.002,0.568,-0.000,-0.001,8.041,0.000,10.559,7.233,9.932
9.052,8.847,-0.001,-0.780,0.000,0.000,0.626,0.516,0.422,3.050,0.390,4.008,2.739,3.776,0.178,-0.385,0.001,-0.002,-0.002,0.571,0.000,-0.001,8.088,0.001,10.617,7.275,9.989
9.054,8.843,-0.001,-0.782,0.000,0.000,0.623,0.516,0.422,3.131,0.390,4.115,2.812,3.876,0.181,-0.386,0.001,-0.004,-0.002,0.575,0.000,-0.001,8.133,0.001,10.673,7.316,10.044
9.056,8.839,-0.001,-0.784,0.000,0.000,0.621,0.516,0.422,3.213,0.390,4.222,2.886,3.977,0.185,-0.387,0.001,-0.007,-0.003,0.578,0.000,-0.000,8.177,0.002,10.726,7.356,10.097
9.058,8.836,-0.001,-0.786,0.000,0.000,0.619,0.516,0.422,3.295,0.390,4.329,2.960,4.078,0.188,-0.388,0.002,-0.011,-0.003,0.581,0.000,-0.000,8.220,0.003,10.775,7.395,10.148
9.060,8.832,-0.001,-0.787,0.000,0.000,0.616,0.516,0.422,3.377,0.390,4.437,3.034,4.180,0.191,-0.389,0.002,-0.016,-0.004,0.585,0.000,-0.000,8.263,0.003,10.821,7.434,10.197
9.062,8.828,-0.001,-0.789,0.001,0.000,0.614,0.516,0.422,3.460,0.390,4.545,3.108,4.282,0.194,-0.390,0.003,-0.022,-0.004,0.588,0.001,-0.000,8.304,0.004,10.863,7.471,10.242
9.064,8.824,-0.001,-0.791,0.001,-0.000,0.612,0.516,0.422,3.543,0.390,4.654,3.183,4.385,0.198,-0.390,0.003,-0.027,-0.005,0.591,0.001,-0.000,8.345,0.004,10.901,7.509,10.284
9.066,8.820,-0.001,-0.793,0.001,-0.000,0.609,0.516,0.422,3.627,0.390,4.763,3.258,4.488,0.201,-0.391,0.004,-0.033,-0.006,0.594,0.001,-0.000,8.385,0.005,10.936,7.545,10.323
9.068,8.816,-0.001,-0.795,0.001,-0.000,0.607,0.516,0.422,3.711,0.390,4.873,3.334,4.591,0.204,-0.392,0.005,-0.039,-0.007,0.597,0.001,-0.000,8.424,0.005,10.967,7.582,10.359
9.070,8.812,-0.001,-0.796,0.001,-0.000,0.605,0.516,0.422,3.795,0.390,4.983,3.410,4.695,0.208,-0.393,0.005,-0.044,-0.007,0.600,0.001,-0.000,8.462,0.005,10.994,7.618,10.391
9.072,8.808,-0.001,-0.798,0.001,-0.000,0.602,0.516,0.422,3.880,0.391,5.093,3.486,4.799,0.211,-0.393,0.006,-0.048,-0.008,0.603,0.000,-0.001,8.499,0.005,11.019,7.653,10.420
9.074,8.804,-0.001,-0.800,0.002,-0.001,0.600,0.516,0.422,3.965,0.391,5.203,3.563,4.903,0.214,-0.394,0.007,-0.051,-0.008,0.606,0.000,-0.001,8.536,0.005,11.042,7.688,10.445
9.076,8.800,-0.001,-0.802,0.002,-0.001,0.598,0.516,0.422,4.051,0.391,5.314,3.640,5.008,0.218,-0.394,0.007,-0.053,-0.008,0.609,0.000,-0.001,8.571,0.005,11.062,7.723,10.468
9.078,8.796,-0.001,-0.804,0.002,-0.001,0.595,0.516,0.422,4.137,0.391,5.424,3.718,5.112,0.221,-0.395,0.007,-0.053,-0.008,0.611,-0.000,-0.002,8.605,0.004,11.082,7.757,10.487
9.080,8.792,-0.001,-0.806,0.002,-0.001,0.593,0.516,0.422,4.223,0.391,5.535,3.795,5.217,0.224,-0.395,0.008,-0.052,-0.008,0.614,-0.000,-0.002,8.637,0.003,11.101,7.790,10.505
9.083,8.788,-0.001,-0.807,0.002,-0.001,0.590,0.516,0.422,4.310,0.391,5.646,3.873,5.323,0.228,-0.395,0.008,-0.049,-0.008,0.616,-0.001,-0.003,8.668,0.002,11.118,7.823,10.521
9.085,8.785,-0.001,-0.809,0.003,-0.001,0.588,0.516,0.422,4.396,0.391,5.758,3.952,5.428,0.231,-0.396,0.008,-0.045,-0.009,0.618,-0.001,-0.003,8.699,0.000,11.133,7.857,10.537
9.087,8.781,-0.000,-0.811,0.003,-0.001,0.585,0.516,0.422,4.484,0.391,5.869,4.031,5.533,0.234,-0.396,0.008,-0.039,-0.009,0.620,-0.001,-0.003,8.728,-0.001,11.147,7.890,10.553
9.090,8.777,-0.000,-0.813,0.003,-0.001,0.583,0.516,0.422,4.571,0.391,5.981,4.110,5.639,0.237,-0.396,0.008,-0.031,-0.009,0.621,-0.001,-0.003,8.755,-0.003,11.162,7.923,10.570
9.092,8.773,-0.000,-0.815,0.003,-0.001,0.580,0.516,0.422,4.659,0.391,6.092,4.189,5.745,0.241,-0.397,0.008,-0.022,-0.010,0.623,-0.001,-0.004,8.781,-0.004,11.178,7.955,10.587
9.095,8.769,-0.000,-0.816,0.003,-0.001,0.578,0.516,0.422,4.747,0.391,6.204,4.269,5.851,0.244,-0.397,0.007,-0.011,-0.009,0.624,-0.002,-0.004,8.804,-0.006,11.196,7.985,10.606
9.097,8.765,-0.000,-0.818,0.003,-0.001,0.575,0.516,0.422,4.835,0.391,6.316,4.349,5.957,0.247,-0.397,0.006,0.002,-0.008,0.625,-0.002,-0.003,8.825,-0.007,11.216,8.014,10.626
9.099,8.761,-0.000,-0.820,0.003,-0.001,0.572,0.516,0.422,4.923,0.390,6.429,4.429,6.063,0.250,-0.397,0.005,0.017,-0.005,0.625,-0.002,-0.003,8.843,-0.007,11.240,8.041,10.648
9.102,8.757,-0.000,-0.822,0.003,-0.001,0.570,0.516,0.422,5.012,0.390,6.541,4.509,6.170,0.253,-0.397,0.004,0.034,-0.002,0.625,-0.001,-0.003,8.858,-0.008,11.267,8.065,10.672
9.105,8.753,-0.000,-0.824,0.003,-0.001,0.567,0.516,0.422,5.100,0.390,6.654,4.590,6.277,0.256,-0.397,0.003,0.050,0.002,0.625,-0.001,-0.002,8.872,-0.008,11.298,8.087,10.700
9.107,8.749,0.000,-0.825,0.003,-0.001,0.565,0.516,0.422,5.189,0.390,6.767,4.671,6.384,0.259,-0.397,0.002,0.065,0.004,0.626,-0.001,-0.002,8.882,-0.008,11.334,8.105,10.730
9.110,8.745,0.000,-0.827,0.002,-0.001,0.562,0.516,0.421,5.278,0.390,6.881,4.752,6.491,0.262,-0.397,0.000,0.078,0.006,0.626,-0.001,-0.001,8.891,-0.008,11.374,8.118,10.764
9.112,8.741,0.000,-0.829,0.002,-0.001,0.560,0.516,0.421,5.367,0.390,6.995,4.834,6.599,0.265,-0.396,-0.000,0.089,0.008,0.627,-0.001,-0.001,8.898,-0.007,11.417,8.128,10.801
9.115,8.737,0.000,-0.831,0.002,-0.000,0.557,0.516,0.421,5.456,0.390,7.109,4.915,6.707,0.268,-0.396,-0.001,0.097,0.008,0.628,-0.001,-0.001,8.902,-0.007,11.464,8.134,10.841
9.118,8.733,-0.000,-0.832,0.001,-0.000,0.554,0.516,0.421,5.545,0.390,7.224,4.996,6.816,0.272,-0.395,-0.002,0.103,0.008,0.629,-0.001,-0.000,8.904,-0.006,11.514,8.136,10.883
9.120,8.729,-0.000,-0.834,0.001,0.000,0.552,0.516,0.421,5.634,0.390,7.339,5.078,6.925,0.275,-0.394,-0.002,0.106,0.008,0.630,-0.000,0.000,8.905,-0.006,11.565,8.134,10.926
9.123,8.725,-0.000,-0.836,0.000,0.000,0.549,0.516,0.421,5.723,0.390,7.455,5.159,7.034,0.278,-0.393,-0.003,0.107,0.008,0.632,-0.000,0.001,8.903,-0.005,11.617,8.128,10.971
9.126,8.721,-0.000,-0.838,-0.000,0.001,0.546,0.516,0.421,5.812,0.390,7.572,5.240,7.144,0.281,-0.391,-0.003,0.105,0.007,0.633,-0.000,0.001,8.901,-0.004,11.669,8.120,11.016
9.129,8.717,-0.000,-0.839,-0.001,0.001,0.544,0.516,0.421,5.901,0.390,7.689,5.321,7.255,0.284,-0.390,-0.003,0.101,0.007,0.635,0.000,0.001,8.897,-0.003,11.720,8.108,11.060
9.132,8.713,-0.000,-0.841,-0.001,0.001,0.541,0.516,0.422,5.990,0.390,7.806,5.402,7.366,0.287,-0.388,-0.003,0.095,0.007,0.637,0.000,0.002,8.893,-0.002,11.769,8.095,11.103
9.135,8.709,-0.000,-0.843,-0.001,0.001,0.538,0.516,0.422,6.079,0.390,7.924,5.483,7.477,0.290,-0.386,-0.003,0.088,0.007,0.639,0.001,0.002,8.888,-0.001,11.816,8.079,11.145
9.137,8.706,-0.000,-0.844,-0.002,0.002,0.536,0.516,0.422,6.168,0.390,8.042,5.564,7.588,0.292,-0.385,-0.003,0.078,0.007,0.641,0.001,0.003,8.883,-0.000,11.859,8.063,11.184
9.140,8.702,-0.000,-0.846,-0.002,0.002,0.533,0.516,0.422,6.256,0.390,8.161,5.644,7.701,0.295,-0.383,-0.003,0.068,0.008,0.643,0.001,0.004,8.878,0.001,11.898,8.046,11.220
9.143,8.698,-0.000,-0.848,-0.002,0.002,0.530,0.516,0.422,6.345,0.390,8.280,5.725,7.813,0.298,-0.380,-0.003,0.056,0.009,0.645,0.001,0.004,8.875,0.002,11.932,8.029,11.253
9.146,8.694,-0.000,-0.850,-0.003,0.002,0.527,0.516,0.422,6.434,0.390,8.400,5.805,7.926,0.301,-0.378,-0.003,0.045,0.010,0.647,0.002,0.005,8.873,0.002,11.962,8.013,11.283
9.149,8.690,-0.000,-0.851,-0.003,0.002,0.525,0.516,0.422,6.523,0.390,8.519,5.885,8.039,0.304,-0.376,-0.003,0.034,0.012,0.649,0.002,0.006,8.874,0.003,11.987,7.999,11.309
9.152,8.687,-0.000,-0.853,-0.003,0.002,0.522,0.516,0.422,6.611,0.390,8.639,5.965,8.152,0.306,-0.374,-0.003,0.024,0.014,0.652,0.002,0.006,8.880,0.004,12.009,7.984,11.332
9.156,8.683,-0.000,-0.855,-0.003,0.002,0.519,0.516,0.422,6.700,0.390,8.760,6.045,8.265,0.309,-0.372,-0.003,0.015,0.016,0.654,0.002,0.006,8.891,0.004,12.029,7.971,11.352
9.159,8.679,-0.000,-0.856,-0.003,0.002,0.516,0.284,0.164,6.793,0.242,8.878,6.126,8.380,0.303,-0.389,0.010,0.047,-0.068,0.588,-40.790,-45.771,9.606,-27.238,11.666,8.322,11.481
9.161,8.675,-0.000,-0.857,-0.003,0.003,0.515,-0.120,-0.280,6.891,-0.059,8.992,6.213,8.493,0.268,-0.418,0.015,0.010,-0.105,0.302,-31.078,-34.331,9.912,-26.136,11.161,9.075,11.130
9.164,8.671,-0.000,-0.858,-0.003,0.003,0.514,-0.199,-0.415,6.990,-0.131,9.103,6.307,8.601,0.228,-0.439,0.006,-0.019,-0.043,-0.015,14.811,6.966,9.871,12.980,10.989,9.779,10.477
9.166,8.666,-0.000,-0.858,-0.003,0.003,0.514,0.094,-0.189,7.088,0.138,9.213,6.407,8.704,0.225,-0.440,-0.004,-0.011,0.023,-0.055,36.009,32.331,9.785,33.403,11.134,9.978,10.287
9.169,8.662,-0.000,-0.858,-0.003,0.003,0.514,0.350,0.084,7.186,0.386,9.325,6.505,8.809,0.256,-0.422,-0.006,-0.019,0.030,0.167,11.037,17.037,9.840,13.114,11.113,9.605,10.654
9.171,8.658,-0.000,-0.858,-0.003,0.003,0.513,0.291,0.084,7.285,0.382,9.435,6.599,8.917,0.285,-0.405,-0.005,-0.047,0.022,0.374,-20.220,-15.441,9.939,-12.439,11.062,9.157,11.058
9.174,8.654,-0.000,-0.860,-0.003,0.002,0.511,0.040,-0.129,7.385,0.194,9.546,6.689,9.029,0.289,-0.406,-0.007,-0.066,0.032,0.390,-24.221,-21.305,9.990,-20.735,11.010,9.115,11.200
9.177,8.650,-0.000,-0.860,-0.002,0.002,0.510,-0.081,-0.237,7.484,0.067,9.656,6.783,9.140,0.268,-0.423,-0.006,-0.049,0.013,0.213,1.381,0.893,9.887,-2.628,11.005,9.531,10.976
9.180,8.645,-0.000,-0.861,-0.002,0.002,0.509,0.049,-0.119,7.583,0.145,9.767,6.879,9.249,0.260,-0.429,-0.008,-0.041,0.021,0.133,20.515,19.722,9.839,15.001,11.161,9.767,10.824
9.182,8.641,-0.000,-0.861,-0.002,0.002,0.508,0.227,0.075,7.681,0.280,9.879,6.977,9.358,0.273,-0.424,-0.006,-0.038,0.007,0.214,11.597,15.506,9.833,9.188,11.262,9.701,10.985
9.185,8.637,-0.000,-0.862,-0.002,0.002,0.507,0.238,0.132,7.779,0.294,9.992,7.073,9.469,0.289,-0.418,-0.002,-0.044,-0.019,0.319,-8.439,-3.976,9.850,-6.030,11.302,9.561,11.248
9.188,8.633,-0.000,-0.863,-0.002,0.002,0.506,0.103,0.032,7.878,0.185,10.105,7.169,9.582,0.293,-0.420,-0.004,-0.047,-0.010,0.326,-15.375,-12.792,9.887,-13.352,11.300,9.614,11.373
9.191,8.629,-0.001,-0.863,-0.001,0.002,0.505,0.002,-0.054,7.977,0.084,10.218,7.266,9.695,0.283,-0.431,-0.010,-0.066,0.023,0.232,-3.133,-2.937,9.993,-5.269,11.252,9.884,11.287
9.194,8.624,-0.001,-0.864,-0.001,0.001,0.504,0.048,-0.014,8.078,0.097,10.330,7.366,9.808,0.274,-0.438,-0.014,-0.082,0.044,0.153,10.490,9.678,10.174,6.698,11.267,10.134,11.172
9.196,8.620,-0.001,-0.864,-0.001,0.001,0.503,0.158,0.097,8.181,0.175,10.443,7.468,9.920,0.280,-0.438,-0.013,-0.075,0.044,0.179,9.005,10.304,10.289,6.870,11.359,10.190,11.244
9.199,8.616,-0.001,-0.865,-0.001,0.001,0.502,0.191,0.151,8.283,0.203,10.557,7.570,10.033,0.293,-0.434,-0.010,-0.058,0.026,0.250,-2.428,-0.025,10.281,-1.457,11.508,10.146,11.436
9.202,8.611,-0.001,-0.865,-0.001,0.000,0.501,0.125,0.106,8.386,0.154,10.673,7.671,10.148,0.299,-0.436,-0.007,-0.053,0.005,0.269,-8.895,-7.381,10.294,-7.252,11.608,10.204,11.574
9.205,8.607,-0.001,-0.866,-0.000,0.000,0.500,0.055,0.044,8.490,0.090,10.789,7.774,10.264,0.294,-0.444,-0.004,-0.059,-0.009,0.213,-3.825,-3.766,10.477,-4.308,11.581,10.414,11.563
9.208,8.602,-0.001,-0.866,0.000,0.000,0.499,0.063,0.046,8.596,0.083,10.905,7.880,10.379,0.287,-0.451,-0.002,-0.060,-0.016,0.152,4.626,3.886,10.757,2.640,11.515,10.632,11.498
9.211,8.598,-0.001,-0.867,0.000,0.000,0.499,0.123,0.103,8.705,0.125,11.020,7.987,10.494,0.291,-0.452,0.000,-0.050,-0.019,0.157,5.954,6.094,10.893,4.540,11.554,10.728,11.545
9.214,8.593,-0.001,-0.867,0.001,0.000,0.498,0.156,0.143,8.813,0.153,11.136,8.094,10.610,0.301,-0.450,0.002,-0.042,-0.021,0.211,0.259,1.342,10.843,0.584,11.712,10.717,11.697
9.217,8.589,-0.001,-0.868,0.001,-0.000,0.497,0.130,0.127,8.921,0.135,11.254,8.201,10.728,0.308,-0.450,0.003,-0.047,-0.021,0.244,-4.615,-3.738,10.781,-3.496,11.860,10.729,11.831
9.220,8.584,-0.001,-0.868,0.001,-0.000,0.496,0.086,0.088,9.029,0.099,11.373,8.309,10.847,0.308,-0.454,0.005,-0.058,-0.020,0.223,-3.211,-3.131,10.868,-3.026,11.875,10.845,11.868
9.223,8.580,-0.001,-0.869,0.001,-0.000,0.495,0.078,0.078,9.139,0.087,11.491,8.418,10.965,0.305,-0.460,0.006,-0.065,-0.017,0.185,1.515,0.960,11.060,0.602,11.801,11.004,11.846
9.226,8.575,-0.001,-0.869,0.002,-0.000,0.494,0.107,0.102,9.250,0.106,11.609,8.529,11.084,0.306,-0.463,0.006,-0.063,-0.013,0.176,3.474,3.260,11.195,2.570,11.781,11.106,11.864
9.229,8.570,-0.001,-0.870,0.002,-0.000,0.493,0.132,0.128,9.363,0.126,11.727,8.640,11.203,0.313,-0.462,0.007,-0.058,-0.008,0.203,1.066,1.469,11.201,1.090,11.872,11.133,11.943
9.232,8.566,-0.001,-0.870,0.002,-0.000,0.492,0.126,0.127,9.474,0.124,11.847,8.751,11.323,0.319,-0.462,0.007,-0.058,-0.003,0.228,-1.937,-1.431,11.172,-1.271,11.991,11.149,12.027
9.236,8.561,-0.001,-0.871,0.003,-0.001,0.491,0.103,0.108,9.586,0.107,11.967,8.863,11.443,0.321,-0.465,0.007,-0.061,0.001,0.225,-2.058,-1.931,11.217,-1.746,12.037,11.215,12.065
9.239,8.557,-0.001,-0.872,0.003,-0.001,0.490,0.093,0.096,9.699,0.096,12.087,8.976,11.564,0.321,-0.468,0.007,-0.061,0.006,0.207,0.092,-0.264,11.333,-0.245,12.013,11.318,12.066
9.242,8.552,-0.001,-0.872,0.003,-0.001,0.489,0.103,0.102,9.813,0.102,12.207,9.089,11.684,0.322,-0.471,0.006,-0.056,0.010,0.198,1.571,1.326,11.445,1.061,11.998,11.406,12.073
9.245,8.547,-0.001,-0.872,0.003,-0.001,0.489,0.117,0.115,9.928,0.112,12.327,9.204,11.805,0.326,-0.472,0.006,-0.046,0.014,0.206,0.934,1.028,11.499,0.775,12.048,11.454,12.109
9.249,8.542,-0.000,-0.873,0.003,-0.001,0.488,0.119,0.119,10.043,0.115,12.448,9.318,11.927,0.330,-0.473,0.005,-0.037,0.016,0.218,-0.460,-0.191,11.524,-0.199,12.131,11.487,12.157
9.252,8.538,-0.000,-0.874,0.003,-0.001,0.487,0.110,0.113,10.158,0.109,12.570,9.433,12.048,0.333,-0.474,0.004,-0.028,0.018,0.222,-0.984,-0.812,11.566,-0.764,12.198,11.533,12.193
9.255,8.533,-0.000,-0.874,0.004,-0.002,0.486,0.103,0.107,10.274,0.103,12.692,9.549,12.170,0.335,-0.477,0.003,-0.017,0.018,0.216,-0.342,-0.367,11.637,-0.376,12.232,11.599,12.216
9.259,8.528,-0.000,-0.875,0.004,-0.002,0.485,0.104,0.107,10.391,0.102,12.814,9.665,12.293,0.337,-0.479,0.001,-0.004,0.017,0.211,0.400,0.263,11.710,0.193,12.263,11.664,12.240
9.262,8.523,-0.000,-0.875,0.003,-0.002,0.484,0.109,0.111,10.508,0.105,12.937,9.782,12.415,0.339,-0.480,0.000,0.012,0.015,0.211,0.485,0.455,11.767,0.331,12.315,11.716,12.276
9.265,8.519,-0.000,-0.876,0.003,-0.002,0.483,0.112,0.114,10.626,0.108,13.061,9.900,12.538,0.342,-0.481,-0.001,0.029,0.012,0.216,0.113,0.176,11.807,0.124,12.387,11.756,12.323
9.269,8.514,-0.000,-0.876,0.003,-0.002,0.482,0.112,0.115,10.744,0.108,13.185,10.017,12.662,0.345,-0.482,-0.002,0.045,0.009,0.219,-0.180,-0.085,11.841,-0.079,12.462,11.791,12.374
9.272,8.509,-0.000,-0.877,0.003,-0.002,0.481,0.109,0.113,10.863,0.107,13.310,10.136,12.786,0.348,-0.483,-0.003,0.061,0.005,0.220,-0.182,-0.122,11.874,-0.131,12.533,11.829,12.427
9.276,8.504,-0.000,-0.877,0.003,-0.001,0.480,0.108,0.113,10.982,0.106,13.436,10.254,12.910,0.350,-0.484,-0.003,0.076,0.001,0.220,-0.055,-0.046,11.904,-0.058,12.602,11.866,12.482
9.279,8.499,-0.000,-0.878,0.002,-0.001,0.479,0.108,0.112,11.101,0.105,13.562,10.373,13.035,0.352,-0.485,-0.003,0.090,-0.003,0.219,0.011,-0.013,11.928,-0.021,12.671,11.899,12.541
9.283,8.494,-0.000,-0.878,0.002,-0.001,0.478,0.108,0.112,11.220,0.105,13.689,10.492,13.161,0.354,-0.486,-0.004,0.102,-0.007,0.219,0.027,0.001,11.945,-0.008,12.742,11.928,12.604
9.286,8.489,-0.001,-0.879,0.001,-0.001,0.477,0.109,0.112,11.340,0.105,13.817,10.611,13.288,0.356,-0.487,-0.003,0.112,-0.011,0.219,0.021,0.006,11.955,-0.004,12.813,11.951,12.672
9.290,8.485,-0.001,-0.879,0.001,-0.000,0.476,0.109,0.112,11.460,0.105,13.945,10.731,13.415,0.358,-0.487,-0.003,0.118,-0.014,0.219,0.012,0.006,11.960,-0.003,12.883,11.968,12.742
9.294,8.480,-0.001,-0.880,0.000,-0.000,0.475,0.109,0.112,11.579,0.105,14.075,10.851,13.542,0.360,-0.488,-0.002,0.121,-0.016,0.219,0.004,0.006,11.959,-0.003,12.952,11.981,12.814
9.297,8.475,-0.001,-0.880,-0.000,0.000,0.474,0.109,0.112,11.699,0.105,14.204,10.971,13.671,0.362,-0.488,-0.001,0.121,-0.017,0.219,0.000,0.005,11.954,-0.003,13.018,11.988,12.887
9.301,8.470,-0.001,-0.881,-0.001,0.001,0.473,0.109,0.112,11.818,0.105,14.335,11.090,13.800,0.364,-0.488,-0.000,0.118,-0.016,0.220,-0.001,0.005,11.946,-0.003,13.080,11.990,12.958
9.304,8.465,-0.001,-0.881,-0.001,0.001,0.472,0.109,0.113,11.938,0.105,14.466,11.210,13.930,0.365,-0.488,0.001,0.112,-0.014,0.220,-0.001,0.004,11.936,-0.002,13.137,11.989,13.027
9.308,8.460,-0.001,-0.882,-0.002,0.001,0.471,0.109,0.113,12.057,0.105,14.598,11.330,14.061,0.367,-0.489,0.001,0.103,-0.011,0.221,-0.000,0.004,11.926,-0.002,13.190,11.983,13.093
9.312,8.455,-0.001,-0.882,-0.002,0.002,0.470,0.109,0.113,12.176,0.105,14.730,11.450,14.192,0.369,-0.489,0.002,0.092,-0.007,0.221,0.001,0.004,11.917,-0.002,13.238,11.974,13.154
9.315,8.450,-0.001,-0.883,-0.002,0.002,0.469,0.109,0.113,12.295,0.105,14.862,11.570,14.324,0.371,-0.489,0.003,0.079,-0.001,0.222,0.001,0.004,11.910,-0.001,13.282,11.964,13.210
9.319,8.446,-0.001,-0.883,-0.003,0.002,0.468,0.109,0.113,12.414,0.105,14.995,11.689,14.456,0.372,-0.489,0.003,0.065,0.004,0.223,0.001,0.004,11.907,-0.001,13.322,11.953,13.260
9.323,8.441,-0.001,-0.884,-0.003,0.002,0.468,0.109,0.113,12.533,0.105,15.129,11.809,14.589,0.374,-0.489,0.003,0.051,0.011,0.223,0.001,0.004,11.908,-0.000,13.358,11.942,13.305
9.327,8.436,-0.000,-0.885,-0.003,0.002,0.467,0.109,0.113,12.653,0.105,15.263,11.928,14.722,0.376,-0.489,0.002,0.036,0.017,0.224,0.001,0.004,11.915,-0.000,13.392,11.932,13.344
9.330,8.431,-0.000,-0.885,-0.003,0.002,0.466,0.109,0.113,12.772,0.105,15.397,12.047,14.856,0.378,-0.489,0.002,0.022,0.022,0.225,0.001,0.004,11.928,-0.000,13.424,11.925,13.377
9.334,8.426,-0.000,-0.886,-0.003,0.002,0.465,0.109,0.113,12.891,0.105,15.531,12.167,14.990,0.379,-0.489,0.001,0.008,0.026,0.226,0.001,0.004,11.947,-0.000,13.455,11.921,13.406
9.338,8.421,-0.000,-0.886,-0.003,0.002,0.464,0.109,0.113,13.011,0.105,15.666,12.286,15.124,0.381,-0.489,-0.000,-0.005,0.029,0.227,0.001,0.004,11.973,-0.000,13.486,11.921,13.431
9.342,8.416,-0.000,-0.887,-0.003,0.002,0.463,0.109,0.113,13.131,0.105,15.801,12.405,15.258,0.383,-0.489,-0.001,-0.017,0.031,0.227,0.001,0.004,12.005,-0.000,13.516,11.926,13.452
9.346,8.411,-0.000,-0.887,-0.003,0.002,0.462,0.109,0.113,13.251,0.105,15.936,12.524,15.393,0.385,-0.489,-0.003,-0.028,0.031,0.228,0.001,0.005,12.043,-0.000,13.545,11.936,13.471
9.350,8.406,-0.000,-0.888,-0.003,0.001,0.460,0.109,0.113,13.371,0.105,16.072,12.644,15.528,0.387,-0.489,-0.004,-0.037,0.029,0.229,0.001,0.005,12.086,-0.000,13.574,11.953,13.489
9.353,8.402,-0.001,-0.888,-0.003,0.001,0.459,0.109,0.113,13.493,0.105,16.208,12.763,15.663,0.388,-0.489,-0.005,-0.045,0.026,0.230,0.001,0.005,12.133,-0.001,13.602,11.975,13.505
9.357,8.397,-0.001,-0.889,-0.003,0.001,0.458,0.109,0.113,13.614,0.105,16.344,12.883,15.798,0.390,-0.489,-0.006,-0.053,0.021,0.230,0.001,0.005,12.184,-0.001,13.629,12.002,13.522
9.361,8.392,-0.001,-0.889,-0.003,0.001,0.457,0.109,0.113,13.736,0.105,16.480,13.004,15.933,0.392,-0.488,-0.006,-0.059,0.014,0.231,0.001,0.005,12.236,-0.001,13.653,12.035,13.538
9.365,8.387,-0.001,-0.890,-0.003,0.001,0.456,0.109,0.113,13.859,0.105,16.617,13.124,16.069,0.394,-0.488,-0.006,-0.064,0.007,0.231,0.001,0.005,12.289,-0.001,13.673,12.074,13.554
9.369,8.382,-0.001,-0.890,-0.002,0.000,0.455,0.109,0.113,13.982,0.105,16.754,13.245,16.204,0.395,-0.488,-0.006,-0.069,-0.001,0.232,0.001,0.005,12.342,-0.001,13.690,12.116,13.570
9.373,8.377,-0.001,-0.891,-0.002,0.000,0.454,0.109,0.113,14.106,0.105,16.891,13.366,16.340,0.397,-0.488,-0.006,-0.073,-0.009,0.232,0.001,0.005,12.392,-0.001,13.700,12.163,13.585
9.377,8.372,-0.001,-0.891,-0.002,0.000,0.453,0.109,0.113,14.230,0.105,17.028,13.488,16.476,0.399,-0.487,-0.005,-0.078,-0.017,0.233,0.001,0.005,12.440,-0.001,13.705,12.212,13.599
9.381,8.367,-0.001,-0.892,-0.001,0.000,0.452,0.109,0.113,14.354,0.105,17.165,13.611,16.612,0.400,-0.487,-0.003,-0.081,-0.024,0.233,0.001,0.004,12.484,-0.001,13.703,12.263,13.611
9.385,8.362,-0.001,-0.892,-0.001,0.000,0.451,0.109,0.113,14.480,0.105,17.302,13.734,16.748,0.402,-0.487,-0.002,-0.085,-0.029,0.233,0.001,0.004,12.524,-0.001,13.694,12.316,13.621
9.389,8.358,-0.001,-0.893,-0.000,-0.000,0.450,0.109,0.114,14.605,0.105,17.438,13.857,16.884,0.403,-0.486,-0.000,-0.088,-0.032,0.234,0.000,0.004,12.560,-0.001,13.679,12.368,13.627
9.393,8.353,-0.001,-0.893,0.000,-0.000,0.449,0.109,0.114,14.731,0.105,17.575,13.981,17.021,0.405,-0.486,0.001,-0.090,-0.033,0.234,0.000,0.004,12.591,-0.001,13.658,12.419,13.628
9.397,8.348,-0.001,-0.894,0.001,-0.000,0.448,0.109,0.114,14.857,0.105,17.712,14.105,17.157,0.407,-0.486,0.003,-0.091,-0.033,0.235,0.000,0.004,12.618,-0.001,13.632,12.468,13.625
9.401,8.343,-0.001,-0.895,0.001,-0.000,0.447,0.109,0.114,14.983,0.105,17.848,14.230,17.293,0.408,-0.485,0.004,-0.091,-0.030,0.235,0.000,0.003,12.642,-0.001,13.602,12.515,13.617
9.405,8.338,-0.001,-0.895,0.002,-0.000,0.446,0.109,0.114,15.110,0.105,17.984,14.356,17.429,0.410,-0.485,0.006,-0.090,-0.025,0.236,0.000,0.003,12.664,-0.001,13.571,12.558,13.605
9.409,8.333,-0.001,-0.896,0.002,-0.000,0.445,0.109,0.114,15.236,0.105,18.119,14.481,17.565,0.412,-0.484,0.007,-0.086,-0.019,0.236,0.000,0.003,12.684,-0.001,13.540,12.598,13.587
9.414,8.329,-0.001,-0.896,0.002,-0.001,0.444,0.109,0.114,15.363,0.105,18.254,14.608,17.701,0.413,-0.484,0.007,-0.081,-0.012,0.236,0.000,0.002,12.703,-0.000,13.510,12.634,13.567
9.418,8.324,-0.001,-0.897,0.003,-0.001,0.443,0.109,0.114,15.490,0.105,18.389,14.734,17.837,0.415,-0.484,0.007,-0.074,-0.004,0.237,0.000,0.002,12.721,-0.000,13.484,12.665,13.543
9.422,8.319,-0.001,-0.897,0.003,-0.001,0.442,0.109,0.114,15.618,0.105,18.524,14.861,17.972,0.417,-0.483,0.007,-0.065,0.004,0.237,0.000,0.002,12.740,-0.000,13.464,12.693,13.518
9.426,8.314,-0.001,-0.898,0.003,-0.001,0.441,0.109,0.114,15.745,0.105,18.659,14.988,18.107,0.418,-0.483,0.006,-0.054,0.011,0.237,0.000,0.001,12.760,0.000,13.449,12.717,13.494
9.430,8.309,-0.000,-0.898,0.004,-0.001,0.440,0.109,0.114,15.873,0.105,18.793,15.115,18.242,0.420,-0.483,0.005,-0.042,0.017,0.237,0.000,0.001,12.780,0.000,13.442,12.737,13.471
9.434,8.304,-0.000,-0.899,0.004,-0.001,0.439,0.109,0.114,16.001,0.105,18.928,15.243,18.376,0.422,-0.482,0.003,-0.028,0.022,0.238,-0.000,0.000,12.801,0.001,13.442,12.754,13.451
9.439,8.300,-0.000,-0.899,0.004,-0.001,0.437,0.109,0.114,16.129,0.105,19.062,15.370,18.511,0.424,-0.482,0.002,-0.013,0.025,0.238,-0.000,-0.000,12.823,0.001,13.451,12.769,13.436
9.443,8.295,-0.000,-0.900,0.004,-0.002,0.436,0.109,0.114,16.257,0.105,19.197,15.498,18.645,0.425,-0.481,0.000,0.002,0.026,0.238,-0.000,-0.001,12.844,0.001,13.468,12.781,13.426
9.447,8.290,-0.000,-0.900,0.004,-0.002,0.435,0.109,0.114,16.386,0.105,19.331,15.626,18.779,0.427,-0.481,-0.002,0.018,0.025,0.237,-0.000,-0.001,12.864,0.001,13.493,12.792,13.423
9.451,8.285,-0.000,-0.901,0.003,-0.002,0.434,0.109,0.114,16.515,0.105,19.467,15.754,18.914,0.428,-0.480,-0.003,0.034,0.022,0.237,-0.000,-0.002,12.881,0.001,13.525,12.800,13.428
9.456,8.280,-0.000,-0.901,0.003,-0.002,0.433,0.109,0.114,16.643,0.105,19.602,15.882,19.048,0.430,-0.480,-0.004,0.049,0.018,0.237,-0.000,-0.002,12.895,0.001,13.563,12.808,13.440
9.460,8.276,-0.001,-0.902,0.003,-0.002,0.432,0.109,0.114,16.772,0.105,19.738,16.010,19.182,0.431,-0.479,-0.006,0.063,0.012,0.237,-0.000,-0.002,12.905,0.001,13.605,12.813,13.459
9.464,8.271,-0.001,-0.902,0.003,-0.002,0.431,0.109,0.114,16.901,0.105,19.874,16.138,19.317,0.433,-0.479,-0.006,0.076,0.005,0.236,-0.000,-0.003,12.909,0.001,13.651,12.818,13.486
9.469,8.266,-0.001,-0.903,0.002,-0.001,0.430,0.109,0.114,17.031,0.105,20.011,16.266,19.452,0.434,-0.478,-0.006,0.087,-0.003,0.236,-0.000,-0.003,12.908,0.001,13.698,12.820,13.520
9.473,8.261,-0.001,-0.903,0.002,-0.001,0.429,0.109,0.114,17.160,0.105,20.148,16.395,19.588,0.435,-0.477,-0.006,0.096,-0.011,0.236,-0.000,-0.003,12.899,0.000,13.745,12.821,13.560
9.477,8.256,-0.001,-0.904,0.001,-0.001,0.428,0.109,0.114,17.289,0.105,20.286,16.523,19.723,0.437,-0.476,-0.005,0.102,-0.018,0.235,-0.000,-0.003,12.884,0.000,13.791,12.819,13.604
9.482,8.252,-0.001,-0.904,0.001,-0.001,0.427,0.109,0.114,17.417,0.105,20.424,16.651,19.860,0.438,-0.475,-0.004,0.106,-0.024,0.235,-0.000,-0.003,12.863,-0.000,13.833,12.815,13.651
9.486,8.247,-0.001,-0.905,0.000,-0.000,0.426,0.109,0.114,17.546,0.105,20.562,16.779,19.996,0.439,-0.474,-0.003,0.107,-0.029,0.235,-0.000,-0.003,12.835,-0.000,13.872,12.808,13.700
9.491,8.242,-0.001,-0.905,0.000,0.000,0.425,0.109,0.114,17.674,0.105,20.701,16.907,20.134,0.440,-0.473,-0.002,0.107,-0.031,0.234,-0.000,-0.002,12.801,-0.000,13.906,12.797,13.750
9.495,8.237,-0.001,-0.906,-0.000,0.000,0.424,0.109,0.113,17.802,0.105,20.840,17.035,20.271,0.441,-0.472,0.000,0.104,-0.032,0.234,-0.000,-0.002,12.764,-0.000,13.935,12.782,13.798
9.499,8.233,-0.001,-0.906,-0.001,0.001,0.423,0.109,0.113,17.929,0.105,20.980,17.163,20.410,0.442,-0.471,0.002,0.099,-0.030,0.234,-0.000,-0.002,12.724,-0.000,13.958,12.764,13.843
9.504,8.228,-0.001,-0.907,-0.001,0.001,0.422,0.109,0.113,18.056,0.105,21.120,17.290,20.548,0.443,-0.470,0.003,0.093,-0.026,0.234,-0.000,-0.002,12.682,-0.000,13.977,12.742,13.885
9.508,8.223,-0.001,-0.907,-0.001,0.001,0.420,0.109,0.113,18.183,0.105,21.259,17.418,20.687,0.444,-0.469,0.004,0.086,-0.020,0.234,-0.000,-0.002,12.642,-0.000,13.992,12.716,13.921
9.513,8.219,-0.001,-0.908,-0.002,0.002,0.419,0.109,0.113,18.309,0.105,21.399,17.545,20.827,0.445,-0.468,0.005,0.077,-0.012,0.234,-0.000,-0.001,12.604,-0.000,14.004,12.687,13.953
9.517,8.214,-0.001,-0.908,-0.002,0.002,0.418,0.109,0.113,18.435,0.105,21.540,17.671,20.966,0.446,-0.467,0.006,0.068,-0.004,0.235,-0.000,-0.001,12.569,-0.000,14.015,12.657,13.979
9.522,8.209,-0.001,-0.909,-0.002,0.002,0.417,-0.319,-0.221,18.565,-0.225,21.676,17.798,21.108,0.437,-0.483,0.017,-0.008,-0.058,0.177,-61.987,-50.561,13.453,-50.230,13.287,12.858,14.065
9.526,8.204,-0.000,-0.909,-0.002,0.002,0.418,-0.771,-0.602,18.702,-0.637,21.807,17.930,21.244,0.359,-0.521,0.040,-0.146,-0.088,-0.358,-21.724,-19.825,13.928,-22.707,12.984,13.528,13.104
9.529,8.199,0.000,-0.907,-0.001,0.002,0.420,-0.809,-0.670,18.843,-0.685,21.937,18.067,21.368,0.283,-0.539,0.052,-0.118,-0.100,-0.774,12.369,5.467,14.216,13.982,13.141,13.797,11.806
9.531,8.193,0.001,-0.906,-0.000,0.003,0.424,-0.574,-0.526,18.987,-0.399,22.069,18.206,21.482,0.256,-0.548,0.023,0.022,-0.033,-0.955,30.721,20.775,14.420,38.397,13.326,14.010,10.925
9.534,8.188,0.001,-0.904,-0.001,0.003,0.429,-0.302,-0.327,19.132,-0.063,22.203,18.346,21.589,0.263,-0.547,-0.024,0.176,0.130,-0.911,18.593,15.302,14.546,22.827,13.468,14.018,10.574
9.537,8.183,0.000,-0.902,-0.002,0.002,0.432,-0.286,-0.290,19.277,-0.032,22.339,18.486,21.695,0.286,-0.543,-0.042,0.235,0.195,-0.751,-14.103,-7.476,14.604,-15.601,13.387,13.897,10.796
9.540,8.177,-0.000,-0.900,-0.003,0.002,0.435,-0.472,-0.401,19.424,-0.271,22.468,18.625,21.806,0.309,-0.552,-0.019,0.128,0.060,-0.635,-18.258,-11.550,14.681,-26.036,12.672,14.005,11.366
9.543,8.171,-0.000,-0.899,-0.004,0.002,0.438,-0.580,-0.469,19.571,-0.461,22.594,18.766,21.920,0.296,-0.567,-0.010,0.035,0.021,-0.733,-3.951,-2.979,14.889,-11.015,12.455,14.267,11.337
9.546,8.166,-0.000,-0.897,-0.004,0.002,0.442,-0.573,-0.470,19.722,-0.514,22.718,18.910,22.032,0.273,-0.581,-0.009,-0.041,0.022,-0.871,4.418,2.309,15.231,-0.335,12.427,14.512,11.037
9.548,8.160,-0.000,-0.895,-0.004,0.002,0.446,-0.512,-0.433,19.876,-0.488,22.843,19.056,22.141,0.261,-0.589,-0.009,-0.081,0.023,-0.933,6.690,4.355,15.539,4.256,12.452,14.686,10.887
9.551,8.154,-0.000,-0.893,-0.003,0.001,0.450,-0.458,-0.395,20.032,-0.451,22.967,19.204,22.250,0.261,-0.594,-0.010,-0.099,0.020,-0.925,3.886,2.974,15.746,2.810,12.464,14.807,10.955
9.553,8.148,-0.001,-0.891,-0.003,0.001,0.454,-0.432,-0.373,20.190,-0.429,23.092,19.353,22.361,0.263,-0.599,-0.010,-0.109,0.013,-0.898,1.564,1.473,15.889,1.605,12.508,14.912,11.107
9.556,8.142,-0.001,-0.889,-0.002,0.001,0.458,-0.423,-0.364,20.350,-0.417,23.217,19.502,22.472,0.264,-0.603,-0.010,-0.113,0.002,-0.875,0.221,0.418,16.008,0.852,12.570,15.021,11.267
9.559,8.136,-0.001,-0.887,-0.002,0.000,0.462,-0.424,-0.363,20.511,-0.411,23.343,19.653,22.586,0.264,-0.608,-0.008,-0.111,-0.013,-0.860,-0.353,-0.146,16.119,0.430,12.637,15.140,11.403
9.561,8.130,-0.001,-0.885,-0.001,0.000,0.466,-0.429,-0.366,20.672,-0.408,23.470,19.805,22.700,0.262,-0.614,-0.006,-0.104,-0.028,-0.853,-0.460,-0.347,16.228,0.218,12.698,15.268,11.513
9.564,8.124,-0.001,-0.883,-0.001,0.000,0.470,-0.433,-0.370,20.835,-0.407,23.597,19.958,22.816,0.259,-0.619,-0.004,-0.097,-0.042,-0.852,-0.357,-0.346,16.332,0.122,12.749,15.399,11.599
9.567,8.117,-0.001,-0.881,-0.000,0.000,0.473,-0.436,-0.373,20.999,-0.406,23.725,20.113,22.932,0.255,-0.624,-0.001,-0.089,-0.051,-0.853,-0.209,-0.264,16.429,0.081,12.788,15.529,11.669
9.569,8.111,-0.001,-0.879,0.000,0.000,0.477,-0.437,-0.375,21.164,-0.405,23.853,20.269,23.049,0.251,-0.629,0.001,-0.083,-0.056,-0.856,-0.093,-0.175,16.517,0.061,12.817,15.655,11.728
9.572,8.105,-0.001,-0.877,0.001,0.000,0.481,-0.438,-0.376,21.329,-0.404,23.981,20.426,23.167,0.247,-0.634,0.003,-0.078,-0.055,-0.859,-0.026,-0.107,16.595,0.047,12.838,15.775,11.780
9.574,8.098,-0.001,-0.875,0.001,0.000,0.485,-0.438,-0.377,21.496,-0.404,24.110,20.584,23.285,0.243,-0.639,0.004,-0.074,-0.050,-0.861,0.005,-0.063,16.666,0.035,12.852,15.889,11.826
9.576,8.092,-0.001,-0.873,0.002,0.000,0.488,-0.438,-0.377,21.663,-0.404,24.238,20.744,23.403,0.238,-0.644,0.005,-0.071,-0.041,-0.864,0.015,-0.035,16.732,0.025,12.862,15.994,11.868
9.579,8.086,-0.001,-0.870,0.002,0.000,0.492,-0.438,-0.378,21.830,-0.403,24.367,20.904,23.522,0.234,-0.648,0.006,-0.069,-0.029,-0.867,0.014,-0.020,16.795,0.017,12.872,16.091,11.905
9.581,8.079,-0.001,-0.868,0.002,0.000,0.496,-0.438,-0.378,21.998,-0.403,24.496,21.066,23.641,0.229,-0.653,0.006,-0.066,-0.016,-0.870,0.010,-0.014,16.858,0.011,12.882,16.181,11.937
9.583,8.073,-0.001,-0.866,0.003,0.000,0.500,-0.437,-0.378,22.167,-0.403,24.625,21.228,23.761,0.225,-0.657,0.006,-0.063,-0.003,-0.874,0.006,-0.010,16.924,0.007,12.894,16.262,11.963
9.586,8.066,-0.001,-0.864,0.003,0.000,0.504,-0.437,-0.378,22.337,-0.403,24.754,21.391,23.881,0.220,-0.662,0.006,-0.059,0.009,-0.878,0.003,-0.009,16.994,0.004,12.910,16.337,11.985
9.588,8.059,-0.001,-0.862,0.003,-0.000,0.507,-0.437,-0.378,22.507,-0.403,24.883,21.555,24.001,0.215,-0.666,0.006,-0.054,0.019,-0.882,0.000,-0.008,17.068,0.001,12.931,16.407,12.000
9.590,8.053,-0.000,-0.859,0.003,-0.000,0.511,-0.437,-0.378,22.678,-0.403,25.012,21.719,24.121,0.210,-0.671,0.005,-0.047,0.026,-0.888,-0.001,-0.009,17.149,-0.000,12.957,16.472,12.010
9.592,8.046,-0.000,-0.857,0.003,-0.001,0.515,-0.437,-0.378,22.850,-0.403,25.142,21.884,24.241,0.204,-0.676,0.005,-0.039,0.029,-0.896,-0.002,-0.010,17.237,-0.002,12.988,16.537,12.009
9.594,8.039,-0.000,-0.855,0.003,-0.001,0.519,-0.437,-0.379,23.023,-0.403,25.272,22.050,24.361,0.197,-0.680,0.005,-0.030,0.028,-0.907,-0.004,-0.016,17.331,-0.004,13.024,16.601,12.001
9.596,8.032,-0.000,-0.852,0.003,-0.001,0.523,-0.437,-0.379,23.197,-0.403,25.402,22.216,24.481,0.190,-0.685,0.005,-0.018,0.024,-0.919,-0.006,-0.027,17.427,-0.005,13.062,16.665,11.987
9.598,8.025,-0.000,-0.850,0.003,-0.001,0.527,-0.438,-0.379,23.372,-0.403,25.533,22.383,24.601,0.183,-0.689,0.005,-0.004,0.019,-0.933,-0.008,-0.040,17.521,-0.006,13.103,16.728,11.966
9.600,8.019,-0.000,-0.848,0.003,-0.001,0.531,-0.438,-0.380,23.547,-0.403,25.664,22.551,24.720,0.175,-0.693,0.004,0.011,0.016,-0.950,-0.010,-0.054,17.612,-0.007,13.144,16.791,11.940
9.601,8.012,-0.000,-0.845,0.003,-0.001,0.535,-0.438,-0.380,23.724,-0.403,25.796,22.719,24.839,0.166,-0.698,0.004,0.027,0.014,-0.969,-0.008,-0.061,17.697,-0.007,13.188,16.853,11.910
9.603,8.005,-0.000,-0.842,0.003,-0.001,0.539,-0.438,-0.381,23.901,-0.403,25.928,22.888,24.958,0.157,-0.701,0.003,0.043,0.013,-0.989,-0.002,-0.029,17.777,-0.005,13.241,16.911,11.878
9.604,7.998,-0.000,-0.840,0.003,-0.001,0.543,-0.438,-0.381,24.079,-0.403,26.061,23.057,25.077,0.148,-0.705,0.003,0.059,0.012,-1.007,0.000,-0.012,17.843,-0.004,13.304,16.965,11.857
9.606,7.990,-0.000,-0.837,0.003,-0.001,0.547,-0.438,-0.381,24.258,-0.403,26.194,23.227,25.196,0.140,-0.709,0.003,0.076,0.009,-1.020,0.001,-0.003,17.892,-0.003,13.373,17.012,11.857
9.607,7.983,-0.000,-0.834,0.002,-0.001,0.552,-0.438,-0.381,24.437,-0.403,26.328,23.397,25.314,0.133,-0.713,0.003,0.093,0.009,-1.030,0.001,0.001,17.926,-0.002,13.442,17.050,11.877
9.609,7.976,-0.000,-0.831,0.002,-0.000,0.556,-0.438,-0.381,24.617,-0.404,26.463,23.568,25.433,0.125,-0.717,0.002,0.107,0.013,-1.038,0.001,0.003,17.950,-0.002,13.504,17.078,11.913
9.610,7.969,-0.000,-0.828,0.001,-0.000,0.560,-0.438,-0.381,24.796,-0.404,26.598,23.739,25.552,0.118,-0.721,0.001,0.119,0.022,-1.042,0.001,0.005,17.969,-0.001,13.557,17.094,11.962
9.611,7.962,-0.000,-0.825,0.001,0.000,0.565,-0.438,-0.381,24.976,-0.404,26.734,23.910,25.672,0.111,-0.724,-0.001,0.127,0.032,-1.044,0.001,0.006,17.985,-0.000,13.615,17.097,12.022
9.612,7.955,-0.000,-0.822,-0.000,0.000,0.569,-0.438,-0.381,25.156,-0.404,26.871,24.081,25.793,0.105,-0.728,-0.002,0.130,0.040,-1.043,0.001,0.008,17.998,0.001,13.685,17.088,12.097
9.613,7.947,-0.000,-0.819,-0.001,0.001,0.573,-0.438,-0.381,25.336,-0.404,27.008,24.251,25.914,0.099,-0.731,-0.004,0.128,0.046,-1.037,0.001,0.010,18.008,0.002,13.764,17.068,12.186
9.614,7.940,-0.000,-0.817,-0.001,0.001,0.577,-0.438,-0.380,25.516,-0.404,27.146,24.422,26.037,0.094,-0.734,-0.005,0.117,0.044,-1.025,0.002,0.014,18.014,0.002,13.852,17.039,12.296
9.615,7.933,-0.000,-0.814,-0.002,0.001,0.581,-0.438,-0.380,25.696,-0.403,27.285,24.592,26.160,0.090,-0.737,-0.005,0.098,0.033,-1.006,0.004,0.036,18.014,0.003,13.948,17.004,12.427
9.616,7.925,-0.000,-0.811,-0.002,0.001,0.586,-0.438,-0.380,25.876,-0.403,27.425,24.762,26.285,0.087,-0.740,-0.004,0.073,0.020,-0.987,0.007,0.061,18.016,0.005,14.041,16.971,12.558
9.617,7.918,-0.000,-0.808,-0.003,0.001,0.589,-0.438,-0.379,26.057,-0.403,27.566,24.932,26.411,0.082,-0.743,-0.005,0.047,0.010,-0.971,0.009,0.056,18.027,0.006,14.120,16.945,12.675
9.617,7.910,-0.000,-0.805,-0.003,0.001,0.593,-0.437,-0.379,26.237,-0.403,27.707,25.101,26.539,0.077,-0.745,-0.007,0.019,0.006,-0.957,0.008,0.041,18.047,0.006,14.184,16.929,12.776
9.618,7.903,-0.000,-0.802,-0.003,0.001,0.597,-0.437,-0.378,26.417,-0.403,27.850,25.270,26.667,0.072,-0.746,-0.009,-0.012,0.005,-0.948,0.004,0.023,18.081,0.005,14.233,16.930,12.857
9.619,7.895,-0.000,-0.799,-0.003,0.001,0.601,-0.437,-0.378,26.599,-0.403,27.992,25.440,26.796,0.066,-0.748,-0.011,-0.039,0.002,-0.943,0.002,0.013,18.127,0.004,14.271,16.949,12.920
9.619,7.888,-0.001,-0.796,-0.003,0.001,0.605,-0.437,-0.378,26.780,-0.403,28.135,25.609,26.925,0.060,-0.749,-0.011,-0.058,-0.003,-0.940,0.001,0.007,18.182,0.004,14.299,16.983,12.965
9.620,7.880,-0.001,-0.794,-0.002,0.001,0.608,-0.437,-0.378,26.962,-0.403,28.278,25.779,27.055,0.052,-0.750,-0.011,-0.068,-0.012,-0.939,-0.000,0.003,18.241,0.003,14.319,17.032,12.995
9.621,7.873,-0.001,-0.791,-0.002,0.001,0.612,-0.437,-0.378,27.145,-0.403,28.421,25.950,27.185,0.045,-0.750,-0.010,-0.070,-0.022,-0.941,-0.001,-0.001,18.302,0.002,14.330,17.090,13.011
9.621,7.865,-0.001,-0.788,-0.002,0.000,0.616,-0.437,-0.378,27.328,-0.403,28.565,26.121,27.315,0.037,-0.751,-0.009,-0.065,-0.033,-0.943,-0.001,-0.005,18.358,0.002,14.333,17.154,13.017
9.621,7.858,-0.001,-0.785,-0.001,0.000,0.620,-0.437,-0.378,27.512,-0.403,28.708,26.293,27.445,0.029,-0.751,-0.007,-0.060,-0.042,-0.948,-0.002,-0.009,18.410,0.001,14.327,17.224,13.013
9.622,7.850,-0.001,-0.782,-0.001,0.000,0.623,-0.437,-0.378,27.696,-0.403,28.851,26.466,27.576,0.021,-0.751,-0.005,-0.055,-0.048,-0.954,-0.002,-0.011,18.455,0.001,14.314,17.296,13.002
9.622,7.843,-0.001,-0.779,-0.001,0.000,0.627,-0.437,-0.378,27.881,-0.403,28.994,26.639,27.705,0.013,-0.751,-0.003,-0.050,-0.050,-0.959,-0.002,-0.013,18.491,0.000,14.295,17.365,12.991
9.622,7.835,-0.001,-0.776,-0.000,0.000,0.631,-0.437,-0.378,28.066,-0.403,29.137,26.813,27.835,0.005,-0.751,-0.001,-0.045,-0.048,-0.963,-0.002,-0.012,18.518,0.000,14.276,17.430,12.984
9.622,7.828,-0.001,-0.773,0.000,0.001,0.635,-0.437,-0.379,28.251,-0.403,29.280,26.988,27.965,-0.002,-0.752,0.000,-0.039,-0.042,-0.965,-0.001,-0.011,18.536,0.001,14.259,17.486,12.983
9.622,7.820,-0.001,-0.770,0.000,0.001,0.638,-0.437,-0.379,28.437,-0.403,29.422,27.163,28.095,-0.009,-0.752,0.001,-0.033,-0.035,-0.966,-0.001,-0.010,18.549,0.001,14.244,17.535,12.989
9.622,7.813,-0.001,-0.767,0.001,0.001,0.642,-0.437,-0.379,28.622,-0.403,29.565,27.338,28.225,-0.016,-0.752,0.002,-0.028,-0.028,-0.965,-0.000,-0.009,18.559,0.001,14.234,17.575,13.001
9.621,7.805,-0.001,-0.764,0.001,0.001,0.646,-0.437,-0.379,28.808,-0.403,29.707,27.514,28.355,-0.023,-0.753,0.003,-0.023,-0.023,-0.963,-0.000,-0.008,18.569,0.002,14.228,17.607,13.021
9.621,7.798,-0.001,-0.761,0.001,0.001,0.649,-0.437,-0.379,28.994,-0.403,29.849,27.690,28.485,-0.029,-0.753,0.003,-0.019,-0.021,-0.960,-0.000,-0.009,18.578,0.002,14.225,17.635,13.047
9.621,7.790,-0.001,-0.757,0.001,0.001,0.653,-0.437,-0.379,29.180,-0.403,29.991,27.867,28.616,-0.036,-0.754,0.004,-0.016,-0.022,-0.957,-0.001,-0.011,18.588,0.003,14.224,17.660,13.077
9.620,7.783,-0.001,-0.754,0.001,0.001,0.657,-0.437,-0.379,29.366,-0.403,30.134,28.044,28.747,-0.043,-0.755,0.005,-0.014,-0.026,-0.955,-0.002,-0.016,18.599,0.003,14.222,17.688,13.106
9.620,7.775,-0.001,-0.751,0.001,0.001,0.660,-0.438,-0.379,29.552,-0.403,30.276,28.221,28.878,-0.050,-0.756,0.007,-0.013,-0.033,-0.956,-0.004,-0.027,18.610,0.002,14.216,17.718,13.134
9.619,7.768,-0.001,-0.748,0.001,0.001,0.664,-0.438,-0.380,29.738,-0.403,30.418,28.398,29.010,-0.057,-0.757,0.008,-0.011,-0.041,-0.958,-0.005,-0.044,18.617,0.002,14.208,17.752,13.159
9.619,7.760,-0.001,-0.745,0.002,0.001,0.667,-0.438,-0.380,29.924,-0.403,30.560,28.576,29.141,-0.065,-0.758,0.009,-0.009,-0.049,-0.961,-0.005,-0.057,18.620,0.001,14.193,17.790,13.179
9.618,7.752,-0.001,-0.742,0.002,0.001,0.671,-0.438,-0.381,30.110,-0.403,30.702,28.754,29.273,-0.073,-0.759,0.011,-0.006,-0.055,-0.967,-0.001,-0.025,18.619,0.001,14.172,17.832,13.192
9.617,7.745,-0.001,-0.738,0.002,0.001,0.675,-0.438,-0.381,30.296,-0.403,30.843,28.932,29.405,-0.081,-0.760,0.012,-0.004,-0.057,-0.974,0.000,-0.010,18.611,0.000,14.145,17.875,13.199
9.617,7.737,-0.000,-0.735,0.002,0.002,0.678,-0.438,-0.381,30.482,-0.403,30.985,29.111,29.537,-0.090,-0.760,0.013,-0.001,-0.053,-0.982,0.000,-0.002,18.596,-0.001,14.116,17.916,13.200
9.616,7.730,-0.000,-0.732,0.002,0.002,0.682,-0.438,-0.381,30.668,-0.403,31.126,29.291,29.669,-0.098,-0.760,0.013,0.002,-0.043,-0.990,-0.000,0.001,18.576,-0.003,14.087,17.951,13.196
9.615,7.722,-0.000,-0.728,0.003,0.002,0.685,-0.438,-0.381,30.854,-0.403,31.266,29.470,29.801,-0.107,-0.761,0.012,0.006,-0.025,-0.998,-0.000,0.004,18.555,-0.004,14.061,17.976,13.185
9.613,7.714,-0.000,-0.725,0.003,0.002,0.689,-0.438,-0.381,31.039,-0.403,31.407,29.650,29.933,-0.115,-0.760,0.011,0.009,-0.001,-1.006,-0.001,0.006,18.537,-0.005,14.046,17.989,13.164
9.612,7.707,0.000,-0.721,0.002,0.002,0.693,-0.438,-0.381,31.225,-0.403,31.547,29.830,30.064,-0.124,-0.760,0.009,0.013,0.028,-1.014,-0.001,0.009,18.528,-0.006,14.037,17.988,13.135
9.611,7.699,0.000,-0.718,0.002,0.002,0.696,-0.438,-0.381,31.410,-0.403,31.688,30.010,30.195,-0.132,-0.759,0.007,0.018,0.060,-1.021,-0.000,0.011,18.530,-0.007,14.034,17.971,13.104
9.610,7.692,0.000,-0.714,0.002,0.002,0.700,-0.438,-0.381,31.595,-0.403,31.828,30.189,30.326,-0.140,-0.759,0.004,0.021,0.090,-1.024,0.000,0.021,18.544,-0.007,14.047,17.938,13.075
9.608,7.684,0.000,-0.711,0.001,0.001,0.704,-0.438,-0.380,31.781,-0.403,31.969,30.369,30.457,-0.148,-0.758,0.002,0.022,0.114,-1.025,0.003,0.055,18.571,-0.006,14.079,17.891,13.051
9.607,7.676,0.000,-0.707,0.001,0.001,0.707,-0.438,-0.379,31.967,-0.403,32.110,30.547,30.587,-0.155,-0.757,-0.000,0.020,0.130,-1.022,0.007,0.077,18.609,-0.005,14.129,17.832,13.035
9.605,7.669,0.000,-0.703,0.000,0.001,0.711,-0.438,-0.379,32.153,-0.403,32.251,30.725,30.718,-0.162,-0.757,-0.002,0.017,0.136,-1.016,0.009,0.068,18.652,-0.004,14.195,17.769,13.027
9.603,7.661,0.000,-0.700,-0.000,0.000,0.714,-0.437,-0.378,32.340,-0.403,32.394,30.903,30.848,-0.169,-0.756,-0.004,0.011,0.134,-1.010,0.009,0.059,18.700,-0.003,14.273,17.708,13.025
9.602,7.654,0.000,-0.696,-0.001,-0.000,0.718,-0.437,-0.378,32.527,-0.403,32.537,31.079,30.978,-0.175,-0.756,-0.005,0.004,0.124,-1.004,0.006,0.046,18.757,-0.002,14.354,17.653,13.024
9.600,7.646,0.000,-0.693,-0.001,-0.001,0.721,-0.437,-0.377,32.715,-0.403,32.681,31.256,31.108,-0.183,-0.755,-0.007,-0.003,0.108,-0.999,0.003,0.029,18.823,-0.001,14.431,17.608,13.021
9.598,7.639,0.000,-0.689,-0.001,-0.001,0.725,-0.437,-0.377,32.904,-0.403,32.825,31.432,31.239,-0.190,-0.753,-0.008,-0.011,0.086,-0.997,0.001,0.016,18.897,-0.000,14.498,17.577,13.013
9.596,7.631,-0.000,-0.685,-0.002,-0.001,0.728,-0.437,-0.377,33.093,-0.403,32.971,31.607,31.369,-0.198,-0.752,-0.009,-0.018,0.059,-0.996,-0.000,0.006,18.975,0.001,14.552,17.563,13.002
9.594,7.624,-0.000,-0.682,-0.002,-0.001,0.732,-0.437,-0.377,33.283,-0.403,33.116,31.783,31.499,-0.206,-0.749,-0.009,-0.023,0.029,-0.998,-0.001,-0.002,19.052,0.002,14.590,17.566,12.990
9.592,7.616,-0.000,-0.678,-0.002,-0.002,0.735,-0.437,-0.377,33.474,-0.403,33.262,31.959,31.629,-0.214,-0.747,-0.009,-0.027,-0.001,-1.001,-0.002,-0.010,19.121,0.002,14.612,17.586,12.978
9.590,7.609,-0.000,-0.674,-0.002,-0.002,0.738,-0.437,-0.377,33.665,-0.403,33.409,32.135,31.758,-0.223,-0.744,-0.009,-0.032,-0.029,-1.006,-0.004,-0.023,19.179,0.003,14.631,17.620,12.965
9.588,7.601,-0.000,-0.671,-0.001,-0.002,0.742,-0.437,-0.377,33.857,-0.403,33.555,32.311,31.888,-0.231,-0.741,-0.008,-0.036,-0.053,-1.011,-0.005,-0.034,19.224,0.003,14.643,17.665,12.951
9.585,7.594,-0.000,-0.667,-0.001,-0.002,0.745,-0.437,-0.378,34.050,-0.403,33.701,32.488,32.017,-0.240,-0.737,-0.008,-0.037,-0.068,-1.018,-0.005,-0.039,19.255,0.003,14.643,17.720,12.939
9.583,7.587,-0.001,-0.663,-0.000,-0.001,0.749,-0.437,-0.378,34.242,-0.403,33.848,32.665,32.147,-0.248,-0.733,-0.008,-0.033,-0.074,-1.024,-0.004,-0.037,19.272,0.003,14.632,17.779,12.930
9.580,7.579,-0.001,-0.659,-0.000,-0.001,0.752,-0.438,-0.378,34.435,-0.403,33.994,32.844,32.276,-0.256,-0.729,-0.008,-0.025,-0.073,-1.029,-0.002,-0.029,19.277,0.003,14.611,17.839,12.925
9.578,7.572,-0.001,-0.655,0.000,-0.001,0.755,-0.438,-0.379,34.628,-0.403,34.140,33.022,32.405,-0.264,-0.725,-0.008,-0.013,-0.066,-1.033,-0.001,-0.019,19.274,0.003,14.586,17.895,12.928
9.575,7.565,-0.001,-0.651,0.000,-0.001,0.759,-0.438,-0.379,34.821,-0.403,34.286,33.201,32.534,-0.272,-0.721,-0.008,0.001,-0.055,-1.035,-0.000,-0.014,19.265,0.002,14.559,17.943,12.939
9.572,7.558,-0.001,-0.647,0.001,-0.001,0.762,-0.438,-0.379,35.013,-0.403,34.431,33.381,32.664,-0.279,-0.718,-0.007,0.015,-0.045,-1.034,-0.000,-0.011,19.251,0.002,14.535,17.983,12.963
9.569,7.550,-0.001,-0.643,0.001,-0.001,0.765,-0.438,-0.379,35.206,-0.403,34.577,33.561,32.794,-0.285,-0.715,-0.006,0.028,-0.038,-1.031,-0.001,-0.010,19.229,0.001,14.520,18.014,12.997
9.566,7.543,-0.001,-0.640,0.001,-0.000,0.769,-0.438,-0.379,35.398,-0.403,34.722,33.741,32.924,-0.292,-0.712,-0.004,0.038,-0.033,-1.028,-0.001,-0.012,19.204,0.000,14.513,18.037,13.039
9.563,7.536,-0.001,-0.636,0.001,-0.000,0.772,-0.438,-0.379,35.590,-0.403,34.867,33.922,33.055,-0.299,-0.709,-0.002,0.045,-0.032,-1.025,-0.003,-0.019,19.179,-0.001,14.516,18.054,13.082
9.560,7.529,-0.001,-0.632,0.001,0.000,0.775,-0.438,-0.380,35.781,-0.403,35.012,34.102,33.186,-0.306,-0.706,0.000,0.047,-0.033,-1.025,-0.005,-0.032,19.155,-0.001,14.524,18.068,13.119
9.557,7.522,-0.001,-0.628,0.001,0.000,0.779,-0.438,-0.380,35.973,-0.403,35.157,34.283,33.317,-0.314,-0.704,0.003,0.045,-0.036,-1.027,-0.007,-0.056,19.135,-0.001,14.536,18.081,13.146
9.554,7.515,-0.001,-0.624,0.001,0.001,0.782,-0.438,-0.380,36.164,-0.403,35.303,34.464,33.448,-0.322,-0.700,0.005,0.039,-0.041,-1.033,-0.003,-0.033,19.120,-0.001,14.549,18.097,13.160
9.551,7.508,-0.001,-0.620,0.001,0.001,0.785,-0.209,-0.240,36.353,-0.155,35.449,34.643,33.578,-0.318,-0.684,0.012,0.017,-0.077,-1.010,39.690,26.196,18.601,43.357,14.593,17.705,12.860
9.548,7.501,-0.001,-0.616,0.001,0.001,0.788,0.169,0.049,36.533,0.255,35.593,34.816,33.709,-0.257,-0.695,0.021,0.059,-0.120,-0.609,27.681,24.684,17.341,30.861,14.338,16.854,13.502
9.546,7.494,-0.000,-0.615,0.001,0.002,0.789,0.229,0.115,36.700,0.375,35.735,34.979,33.848,-0.181,-0.698,0.028,0.120,-0.114,-0.120,-14.815,-12.294,16.106,-6.234,13.934,15.679,14.249
9.544,7.487,-0.000,-0.615,0.001,0.003,0.789,-0.047,-0.134,36.856,0.177,35.872,35.131,33.993,-0.162,-0.690,0.009,0.048,-0.024,0.029,-33.359,-30.748,15.180,-28.294,13.592,14.883,14.508
9.542,7.480,-0.000,-0.615,0.001,0.003,0.789,-0.278,-0.357,37.006,-0.056,36.006,35.279,34.135,-0.199,-0.662,0.002,-0.018,-0.006,-0.208,-9.165,-10.796,14.729,-13.491,13.254,14.779,13.836
9.540,7.474,-0.000,-0.613,0.001,0.003,0.790,-0.209,-0.332,37.152,-0.035,36.137,35.427,34.268,-0.237,-0.629,0.000,-0.009,-0.003,-0.470,20.237,13.934,14.455,15.692,12.892,14.809,12.890
9.538,7.468,-0.000,-0.611,0.002,0.003,0.791,0.028,-0.140,37.294,0.163,36.264,35.574,34.396,-0.224,-0.620,0.007,-0.017,-0.048,-0.402,21.659,20.199,13.968,18.692,12.495,14.474,12.684
9.536,7.462,-0.000,-0.610,0.002,0.003,0.792,0.126,-0.023,37.430,0.252,36.388,35.715,34.523,-0.185,-0.613,0.005,-0.022,-0.026,-0.167,-2.926,1.504,13.358,-1.776,12.287,13.714,12.807
9.534,7.456,-0.000,-0.610,0.002,0.003,0.792,-0.005,-0.104,37.562,0.139,36.510,35.849,34.651,-0.163,-0.601,0.004,-0.029,-0.011,-0.042,-19.396,-14.542,12.935,-17.798,12.170,13.062,12.757
9.532,7.450,-0.000,-0.610,0.002,0.003,0.793,-0.166,-0.229,37.689,-0.029,36.631,35.978,34.777,-0.172,-0.585,0.003,-0.011,0.001,-0.110,-9.632,-7.796,12.600,-12.626,11.874,12.843,12.388
9.531,7.444,-0.000,-0.609,0.002,0.003,0.793,-0.162,-0.229,37.814,-0.064,36.747,36.106,34.899,-0.187,-0.568,-0.001,0.013,0.033,-0.221,9.268,7.213,12.320,5.127,11.442,12.778,11.908
9.529,7.438,-0.000,-0.608,0.002,0.003,0.794,-0.030,-0.116,37.936,0.033,36.860,36.233,35.016,-0.183,-0.558,-0.004,0.022,0.060,-0.208,13.957,13.039,12.002,11.313,11.159,12.531,11.672
9.527,7.433,-0.000,-0.607,0.001,0.003,0.794,0.052,-0.024,38.054,0.103,36.971,36.356,35.133,-0.160,-0.551,-0.001,0.015,0.047,-0.080,1.310,3.860,11.641,1.396,11.189,12.017,11.656
9.526,7.427,-0.000,-0.607,0.001,0.003,0.794,-0.003,-0.048,38.169,0.056,37.084,36.473,35.249,-0.144,-0.541,0.003,0.007,0.026,0.007,-10.437,-7.122,11.346,-9.314,11.270,11.531,11.586
9.524,7.422,-0.000,-0.607,0.001,0.003,0.794,-0.104,-0.123,38.281,-0.043,37.196,36.587,35.364,-0.147,-0.530,0.003,-0.004,0.031,-0.019,-7.537,-6.016,11.128,-8.539,11.090,11.307,11.348
9.523,7.417,-0.000,-0.607,0.001,0.002,0.795,-0.123,-0.141,38.392,-0.080,37.305,36.700,35.476,-0.158,-0.519,-0.000,-0.031,0.050,-0.098,3.459,2.452,10.993,1.177,10.678,11.252,11.014
9.521,7.411,-0.000,-0.607,0.001,0.002,0.795,-0.055,-0.086,38.501,-0.033,37.410,36.812,35.585,-0.158,-0.510,-0.002,-0.038,0.066,-0.116,8.266,7.221,10.836,6.660,10.375,11.113,10.779
9.520,7.406,-0.000,-0.606,0.001,0.002,0.795,0.003,-0.028,38.608,0.017,37.513,36.922,35.692,-0.148,-0.503,-0.003,-0.028,0.070,-0.067,2.436,3.314,10.633,2.403,10.311,10.820,10.655
9.518,7.401,-0.000,-0.606,0.001,0.001,0.795,-0.014,-0.031,38.713,0.005,37.616,37.029,35.798,-0.141,-0.495,-0.002,-0.022,0.067,-0.030,-5.060,-3.280,10.462,-4.258,10.300,10.525,10.518
9.517,7.397,-0.000,-0.606,0.000,0.001,0.795,-0.072,-0.073,38.818,-0.048,37.719,37.133,35.902,-0.142,-0.486,-0.002,-0.029,0.064,-0.048,-5.080,-4.123,10.350,-5.187,10.146,10.357,10.305
9.515,7.392,-0.000,-0.606,0.000,0.001,0.796,-0.094,-0.095,38.921,-0.077,37.819,37.236,36.004,-0.147,-0.477,-0.003,-0.035,0.064,-0.088,0.755,0.009,10.275,-0.312,9.870,10.270,10.061
9.514,7.387,-0.000,-0.605,0.000,0.000,0.796,-0.063,-0.074,39.023,-0.057,37.916,37.338,36.103,-0.147,-0.470,-0.003,-0.029,0.061,-0.100,4.410,3.510,10.180,3.506,9.644,10.151,9.867
9.512,7.382,-0.000,-0.605,-0.000,0.000,0.796,-0.027,-0.041,39.124,-0.026,38.012,37.439,36.201,-0.142,-0.464,-0.003,-0.020,0.057,-0.082,2.193,2.320,10.036,2.115,9.548,9.968,9.727
9.511,7.378,-0.000,-0.605,-0.000,-0.000,0.796,-0.028,-0.036,39.224,-0.024,38.107,37.537,36.298,-0.138,-0.457,-0.003,-0.017,0.054,-0.064,-2.000,-1.125,9.883,-1.489,9.499,9.778,9.594
9.510,7.373,-0.000,-0.604,-0.000,-0.000,0.797,-0.056,-0.056,39.322,-0.048,38.202,37.634,36.393,-0.137,-0.450,-0.003,-0.020,0.051,-0.068,-2.976,-2.347,9.767,-2.794,9.397,9.635,9.433
9.508,7.369,-0.000,-0.604,-0.001,-0.001,0.797,-0.074,-0.072,39.419,-0.067,38.295,37.730,36.486,-0.138,-0.443,-0.002,-0.023,0.047,-0.084,-0.402,-0.588,9.692,-0.799,9.233,9.530,9.257
9.507,7.364,-0.000,-0.604,-0.001,-0.001,0.797,-0.064,-0.066,39.516,-0.062,38.387,37.825,36.578,-0.138,-0.437,-0.002,-0.022,0.043,-0.091,2.041,1.524,9.615,1.549,9.076,9.421,9.099
9.505,7.360,-0.000,-0.603,-0.001,-0.001,0.797,-0.043,-0.050,39.611,-0.045,38.477,37.919,36.669,-0.135,-0.432,-0.002,-0.019,0.039,-0.083,1.579,1.481,9.502,1.478,8.974,9.289,8.970
9.504,7.356,-0.000,-0.603,-0.001,-0.001,0.798,-0.038,-0.043,39.706,-0.038,38.566,38.011,36.758,-0.132,-0.426,-0.002,-0.018,0.035,-0.073,-0.485,-0.108,9.366,-0.149,8.905,9.152,8.856
9.503,7.351,-0.000,-0.603,-0.001,-0.001,0.798,-0.050,-0.050,39.799,-0.046,38.655,38.102,36.846,-0.131,-0.421,-0.002,-0.020,0.031,-0.070,-1.480,-1.098,9.245,-1.237,8.822,9.034,8.734
9.501,7.347,-0.000,-0.603,-0.001,-0.002,0.798,-0.061,-0.059,39.891,-0.057,38.743,38.192,36.932,-0.130,-0.415,-0.002,-0.022,0.026,-0.075,-0.589,-0.602,9.155,-0.680,8.712,8.934,8.600
9.500,7.343,-0.000,-0.602,-0.001,-0.002,0.798,-0.060,-0.060,39.982,-0.058,38.829,38.280,37.018,-0.130,-0.409,-0.002,-0.022,0.022,-0.080,0.612,0.318,9.074,0.361,8.596,8.838,8.468
9.499,7.339,-0.000,-0.602,-0.001,-0.002,0.799,-0.052,-0.054,40.072,-0.052,38.914,38.368,37.102,-0.128,-0.404,-0.002,-0.021,0.018,-0.079,0.806,0.660,8.980,0.658,8.497,8.738,8.350
9.498,7.335,-0.000,-0.602,-0.001,-0.002,0.799,-0.047,-0.050,40.161,-0.047,38.999,38.455,37.185,-0.127,-0.400,-0.003,-0.020,0.013,-0.074,0.165,0.248,8.869,0.227,8.413,8.636,8.247
9.496,7.331,-0.000,-0.601,-0.001,-0.002,0.799,-0.049,-0.050,40.249,-0.048,39.083,38.541,37.267,-0.125,-0.395,-0.003,-0.019,0.009,-0.071,-0.409,-0.224,8.758,-0.289,8.331,8.539,8.147
9.495,7.327,-0.001,-0.601,-0.001,-0.002,0.799,-0.053,-0.053,40.337,-0.052,39.166,38.626,37.348,-0.124,-0.390,-0.003,-0.018,0.005,-0.070,-0.369,-0.257,8.660,-0.345,8.242,8.449,8.045
9.494,7.323,-0.001,-0.601,-0.001,-0.002,0.799,-0.055,-0.054,40.423,-0.054,39.248,38.710,37.428,-0.123,-0.385,-0.003,-0.017,0.001,-0.071,-0.061,-0.077,8.572,-0.123,8.151,8.366,7.943
9.493,7.319,-0.001,-0.600,-0.001,-0.002,0.800,-0.054,-0.054,40.508,-0.054,39.329,38.793,37.506,-0.122,-0.381,-0.003,-0.016,-0.002,-0.072,0.147,0.083,8.485,0.056,8.062,8.284,7.846
9.491,7.316,-0.001,-0.600,-0.001,-0.002,0.800,-0.053,-0.053,40.592,-0.053,39.409,38.876,37.585,-0.121,-0.376,-0.003,-0.014,-0.005,-0.071,0.131,0.101,8.396,0.070,7.977,8.204,7.756
9.490,7.312,-0.001,-0.600,-0.001,-0.002,0.800,-0.052,-0.052,40.676,-0.053,39.488,38.957,37.662,-0.120,-0.372,-0.003,-0.012,-0.008,-0.070,0.042,0.045,8.306,0.026,7.896,8.126,7.672
9.489,7.308,-0.001,-0.600,-0.001,-0.002,0.800,-0.052,-0.052,40.759,-0.053,39.567,39.038,37.738,-0.119,-0.368,-0.003,-0.010,-0.010,-0.069,-0.004,0.017,8.219,0.007,7.817,8.049,7.592
9.488,7.305,-0.001,-0.599,-0.001,-0.002,0.800,-0.052,-0.052,40.840,-0.053,39.645,39.118,37.813,-0.118,-0.364,-0.003,-0.008,-0.012,-0.068,-0.019,0.007,8.135,-0.001,7.739,7.976,7.516
9.487,7.301,-0.001,-0.599,-0.001,-0.002,0.801,-0.052,-0.052,40.921,-0.053,39.722,39.198,37.888,-0.117,-0.360,-0.003,-0.006,-0.014,-0.067,-0.016,0.003,8.053,-0.003,7.663,7.904,7.443
9.485,7.297,-0.001,-0.599,-0.000,-0.002,0.801,-0.052,-0.052,41.001,-0.053,39.798,39.276,37.962,-0.116,-0.357,-0.003,-0.003,-0.015,-0.066,-0.009,0.003,7.974,-0.004,7.589,7.835,7.374
9.484,7.294,-0.001,-0.599,-0.000,-0.002,0.801,-0.052,-0.052,41.081,-0.053,39.873,39.354,38.036,-0.115,-0.353,-0.003,-0.001,-0.016,-0.066,-0.002,0.003,7.897,-0.003,7.517,7.768,7.308
9.483,7.290,-0.001,-0.598,-0.000,-0.002,0.801,-0.052,-0.052,41.159,-0.053,39.948,39.432,38.109,-0.114,-0.350,-0.003,0.002,-0.017,-0.065,0.001,0.003,7.823,-0.003,7.447,7.703,7.245
9.482,7.287,-0.001,-0.598,-0.000,-0.002,0.801,-0.052,-0.052,41.237,-0.053,40.022,39.509,38.181,-0.113,-0.346,-0.003,0.004,-0.017,-0.064,0.002,0.002,7.751,-0.003,7.379,7.639,7.186
9.481,7.283,-0.001,-0.598,-0.000,-0.002,0.802,-0.052,-0.052,41.314,-0.053,40.096,39.585,38.252,-0.112,-0.343,-0.003,0.007,-0.018,-0.064,0.001,0.002,7.680,-0.003,7.314,7.578,7.129
9.480,7.280,-0.001,-0.598,-0.000,-0.002,0.802,-0.052,-0.052,41.391,-0.053,40.169,39.660,38.323,-0.112,-0.340,-0.003,0.009,-0.018,-0.063,0.001,0.002,7.612,-0.003,7.250,7.517,7.074
9.479,7.277,-0.001,-0.597,-0.000,-0.002,0.802,-0.052,-0.052,41.467,-0.053,40.241,39.735,38.394,-0.111,-0.337,-0.003,0.012,-0.019,-0.062,-0.000,0.002,7.545,-0.003,7.188,7.458,7.023
9.478,7.273,-0.001,-0.597,-0.000,-0.002,0.802,-0.052,-0.052,41.542,-0.053,40.312,39.809,38.464,-0.110,-0.334,-0.002,0.014,-0.019,-0.062,-0.000,0.001,7.480,-0.002,7.129,7.401,6.973
9.476,7.270,-0.001,-0.597,-0.000,-0.002,0.802,-0.052,-0.052,41.616,-0.053,40.383,39.883,38.533,-0.109,-0.331,-0.002,0.016,-0.019,-0.061,-0.000,0.001,7.417,-0.002,7.071,7.344,6.925
9.475,7.267,-0.001,-0.597,-0.000,-0.002,0.803,-0.052,-0.052,41.690,-0.053,40.454,39.956,38.602,-0.109,-0.328,-0.002,0.018,-0.019,-0.061,-0.000,0.001,7.355,-0.002,7.015,7.289,6.880
9.474,7.263,-0.001,-0.596,-0.000,-0.001,0.803,-0.052,-0.052,41.763,-0.053,40.524,40.029,38.671,-0.108,-0.326,-0.002,0.020,-0.020,-0.060,-0.000,0.001,7.294,-0.002,6.961,7.236,6.836
9.473,7.260,-0.001,-0.596,0.000,-0.001,0.803,-0.052,-0.052,41.836,-0.053,40.593,40.101,38.739,-0.107,-0.323,-0.001,0.021,-0.020,-0.060,-0.000,0.001,7.234,-0.002,6.908,7.183,6.794
9.472,7.257,-0.001,-0.596,0.000,-0.001,0.803,-0.052,-0.052,41.908,-0.053,40.662,40.172,38.807,-0.107,-0.321,-0.001,0.023,-0.020,-0.059,-0.000,0.001,7.176,-0.002,6.857,7.131,6.753
9.471,7.254,-0.001,-0.596,0.000,-0.001,0.803,-0.052,-0.052,41.979,-0.053,40.730,40.244,38.874,-0.106,-0.318,-0.001,0.024,-0.020,-0.059,-0.000,0.001,7.119,-0.002,6.808,7.081,6.714
9.470,7.250,-0.001,-0.595,0.000,-0.001,0.803,-0.052,-0.052,42.050,-0.053,40.798,40.314,38.941,-0.106,-0.316,-0.001,0.025,-0.020,-0.059,-0.000,0.001,7.063,-0.002,6.760,7.032,6.675
9.469,7.247,-0.001,-0.595,0.000,-0.001,0.804,-0.052,-0.052,42.121,-0.053,40.865,40.384,39.008,-0.105,-0.313,-0.001,0.026,-0.020,-0.058,-0.000,0.001,7.007,-0.002,6.714,6.984,6.639
9.468,7.244,-0.001,-0.595,0.000,-0.001,0.804,-0.052,-0.052,42.190,-0.053,40.932,40.454,39.074,-0.105,-0.311,-0.000,0.026,-0.020,-0.058,-0.000,0.001,6.953,-0.002,6.669,6.938,6.603
9.467,7.241,-0.001,-0.595,0.000,-0.000,0.804,-0.052,-0.052,42.260,-0.053,40.999,40.523,39.140,-0.104,-0.309,-0.000,0.027,-0.020,-0.057,-0.000,0.001,6.900,-0.002,6.626,6.892,6.568
9.466,7.238,-0.001,-0.594,0.000,-0.000,0.804,-0.052,-0.052,42.328,-0.053,41.065,40.592,39.205,-0.103,-0.307,0.000,0.027,-0.020,-0.057,-0.000,0.001,6.848,-0.002,6.583,6.848,6.534
9.465,7.235,-0.001,-0.594,0.000,-0.000,0.804,-0.052,-0.052,42.397,-0.053,41.130,40.660,39.270,-0.103,-0.305,0.000,0.027,-0.020,-0.057,-0.000,0.001,6.796,-0.002,6.542,6.805,6.501
9.464,7.232,-0.001,-0.594,0.000,0.000,0.805,-0.052,-0.052,42.464,-0.053,41.196,40.728,39.335,-0.103,-0.303,0.000,0.027,-0.020,-0.056,-0.000,0.001,6.746,-0.001,6.502,6.763,6.468
9.463,7.229,-0.001,-0.594,0.000,0.000,0.805,-0.052,-0.052,42.532,-0.053,41.260,40.795,39.400,-0.102,-0.301,0.001,0.026,-0.020,-0.056,-0.000,0.001,6.696,-0.001,6.463,6.722,6.437
9.462,7.226,-0.001,-0.593,0.000,0.000,0.805,-0.052,-0.052,42.598,-0.053,41.325,40.862,39.464,-0.102,-0.299,0.001,0.026,-0.020,-0.056,-0.000,0.001,6.648,-0.001,6.426,6.683,6.405
9.461,7.223,-0.001,-0.593,0.000,0.001,0.805,-0.052,-0.052,42.665,-0.053,41.389,40.929,39.528,-0.101,-0.298,0.001,0.025,-0.020,-0.055,0.000,0.001,6.600,-0.001,6.389,6.644,6.375
9.460,7.220,-0.001,-0.593,0.000,0.001,0.805,-0.052,-0.052,42.730,-0.053,41.453,40.995,39.591,-0.101,-0.296,0.001,0.024,-0.020,-0.055,0.000,0.001,6.553,-0.001,6.352,6.607,6.345
9.459,7.217,-0.001,-0.593,0.000,0.001,0.805,-0.052,-0.052,42.796,-0.053,41.516,41.061,39.655,-0.100,-0.294,0.001,0.023,-0.019,-0.055,0.000,0.001,6.508,-0.001,6.317,6.570,6.315
9.458,7.214,-0.001,-0.593,0.000,0.001,0.805,-0.052,-0.052,42.861,-0.053,41.579,41.126,39.718,-0.100,-0.293,0.002,0.022,-0.019,-0.054,0.000,0.001,6.463,-0.001,6.282,6.535,6.286
9.457,7.211,-0.001,-0.592,0.000,0.001,0.806,-0.052,-0.052,42.925,-0.053,41.642,41.192,39.780,-0.100,-0.291,0.002,0.020,-0.019,-0.054,0.000,0.001,6.420,-0.001,6.248,6.501,6.258
9.456,7.208,-0.001,-0.592,0.000,0.001,0.806,-0.052,-0.052,42.989,-0.053,41.704,41.256,39.843,-0.099,-0.289,0.002,0.019,-0.019,-0.054,0.000,0.001,6.378,-0.001,6.215,6.467,6.230
9.455,7.205,-0.001,-0.592,0.000,0.001,0.806,-0.052,-0.052,43.052,-0.053,41.766,41.321,39.905,-0.099,-0.288,0.002,0.017,-0.018,-0.054,0.000,0.001,6.337,-0.001,6.183,6.435,6.202
9.454,7.202,-0.001,-0.592,0.000,0.002,0.806,-0.052,-0.052,43.116,-0.053,41.828,41.385,39.967,-0.099,-0.286,0.002,0.016,-0.018,-0.053,0.000,0.001,6.297,-0.001,6.151,6.403,6.175
9.453,7.200,-0.001,-0.592,0.000,0.002,0.806,-0.052,-0.052,43.178,-0.053,41.889,41.449,40.029,-0.098,-0.285,0.002,0.014,-0.017,-0.053,0.000,0.001,6.259,-0.001,6.119,6.372,6.149
9.452,7.197,-0.001,-0.591,0.000,0.002,0.806,-0.052,-0.052,43.241,-0.053,41.950,41.513,40.090,-0.098,-0.284,0.002,0.012,-0.017,-0.053,0.000,0.001,6.222,-0.001,6.089,6.343,6.123
9.451,7.194,-0.001,-0.591,0.000,0.002,0.807,-0.052,-0.052,43.303,-0.053,42.011,41.576,40.151,-0.098,-0.282,0.002,0.011,-0.016,-0.053,0.000,0.001,6.187,-0.001,6.058,6.314,6.098
9.450,7.191,-0.001,-0.591,0.000,0.002,0.807,-0.052,-0.052,43.365,-0.053,42.071,41.639,40.212,-0.098,-0.281,0.003,0.009,-0.015,-0.052,0.000,0.001,6.152,-0.001,6.029,6.286,6.073
9.449,7.188,-0.001,-0.591,0.000,0.002,0.807,-0.052,-0.052,43.426,-0.053,42.131,41.702,40.272,-0.097,-0.280,0.003,0.008,-0.014,-0.052,0.000,0.001,6.120,-0.000,6.000,6.259,6.049
9.448,7.186,-0.001,-0.590,0.000,0.002,0.807,-0.052,-0.052,43.487,-0.053,42.191,41.764,40.333,-0.097,-0.279,0.003,0.006,-0.014,-0.052,0.000,0.001,6.089,-0.000,5.972,6.232,6.025
9.447,7.183,-0.001,-0.590,0.000,0.002,0.807,-0.052,-0.052,43.548,-0.053,42.251,41.826,40.393,-0.097,-0.278,0.003,0.005,-0.013,-0.052,0.000,0.001,6.059,-0.000,5.944,6.207,6.002
9.446,7.180,-0.001,-0.590,0.000,0.002,0.807,-0.052,-0.052,43.608,-0.053,42.310,41.888,40.453,-0.097,-0.277,0.003,0.003,-0.012,-0.052,0.000,0.001,6.031,-0.000,5.917,6.182,5.980
9.445,7.177,-0.001,-0.590,0.000,0.002,0.808,-0.052,-0.052,43.668,-0.053,42.369,41.950,40.513,-0.096,-0.276,0.003,0.002,-0.011,-0.052,0.000,0.001,6.004,-0.000,5.890,6.158,5.958
9.444,7.174,-0.001,-0.590,0.000,0.002,0.808,-0.052,-0.052,43.728,-0.053,42.428,42.011,40.572,-0.096,-0.275,0.003,0.001,-0.009,-0.051,0.000,0.001,5.979,-0.000,5.864,6.134,5.937
9.443,7.172,-0.001,-0.589,0.001,0.002,0.808,-0.052,-0.052,43.788,-0.053,42.486,42.073,40.631,-0.096,-0.274,0.003,-0.001,-0.008,-0.051,0.000,0.001,5.955,-0.000,5.839,6.111,5.917
9.442,7.169,-0.001,-0.589,0.001,0.002,0.808,-0.052,-0.052,43.847,-0.053,42.545,42.134,40.690,-0.096,-0.273,0.003,-0.002,-0.007,-0.051,0.000,0.001,5.932,-0.000,5.814,6.088,5.897
9.441,7.166,-0.001,-0.589,0.001,0.002,0.808,-0.052,-0.052,43.907,-0.053,42.603,42.194,40.749,-0.096,-0.272,0.003,-0.003,-0.006,-0.051,0.000,0.001,5.911,-0.000,5.790,6.066,5.878
9.440,7.164,-0.001,-0.589,0.001,0.002,0.808,-0.052,-0.052,43.966,-0.053,42.660,42.255,40.808,-0.096,-0.271,0.003,-0.004,-0.005,-0.051,0.000,0.001,5.891,-0.000,5.766,6.044,5.859
9.439,7.161,-0.001,-0.589,0.001,0.002,0.808,-0.052,-0.052,44.024,-0.053,42.718,42.315,40.866,-0.095,-0.270,0.003,-0.005,-0.003,-0.051,0.000,0.001,5.872,-0.000,5.743,6.022,5.840
9.438,7.158,-0.001,-0.588,0.001,0.002,0.809,-0.052,-0.052,44.083,-0.053,42.775,42.375,40.925,-0.095,-0.269,0.003,-0.006,-0.002,-0.051,0.000,0.001,5.854,-0.000,5.720,6.000,5.822
9.437,7.155,-0.000,-0.588,0.001,0.002,0.809,-0.052,-0.052,44.141,-0.053,42.832,42.435,40.983,-0.095,-0.268,0.003,-0.006,-0.000,-0.050,0.000,0.001,5.837,0.000,5.697,5.979,5.804
9.436,7.153,-0.000,-0.588,0.001,0.002,0.809,-0.052,-0.051,44.200,-0.053,42.889,42.495,41.041,-0.095,-0.268,0.003,-0.007,0.001,-0.050,0.000,0.001,5.820,0.000,5.675,5.958,5.787
9.435,7.150,-0.000,-0.588,0.001,0.002,0.809,-0.052,-0.051,44.258,-0.053,42.946,42.554,41.099,-0.095,-0.267,0.003,-0.007,0.003,-0.050,0.000,0.001,5.805,0.000,5.654,5.936,5.769
9.434,7.147,-0.000,-0.588,0.001,0.002,0.809,-0.052,-0.051,44.316,-0.053,43.002,42.614,41.156,-0.095,-0.266,0.002,-0.008,0.004,-0.050,0.000,0.001,5.790,0.000,5.632,5.915,5.752
9.434,7.145,-0.000,-0.587,0.001,0.002,0.809,-0.052,-0.051,44.374,-0.053,43.059,42.673,41.214,-0.095,-0.265,0.002,-0.008,0.006,-0.050,0.000,0.001,5.775,0.000,5.612,5.893,5.734
9.433,7.142,-0.000,-0.587,0.001,0.002,0.809,-0.052,-0.051,44.431,-0.053,43.115,42.732,41.271,-0.094,-0.264,0.002,-0.009,0.007,-0.050,0.000,0.001,5.762,0.000,5.591,5.872,5.717
9.432,7.140,-0.000,-0.587,0.001,0.002,0.810,-0.052,-0.051,44.489,-0.053,43.170,42.790,41.328,-0.094,-0.264,0.002,-0.009,0.009,-0.050,0.000,0.001,5.749,0.000,5.571,5.851,5.700
9.431,7.137,-0.000,-0.587,0.001,0.002,0.810,-0.052,-0.051,44.546,-0.053,43.226,42.849,41.385,-0.094,-0.263,0.002,-0.009,0.010,-0.049,0.000,0.001,5.736,0.000,5.552,5.829,5.683
9.430,7.134,-0.000,-0.587,0.001,0.002,0.810,-0.052,-0.051,44.604,-0.053,43.281,42.907,41.442,-0.094,-0.262,0.002,-0.010,0.012,-0.049,0.000,0.001,5.724,0.000,5.533,5.808,5.665
9.429,7.132,-0.000,-0.586,0.001,0.002,0.810,-0.052,-0.051,44.661,-0.053,43.337,42.965,41.498,-0.094,-0.262,0.002,-0.010,0.013,-0.049,0.000,0.001,5.713,0.000,5.514,5.787,5.648
9.428,7.129,-0.000,-0.586,0.001,0.002,0.810,0.021,0.003,44.717,0.003,43.391,43.022,41.554,-0.091,-0.259,0.002,-0.001,0.011,-0.043,11.712,9.105,5.478,9.487,5.298,5.674,5.558
9.427,7.126,-0.000,-0.586,0.001,0.002,0.810,0.119,0.089,44.770,0.090,43.443,43.078,41.610,-0.081,-0.254,0.001,0.001,0.017,0.009,6.047,6.269,5.268,6.218,5.277,5.423,5.513
9.426,7.124,-0.000,-0.586,0.001,0.002,0.810,0.120,0.100,44.822,0.106,43.496,43.130,41.664,-0.073,-0.248,0.001,-0.005,0.022,0.051,-5.182,-3.685,5.133,-2.734,5.325,5.151,5.432
9.426,7.122,-0.000,-0.586,0.000,0.002,0.810,0.044,0.037,44.873,0.053,43.549,43.181,41.718,-0.070,-0.241,0.001,-0.012,0.021,0.054,-8.123,-7.279,5.029,-6.403,5.268,4.979,5.304
9.425,7.119,-0.000,-0.587,0.000,0.001,0.810,-0.006,-0.011,44.923,0.010,43.601,43.230,41.770,-0.072,-0.235,0.000,-0.019,0.020,0.030,-1.061,-1.665,4.914,-1.558,5.063,4.911,5.157
9.424,7.117,-0.000,-0.587,0.000,0.001,0.810,0.024,0.008,44.971,0.028,43.651,43.279,41.821,-0.072,-0.231,-0.000,-0.018,0.019,0.019,5.831,4.781,4.789,4.515,4.852,4.842,5.038
9.423,7.115,-0.000,-0.587,0.000,0.001,0.810,0.081,0.061,45.019,0.077,43.699,43.327,41.871,-0.068,-0.227,-0.000,-0.012,0.019,0.033,4.456,4.600,4.659,4.103,4.761,4.707,4.948
9.423,7.112,-0.000,-0.587,0.000,0.001,0.810,0.094,0.081,45.065,0.095,43.746,43.373,41.920,-0.064,-0.221,-0.000,-0.010,0.019,0.050,-1.697,-0.656,4.547,-0.634,4.743,4.544,4.851
9.422,7.110,-0.000,-0.587,0.000,0.001,0.809,0.058,0.054,45.110,0.070,43.793,43.418,41.968,-0.062,-0.216,-0.000,-0.011,0.018,0.051,-4.520,-3.750,4.453,-3.616,4.689,4.417,4.736
9.421,7.108,-0.000,-0.587,0.000,0.001,0.809,0.025,0.025,45.154,0.040,43.840,43.462,42.015,-0.062,-0.211,-0.000,-0.012,0.017,0.040,-1.557,-1.723,4.366,-1.801,4.554,4.338,4.618
9.421,7.106,-0.000,-0.588,0.000,0.001,0.809,0.032,0.027,45.197,0.040,43.884,43.505,42.061,-0.062,-0.207,-0.000,-0.012,0.016,0.033,2.439,1.887,4.277,1.555,4.399,4.267,4.513
9.420,7.104,-0.000,-0.588,0.000,0.001,0.809,0.061,0.053,45.239,0.062,43.928,43.547,42.105,-0.060,-0.203,-0.000,-0.009,0.016,0.036,2.755,2.660,4.183,2.226,4.297,4.171,4.423
9.420,7.102,-0.000,-0.588,0.000,0.001,0.809,0.075,0.069,45.281,0.075,43.971,43.588,42.149,-0.058,-0.198,-0.000,-0.008,0.016,0.042,-0.057,0.416,4.089,0.288,4.243,4.062,4.334
9.419,7.100,-0.000,-0.588,0.000,0.001,0.809,0.062,0.061,45.321,0.066,44.013,43.628,42.192,-0.056,-0.194,-0.000,-0.009,0.017,0.043,-2.155,-1.674,4.004,-1.674,4.189,3.965,4.239
9.419,7.098,-0.000,-0.588,0.000,0.001,0.809,0.043,0.044,45.361,0.050,44.054,43.668,42.234,-0.055,-0.190,-0.000,-0.010,0.017,0.038,-1.307,-1.299,3.929,-1.302,4.097,3.889,4.144
9.418,7.096,-0.000,-0.588,0.000,0.000,0.809,0.040,0.039,45.400,0.045,44.095,43.706,42.275,-0.055,-0.186,-0.000,-0.010,0.016,0.034,0.692,0.361,3.860,0.283,3.988,3.821,4.055
9.417,7.094,-0.000,-0.588,-0.000,0.000,0.809,0.052,0.049,45.438,0.053,44.134,43.744,42.315,-0.054,-0.183,-0.000,-0.009,0.016,0.034,1.404,1.238,3.788,1.048,3.898,3.748,3.974
9.417,7.092,-0.000,-0.589,-0.000,0.000,0.808,0.062,0.058,45.475,0.061,44.173,43.781,42.354,-0.052,-0.179,-0.000,-0.009,0.016,0.035,0.430,0.563,3.713,0.450,3.834,3.669,3.897
9.416,7.091,-0.000,-0.589,-0.000,0.000,0.808,0.060,0.059,45.512,0.060,44.211,43.817,42.393,-0.051,-0.176,-0.000,-0.009,0.016,0.036,-0.695,-0.444,3.641,-0.440,3.777,3.593,3.820
9.416,7.089,-0.000,-0.589,-0.000,0.000,0.808,0.052,0.052,45.548,0.054,44.248,43.853,42.431,-0.050,-0.172,-0.000,-0.009,0.016,0.034,-0.744,-0.620,3.575,-0.640,3.711,3.526,3.744
9.415,7.087,-0.000,-0.589,-0.000,-0.000,0.808,0.048,0.048,45.584,0.050,44.285,43.888,42.468,-0.049,-0.169,-0.000,-0.009,0.015,0.032,-0.087,-0.185,3.516,-0.199,3.637,3.465,3.671
9.415,7.086,-0.000,-0.589,-0.000,-0.000,0.808,0.050,0.049,45.619,0.051,44.321,43.922,42.504,-0.048,-0.166,-0.000,-0.009,0.015,0.031,0.440,0.317,3.458,0.256,3.565,3.405,3.602
9.414,7.084,-0.000,-0.589,-0.000,-0.000,0.808,0.054,0.053,45.653,0.053,44.356,43.956,42.540,-0.047,-0.163,-0.001,-0.009,0.015,0.031,0.337,0.323,3.399,0.242,3.504,3.344,3.536
9.414,7.082,-0.000,-0.589,-0.000,-0.000,0.808,0.056,0.055,45.687,0.055,44.391,43.989,42.575,-0.046,-0.160,-0.001,-0.008,0.014,0.031,0.029,0.103,3.341,0.070,3.448,3.285,3.473
9.414,7.081,-0.000,-0.589,-0.000,-0.000,0.808,0.055,0.055,45.720,0.055,44.425,44.022,42.609,-0.046,-0.158,-0.000,-0.008,0.014,0.031,-0.157,-0.065,3.285,-0.079,3.394,3.228,3.412
9.413,7.079,-0.000,-0.590,-0.000,-0.000,0.808,0.054,0.054,45.752,0.054,44.459,44.054,42.643,-0.045,-0.155,-0.000,-0.008,0.014,0.030,-0.115,-0.057,3.232,-0.084,3.340,3.175,3.353
9.413,7.078,-0.000,-0.590,-0.000,-0.000,0.808,0.053,0.054,45.784,0.053,44.492,44.085,42.676,-0.044,-0.153,-0.000,-0.008,0.013,0.030,-0.034,-0.020,3.182,-0.038,3.286,3.123,3.296
9.412,7.076,-0.000,-0.590,-0.000,-0.001,0.808,0.053,0.054,45.816,0.053,44.525,44.116,42.709,-0.043,-0.150,-0.000,-0.008,0.013,0.029,0.006,-0.005,3.133,-0.015,3.235,3.074,3.241
9.412,7.075,-0.000,-0.590,-0.000,-0.001,0.807,0.053,0.054,45.847,0.053,44.557,44.147,42.741,-0.043,-0.148,-0.000,-0.008,0.013,0.028,0.018,0.001,3.086,-0.007,3.185,3.027,3.187
9.411,7.073,-0.000,-0.590,-0.000,-0.001,0.807,0.053,0.054,45.878,0.053,44.588,44.177,42.773,-0.042,-0.145,-0.000,-0.008,0.012,0.028,0.015,0.003,3.041,-0.004,3.137,2.981,3.136
9.411,7.072,-0.000,-0.590,-0.000,-0.001,0.807,0.053,0.054,45.908,0.053,44.619,44.206,42.804,-0.041,-0.143,-0.000,-0.008,0.012,0.027,0.008,0.003,2.997,-0.004,3.091,2.936,3.086
9.411,7.070,-0.000,-0.590,-0.001,-0.001,0.807,0.053,0.054,45.938,0.053,44.650,44.235,42.834,-0.041,-0.141,-0.000,-0.008,0.011,0.027,0.002,0.002,2.954,-0.004,3.047,2.893,3.038
9.410,7.069,-0.000,-0.590,-0.001,-0.001,0.807,0.053,0.054,45.967,0.053,44.680,44.264,42.865,-0.040,-0.139,-0.000,-0.008,0.011,0.026,-0.001,0.002,2.913,-0.004,3.004,2.852,2.992
9.410,7.067,-0.000,-0.591,-0.001,-0.001,0.807,0.053,0.054,45.996,0.053,44.710,44.293,42.894,-0.039,-0.137,-0.000,-0.008,0.011,0.026,-0.002,0.002,2.872,-0.004,2.962,2.812,2.947
9.409,7.066,-0.000,-0.591,-0.001,-0.001,0.807,0.053,0.054,46.024,0.053,44.740,44.320,42.924,-0.039,-0.135,-0.000,-0.007,0.010,0.026,-0.002,0.001,2.834,-0.003,2.922,2.773,2.904
9.409,7.065,-0.000,-0.591,-0.001,-0.001,0.807,0.053,0.054,46.053,0.053,44.769,44.348,42.952,-0.038,-0.133,-0.000,-0.007,0.010,0.025,-0.001,0.001,2.796,-0.003,2.883,2.736,2.862
9.409,7.063,-0.000,-0.591,-0.001,-0.001,0.807,0.053,0.054,46.080,0.053,44.797,44.375,42.981,-0.038,-0.132,-0.000,-0.007,0.009,0.025,-0.000,0.001,2.759,-0.003,2.845,2.699,2.821
9.408,7.062,-0.000,-0.591,-0.001,-0.001,0.807,0.053,0.054,46.108,0.053,44.826,44.402,43.009,-0.037,-0.130,-0.000,-0.007,0.009,0.024,-0.000,0.001,2.724,-0.002,2.808,2.664,2.781
9.408,7.061,-0.000,-0.591,-0.001,-0.001,0.807,0.053,0.054,46.135,0.053,44.853,44.428,43.036,-0.037,-0.128,-0.000,-0.007,0.009,0.024,-0.000,0.001,2.689,-0.002,2.772,2.630,2.743
9.407,7.060,-0.000,-0.591,-0.001,-0.001,0.807,0.053,0.054,46.162,0.053,44.881,44.455,43.064,-0.036,-0.126,-0.000,-0.007,0.008,0.024,-0.000,0.001,2.655,-0.002,2.738,2.597,2.706
9.407,7.058,-0.000,-0.591,-0.001,-0.001,0.807,0.053,0.054,46.188,0.053,44.908,44.480,43.091,-0.036,-0.125,-0.000,-0.007,0.008,0.023,-0.000,0.001,2.623,-0.002,2.704,2.564,2.670
9.407,7.057,-0.000,-0.591,-0.001,-0.001,0.806,0.053,0.054,46.214,0.053,44.935,44.506,43.117,-0.035,-0.123,-0.000,-0.007,0.007,0.023,-0.000,0.001,2.591,-0.002,2.671,2.533,2.635
9.406,7.056,-0.000,-0.591,-0.001,-0.001,0.806,0.053,0.054,46.240,0.052,44.962,44.531,43.143,-0.035,-0.122,-0.000,-0.006,0.007,0.023,-0.000,0.001,2.560,-0.002,2.639,2.503,2.601
9.406,7.055,-0.000,-0.591,-0.001,-0.001,0.806,0.053,0.054,46.265,0.052,44.988,44.556,43.169,-0.034,-0.120,-0.000,-0.006,0.007,0.022,-0.000,0.001,2.530,-0.002,2.608,2.473,2.568
9.406,7.053,-0.000,-0.592,-0.001,-0.002,0.806,0.053,0.054,46.290,0.052,45.014,44.581,43.195,-0.034,-0.119,-0.000,-0.006,0.006,0.022,-0.000,0.001,2.500,-0.002,2.577,2.444,2.536
9.405,7.052,-0.000,-0.592,-0.001,-0.002,0.806,0.053,0.054,46.315,0.052,45.039,44.605,43.220,-0.033,-0.117,-0.000,-0.006,0.006,0.022,-0.000,0.001,2.471,-0.001,2.548,2.416,2.505
9.405,7.051,-0.000,-0.592,-0.001,-0.002,0.806,0.053,0.054,46.340,0.052,45.065,44.629,43.245,-0.033,-0.116,-0.001,-0.006,0.006,0.022,-0.000,0.001,2.444,-0.001,2.519,2.389,2.475
9.405,7.050,-0.000,-0.592,-0.001,-0.002,0.806,0.053,0.054,46.364,0.052,45.090,44.653,43.269,-0.032,-0.115,-0.001,-0.006,0.005,0.021,-0.000,0.001,2.416,-0.001,2.491,2.363,2.446
9.404,7.049,-0.000,-0.592,-0.001,-0.002,0.806,0.053,0.054,46.388,0.052,45.115,44.676,43.294,-0.032,-0.113,-0.001,-0.006,0.005,0.021,-0.000,0.001,2.390,-0.001,2.464,2.337,2.417
9.404,7.048,-0.000,-0.592,-0.001,-0.002,0.806,0.053,0.054,46.412,0.052,45.139,44.699,43.318,-0.032,-0.112,-0.001,-0.005,0.005,0.021,-0.000,0.000,2.364,-0.001,2.437,2.312,2.389
9.404,7.047,-0.000,-0.592,-0.001,-0.002,0.806,0.053,0.054,46.435,0.052,45.163,44.722,43.341,-0.031,-0.111,-0.001,-0.005,0.004,0.021,-0.000,0.000,2.339,-0.001,2.412,2.287,2.362
9.403,7.045,-0.000,-0.592,-0.001,-0.002,0.806,0.053,0.054,46.459,0.052,45.187,44.745,43.365,-0.031,-0.110,-0.001,-0.005,0.004,0.020,-0.000,0.000,2.314,-0.001,2.386,2.263,2.336
9.403,7.044,-0.000,-0.592,-0.001,-0.002,0.806,0.053,0.054,46.482,0.052,45.211,44.768,43.388,-0.031,-0.109,-0.001,-0.005,0.004,0.020,-0.000,0.000,2.290,-0.001,2.362,2.240,2.311
9.403,7.043,-0.000,-0.592,-0.001,-0.002,0.806,0.053,0.054,46.504,0.052,45.235,44.790,43.411,-0.030,-0.108,-0.001,-0.005,0.004,0.020,-0.000,0.000,2.267,-0.001,2.338,2.218,2.286
9.403,7.042,-0.000,-0.592,-0.001,-0.002,0.806,0.053,0.054,46.527,0.052,45.258,44.812,43.434,-0.030,-0.106,-0.001,-0.005,0.003,0.020,-0.000,0.000,2.244,-0.001,2.314,2.196,2.262
9.402,7.041,-0.000,-0.593,-0.001,-0.002,0.806,0.053,0.054,46.549,0.052,45.281,44.834,43.456,-0.030,-0.105,-0.001,-0.005,0.003,0.019,-0.000,0.000,2.222,-0.001,2.292,2.175,2.238
9.402,7.040,-0.000,-0.593,-0.001,-0.002,0.806,0.053,0.054,46.571,0.052,45.304,44.855,43.479,-0.029,-0.104,-0.001,-0.005,0.003,0.019,-0.000,0.000,2.200,-0.001,2.270,2.154,2.215
9.402,7.039,-0.000,-0.593,-0.001,-0.002,0.805,0.053,0.054,46.593,0.052,45.326,44.877,43.501,-0.029,-0.103,-0.001,-0.005,0.003,0.019,-0.000,0.000,2.179,-0.001,2.248,2.134,2.193
9.401,7.038,-0.000,-0.593,-0.001,-0.002,0.805,0.053,0.054,46.615,0.052,45.349,44.898,43.523,-0.029,-0.102,-0.001,-0.005,0.002,0.019,-0.000,0.000,2.159,-0.001,2.227,2.114,2.172
9.401,7.037,-0.000,-0.593,-0.001,-0.002,0.805,0.053,0.054,46.637,0.052,45.371,44.919,43.544,-0.028,-0.101,-0.001,-0.005,0.002,0.019,-0.000,0.000,2.139,-0.001,2.207,2.095,2.151
9.401,7.036,-0.001,-0.593,-0.001,-0.002,0.805,0.053,0.054,46.658,0.052,45.393,44.940,43.566,-0.028,-0.100,-0.001,-0.004,0.002,0.018,-0.000,0.000,2.120,-0.001,2.187,2.076,2.131
9.401,7.035,-0.001,-0.593,-0.001,-0.002,0.805,0.053,0.054,46.679,0.052,45.415,44.961,43.587,-0.028,-0.099,-0.001,-0.004,0.002,0.018,-0.000,0.000,2.101,-0.001,2.167,2.058,2.111
9.400,7.034,-0.001,-0.593,-0.001,-0.002,0.805,0.053,0.054,46.700,0.052,45.436,44.981,43.608,-0.028,-0.099,-0.001,-0.004,0.002,0.018,-0.000,0.000,2.083,-0.001,2.148,2.040,2.092
9.400,7.033,-0.001,-0.593,-0.001,-0.002,0.805,0.053,0.054,46.721,0.052,45.457,45.002,43.629,-0.027,-0.098,-0.001,-0.004,0.001,0.018,-0.000,0.000,2.065,-0.001,2.130,2.023,2.073
9.400,7.032,-0.001,-0.593,-0.001,-0.002,0.805,0.053,0.054,46.741,0.052,45.479,45.022,43.649,-0.027,-0.097,-0.001,-0.004,0.001,0.018,-0.000,0.000,2.047,-0.001,2.112,2.006,2.055
9.399,7.031,-0.001,-0.593,-0.001,-0.002,0.805,0.053,0.054,46.762,0.052,45.500,45.042,43.670,-0.027,-0.096,-0.001,-0.004,0.001,0.018,-0.000,0.000,2.030,-0.001,2.095,1.990,2.038
9.399,7.030,-0.001,-0.593,-0.001,-0.002,0.805,0.053,0.054,46.782,0.052,45.521,45.061,43.690,-0.027,-0.095,-0.001,-0.004,0.001,0.017,-0.000,0.000,2.014,-0.001,2.078,1.974,2.021
9.399,7.029,-0.001,-0.593,-0.001,-0.002,0.805,0.053,0.054,46.802,0.052,45.541,45.081,43.710,-0.026,-0.095,-0.001,-0.004,0.001,0.017,-0.000,0.000,1.998,-0.001,2.061,1.959,2.005
9.399,7.028,-0.001,-0.593,-0.001,-0.002,0.805,0.053,0.054,46.822,0.052,45.562,45.101,43.730,-0.026,-0.094,-0.001,-0.004,0.000,0.017,-0.000,0.000,1.983,-0.001,2.046,1.944,1.989
9.398,7.027,-0.001,-0.594,-0.001,-0.002,0.805,0.053,0.054,46.841,0.052,45.582,45.120,43.750,-0.026,-0.093,-0.001,-0.003,0.000,0.017,-0.000,0.000,1.968,-0.001,2.030,1.930,1.973
9.398,7.026,-0.001,-0.594,-0.001,-0.002,0.805,0.053,0.054,46.861,0.052,45.602,45.139,43.770,-0.026,-0.092,-0.001,-0.003,0.000,0.017,-0.000,0.000,1.953,-0.001,2.015,1.916,1.958
9.398,7.025,-0.001,-0.594,-0.001,-0.002,0.805,0.053,0.054,46.881,0.052,45.623,45.158,43.789,-0.026,-0.092,-0.001,-0.003,-0.000,0.017,-0.000,0.000,1.939,-0.001,2.000,1.902,1.944
9.398,7.025,-0.001,-0.594,-0.001,-0.002,0.805,0.053,0.054,46.900,0.052,45.642,45.177,43.808,-0.025,-0.091,-0.001,-0.003,-0.000,0.017,-0.000,0.000,1.925,-0.000,1.986,1.889,1.930
9.397,7.024,-0.001,-0.594,-0.001,-0.002,0.805,0.053,0.054,46.919,0.052,45.662,45.196,43.828,-0.025,-0.090,-0.001,-0.003,-0.000,0.017,-0.000,0.000,1.912,-0.000,1.972,1.876,1.916
9.397,7.023,-0.001,-0.594,-0.001,-0.002,0.805,0.053,0.054,46.938,0.052,45.682,45.215,43.847,-0.025,-0.090,-0.001,-0.003,-0.001,0.016,-0.000,0.000,1.899,-0.000,1.959,1.864,1.903
9.397,7.022,-0.001,-0.594,-0.001,-0.002,0.805,0.053,0.054,46.957,0.052,45.701,45.233,43.866,-0.025,-0.089,-0.001,-0.003,-0.001,0.016,-0.000,0.000,1.886,-0.000,1.946,1.852,1.891
9.397,7.021,-0.001,-0.594,-0.001,-0.002,0.804,0.053,0.054,46.976,0.052,45.721,45.252,43.885,-0.025,-0.089,-0.001,-0.003,-0.001,0.016,-0.000,0.000,1.874,-0.000,1.934,1.840,1.878
9.396,7.020,-0.001,-0.594,-0.001,-0.002,0.804,0.053,0.054,46.995,0.052,45.740,45.270,43.903,-0.024,-0.088,-0.001,-0.002,-0.001,0.016,-0.000,0.000,1.862,-0.000,1.921,1.829,1.867
9.396,7.019,-0.001,-0.594,-0.001,-0.002,0.804,0.053,0.054,47.013,0.052,45.759,45.288,43.922,-0.024,-0.087,-0.001,-0.002,-0.001,0.016,-0.000,0.000,1.851,-0.000,1.910,1.818,1.855
9.396,7.018,-0.001,-0.594,-0.001,-0.002,0.804,0.053,0.054,47.032,0.052,45.778,45.307,43.940,-0.024,-0.087,-0.001,-0.002,-0.001,0.016,-0.000,0.000,1.840,-0.000,1.898,1.807,1.844
9.396,7.017,-0.001,-0.594,-0.001,-0.002,0.804,0.053,0.054,47.050,0.052,45.797,45.325,43.959,-0.024,-0.086,-0.001,-0.002,-0.001,0.016,-0.000,0.000,1.829,-0.000,1.887,1.797,1.834
9.395,7.017,-0.001,-0.594,-0.001,-0.002,0.804,0.053,0.054,47.068,0.052,45.816,45.342,43.977,-0.024,-0.086,-0.001,-0.002,-0.001,0.016,-0.000,0.000,1.819,-0.000,1.877,1.787,1.823
9.395,7.016,-0.001,-0.594,-0.001,-0.002,0.804,0.053,0.054,47.086,0.052,45.835,45.360,43.995,-0.024,-0.085,-0.001,-0.002,-0.001,0.016,-0.000,0.000,1.809,-0.000,1.866,1.778,1.814
9.395,7.015,-0.001,-0.594,-0.001,-0.002,0.804,0.053,0.054,47.104,0.052,45.853,45.378,44.013,-0.023,-0.085,-0.001,-0.002,-0.002,0.016,-0.000,0.000,1.799,-0.000,1.856,1.768,1.804
9.395,7.014,-0.001,-0.595,-0.001,-0.002,0.804,0.053,0.054,47.122,0.052,45.872,45.396,44.031,-0.023,-0.085,-0.001,-0.001,-0.002,0.016,-0.000,0.000,1.790,-0.000,1.847,1.760,1.795
9.394,7.013,-0.001,-0.595,-0.001,-0.002,0.804,0.053,0.054,47.140,0.052,45.890,45.413,44.049,-0.023,-0.084,-0.001,-0.001,-0.002,0.015,-0.000,0.000,1.781,-0.000,1.838,1.751,1.786
9.394,7.012,-0.001,-0.595,-0.000,-0.002,0.804,0.053,0.054,47.158,0.052,45.909,45.431,44.067,-0.023,-0.084,-0.001,-0.001,-0.002,0.015,-0.000,0.000,1.772,-0.000,1.829,1.743,1.778
9.394,7.012,-0.001,-0.595,-0.000,-0.002,0.804,0.053,0.054,47.176,0.052,45.927,45.448,44.085,-0.023,-0.083,-0.001,-0.001,-0.002,0.015,-0.000,0.000,1.764,-0.000,1.820,1.735,1.770
9.394,7.011,-0.001,-0.595,-0.000,-0.002,0.804,0.053,0.054,47.193,0.052,45.945,45.465,44.102,-0.023,-0.083,-0.001,-0.001,-0.002,0.015,-0.000,0.000,1.756,-0.000,1.812,1.727,1.762
9.394,7.010,-0.001,-0.595,-0.000,-0.002,0.804,0.053,0.054,47.211,0.052,45.963,45.483,44.120,-0.023,-0.083,-0.001,-0.001,-0.002,0.015,-0.000,0.000,1.748,-0.000,1.804,1.720,1.754
9.393,7.009,-0.001,-0.595,-0.000,-0.002,0.804,0.053,0.054,47.228,0.052,45.981,45.500,44.138,-0.023,-0.082,-0.001,-0.001,-0.002,0.015,-0.000,0.000,1.741,-0.000,1.796,1.713,1.747
9.393,7.008,-0.001,-0.595,-0.000,-0.002,0.804,0.053,0.054,47.245,0.052,45.999,45.517,44.155,-0.022,-0.082,-0.001,-0.001,-0.002,0.015,-0.000,0.000,1.734,-0.000,1.789,1.706,1.740
9.393,7.007,-0.001,-0.595,-0.000,-0.002,0.804,0.053,0.054,47.263,0.052,46.017,45.534,44.172,-0.022,-0.081,-0.001,-0.001,-0.002,0.015,-0.000,0.000,1.727,-0.000,1.782,1.699,1.734
9.393,7.007,-0.001,-0.595,-0.000,-0.002,0.804,0.053,0.054,47.280,0.052,46.035,45.551,44.190,-0.022,-0.081,-0.001,-0.001,-0.003,0.015,-0.000,0.000,1.720,-0.000,1.775,1.693,1.728
9.392,7.006,-0.001,-0.595,-0.000,-0.002,0.804,0.053,0.054,47.297,0.052,46.052,45.568,44.207,-0.022,-0.081,-0.001,-0.000,-0.003,0.015,-0.000,0.000,1.714,-0.000,1.768,1.687,1.722
9.392,7.005,-0.001,-0.595,-0.000,-0.002,0.804,0.053,0.054,47.314,0.052,46.070,45.585,44.224,-0.022,-0.081,-0.001,-0.000,-0.003,0.015,-0.000,0.000,1.708,-0.000,1.762,1.681,1.716
9.392,7.004,-0.001,-0.595,-0.000,-0.002,0.804,0.053,0.054,47.331,0.052,46.088,45.601,44.241,-0.022,-0.080,-0.001,-0.000,-0.003,0.015,-0.000,0.000,1.702,-0.000,1.756,1.676,1.710
9.392,7.003,-0.001,-0.595,-0.000,-0.002,0.804,0.053,0.054,47.348,0.052,46.105,45.618,44.258,-0.022,-0.080,-0.001,-0.000,-0.003,0.015,-0.000,0.000,1.696,-0.000,1.750,1.670,1.705
9.392,7.003,-0.001,-0.595,-0.000,-0.002,0.803,0.053,0.054,47.365,0.052,46.123,45.635,44.275,-0.022,-0.080,-0.001,0.000,-0.003,0.015,-0.000,0.000,1.691,-0.000,1.744,1.665,1.700
9.391,7.002,-0.001,-0.595,-0.000,-0.002,0.803,0.053,0.054,47.382,0.052,46.140,45.651,44.292,-0.022,-0.080,-0.001,0.000,-0.003,0.015,-0.000,0.000,1.685,-0.000,1.739,1.660,1.695
