5.000,5.000,0.001,1.000,0.000,0.000,0.000,-0.000,-0.000,0.000,-0.000,0.000,0.000,0.000,-0.000,-0.000,0.000,-0.000,-0.000,-0.000,0.000,0.000,-0.000,0.000,-0.000,-0.000,-0.000
5.000,5.000,0.001,1.000,0.000,-0.000,-0.000,0.212,0.168,0.001,0.155,0.001,0.003,0.003,0.030,0.001,0.000,0.003,-0.019,-0.008,33.708,28.490,0.150,25.498,0.166,0.626,0.592
5.001,5.000,0.001,1.000,0.000,-0.000,0.000,0.476,0.426,0.004,0.372,0.005,0.011,0.012,0.048,0.006,0.000,0.007,-0.018,0.037,15.386,18.318,0.615,14.635,0.807,0.947,1.079
5.001,5.000,0.001,1.000,0.000,-0.000,0.000,0.495,0.469,0.014,0.424,0.017,0.022,0.024,0.061,0.012,0.000,0.008,-0.013,0.085,-10.851,-10.130,1.346,-3.490,1.553,1.139,1.476
5.002,5.000,0.001,1.000,0.000,-0.000,0.001,0.310,0.272,0.031,0.323,0.036,0.035,0.041,0.077,0.015,0.000,0.004,-0.011,0.100,-22.203,-24.857,1.944,-14.428,2.151,1.419,1.843
5.003,5.000,0.001,1.000,0.000,-0.000,0.001,0.146,0.081,0.052,0.202,0.059,0.051,0.061,0.100,0.013,0.000,-0.001,-0.012,0.077,-7.620,-10.150,2.178,-7.164,2.442,1.884,2.244
5.004,5.001,0.001,1.000,0.000,-0.000,0.002,0.187,0.102,0.074,0.216,0.084,0.072,0.086,0.125,0.013,0.000,-0.002,-0.012,0.064,13.648,12.552,2.266,8.743,2.609,2.387,2.692
5.005,5.001,0.001,1.000,0.000,-0.000,0.002,0.348,0.273,0.097,0.328,0.112,0.098,0.115,0.143,0.019,-0.000,0.005,-0.006,0.100,14.988,18.062,2.467,10.999,3.005,2.703,3.139
5.007,5.001,0.001,1.000,0.000,-0.000,0.003,0.429,0.392,0.124,0.393,0.145,0.126,0.149,0.155,0.027,-0.001,0.009,0.001,0.159,0.361,4.073,2.898,1.372,3.589,2.856,3.529
5.008,5.001,0.000,1.000,0.000,-0.000,0.004,0.363,0.349,0.155,0.355,0.184,0.155,0.186,0.168,0.032,-0.001,0.006,0.003,0.191,-11.787,-10.908,3.393,-7.890,4.126,3.039,3.870
5.010,5.002,0.000,1.000,0.000,-0.000,0.004,0.244,0.230,0.191,0.267,0.227,0.187,0.226,0.185,0.031,-0.001,-0.000,0.001,0.184,-9.576,-10.222,3.728,-7.981,4.475,3.370,4.204
5.012,5.002,0.000,1.000,0.000,-0.000,0.005,0.211,0.189,0.229,0.229,0.273,0.223,0.270,0.205,0.031,-0.002,-0.002,-0.001,0.170,3.001,2.393,3.904,0.586,4.689,3.773,4.565
5.014,5.002,0.000,1.000,0.000,-0.000,0.006,0.285,0.265,0.269,0.270,0.321,0.262,0.317,0.223,0.034,-0.002,0.003,-0.000,0.189,9.821,10.875,4.074,6.409,4.978,4.091,4.949
5.016,5.003,0.000,1.000,0.000,-0.000,0.007,0.363,0.362,0.311,0.325,0.373,0.304,0.369,0.236,0.042,-0.003,0.009,0.003,0.234,4.477,6.796,4.361,3.518,5.416,4.276,5.315
5.019,5.003,0.000,1.000,0.000,-0.000,0.009,0.361,0.379,0.357,0.329,0.429,0.348,0.424,0.247,0.047,-0.003,0.010,0.005,0.270,-4.332,-3.049,4.734,-2.569,5.874,4.439,5.643
5.021,5.003,0.000,1.000,0.000,-0.000,0.010,0.297,0.320,0.406,0.285,0.490,0.393,0.481,0.261,0.049,-0.004,0.006,0.004,0.277,-7.025,-7.199,5.068,-5.207,6.231,4.686,5.946
5.024,5.004,0.000,1.000,0.000,-0.000,0.011,0.251,0.268,0.458,0.246,0.553,0.442,0.542,0.277,0.049,-0.005,0.004,0.002,0.269,-1.674,-2.301,5.301,-2.020,6.484,5.001,6.249
5.027,5.004,0.000,1.000,0.000,-0.000,0.013,0.268,0.282,0.512,0.251,0.620,0.493,0.607,0.291,0.052,-0.005,0.006,0.002,0.276,4.523,4.487,5.484,2.635,6.737,5.289,6.567
5.030,5.005,0.000,1.000,0.000,-0.000,0.014,0.319,0.338,0.568,0.284,0.688,0.547,0.674,0.304,0.057,-0.006,0.012,0.003,0.304,4.484,5.423,5.698,3.239,7.068,5.494,6.888
5.033,5.006,0.000,1.000,0.000,-0.000,0.016,0.341,0.370,0.626,0.303,0.761,0.603,0.744,0.314,0.063,-0.007,0.014,0.005,0.335,-0.212,0.756,5.966,0.304,7.437,5.656,7.190
5.036,5.006,0.000,1.000,0.001,-0.000,0.017,0.318,0.353,0.687,0.290,0.837,0.661,0.818,0.325,0.066,-0.008,0.012,0.005,0.350,-3.749,-3.580,6.243,-2.465,7.766,5.851,7.468
5.039,5.007,-0.000,1.000,0.001,-0.000,0.019,0.283,0.317,0.751,0.265,0.916,0.720,0.894,0.337,0.068,-0.008,0.009,0.004,0.350,-2.587,-3.029,6.481,-2.109,8.027,6.093,7.732
5.043,5.008,-0.000,1.000,0.001,-0.000,0.021,0.275,0.304,0.816,0.256,0.998,0.782,0.972,0.349,0.070,-0.009,0.009,0.003,0.351,1.008,0.644,6.678,0.315,8.266,6.338,7.996
5.046,5.008,-0.000,1.000,0.001,-0.000,0.023,0.297,0.325,0.884,0.268,1.082,0.847,1.053,0.360,0.074,-0.009,0.011,0.004,0.365,2.777,2.958,6.867,1.816,8.531,6.541,8.263
5.050,5.009,-0.000,1.000,0.001,-0.000,0.025,0.319,0.351,0.954,0.283,1.168,0.913,1.137,0.369,0.079,-0.010,0.012,0.004,0.387,1.221,1.722,7.071,0.997,8.822,6.705,8.526
5.054,5.010,-0.000,1.000,0.001,-0.000,0.027,0.318,0.355,1.026,0.285,1.258,0.981,1.224,0.378,0.084,-0.010,0.011,0.004,0.405,-1.158,-0.854,7.282,-0.618,9.102,6.867,8.778
5.058,5.011,-0.000,1.000,0.001,-0.000,0.029,0.301,0.339,1.099,0.274,1.350,1.050,1.313,0.387,0.087,-0.010,0.007,0.004,0.412,-1.830,-1.904,7.487,-1.287,9.348,7.052,9.013
5.062,5.012,-0.001,1.000,0.001,-0.000,0.031,0.289,0.325,1.175,0.265,1.445,1.122,1.404,0.397,0.089,-0.010,0.003,0.003,0.413,-0.495,-0.720,7.676,-0.509,9.568,7.250,9.235
5.066,5.013,-0.001,0.999,0.001,-0.000,0.033,0.293,0.326,1.253,0.265,1.542,1.195,1.498,0.405,0.092,-0.010,0.001,0.003,0.419,1.038,0.899,7.854,0.595,9.787,7.434,9.452
5.070,5.014,-0.001,0.999,0.001,-0.000,0.035,0.305,0.338,1.332,0.273,1.641,1.271,1.593,0.413,0.096,-0.009,-0.000,0.002,0.431,1.079,1.217,8.025,0.753,10.015,7.593,9.668
5.074,5.015,-0.001,0.999,0.001,-0.000,0.037,0.311,0.346,1.413,0.278,1.742,1.347,1.691,0.420,0.101,-0.009,-0.002,0.002,0.446,0.148,0.371,8.191,0.209,10.243,7.735,9.880
5.078,5.016,-0.001,0.999,0.001,-0.000,0.039,0.307,0.345,1.496,0.277,1.845,1.425,1.791,0.427,0.105,-0.008,-0.006,0.002,0.457,-0.717,-0.617,8.353,-0.400,10.455,7.878,10.083
5.082,5.017,-0.001,0.999,0.001,-0.000,0.042,0.300,0.337,1.580,0.272,1.951,1.505,1.893,0.434,0.108,-0.007,-0.010,0.001,0.463,-0.617,-0.656,8.512,-0.431,10.648,8.031,10.272
5.087,5.018,-0.001,0.999,0.001,-0.000,0.044,0.297,0.333,1.666,0.269,2.058,1.586,1.996,0.441,0.111,-0.006,-0.013,0.000,0.467,-0.044,-0.150,8.668,-0.104,10.829,8.185,10.449
5.091,5.019,-0.001,0.999,0.001,-0.000,0.046,0.299,0.334,1.754,0.270,2.167,1.668,2.102,0.448,0.115,-0.005,-0.015,-0.000,0.472,0.411,0.336,8.818,0.225,11.005,8.330,10.619
5.096,5.020,-0.001,0.999,0.001,-0.000,0.049,0.303,0.338,1.843,0.273,2.278,1.752,2.209,0.454,0.119,-0.004,-0.016,-0.000,0.480,0.304,0.339,8.960,0.194,11.179,8.462,10.786
5.100,5.021,-0.001,0.999,0.000,-0.000,0.051,0.305,0.340,1.933,0.274,2.391,1.838,2.317,0.459,0.123,-0.003,-0.017,-0.001,0.489,0.041,0.115,9.094,0.065,11.348,8.586,10.949
5.105,5.022,-0.001,0.999,0.000,-0.000,0.054,0.304,0.341,2.025,0.274,2.505,1.924,2.428,0.465,0.127,-0.002,-0.017,-0.001,0.498,-0.115,-0.047,9.223,-0.014,11.510,8.706,11.105
5.110,5.024,-0.001,0.998,0.000,-0.000,0.056,0.303,0.340,2.117,0.274,2.621,2.012,2.539,0.470,0.131,-0.002,-0.016,-0.001,0.505,-0.102,-0.057,9.349,-0.028,11.664,8.824,11.254
5.114,5.025,-0.001,0.998,0.000,-0.000,0.059,0.302,0.340,2.212,0.274,2.739,2.101,2.653,0.475,0.135,-0.001,-0.015,-0.001,0.511,-0.043,-0.022,9.472,-0.016,11.811,8.940,11.396
5.119,5.026,-0.001,0.998,0.000,-0.000,0.061,0.302,0.340,2.307,0.273,2.857,2.191,2.767,0.480,0.139,-0.001,-0.013,-0.001,0.517,-0.007,-0.006,9.591,-0.009,11.953,9.053,11.534
5.124,5.028,-0.001,0.998,0.000,-0.000,0.064,0.302,0.340,2.403,0.273,2.978,2.282,2.883,0.485,0.143,-0.000,-0.010,-0.001,0.523,0.008,0.001,9.706,-0.006,12.090,9.163,11.667
5.129,5.029,-0.001,0.998,0.000,-0.000,0.066,0.302,0.340,2.501,0.273,3.099,2.374,3.001,0.490,0.147,0.000,-0.007,-0.000,0.529,0.010,0.003,9.817,-0.005,12.224,9.269,11.796
5.134,5.031,-0.001,0.998,0.000,-0.000,0.069,0.302,0.340,2.600,0.273,3.222,2.467,3.119,0.495,0.152,0.000,-0.004,-0.000,0.535,0.007,0.003,9.924,-0.005,12.354,9.371,11.923
5.139,5.032,-0.001,0.997,0.000,-0.000,0.072,0.302,0.340,2.699,0.273,3.346,2.561,3.239,0.499,0.156,0.000,-0.001,0.000,0.541,0.003,0.003,10.028,-0.005,12.482,9.470,12.046
5.144,5.034,-0.001,0.997,0.000,-0.000,0.074,0.302,0.340,2.800,0.273,3.472,2.656,3.360,0.503,0.160,0.000,0.002,0.000,0.546,-0.000,0.002,10.129,-0.006,12.607,9.566,12.167
5.149,5.036,-0.001,0.997,0.000,-0.000,0.077,0.302,0.340,2.902,0.273,3.598,2.753,3.482,0.507,0.164,0.000,0.003,0.001,0.552,-0.002,0.002,10.228,-0.006,12.730,9.659,12.285
5.154,5.037,-0.001,0.997,0.000,-0.000,0.080,0.302,0.340,3.005,0.273,3.726,2.850,3.606,0.511,0.169,0.000,0.003,0.001,0.557,-0.002,0.001,10.324,-0.005,12.849,9.750,12.401
5.159,5.039,-0.001,0.997,0.000,-0.000,0.083,0.302,0.340,3.108,0.273,3.855,2.948,3.730,0.515,0.173,0.000,0.001,0.000,0.562,-0.002,0.001,10.417,-0.005,12.965,9.838,12.513
5.164,5.041,-0.001,0.996,0.000,-0.000,0.086,0.302,0.340,3.213,0.273,3.986,3.046,3.856,0.518,0.178,0.001,-0.002,-0.000,0.567,-0.001,0.001,10.509,-0.005,13.077,9.925,12.623
5.169,5.042,-0.001,0.996,0.000,-0.000,0.088,0.302,0.340,3.319,0.273,4.117,3.146,3.983,0.522,0.182,0.001,-0.007,-0.001,0.572,-0.001,0.001,10.598,-0.005,13.185,10.010,12.729
5.175,5.044,-0.001,0.996,0.000,-0.000,0.091,0.302,0.340,3.425,0.273,4.249,3.247,4.111,0.525,0.186,0.002,-0.013,-0.002,0.577,-0.001,0.000,10.686,-0.004,13.288,10.093,12.830
5.180,5.046,-0.001,0.996,-0.000,-0.000,0.094,0.302,0.340,3.532,0.273,4.383,3.348,4.239,0.529,0.191,0.002,-0.020,-0.003,0.582,-0.001,0.000,10.773,-0.004,13.386,10.175,12.927
5.185,5.048,-0.001,0.995,-0.000,-0.000,0.097,0.302,0.340,3.640,0.273,4.517,3.450,4.369,0.532,0.196,0.003,-0.029,-0.004,0.586,-0.001,-0.000,10.857,-0.004,13.477,10.257,13.018
5.190,5.050,-0.001,0.995,-0.000,-0.000,0.100,0.302,0.340,3.749,0.273,4.652,3.553,4.500,0.535,0.200,0.004,-0.038,-0.005,0.591,-0.000,-0.000,10.941,-0.003,13.561,10.337,13.104
5.196,5.052,-0.001,0.995,-0.001,-0.000,0.103,0.302,0.340,3.859,0.273,4.788,3.657,4.631,0.538,0.205,0.006,-0.046,-0.006,0.596,-0.000,-0.001,11.023,-0.003,13.638,10.417,13.184
5.201,5.054,-0.001,0.994,-0.001,-0.000,0.106,0.302,0.340,3.970,0.273,4.925,3.761,4.763,0.541,0.210,0.007,-0.053,-0.007,0.600,-0.000,-0.001,11.103,-0.002,13.708,10.495,13.257
5.207,5.056,-0.001,0.994,-0.001,-0.000,0.109,0.302,0.340,4.081,0.273,5.062,3.867,4.896,0.543,0.214,0.008,-0.059,-0.008,0.605,-0.000,-0.001,11.181,-0.002,13.772,10.572,13.324
5.212,5.059,-0.001,0.994,-0.001,-0.001,0.112,0.302,0.340,4.194,0.273,5.200,3.973,5.030,0.546,0.219,0.009,-0.061,-0.008,0.610,-0.000,-0.001,11.257,-0.002,13.830,10.648,13.385
5.218,5.061,-0.001,0.993,-0.002,-0.001,0.115,0.302,0.340,4.306,0.273,5.339,4.080,5.164,0.549,0.224,0.010,-0.061,-0.008,0.614,-0.000,-0.001,11.330,-0.001,13.884,10.721,13.441
5.223,5.063,-0.001,0.993,-0.002,-0.001,0.118,0.302,0.340,4.420,0.273,5.478,4.187,5.299,0.551,0.229,0.011,-0.057,-0.008,0.618,-0.000,-0.001,11.400,-0.001,13.935,10.792,13.493
5.229,5.065,-0.001,0.993,-0.002,-0.001,0.121,0.302,0.340,4.534,0.273,5.618,4.295,5.434,0.554,0.234,0.012,-0.049,-0.007,0.623,-0.000,-0.002,11.466,-0.001,13.984,10.860,13.542
5.234,5.068,-0.000,0.992,-0.002,-0.001,0.124,0.302,0.340,4.649,0.273,5.758,4.404,5.569,0.556,0.239,0.012,-0.037,-0.006,0.627,-0.001,-0.002,11.527,-0.001,14.032,10.923,13.589
5.240,5.070,-0.000,0.992,-0.003,-0.001,0.127,0.302,0.340,4.765,0.273,5.898,4.514,5.706,0.558,0.244,0.011,-0.022,-0.005,0.631,-0.001,-0.002,11.584,-0.001,14.082,10.982,13.636
5.245,5.073,-0.000,0.991,-0.003,-0.001,0.130,0.302,0.340,4.881,0.273,6.039,4.624,5.842,0.560,0.250,0.011,-0.003,-0.003,0.635,-0.001,-0.003,11.635,-0.001,14.135,11.035,13.684
5.251,5.075,-0.000,0.991,-0.003,-0.001,0.134,0.302,0.340,4.998,0.273,6.181,4.735,5.979,0.562,0.255,0.010,0.017,-0.001,0.639,-0.001,-0.003,11.681,-0.002,14.192,11.082,13.733
5.257,5.078,-0.000,0.991,-0.002,-0.001,0.137,0.302,0.340,5.115,0.273,6.323,4.846,6.117,0.564,0.260,0.008,0.039,0.001,0.642,-0.001,-0.004,11.720,-0.002,14.253,11.123,13.787
5.262,5.080,0.000,0.990,-0.002,-0.001,0.140,0.302,0.340,5.232,0.273,6.466,4.957,6.255,0.565,0.265,0.007,0.061,0.003,0.645,-0.001,-0.004,11.754,-0.002,14.321,11.157,13.844
5.268,5.083,0.000,0.990,-0.002,-0.001,0.143,0.302,0.340,5.350,0.272,6.610,5.069,6.394,0.567,0.270,0.005,0.081,0.006,0.648,-0.001,-0.004,11.782,-0.003,14.395,11.185,13.906
5.274,5.086,0.000,0.989,-0.001,-0.001,0.146,0.302,0.339,5.468,0.272,6.754,5.181,6.533,0.567,0.275,0.003,0.100,0.008,0.651,-0.001,-0.004,11.805,-0.003,14.474,11.206,13.973
5.279,5.088,0.000,0.989,-0.001,-0.000,0.150,0.302,0.339,5.586,0.272,6.899,5.293,6.673,0.568,0.280,0.001,0.115,0.010,0.653,-0.001,-0.004,11.824,-0.004,14.559,11.221,14.045
5.285,5.091,0.000,0.988,-0.000,-0.000,0.153,0.302,0.339,5.704,0.272,7.045,5.405,6.814,0.568,0.285,-0.001,0.126,0.012,0.655,-0.001,-0.004,11.839,-0.004,14.649,11.231,14.121
5.291,5.094,0.000,0.988,0.000,-0.000,0.156,0.302,0.339,5.823,0.272,7.192,5.517,6.956,0.568,0.289,-0.003,0.132,0.013,0.657,-0.001,-0.004,11.851,-0.004,14.743,11.237,14.201
5.296,5.097,0.000,0.987,0.001,0.000,0.159,0.302,0.339,5.941,0.272,7.340,5.630,7.098,0.568,0.294,-0.004,0.132,0.013,0.659,-0.001,-0.004,11.862,-0.004,14.839,11.239,14.284
5.302,5.100,0.000,0.987,0.002,0.000,0.163,0.302,0.339,6.060,0.272,7.489,5.742,7.241,0.568,0.298,-0.005,0.127,0.013,0.660,-0.001,-0.003,11.871,-0.004,14.934,11.240,14.368
5.308,5.103,0.000,0.986,0.002,0.000,0.166,0.302,0.339,6.179,0.272,7.639,5.855,7.385,0.567,0.303,-0.006,0.116,0.013,0.662,-0.001,-0.003,11.881,-0.004,15.028,11.239,14.451
5.313,5.106,-0.000,0.986,0.003,0.001,0.169,0.302,0.339,6.297,0.272,7.789,5.967,7.530,0.566,0.307,-0.007,0.101,0.013,0.663,-0.000,-0.003,11.892,-0.003,15.117,11.239,14.532
5.319,5.109,-0.000,0.985,0.003,0.001,0.172,0.302,0.339,6.416,0.272,7.941,6.079,7.676,0.565,0.311,-0.008,0.082,0.012,0.664,-0.000,-0.002,11.906,-0.002,15.201,11.241,14.610
5.325,5.112,-0.000,0.984,0.003,0.001,0.176,0.302,0.339,6.536,0.272,8.093,6.192,7.823,0.564,0.316,-0.008,0.060,0.012,0.665,0.000,-0.002,11.923,-0.001,15.278,11.246,14.682
5.330,5.115,-0.000,0.984,0.004,0.001,0.179,0.302,0.339,6.655,0.272,8.247,6.304,7.970,0.562,0.320,-0.008,0.036,0.011,0.667,0.000,-0.001,11.944,0.000,15.346,11.255,14.749
5.336,5.119,-0.000,0.983,0.004,0.001,0.182,0.302,0.339,6.774,0.272,8.400,6.417,8.117,0.561,0.324,-0.007,0.012,0.011,0.668,0.000,-0.001,11.970,0.001,15.407,11.268,14.809
5.341,5.122,-0.000,0.983,0.004,0.001,0.185,0.302,0.339,6.894,0.272,8.555,6.530,8.266,0.560,0.328,-0.007,-0.010,0.010,0.669,0.000,-0.000,12.001,0.002,15.459,11.287,14.862
5.347,5.125,-0.001,0.982,0.004,0.001,0.189,0.302,0.339,7.015,0.272,8.709,6.643,8.415,0.558,0.332,-0.007,-0.031,0.010,0.670,0.001,0.000,12.038,0.002,15.504,11.312,14.908
5.353,5.129,-0.001,0.981,0.003,0.001,0.192,0.302,0.339,7.135,0.272,8.865,6.756,8.564,0.557,0.337,-0.007,-0.048,0.010,0.672,0.001,0.001,12.081,0.002,15.543,11.342,14.947
5.358,5.132,-0.001,0.981,0.003,0.001,0.195,0.302,0.339,7.256,0.272,9.020,6.870,8.714,0.555,0.341,-0.007,-0.061,0.009,0.673,0.001,0.002,12.128,0.003,15.576,11.378,14.981
5.364,5.135,-0.001,0.980,0.003,0.001,0.199,0.302,0.339,7.378,0.272,9.176,6.984,8.864,0.554,0.345,-0.007,-0.070,0.008,0.675,0.001,0.002,12.180,0.002,15.606,11.419,15.010
5.369,5.139,-0.001,0.979,0.003,0.001,0.202,0.302,0.339,7.500,0.272,9.332,7.098,9.014,0.552,0.349,-0.007,-0.074,0.007,0.676,0.001,0.003,12.235,0.002,15.633,11.464,15.035
5.375,5.142,-0.001,0.979,0.002,0.001,0.205,0.302,0.339,7.622,0.272,9.489,7.213,9.164,0.551,0.354,-0.007,-0.075,0.005,0.677,0.001,0.003,12.291,0.001,15.658,11.512,15.059
5.380,5.146,-0.001,0.978,0.002,0.001,0.209,0.302,0.339,7.746,0.272,9.646,7.328,9.315,0.549,0.358,-0.007,-0.072,0.002,0.679,0.001,0.003,12.348,0.001,15.682,11.563,15.081
5.386,5.150,-0.001,0.977,0.001,0.001,0.212,0.302,0.339,7.869,0.272,9.803,7.444,9.466,0.547,0.362,-0.006,-0.067,-0.001,0.680,0.001,0.004,12.404,0.000,15.706,11.615,15.104
5.391,5.153,-0.001,0.977,0.001,0.001,0.215,0.302,0.339,7.994,0.272,9.960,7.561,9.617,0.546,0.367,-0.006,-0.061,-0.004,0.681,0.000,0.004,12.458,-0.000,15.728,11.668,15.126
5.397,5.157,-0.001,0.976,0.001,0.000,0.219,0.302,0.339,8.118,0.272,10.117,7.677,9.768,0.544,0.371,-0.005,-0.054,-0.008,0.682,0.000,0.004,12.508,-0.001,15.749,11.720,15.149
5.402,5.161,-0.001,0.975,0.001,0.000,0.222,0.302,0.339,8.244,0.272,10.275,7.795,9.920,0.543,0.375,-0.004,-0.049,-0.011,0.683,0.000,0.003,12.555,-0.001,15.767,11.770,15.173
5.407,5.164,-0.001,0.974,0.000,0.000,0.225,0.302,0.339,8.370,0.272,10.432,7.913,10.072,0.541,0.379,-0.003,-0.045,-0.015,0.684,0.000,0.003,12.597,-0.002,15.782,11.819,15.196
5.413,5.168,-0.001,0.974,0.000,0.000,0.229,0.302,0.339,8.496,0.272,10.590,8.031,10.224,0.539,0.384,-0.001,-0.043,-0.018,0.685,0.000,0.003,12.635,-0.002,15.793,11.866,15.219
5.418,5.172,-0.001,0.973,0.000,-0.000,0.232,0.302,0.339,8.622,0.272,10.748,8.150,10.376,0.538,0.388,0.000,-0.044,-0.020,0.687,0.000,0.003,12.669,-0.002,15.799,11.911,15.240
5.424,5.176,-0.001,0.972,-0.000,-0.000,0.235,0.302,0.340,8.749,0.272,10.906,8.269,10.529,0.536,0.392,0.002,-0.048,-0.021,0.688,0.000,0.003,12.700,-0.001,15.798,11.953,15.258
5.429,5.180,-0.001,0.971,-0.000,-0.000,0.239,0.302,0.340,8.876,0.272,11.064,8.389,10.681,0.534,0.397,0.004,-0.053,-0.021,0.689,0.000,0.002,12.728,-0.001,15.792,11.993,15.271
5.434,5.184,-0.001,0.970,-0.001,-0.000,0.242,0.302,0.340,9.004,0.272,11.222,8.509,10.834,0.533,0.401,0.006,-0.060,-0.020,0.691,0.000,0.002,12.755,-0.001,15.779,12.031,15.279
5.440,5.188,-0.001,0.969,-0.001,-0.001,0.245,0.302,0.340,9.131,0.272,11.380,8.630,10.987,0.531,0.405,0.008,-0.067,-0.018,0.693,0.000,0.002,12.781,-0.001,15.761,12.067,15.281
5.445,5.192,-0.001,0.969,-0.001,-0.001,0.249,0.302,0.340,9.259,0.272,11.537,8.751,11.140,0.529,0.410,0.009,-0.074,-0.014,0.695,0.000,0.002,12.807,-0.000,15.740,12.102,15.277
5.450,5.196,-0.001,0.968,-0.001,-0.001,0.252,-0.432,-0.279,9.373,-0.262,11.694,8.867,11.289,0.509,0.378,0.040,-0.061,-0.154,0.598,-104.459,-89.367,10.374,-80.341,15.302,11.366,14.260
5.455,5.199,-0.000,0.967,-0.002,-0.002,0.253,-1.096,-0.871,9.475,-0.826,11.835,8.980,11.421,0.492,0.239,0.078,-0.316,-0.183,-0.092,-31.481,-29.919,9.861,-28.536,12.954,11.062,12.061
5.460,5.201,0.000,0.968,-0.003,-0.003,0.252,-1.201,-0.990,9.567,-0.937,11.957,9.087,11.532,0.451,0.199,0.031,-0.149,0.003,-0.243,6.598,4.639,8.635,5.642,11.441,10.407,10.231
5.464,5.203,0.000,0.968,-0.004,-0.002,0.251,-1.009,-0.818,9.647,-0.716,12.064,9.188,11.627,0.413,0.176,-0.031,0.034,0.246,-0.281,29.259,26.853,7.511,36.503,10.087,9.673,8.736
5.468,5.205,0.000,0.968,-0.004,-0.001,0.249,-0.684,-0.531,9.722,-0.305,12.156,9.280,11.706,0.377,0.132,-0.020,0.167,0.103,-0.361,31.207,26.893,7.485,39.164,8.119,8.775,7.297
5.472,5.206,-0.000,0.969,-0.003,-0.001,0.248,-0.468,-0.338,9.795,-0.052,12.230,9.363,11.775,0.331,0.128,-0.015,0.158,0.033,-0.242,11.092,11.204,6.943,10.279,6.978,7.731,6.454
5.475,5.207,-0.000,0.969,-0.002,-0.001,0.247,-0.441,-0.295,9.860,-0.071,12.297,9.435,11.836,0.284,0.123,-0.009,0.068,0.015,-0.141,-4.475,-1.830,6.061,-12.137,6.262,6.652,5.755
5.477,5.208,-0.000,0.969,-0.002,-0.001,0.246,-0.523,-0.350,9.917,-0.252,12.356,9.497,11.890,0.246,0.105,-0.007,-0.008,0.018,-0.133,-10.541,-8.122,5.292,-22.237,5.520,5.741,4.950
5.480,5.209,-0.000,0.969,-0.002,-0.001,0.246,-0.621,-0.417,9.967,-0.472,12.406,9.550,11.934,0.213,0.078,-0.006,-0.054,0.023,-0.188,-6.990,-3.919,4.812,-17.523,4.578,4.965,4.012
5.482,5.210,-0.000,0.970,-0.003,-0.001,0.245,-0.654,-0.439,10.013,-0.574,12.447,9.596,11.970,0.181,0.053,-0.004,-0.061,0.023,-0.234,-0.538,-0.798,4.352,-4.539,3.576,4.250,3.119
5.483,5.210,-0.000,0.970,-0.003,-0.000,0.243,-0.645,-0.439,10.053,-0.587,12.478,9.635,11.997,0.149,0.038,-0.003,-0.047,0.018,-0.231,1.983,0.489,3.740,0.954,2.770,3.524,2.386
5.485,5.211,-0.000,0.970,-0.003,-0.000,0.242,-0.622,-0.432,10.087,-0.566,12.503,9.667,12.018,0.118,0.028,-0.002,-0.031,0.012,-0.198,2.358,0.858,3.031,2.756,2.090,2.795,1.783
5.486,5.211,-0.000,0.970,-0.003,-0.000,0.242,-0.600,-0.423,10.114,-0.537,12.521,9.691,12.033,0.087,0.020,-0.001,-0.018,0.006,-0.153,1.835,0.824,2.278,2.910,1.486,2.074,1.259
5.486,5.211,-0.000,0.971,-0.003,-0.000,0.241,-0.586,-0.416,10.133,-0.510,12.533,9.708,12.044,0.058,0.013,-0.000,-0.009,0.002,-0.105,1.123,0.654,1.519,2.453,0.927,1.367,0.776
5.487,5.211,-0.000,0.971,-0.003,-0.000,0.241,-0.577,-0.410,10.144,-0.488,12.539,9.718,12.049,0.030,0.007,-0.000,-0.004,-0.000,-0.058,0.542,0.471,0.773,1.866,0.396,0.678,0.316
5.487,5.211,-0.000,0.971,-0.003,-0.000,0.240,-0.574,-0.406,10.148,-0.472,12.541,9.722,12.050,0.002,0.000,-0.000,-0.001,-0.002,-0.014,0.181,0.323,0.050,1.344,-0.114,0.011,-0.131
5.487,5.211,-0.000,0.971,-0.003,-0.000,0.240,-0.573,-0.403,10.145,-0.461,12.537,9.719,12.046,-0.024,-0.006,-0.000,0.000,-0.004,0.027,0.002,0.215,-0.647,0.939,-0.608,-0.635,-0.567
5.487,5.211,-0.000,0.971,-0.003,-0.000,0.241,-0.573,-0.402,10.135,-0.453,12.528,9.709,12.039,-0.050,-0.013,-0.000,0.001,-0.005,0.065,-0.063,0.142,-1.318,0.645,-1.087,-1.259,-0.993
5.486,5.211,-0.000,0.971,-0.003,-0.001,0.241,-0.574,-0.400,10.119,-0.448,12.515,9.694,12.027,-0.075,-0.019,-0.000,0.002,-0.006,0.102,-0.069,0.095,-1.966,0.439,-1.553,-1.863,-1.408
5.485,5.211,-0.000,0.970,-0.003,-0.001,0.242,-0.575,-0.400,10.096,-0.444,12.497,9.672,12.010,-0.099,-0.026,-0.000,0.003,-0.007,0.137,-0.052,0.063,-2.591,0.297,-2.004,-2.447,-1.811
5.484,5.210,-0.000,0.970,-0.003,-0.001,0.242,-0.575,-0.399,10.067,-0.442,12.475,9.645,11.990,-0.122,-0.032,-0.001,0.004,-0.007,0.170,-0.033,0.043,-3.194,0.201,-2.442,-3.012,-2.203
5.483,5.210,-0.000,0.970,-0.003,-0.001,0.243,-0.575,-0.399,10.032,-0.440,12.449,9.612,11.966,-0.144,-0.038,-0.001,0.005,-0.008,0.203,-0.018,0.029,-3.777,0.135,-2.867,-3.558,-2.583
5.481,5.210,-0.000,0.970,-0.003,-0.001,0.244,-0.576,-0.399,9.992,-0.439,12.418,9.574,11.939,-0.166,-0.045,-0.001,0.006,-0.008,0.234,-0.009,0.019,-4.341,0.090,-3.278,-4.087,-2.951
5.479,5.209,-0.000,0.969,-0.003,-0.001,0.246,-0.576,-0.398,9.946,-0.438,12.383,9.530,11.907,-0.187,-0.051,-0.001,0.008,-0.009,0.264,-0.003,0.014,-4.887,0.060,-3.677,-4.599,-3.307
5.477,5.209,-0.001,0.969,-0.003,-0.001,0.247,-0.576,-0.398,9.894,-0.438,12.344,9.482,11.873,-0.207,-0.057,-0.001,0.010,-0.009,0.294,-0.001,0.010,-5.414,0.039,-4.063,-5.094,-3.653
5.475,5.208,-0.001,0.969,-0.003,-0.001,0.248,-0.576,-0.398,9.837,-0.437,12.302,9.428,11.834,-0.227,-0.063,-0.001,0.012,-0.009,0.322,0.000,0.007,-5.925,0.025,-4.438,-5.573,-3.988
5.473,5.207,-0.001,0.968,-0.003,-0.001,0.250,-0.576,-0.398,9.776,-0.437,12.256,9.370,11.793,-0.246,-0.069,-0.002,0.015,-0.009,0.350,0.001,0.006,-6.419,0.016,-4.801,-6.038,-4.313
5.470,5.207,-0.001,0.968,-0.003,-0.001,0.252,-0.576,-0.398,9.709,-0.437,12.206,9.308,11.748,-0.264,-0.075,-0.002,0.018,-0.010,0.376,0.001,0.004,-6.895,0.011,-5.154,-6.487,-4.629
5.467,5.206,-0.001,0.967,-0.003,-0.001,0.254,-0.576,-0.398,9.638,-0.437,12.153,9.241,11.700,-0.281,-0.081,-0.002,0.021,-0.011,0.402,0.001,0.003,-7.355,0.007,-5.497,-6.923,-4.938
5.465,5.205,-0.001,0.967,-0.003,-0.001,0.256,-0.576,-0.398,9.562,-0.437,12.096,9.169,11.649,-0.298,-0.088,-0.002,0.025,-0.011,0.426,0.000,0.003,-7.800,0.005,-5.830,-7.345,-5.239
5.462,5.204,-0.001,0.966,-0.003,-0.001,0.258,-0.576,-0.398,9.482,-0.437,12.036,9.094,11.596,-0.314,-0.094,-0.002,0.028,-0.011,0.450,0.000,0.002,-8.230,0.003,-6.154,-7.755,-5.533
5.458,5.203,-0.001,0.966,-0.002,-0.001,0.260,-0.576,-0.398,9.398,-0.437,11.973,9.014,11.539,-0.330,-0.100,-0.003,0.032,-0.011,0.473,0.000,0.002,-8.647,0.002,-6.470,-8.152,-5.819
5.455,5.202,-0.001,0.965,-0.002,-0.001,0.262,-0.576,-0.398,9.309,-0.437,11.907,8.931,11.479,-0.345,-0.107,-0.003,0.035,-0.010,0.495,-0.000,0.001,-9.050,0.000,-6.777,-8.536,-6.097
5.451,5.201,-0.001,0.964,-0.002,-0.001,0.265,-0.576,-0.398,9.217,-0.437,11.837,8.843,11.417,-0.360,-0.113,-0.003,0.038,-0.009,0.516,-0.000,0.001,-9.440,-0.000,-7.077,-8.908,-6.368
5.448,5.200,-0.001,0.964,-0.002,-0.001,0.267,-0.576,-0.398,9.120,-0.437,11.765,8.753,11.352,-0.374,-0.120,-0.003,0.040,-0.007,0.537,-0.000,0.001,-9.818,-0.001,-7.369,-9.269,-6.632
5.444,5.199,-0.001,0.963,-0.002,-0.001,0.270,-0.576,-0.398,9.020,-0.437,11.690,8.658,11.284,-0.387,-0.127,-0.003,0.043,-0.005,0.558,-0.000,0.001,-10.184,-0.002,-7.654,-9.617,-6.889
5.440,5.197,-0.001,0.962,-0.001,-0.001,0.273,-0.576,-0.398,8.917,-0.437,11.612,8.560,11.214,-0.400,-0.133,-0.003,0.046,-0.003,0.577,-0.000,0.001,-10.538,-0.002,-7.931,-9.953,-7.139
5.436,5.196,-0.001,0.961,-0.001,-0.001,0.275,-0.576,-0.398,8.810,-0.437,11.531,8.459,11.142,-0.413,-0.140,-0.003,0.049,-0.001,0.596,-0.001,0.001,-10.880,-0.002,-8.202,-10.277,-7.382
5.432,5.195,-0.001,0.960,-0.001,-0.001,0.278,-0.576,-0.398,8.699,-0.437,11.448,8.355,11.067,-0.425,-0.147,-0.003,0.052,0.002,0.614,-0.001,0.000,-11.211,-0.002,-8.466,-10.589,-7.617
5.427,5.193,-0.001,0.960,-0.001,-0.000,0.281,-0.576,-0.398,8.585,-0.437,11.362,8.247,10.989,-0.436,-0.154,-0.003,0.055,0.004,0.632,-0.001,0.000,-11.530,-0.002,-8.723,-10.889,-7.846
5.423,5.192,-0.001,0.959,-0.001,-0.000,0.284,-0.576,-0.398,8.469,-0.437,11.274,8.137,10.910,-0.447,-0.161,-0.002,0.059,0.006,0.649,-0.001,-0.000,-11.837,-0.002,-8.974,-11.176,-8.067
5.419,5.190,-0.001,0.958,-0.000,-0.000,0.288,-0.576,-0.398,8.349,-0.437,11.183,8.024,10.828,-0.457,-0.168,-0.001,0.063,0.008,0.666,-0.001,-0.001,-12.132,-0.002,-9.218,-11.450,-8.282
5.414,5.188,-0.001,0.957,0.000,-0.000,0.291,-0.576,-0.398,8.226,-0.437,11.089,7.908,10.744,-0.467,-0.175,-0.000,0.067,0.010,0.682,-0.000,-0.002,-12.414,-0.002,-9.456,-11.711,-8.490
5.409,5.186,-0.001,0.956,0.000,0.000,0.294,-0.576,-0.398,8.100,-0.437,10.994,7.790,10.658,-0.477,-0.182,0.001,0.072,0.011,0.698,-0.000,-0.002,-12.684,-0.001,-9.687,-11.959,-8.691
5.404,5.184,-0.001,0.955,0.001,0.000,0.298,-0.576,-0.398,7.972,-0.437,10.896,7.669,10.570,-0.486,-0.190,0.003,0.076,0.011,0.714,-0.000,-0.003,-12.942,-0.001,-9.911,-12.195,-8.884
5.399,5.183,-0.001,0.954,0.001,0.000,0.301,-0.576,-0.398,7.842,-0.437,10.795,7.546,10.480,-0.495,-0.197,0.004,0.079,0.010,0.729,-0.000,-0.004,-13.187,-0.000,-10.129,-12.418,-9.070
5.394,5.181,-0.001,0.953,0.001,0.001,0.304,-0.576,-0.398,7.709,-0.437,10.693,7.421,10.389,-0.503,-0.204,0.005,0.082,0.008,0.745,-0.000,-0.004,-13.421,0.000,-10.340,-12.631,-9.248
5.389,5.178,-0.001,0.951,0.002,0.001,0.308,-0.576,-0.398,7.573,-0.437,10.589,7.293,10.296,-0.511,-0.212,0.007,0.082,0.006,0.760,-0.000,-0.004,-13.642,0.001,-10.544,-12.833,-9.420
5.384,5.176,-0.001,0.950,0.002,0.001,0.312,-0.576,-0.398,7.436,-0.437,10.482,7.164,10.200,-0.519,-0.219,0.008,0.081,0.004,0.776,-0.000,-0.004,-13.852,0.001,-10.742,-13.026,-9.586
5.379,5.174,-0.001,0.949,0.003,0.001,0.315,-0.576,-0.398,7.296,-0.437,10.374,7.033,10.104,-0.526,-0.227,0.008,0.078,0.001,0.791,0.000,-0.004,-14.052,0.002,-10.933,-13.211,-9.746
5.374,5.172,-0.001,0.948,0.003,0.001,0.319,-0.576,-0.398,7.155,-0.437,10.264,6.900,10.006,-0.533,-0.235,0.009,0.072,-0.002,0.805,0.000,-0.003,-14.242,0.002,-11.117,-13.390,-9.901
5.368,5.169,-0.000,0.946,0.003,0.001,0.323,-0.576,-0.398,7.011,-0.437,10.151,6.765,9.906,-0.539,-0.242,0.008,0.063,-0.004,0.820,0.000,-0.002,-14.424,0.002,-11.294,-13.565,-10.052
5.363,5.167,-0.000,0.945,0.004,0.001,0.327,-0.576,-0.398,6.866,-0.437,10.038,6.629,9.805,-0.546,-0.250,0.008,0.052,-0.006,0.834,0.001,-0.001,-14.599,0.002,-11.464,-13.736,-10.199
5.357,5.164,-0.000,0.944,0.004,0.001,0.331,-0.576,-0.398,6.719,-0.437,9.922,6.490,9.702,-0.551,-0.259,0.006,0.039,-0.008,0.847,0.001,0.001,-14.770,0.002,-11.627,-13.906,-10.341
5.352,5.162,-0.000,0.942,0.004,0.001,0.335,-0.576,-0.398,6.571,-0.437,9.805,6.350,9.598,-0.557,-0.267,0.005,0.023,-0.008,0.860,0.001,0.003,-14.938,0.002,-11.784,-14.077,-10.480
5.346,5.159,-0.000,0.941,0.004,0.001,0.339,-0.576,-0.398,6.421,-0.437,9.687,6.209,9.492,-0.562,-0.275,0.003,0.005,-0.008,0.872,0.001,0.005,-15.105,0.002,-11.934,-14.248,-10.614
5.341,5.156,-0.000,0.939,0.004,0.001,0.343,-0.576,-0.398,6.269,-0.437,9.566,6.065,9.385,-0.566,-0.284,0.000,-0.013,-0.007,0.883,0.001,0.007,-15.272,0.002,-12.078,-14.421,-10.745
5.335,5.153,-0.000,0.938,0.004,0.001,0.347,-0.576,-0.398,6.115,-0.437,9.445,5.920,9.277,-0.570,-0.292,-0.002,-0.031,-0.006,0.893,0.001,0.008,-15.442,0.001,-12.215,-14.596,-10.870
5.329,5.150,-0.000,0.936,0.004,0.001,0.352,-0.576,-0.398,5.960,-0.437,9.322,5.774,9.168,-0.574,-0.300,-0.005,-0.049,-0.004,0.903,0.001,0.009,-15.616,0.001,-12.346,-14.774,-10.989
5.323,5.147,-0.000,0.935,0.004,0.001,0.356,-0.576,-0.398,5.803,-0.437,9.198,5.625,9.058,-0.577,-0.308,-0.007,-0.065,-0.001,0.912,0.001,0.010,-15.793,0.001,-12.470,-14.953,-11.101
5.318,5.144,-0.000,0.933,0.003,0.001,0.360,-0.576,-0.398,5.644,-0.437,9.073,5.474,8.946,-0.580,-0.317,-0.009,-0.078,0.001,0.921,0.001,0.010,-15.974,0.001,-12.587,-15.134,-11.207
5.312,5.141,-0.000,0.931,0.003,0.000,0.364,-0.576,-0.398,5.483,-0.437,8.946,5.322,8.834,-0.582,-0.325,-0.010,-0.088,0.003,0.930,0.001,0.010,-16.157,0.001,-12.699,-15.314,-11.306
5.306,5.138,-0.001,0.930,0.002,0.000,0.369,-0.576,-0.398,5.321,-0.437,8.819,5.168,8.720,-0.584,-0.333,-0.011,-0.095,0.005,0.937,0.001,0.009,-16.341,0.001,-12.803,-15.492,-11.397
5.300,5.134,-0.001,0.928,0.002,0.000,0.373,-0.576,-0.397,5.157,-0.437,8.690,5.012,8.606,-0.585,-0.341,-0.010,-0.098,0.005,0.944,0.001,0.008,-16.524,0.002,-12.902,-15.666,-11.482
5.294,5.131,-0.001,0.926,0.001,-0.000,0.377,-0.576,-0.397,4.990,-0.437,8.561,4.855,8.490,-0.586,-0.348,-0.009,-0.098,0.005,0.951,0.001,0.006,-16.703,0.002,-12.994,-15.835,-11.561
5.289,5.127,-0.001,0.924,0.001,-0.000,0.382,-0.576,-0.397,4.823,-0.437,8.430,4.696,8.374,-0.587,-0.356,-0.008,-0.095,0.005,0.957,0.001,0.004,-16.877,0.003,-13.080,-15.997,-11.633
5.283,5.124,-0.001,0.922,0.001,-0.000,0.386,-0.576,-0.397,4.653,-0.437,8.299,4.535,8.258,-0.587,-0.364,-0.006,-0.089,0.003,0.964,0.001,0.002,-17.044,0.004,-13.160,-16.151,-11.701
5.277,5.120,-0.001,0.920,0.000,-0.000,0.391,-0.575,-0.397,4.482,-0.437,8.167,4.373,8.140,-0.587,-0.372,-0.003,-0.082,0.002,0.969,0.001,-0.001,-17.202,0.005,-13.234,-16.296,-11.763
5.271,5.116,-0.001,0.919,-0.000,-0.001,0.395,-0.575,-0.397,4.309,-0.437,8.035,4.209,8.022,-0.587,-0.380,-0.000,-0.075,-0.000,0.975,0.001,-0.003,-17.349,0.005,-13.303,-16.433,-11.822
5.265,5.113,-0.001,0.917,-0.001,-0.001,0.400,-0.575,-0.397,4.135,-0.437,7.901,4.044,7.904,-0.587,-0.388,0.002,-0.068,-0.003,0.981,0.001,-0.004,-17.487,0.006,-13.367,-16.561,-11.877
5.259,5.109,-0.001,0.915,-0.001,-0.001,0.404,-0.575,-0.397,3.959,-0.436,7.767,3.878,7.785,-0.587,-0.396,0.005,-0.062,-0.005,0.987,0.001,-0.006,-17.616,0.007,-13.426,-16.681,-11.929
5.253,5.105,-0.001,0.913,-0.001,-0.001,0.409,-0.575,-0.397,3.782,-0.436,7.633,3.711,7.665,-0.587,-0.404,0.007,-0.058,-0.008,0.993,0.001,-0.006,-17.740,0.007,-13.480,-16.793,-11.977
5.247,5.101,-0.001,0.911,-0.001,-0.001,0.413,-0.575,-0.398,3.604,-0.436,7.498,3.542,7.545,-0.586,-0.412,0.009,-0.056,-0.011,0.999,0.001,-0.006,-17.858,0.007,-13.529,-16.901,-12.024
5.242,5.096,-0.001,0.909,-0.002,-0.001,0.418,-0.575,-0.398,3.425,-0.436,7.362,3.373,7.425,-0.586,-0.421,0.010,-0.056,-0.012,1.005,0.001,-0.006,-17.973,0.007,-13.575,-17.006,-12.070
5.236,5.092,-0.001,0.906,-0.002,-0.002,0.422,-0.575,-0.398,3.245,-0.436,7.226,3.202,7.304,-0.585,-0.430,0.010,-0.058,-0.013,1.010,0.001,-0.005,-18.083,0.006,-13.619,-17.109,-12.115
5.230,5.088,-0.001,0.904,-0.002,-0.002,0.427,-0.575,-0.398,3.064,-0.436,7.090,3.030,7.183,-0.584,-0.438,0.010,-0.060,-0.011,1.016,0.001,-0.004,-18.191,0.005,-13.661,-17.214,-12.160
5.224,5.083,-0.000,0.902,-0.002,-0.002,0.432,-0.575,-0.398,2.881,-0.436,6.953,2.858,7.061,-0.583,-0.447,0.009,-0.061,-0.009,1.022,0.000,-0.003,-18.299,0.004,-13.704,-17.319,-12.204
5.218,5.079,-0.000,0.900,-0.003,-0.002,0.436,-0.575,-0.398,2.698,-0.436,6.816,2.684,6.939,-0.582,-0.456,0.008,-0.058,-0.007,1.028,-0.000,-0.002,-18.406,0.002,-13.747,-17.424,-12.246
5.212,5.074,-0.000,0.898,-0.003,-0.002,0.441,-0.575,-0.398,2.513,-0.436,6.678,2.509,6.816,-0.581,-0.465,0.006,-0.051,-0.004,1.035,-0.001,-0.002,-18.515,0.000,-13.794,-17.527,-12.284
5.207,5.070,-0.000,0.895,-0.003,-0.002,0.446,-0.575,-0.398,2.327,-0.436,6.540,2.333,6.693,-0.580,-0.473,0.006,-0.037,-0.003,1.042,-0.001,-0.002,-18.623,-0.001,-13.846,-17.628,-12.318
5.201,5.065,-0.000,0.893,-0.003,-0.002,0.450,-0.575,-0.398,2.141,-0.436,6.401,2.157,6.570,-0.578,-0.481,0.005,-0.017,-0.003,1.051,-0.002,-0.003,-18.730,-0.003,-13.903,-17.723,-12.349
5.195,5.060,-0.000,0.891,-0.003,-0.002,0.455,-0.575,-0.398,1.953,-0.436,6.262,1.979,6.446,-0.577,-0.489,0.005,0.009,-0.003,1.061,-0.002,-0.004,-18.834,-0.005,-13.967,-17.811,-12.378
5.189,5.055,-0.000,0.888,-0.003,-0.002,0.460,-0.575,-0.398,1.764,-0.436,6.122,1.800,6.322,-0.575,-0.497,0.005,0.037,-0.004,1.074,-0.003,-0.005,-18.933,-0.007,-14.028,-17.892,-12.406
5.184,5.050,-0.000,0.886,-0.003,-0.002,0.464,-0.576,-0.398,1.574,-0.436,5.981,1.621,6.198,-0.574,-0.504,0.005,0.067,-0.005,1.087,-0.003,-0.007,-19.027,-0.008,-14.091,-17.964,-12.435
5.178,5.045,0.000,0.883,-0.002,-0.002,0.469,-0.576,-0.398,1.383,-0.436,5.840,1.441,6.073,-0.572,-0.512,0.006,0.096,-0.003,1.102,-0.003,-0.007,-19.112,-0.009,-14.161,-18.027,-12.468
5.172,5.040,0.000,0.880,-0.002,-0.002,0.474,-0.576,-0.398,1.192,-0.436,5.698,1.261,5.948,-0.570,-0.520,0.005,0.123,-0.000,1.117,-0.003,-0.007,-19.186,-0.010,-14.239,-18.078,-12.507
5.166,5.035,0.000,0.878,-0.001,-0.001,0.479,-0.576,-0.398,1.000,-0.437,5.555,1.080,5.823,-0.568,-0.528,0.005,0.146,0.004,1.132,-0.003,-0.007,-19.251,-0.010,-14.324,-18.117,-12.555
5.161,5.029,0.000,0.875,-0.001,-0.001,0.484,-0.576,-0.398,0.807,-0.437,5.411,0.898,5.697,-0.565,-0.536,0.004,0.160,0.007,1.144,-0.003,-0.005,-19.302,-0.010,-14.417,-18.144,-12.614
5.155,5.024,0.000,0.872,-0.000,-0.001,0.489,-0.576,-0.398,0.614,-0.437,5.267,0.717,5.571,-0.562,-0.545,0.002,0.165,0.010,1.154,-0.002,-0.003,-19.338,-0.009,-14.514,-18.162,-12.683
5.149,5.018,0.000,0.869,0.001,-0.000,0.494,-0.576,-0.398,0.420,-0.437,5.121,0.535,5.444,-0.558,-0.553,0.001,0.160,0.012,1.160,-0.001,0.000,-19.364,-0.008,-14.615,-18.173,-12.764
5.144,5.013,0.000,0.866,0.001,0.000,0.499,-0.576,-0.398,0.227,-0.437,4.974,0.353,5.316,-0.553,-0.563,-0.002,0.145,0.011,1.163,-0.000,0.003,-19.382,-0.007,-14.715,-18.178,-12.855
5.138,5.007,0.000,0.864,0.002,0.001,0.504,-0.576,-0.398,0.033,-0.437,4.827,0.172,5.186,-0.548,-0.572,-0.004,0.121,0.009,1.162,0.000,0.007,-19.397,-0.005,-14.812,-18.183,-12.953
5.133,5.001,0.000,0.861,0.002,0.001,0.509,-0.576,-0.398,-0.161,-0.437,4.678,-0.010,5.056,-0.541,-0.581,-0.006,0.091,0.007,1.157,0.001,0.009,-19.410,-0.003,-14.904,-18.192,-13.058
5.128,4.995,0.000,0.858,0.003,0.001,0.514,-0.576,-0.398,-0.356,-0.437,4.529,-0.192,4.925,-0.535,-0.590,-0.009,0.056,0.007,1.149,0.002,0.011,-19.424,-0.002,-14.990,-18.208,-13.167
5.122,4.990,-0.000,0.855,0.003,0.001,0.519,-0.576,-0.398,-0.550,-0.437,4.378,-0.375,4.793,-0.527,-0.600,-0.012,0.019,0.008,1.138,0.002,0.013,-19.442,0.000,-15.069,-18.234,-13.278
5.117,4.983,-0.000,0.852,0.003,0.001,0.524,-0.576,-0.398,-0.744,-0.437,4.227,-0.557,4.660,-0.519,-0.608,-0.015,-0.016,0.011,1.125,0.002,0.013,-19.465,0.002,-15.138,-18.270,-13.385
5.112,4.977,-0.000,0.849,0.003,0.001,0.529,-0.576,-0.398,-0.939,-0.437,4.076,-0.740,4.525,-0.511,-0.616,-0.016,-0.048,0.010,1.113,0.002,0.012,-19.500,0.003,-15.188,-18.318,-13.478
5.107,4.971,-0.000,0.846,0.002,0.001,0.533,-0.576,-0.398,-1.134,-0.437,3.924,-0.923,4.390,-0.504,-0.623,-0.017,-0.072,0.006,1.104,0.002,0.010,-19.550,0.003,-15.218,-18.378,-13.547
5.102,4.965,-0.001,0.843,0.002,0.001,0.538,-0.576,-0.397,-1.330,-0.437,3.771,-1.108,4.255,-0.497,-0.629,-0.016,-0.087,0.000,1.100,0.002,0.008,-19.612,0.004,-15.239,-18.446,-13.591
5.097,4.959,-0.001,0.840,0.002,0.001,0.543,-0.576,-0.397,-1.527,-0.437,3.619,-1.292,4.119,-0.490,-0.634,-0.013,-0.091,-0.007,1.098,0.001,0.005,-19.682,0.004,-15.255,-18.520,-13.613
