-3.000,-5.000,0.001,1.000,0.000,0.000,0.000,-0.000,-0.000,0.000,-0.000,0.000,0.000,0.000,-0.000,-0.000,0.000,-0.000,-0.000,-0.000,0.000,0.000,-0.000,0.000,-0.000,-0.000,-0.000
-3.000,-5.000,0.000,1.000,0.000,0.000,0.000,-0.217,-0.159,-0.002,-0.173,-0.001,-0.004,-0.004,-0.037,0.002,-0.000,0.003,0.019,0.024,-34.558,-26.114,-0.374,-29.249,-0.230,-0.806,-0.713
-3.001,-5.000,0.000,1.000,0.000,0.000,0.000,-0.484,-0.378,-0.009,-0.433,-0.006,-0.015,-0.013,-0.060,0.008,-0.000,0.008,0.017,0.046,-15.243,-14.618,-1.104,-18.240,-0.858,-1.374,-1.189
-3.001,-5.000,0.000,1.000,0.000,0.000,0.001,-0.503,-0.430,-0.024,-0.476,-0.019,-0.031,-0.027,-0.076,0.015,-0.000,0.010,0.010,0.078,10.803,3.524,-1.887,10.081,-1.686,-1.814,-1.494
-3.002,-5.000,0.000,1.000,0.000,0.000,0.001,-0.318,-0.331,-0.046,-0.279,-0.039,-0.051,-0.043,-0.097,0.019,-0.000,0.005,0.009,0.100,22.150,14.265,-2.587,24.863,-2.381,-2.279,-1.857
-3.003,-4.999,0.000,1.000,0.000,0.000,0.002,-0.154,-0.212,-0.075,-0.088,-0.065,-0.077,-0.065,-0.127,0.017,-0.000,-0.003,0.012,0.105,7.669,7.179,-3.075,10.184,-2.707,-2.855,-2.393
-3.005,-4.999,0.000,1.000,0.000,0.000,0.002,-0.195,-0.224,-0.107,-0.108,-0.093,-0.109,-0.091,-0.158,0.017,-0.001,-0.003,0.012,0.113,-13.572,-8.593,-3.430,-12.602,-2.882,-3.476,-2.975
-3.006,-4.999,0.000,1.000,0.000,0.000,0.003,-0.355,-0.335,-0.144,-0.281,-0.123,-0.146,-0.123,-0.182,0.024,-0.001,0.003,0.006,0.149,-15.042,-10.937,-3.957,-18.260,-3.204,-4.043,-3.400
-3.008,-4.999,0.000,1.000,0.000,0.000,0.004,-0.437,-0.400,-0.187,-0.402,-0.158,-0.189,-0.159,-0.199,0.033,-0.001,0.009,-0.004,0.198,-0.531,-1.441,-4.619,-4.336,-3.743,-4.502,-3.651
-3.010,-4.998,0.000,1.000,0.000,0.000,0.005,-0.372,-0.363,-0.236,-0.361,-0.198,-0.236,-0.197,-0.215,0.038,-0.001,0.003,-0.005,0.231,11.711,7.835,-5.238,10.840,-4.328,-4.920,-3.913
-3.013,-4.998,0.000,1.000,0.000,0.000,0.006,-0.253,-0.275,-0.291,-0.241,-0.244,-0.288,-0.238,-0.238,0.037,-0.002,-0.008,-0.001,0.236,9.767,8.102,-5.717,10.465,-4.757,-5.377,-4.322
-3.015,-4.998,0.000,1.000,0.000,0.000,0.007,-0.218,-0.235,-0.350,-0.198,-0.293,-0.344,-0.283,-0.264,0.035,-0.003,-0.013,0.003,0.237,-2.771,-0.381,-6.085,-2.154,-5.024,-5.882,-4.808
-3.018,-4.997,0.000,1.000,0.000,0.000,0.008,-0.291,-0.275,-0.413,-0.273,-0.344,-0.405,-0.333,-0.287,0.038,-0.004,-0.009,0.002,0.263,-9.868,-6.385,-6.510,-10.948,-5.290,-6.394,-5.214
-3.021,-4.997,0.000,1.000,0.000,0.000,0.010,-0.370,-0.331,-0.481,-0.371,-0.399,-0.472,-0.387,-0.304,0.046,-0.005,-0.004,-0.002,0.310,-4.731,-3.675,-7.049,-7.110,-5.669,-6.855,-5.482
-3.024,-4.996,0.000,1.000,0.000,0.000,0.011,-0.371,-0.336,-0.554,-0.392,-0.458,-0.542,-0.443,-0.320,0.051,-0.005,-0.006,-0.004,0.348,4.169,2.429,-7.593,2.853,-6.120,-7.264,-5.715
-3.027,-4.996,0.000,1.000,-0.000,0.000,0.013,-0.307,-0.293,-0.632,-0.333,-0.521,-0.617,-0.502,-0.338,0.051,-0.006,-0.014,-0.002,0.360,7.153,5.254,-8.051,7.356,-6.535,-7.662,-6.033
-3.031,-4.995,0.000,1.000,-0.000,0.000,0.015,-0.258,-0.253,-0.715,-0.279,-0.588,-0.696,-0.564,-0.358,0.048,-0.007,-0.020,0.001,0.360,1.921,2.189,-8.424,2.585,-6.854,-8.078,-6.425
-3.035,-4.995,0.000,1.000,-0.000,0.000,0.017,-0.274,-0.256,-0.801,-0.290,-0.658,-0.779,-0.630,-0.378,0.048,-0.008,-0.018,0.001,0.373,-4.446,-2.553,-8.799,-4.397,-7.122,-8.508,-6.792
-3.038,-4.994,0.000,1.000,-0.000,0.000,0.019,-0.325,-0.290,-0.891,-0.346,-0.731,-0.866,-0.699,-0.395,0.051,-0.009,-0.014,-0.001,0.405,-4.662,-3.337,-9.234,-5.623,-7.417,-8.925,-7.069
-3.042,-4.994,-0.000,1.000,-0.000,0.000,0.021,-0.350,-0.310,-0.986,-0.382,-0.807,-0.957,-0.771,-0.409,0.055,-0.010,-0.012,-0.002,0.440,-0.008,-0.418,-9.691,-1.018,-7.751,-9.312,-7.292
-3.047,-4.993,-0.000,1.000,-0.000,0.000,0.023,-0.328,-0.298,-1.085,-0.366,-0.886,-1.052,-0.845,-0.424,0.056,-0.011,-0.014,-0.002,0.460,3.771,2.377,-10.104,3.594,-8.091,-9.674,-7.544
-3.051,-4.993,-0.000,1.000,-0.001,0.000,0.025,-0.292,-0.272,-1.187,-0.328,-0.968,-1.150,-0.922,-0.440,0.054,-0.011,-0.018,-0.000,0.465,2.765,2.190,-10.460,3.247,-8.398,-10.028,-7.850
-3.055,-4.992,-0.000,1.000,-0.001,0.000,0.028,-0.283,-0.263,-1.294,-0.313,-1.054,-1.252,-1.002,-0.456,0.051,-0.012,-0.017,0.000,0.468,-0.942,-0.268,-10.794,-0.444,-8.673,-10.379,-8.165
-3.060,-4.992,-0.001,1.000,-0.001,0.000,0.030,-0.304,-0.275,-1.403,-0.333,-1.142,-1.358,-1.085,-0.471,0.051,-0.012,-0.012,-0.001,0.484,-2.765,-1.805,-11.148,-2.921,-8.936,-10.726,-8.434
-3.065,-4.991,-0.001,0.999,-0.001,0.000,0.033,-0.326,-0.290,-1.517,-0.358,-1.232,-1.467,-1.171,-0.483,0.052,-0.012,-0.005,-0.002,0.509,-1.308,-1.055,-11.515,-1.838,-9.199,-11.064,-8.654
-3.070,-4.991,-0.001,0.999,-0.001,0.000,0.035,-0.327,-0.293,-1.634,-0.364,-1.326,-1.579,-1.258,-0.496,0.053,-0.011,-0.001,-0.003,0.532,1.088,0.518,-11.868,0.738,-9.459,-11.388,-8.863
-3.075,-4.990,-0.001,0.999,-0.001,0.000,0.038,-0.310,-0.283,-1.754,-0.349,-1.421,-1.695,-1.348,-0.508,0.051,-0.010,0.001,-0.003,0.545,1.838,1.258,-12.186,1.875,-9.713,-11.695,-9.095
-3.080,-4.990,-0.001,0.999,-0.001,0.000,0.041,-0.298,-0.273,-1.877,-0.335,-1.520,-1.813,-1.440,-0.521,0.048,-0.009,0.003,-0.003,0.549,0.499,0.518,-12.478,0.762,-9.962,-11.984,-9.347
-3.085,-4.989,-0.001,0.999,-0.001,0.000,0.043,-0.301,-0.273,-2.003,-0.335,-1.621,-1.934,-1.535,-0.533,0.045,-0.008,0.008,-0.004,0.555,-0.952,-0.511,-12.762,-0.771,-10.204,-12.261,-9.588
-3.091,-4.989,-0.001,0.999,-0.001,0.000,0.046,-0.312,-0.280,-2.132,-0.346,-1.724,-2.058,-1.632,-0.544,0.043,-0.007,0.013,-0.004,0.569,-1.033,-0.706,-13.049,-1.169,-10.432,-12.533,-9.798
-3.096,-4.988,-0.001,0.999,-0.001,0.000,0.049,-0.318,-0.285,-2.264,-0.354,-1.829,-2.185,-1.731,-0.555,0.043,-0.005,0.018,-0.005,0.588,-0.154,-0.238,-13.332,-0.383,-10.643,-12.801,-9.985
-3.102,-4.988,-0.001,0.999,-0.000,0.000,0.052,-0.315,-0.285,-2.399,-0.353,-1.937,-2.314,-1.832,-0.566,0.041,-0.004,0.019,-0.005,0.604,0.608,0.313,-13.599,0.482,-10.846,-13.058,-10.168
-3.107,-4.988,-0.001,0.998,-0.000,0.000,0.055,-0.309,-0.281,-2.536,-0.348,-2.046,-2.446,-1.934,-0.576,0.038,-0.003,0.018,-0.005,0.615,0.552,0.395,-13.847,0.552,-11.048,-13.300,-10.360
-3.113,-4.987,-0.001,0.998,-0.000,0.000,0.058,-0.306,-0.278,-2.676,-0.344,-2.158,-2.580,-2.039,-0.586,0.035,-0.002,0.016,-0.004,0.621,0.063,0.124,-14.080,0.160,-11.251,-13.527,-10.557
-3.119,-4.987,-0.001,0.998,-0.000,0.000,0.061,-0.307,-0.278,-2.818,-0.345,-2.271,-2.717,-2.146,-0.596,0.031,-0.001,0.014,-0.004,0.629,-0.293,-0.126,-14.307,-0.246,-11.449,-13.747,-10.746
-3.125,-4.987,-0.001,0.998,-0.000,0.000,0.064,-0.310,-0.280,-2.962,-0.348,-2.387,-2.855,-2.254,-0.606,0.028,-0.000,0.011,-0.003,0.639,-0.250,-0.133,-14.530,-0.288,-11.634,-13.962,-10.921
-3.131,-4.986,-0.001,0.998,-0.000,0.000,0.068,-0.312,-0.280,-3.108,-0.350,-2.504,-2.996,-2.364,-0.615,0.025,0.000,0.008,-0.003,0.651,-0.057,-0.047,-14.752,-0.117,-11.809,-14.175,-11.084
-3.137,-4.986,-0.001,0.997,-0.000,0.000,0.071,-0.312,-0.281,-3.257,-0.350,-2.623,-3.139,-2.476,-0.624,0.022,0.001,0.003,-0.002,0.663,0.038,-0.006,-14.969,-0.029,-11.977,-14.382,-11.240
-3.144,-4.986,-0.001,0.997,-0.000,0.000,0.074,-0.311,-0.281,-3.408,-0.350,-2.743,-3.283,-2.589,-0.633,0.018,0.001,-0.001,-0.002,0.673,0.053,0.015,-15.180,-0.004,-12.142,-14.584,-11.393
-3.150,-4.986,-0.001,0.997,-0.000,0.000,0.078,-0.311,-0.280,-3.561,-0.350,-2.866,-3.430,-2.703,-0.642,0.014,0.001,-0.004,-0.002,0.683,0.043,0.020,-15.386,0.001,-12.303,-14.781,-11.543
-3.156,-4.986,-0.001,0.997,-0.000,0.000,0.081,-0.310,-0.280,-3.716,-0.350,-2.989,-3.579,-2.820,-0.650,0.010,0.001,-0.005,-0.002,0.692,0.023,0.015,-15.586,0.001,-12.459,-14.974,-11.690
-3.163,-4.986,-0.001,0.996,-0.000,0.000,0.085,-0.310,-0.280,-3.872,-0.350,-3.115,-3.730,-2.937,-0.658,0.005,0.001,-0.003,-0.002,0.701,0.007,0.011,-15.782,0.000,-12.612,-15.162,-11.833
-3.170,-4.986,-0.001,0.996,-0.000,0.000,0.088,-0.310,-0.280,-4.031,-0.350,-3.242,-3.882,-3.056,-0.666,0.001,0.001,0.001,-0.003,0.709,-0.001,0.009,-15.971,0.000,-12.762,-15.345,-11.973
-3.176,-4.986,-0.001,0.996,-0.000,0.000,0.092,-0.310,-0.280,-4.192,-0.350,-3.370,-4.037,-3.177,-0.674,-0.004,0.002,0.009,-0.004,0.718,-0.003,0.008,-16.152,0.001,-12.909,-15.522,-12.111
-3.183,-4.986,-0.001,0.995,0.000,0.000,0.095,-0.310,-0.280,-4.354,-0.350,-3.500,-4.193,-3.298,-0.682,-0.009,0.003,0.019,-0.005,0.726,-0.002,0.008,-16.326,0.001,-13.053,-15.693,-12.246
-3.190,-4.986,-0.001,0.995,0.000,0.000,0.099,-0.310,-0.280,-4.518,-0.350,-3.631,-4.350,-3.422,-0.689,-0.014,0.004,0.032,-0.006,0.734,0.000,0.008,-16.489,0.002,-13.196,-15.855,-12.381
-3.197,-4.986,-0.001,0.995,0.000,0.000,0.102,-0.310,-0.280,-4.684,-0.350,-3.764,-4.510,-3.546,-0.697,-0.019,0.006,0.045,-0.007,0.742,0.002,0.008,-16.641,0.003,-13.336,-16.009,-12.514
-3.204,-4.986,-0.001,0.994,0.001,0.000,0.106,-0.310,-0.280,-4.851,-0.350,-3.898,-4.671,-3.672,-0.704,-0.024,0.007,0.058,-0.008,0.750,0.003,0.008,-16.782,0.004,-13.475,-16.152,-12.647
-3.211,-4.986,-0.001,0.994,0.001,0.000,0.110,-0.310,-0.280,-5.020,-0.350,-4.033,-4.833,-3.799,-0.711,-0.030,0.009,0.069,-0.008,0.758,0.003,0.008,-16.911,0.005,-13.612,-16.285,-12.779
-3.218,-4.987,-0.001,0.994,0.001,0.000,0.114,-0.310,-0.280,-5.189,-0.350,-4.170,-4.996,-3.927,-0.718,-0.035,0.011,0.076,-0.008,0.766,0.003,0.007,-17.029,0.005,-13.746,-16.408,-12.909
-3.225,-4.987,-0.001,0.993,0.002,0.000,0.118,-0.310,-0.279,-5.360,-0.350,-4.308,-5.161,-4.057,-0.725,-0.041,0.012,0.077,-0.006,0.774,0.003,0.007,-17.138,0.006,-13.877,-16.520,-13.038
-3.233,-4.988,-0.001,0.993,0.002,0.000,0.121,-0.310,-0.279,-5.532,-0.350,-4.448,-5.327,-4.188,-0.732,-0.047,0.014,0.073,-0.004,0.782,0.003,0.007,-17.239,0.006,-14.002,-16.625,-13.163
-3.240,-4.988,-0.001,0.992,0.002,0.000,0.125,-0.310,-0.279,-5.705,-0.350,-4.588,-5.493,-4.320,-0.739,-0.054,0.014,0.061,-0.002,0.790,0.003,0.006,-17.337,0.007,-14.121,-16.723,-13.284
-3.247,-4.989,-0.000,0.992,0.003,0.000,0.129,-0.310,-0.279,-5.879,-0.350,-4.730,-5.661,-4.454,-0.746,-0.060,0.014,0.041,0.001,0.797,0.002,0.006,-17.433,0.007,-14.231,-16.817,-13.397
-3.255,-4.989,-0.000,0.991,0.003,0.000,0.133,-0.310,-0.279,-6.054,-0.350,-4.873,-5.830,-4.588,-0.752,-0.067,0.013,0.016,0.004,0.804,0.002,0.005,-17.532,0.006,-14.333,-16.909,-13.502
-3.262,-4.990,-0.000,0.991,0.003,0.000,0.137,-0.310,-0.279,-6.229,-0.350,-5.017,-5.999,-4.724,-0.758,-0.074,0.012,-0.015,0.007,0.810,0.001,0.004,-17.635,0.006,-14.424,-17.004,-13.596
-3.270,-4.991,-0.000,0.990,0.003,0.000,0.141,-0.310,-0.279,-6.406,-0.350,-5.161,-6.170,-4.860,-0.763,-0.080,0.010,-0.048,0.010,0.816,0.001,0.002,-17.747,0.005,-14.503,-17.102,-13.678
-3.278,-4.992,0.000,0.989,0.002,0.000,0.145,-0.310,-0.279,-6.584,-0.350,-5.307,-6.341,-4.997,-0.769,-0.087,0.007,-0.082,0.013,0.822,0.000,0.001,-17.867,0.004,-14.572,-17.206,-13.748
-3.285,-4.992,0.000,0.989,0.002,0.000,0.149,-0.310,-0.279,-6.764,-0.350,-5.453,-6.514,-5.135,-0.773,-0.094,0.005,-0.114,0.015,0.827,-0.000,-0.001,-17.998,0.003,-14.629,-17.318,-13.805
-3.293,-4.993,0.000,0.988,0.001,0.000,0.153,-0.310,-0.279,-6.944,-0.350,-5.599,-6.688,-5.273,-0.777,-0.101,0.002,-0.141,0.016,0.831,-0.000,-0.002,-18.139,0.002,-14.678,-17.439,-13.849
-3.301,-4.994,0.000,0.988,0.000,0.000,0.158,-0.310,-0.279,-7.126,-0.350,-5.746,-6.863,-5.412,-0.781,-0.109,-0.001,-0.160,0.016,0.835,-0.001,-0.003,-18.288,0.002,-14.718,-17.567,-13.883
-3.309,-4.996,0.000,0.987,-0.000,-0.000,0.162,-0.310,-0.279,-7.310,-0.350,-5.893,-7.039,-5.551,-0.784,-0.116,-0.004,-0.169,0.015,0.838,-0.001,-0.004,-18.444,0.001,-14.752,-17.701,-13.907
-3.317,-4.997,0.000,0.986,-0.001,-0.000,0.166,-0.310,-0.279,-7.495,-0.350,-6.041,-7.217,-5.690,-0.786,-0.123,-0.006,-0.168,0.012,0.841,-0.001,-0.004,-18.602,0.001,-14.783,-17.840,-13.925
-3.325,-4.998,0.000,0.985,-0.002,-0.000,0.170,-0.310,-0.279,-7.682,-0.350,-6.189,-7.396,-5.830,-0.788,-0.130,-0.008,-0.155,0.009,0.844,-0.001,-0.004,-18.759,0.001,-14.813,-17.979,-13.940
-3.332,-4.999,-0.000,0.985,-0.003,-0.000,0.174,-0.310,-0.279,-7.870,-0.350,-6.337,-7.576,-5.969,-0.790,-0.137,-0.009,-0.132,0.005,0.847,-0.001,-0.004,-18.911,0.001,-14.846,-18.118,-13.955
-3.340,-5.001,-0.000,0.984,-0.003,-0.000,0.178,-0.310,-0.279,-8.060,-0.350,-6.486,-7.758,-6.109,-0.791,-0.144,-0.009,-0.102,0.002,0.850,-0.000,-0.003,-19.053,0.001,-14.883,-18.251,-13.973
-3.348,-5.002,-0.000,0.983,-0.004,-0.000,0.183,-0.310,-0.279,-8.251,-0.350,-6.635,-7.941,-6.248,-0.792,-0.151,-0.010,-0.067,0.000,0.853,-0.000,-0.002,-19.183,0.000,-14.927,-18.377,-13.998
-3.356,-5.004,-0.000,0.982,-0.004,-0.000,0.187,-0.310,-0.279,-8.444,-0.350,-6.785,-8.126,-6.389,-0.793,-0.158,-0.009,-0.030,-0.001,0.856,-0.000,-0.000,-19.299,-0.001,-14.979,-18.492,-14.031
-3.364,-5.005,-0.000,0.982,-0.004,-0.000,0.191,-0.310,-0.279,-8.637,-0.350,-6.935,-8.311,-6.529,-0.794,-0.166,-0.009,0.007,-0.002,0.859,-0.000,0.001,-19.402,-0.001,-15.041,-18.595,-14.073
-3.372,-5.007,-0.001,0.981,-0.004,-0.000,0.195,-0.310,-0.279,-8.832,-0.350,-7.085,-8.498,-6.670,-0.795,-0.173,-0.009,0.040,-0.002,0.862,-0.000,0.001,-19.491,-0.002,-15.113,-18.686,-14.126
-3.380,-5.009,-0.001,0.980,-0.004,-0.000,0.199,-0.310,-0.279,-9.027,-0.350,-7.237,-8.685,-6.812,-0.796,-0.180,-0.009,0.066,-0.002,0.866,0.000,0.002,-19.568,-0.003,-15.194,-18.764,-14.188
-3.388,-5.011,-0.001,0.979,-0.003,-0.000,0.204,-0.310,-0.279,-9.223,-0.350,-7.389,-8.873,-6.954,-0.796,-0.188,-0.009,0.084,-0.001,0.869,0.000,0.003,-19.636,-0.003,-15.281,-18.830,-14.259
-3.396,-5.013,-0.001,0.978,-0.003,-0.000,0.208,-0.310,-0.279,-9.420,-0.350,-7.543,-9.061,-7.097,-0.797,-0.195,-0.009,0.094,-0.002,0.872,0.000,0.003,-19.697,-0.003,-15.372,-18.888,-14.336
-3.404,-5.015,-0.001,0.977,-0.002,-0.000,0.212,-0.310,-0.279,-9.617,-0.350,-7.697,-9.251,-7.241,-0.797,-0.203,-0.009,0.095,-0.004,0.876,0.000,0.004,-19.753,-0.003,-15.465,-18.939,-14.417
-3.412,-5.017,-0.001,0.976,-0.002,0.000,0.216,-0.310,-0.279,-9.815,-0.350,-7.852,-9.440,-7.385,-0.798,-0.210,-0.008,0.090,-0.007,0.879,0.000,0.004,-19.804,-0.003,-15.556,-18.986,-14.501
-3.420,-5.019,-0.001,0.975,-0.002,0.000,0.221,-0.310,-0.279,-10.013,-0.350,-8.008,-9.630,-7.531,-0.798,-0.218,-0.008,0.082,-0.011,0.882,0.001,0.005,-19.853,-0.002,-15.643,-19.032,-14.585
-3.428,-5.021,-0.001,0.974,-0.001,0.000,0.225,-0.310,-0.279,-10.212,-0.350,-8.165,-9.821,-7.677,-0.798,-0.226,-0.006,0.073,-0.016,0.884,0.001,0.005,-19.898,-0.002,-15.725,-19.078,-14.669
-3.436,-5.023,-0.001,0.973,-0.001,0.000,0.229,-0.310,-0.279,-10.411,-0.350,-8.322,-10.012,-7.824,-0.798,-0.233,-0.005,0.065,-0.021,0.887,0.001,0.005,-19.940,-0.001,-15.800,-19.127,-14.750
-3.444,-5.026,-0.001,0.972,-0.000,0.000,0.234,-0.310,-0.279,-10.611,-0.350,-8.481,-10.203,-7.972,-0.798,-0.241,-0.002,0.061,-0.025,0.889,0.001,0.005,-19.976,-0.000,-15.868,-19.176,-14.829
-3.452,-5.028,-0.001,0.971,-0.000,0.000,0.238,-0.310,-0.279,-10.811,-0.350,-8.640,-10.395,-8.121,-0.798,-0.248,0.000,0.061,-0.028,0.892,0.001,0.006,-20.005,0.000,-15.932,-19.226,-14.906
-3.460,-5.031,-0.001,0.970,0.000,-0.000,0.242,-0.310,-0.279,-11.011,-0.350,-8.799,-10.588,-8.270,-0.798,-0.256,0.003,0.066,-0.029,0.895,0.001,0.006,-20.025,0.001,-15.992,-19.273,-14.982
-3.468,-5.033,-0.001,0.969,0.001,-0.000,0.247,-0.310,-0.279,-11.211,-0.350,-8.960,-10.781,-8.420,-0.799,-0.264,0.007,0.074,-0.027,0.898,0.001,0.006,-20.037,0.001,-16.050,-19.316,-15.056
-3.476,-5.036,-0.001,0.968,0.001,-0.000,0.251,-0.310,-0.279,-11.412,-0.350,-9.120,-10.974,-8.571,-0.799,-0.272,0.009,0.085,-0.022,0.901,0.001,0.006,-20.040,0.002,-16.110,-19.352,-15.130
-3.484,-5.039,-0.001,0.967,0.001,-0.000,0.255,-0.310,-0.279,-11.612,-0.350,-9.282,-11.168,-8.723,-0.800,-0.280,0.012,0.094,-0.015,0.904,0.001,0.006,-20.038,0.002,-16.171,-19.379,-15.203
-3.492,-5.042,-0.001,0.966,0.002,-0.000,0.260,-0.310,-0.279,-11.812,-0.350,-9.444,-11.362,-8.875,-0.801,-0.289,0.013,0.100,-0.004,0.908,0.001,0.006,-20.033,0.003,-16.236,-19.395,-15.275
-3.500,-5.045,-0.001,0.964,0.002,0.000,0.264,-0.310,-0.279,-12.013,-0.350,-9.607,-11.556,-9.028,-0.802,-0.297,0.013,0.100,0.007,0.911,0.001,0.005,-20.028,0.003,-16.303,-19.402,-15.346
-3.508,-5.048,-0.001,0.963,0.003,0.000,0.269,-0.310,-0.279,-12.213,-0.350,-9.770,-11.750,-9.182,-0.803,-0.306,0.012,0.092,0.018,0.915,0.001,0.004,-20.029,0.003,-16.372,-19.401,-15.413
-3.516,-5.051,-0.000,0.962,0.003,0.000,0.273,-0.310,-0.279,-12.413,-0.350,-9.934,-11.944,-9.337,-0.803,-0.315,0.010,0.076,0.027,0.918,0.001,0.003,-20.037,0.003,-16.440,-19.394,-15.475
-3.524,-5.054,-0.000,0.961,0.004,0.001,0.277,-0.310,-0.278,-12.614,-0.350,-10.099,-12.138,-9.492,-0.803,-0.324,0.007,0.051,0.034,0.921,0.000,0.002,-20.056,0.003,-16.505,-19.386,-15.530
-3.532,-5.057,-0.000,0.959,0.004,0.001,0.282,-0.310,-0.278,-12.814,-0.350,-10.264,-12.331,-9.647,-0.802,-0.332,0.003,0.020,0.037,0.923,0.000,0.000,-20.087,0.003,-16.562,-19.380,-15.576
-3.540,-5.060,-0.000,0.958,0.004,0.001,0.286,-0.310,-0.278,-13.015,-0.350,-10.430,-12.525,-9.803,-0.801,-0.341,-0.000,-0.015,0.036,0.925,-0.000,-0.002,-20.132,0.003,-16.609,-19.382,-15.612
-3.548,-5.064,-0.000,0.957,0.003,0.001,0.291,-0.310,-0.279,-13.217,-0.350,-10.596,-12.719,-9.959,-0.799,-0.349,-0.004,-0.053,0.030,0.926,-0.001,-0.004,-20.191,0.002,-16.641,-19.395,-15.637
-3.556,-5.067,-0.000,0.955,0.003,0.001,0.295,-0.310,-0.279,-13.419,-0.350,-10.763,-12.913,-10.116,-0.797,-0.357,-0.006,-0.091,0.022,0.926,-0.001,-0.005,-20.261,0.002,-16.658,-19.423,-15.652
-3.564,-5.071,-0.000,0.954,0.002,0.001,0.300,-0.310,-0.279,-13.622,-0.350,-10.929,-13.108,-10.272,-0.794,-0.364,-0.008,-0.124,0.010,0.926,-0.001,-0.007,-20.341,0.001,-16.657,-19.466,-15.655
-3.572,-5.075,-0.001,0.953,0.002,0.001,0.304,-0.310,-0.279,-13.826,-0.350,-11.096,-13.303,-10.429,-0.791,-0.371,-0.008,-0.150,-0.003,0.926,-0.001,-0.008,-20.426,0.001,-16.639,-19.526,-15.649
-3.580,-5.078,-0.001,0.951,0.001,0.001,0.308,-0.310,-0.279,-14.031,-0.350,-11.262,-13.498,-10.585,-0.787,-0.379,-0.008,-0.167,-0.016,0.926,-0.001,-0.008,-20.514,0.001,-16.607,-19.601,-15.634
-3.587,-5.082,-0.001,0.950,0.000,0.000,0.313,-0.310,-0.279,-14.236,-0.350,-11.428,-13.695,-10.742,-0.784,-0.386,-0.006,-0.173,-0.028,0.925,-0.001,-0.008,-20.601,0.001,-16.562,-19.689,-15.613
-3.595,-5.086,-0.001,0.948,-0.000,-0.000,0.317,-0.310,-0.279,-14.443,-0.350,-11.593,-13.892,-10.898,-0.780,-0.393,-0.003,-0.170,-0.036,0.925,-0.000,-0.007,-20.682,0.001,-16.510,-19.785,-15.589
-3.603,-5.090,-0.001,0.947,-0.001,-0.001,0.322,-0.310,-0.279,-14.650,-0.349,-11.758,-14.090,-11.053,-0.777,-0.400,-0.000,-0.158,-0.039,0.925,-0.000,-0.006,-20.756,0.002,-16.455,-19.885,-15.562
-3.611,-5.094,-0.001,0.945,-0.002,-0.001,0.326,-0.310,-0.279,-14.858,-0.349,-11.922,-14.290,-11.209,-0.774,-0.407,0.003,-0.141,-0.036,0.926,0.000,-0.005,-20.822,0.002,-16.404,-19.985,-15.536
-3.619,-5.098,-0.001,0.944,-0.002,-0.001,0.330,-0.310,-0.279,-15.066,-0.349,-12.086,-14.490,-11.364,-0.771,-0.415,0.005,-0.119,-0.027,0.927,0.000,-0.004,-20.881,0.003,-16.359,-20.079,-15.510
-3.626,-5.102,-0.001,0.942,-0.003,-0.002,0.335,-0.005,-0.073,-15.272,-0.072,-12.253,-14.691,-11.519,-0.757,-0.438,0.012,-0.146,-0.042,0.814,50.598,36.767,-20.090,47.066,-17.077,-19.966,-15.681
-3.634,-5.107,-0.000,0.941,-0.004,-0.003,0.337,0.437,0.305,-15.467,0.355,-12.426,-14.886,-11.679,-0.699,-0.515,0.055,-0.277,-0.237,0.320,29.264,30.176,-18.960,30.917,-17.354,-19.083,-16.355
-3.640,-5.113,0.000,0.941,-0.004,-0.005,0.338,0.496,0.381,-15.653,0.485,-12.599,-15.071,-11.845,-0.656,-0.544,0.074,-0.156,-0.382,0.040,-16.322,-16.562,-18.549,-4.283,-17.338,-18.196,-16.749
-3.647,-5.118,0.001,0.941,-0.004,-0.006,0.338,0.182,0.041,-15.839,0.307,-12.773,-15.255,-12.014,-0.680,-0.537,0.014,0.026,-0.042,0.143,-39.683,-43.402,-18.646,-27.229,-17.390,-18.498,-16.919
-3.654,-5.123,0.001,0.941,-0.004,-0.005,0.339,-0.115,-0.290,-16.026,0.070,-12.947,-15.441,-12.184,-0.688,-0.550,-0.043,0.082,0.300,0.093,-14.120,-17.762,-18.696,-14.630,-17.488,-18.625,-17.291
-3.661,-5.129,0.000,0.941,-0.004,-0.003,0.339,-0.049,-0.276,-16.213,0.099,-13.123,-15.627,-12.358,-0.703,-0.537,-0.067,0.197,0.465,0.175,23.883,18.109,-18.647,18.226,-17.575,-18.760,-17.266
-3.668,-5.134,-0.000,0.940,-0.004,-0.001,0.340,0.237,-0.013,-16.397,0.325,-13.298,-15.814,-12.529,-0.685,-0.535,-0.014,0.081,0.106,0.152,26.487,28.449,-18.165,21.364,-17.433,-18.475,-17.060
-3.674,-5.140,-0.000,0.940,-0.004,-0.002,0.340,0.370,0.169,-16.576,0.440,-13.472,-15.995,-12.701,-0.638,-0.571,0.020,-0.202,-0.091,-0.108,-0.943,5.175,-17.770,0.827,-17.426,-17.737,-17.266
-3.681,-5.146,-0.000,0.941,-0.005,-0.002,0.340,0.239,0.086,-16.753,0.351,-13.647,-16.170,-12.875,-0.632,-0.583,0.003,-0.004,-0.032,-0.232,-21.782,-18.365,-17.718,-16.512,-17.480,-17.445,-17.583
-3.687,-5.151,-0.000,0.941,-0.004,-0.002,0.339,0.033,-0.095,-16.931,0.175,-13.822,-16.345,-13.051,-0.654,-0.561,-0.018,0.223,0.056,-0.094,-15.063,-13.588,-17.856,-15.191,-17.543,-17.689,-17.474
-3.694,-5.157,-0.000,0.941,-0.003,-0.001,0.339,0.002,-0.125,-17.110,0.113,-13.997,-16.524,-13.224,-0.675,-0.532,-0.016,0.344,0.061,0.091,8.268,7.279,-17.988,3.091,-17.557,-17.911,-17.137
-3.700,-5.162,-0.000,0.941,-0.002,-0.001,0.339,0.150,0.019,-17.289,0.206,-14.172,-16.702,-13.395,-0.663,-0.539,0.006,0.173,-0.108,0.037,17.423,18.378,-17.801,12.233,-17.445,-17.780,-17.173
-3.707,-5.168,-0.000,0.941,-0.001,-0.001,0.339,0.271,0.168,-17.466,0.294,-14.347,-16.879,-13.568,-0.641,-0.567,0.005,0.052,-0.106,-0.145,4.980,9.047,-17.438,4.005,-17.600,-17.441,-17.579
-3.713,-5.173,-0.000,0.941,-0.000,-0.001,0.338,0.239,0.174,-17.638,0.273,-14.524,-17.051,-13.747,-0.627,-0.592,-0.007,0.135,-0.020,-0.330,-10.106,-6.883,-17.120,-7.442,-17.667,-17.123,-18.146
-3.719,-5.179,-0.000,0.942,0.000,-0.001,0.336,0.117,0.075,-17.808,0.175,-14.701,-17.222,-13.930,-0.627,-0.595,-0.011,0.185,0.021,-0.364,-11.544,-10.234,-16.926,-10.275,-17.870,-17.008,-18.406
-3.726,-5.185,-0.001,0.942,0.001,-0.001,0.335,0.058,0.019,-17.978,0.110,-14.881,-17.392,-14.114,-0.638,-0.579,-0.004,0.214,-0.005,-0.276,0.395,-0.086,-16.960,-1.833,-18.005,-17.076,-18.333
-3.732,-5.191,-0.001,0.943,0.002,-0.000,0.333,0.118,0.073,-18.148,0.140,-15.061,-17.563,-14.297,-0.644,-0.570,0.003,0.184,-0.025,-0.231,9.696,9.344,-17.041,6.463,-18.030,-17.106,-18.312
-3.739,-5.197,-0.000,0.943,0.003,-0.000,0.332,0.205,0.166,-18.318,0.203,-15.242,-17.733,-14.481,-0.635,-0.580,0.006,0.095,-0.020,-0.305,6.036,7.538,-16.882,4.763,-18.259,-16.904,-18.503
-3.745,-5.203,-0.000,0.944,0.003,-0.000,0.330,0.216,0.196,-18.485,0.216,-15.427,-17.901,-14.667,-0.621,-0.595,0.006,0.049,-0.004,-0.433,-3.495,-1.649,-16.521,-2.163,-18.683,-16.547,-18.780
-3.751,-5.209,-0.000,0.945,0.004,-0.000,0.328,0.154,0.147,-18.649,0.170,-15.616,-18.065,-14.856,-0.620,-0.597,0.003,0.057,0.026,-0.474,-7.388,-6.567,-16.319,-5.912,-19.000,-16.377,-18.935
-3.757,-5.214,-0.000,0.945,0.004,0.000,0.326,0.102,0.098,-18.812,0.123,-15.806,-18.229,-15.046,-0.633,-0.587,0.002,0.072,0.045,-0.421,-2.174,-2.457,-16.409,-2.677,-18.998,-16.455,-18.935
-3.764,-5.220,-0.000,0.946,0.004,0.001,0.324,0.118,0.108,-18.977,0.126,-15.995,-18.394,-15.235,-0.644,-0.579,0.001,0.054,0.051,-0.372,4.545,4.027,-16.593,2.789,-18.880,-16.561,-18.915
-3.770,-5.226,-0.000,0.947,0.004,0.001,0.322,0.170,0.159,-19.143,0.162,-16.184,-18.560,-15.424,-0.644,-0.581,-0.001,0.011,0.053,-0.395,4.683,5.073,-16.641,3.596,-18.959,-16.507,-18.977
-3.777,-5.232,-0.000,0.947,0.004,0.001,0.320,0.192,0.189,-19.309,0.183,-16.375,-18.724,-15.614,-0.639,-0.587,-0.003,-0.025,0.048,-0.456,-0.431,0.525,-16.536,0.266,-19.202,-16.347,-19.085
-3.783,-5.238,-0.000,0.948,0.004,0.001,0.318,0.166,0.171,-19.474,0.167,-16.568,-18.887,-15.806,-0.639,-0.588,-0.005,-0.044,0.040,-0.484,-3.952,-3.375,-16.480,-2.860,-19.378,-16.262,-19.150
-3.789,-5.244,-0.000,0.949,0.003,0.001,0.316,0.132,0.139,-19.640,0.139,-16.762,-19.050,-15.997,-0.647,-0.582,-0.006,-0.057,0.030,-0.461,-2.315,-2.410,-16.572,-2.173,-19.376,-16.323,-19.145
-3.796,-5.249,-0.000,0.949,0.003,0.001,0.314,0.128,0.132,-19.806,0.132,-16.955,-19.214,-16.188,-0.655,-0.575,-0.007,-0.077,0.016,-0.429,1.458,1.064,-16.729,0.639,-19.298,-16.437,-19.113
-3.802,-5.255,-0.001,0.950,0.003,0.001,0.312,0.152,0.154,-19.974,0.147,-17.148,-19.378,-16.380,-0.659,-0.573,-0.007,-0.105,0.001,-0.428,2.775,2.725,-16.833,1.984,-19.280,-16.498,-19.115
-3.809,-5.261,-0.001,0.951,0.002,0.001,0.310,0.171,0.175,-20.142,0.162,-17.341,-19.543,-16.571,-0.658,-0.574,-0.006,-0.132,-0.015,-0.455,0.765,1.134,-16.870,0.794,-19.328,-16.499,-19.156
-3.816,-5.267,-0.001,0.952,0.001,0.001,0.307,0.166,0.173,-20.311,0.160,-17.534,-19.708,-16.763,-0.659,-0.575,-0.005,-0.149,-0.027,-0.478,-1.585,-1.220,-16.909,-1.060,-19.356,-16.514,-19.194
-3.822,-5.272,-0.001,0.952,0.001,0.000,0.305,0.147,0.157,-20.481,0.146,-17.728,-19.874,-16.955,-0.663,-0.571,-0.003,-0.156,-0.034,-0.475,-1.695,-1.624,-16.992,-1.410,-19.314,-16.604,-19.192
-3.829,-5.278,-0.001,0.953,0.000,-0.000,0.303,0.138,0.147,-20.651,0.137,-17.921,-20.041,-17.146,-0.670,-0.566,-0.000,-0.158,-0.037,-0.455,-0.062,-0.261,-17.099,-0.315,-19.228,-16.750,-19.156
-3.836,-5.284,-0.001,0.954,-0.001,-0.000,0.301,0.146,0.152,-20.823,0.140,-18.112,-20.209,-17.338,-0.675,-0.563,0.002,-0.159,-0.034,-0.443,1.307,1.049,-17.193,0.835,-19.156,-16.890,-19.120
-3.842,-5.289,-0.001,0.954,-0.001,-0.001,0.299,0.158,0.163,-20.995,0.149,-18.304,-20.378,-17.529,-0.678,-0.562,0.004,-0.155,-0.026,-0.451,0.841,0.877,-17.263,0.674,-19.117,-16.985,-19.105
-3.849,-5.295,-0.001,0.955,-0.002,-0.001,0.297,0.160,0.167,-21.168,0.152,-18.495,-20.548,-17.720,-0.680,-0.562,0.005,-0.141,-0.013,-0.465,-0.290,-0.112,-17.326,-0.068,-19.093,-17.054,-19.095
-3.856,-5.301,-0.001,0.956,-0.003,-0.001,0.294,0.154,0.162,-21.342,0.148,-18.686,-20.719,-17.911,-0.684,-0.560,0.006,-0.116,0.002,-0.470,-0.802,-0.695,-17.392,-0.579,-19.065,-17.134,-19.069
-3.863,-5.306,-0.001,0.956,-0.003,-0.001,0.292,0.148,0.156,-21.516,0.143,-18.876,-20.891,-18.101,-0.689,-0.557,0.005,-0.085,0.018,-0.464,-0.336,-0.377,-17.458,-0.328,-19.039,-17.228,-19.024
-3.870,-5.312,-0.000,0.957,-0.003,-0.001,0.290,0.148,0.155,-21.691,0.142,-19.066,-21.064,-18.291,-0.694,-0.554,0.004,-0.052,0.032,-0.456,0.227,0.110,-17.517,0.067,-19.028,-17.314,-18.974
-3.877,-5.317,-0.000,0.958,-0.004,-0.001,0.288,0.151,0.158,-21.866,0.144,-19.257,-21.237,-18.481,-0.698,-0.552,0.002,-0.020,0.043,-0.453,0.384,0.355,-17.565,0.229,-19.043,-17.371,-18.935
-3.884,-5.323,-0.000,0.958,-0.004,-0.001,0.286,0.154,0.161,-22.042,0.145,-19.447,-21.411,-18.670,-0.702,-0.550,-0.001,0.012,0.050,-0.456,0.138,0.180,-17.604,0.094,-19.081,-17.397,-18.910
-3.891,-5.328,-0.000,0.959,-0.004,-0.001,0.283,0.154,0.162,-22.218,0.146,-19.638,-21.585,-18.859,-0.704,-0.547,-0.004,0.042,0.051,-0.458,-0.044,0.036,-17.634,0.004,-19.137,-17.405,-18.898
-3.898,-5.334,-0.001,0.960,-0.004,-0.001,0.281,0.153,0.162,-22.395,0.146,-19.830,-21.759,-19.048,-0.707,-0.544,-0.007,0.070,0.046,-0.459,-0.100,-0.028,-17.655,-0.047,-19.203,-17.402,-18.898
-3.905,-5.339,-0.001,0.960,-0.003,-0.000,0.279,0.152,0.161,-22.571,0.145,-20.023,-21.933,-19.237,-0.709,-0.541,-0.009,0.091,0.036,-0.459,-0.058,-0.013,-17.667,-0.038,-19.275,-17.392,-18.910
-3.912,-5.345,-0.001,0.961,-0.003,0.000,0.277,0.152,0.161,-22.748,0.145,-20.216,-22.107,-19.426,-0.711,-0.538,-0.010,0.105,0.021,-0.457,-0.019,-0.002,-17.669,-0.021,-19.349,-17.376,-18.936
-3.919,-5.350,-0.001,0.962,-0.002,0.000,0.275,0.152,0.161,-22.925,0.145,-20.410,-22.281,-19.616,-0.713,-0.534,-0.011,0.112,0.003,-0.456,0.001,0.003,-17.660,-0.012,-19.422,-17.357,-18.977
-3.926,-5.355,-0.001,0.962,-0.002,0.000,0.272,0.152,0.161,-23.101,0.145,-20.604,-22.454,-19.806,-0.715,-0.530,-0.010,0.113,-0.017,-0.455,0.008,0.005,-17.639,-0.008,-19.489,-17.338,-19.032
-3.933,-5.360,-0.001,0.963,-0.001,0.000,0.270,0.152,0.161,-23.277,0.145,-20.799,-22.627,-19.996,-0.717,-0.527,-0.008,0.111,-0.034,-0.455,0.007,0.006,-17.607,-0.006,-19.548,-17.321,-19.100
-3.941,-5.366,-0.001,0.963,-0.001,0.000,0.268,0.152,0.161,-23.453,0.145,-20.995,-22.801,-20.188,-0.719,-0.523,-0.005,0.107,-0.047,-0.454,0.004,0.006,-17.567,-0.005,-19.597,-17.308,-19.178
-3.948,-5.371,-0.001,0.964,0.000,0.000,0.266,0.152,0.161,-23.629,0.144,-21.191,-22.974,-20.380,-0.721,-0.520,-0.002,0.103,-0.054,-0.454,0.002,0.006,-17.519,-0.004,-19.639,-17.298,-19.262
-3.955,-5.376,-0.001,0.965,0.001,0.000,0.264,0.152,0.162,-23.804,0.144,-21.388,-23.147,-20.573,-0.723,-0.517,0.001,0.098,-0.055,-0.455,0.000,0.006,-17.466,-0.003,-19.673,-17.290,-19.349
-3.962,-5.381,-0.001,0.965,0.001,-0.000,0.261,0.152,0.162,-23.978,0.144,-21.585,-23.319,-20.767,-0.726,-0.514,0.005,0.094,-0.050,-0.455,-0.000,0.006,-17.411,-0.002,-19.704,-17.282,-19.434
-3.970,-5.386,-0.001,0.966,0.002,-0.000,0.259,0.152,0.162,-24.152,0.144,-21.782,-23.492,-20.962,-0.729,-0.511,0.007,0.091,-0.040,-0.455,0.000,0.005,-17.357,-0.001,-19.733,-17.271,-19.515
-3.977,-5.392,-0.001,0.966,0.002,-0.000,0.257,0.152,0.162,-24.325,0.144,-21.979,-23.665,-21.157,-0.733,-0.509,0.009,0.088,-0.027,-0.456,0.001,0.005,-17.306,0.000,-19.764,-17.257,-19.588
-3.984,-5.397,-0.001,0.967,0.003,-0.000,0.255,0.152,0.162,-24.498,0.144,-22.177,-23.837,-21.353,-0.737,-0.506,0.010,0.084,-0.012,-0.457,0.001,0.004,-17.262,0.001,-19.798,-17.237,-19.653
-3.992,-5.402,-0.001,0.968,0.003,-0.000,0.253,0.152,0.162,-24.670,0.144,-22.375,-24.010,-21.550,-0.740,-0.504,0.011,0.078,0.002,-0.458,0.001,0.004,-17.226,0.002,-19.835,-17.210,-19.709
-3.999,-5.407,-0.001,0.968,0.003,0.000,0.250,0.152,0.162,-24.842,0.144,-22.574,-24.182,-21.748,-0.744,-0.502,0.010,0.070,0.014,-0.459,0.001,0.003,-17.199,0.003,-19.875,-17.177,-19.756
-4.007,-5.412,-0.001,0.969,0.004,0.000,0.248,0.152,0.162,-25.014,0.144,-22.773,-24.353,-21.945,-0.748,-0.499,0.009,0.056,0.022,-0.461,0.001,0.002,-17.184,0.004,-19.915,-17.141,-19.796
-4.014,-5.417,-0.000,0.969,0.004,0.000,0.246,0.152,0.162,-25.186,0.145,-22.972,-24.524,-22.143,-0.752,-0.497,0.007,0.038,0.025,-0.462,0.001,0.001,-17.180,0.004,-19.951,-17.105,-19.828
-4.022,-5.422,-0.000,0.970,0.004,0.001,0.244,0.152,0.162,-25.358,0.145,-23.172,-24.695,-22.342,-0.755,-0.494,0.005,0.013,0.024,-0.463,0.000,-0.000,-17.187,0.004,-19.979,-17.071,-19.853
-4.029,-5.427,-0.000,0.970,0.004,0.001,0.241,0.152,0.162,-25.530,0.145,-23.372,-24.866,-22.541,-0.759,-0.492,0.004,-0.016,0.020,-0.465,0.000,-0.001,-17.208,0.003,-19.995,-17.045,-19.871
-4.037,-5.431,-0.000,0.971,0.004,0.001,0.239,0.152,0.162,-25.702,0.145,-23.572,-25.036,-22.739,-0.762,-0.489,0.002,-0.051,0.013,-0.467,-0.000,-0.002,-17.240,0.003,-19.996,-17.032,-19.883
-4.044,-5.436,-0.000,0.972,0.003,0.001,0.237,0.152,0.162,-25.875,0.145,-23.772,-25.206,-22.938,-0.765,-0.486,0.001,-0.087,0.006,-0.468,-0.001,-0.003,-17.285,0.001,-19.982,-17.033,-19.886
-4.052,-5.441,-0.000,0.972,0.003,0.001,0.235,0.152,0.162,-26.048,0.145,-23.971,-25.377,-23.137,-0.768,-0.483,0.000,-0.123,0.001,-0.470,-0.001,-0.004,-17.341,-0.000,-19.952,-17.053,-19.880
-4.060,-5.446,-0.000,0.973,0.002,0.000,0.232,0.152,0.162,-26.222,0.145,-24.171,-25.548,-23.336,-0.771,-0.480,-0.000,-0.154,-0.003,-0.472,-0.001,-0.004,-17.409,-0.002,-19.909,-17.092,-19.862
-4.067,-5.451,-0.000,0.973,0.001,0.000,0.230,0.152,0.162,-26.396,0.145,-24.369,-25.719,-23.534,-0.774,-0.477,-0.001,-0.177,-0.003,-0.474,-0.002,-0.005,-17.486,-0.003,-19.857,-17.148,-19.832
-4.075,-5.456,-0.000,0.974,0.000,0.000,0.228,0.152,0.162,-26.571,0.145,-24.568,-25.891,-23.732,-0.778,-0.473,-0.001,-0.190,-0.001,-0.476,-0.002,-0.006,-17.571,-0.004,-19.800,-17.220,-19.789
-4.083,-5.460,-0.000,0.974,-0.001,-0.000,0.225,0.152,0.162,-26.748,0.145,-24.765,-26.063,-23.930,-0.781,-0.470,-0.001,-0.190,0.003,-0.477,-0.002,-0.006,-17.659,-0.004,-19.744,-17.303,-19.733
-4.091,-5.465,-0.000,0.975,-0.001,-0.000,0.223,0.152,0.161,-26.925,0.145,-24.963,-26.237,-24.127,-0.784,-0.466,-0.001,-0.176,0.009,-0.477,-0.002,-0.006,-17.746,-0.005,-19.691,-17.390,-19.665
-4.099,-5.470,-0.000,0.975,-0.002,-0.000,0.221,0.152,0.161,-27.102,0.144,-25.159,-26.411,-24.323,-0.787,-0.463,-0.001,-0.149,0.014,-0.477,-0.002,-0.006,-17.827,-0.005,-19.648,-17.475,-19.591
-4.107,-5.474,-0.000,0.976,-0.003,-0.001,0.218,0.152,0.161,-27.281,0.144,-25.356,-26.586,-24.519,-0.789,-0.459,-0.002,-0.113,0.020,-0.476,-0.001,-0.006,-17.897,-0.004,-19.617,-17.553,-19.516
-4.114,-5.479,-0.000,0.976,-0.003,-0.001,0.216,0.152,0.161,-27.460,0.144,-25.552,-26.762,-24.714,-0.792,-0.455,-0.003,-0.073,0.026,-0.475,-0.001,-0.005,-17.953,-0.005,-19.602,-17.619,-19.446
-4.122,-5.483,-0.000,0.977,-0.004,-0.000,0.214,0.152,0.161,-27.640,0.144,-25.748,-26.938,-24.908,-0.794,-0.451,-0.005,-0.030,0.030,-0.474,-0.001,-0.004,-17.995,-0.005,-19.604,-17.670,-19.386
-4.130,-5.488,-0.000,0.977,-0.004,-0.000,0.211,0.152,0.161,-27.820,0.144,-25.944,-27.115,-25.101,-0.795,-0.447,-0.006,0.012,0.032,-0.472,-0.001,-0.003,-18.023,-0.005,-19.623,-17.704,-19.340
-4.138,-5.492,-0.001,0.978,-0.004,-0.000,0.209,0.152,0.161,-28.001,0.144,-26.140,-27.293,-25.295,-0.797,-0.443,-0.008,0.049,0.030,-0.471,-0.000,-0.002,-18.037,-0.005,-19.656,-17.722,-19.312
-4.146,-5.497,-0.001,0.978,-0.003,0.000,0.207,0.152,0.161,-28.181,0.144,-26.337,-27.470,-25.488,-0.798,-0.439,-0.010,0.080,0.026,-0.469,-0.000,-0.000,-18.040,-0.004,-19.701,-17.723,-19.302
-4.154,-5.501,-0.001,0.979,-0.003,0.000,0.205,0.152,0.161,-28.361,0.144,-26.534,-27.647,-25.681,-0.799,-0.435,-0.011,0.100,0.018,-0.467,0.000,0.001,-18.032,-0.004,-19.753,-17.711,-19.311
-4.162,-5.505,-0.001,0.979,-0.002,0.000,0.202,0.152,0.161,-28.542,0.144,-26.732,-27.824,-25.874,-0.800,-0.430,-0.011,0.110,0.006,-0.465,0.000,0.002,-18.015,-0.004,-19.807,-17.690,-19.337
-4.170,-5.510,-0.001,0.980,-0.002,0.000,0.200,0.152,0.161,-28.722,0.144,-26.930,-28.001,-26.067,-0.800,-0.426,-0.010,0.109,-0.008,-0.464,0.000,0.002,-17.990,-0.003,-19.859,-17.663,-19.377
-4.178,-5.514,-0.001,0.980,-0.001,0.001,0.198,0.152,0.161,-28.901,0.144,-27.129,-28.177,-26.261,-0.801,-0.422,-0.009,0.100,-0.021,-0.463,0.000,0.003,-17.960,-0.003,-19.903,-17.636,-19.429
-4.186,-5.518,-0.001,0.981,-0.001,0.000,0.195,0.152,0.161,-29.081,0.144,-27.328,-28.353,-26.456,-0.802,-0.417,-0.007,0.088,-0.032,-0.462,0.000,0.003,-17.927,-0.003,-19.939,-17.612,-19.490
-4.194,-5.522,-0.001,0.981,-0.000,0.000,0.193,0.152,0.161,-29.260,0.144,-27.528,-28.529,-26.651,-0.803,-0.413,-0.005,0.074,-0.040,-0.461,0.001,0.004,-17.891,-0.002,-19.965,-17.595,-19.555
-4.202,-5.526,-0.001,0.982,-0.000,0.000,0.191,0.152,0.161,-29.439,0.144,-27.728,-28.705,-26.847,-0.804,-0.409,-0.003,0.062,-0.044,-0.461,0.001,0.004,-17.853,-0.002,-19.983,-17.584,-19.621
-4.210,-5.530,-0.001,0.982,0.000,0.000,0.189,0.152,0.161,-29.617,0.144,-27.928,-28.881,-27.044,-0.806,-0.405,-0.000,0.052,-0.045,-0.461,0.001,0.004,-17.814,-0.001,-19.996,-17.579,-19.685
-4.218,-5.534,-0.001,0.982,0.001,-0.000,0.186,0.152,0.161,-29.795,0.144,-28.128,-29.057,-27.241,-0.807,-0.402,0.002,0.047,-0.043,-0.461,0.001,0.004,-17.772,-0.000,-20.005,-17.579,-19.743
-4.227,-5.538,-0.001,0.983,0.001,-0.000,0.184,0.152,0.162,-29.972,0.144,-28.328,-29.233,-27.439,-0.810,-0.398,0.005,0.047,-0.038,-0.462,0.001,0.004,-17.729,0.001,-20.014,-17.580,-19.796
-4.235,-5.542,-0.001,0.983,0.001,-0.000,0.182,0.152,0.162,-30.149,0.144,-28.528,-29.409,-27.637,-0.812,-0.395,0.007,0.051,-0.031,-0.463,0.001,0.005,-17.683,0.002,-20.025,-17.579,-19.842
-4.243,-5.546,-0.001,0.984,0.001,-0.000,0.180,0.152,0.162,-30.326,0.144,-28.728,-29.584,-27.835,-0.815,-0.392,0.009,0.058,-0.024,-0.463,0.001,0.005,-17.637,0.003,-20.039,-17.574,-19.883
-4.251,-5.550,-0.001,0.984,0.002,-0.001,0.177,0.152,0.162,-30.502,0.144,-28.929,-29.760,-28.034,-0.818,-0.388,0.010,0.065,-0.018,-0.464,0.001,0.005,-17.590,0.004,-20.055,-17.562,-19.922
-4.259,-5.554,-0.001,0.985,0.002,-0.001,0.175,0.152,0.162,-30.678,0.144,-29.129,-29.936,-28.234,-0.821,-0.385,0.011,0.069,-0.012,-0.465,0.001,0.004,-17.546,0.005,-20.075,-17.543,-19.958
-4.267,-5.558,-0.001,0.985,0.002,-0.000,0.173,0.152,0.162,-30.853,0.144,-29.330,-30.111,-28.434,-0.824,-0.382,0.012,0.069,-0.008,-0.466,0.001,0.004,-17.505,0.006,-20.093,-17.516,-19.994
-4.276,-5.562,-0.001,0.985,0.003,-0.000,0.170,0.152,0.162,-31.028,0.144,-29.531,-30.286,-28.634,-0.827,-0.379,0.012,0.061,-0.005,-0.467,0.001,0.003,-17.471,0.006,-20.109,-17.483,-20.030
-4.284,-5.565,-0.001,0.986,0.003,-0.000,0.168,0.152,0.162,-31.203,0.144,-29.732,-30.460,-28.834,-0.831,-0.376,0.012,0.046,-0.002,-0.468,0.001,0.002,-17.445,0.006,-20.118,-17.447,-20.063
-4.292,-5.569,-0.000,0.986,0.003,-0.000,0.166,0.152,0.162,-31.377,0.144,-29.933,-30.635,-29.035,-0.834,-0.373,0.012,0.023,0.000,-0.469,0.000,0.000,-17.430,0.006,-20.118,-17.412,-20.093
-4.301,-5.573,-0.000,0.987,0.003,-0.000,0.163,0.152,0.162,-31.551,0.144,-30.135,-30.809,-29.236,-0.838,-0.370,0.011,-0.007,0.003,-0.471,-0.000,-0.001,-17.429,0.005,-20.107,-17.381,-20.115
-4.309,-5.577,-0.000,0.987,0.003,-0.000,0.161,0.152,0.162,-31.726,0.144,-30.336,-30.982,-29.437,-0.841,-0.367,0.010,-0.041,0.008,-0.472,-0.000,-0.002,-17.444,0.003,-20.086,-17.359,-20.126
-4.317,-5.580,-0.000,0.987,0.003,-0.000,0.159,0.152,0.162,-31.900,0.144,-30.536,-31.156,-29.638,-0.845,-0.364,0.009,-0.077,0.016,-0.474,-0.001,-0.003,-17.475,0.002,-20.058,-17.348,-20.124
-4.326,-5.584,-0.000,0.988,0.002,-0.000,0.156,0.152,0.162,-32.075,0.144,-30.737,-31.329,-29.840,-0.848,-0.360,0.007,-0.111,0.026,-0.476,-0.001,-0.004,-17.523,0.000,-20.025,-17.352,-20.107
-4.334,-5.587,0.000,0.988,0.002,-0.000,0.154,0.152,0.162,-32.251,0.144,-30.937,-31.503,-30.041,-0.851,-0.357,0.004,-0.139,0.037,-0.478,-0.002,-0.004,-17.587,-0.002,-19.993,-17.370,-20.071
-4.343,-5.591,0.000,0.988,0.001,-0.000,0.152,0.152,0.162,-32.427,0.144,-31.137,-31.677,-30.241,-0.854,-0.353,0.001,-0.158,0.048,-0.480,-0.002,-0.005,-17.665,-0.003,-19.962,-17.401,-20.017
-4.351,-5.595,0.000,0.989,0.000,-0.000,0.149,0.152,0.162,-32.604,0.144,-31.336,-31.851,-30.441,-0.857,-0.349,-0.002,-0.164,0.055,-0.481,-0.002,-0.006,-17.753,-0.004,-19.936,-17.441,-19.946
-4.360,-5.598,0.000,0.989,-0.001,0.000,0.147,0.005,0.038,-32.782,0.038,-31.533,-32.027,-30.640,-0.870,-0.328,-0.003,-0.122,0.049,-0.362,-23.884,-20.706,-17.954,-18.180,-19.422,-17.806,-19.732
-4.369,-5.601,0.000,0.989,-0.001,0.000,0.146,-0.198,-0.151,-32.964,-0.138,-31.724,-32.208,-30.834,-0.885,-0.277,0.001,-0.054,0.006,-0.081,-12.878,-13.622,-18.407,-13.176,-18.845,-18.373,-19.086
-4.378,-5.604,0.000,0.989,-0.001,0.000,0.146,-0.205,-0.193,-33.150,-0.160,-31.911,-32.394,-31.021,-0.890,-0.235,0.001,-0.035,-0.026,0.160,10.480,4.841,-18.780,8.431,-18.556,-18.834,-18.368
-4.387,-5.606,0.000,0.989,-0.002,0.000,0.147,-0.044,-0.086,-33.339,-0.016,-32.096,-32.584,-31.203,-0.889,-0.233,-0.009,-0.086,0.012,0.192,17.571,13.550,-18.975,16.576,-18.498,-19.025,-18.133
-4.396,-5.608,-0.000,0.989,-0.002,0.000,0.148,0.064,0.009,-33.529,0.095,-32.281,-32.774,-31.385,-0.882,-0.254,-0.010,-0.156,0.004,0.091,2.545,3.683,-19.005,4.007,-18.427,-18.942,-18.233
-4.404,-5.611,-0.000,0.989,-0.003,-0.000,0.148,0.002,-0.030,-33.719,0.055,-32.465,-32.963,-31.567,-0.878,-0.263,-0.012,-0.111,0.000,0.036,-12.712,-9.931,-19.107,-10.279,-18.346,-18.880,-18.289
-4.413,-5.613,-0.000,0.989,-0.003,-0.000,0.149,-0.125,-0.136,-33.911,-0.062,-32.647,-33.152,-31.750,-0.880,-0.247,-0.015,0.011,0.005,0.122,-10.005,-8.835,-19.283,-10.592,-18.232,-19.057,-18.091
-4.422,-5.616,-0.000,0.989,-0.003,-0.000,0.150,-0.156,-0.171,-34.105,-0.111,-32.829,-33.344,-31.929,-0.883,-0.225,-0.014,0.100,-0.006,0.251,3.703,1.867,-19.385,1.299,-18.092,-19.306,-17.792
-4.431,-5.618,-0.001,0.989,-0.002,-0.000,0.151,-0.074,-0.110,-34.299,-0.050,-33.010,-33.538,-32.106,-0.882,-0.220,-0.013,0.098,-0.010,0.298,10.568,8.659,-19.397,8.841,-18.041,-19.441,-17.674
-4.440,-5.620,-0.001,0.988,-0.002,-0.000,0.152,0.005,-0.038,-34.492,0.020,-33.190,-33.732,-32.283,-0.877,-0.237,-0.012,0.058,-0.013,0.228,3.805,4.565,-19.334,3.838,-18.125,-19.346,-17.824
-4.448,-5.623,-0.001,0.988,-0.002,-0.000,0.153,-0.011,-0.037,-34.685,0.012,-33.372,-33.924,-32.463,-0.869,-0.252,-0.012,0.053,-0.013,0.145,-6.052,-3.892,-19.286,-4.913,-18.290,-19.164,-18.018
-4.457,-5.625,-0.001,0.988,-0.001,-0.000,0.154,-0.084,-0.091,-34.878,-0.055,-33.556,-34.116,-32.643,-0.869,-0.251,-0.011,0.082,-0.006,0.153,-6.829,-5.495,-19.304,-6.854,-18.344,-19.145,-18.070
-4.466,-5.628,-0.001,0.988,-0.001,-0.000,0.155,-0.118,-0.121,-35.072,-0.096,-33.739,-34.308,-32.824,-0.872,-0.240,-0.009,0.098,-0.013,0.223,0.418,-0.131,-19.343,-0.900,-18.222,-19.270,-18.007
-4.474,-5.630,-0.001,0.988,-0.000,-0.000,0.156,-0.081,-0.095,-35.265,-0.073,-33.920,-34.501,-33.004,-0.873,-0.236,-0.006,0.075,-0.017,0.258,5.799,4.655,-19.359,4.638,-18.114,-19.362,-17.999
-4.483,-5.632,-0.001,0.988,-0.000,-0.000,0.157,-0.030,-0.050,-35.458,-0.028,-34.102,-34.695,-33.184,-0.870,-0.247,-0.004,0.040,-0.019,0.215,3.401,3.494,-19.287,3.278,-18.202,-19.298,-18.132
-4.492,-5.635,-0.001,0.987,0.000,-0.000,0.158,-0.026,-0.038,-35.651,-0.021,-34.285,-34.887,-33.366,-0.865,-0.259,-0.002,0.023,-0.022,0.153,-2.377,-1.220,-19.181,-1.693,-18.397,-19.164,-18.296
-4.500,-5.638,-0.001,0.987,0.000,-0.000,0.159,-0.064,-0.065,-35.842,-0.053,-34.469,-35.078,-33.550,-0.864,-0.261,0.000,0.028,-0.023,0.145,-4.254,-3.329,-19.146,-3.956,-18.485,-19.131,-18.365
-4.509,-5.640,-0.001,0.987,0.000,-0.000,0.160,-0.092,-0.089,-36.034,-0.083,-34.654,-35.270,-33.733,-0.868,-0.254,0.002,0.041,-0.024,0.192,-0.939,-1.081,-19.207,-1.467,-18.396,-19.223,-18.326
-4.518,-5.643,-0.001,0.987,0.001,-0.000,0.161,-0.081,-0.084,-36.226,-0.078,-34.837,-35.463,-33.916,-0.870,-0.249,0.005,0.047,-0.023,0.230,2.743,1.970,-19.274,2.056,-18.281,-19.320,-18.287
-4.527,-5.645,-0.001,0.987,0.001,-0.000,0.162,-0.051,-0.060,-36.419,-0.053,-35.020,-35.656,-34.099,-0.870,-0.254,0.007,0.047,-0.022,0.219,2.477,2.243,-19.239,2.331,-18.296,-19.328,-18.337
-4.535,-5.648,-0.001,0.987,0.001,-0.001,0.163,-0.041,-0.048,-36.611,-0.041,-35.203,-35.849,-34.283,-0.869,-0.263,0.009,0.053,-0.020,0.182,-0.435,0.065,-19.119,0.020,-18.416,-19.266,-18.448
-4.544,-5.650,-0.001,0.987,0.001,-0.001,0.164,-0.056,-0.057,-36.802,-0.051,-35.388,-36.041,-34.468,-0.869,-0.268,0.011,0.066,-0.017,0.164,-2.149,-1.560,-19.020,-1.815,-18.511,-19.222,-18.532
-4.553,-5.653,-0.001,0.986,0.002,-0.001,0.165,-0.073,-0.071,-36.992,-0.068,-35.573,-36.234,-34.654,-0.872,-0.267,0.012,0.079,-0.013,0.181,-1.058,-1.024,-19.011,-1.181,-18.512,-19.235,-18.549
-4.561,-5.656,-0.001,0.986,0.002,-0.001,0.165,-0.074,-0.074,-37.182,-0.071,-35.758,-36.426,-34.839,-0.875,-0.265,0.013,0.080,-0.008,0.205,0.815,0.399,-19.044,0.458,-18.478,-19.260,-18.542
-4.570,-5.658,-0.001,0.986,0.003,-0.001,0.167,-0.062,-0.065,-37.372,-0.062,-35.943,-36.619,-35.025,-0.877,-0.267,0.013,0.068,-0.002,0.210,1.344,1.093,-19.043,1.133,-18.479,-19.246,-18.570
-4.579,-5.661,-0.000,0.986,0.003,-0.001,0.168,-0.053,-0.057,-37.563,-0.054,-36.128,-36.811,-35.211,-0.878,-0.273,0.013,0.045,0.004,0.196,0.342,0.454,-18.992,0.456,-18.520,-19.193,-18.639
-4.588,-5.664,-0.000,0.986,0.003,-0.000,0.168,-0.055,-0.057,-37.752,-0.054,-36.313,-37.003,-35.397,-0.879,-0.277,0.012,0.018,0.010,0.183,-0.704,-0.407,-18.944,-0.517,-18.557,-19.137,-18.707
-4.596,-5.667,-0.000,0.986,0.003,-0.000,0.169,-0.063,-0.063,-37.942,-0.061,-36.499,-37.194,-35.585,-0.880,-0.279,0.011,-0.012,0.016,0.183,-0.723,-0.541,-18.947,-0.685,-18.557,-19.106,-18.736
-4.605,-5.670,-0.000,0.985,0.003,-0.000,0.170,-0.068,-0.066,-38.131,-0.066,-36.684,-37.385,-35.772,-0.882,-0.280,0.009,-0.048,0.022,0.192,-0.093,-0.156,-18.995,-0.218,-18.529,-19.099,-18.728
-4.614,-5.672,-0.000,0.985,0.003,-0.000,0.171,-0.066,-0.066,-38.322,-0.065,-36.869,-37.576,-35.959,-0.883,-0.281,0.006,-0.087,0.028,0.198,0.415,0.282,-19.057,0.258,-18.497,-19.103,-18.707
-4.623,-5.675,-0.000,0.985,0.002,-0.000,0.172,-0.061,-0.062,-38.512,-0.062,-37.054,-37.767,-36.146,-0.884,-0.284,0.004,-0.125,0.035,0.197,0.324,0.281,-19.117,0.249,-18.469,-19.110,-18.685
-4.632,-5.678,0.000,0.985,0.001,-0.000,0.173,-0.060,-0.061,-38.704,-0.061,-37.239,-37.958,-36.333,-0.884,-0.286,0.001,-0.155,0.040,0.191,0.036,0.089,-19.182,0.067,-18.444,-19.127,-18.655
-4.641,-5.681,0.000,0.985,0.000,-0.000,0.174,-0.060,-0.061,-38.896,-0.061,-37.423,-38.149,-36.519,-0.885,-0.289,-0.002,-0.173,0.043,0.187,-0.159,-0.071,-19.260,-0.107,-18.415,-19.160,-18.606
-4.649,-5.684,-0.000,0.985,-0.001,-0.000,0.175,-0.062,-0.061,-39.089,-0.062,-37.607,-38.341,-36.705,-0.884,-0.290,-0.005,-0.176,0.042,0.186,-0.129,-0.074,-19.352,-0.118,-18.384,-19.209,-18.537
-4.658,-5.687,-0.000,0.984,-0.001,0.000,0.176,-0.063,-0.062,-39.283,-0.063,-37.791,-38.534,-36.890,-0.884,-0.292,-0.006,-0.164,0.037,0.187,-0.036,-0.029,-19.448,-0.051,-18.353,-19.268,-18.453
-4.667,-5.690,-0.000,0.984,-0.002,0.000,0.177,-0.063,-0.062,-39.478,-0.063,-37.974,-38.727,-37.074,-0.883,-0.293,-0.007,-0.139,0.031,0.188,0.009,-0.009,-19.538,-0.020,-18.327,-19.332,-18.366
-4.676,-5.693,-0.000,0.984,-0.003,0.000,0.178,-0.063,-0.062,-39.674,-0.064,-38.157,-38.920,-37.257,-0.882,-0.294,-0.008,-0.106,0.024,0.189,0.020,-0.001,-19.614,-0.009,-18.309,-19.395,-18.283
-4.685,-5.695,-0.000,0.984,-0.003,0.000,0.179,-0.063,-0.062,-39.870,-0.064,-38.340,-39.114,-37.440,-0.880,-0.295,-0.009,-0.069,0.019,0.190,0.016,0.003,-19.673,-0.006,-18.303,-19.453,-18.212
-4.694,-5.698,-0.000,0.984,-0.004,0.000,0.180,-0.062,-0.062,-40.067,-0.064,-38.524,-39.309,-37.621,-0.879,-0.297,-0.010,-0.029,0.015,0.191,0.008,0.004,-19.715,-0.006,-18.309,-19.503,-18.157
-4.702,-5.701,-0.001,0.984,-0.004,0.000,0.181,-0.062,-0.062,-40.265,-0.064,-38.707,-39.504,-37.803,-0.877,-0.298,-0.010,0.009,0.010,0.192,0.003,0.005,-19.740,-0.006,-18.326,-19.541,-18.120
-4.711,-5.704,-0.001,0.983,-0.003,0.000,0.182,-0.062,-0.062,-40.462,-0.064,-38.890,-39.700,-37.984,-0.875,-0.299,-0.011,0.044,0.006,0.193,0.000,0.005,-19.752,-0.006,-18.353,-19.567,-18.103
-4.720,-5.707,-0.001,0.983,-0.003,0.000,0.183,-0.062,-0.062,-40.660,-0.064,-39.074,-39.896,-38.165,-0.873,-0.300,-0.011,0.071,0.001,0.194,-0.000,0.006,-19.753,-0.005,-18.389,-19.580,-18.105
-4.729,-5.710,-0.001,0.983,-0.003,0.000,0.183,-0.062,-0.062,-40.857,-0.064,-39.258,-40.092,-38.346,-0.872,-0.302,-0.010,0.089,-0.005,0.196,0.000,0.007,-19.744,-0.004,-18.429,-19.581,-18.125
-4.737,-5.713,-0.001,0.983,-0.002,0.000,0.184,-0.062,-0.062,-41.055,-0.064,-39.442,-40.287,-38.527,-0.870,-0.303,-0.010,0.097,-0.012,0.196,0.001,0.007,-19.729,-0.004,-18.471,-19.573,-18.160
-4.746,-5.716,-0.001,0.983,-0.002,0.000,0.185,-0.062,-0.062,-41.252,-0.064,-39.627,-40.483,-38.709,-0.868,-0.305,-0.009,0.095,-0.020,0.197,0.002,0.007,-19.708,-0.003,-18.510,-19.559,-18.207
-4.755,-5.720,-0.001,0.982,-0.001,0.000,0.186,-0.062,-0.062,-41.449,-0.064,-39.813,-40.679,-38.892,-0.867,-0.306,-0.007,0.087,-0.028,0.197,0.002,0.008,-19.683,-0.002,-18.543,-19.543,-18.261
-4.763,-5.723,-0.001,0.982,-0.001,0.000,0.187,-0.062,-0.062,-41.645,-0.064,-39.998,-40.874,-39.074,-0.865,-0.307,-0.006,0.076,-0.035,0.198,0.002,0.008,-19.656,-0.001,-18.569,-19.530,-18.320
-4.772,-5.726,-0.001,0.982,-0.001,0.000,0.188,-0.062,-0.061,-41.842,-0.064,-40.184,-41.069,-39.258,-0.864,-0.309,-0.004,0.065,-0.040,0.198,0.002,0.008,-19.626,-0.001,-18.589,-19.521,-18.381
-4.781,-5.729,-0.001,0.982,-0.000,0.000,0.189,-0.062,-0.061,-42.038,-0.064,-40.370,-41.264,-39.442,-0.863,-0.311,-0.002,0.056,-0.043,0.198,0.002,0.008,-19.594,-0.000,-18.603,-19.519,-18.441
-4.789,-5.732,-0.001,0.982,0.000,-0.000,0.190,-0.062,-0.061,-42.234,-0.064,-40.556,-41.460,-39.627,-0.863,-0.312,0.001,0.051,-0.044,0.197,0.002,0.008,-19.557,0.001,-18.614,-19.522,-18.498
-4.798,-5.735,-0.001,0.982,0.000,-0.000,0.191,-0.062,-0.061,-42.429,-0.064,-40.742,-41.655,-39.812,-0.863,-0.314,0.003,0.051,-0.042,0.197,0.002,0.008,-19.516,0.001,-18.624,-19.528,-18.552
-4.806,-5.738,-0.001,0.981,0.001,-0.000,0.192,-0.062,-0.061,-42.624,-0.064,-40.928,-41.850,-39.998,-0.863,-0.316,0.006,0.056,-0.038,0.197,0.002,0.008,-19.471,0.002,-18.635,-19.534,-18.601
-4.815,-5.741,-0.001,0.981,0.001,-0.000,0.193,-0.062,-0.061,-42.818,-0.064,-41.115,-42.045,-40.184,-0.863,-0.318,0.008,0.063,-0.031,0.197,0.002,0.008,-19.422,0.003,-18.650,-19.537,-18.647
-4.824,-5.745,-0.001,0.981,0.001,-0.001,0.194,-0.062,-0.061,-43.012,-0.064,-41.301,-42.241,-40.371,-0.864,-0.320,0.010,0.072,-0.023,0.197,0.002,0.008,-19.371,0.004,-18.669,-19.533,-18.691
-4.832,-5.748,-0.001,0.981,0.002,-0.001,0.195,-0.062,-0.061,-43.206,-0.064,-41.488,-42.436,-40.558,-0.865,-0.322,0.011,0.080,-0.013,0.197,0.002,0.007,-19.320,0.005,-18.693,-19.520,-18.733
-4.841,-5.751,-0.001,0.981,0.002,-0.001,0.196,-0.062,-0.061,-43.399,-0.064,-41.675,-42.631,-40.745,-0.866,-0.325,0.012,0.083,-0.003,0.197,0.002,0.007,-19.274,0.005,-18.721,-19.497,-18.774
-4.850,-5.754,-0.001,0.980,0.003,-0.000,0.197,-0.062,-0.061,-43.591,-0.064,-41.863,-42.826,-40.933,-0.867,-0.327,0.012,0.079,0.006,0.197,0.001,0.006,-19.234,0.006,-18.749,-19.463,-18.814
-4.858,-5.758,-0.001,0.980,0.003,-0.000,0.198,-0.062,-0.061,-43.783,-0.064,-42.050,-43.020,-41.122,-0.868,-0.330,0.012,0.067,0.013,0.197,0.001,0.004,-19.203,0.006,-18.775,-19.420,-18.851
-4.867,-5.761,-0.000,0.980,0.003,-0.000,0.199,-0.062,-0.061,-43.975,-0.064,-42.238,-43.214,-41.310,-0.869,-0.332,0.011,0.046,0.018,0.197,0.001,0.003,-19.184,0.006,-18.794,-19.374,-18.883
-4.876,-5.764,-0.000,0.980,0.003,-0.000,0.200,-0.062,-0.061,-44.167,-0.064,-42.426,-43.408,-41.499,-0.870,-0.335,0.009,0.016,0.021,0.197,0.000,0.001,-19.178,0.005,-18.802,-19.327,-18.908
-4.884,-5.768,-0.000,0.980,0.003,0.000,0.201,-0.062,-0.061,-44.359,-0.064,-42.614,-43.601,-41.688,-0.870,-0.337,0.007,-0.019,0.022,0.196,-0.000,-0.001,-19.187,0.004,-18.798,-19.286,-18.923
-4.893,-5.771,-0.000,0.979,0.003,0.000,0.202,-0.062,-0.061,-44.551,-0.064,-42.802,-43.794,-41.878,-0.871,-0.339,0.005,-0.059,0.022,0.195,-0.001,-0.003,-19.213,0.003,-18.779,-19.257,-18.925
-4.902,-5.774,-0.000,0.979,0.003,0.000,0.203,-0.062,-0.061,-44.743,-0.063,-42.990,-43.986,-42.067,-0.871,-0.341,0.003,-0.100,0.022,0.194,-0.001,-0.004,-19.253,0.001,-18.748,-19.245,-18.913
-4.911,-5.778,-0.000,0.979,0.002,0.000,0.204,-0.062,-0.061,-44.936,-0.063,-43.177,-44.179,-42.256,-0.871,-0.343,0.001,-0.137,0.022,0.193,-0.002,-0.006,-19.309,-0.000,-18.706,-19.251,-18.886
-4.919,-5.781,-0.000,0.979,0.001,0.000,0.205,-0.062,-0.061,-45.130,-0.063,-43.364,-44.371,-42.445,-0.871,-0.345,-0.001,-0.166,0.022,0.192,-0.002,-0.007,-19.377,-0.002,-18.657,-19.278,-18.844
-4.928,-5.785,-0.000,0.979,0.000,-0.000,0.206,-0.062,-0.061,-45.324,-0.064,-43.550,-44.564,-42.633,-0.870,-0.347,-0.003,-0.184,0.021,0.191,-0.002,-0.007,-19.456,-0.003,-18.604,-19.322,-18.786
-4.937,-5.788,-0.000,0.978,-0.001,-0.000,0.207,-0.062,-0.061,-45.519,-0.064,-43.736,-44.758,-42.820,-0.870,-0.348,-0.004,-0.187,0.020,0.190,-0.001,-0.008,-19.541,-0.003,-18.551,-19.381,-18.714
-4.945,-5.792,-0.000,0.978,-0.001,-0.000,0.207,-0.062,-0.061,-45.715,-0.064,-43.921,-44.952,-43.007,-0.869,-0.350,-0.005,-0.175,0.018,0.189,-0.001,-0.007,-19.626,-0.003,-18.500,-19.448,-18.633
-4.954,-5.795,-0.000,0.978,-0.002,-0.000,0.208,-0.062,-0.061,-45.911,-0.064,-44.106,-45.147,-43.193,-0.868,-0.351,-0.005,-0.150,0.016,0.189,-0.001,-0.007,-19.703,-0.003,-18.457,-19.519,-18.546
-4.963,-5.799,-0.000,0.978,-0.003,-0.000,0.209,-0.062,-0.061,-46.109,-0.064,-44.290,-45.342,-43.378,-0.866,-0.352,-0.005,-0.116,0.015,0.189,-0.001,-0.005,-19.769,-0.003,-18.423,-19.588,-18.461
-4.971,-5.802,-0.000,0.978,-0.003,-0.000,0.210,-0.062,-0.061,-46.307,-0.064,-44.474,-45.538,-43.562,-0.865,-0.354,-0.005,-0.078,0.017,0.190,-0.001,-0.004,-19.820,-0.003,-18.404,-19.651,-18.385
-4.980,-5.806,-0.000,0.977,-0.004,-0.000,0.211,-0.062,-0.061,-46.505,-0.064,-44.658,-45.735,-43.746,-0.864,-0.355,-0.006,-0.037,0.019,0.191,-0.001,-0.003,-19.857,-0.004,-18.399,-19.701,-18.322
-4.989,-5.809,-0.001,0.977,-0.004,-0.000,0.212,-0.062,-0.061,-46.704,-0.064,-44.842,-45.932,-43.929,-0.862,-0.356,-0.007,0.003,0.020,0.192,-0.000,-0.001,-19.880,-0.004,-18.409,-19.737,-18.273
-4.997,-5.813,-0.001,0.977,-0.004,-0.000,0.213,-0.062,-0.061,-46.902,-0.064,-45.027,-46.130,-44.111,-0.861,-0.358,-0.008,0.039,0.020,0.193,-0.000,0.000,-19.892,-0.004,-18.433,-19.756,-18.243
-5.006,-5.816,-0.001,0.977,-0.003,0.000,0.214,-0.062,-0.061,-47.101,-0.064,-45.211,-46.327,-44.294,-0.859,-0.359,-0.009,0.069,0.018,0.195,0.000,0.002,-19.894,-0.004,-18.468,-19.761,-18.231
-5.014,-5.820,-0.001,0.977,-0.003,0.000,0.215,-0.062,-0.061,-47.300,-0.064,-45.396,-46.525,-44.476,-0.857,-0.360,-0.009,0.090,0.013,0.196,0.000,0.003,-19.888,-0.004,-18.510,-19.752,-18.236
-5.023,-5.824,-0.001,0.976,-0.003,0.000,0.216,-0.062,-0.061,-47.499,-0.064,-45.581,-46.722,-44.658,-0.855,-0.361,-0.010,0.100,0.004,0.197,0.001,0.004,-19.875,-0.003,-18.555,-19.732,-18.257
-5.032,-5.827,-0.001,0.976,-0.002,0.000,0.217,-0.062,-0.061,-47.698,-0.064,-45.767,-46.920,-44.841,-0.853,-0.363,-0.009,0.101,-0.008,0.198,0.001,0.005,-19.854,-0.003,-18.599,-19.707,-18.290
-5.040,-5.831,-0.001,0.976,-0.002,0.000,0.218,-0.062,-0.061,-47.896,-0.064,-45.953,-47.117,-45.024,-0.852,-0.364,-0.008,0.096,-0.022,0.198,0.001,0.005,-19.827,-0.002,-18.637,-19.681,-18.335
-5.049,-5.835,-0.001,0.976,-0.001,0.000,0.219,-0.062,-0.061,-48.094,-0.064,-46.140,-47.313,-45.208,-0.850,-0.365,-0.006,0.088,-0.035,0.199,0.001,0.006,-19.794,-0.001,-18.668,-19.658,-18.388
-5.057,-5.838,-0.001,0.976,-0.001,0.000,0.220,-0.062,-0.061,-48.292,-0.064,-46.327,-47.510,-45.392,-0.848,-0.366,-0.004,0.080,-0.045,0.199,0.001,0.006,-19.755,-0.001,-18.690,-19.642,-18.446
-5.066,-5.842,-0.001,0.975,-0.000,0.000,0.221,-0.062,-0.061,-48.489,-0.064,-46.514,-47.706,-45.577,-0.847,-0.368,-0.002,0.074,-0.052,0.199,0.001,0.007,-19.709,-0.000,-18.706,-19.633,-18.509
-5.074,-5.846,-0.001,0.975,0.000,0.000,0.222,-0.062,-0.061,-48.686,-0.064,-46.701,-47.902,-45.762,-0.846,-0.369,0.001,0.071,-0.055,0.199,0.001,0.007,-19.657,0.001,-18.718,-19.629,-18.572
-5.082,-5.849,-0.001,0.975,0.001,-0.000,0.223,-0.062,-0.061,-48.883,-0.064,-46.888,-48.099,-45.948,-0.846,-0.371,0.004,0.071,-0.053,0.198,0.001,0.007,-19.600,0.001,-18.727,-19.629,-18.634
-5.091,-5.853,-0.001,0.975,0.001,-0.000,0.224,-0.062,-0.061,-49.078,-0.064,-47.075,-48.295,-46.135,-0.846,-0.373,0.006,0.075,-0.046,0.198,0.001,0.007,-19.540,0.002,-18.739,-19.628,-18.693
-5.099,-5.857,-0.001,0.974,0.001,-0.000,0.225,-0.062,-0.061,-49.273,-0.064,-47.263,-48.491,-46.322,-0.846,-0.375,0.009,0.080,-0.035,0.198,0.001,0.007,-19.478,0.003,-18.754,-19.623,-18.749
-5.108,-5.860,-0.001,0.974,0.002,-0.000,0.226,-0.062,-0.061,-49.468,-0.064,-47.450,-48.688,-46.510,-0.846,-0.377,0.010,0.085,-0.021,0.198,0.002,0.007,-19.418,0.004,-18.775,-19.609,-18.801
-5.116,-5.864,-0.001,0.974,0.002,-0.000,0.227,-0.062,-0.060,-49.662,-0.064,-47.638,-48.883,-46.698,-0.847,-0.380,0.011,0.087,-0.006,0.198,0.002,0.006,-19.363,0.005,-18.801,-19.585,-18.849
-5.125,-5.868,-0.001,0.974,0.003,-0.000,0.228,-0.062,-0.060,-49.855,-0.064,-47.826,-49.079,-46.887,-0.848,-0.382,0.012,0.084,0.009,0.198,0.001,0.005,-19.317,0.005,-18.831,-19.550,-18.891
-5.133,-5.872,-0.001,0.974,0.003,-0.000,0.228,-0.062,-0.060,-50.048,-0.064,-48.015,-49.274,-47.076,-0.849,-0.385,0.011,0.075,0.021,0.198,0.001,0.004,-19.281,0.006,-18.863,-19.505,-18.928
-5.142,-5.876,-0.001,0.973,0.003,-0.000,0.229,-0.062,-0.060,-50.241,-0.064,-48.204,-49.469,-47.265,-0.849,-0.387,0.010,0.057,0.029,0.198,0.001,0.002,-19.258,0.006,-18.892,-19.453,-18.958
-5.150,-5.880,-0.000,0.973,0.003,0.000,0.230,-0.062,-0.060,-50.433,-0.064,-48.393,-49.664,-47.455,-0.850,-0.390,0.008,0.032,0.032,0.198,0.000,0.000,-19.248,0.006,-18.913,-19.398,-18.980
-5.159,-5.884,-0.000,0.973,0.004,0.000,0.231,-0.062,-0.060,-50.626,-0.064,-48.582,-49.857,-47.645,-0.850,-0.392,0.006,-0.000,0.032,0.197,-0.000,-0.002,-19.253,0.005,-18.922,-19.347,-18.993
-5.167,-5.887,-0.000,0.973,0.003,0.000,0.232,-0.062,-0.060,-50.818,-0.064,-48.771,-50.050,-47.835,-0.850,-0.394,0.004,-0.037,0.027,0.196,-0.001,-0.003,-19.272,0.004,-18.916,-19.306,-18.996
-5.176,-5.891,-0.000,0.972,0.003,0.001,0.233,-0.062,-0.060,-51.011,-0.064,-48.960,-50.243,-48.025,-0.850,-0.396,0.002,-0.078,0.022,0.195,-0.001,-0.005,-19.305,0.002,-18.894,-19.279,-18.988
-5.184,-5.895,-0.000,0.972,0.003,0.001,0.234,-0.062,-0.060,-51.205,-0.063,-49.149,-50.436,-48.215,-0.849,-0.398,-0.000,-0.117,0.015,0.194,-0.002,-0.006,-19.352,0.001,-18.855,-19.273,-18.968
-5.193,-5.899,-0.000,0.972,0.002,0.000,0.235,-0.062,-0.061,-51.398,-0.063,-49.337,-50.629,-48.404,-0.848,-0.399,-0.002,-0.150,0.008,0.193,-0.002,-0.007,-19.409,-0.001,-18.803,-19.288,-18.936
-5.201,-5.903,-0.000,0.972,0.001,0.000,0.236,-0.062,-0.061,-51.593,-0.063,-49.525,-50.822,-48.593,-0.848,-0.401,-0.003,-0.175,0.002,0.191,-0.002,-0.008,-19.476,-0.002,-18.741,-19.325,-18.891
-5.210,-5.907,-0.000,0.972,0.000,0.000,0.237,-0.062,-0.061,-51.788,-0.064,-49.712,-51.015,-48.782,-0.847,-0.402,-0.003,-0.188,-0.002,0.190,-0.002,-0.008,-19.549,-0.002,-18.674,-19.381,-18.835
-5.218,-5.911,-0.000,0.971,-0.001,-0.000,0.238,-0.062,-0.061,-51.984,-0.064,-49.898,-51.210,-48.970,-0.846,-0.404,-0.003,-0.188,-0.003,0.190,-0.001,-0.008,-19.625,-0.003,-18.605,-19.451,-18.768
-5.227,-5.915,-0.000,0.971,-0.002,-0.000,0.239,0.018,-0.002,-52.180,-0.000,-50.085,-51.404,-49.157,-0.840,-0.412,-0.002,-0.185,-0.003,0.138,12.942,10.016,-19.530,10.617,-18.788,-19.421,-18.775
-5.235,-5.920,-0.000,0.971,-0.002,-0.001,0.239,0.127,0.094,-52.374,0.097,-50.274,-51.597,-49.346,-0.825,-0.440,-0.002,-0.181,0.002,-0.035,6.754,7.006,-19.257,6.978,-19.024,-19.161,-19.030
-5.243,-5.924,-0.000,0.971,-0.003,-0.001,0.238,0.128,0.106,-52.565,0.115,-50.465,-51.787,-49.538,-0.812,-0.463,0.000,-0.152,0.002,-0.193,-5.885,-4.278,-19.081,-3.136,-19.150,-18.866,-19.272
-5.251,-5.929,-0.000,0.971,-0.004,-0.001,0.237,0.041,0.033,-52.756,0.054,-50.657,-51.975,-49.731,-0.812,-0.463,-0.001,-0.075,0.018,-0.209,-9.257,-8.396,-19.102,-7.360,-19.122,-18.845,-19.286
-5.259,-5.933,-0.000,0.972,-0.004,-0.001,0.237,-0.015,-0.023,-52.947,0.004,-50.848,-52.165,-49.923,-0.821,-0.446,-0.003,-0.003,0.028,-0.116,-1.142,-1.898,-19.172,-1.781,-19.031,-19.051,-19.082
-5.268,-5.938,-0.000,0.972,-0.004,-0.001,0.236,0.020,-0.000,-53.139,0.026,-51.038,-52.356,-50.113,-0.826,-0.436,-0.004,0.031,0.032,-0.062,6.745,5.523,-19.157,5.199,-19.040,-19.196,-18.922
-5.276,-5.942,-0.001,0.972,-0.004,-0.001,0.236,0.086,0.061,-53.330,0.081,-51.229,-52.548,-50.302,-0.821,-0.443,-0.005,0.035,0.029,-0.104,5.090,5.295,-19.091,4.642,-19.127,-19.138,-18.949
-5.284,-5.947,-0.001,0.972,-0.004,-0.000,0.235,0.100,0.083,-53.521,0.100,-51.421,-52.739,-50.492,-0.814,-0.453,-0.007,0.056,0.030,-0.180,-2.066,-0.860,-19.049,-0.878,-19.246,-18.960,-19.061
-5.292,-5.951,-0.001,0.972,-0.003,-0.000,0.234,0.058,0.052,-53.711,0.070,-51.613,-52.928,-50.683,-0.812,-0.454,-0.010,0.097,0.032,-0.200,-5.276,-4.408,-19.054,-4.268,-19.326,-18.872,-19.107
-5.300,-5.956,-0.001,0.972,-0.003,0.000,0.233,0.020,0.018,-53.902,0.036,-51.807,-53.116,-50.874,-0.816,-0.445,-0.011,0.126,0.024,-0.155,-1.734,-1.837,-19.069,-2.066,-19.324,-18.920,-19.062
-5.308,-5.960,-0.001,0.973,-0.002,0.000,0.233,0.029,0.022,-54.093,0.037,-52.000,-53.306,-51.064,-0.819,-0.437,-0.011,0.127,0.006,-0.117,3.032,2.431,-19.055,1.972,-19.309,-18.976,-19.030
-5.317,-5.965,-0.001,0.973,-0.002,0.000,0.232,0.064,0.054,-54.283,0.063,-52.193,-53.496,-51.255,-0.817,-0.438,-0.009,0.109,-0.015,-0.130,3.288,3.227,-18.992,2.690,-19.371,-18.925,-19.091
-5.325,-5.969,-0.001,0.973,-0.001,0.000,0.231,0.080,0.073,-54.472,0.079,-52.388,-53.684,-51.446,-0.811,-0.443,-0.008,0.092,-0.034,-0.174,-0.177,0.409,-18.897,0.179,-19.504,-18.792,-19.211
-5.333,-5.973,-0.001,0.973,-0.001,0.000,0.230,0.063,0.063,-54.661,0.067,-52.583,-53.872,-51.639,-0.809,-0.444,-0.005,0.087,-0.048,-0.196,-2.698,-2.138,-18.818,-2.105,-19.605,-18.700,-19.311
-5.341,-5.978,-0.001,0.973,-0.000,0.000,0.230,0.040,0.042,-54.849,0.047,-52.779,-54.059,-51.832,-0.811,-0.439,-0.002,0.087,-0.056,-0.177,-1.588,-1.572,-18.786,-1.576,-19.595,-18.714,-19.356
-5.349,-5.982,-0.001,0.973,0.000,0.000,0.229,0.037,0.037,-55.037,0.042,-52.975,-54.246,-52.026,-0.814,-0.433,0.001,0.085,-0.058,-0.146,0.974,0.549,-18.782,0.476,-19.521,-18.776,-19.379
-5.357,-5.987,-0.001,0.974,0.001,-0.000,0.228,0.053,0.049,-55.225,0.053,-53.170,-54.434,-52.220,-0.816,-0.431,0.004,0.078,-0.055,-0.140,1.826,1.618,-18.743,1.419,-19.493,-18.796,-19.434
-5.365,-5.991,-0.001,0.974,0.001,-0.000,0.227,0.066,0.062,-55.411,0.063,-53.365,-54.622,-52.415,-0.815,-0.433,0.006,0.073,-0.047,-0.159,0.492,0.679,-18.646,0.567,-19.549,-18.754,-19.527
-5.374,-5.995,-0.001,0.974,0.002,-0.000,0.227,0.062,0.061,-55.597,0.063,-53.561,-54.809,-52.611,-0.815,-0.435,0.009,0.075,-0.035,-0.178,-0.993,-0.669,-18.536,-0.594,-19.623,-18.699,-19.618
-5.382,-6.000,-0.001,0.974,0.002,-0.000,0.226,0.051,0.052,-55.782,0.055,-53.757,-54.996,-52.807,-0.817,-0.434,0.010,0.081,-0.020,-0.177,-0.971,-0.843,-18.470,-0.815,-19.653,-18.678,-19.674
-5.390,-6.004,-0.001,0.974,0.002,-0.000,0.225,0.046,0.047,-55.967,0.049,-53.954,-55.183,-53.004,-0.820,-0.431,0.011,0.084,-0.005,-0.164,-0.032,-0.172,-18.447,-0.176,-19.644,-18.679,-19.702
-5.398,-6.008,-0.001,0.975,0.003,-0.000,0.224,0.050,0.049,-56.151,0.051,-54.150,-55.369,-53.201,-0.823,-0.429,0.011,0.079,0.008,-0.156,0.685,0.511,-18.431,0.455,-19.641,-18.665,-19.727
-5.406,-6.012,-0.001,0.975,0.003,-0.000,0.223,0.056,0.055,-56.335,0.056,-54.347,-55.556,-53.398,-0.825,-0.429,0.011,0.067,0.018,-0.160,0.460,0.454,-18.396,0.368,-19.672,-18.617,-19.764
-5.415,-6.017,-0.001,0.975,0.003,-0.000,0.222,0.058,0.057,-56.519,0.058,-54.544,-55.742,-53.596,-0.826,-0.430,0.009,0.049,0.023,-0.168,-0.039,0.079,-18.357,0.049,-19.715,-18.552,-19.805
-5.423,-6.021,-0.000,0.975,0.004,0.000,0.222,0.056,0.056,-56.703,0.057,-54.741,-55.927,-53.795,-0.828,-0.430,0.008,0.025,0.025,-0.173,-0.344,-0.222,-18.336,-0.241,-19.745,-18.492,-19.836
-5.431,-6.025,-0.000,0.975,0.004,0.000,0.221,0.053,0.054,-56.886,0.054,-54.939,-56.112,-53.993,-0.830,-0.429,0.006,-0.005,0.024,-0.173,-0.203,-0.153,-18.343,-0.179,-19.748,-18.447,-19.848
-5.439,-6.030,-0.000,0.976,0.003,0.000,0.220,0.052,0.053,-57.070,0.053,-55.136,-56.296,-54.191,-0.832,-0.428,0.005,-0.040,0.020,-0.171,-0.020,-0.051,-18.369,-0.062,-19.730,-18.418,-19.847
-5.448,-6.034,-0.000,0.976,0.003,0.000,0.219,0.052,0.053,-57.253,0.053,-55.333,-56.480,-54.390,-0.833,-0.426,0.003,-0.079,0.016,-0.170,0.057,-0.004,-18.409,-0.008,-19.698,-18.404,-19.837
-5.456,-6.038,-0.000,0.976,0.003,0.000,0.218,0.053,0.053,-57.438,0.053,-55.530,-56.664,-54.588,-0.835,-0.425,0.002,-0.117,0.012,-0.170,0.047,0.010,-18.459,0.000,-19.655,-18.405,-19.818
-5.464,-6.042,-0.000,0.976,0.002,0.000,0.217,0.053,0.053,-57.623,0.053,-55.726,-56.848,-54.786,-0.836,-0.424,0.000,-0.150,0.010,-0.172,0.025,0.010,-18.521,-0.001,-19.604,-18.426,-19.786
-5.473,-6.047,-0.000,0.976,0.001,0.000,0.217,0.054,0.053,-57.808,0.053,-55.922,-57.033,-54.984,-0.837,-0.423,-0.001,-0.174,0.010,-0.173,0.008,0.007,-18.593,-0.003,-19.546,-18.466,-19.742
-5.481,-6.051,-0.000,0.976,0.000,-0.000,0.216,0.054,0.053,-57.995,0.053,-56.117,-57.218,-55.181,-0.838,-0.421,-0.002,-0.187,0.011,-0.174,-0.002,0.005,-18.673,-0.004,-19.486,-18.523,-19.684
-5.490,-6.055,-0.000,0.977,-0.001,-0.000,0.215,0.054,0.053,-58.182,0.053,-56.312,-57.403,-55.377,-0.839,-0.420,-0.003,-0.186,0.013,-0.175,-0.005,0.003,-18.757,-0.005,-19.428,-18.592,-19.612
-5.498,-6.059,-0.000,0.977,-0.002,-0.000,0.214,0.053,0.053,-58.370,0.053,-56.506,-57.589,-55.573,-0.840,-0.418,-0.003,-0.171,0.015,-0.175,-0.004,0.003,-18.840,-0.005,-19.376,-18.667,-19.530
-5.506,-6.063,-0.000,0.977,-0.002,-0.000,0.213,0.053,0.053,-58.558,0.053,-56.699,-57.776,-55.768,-0.841,-0.416,-0.003,-0.142,0.017,-0.175,-0.002,0.003,-18.915,-0.005,-19.332,-18.742,-19.442
-5.515,-6.068,-0.000,0.977,-0.003,-0.000,0.212,0.053,0.053,-58.748,0.053,-56.892,-57.964,-55.962,-0.841,-0.415,-0.004,-0.106,0.020,-0.174,-0.001,0.004,-18.977,-0.005,-19.301,-18.811,-19.355
-5.523,-6.072,-0.000,0.977,-0.003,-0.000,0.211,0.053,0.054,-58.938,0.053,-57.085,-58.153,-56.155,-0.841,-0.413,-0.005,-0.066,0.024,-0.173,0.000,0.004,-19.024,-0.005,-19.286,-18.870,-19.277
-5.532,-6.076,-0.000,0.978,-0.004,-0.000,0.211,0.053,0.054,-59.128,0.053,-57.278,-58.342,-56.348,-0.841,-0.411,-0.006,-0.024,0.027,-0.172,0.001,0.005,-19.056,-0.005,-19.287,-18.915,-19.211
-5.540,-6.080,-0.001,0.978,-0.004,-0.000,0.210,0.053,0.054,-59.319,0.053,-57.471,-58.531,-56.539,-0.841,-0.409,-0.007,0.016,0.027,-0.170,0.001,0.006,-19.075,-0.005,-19.303,-18.943,-19.161
-5.548,-6.084,-0.001,0.978,-0.004,-0.000,0.209,0.053,0.054,-59.510,0.053,-57.664,-58.720,-56.731,-0.841,-0.407,-0.008,0.051,0.025,-0.169,0.002,0.007,-19.082,-0.005,-19.333,-18.955,-19.130
-5.557,-6.088,-0.001,0.978,-0.003,0.000,0.208,0.053,0.054,-59.701,0.053,-57.858,-58.910,-56.922,-0.841,-0.405,-0.010,0.079,0.021,-0.167,0.002,0.007,-19.078,-0.005,-19.372,-18.952,-19.118
-5.565,-6.092,-0.001,0.978,-0.003,0.000,0.207,0.054,0.054,-59.891,0.052,-58.052,-59.099,-57.113,-0.840,-0.403,-0.010,0.097,0.012,-0.166,0.002,0.008,-19.065,-0.004,-19.417,-18.935,-19.125
-5.574,-6.096,-0.001,0.978,-0.002,0.000,0.207,0.054,0.054,-60.082,0.052,-58.246,-59.289,-57.305,-0.839,-0.401,-0.010,0.105,0.000,-0.164,0.002,0.008,-19.044,-0.003,-19.463,-18.910,-19.149
-5.582,-6.100,-0.001,0.979,-0.002,0.001,0.206,0.054,0.054,-60.272,0.052,-58.441,-59.478,-57.496,-0.838,-0.399,-0.009,0.103,-0.014,-0.163,0.002,0.008,-19.015,-0.003,-19.505,-18.879,-19.187
-5.590,-6.104,-0.001,0.979,-0.001,0.001,0.205,0.054,0.054,-60.462,0.052,-58.636,-59.666,-57.688,-0.838,-0.397,-0.008,0.095,-0.027,-0.163,0.002,0.008,-18.981,-0.002,-19.540,-18.850,-19.237
-5.599,-6.108,-0.001,0.979,-0.001,0.000,0.204,0.054,0.054,-60.652,0.052,-58.832,-59.855,-57.881,-0.837,-0.395,-0.006,0.085,-0.039,-0.162,0.002,0.008,-18.942,-0.001,-19.566,-18.826,-19.295
-5.607,-6.112,-0.001,0.979,-0.000,0.000,0.203,0.054,0.054,-60.841,0.052,-59.027,-60.043,-58.074,-0.837,-0.394,-0.004,0.074,-0.047,-0.162,0.002,0.008,-18.899,-0.001,-19.583,-18.808,-19.357
-5.616,-6.116,-0.001,0.979,-0.000,0.000,0.203,0.054,0.054,-61.030,0.052,-59.223,-60.231,-58.268,-0.837,-0.392,-0.002,0.065,-0.051,-0.162,0.002,0.008,-18.851,0.000,-19.594,-18.798,-19.421
-5.624,-6.120,-0.001,0.979,0.000,-0.000,0.202,0.054,0.054,-61.218,0.052,-59.419,-60.419,-58.463,-0.837,-0.391,0.001,0.060,-0.051,-0.162,0.002,0.008,-18.800,0.001,-19.601,-18.793,-19.483
-5.632,-6.124,-0.001,0.980,0.001,-0.000,0.201,0.054,0.054,-61.406,0.052,-59.615,-60.607,-58.658,-0.838,-0.389,0.004,0.059,-0.048,-0.163,0.002,0.008,-18.746,0.002,-19.607,-18.792,-19.542
-5.641,-6.128,-0.001,0.980,0.001,-0.000,0.200,0.054,0.055,-61.593,0.052,-59.811,-60.795,-58.854,-0.839,-0.388,0.006,0.062,-0.040,-0.163,0.002,0.008,-18.689,0.003,-19.615,-18.789,-19.595
-5.649,-6.132,-0.001,0.980,0.001,-0.000,0.199,0.054,0.055,-61.780,0.052,-60.008,-60.982,-59.050,-0.840,-0.387,0.008,0.067,-0.031,-0.163,0.002,0.008,-18.631,0.004,-19.626,-18.783,-19.644
-5.658,-6.135,-0.001,0.980,0.002,-0.001,0.199,0.054,0.055,-61.966,0.052,-60.204,-61.170,-59.246,-0.842,-0.386,0.010,0.073,-0.020,-0.164,0.002,0.007,-18.575,0.005,-19.642,-18.770,-19.688
-5.666,-6.139,-0.001,0.980,0.002,-0.001,0.198,0.054,0.055,-62.151,0.053,-60.401,-61.358,-59.444,-0.844,-0.386,0.011,0.076,-0.010,-0.164,0.002,0.007,-18.522,0.006,-19.662,-18.748,-19.728
-5.674,-6.143,-0.001,0.980,0.003,-0.000,0.197,0.054,0.055,-62.336,0.053,-60.597,-61.545,-59.641,-0.846,-0.385,0.012,0.076,-0.001,-0.165,0.001,0.006,-18.475,0.006,-19.685,-18.716,-19.766
-5.683,-6.147,-0.001,0.981,0.003,-0.000,0.196,0.054,0.055,-62.521,0.053,-60.794,-61.732,-59.839,-0.848,-0.384,0.012,0.068,0.007,-0.165,0.001,0.005,-18.437,0.007,-19.706,-18.676,-19.800
-5.691,-6.151,-0.001,0.981,0.003,-0.000,0.195,0.054,0.055,-62.705,0.053,-60.991,-61.919,-60.037,-0.850,-0.384,0.011,0.053,0.012,-0.166,0.001,0.004,-18.409,0.007,-19.723,-18.629,-19.831
-5.700,-6.155,-0.000,0.981,0.003,-0.000,0.195,0.054,0.055,-62.889,0.053,-61.189,-62.105,-60.235,-0.852,-0.383,0.010,0.030,0.015,-0.167,0.000,0.002,-18.394,0.006,-19.730,-18.581,-19.856
-5.708,-6.158,-0.000,0.981,0.003,-0.000,0.194,0.054,0.055,-63.073,0.053,-61.386,-62.290,-60.434,-0.854,-0.382,0.009,-0.001,0.016,-0.168,-0.000,0.001,-18.392,0.005,-19.726,-18.537,-19.874
-5.717,-6.162,-0.000,0.981,0.003,-0.000,0.193,0.054,0.055,-63.257,0.053,-61.583,-62.475,-60.633,-0.856,-0.382,0.008,-0.036,0.016,-0.169,-0.000,-0.001,-18.406,0.004,-19.709,-18.501,-19.881
-5.726,-6.166,-0.000,0.981,0.003,0.000,0.192,0.054,0.055,-63.441,0.053,-61.780,-62.660,-60.832,-0.858,-0.381,0.006,-0.075,0.018,-0.171,-0.001,-0.002,-18.436,0.003,-19.680,-18.479,-19.877
-5.734,-6.170,-0.000,0.982,0.003,0.000,0.191,0.054,0.055,-63.625,0.053,-61.977,-62.845,-61.030,-0.860,-0.380,0.004,-0.113,0.020,-0.172,-0.001,-0.003,-18.481,0.001,-19.641,-18.474,-19.859
-5.743,-6.174,-0.000,0.982,0.002,0.000,0.190,0.054,0.055,-63.811,0.053,-62.173,-63.030,-61.229,-0.861,-0.379,0.002,-0.146,0.024,-0.174,-0.002,-0.005,-18.542,-0.001,-19.596,-18.488,-19.825
-5.751,-6.177,-0.000,0.982,0.001,-0.000,0.190,0.054,0.055,-63.996,0.053,-62.369,-63.215,-61.427,-0.862,-0.377,-0.000,-0.170,0.028,-0.175,-0.002,-0.006,-18.615,-0.002,-19.548,-18.520,-19.774
-5.760,-6.181,-0.000,0.982,0.000,-0.000,0.189,0.054,0.055,-64.183,0.053,-62.564,-63.400,-61.624,-0.864,-0.376,-0.002,-0.181,0.032,-0.176,-0.002,-0.006,-18.698,-0.003,-19.500,-18.567,-19.707
-5.769,-6.185,-0.000,0.982,-0.001,-0.000,0.188,0.054,0.055,-64.370,0.053,-62.759,-63.586,-61.821,-0.865,-0.374,-0.004,-0.178,0.034,-0.177,-0.001,-0.006,-18.787,-0.003,-19.456,-18.625,-19.625
-5.777,-6.189,-0.000,0.982,-0.002,-0.000,0.187,0.054,0.055,-64.559,0.053,-62.953,-63.773,-62.017,-0.865,-0.372,-0.005,-0.160,0.033,-0.177,-0.001,-0.006,-18.874,-0.004,-19.416,-18.687,-19.533
-5.786,-6.192,-0.000,0.983,-0.002,-0.000,0.186,0.054,0.055,-64.748,0.053,-63.147,-63.960,-62.212,-0.865,-0.371,-0.006,-0.129,0.030,-0.177,-0.001,-0.006,-18.951,-0.004,-19.385,-18.750,-19.438
-5.795,-6.196,-0.000,0.983,-0.003,0.000,0.185,0.054,0.055,-64.938,0.053,-63.341,-64.148,-62.406,-0.865,-0.369,-0.007,-0.092,0.027,-0.176,-0.001,-0.005,-19.014,-0.004,-19.366,-18.808,-19.349
-5.803,-6.200,-0.000,0.983,-0.003,0.000,0.184,0.054,0.054,-65.128,0.053,-63.534,-64.336,-62.599,-0.865,-0.367,-0.008,-0.051,0.025,-0.175,-0.001,-0.004,-19.059,-0.004,-19.361,-18.857,-19.271
-5.812,-6.203,-0.000,0.983,-0.003,0.000,0.183,0.054,0.054,-65.319,0.053,-63.728,-64.525,-62.791,-0.864,-0.364,-0.009,-0.011,0.021,-0.173,-0.001,-0.003,-19.087,-0.004,-19.368,-18.895,-19.209
-5.821,-6.207,-0.001,0.983,-0.003,0.000,0.183,0.054,0.054,-65.510,0.053,-63.922,-64.714,-62.983,-0.864,-0.362,-0.010,0.028,0.016,-0.172,-0.000,-0.001,-19.100,-0.004,-19.387,-18.919,-19.168
-5.829,-6.211,-0.001,0.983,-0.003,0.000,0.182,0.054,0.054,-65.701,0.053,-64.116,-64.903,-63.174,-0.863,-0.360,-0.011,0.060,0.010,-0.170,-0.000,-0.000,-19.099,-0.004,-19.417,-18.930,-19.147
-5.838,-6.214,-0.001,0.983,-0.003,0.000,0.181,0.054,0.054,-65.892,0.053,-64.310,-65.093,-63.366,-0.862,-0.358,-0.011,0.084,0.003,-0.168,0.000,0.001,-19.087,-0.004,-19.453,-18.927,-19.148
-5.846,-6.218,-0.001,0.984,-0.002,0.001,0.180,0.054,0.054,-66.082,0.053,-64.505,-65.282,-63.557,-0.861,-0.356,-0.011,0.098,-0.006,-0.167,0.000,0.002,-19.066,-0.003,-19.491,-18.914,-19.167
-5.855,-6.221,-0.001,0.984,-0.002,0.001,0.179,0.054,0.054,-66.273,0.052,-64.700,-65.471,-63.749,-0.860,-0.354,-0.010,0.101,-0.016,-0.165,0.001,0.003,-19.038,-0.003,-19.528,-18.893,-19.202
-5.864,-6.225,-0.001,0.984,-0.001,0.001,0.178,0.054,0.055,-66.463,0.052,-64.895,-65.660,-63.942,-0.859,-0.352,-0.008,0.095,-0.026,-0.164,0.001,0.004,-19.006,-0.002,-19.559,-18.869,-19.250
-5.872,-6.228,-0.001,0.984,-0.001,0.000,0.178,0.054,0.055,-66.653,0.052,-65.091,-65.848,-64.134,-0.858,-0.350,-0.007,0.084,-0.034,-0.164,0.001,0.004,-18.970,-0.001,-19.583,-18.846,-19.305
-5.881,-6.232,-0.001,0.984,-0.001,0.000,0.177,0.054,0.055,-66.843,0.052,-65.287,-66.037,-64.328,-0.858,-0.348,-0.005,0.071,-0.039,-0.163,0.001,0.005,-18.933,-0.001,-19.600,-18.828,-19.365
-5.889,-6.235,-0.001,0.984,-0.000,0.000,0.176,0.054,0.055,-67.032,0.052,-65.483,-66.225,-64.522,-0.857,-0.347,-0.003,0.059,-0.042,-0.163,0.001,0.005,-18.894,-0.000,-19.610,-18.815,-19.426
-5.898,-6.239,-0.001,0.985,0.000,0.000,0.175,0.054,0.055,-67.220,0.052,-65.679,-66.413,-64.716,-0.857,-0.345,-0.001,0.050,-0.043,-0.163,0.001,0.005,-18.854,0.000,-19.616,-18.809,-19.483
-5.906,-6.242,-0.001,0.985,0.000,-0.000,0.174,0.054,0.055,-67.409,0.052,-65.875,-66.601,-64.911,-0.858,-0.344,0.002,0.045,-0.041,-0.164,0.001,0.006,-18.811,0.001,-19.620,-18.807,-19.536
-5.915,-6.246,-0.001,0.985,0.001,-0.000,0.174,0.054,0.055,-67.597,0.052,-66.072,-66.789,-65.107,-0.859,-0.342,0.004,0.045,-0.038,-0.164,0.001,0.006,-18.765,0.002,-19.624,-18.808,-19.583
-5.924,-6.249,-0.001,0.985,0.001,-0.000,0.173,0.054,0.055,-67.784,0.052,-66.268,-66.977,-65.303,-0.860,-0.341,0.006,0.049,-0.033,-0.164,0.001,0.006,-18.716,0.003,-19.630,-18.808,-19.624
-5.932,-6.253,-0.001,0.985,0.001,-0.001,0.172,0.054,0.055,-67.971,0.053,-66.464,-67.165,-65.499,-0.861,-0.340,0.008,0.057,-0.028,-0.165,0.002,0.006,-18.665,0.004,-19.639,-18.804,-19.662
-5.941,-6.256,-0.001,0.985,0.001,-0.001,0.171,0.054,0.055,-68.157,0.053,-66.661,-67.353,-65.696,-0.863,-0.339,0.010,0.065,-0.022,-0.165,0.002,0.006,-18.612,0.005,-19.651,-18.795,-19.697
-5.949,-6.259,-0.001,0.985,0.002,-0.001,0.170,0.054,0.055,-68.343,0.053,-66.857,-67.541,-65.893,-0.864,-0.338,0.011,0.070,-0.016,-0.165,0.002,0.006,-18.560,0.006,-19.666,-18.777,-19.731
-5.958,-6.263,-0.001,0.986,0.002,-0.001,0.170,0.054,0.055,-68.529,0.053,-67.054,-67.729,-66.091,-0.866,-0.337,0.012,0.071,-0.011,-0.166,0.001,0.005,-18.512,0.006,-19.681,-18.750,-19.766
-5.967,-6.266,-0.001,0.986,0.003,-0.001,0.169,0.054,0.055,-68.713,0.053,-67.251,-67.916,-66.289,-0.868,-0.337,0.013,0.065,-0.006,-0.166,0.001,0.004,-18.470,0.007,-19.694,-18.715,-19.801
-5.975,-6.269,-0.001,0.986,0.003,-0.001,0.168,0.054,0.055,-68.898,0.053,-67.448,-68.103,-66.487,-0.871,-0.336,0.013,0.052,-0.001,-0.167,0.001,0.003,-18.437,0.006,-19.701,-18.675,-19.834
-5.984,-6.273,-0.000,0.986,0.003,-0.001,0.167,0.054,0.055,-69.082,0.053,-67.645,-68.289,-66.685,-0.873,-0.335,0.012,0.029,0.004,-0.168,0.000,0.002,-18.416,0.006,-19.699,-18.633,-19.863
-5.993,-6.276,-0.000,0.986,0.003,-0.000,0.166,0.054,0.055,-69.266,0.053,-67.842,-68.476,-66.884,-0.875,-0.335,0.012,0.000,0.009,-0.169,-0.000,-0.000,-18.410,0.005,-19.687,-18.593,-19.884
-6.002,-6.280,-0.000,0.986,0.003,-0.000,0.165,0.054,0.055,-69.450,0.053,-68.039,-68.661,-67.083,-0.877,-0.334,0.010,-0.034,0.015,-0.170,-0.001,-0.002,-18.419,0.004,-19.665,-18.560,-19.894
-6.010,-6.283,-0.000,0.986,0.003,-0.000,0.165,0.054,0.055,-69.635,0.053,-68.235,-68.847,-67.282,-0.879,-0.333,0.008,-0.071,0.022,-0.171,-0.001,-0.003,-18.447,0.002,-19.636,-18.538,-19.889
-6.019,-6.286,-0.000,0.986,0.002,-0.000,0.164,0.054,0.055,-69.819,0.053,-68.431,-69.032,-67.481,-0.881,-0.332,0.006,-0.108,0.031,-0.173,-0.001,-0.004,-18.492,0.000,-19.601,-18.531,-19.869
-6.028,-6.289,0.000,0.987,0.002,-0.000,0.163,0.054,0.055,-70.005,0.053,-68.627,-69.218,-67.679,-0.883,-0.331,0.003,-0.138,0.040,-0.174,-0.002,-0.005,-18.553,-0.001,-19.565,-18.540,-19.830
-6.037,-6.293,0.000,0.987,0.001,-0.000,0.162,0.054,0.055,-70.191,0.053,-68.823,-69.403,-67.877,-0.885,-0.330,0.000,-0.160,0.048,-0.176,-0.002,-0.006,-18.629,-0.003,-19.529,-18.564,-19.772
-6.046,-6.296,0.000,0.987,0.000,-0.000,0.161,0.054,0.055,-70.377,0.053,-69.018,-69.589,-68.074,-0.886,-0.328,-0.003,-0.169,0.053,-0.177,-0.002,-0.007,-18.715,-0.003,-19.496,-18.600,-19.697
-6.055,-6.299,-0.000,0.987,-0.001,0.000,0.160,0.054,0.055,-70.565,0.053,-69.212,-69.775,-68.271,-0.887,-0.326,-0.005,-0.163,0.053,-0.177,-0.002,-0.007,-18.807,-0.004,-19.467,-18.644,-19.607
-6.064,-6.303,-0.000,0.987,-0.002,0.000,0.159,0.054,0.055,-70.753,0.053,-69.407,-69.962,-68.467,-0.887,-0.324,-0.007,-0.142,0.048,-0.177,-0.001,-0.007,-18.895,-0.004,-19.444,-18.692,-19.509
-6.072,-6.306,-0.000,0.987,-0.002,0.000,0.159,-0.340,-0.236,-70.946,-0.262,-69.595,-70.151,-68.659,-0.903,-0.271,0.004,-0.022,-0.029,0.140,-56.974,-44.054,-19.547,-47.856,-18.274,-19.264,-18.817
-6.082,-6.308,0.000,0.987,-0.002,-0.001,0.161,-0.752,-0.570,-71.142,-0.650,-69.774,-70.347,-68.839,-0.900,-0.181,0.040,0.114,-0.264,0.614,-19.067,-17.338,-19.673,-19.394,-17.723,-19.700,-17.275
-6.091,-6.309,0.001,0.986,-0.001,-0.002,0.165,-0.779,-0.628,-71.339,-0.680,-69.948,-70.546,-69.006,-0.899,-0.152,0.030,-0.041,-0.241,0.845,12.198,5.182,-19.679,14.048,-17.162,-20.163,-16.429
-6.100,-6.311,0.001,0.986,-0.002,-0.002,0.169,-0.559,-0.498,-71.536,-0.413,-70.120,-70.749,-69.172,-0.906,-0.179,-0.029,-0.141,0.115,0.766,28.013,18.446,-19.715,34.808,-17.246,-20.413,-16.673
-6.109,-6.313,-0.000,0.985,-0.003,-0.001,0.173,-0.319,-0.326,-71.733,-0.116,-70.293,-70.955,-69.339,-0.910,-0.179,-0.074,-0.107,0.391,0.833,15.700,12.735,-19.955,19.320,-17.308,-20.734,-16.595
-6.118,-6.315,-0.001,0.984,-0.003,0.000,0.177,-0.314,-0.301,-71.937,-0.102,-70.464,-71.161,-69.502,-0.887,-0.181,-0.037,-0.050,0.141,0.821,-13.506,-7.411,-20.626,-15.389,-16.956,-20.458,-16.200
-6.126,-6.316,-0.001,0.983,-0.003,0.000,0.181,-0.460,-0.389,-72.144,-0.294,-70.633,-71.365,-69.663,-0.873,-0.176,-0.009,0.035,-0.033,0.852,-14.207,-9.299,-20.893,-21.281,-16.766,-20.285,-15.851
-6.135,-6.318,-0.001,0.983,-0.003,0.000,0.186,-0.547,-0.445,-72.354,-0.454,-70.800,-71.568,-69.818,-0.868,-0.151,0.004,0.160,-0.111,1.007,-3.433,-2.628,-21.083,-9.325,-16.684,-20.329,-15.291
-6.144,-6.319,-0.001,0.982,-0.002,-0.000,0.191,-0.547,-0.450,-72.567,-0.503,-70.966,-71.771,-69.969,-0.864,-0.130,0.006,0.207,-0.110,1.171,2.549,1.083,-21.375,-1.562,-16.568,-20.433,-14.739
-6.152,-6.321,-0.001,0.980,-0.001,-0.000,0.197,-0.512,-0.432,-72.782,-0.501,-71.131,-71.976,-70.114,-0.862,-0.124,0.001,0.163,-0.070,1.269,3.970,2.392,-21.670,1.417,-16.470,-20.504,-14.397
-6.161,-6.322,-0.001,0.979,-0.000,-0.000,0.203,-0.475,-0.408,-73.000,-0.482,-71.296,-72.181,-70.257,-0.860,-0.132,-0.007,0.084,-0.014,1.299,3.102,2.144,-21.850,2.099,-16.427,-20.542,-14.300
-6.170,-6.323,-0.001,0.978,0.000,-0.000,0.210,-0.451,-0.390,-73.218,-0.461,-71.460,-72.387,-70.401,-0.858,-0.146,-0.010,0.023,0.012,1.291,1.829,1.447,-21.904,1.907,-16.421,-20.552,-14.342
-6.178,-6.325,-0.001,0.976,0.000,-0.000,0.216,-0.438,-0.379,-73.437,-0.444,-71.624,-72.592,-70.544,-0.856,-0.161,-0.008,-0.006,0.005,1.270,0.792,0.719,-21.893,1.471,-16.430,-20.542,-14.432
-6.187,-6.327,-0.001,0.975,0.000,-0.000,0.222,-0.433,-0.375,-73.656,-0.432,-71.789,-72.798,-70.689,-0.853,-0.176,-0.004,-0.007,-0.016,1.247,0.171,0.210,-21.848,1.054,-16.446,-20.529,-14.528
-6.195,-6.328,-0.001,0.974,0.000,-0.001,0.228,-0.433,-0.374,-73.874,-0.423,-71.953,-73.003,-70.835,-0.851,-0.190,0.001,0.006,-0.036,1.229,-0.116,-0.075,-21.787,0.728,-16.464,-20.524,-14.616
-6.204,-6.330,-0.001,0.972,0.000,-0.001,0.234,-0.435,-0.376,-74.092,-0.417,-72.118,-73.208,-70.981,-0.848,-0.202,0.005,0.026,-0.049,1.220,-0.192,-0.196,-21.725,0.498,-16.483,-20.530,-14.686
-6.212,-6.332,-0.001,0.971,0.001,-0.001,0.240,-0.437,-0.378,-74.309,-0.413,-72.283,-73.413,-71.129,-0.847,-0.212,0.008,0.050,-0.052,1.218,-0.164,-0.213,-21.666,0.342,-16.501,-20.542,-14.735
-6.221,-6.335,-0.001,0.969,0.001,-0.001,0.246,-0.438,-0.380,-74.525,-0.410,-72.448,-73.619,-71.276,-0.846,-0.222,0.010,0.072,-0.045,1.222,-0.104,-0.177,-21.616,0.237,-16.522,-20.556,-14.770
-6.229,-6.337,-0.001,0.968,0.001,-0.001,0.252,-0.439,-0.381,-74.741,-0.408,-72.613,-73.825,-71.424,-0.845,-0.232,0.011,0.090,-0.029,1.229,-0.043,-0.073,-21.574,0.168,-16.548,-20.564,-14.797
-6.238,-6.339,-0.001,0.966,0.002,-0.001,0.258,-0.439,-0.381,-74.957,-0.407,-72.779,-74.030,-71.572,-0.844,-0.243,0.011,0.099,-0.006,1.235,-0.009,-0.018,-21.532,0.118,-16.581,-20.560,-14.829
-6.246,-6.342,-0.000,0.965,0.002,-0.001,0.264,-0.439,-0.381,-75.172,-0.406,-72.945,-74.236,-71.721,-0.843,-0.254,0.010,0.100,0.018,1.236,0.006,0.008,-21.488,0.082,-16.621,-20.537,-14.874
-6.254,-6.344,-0.000,0.963,0.003,-0.001,0.270,-0.439,-0.381,-75.386,-0.405,-73.111,-74.441,-71.870,-0.842,-0.266,0.009,0.092,0.039,1.230,0.010,0.019,-21.439,0.057,-16.666,-20.494,-14.934
-6.263,-6.347,-0.000,0.961,0.003,-0.000,0.276,-0.439,-0.381,-75.601,-0.404,-73.278,-74.646,-72.019,-0.839,-0.280,0.007,0.073,0.052,1.218,0.010,0.025,-21.380,0.040,-16.711,-20.430,-15.009
-6.271,-6.350,-0.000,0.960,0.003,-0.000,0.281,-0.439,-0.381,-75.814,-0.404,-73.446,-74.849,-72.170,-0.836,-0.295,0.006,0.046,0.055,1.197,0.009,0.037,-21.325,0.029,-16.748,-20.348,-15.096
-6.280,-6.353,-0.000,0.958,0.003,0.000,0.287,-0.439,-0.380,-76.027,-0.404,-73.613,-75.052,-72.321,-0.832,-0.310,0.004,0.016,0.051,1.169,0.009,0.046,-21.288,0.022,-16.771,-20.258,-15.196
-6.288,-6.356,-0.000,0.956,0.003,0.000,0.293,-0.439,-0.380,-76.240,-0.404,-73.781,-75.255,-72.474,-0.827,-0.325,0.001,-0.020,0.047,1.142,0.008,0.035,-21.261,0.016,-16.780,-20.181,-15.295
-6.296,-6.360,-0.000,0.955,0.003,0.000,0.298,-0.439,-0.380,-76.452,-0.403,-73.949,-75.456,-72.627,-0.823,-0.337,-0.002,-0.056,0.036,1.125,0.004,0.020,-21.257,0.012,-16.776,-20.128,-15.353
-6.304,-6.363,-0.000,0.953,0.003,0.000,0.303,-0.439,-0.380,-76.665,-0.403,-74.116,-75.657,-72.781,-0.818,-0.348,-0.004,-0.088,0.018,1.116,0.002,0.011,-21.271,0.009,-16.754,-20.102,-15.377
-6.312,-6.366,-0.000,0.951,0.002,0.000,0.309,-0.439,-0.379,-76.878,-0.403,-74.284,-75.858,-72.934,-0.813,-0.358,-0.005,-0.113,-0.003,1.110,0.001,0.005,-21.295,0.007,-16.717,-20.103,-15.379
-6.321,-6.370,-0.000,0.949,0.002,0.000,0.314,-0.439,-0.379,-77.091,-0.403,-74.451,-76.059,-73.088,-0.808,-0.367,-0.006,-0.131,-0.022,1.107,0.000,0.000,-21.321,0.006,-16.666,-20.131,-15.368
-6.329,-6.374,-0.000,0.948,0.001,-0.000,0.319,-0.439,-0.379,-77.304,-0.403,-74.617,-76.261,-73.242,-0.804,-0.375,-0.006,-0.142,-0.037,1.105,-0.001,-0.004,-21.344,0.004,-16.608,-20.184,-15.352
-6.337,-6.378,-0.000,0.946,0.000,-0.001,0.324,-0.439,-0.380,-77.518,-0.403,-74.783,-76.463,-73.395,-0.799,-0.384,-0.006,-0.145,-0.044,1.105,-0.001,-0.008,-21.362,0.003,-16.547,-20.257,-15.331
-6.345,-6.381,-0.000,0.944,-0.000,-0.001,0.330,-0.439,-0.380,-77.732,-0.403,-74.948,-76.666,-73.548,-0.795,-0.392,-0.005,-0.141,-0.042,1.105,-0.002,-0.012,-21.375,0.002,-16.489,-20.345,-15.307
-6.353,-6.385,-0.001,0.942,-0.001,-0.002,0.335,-0.439,-0.380,-77.945,-0.403,-75.113,-76.870,-73.701,-0.790,-0.400,-0.004,-0.129,-0.035,1.106,-0.003,-0.018,-21.390,0.001,-16.434,-20.435,-15.276
-6.360,-6.389,-0.001,0.940,-0.001,-0.002,0.340,-0.439,-0.380,-78.159,-0.403,-75.277,-77.075,-73.854,-0.786,-0.407,-0.002,-0.109,-0.027,1.111,-0.004,-0.022,-21.417,-0.001,-16.388,-20.518,-15.227
-6.368,-6.394,-0.001,0.938,-0.002,-0.002,0.345,-0.439,-0.380,-78.374,-0.403,-75.440,-77.280,-74.006,-0.781,-0.413,0.001,-0.087,-0.018,1.121,-0.003,-0.014,-21.458,-0.003,-16.354,-20.589,-15.154
-6.376,-6.398,-0.001,0.937,-0.002,-0.002,0.351,-0.439,-0.380,-78.589,-0.403,-75.604,-77.487,-74.157,-0.777,-0.419,0.003,-0.066,-0.006,1.131,-0.002,-0.008,-21.504,-0.005,-16.333,-20.645,-15.075
-6.384,-6.402,-0.001,0.935,-0.002,-0.002,0.356,-0.439,-0.380,-78.804,-0.403,-75.767,-77.693,-74.307,-0.773,-0.426,0.004,-0.048,0.009,1.140,-0.002,-0.005,-21.551,-0.007,-16.326,-20.685,-14.997
-6.392,-6.406,-0.000,0.932,-0.003,-0.002,0.361,-0.439,-0.380,-79.020,-0.403,-75.930,-77.900,-74.457,-0.769,-0.433,0.005,-0.033,0.022,1.152,-0.002,-0.003,-21.606,-0.008,-16.312,-20.713,-14.917
-6.399,-6.411,-0.000,0.930,-0.003,-0.002,0.367,-0.439,-0.380,-79.236,-0.403,-76.093,-78.108,-74.606,-0.765,-0.439,0.004,-0.021,0.032,1.168,-0.002,-0.002,-21.684,-0.009,-16.296,-20.733,-14.821
-6.407,-6.415,-0.000,0.928,-0.003,-0.002,0.372,-0.439,-0.380,-79.453,-0.403,-76.256,-78.315,-74.753,-0.761,-0.445,0.003,-0.007,0.038,1.191,-0.002,-0.002,-21.784,-0.009,-16.284,-20.745,-14.702
-6.414,-6.419,-0.000,0.926,-0.003,-0.002,0.378,-0.439,-0.380,-79.672,-0.404,-76.419,-78.522,-74.900,-0.757,-0.450,0.002,0.004,0.036,1.216,-0.002,-0.003,-21.891,-0.008,-16.272,-20.750,-14.575
-6.422,-6.424,-0.000,0.924,-0.003,-0.002,0.383,-0.439,-0.380,-79.891,-0.404,-76.582,-78.730,-75.045,-0.753,-0.455,0.002,0.011,0.026,1.239,-0.002,-0.004,-21.985,-0.007,-16.259,-20.751,-14.456
-6.429,-6.429,-0.000,0.921,-0.003,-0.002,0.389,-0.439,-0.381,-80.111,-0.404,-76.744,-78.937,-75.189,-0.749,-0.461,0.002,0.033,0.015,1.265,-0.001,-0.003,-22.065,-0.004,-16.255,-20.761,-14.343
-6.437,-6.433,-0.000,0.919,-0.003,-0.001,0.395,-0.439,-0.381,-80.333,-0.404,-76.907,-79.145,-75.331,-0.746,-0.464,-0.003,0.097,0.030,1.312,0.001,0.002,-22.193,0.000,-16.305,-20.809,-14.192
-6.444,-6.438,-0.000,0.916,-0.002,-0.001,0.401,-0.439,-0.381,-80.555,-0.404,-77.070,-79.354,-75.473,-0.742,-0.471,-0.004,0.133,0.028,1.340,0.002,0.005,-22.257,0.002,-16.349,-20.835,-14.105
-6.452,-6.443,-0.000,0.913,-0.002,-0.001,0.407,-0.439,-0.380,-80.777,-0.404,-77.234,-79.562,-75.614,-0.734,-0.483,0.002,0.104,-0.017,1.327,0.001,0.002,-22.185,0.002,-16.354,-20.806,-14.137
-6.459,-6.448,-0.000,0.911,-0.001,-0.001,0.413,-0.439,-0.380,-80.999,-0.404,-77.397,-79.770,-75.756,-0.729,-0.493,0.003,0.109,-0.028,1.332,0.001,0.002,-22.148,0.002,-16.378,-20.803,-14.161
-6.466,-6.453,-0.000,0.908,-0.001,-0.001,0.419,-0.439,-0.380,-81.220,-0.404,-77.561,-79.978,-75.897,-0.723,-0.504,0.004,0.111,-0.030,1.332,0.001,0.002,-22.100,0.002,-16.414,-20.796,-14.215
-6.474,-6.458,-0.000,0.905,-0.000,-0.000,0.425,-0.439,-0.380,-81.441,-0.404,-77.726,-80.186,-76.040,-0.719,-0.515,0.002,0.128,-0.007,1.335,0.001,0.002,-22.072,0.003,-16.458,-20.798,-14.279
-6.481,-6.463,-0.000,0.902,0.000,-0.000,0.431,-0.439,-0.380,-81.661,-0.404,-77.891,-80.393,-76.183,-0.710,-0.529,0.003,0.099,-0.008,1.309,0.001,0.003,-21.958,0.003,-16.521,-20.736,-14.409
-6.488,-6.468,-0.000,0.899,0.001,-0.000,0.437,-0.439,-0.380,-81.880,-0.404,-78.056,-80.600,-76.328,-0.703,-0.542,0.002,0.091,0.011,1.291,0.001,0.005,-21.877,0.003,-16.596,-20.675,-14.528
-6.495,-6.474,-0.000,0.897,0.001,0.000,0.443,-0.439,-0.380,-82.098,-0.404,-78.223,-80.807,-76.474,-0.695,-0.554,-0.001,0.092,0.035,1.272,0.002,0.010,-21.800,0.003,-16.679,-20.607,-14.649
-6.502,-6.479,-0.000,0.894,0.001,0.001,0.449,-0.439,-0.380,-82.316,-0.403,-78.390,-81.012,-76.621,-0.685,-0.567,-0.003,0.092,0.046,1.245,0.005,0.023,-21.732,0.003,-16.759,-20.514,-14.779
-6.508,-6.485,-0.000,0.891,0.002,0.001,0.454,-0.439,-0.380,-82.533,-0.403,-78.558,-81.217,-76.770,-0.675,-0.580,-0.003,0.087,0.039,1.209,0.007,0.037,-21.664,0.003,-16.828,-20.399,-14.923
-6.515,-6.491,-0.000,0.888,0.002,0.001,0.459,-0.439,-0.379,-82.749,-0.403,-78.726,-81.420,-76.920,-0.664,-0.593,-0.003,0.070,0.028,1.174,0.006,0.039,-21.604,0.002,-16.866,-20.290,-15.067
-6.522,-6.497,-0.000,0.886,0.002,0.002,0.465,-0.439,-0.379,-82.965,-0.403,-78.895,-81.623,-77.071,-0.654,-0.605,-0.005,0.039,0.026,1.145,0.003,0.024,-21.557,0.001,-16.883,-20.208,-15.202
-6.528,-6.503,-0.000,0.883,0.002,0.002,0.470,-0.438,-0.379,-83.181,-0.403,-79.064,-81.825,-77.223,-0.644,-0.615,-0.008,0.000,0.025,1.128,0.000,0.011,-21.527,-0.000,-16.902,-20.156,-15.292
-6.535,-6.509,-0.000,0.880,0.002,0.002,0.475,-0.439,-0.379,-83.396,-0.403,-79.233,-82.026,-77.377,-0.636,-0.623,-0.010,-0.036,0.019,1.119,-0.001,0.003,-21.512,-0.000,-16.913,-20.131,-15.341
-6.541,-6.515,-0.001,0.878,0.002,0.002,0.479,-0.439,-0.379,-83.611,-0.403,-79.402,-82.227,-77.530,-0.628,-0.629,-0.011,-0.065,0.007,1.115,-0.002,-0.002,-21.506,-0.000,-16.912,-20.129,-15.359
-6.547,-6.522,-0.001,0.875,0.002,0.002,0.484,-0.439,-0.379,-83.826,-0.403,-79.571,-82.429,-77.684,-0.620,-0.635,-0.011,-0.086,-0.009,1.113,-0.002,-0.007,-21.506,0.000,-16.897,-20.147,-15.353
-6.553,-6.528,-0.001,0.872,0.001,0.001,0.489,-0.439,-0.379,-84.041,-0.403,-79.740,-82.630,-77.837,-0.612,-0.640,-0.009,-0.096,-0.028,1.113,-0.002,-0.010,-21.512,0.002,-16.865,-20.181,-15.329
-6.559,-6.535,-0.001,0.869,0.001,0.001,0.494,-0.439,-0.379,-84.256,-0.403,-79.908,-82.832,-77.990,-0.605,-0.644,-0.006,-0.095,-0.052,1.116,-0.001,-0.014,-21.521,0.003,-16.824,-20.225,-15.286
-6.565,-6.541,-0.001,0.867,0.001,0.000,0.499,-0.439,-0.379,-84.471,-0.403,-80.076,-83.035,-78.143,-0.597,-0.649,-0.002,-0.089,-0.073,1.119,-0.001,-0.018,-21.530,0.005,-16.777,-20.279,-15.240
-6.571,-6.548,-0.001,0.864,0.001,-0.000,0.504,-0.439,-0.379,-84.687,-0.403,-80.244,-83.238,-78.295,-0.589,-0.654,0.001,-0.082,-0.084,1.121,-0.001,-0.018,-21.534,0.006,-16.720,-20.341,-15.210
-6.577,-6.554,-0.001,0.861,0.000,-0.001,0.509,-0.439,-0.380,-84.902,-0.403,-80.411,-83.442,-78.447,-0.582,-0.660,0.003,-0.074,-0.083,1.119,0.000,-0.015,-21.531,0.007,-16.654,-20.410,-15.203
-6.583,-6.561,-0.001,0.858,0.000,-0.001,0.513,-0.439,-0.380,-85.117,-0.403,-80.577,-83.646,-78.599,-0.574,-0.668,0.004,-0.064,-0.073,1.115,0.000,-0.013,-21.525,0.007,-16.582,-20.478,-15.218
-6.589,-6.567,-0.001,0.855,0.000,-0.002,0.518,-0.439,-0.380,-85.333,-0.403,-80.743,-83.851,-78.752,-0.566,-0.675,0.005,-0.054,-0.061,1.111,0.000,-0.012,-21.519,0.007,-16.516,-20.540,-15.241
-6.594,-6.574,-0.001,0.852,0.000,-0.002,0.523,-0.439,-0.380,-85.548,-0.403,-80.907,-84.057,-78.904,-0.559,-0.682,0.005,-0.043,-0.049,1.109,-0.000,-0.011,-21.515,0.005,-16.460,-20.594,-15.263
-6.600,-6.581,-0.001,0.850,0.000,-0.002,0.528,-0.439,-0.380,-85.763,-0.403,-81.072,-84.263,-79.057,-0.551,-0.689,0.006,-0.030,-0.040,1.108,-0.000,-0.008,-21.513,0.003,-16.414,-20.637,-15.282
-6.605,-6.588,-0.001,0.847,0.000,-0.003,0.532,-0.439,-0.380,-85.978,-0.403,-81.236,-84.470,-79.210,-0.544,-0.696,0.006,-0.015,-0.033,1.108,-0.001,-0.008,-21.510,0.002,-16.377,-20.673,-15.298
-6.611,-6.595,-0.001,0.844,0.000,-0.003,0.537,-0.439,-0.380,-86.193,-0.403,-81.399,-84.677,-79.363,-0.537,-0.703,0.006,-0.000,-0.028,1.109,-0.002,-0.009,-21.503,-0.000,-16.350,-20.702,-15.310
-6.616,-6.602,-0.001,0.841,0.000,-0.003,0.542,-0.439,-0.380,-86.408,-0.403,-81.563,-84.884,-79.516,-0.531,-0.709,0.006,0.015,-0.025,1.113,-0.002,-0.011,-21.491,-0.002,-16.333,-20.727,-15.314
-6.621,-6.609,-0.000,0.838,0.000,-0.003,0.546,-0.439,-0.380,-86.623,-0.403,-81.726,-85.091,-79.669,-0.524,-0.714,0.007,0.027,-0.028,1.122,-0.003,-0.014,-21.478,-0.004,-16.328,-20.746,-15.292
-6.627,-6.616,-0.000,0.834,0.001,-0.003,0.551,-0.439,-0.381,-86.838,-0.403,-81.889,-85.299,-79.822,-0.519,-0.718,0.010,0.030,-0.038,1.141,-0.004,-0.014,-21.475,-0.006,-16.313,-20.769,-15.235
-6.632,-6.624,-0.000,0.831,0.001,-0.003,0.556,-0.439,-0.381,-87.052,-0.403,-82.052,-85.506,-79.974,-0.514,-0.722,0.012,0.025,-0.043,1.166,-0.003,-0.011,-21.482,-0.008,-16.298,-20.799,-15.157
-6.637,-6.631,-0.000,0.828,0.001,-0.003,0.561,-0.439,-0.381,-87.267,-0.403,-82.215,-85.715,-80.125,-0.511,-0.725,0.012,0.019,-0.029,1.198,-0.003,-0.008,-21.513,-0.009,-16.293,-20.842,-15.058
-6.642,-6.638,-0.000,0.825,0.001,-0.003,0.566,-0.439,-0.381,-87.483,-0.403,-82.378,-85.923,-80.275,-0.507,-0.728,0.009,0.015,0.003,1.233,-0.002,-0.004,-21.572,-0.009,-16.301,-20.891,-14.944
-6.647,-6.645,0.000,0.821,0.001,-0.003,0.571,-0.439,-0.381,-87.699,-0.403,-82.541,-86.132,-80.424,-0.503,-0.733,0.006,0.031,0.045,1.267,-0.001,0.002,-21.652,-0.008,-16.324,-20.937,-14.836
-6.652,-6.653,0.000,0.817,0.001,-0.003,0.576,-0.439,-0.381,-87.916,-0.403,-82.705,-86.342,-80.571,-0.501,-0.736,-0.004,0.094,0.124,1.317,0.000,0.007,-21.822,-0.004,-16.377,-21.008,-14.692
-6.657,-6.660,0.000,0.814,0.001,-0.002,0.582,-0.439,-0.381,-88.134,-0.403,-82.869,-86.552,-80.718,-0.491,-0.745,-0.003,0.071,0.141,1.313,0.000,0.010,-21.853,-0.005,-16.419,-20.973,-14.671
-6.662,-6.668,0.000,0.810,0.001,-0.001,0.587,-0.439,-0.381,-88.353,-0.404,-83.033,-86.761,-80.865,-0.479,-0.753,-0.001,0.029,0.139,1.294,0.000,0.012,-21.845,-0.006,-16.473,-20.884,-14.689
-6.667,-6.675,0.000,0.806,0.000,-0.000,0.592,-0.439,-0.381,-88.571,-0.404,-83.198,-86.970,-81.012,-0.467,-0.761,-0.001,0.008,0.145,1.282,0.001,0.016,-21.868,-0.006,-16.534,-20.788,-14.691
-6.671,-6.683,-0.000,0.802,-0.000,0.000,0.597,-0.439,-0.380,-88.790,-0.404,-83.364,-87.177,-81.159,-0.456,-0.768,-0.002,-0.003,0.149,1.270,0.004,0.028,-21.912,-0.005,-16.592,-20.682,-14.681
-6.676,-6.691,-0.000,0.798,-0.001,0.001,0.602,-0.439,-0.380,-89.010,-0.404,-83.530,-87.383,-81.305,-0.444,-0.774,-0.003,-0.008,0.142,1.257,0.006,0.037,-21.962,-0.003,-16.643,-20.566,-14.668
-6.680,-6.698,-0.000,0.795,-0.001,0.001,0.607,-0.439,-0.380,-89.230,-0.404,-83.697,-87.588,-81.452,-0.432,-0.780,-0.004,-0.011,0.119,1.240,0.007,0.039,-21.993,-0.001,-16.685,-20.446,-14.660
-6.684,-6.706,-0.000,0.791,-0.001,0.002,0.612,-0.439,-0.379,-89.450,-0.404,-83.864,-87.792,-81.599,-0.418,-0.786,-0.003,-0.016,0.082,1.220,0.005,0.033,-22.002,0.000,-16.717,-20.330,-14.658
-6.688,-6.714,-0.000,0.787,-0.002,0.002,0.617,-0.439,-0.379,-89.670,-0.404,-84.031,-87.995,-81.745,-0.406,-0.791,-0.003,-0.021,0.038,1.204,0.002,0.019,-21.999,0.001,-16.737,-20.233,-14.654
-6.692,-6.722,-0.000,0.783,-0.002,0.002,0.622,-0.439,-0.379,-89.890,-0.404,-84.198,-88.197,-81.892,-0.394,-0.795,-0.003,-0.025,-0.004,1.194,0.001,0.009,-21.993,0.002,-16.741,-20.167,-14.643
-6.696,-6.730,-0.000,0.780,-0.002,0.002,0.626,-0.439,-0.379,-90.109,-0.404,-84.366,-88.399,-82.038,-0.383,-0.799,-0.004,-0.030,-0.039,1.191,-0.001,0.001,-21.989,0.002,-16.732,-20.134,-14.627
-6.700,-6.738,-0.000,0.776,-0.002,0.001,0.631,-0.439,-0.379,-90.329,-0.404,-84.533,-88.600,-82.184,-0.373,-0.802,-0.006,-0.034,-0.065,1.192,-0.001,-0.006,-21.988,0.002,-16.712,-20.136,-14.609
-6.704,-6.746,-0.000,0.772,-0.002,0.001,0.635,-0.439,-0.379,-90.549,-0.404,-84.700,-88.801,-82.330,-0.364,-0.804,-0.008,-0.037,-0.081,1.197,-0.002,-0.011,-21.992,0.002,-16.685,-20.167,-14.591
-6.707,-6.754,-0.000,0.768,-0.001,0.001,0.640,-0.439,-0.379,-90.769,-0.404,-84.867,-89.003,-82.476,-0.355,-0.806,-0.010,-0.037,-0.087,1.205,-0.002,-0.015,-22.003,0.002,-16.653,-20.223,-14.574
-6.711,-6.762,-0.000,0.764,-0.001,0.000,0.645,-0.439,-0.379,-90.989,-0.404,-85.033,-89.206,-82.622,-0.347,-0.809,-0.011,-0.034,-0.086,1.213,-0.002,-0.017,-22.016,0.002,-16.620,-20.294,-14.563
-6.714,-6.770,-0.001,0.760,-0.001,-0.000,0.649,-0.439,-0.379,-91.209,-0.404,-85.199,-89.409,-82.767,-0.338,-0.811,-0.012,-0.026,-0.080,1.220,-0.001,-0.015,-22.021,0.002,-16.589,-20.373,-14.565
-6.718,-6.778,-0.001,0.756,-0.001,-0.001,0.654,-0.439,-0.379,-91.430,-0.404,-85.365,-89.613,-82.913,-0.328,-0.814,-0.011,-0.015,-0.071,1.224,-0.001,-0.013,-22.022,0.002,-16.561,-20.450,-14.581
-6.721,-6.786,-0.001,0.752,-0.001,-0.001,0.659,-0.439,-0.380,-91.650,-0.404,-85.530,-89.818,-83.059,-0.318,-0.817,-0.010,-0.002,-0.061,1.224,-0.000,-0.011,-22.019,0.003,-16.535,-20.518,-14.609
-6.724,-6.795,-0.001,0.748,-0.001,-0.001,0.663,-0.439,-0.380,-91.870,-0.404,-85.696,-90.024,-83.205,-0.308,-0.820,-0.007,0.011,-0.051,1.221,-0.000,-0.011,-22.011,0.004,-16.512,-20.571,-14.648
-6.727,-6.803,-0.001,0.744,-0.000,-0.001,0.668,-0.439,-0.380,-92.090,-0.403,-85.861,-90.230,-83.352,-0.297,-0.824,-0.004,0.022,-0.047,1.216,-0.001,-0.015,-21.994,0.004,-16.491,-20.606,-14.693
-6.730,-6.811,-0.001,0.740,-0.000,-0.001,0.672,-0.439,-0.380,-92.310,-0.403,-86.025,-90.436,-83.499,-0.286,-0.827,-0.000,0.030,-0.049,1.210,-0.001,-0.020,-21.963,0.005,-16.472,-20.624,-14.740
