-9.000,9.000,0.001,1.000,0.000,0.000,0.000,-0.000,-0.000,0.000,-0.000,0.000,0.000,0.000,-0.000,-0.000,0.000,-0.000,-0.000,-0.000,0.000,0.000,-0.000,0.000,-0.000,-0.000,-0.000
-9.000,9.000,0.001,1.000,0.000,-0.000,0.000,-0.138,-0.103,0.003,-0.108,0.003,0.001,0.001,0.008,-0.000,0.000,0.001,-0.007,0.008,-22.087,-16.992,0.483,-18.295,0.536,0.197,0.227
-9.000,9.000,0.001,1.000,0.000,-0.000,0.000,-0.322,-0.256,0.009,-0.283,0.010,0.005,0.005,0.024,-0.003,0.000,-0.001,-0.013,-0.014,-11.439,-10.935,0.762,-12.950,0.753,0.534,0.484
-8.999,9.000,0.001,1.000,-0.000,-0.000,-0.000,-0.330,-0.290,0.018,-0.309,0.017,0.012,0.011,0.042,-0.007,0.000,-0.002,-0.016,-0.047,9.014,3.927,0.965,7.688,0.738,0.961,0.780
-8.999,9.000,0.001,1.000,-0.000,-0.000,-0.000,-0.187,-0.202,0.028,-0.170,0.025,0.023,0.020,0.059,-0.008,0.000,-0.000,-0.014,-0.054,16.163,11.409,1.162,16.649,0.851,1.309,1.081
-8.998,9.000,0.001,1.000,-0.000,-0.000,-0.001,-0.081,-0.117,0.041,-0.052,0.035,0.038,0.033,0.069,-0.006,0.000,0.003,-0.007,-0.035,3.493,3.903,1.441,5.084,1.244,1.505,1.336
-8.998,9.000,0.001,1.000,0.000,-0.000,-0.001,-0.128,-0.143,0.057,-0.083,0.050,0.053,0.047,0.077,-0.005,-0.000,0.003,-0.002,-0.026,-11.099,-7.825,1.789,-9.795,1.687,1.663,1.533
-8.997,9.000,0.001,1.000,0.000,-0.000,-0.001,-0.246,-0.231,0.077,-0.201,0.068,0.071,0.063,0.088,-0.008,-0.000,-0.001,-0.001,-0.045,-9.802,-7.897,2.072,-11.189,1.936,1.912,1.717
-8.996,9.000,0.001,1.000,0.000,-0.000,-0.001,-0.285,-0.270,0.099,-0.260,0.088,0.092,0.081,0.102,-0.012,-0.000,-0.003,-0.002,-0.076,2.056,0.505,2.291,-0.079,2.000,2.240,1.922
-8.995,8.999,0.001,1.000,-0.000,-0.000,-0.002,-0.219,-0.227,0.122,-0.210,0.108,0.116,0.102,0.116,-0.014,-0.000,-0.002,-0.002,-0.089,9.406,6.817,2.484,8.558,2.086,2.543,2.156
-8.994,8.999,0.001,1.000,-0.000,-0.000,-0.002,-0.141,-0.164,0.148,-0.134,0.130,0.142,0.124,0.126,-0.013,-0.001,0.001,0.000,-0.080,4.784,4.598,2.701,5.091,2.336,2.750,2.386
-8.992,8.999,0.000,1.000,-0.000,-0.000,-0.002,-0.142,-0.154,0.177,-0.129,0.155,0.171,0.149,0.135,-0.013,-0.001,0.002,0.002,-0.072,-4.458,-2.405,2.968,-3.833,2.661,2.911,2.576
-8.991,8.999,0.000,1.000,-0.000,-0.000,-0.003,-0.205,-0.196,0.208,-0.191,0.183,0.201,0.176,0.144,-0.015,-0.001,-0.001,0.003,-0.083,-6.711,-4.890,3.229,-7.189,2.900,3.113,2.738
-8.989,8.999,0.000,1.000,-0.000,-0.000,-0.003,-0.247,-0.229,0.241,-0.242,0.213,0.233,0.204,0.154,-0.018,-0.001,-0.004,0.002,-0.106,-1.012,-1.187,3.448,-2.282,3.018,3.368,2.902
-8.988,8.999,0.000,1.000,-0.000,-0.000,-0.004,-0.224,-0.217,0.277,-0.231,0.244,0.268,0.234,0.166,-0.020,-0.001,-0.003,0.001,-0.120,4.685,3.251,3.636,3.921,3.113,3.621,3.091
-8.986,8.998,0.000,1.000,-0.000,-0.000,-0.004,-0.176,-0.179,0.314,-0.186,0.275,0.305,0.266,0.176,-0.020,-0.002,-0.001,0.001,-0.117,4.018,3.417,3.822,4.076,3.290,3.823,3.288
-8.984,8.998,0.000,1.000,-0.000,-0.000,-0.005,-0.161,-0.163,0.353,-0.167,0.310,0.345,0.300,0.184,-0.020,-0.002,-0.001,0.002,-0.113,-1.053,-0.171,4.032,-0.316,3.524,3.986,3.465
-8.982,8.998,0.000,1.000,-0.000,-0.000,-0.006,-0.189,-0.179,0.395,-0.190,0.346,0.385,0.335,0.192,-0.021,-0.003,-0.002,0.003,-0.119,-3.742,-2.573,4.251,-3.613,3.735,4.159,3.616
-8.980,8.998,0.000,1.000,-0.000,-0.000,-0.006,-0.218,-0.201,0.438,-0.222,0.384,0.428,0.372,0.200,-0.024,-0.003,-0.005,0.002,-0.133,-1.641,-1.508,4.451,-2.170,3.877,4.360,3.760
-8.978,8.998,0.000,1.000,-0.000,-0.000,-0.007,-0.217,-0.204,0.483,-0.226,0.423,0.472,0.410,0.209,-0.026,-0.003,-0.005,0.002,-0.144,1.667,0.836,4.630,1.127,3.991,4.566,3.914
-8.976,8.997,0.000,1.000,-0.000,-0.000,-0.008,-0.194,-0.189,0.531,-0.207,0.464,0.519,0.450,0.218,-0.026,-0.004,-0.004,0.001,-0.147,2.385,1.806,4.796,2.250,4.132,4.749,4.077
-8.974,8.997,0.000,1.000,-0.000,-0.000,-0.008,-0.179,-0.176,0.579,-0.191,0.506,0.567,0.492,0.225,-0.027,-0.004,-0.004,0.002,-0.146,0.406,0.609,4.969,0.664,4.305,4.909,4.233
-8.972,8.997,0.000,1.000,-0.000,-0.000,-0.009,-0.186,-0.178,0.630,-0.196,0.550,0.617,0.535,0.232,-0.028,-0.005,-0.005,0.002,-0.150,-1.527,-0.902,5.149,-1.387,4.476,5.065,4.371
-8.969,8.997,0.000,1.000,-0.000,-0.000,-0.010,-0.202,-0.189,0.682,-0.212,0.595,0.669,0.579,0.239,-0.030,-0.005,-0.006,0.002,-0.159,-1.329,-0.965,5.324,-1.491,4.617,5.231,4.500
-8.967,8.996,0.000,1.000,-0.000,-0.000,-0.011,-0.208,-0.194,0.736,-0.220,0.642,0.722,0.625,0.247,-0.032,-0.005,-0.007,0.002,-0.167,0.148,-0.046,5.488,-0.146,4.737,5.401,4.630
-8.964,8.996,0.000,1.000,-0.000,-0.000,-0.012,-0.201,-0.190,0.792,-0.216,0.690,0.777,0.672,0.254,-0.033,-0.006,-0.006,0.002,-0.172,1.098,0.777,5.641,0.938,4.859,5.561,4.765
-8.962,8.996,0.000,1.000,-0.000,-0.000,-0.012,-0.191,-0.182,0.849,-0.207,0.740,0.833,0.720,0.260,-0.034,-0.006,-0.006,0.002,-0.174,0.621,0.561,5.791,0.678,4.994,5.709,4.898
-8.959,8.995,-0.000,1.000,-0.000,-0.000,-0.013,-0.190,-0.180,0.908,-0.204,0.790,0.891,0.770,0.266,-0.035,-0.006,-0.006,0.002,-0.176,-0.270,-0.061,5.939,-0.097,5.130,5.850,5.024
-8.957,8.995,-0.000,1.000,-0.000,-0.000,-0.014,-0.195,-0.183,0.968,-0.208,0.842,0.950,0.821,0.272,-0.036,-0.007,-0.006,0.002,-0.180,-0.603,-0.375,6.085,-0.556,5.258,5.990,5.142
-8.954,8.994,-0.000,1.000,-0.000,-0.000,-0.015,-0.199,-0.185,1.030,-0.212,0.895,1.011,0.873,0.278,-0.038,-0.007,-0.006,0.002,-0.186,-0.230,-0.183,6.228,-0.294,5.374,6.130,5.257
-8.951,8.994,-0.000,1.000,-0.000,-0.000,-0.016,-0.200,-0.186,1.093,-0.213,0.950,1.073,0.926,0.284,-0.039,-0.007,-0.006,0.002,-0.190,0.136,0.026,6.366,0.033,5.486,6.266,5.367
-8.948,8.994,-0.000,1.000,-0.000,-0.000,-0.017,-0.197,-0.185,1.157,-0.212,1.005,1.136,0.980,0.289,-0.040,-0.007,-0.005,0.002,-0.194,0.236,0.147,6.498,0.169,5.596,6.396,5.476
-8.945,8.993,-0.000,1.000,-0.000,-0.000,-0.018,-0.196,-0.184,1.223,-0.211,1.061,1.201,1.035,0.294,-0.042,-0.007,-0.005,0.002,-0.197,0.094,0.079,6.625,0.071,5.705,6.521,5.582
-8.942,8.993,-0.000,1.000,-0.000,-0.000,-0.019,-0.195,-0.183,1.289,-0.210,1.119,1.266,1.092,0.299,-0.043,-0.008,-0.004,0.001,-0.200,-0.000,0.029,6.748,0.021,5.811,6.642,5.686
-8.939,8.992,-0.001,1.000,-0.000,-0.000,-0.020,-0.196,-0.183,1.357,-0.210,1.178,1.333,1.149,0.304,-0.044,-0.007,-0.003,0.001,-0.203,-0.031,0.009,6.866,0.001,5.912,6.758,5.785
-8.936,8.992,-0.001,1.000,-0.000,-0.000,-0.021,-0.196,-0.183,1.427,-0.210,1.237,1.401,1.207,0.309,-0.045,-0.007,-0.002,0.001,-0.206,-0.028,0.004,6.981,-0.007,6.010,6.871,5.881
-8.933,8.992,-0.001,1.000,-0.001,-0.000,-0.022,-0.196,-0.183,1.497,-0.210,1.298,1.471,1.267,0.313,-0.047,-0.007,-0.001,0.001,-0.209,-0.016,0.003,7.091,-0.009,6.105,6.979,5.973
-8.930,8.991,-0.001,1.000,-0.001,-0.000,-0.023,-0.196,-0.183,1.569,-0.211,1.359,1.541,1.327,0.317,-0.048,-0.007,-0.000,0.001,-0.212,-0.006,0.003,7.197,-0.008,6.195,7.083,6.062
-8.927,8.991,-0.001,1.000,-0.001,-0.000,-0.024,-0.196,-0.183,1.641,-0.211,1.422,1.612,1.388,0.321,-0.049,-0.007,0.001,0.001,-0.215,-0.001,0.003,7.299,-0.007,6.283,7.183,6.147
-8.923,8.990,-0.001,1.000,-0.000,-0.000,-0.025,-0.196,-0.183,1.714,-0.211,1.485,1.685,1.450,0.325,-0.051,-0.006,0.002,0.001,-0.217,0.001,0.003,7.396,-0.006,6.366,7.279,6.229
-8.920,8.990,-0.001,1.000,-0.000,-0.000,-0.026,-0.196,-0.183,1.789,-0.211,1.549,1.758,1.512,0.329,-0.052,-0.006,0.003,0.000,-0.220,0.001,0.003,7.490,-0.006,6.447,7.371,6.307
-8.917,8.989,-0.001,1.000,-0.000,-0.000,-0.027,-0.196,-0.183,1.864,-0.211,1.614,1.832,1.576,0.332,-0.053,-0.005,0.004,0.000,-0.222,0.000,0.002,7.579,-0.005,6.524,7.459,6.383
-8.914,8.988,-0.001,1.000,-0.000,-0.000,-0.029,-0.196,-0.183,1.940,-0.211,1.680,1.907,1.640,0.335,-0.054,-0.005,0.005,0.000,-0.225,-0.001,0.002,7.664,-0.005,6.598,7.543,6.455
-8.910,8.988,-0.001,1.000,-0.000,-0.000,-0.030,-0.196,-0.183,2.018,-0.211,1.746,1.983,1.705,0.339,-0.056,-0.004,0.006,-0.000,-0.227,-0.001,0.002,7.745,-0.004,6.669,7.623,6.524
-8.907,8.987,-0.001,1.000,-0.000,-0.000,-0.031,-0.196,-0.183,2.095,-0.211,1.813,2.060,1.770,0.342,-0.057,-0.004,0.007,-0.000,-0.229,-0.001,0.002,7.823,-0.004,6.737,7.699,6.591
-8.903,8.987,-0.001,0.999,-0.000,-0.000,-0.032,-0.196,-0.183,2.174,-0.211,1.881,2.137,1.837,0.345,-0.058,-0.003,0.007,-0.000,-0.231,-0.001,0.001,7.897,-0.004,6.802,7.772,6.655
-8.900,8.986,-0.001,0.999,-0.000,-0.000,-0.033,-0.196,-0.183,2.253,-0.211,1.949,2.215,1.904,0.347,-0.059,-0.003,0.008,-0.000,-0.233,-0.001,0.001,7.967,-0.003,6.864,7.841,6.716
-8.896,8.986,-0.001,0.999,-0.000,-0.000,-0.034,-0.196,-0.183,2.333,-0.211,2.018,2.294,1.971,0.350,-0.061,-0.002,0.008,-0.000,-0.235,-0.001,0.001,8.034,-0.003,6.924,7.908,6.774
-8.893,8.985,-0.001,0.999,-0.000,-0.000,-0.036,-0.196,-0.183,2.414,-0.211,2.087,2.373,2.039,0.353,-0.062,-0.002,0.007,-0.000,-0.237,-0.001,0.001,8.099,-0.003,6.981,7.971,6.831
-8.889,8.984,-0.001,0.999,-0.000,-0.000,-0.037,-0.196,-0.183,2.495,-0.211,2.157,2.453,2.108,0.355,-0.063,-0.001,0.007,-0.000,-0.239,-0.001,0.001,8.161,-0.002,7.036,8.032,6.884
-8.886,8.984,-0.001,0.999,-0.000,-0.000,-0.038,-0.196,-0.183,2.577,-0.211,2.228,2.534,2.177,0.357,-0.065,-0.001,0.007,-0.000,-0.241,-0.001,0.001,8.220,-0.002,7.088,8.091,6.936
-8.882,8.983,-0.001,0.999,-0.000,-0.000,-0.039,-0.196,-0.183,2.660,-0.211,2.299,2.615,2.246,0.360,-0.066,-0.001,0.006,-0.000,-0.243,-0.000,0.001,8.277,-0.002,7.139,8.148,6.986
-8.879,8.982,-0.001,0.999,-0.000,-0.000,-0.040,-0.196,-0.183,2.743,-0.211,2.371,2.697,2.316,0.362,-0.067,-0.000,0.005,-0.000,-0.244,-0.000,0.001,8.333,-0.002,7.188,8.202,7.034
-8.875,8.982,-0.001,0.999,-0.000,-0.000,-0.042,-0.196,-0.183,2.826,-0.211,2.443,2.779,2.387,0.364,-0.069,-0.000,0.004,-0.000,-0.246,-0.000,0.001,8.386,-0.002,7.236,8.255,7.081
-8.871,8.981,-0.001,0.999,-0.000,-0.000,-0.043,-0.196,-0.183,2.910,-0.211,2.516,2.862,2.458,0.366,-0.070,0.000,0.003,-0.000,-0.247,-0.000,0.000,8.439,-0.002,7.282,8.307,7.126
-8.868,8.980,-0.001,0.999,-0.000,-0.000,-0.044,-0.196,-0.183,2.995,-0.211,2.589,2.945,2.530,0.368,-0.071,0.000,0.002,0.000,-0.249,-0.000,0.000,8.490,-0.002,7.326,8.357,7.170
-8.864,8.980,-0.001,0.999,-0.000,-0.000,-0.045,-0.196,-0.183,3.080,-0.211,2.662,3.029,2.601,0.370,-0.073,0.000,0.001,0.000,-0.251,-0.000,0.000,8.540,-0.001,7.369,8.406,7.212
-8.860,8.979,-0.001,0.999,-0.000,-0.000,-0.047,-0.196,-0.183,3.166,-0.211,2.736,3.113,2.674,0.372,-0.074,0.000,-0.000,0.000,-0.252,-0.000,0.000,8.589,-0.001,7.412,8.455,7.253
-8.856,8.978,-0.001,0.999,-0.000,-0.000,-0.048,-0.196,-0.183,3.252,-0.211,2.810,3.198,2.746,0.374,-0.075,0.000,-0.001,0.000,-0.254,-0.000,0.000,8.637,-0.001,7.453,8.502,7.294
-8.853,8.977,-0.001,0.999,-0.000,-0.000,-0.049,-0.196,-0.183,3.339,-0.211,2.885,3.283,2.820,0.376,-0.077,0.000,-0.002,0.000,-0.255,-0.000,0.000,8.685,-0.001,7.493,8.549,7.333
-8.849,8.977,-0.001,0.999,-0.000,-0.000,-0.050,-0.196,-0.183,3.426,-0.211,2.960,3.369,2.893,0.378,-0.078,0.000,-0.002,0.001,-0.256,-0.000,-0.000,8.732,-0.001,7.533,8.595,7.372
-8.845,8.976,-0.001,0.999,-0.000,-0.000,-0.052,-0.196,-0.183,3.513,-0.211,3.036,3.455,2.967,0.380,-0.079,0.000,-0.002,0.001,-0.258,-0.000,-0.000,8.778,-0.001,7.572,8.640,7.410
-8.841,8.975,-0.001,0.999,-0.000,-0.000,-0.053,-0.196,-0.183,3.601,-0.211,3.112,3.542,3.041,0.382,-0.081,0.000,-0.002,0.001,-0.259,-0.000,-0.000,8.823,-0.001,7.610,8.685,7.447
-8.838,8.974,-0.001,0.999,-0.000,-0.000,-0.054,-0.196,-0.183,3.690,-0.211,3.188,3.629,3.116,0.383,-0.082,0.000,-0.001,0.000,-0.260,-0.000,-0.000,8.868,-0.001,7.648,8.728,7.484
-8.834,8.973,-0.001,0.998,-0.000,-0.000,-0.056,-0.196,-0.183,3.779,-0.211,3.265,3.716,3.191,0.385,-0.084,0.000,0.000,0.000,-0.262,-0.000,-0.000,8.911,-0.001,7.685,8.771,7.520
-8.830,8.973,-0.001,0.998,-0.000,-0.000,-0.057,-0.196,-0.183,3.868,-0.211,3.342,3.804,3.266,0.387,-0.085,0.000,0.002,0.000,-0.263,-0.000,-0.001,8.953,-0.001,7.721,8.812,7.555
-8.826,8.972,-0.001,0.998,-0.000,-0.000,-0.058,-0.196,-0.183,3.958,-0.211,3.419,3.893,3.342,0.388,-0.086,0.000,0.004,-0.000,-0.264,-0.000,-0.001,8.994,-0.001,7.757,8.853,7.590
-8.822,8.971,-0.001,0.998,-0.000,-0.000,-0.059,-0.196,-0.183,4.048,-0.211,3.497,3.981,3.418,0.390,-0.088,0.001,0.006,-0.000,-0.265,-0.000,-0.001,9.033,-0.001,7.792,8.891,7.625
-8.818,8.970,-0.001,0.998,-0.000,-0.000,-0.061,-0.196,-0.183,4.138,-0.211,3.575,4.070,3.495,0.391,-0.089,0.001,0.009,-0.001,-0.267,-0.000,-0.001,9.070,-0.001,7.827,8.929,7.658
-8.814,8.969,-0.001,0.998,0.000,-0.000,-0.062,-0.196,-0.183,4.229,-0.211,3.653,4.160,3.571,0.393,-0.091,0.001,0.012,-0.001,-0.268,-0.000,-0.001,9.105,-0.001,7.860,8.964,7.691
-8.810,8.968,-0.001,0.998,0.000,-0.000,-0.063,-0.196,-0.183,4.320,-0.211,3.732,4.250,3.648,0.394,-0.092,0.002,0.015,-0.001,-0.269,-0.000,-0.001,9.138,-0.001,7.893,8.997,7.724
-8.806,8.967,-0.001,0.998,0.000,-0.000,-0.065,-0.196,-0.183,4.412,-0.211,3.811,4.340,3.726,0.395,-0.093,0.002,0.018,-0.002,-0.270,-0.000,-0.001,9.169,-0.001,7.925,9.028,7.755
-8.802,8.966,-0.001,0.998,0.000,-0.000,-0.066,-0.196,-0.183,4.504,-0.211,3.891,4.430,3.804,0.397,-0.095,0.003,0.022,-0.002,-0.271,-0.000,-0.002,9.197,-0.002,7.956,9.057,7.786
-8.798,8.965,-0.001,0.998,0.000,-0.000,-0.068,-0.196,-0.183,4.596,-0.211,3.970,4.521,3.882,0.398,-0.096,0.004,0.025,-0.002,-0.272,-0.000,-0.002,9.223,-0.002,7.986,9.083,7.816
-8.794,8.964,-0.001,0.998,0.001,-0.000,-0.069,-0.196,-0.183,4.688,-0.211,4.050,4.612,3.960,0.399,-0.098,0.004,0.027,-0.003,-0.273,-0.000,-0.002,9.246,-0.002,8.014,9.107,7.845
-8.790,8.963,-0.001,0.998,0.001,-0.000,-0.070,-0.196,-0.183,4.781,-0.212,4.131,4.703,4.038,0.400,-0.099,0.005,0.029,-0.003,-0.274,-0.000,-0.002,9.266,-0.002,8.042,9.129,7.872
-8.786,8.962,-0.001,0.997,0.001,-0.000,-0.072,-0.196,-0.183,4.874,-0.212,4.211,4.794,4.117,0.402,-0.101,0.006,0.031,-0.003,-0.275,-0.000,-0.002,9.284,-0.002,8.067,9.148,7.899
-8.782,8.961,-0.001,0.997,0.001,-0.000,-0.073,-0.196,-0.183,4.966,-0.212,4.292,4.886,4.196,0.403,-0.102,0.006,0.032,-0.003,-0.276,-0.000,-0.002,9.300,-0.002,8.092,9.165,7.924
-8.778,8.960,-0.001,0.997,0.001,-0.000,-0.074,-0.196,-0.183,5.060,-0.212,4.373,4.978,4.276,0.404,-0.104,0.007,0.032,-0.003,-0.277,-0.000,-0.002,9.313,-0.002,8.115,9.179,7.948
-8.774,8.959,-0.001,0.997,0.001,-0.000,-0.076,-0.196,-0.183,5.153,-0.212,4.454,5.070,4.355,0.405,-0.105,0.008,0.031,-0.004,-0.278,-0.000,-0.002,9.325,-0.002,8.136,9.192,7.970
-8.770,8.958,-0.001,0.997,0.001,-0.000,-0.077,-0.196,-0.183,5.246,-0.212,4.536,5.162,4.435,0.406,-0.106,0.008,0.029,-0.003,-0.279,-0.000,-0.002,9.335,-0.002,8.156,9.203,7.990
-8.766,8.957,-0.001,0.997,0.002,-0.000,-0.079,-0.196,-0.183,5.339,-0.212,4.617,5.254,4.515,0.407,-0.108,0.009,0.027,-0.003,-0.280,-0.000,-0.002,9.344,-0.002,8.174,9.213,8.009
-8.762,8.956,-0.001,0.997,0.002,-0.000,-0.080,-0.196,-0.183,5.433,-0.212,4.699,5.346,4.595,0.408,-0.109,0.009,0.023,-0.003,-0.281,-0.000,-0.001,9.352,-0.002,8.190,9.222,8.027
-8.758,8.955,-0.000,0.997,0.002,-0.000,-0.081,-0.196,-0.183,5.526,-0.212,4.781,5.438,4.676,0.409,-0.111,0.009,0.019,-0.003,-0.282,-0.000,-0.001,9.360,-0.002,8.204,9.230,8.042
-8.754,8.954,-0.000,0.997,0.002,-0.000,-0.083,-0.196,-0.183,5.620,-0.212,4.863,5.530,4.756,0.410,-0.112,0.009,0.013,-0.002,-0.283,-0.000,-0.001,9.368,-0.002,8.217,9.238,8.056
-8.750,8.953,-0.000,0.996,0.002,-0.000,-0.084,-0.196,-0.183,5.714,-0.212,4.945,5.623,4.837,0.411,-0.114,0.009,0.007,-0.002,-0.284,-0.000,-0.001,9.376,-0.001,8.229,9.246,8.068
-8.746,8.952,-0.000,0.996,0.002,-0.000,-0.086,-0.196,-0.183,5.808,-0.212,5.028,5.715,4.918,0.412,-0.115,0.009,0.000,-0.001,-0.285,-0.000,-0.001,9.386,-0.001,8.239,9.254,8.079
-8.742,8.950,-0.000,0.996,0.002,-0.000,-0.087,-0.196,-0.183,5.902,-0.212,5.110,5.808,4.998,0.412,-0.117,0.009,-0.007,-0.001,-0.285,-0.000,-0.001,9.396,-0.001,8.247,9.264,8.088
-8.738,8.949,-0.000,0.996,0.002,-0.000,-0.088,-0.196,-0.183,5.996,-0.212,5.193,5.901,5.079,0.413,-0.118,0.008,-0.014,0.000,-0.286,-0.000,-0.000,9.408,-0.001,8.255,9.274,8.095
-8.733,8.948,0.000,0.996,0.002,-0.000,-0.090,-0.196,-0.183,6.090,-0.212,5.275,5.993,5.160,0.414,-0.120,0.008,-0.022,0.001,-0.287,0.000,-0.000,9.421,-0.001,8.261,9.286,8.102
-8.729,8.947,0.000,0.996,0.002,-0.000,-0.091,-0.196,-0.183,6.184,-0.212,5.358,6.086,5.241,0.415,-0.121,0.007,-0.030,0.002,-0.288,0.000,0.000,9.437,-0.001,8.266,9.300,8.107
-8.725,8.946,0.000,0.996,0.002,-0.000,-0.093,-0.196,-0.183,6.278,-0.212,5.441,6.179,5.322,0.415,-0.123,0.006,-0.037,0.002,-0.288,0.000,0.001,9.454,-0.001,8.271,9.315,8.111
-8.721,8.944,0.000,0.996,0.001,-0.000,-0.094,-0.196,-0.183,6.373,-0.212,5.523,6.273,5.404,0.416,-0.125,0.005,-0.044,0.003,-0.289,0.000,0.001,9.474,-0.000,8.275,9.333,8.114
-8.717,8.943,0.000,0.995,0.001,-0.000,-0.096,-0.196,-0.183,6.468,-0.212,5.606,6.366,5.485,0.417,-0.126,0.004,-0.050,0.004,-0.290,0.000,0.001,9.496,-0.000,8.279,9.352,8.117
-8.713,8.942,0.000,0.995,0.001,-0.000,-0.097,-0.196,-0.183,6.563,-0.212,5.689,6.460,5.566,0.417,-0.128,0.003,-0.055,0.004,-0.290,0.000,0.002,9.521,-0.000,8.283,9.374,8.119
-8.708,8.941,0.000,0.995,0.001,-0.000,-0.098,-0.196,-0.183,6.658,-0.212,5.772,6.554,5.647,0.418,-0.129,0.001,-0.060,0.005,-0.291,0.000,0.002,9.547,-0.000,8.287,9.397,8.121
-8.704,8.939,0.000,0.995,0.000,-0.000,-0.100,-0.196,-0.183,6.754,-0.212,5.855,6.648,5.728,0.418,-0.130,0.000,-0.063,0.005,-0.291,0.000,0.002,9.576,-0.000,8.291,9.422,8.123
-8.700,8.938,0.000,0.995,-0.000,-0.000,-0.101,-0.196,-0.183,6.850,-0.212,5.938,6.742,5.810,0.419,-0.132,-0.001,-0.065,0.006,-0.292,0.000,0.002,9.606,-0.000,8.295,9.450,8.125
-8.696,8.937,0.000,0.995,-0.000,-0.000,-0.103,-0.196,-0.183,6.946,-0.212,6.021,6.837,5.891,0.419,-0.133,-0.002,-0.066,0.006,-0.292,0.000,0.003,9.638,-0.000,8.300,9.478,8.128
-8.692,8.935,0.000,0.995,-0.001,0.000,-0.104,-0.196,-0.183,7.043,-0.212,6.104,6.932,5.972,0.419,-0.135,-0.003,-0.066,0.006,-0.293,0.000,0.003,9.671,-0.000,8.305,9.508,8.130
-8.687,8.934,0.000,0.994,-0.001,0.000,-0.106,-0.196,-0.183,7.140,-0.212,6.187,7.027,6.053,0.419,-0.136,-0.004,-0.064,0.006,-0.293,0.000,0.003,9.705,-0.000,8.312,9.539,8.134
-8.683,8.933,0.000,0.994,-0.001,-0.000,-0.107,0.504,0.355,7.230,0.341,6.260,7.119,6.133,0.404,-0.092,0.024,0.127,-0.095,-0.129,97.343,72.891,8.351,79.905,6.712,8.578,7.835
-8.680,8.932,0.001,0.994,-0.000,-0.001,-0.107,1.115,0.862,7.306,0.866,6.326,7.195,6.209,0.348,-0.031,0.027,0.009,-0.107,0.222,28.269,24.746,6.886,25.967,6.497,6.724,7.232
-8.676,8.932,0.001,0.994,-0.001,-0.001,-0.105,1.203,0.951,7.369,0.962,6.388,7.254,6.277,0.290,-0.003,0.014,-0.171,-0.064,0.328,-6.959,-6.102,5.701,-5.209,5.770,5.179,6.281
-8.674,8.932,0.001,0.995,-0.002,-0.001,-0.103,1.020,0.746,7.420,0.799,6.442,7.300,6.335,0.238,0.014,-0.016,-0.219,0.098,0.368,-27.054,-32.953,4.612,-24.618,5.208,3.901,5.296
-8.672,8.932,0.001,0.995,-0.003,-0.000,-0.102,0.727,0.383,7.462,0.542,6.491,7.334,6.383,0.197,0.010,-0.027,-0.132,0.143,0.287,-27.664,-33.799,3.783,-23.738,4.547,3.150,4.362
-8.670,8.932,0.000,0.995,-0.003,0.000,-0.101,0.533,0.167,7.496,0.371,6.533,7.363,6.422,0.163,0.004,-0.025,-0.027,0.106,0.200,-10.484,-8.862,2.997,-10.231,3.703,2.632,3.526
-8.668,8.932,0.000,0.995,-0.003,0.001,-0.100,0.502,0.185,7.522,0.331,6.566,7.387,6.454,0.132,0.002,-0.017,0.020,0.058,0.158,3.191,10.994,2.256,1.369,2.897,2.104,2.809
-8.667,8.932,0.000,0.995,-0.003,0.001,-0.099,0.569,0.349,7.541,0.378,6.591,7.405,6.479,0.100,0.005,-0.011,0.035,0.027,0.144,8.924,20.228,1.597,7.221,2.181,1.515,2.150
-8.666,8.932,-0.000,0.995,-0.003,0.001,-0.098,0.636,0.505,7.554,0.435,6.610,7.417,6.497,0.068,0.003,-0.006,0.032,0.011,0.109,3.325,8.404,1.070,2.903,1.535,0.965,1.469
-8.666,8.932,-0.000,0.995,-0.002,0.001,-0.098,0.648,0.549,7.562,0.449,6.622,7.425,6.508,0.038,0.002,-0.003,0.025,0.003,0.064,-0.318,1.411,0.554,0.272,0.860,0.466,0.794
-8.666,8.932,-0.000,0.995,-0.002,0.001,-0.098,0.637,0.547,7.565,0.446,6.627,7.427,6.513,0.009,-0.000,-0.001,0.018,-0.002,0.017,-1.569,-1.369,0.037,-0.734,0.171,0.005,0.138
-8.666,8.932,-0.000,0.995,-0.002,0.001,-0.098,0.621,0.528,7.563,0.437,6.625,7.425,6.511,-0.019,-0.002,0.001,0.013,-0.004,-0.029,-1.587,-2.126,-0.474,-0.966,-0.513,-0.435,-0.498
-8.666,8.932,-0.000,0.995,-0.002,0.001,-0.098,0.607,0.507,7.556,0.427,6.617,7.418,6.503,-0.046,-0.004,0.001,0.010,-0.005,-0.071,-1.145,-2.021,-0.974,-0.875,-1.178,-0.866,-1.113
-8.667,8.932,-0.000,0.995,-0.002,0.001,-0.098,0.598,0.488,7.544,0.419,6.602,7.407,6.489,-0.072,-0.005,0.002,0.008,-0.005,-0.109,-0.657,-1.630,-1.461,-0.687,-1.820,-1.289,-1.706
-8.667,8.932,-0.000,0.995,-0.002,0.001,-0.099,0.593,0.474,7.527,0.414,6.580,7.392,6.469,-0.097,-0.005,0.002,0.008,-0.005,-0.144,-0.292,-1.212,-1.933,-0.500,-2.437,-1.704,-2.279
-8.668,8.932,-0.000,0.995,-0.002,0.001,-0.100,0.592,0.464,7.505,0.409,6.553,7.373,6.443,-0.122,-0.006,0.003,0.009,-0.005,-0.177,-0.082,-0.863,-2.391,-0.350,-3.031,-2.110,-2.833
-8.670,8.932,0.000,0.995,-0.002,0.001,-0.101,0.591,0.457,7.479,0.406,6.520,7.350,6.412,-0.146,-0.006,0.003,0.011,-0.005,-0.209,0.015,-0.599,-2.834,-0.239,-3.604,-2.504,-3.369
-8.671,8.932,0.000,0.995,-0.002,0.001,-0.102,0.592,0.452,7.449,0.404,6.481,7.323,6.376,-0.169,-0.006,0.003,0.013,-0.005,-0.240,0.045,-0.410,-3.262,-0.162,-4.157,-2.886,-3.887
-8.673,8.932,0.000,0.995,-0.002,0.001,-0.103,0.592,0.448,7.414,0.403,6.437,7.293,6.334,-0.191,-0.006,0.003,0.015,-0.005,-0.270,0.044,-0.279,-3.675,-0.109,-4.692,-3.255,-4.390
-8.675,8.932,0.000,0.995,-0.002,0.001,-0.105,0.593,0.446,7.375,0.402,6.387,7.258,6.288,-0.213,-0.006,0.003,0.019,-0.005,-0.299,0.033,-0.189,-4.074,-0.074,-5.211,-3.610,-4.876
-8.677,8.932,0.000,0.994,-0.002,0.001,-0.106,0.593,0.444,7.332,0.402,6.332,7.220,6.237,-0.234,-0.006,0.003,0.023,-0.005,-0.327,0.020,-0.128,-4.458,-0.051,-5.714,-3.953,-5.348
-8.680,8.932,0.000,0.994,-0.002,0.001,-0.108,0.593,0.443,7.286,0.401,6.273,7.179,6.181,-0.254,-0.005,0.003,0.027,-0.005,-0.355,0.011,-0.087,-4.829,-0.035,-6.201,-4.283,-5.806
-8.682,8.932,0.000,0.994,-0.001,0.001,-0.110,0.593,0.443,7.236,0.401,6.208,7.135,6.121,-0.274,-0.004,0.003,0.032,-0.005,-0.382,0.005,-0.059,-5.187,-0.025,-6.675,-4.601,-6.250
-8.685,8.932,0.000,0.994,-0.001,0.001,-0.112,0.593,0.442,7.182,0.401,6.139,7.087,6.056,-0.293,-0.004,0.002,0.038,-0.005,-0.409,0.001,-0.040,-5.532,-0.018,-7.135,-4.908,-6.682
-8.688,8.932,0.000,0.994,-0.001,0.001,-0.114,0.593,0.442,7.125,0.400,6.066,7.037,5.987,-0.311,-0.002,0.002,0.043,-0.005,-0.434,-0.001,-0.027,-5.865,-0.014,-7.582,-5.204,-7.102
-8.692,8.932,0.000,0.993,-0.001,0.001,-0.116,0.593,0.442,7.065,0.400,5.988,6.983,5.914,-0.329,-0.001,0.001,0.048,-0.006,-0.459,-0.001,-0.018,-6.185,-0.012,-8.017,-5.490,-7.511
-8.695,8.932,0.000,0.993,-0.001,0.000,-0.118,0.593,0.441,7.002,0.400,5.906,6.927,5.837,-0.346,0.001,0.001,0.054,-0.007,-0.482,-0.002,-0.013,-6.494,-0.010,-8.440,-5.766,-7.908
-8.698,8.932,0.000,0.993,-0.000,0.000,-0.121,0.593,0.441,6.935,0.400,5.819,6.868,5.756,-0.363,0.003,0.000,0.059,-0.007,-0.505,-0.002,-0.009,-6.792,-0.009,-8.853,-6.034,-8.296
-8.702,8.932,0.000,0.992,-0.000,0.000,-0.123,0.593,0.441,6.866,0.400,5.729,6.806,5.671,-0.379,0.005,-0.000,0.063,-0.008,-0.527,-0.002,-0.007,-7.079,-0.009,-9.255,-6.292,-8.675
-8.706,8.932,0.000,0.992,0.000,0.000,-0.126,0.593,0.441,6.794,0.400,5.634,6.742,5.582,-0.395,0.007,-0.001,0.067,-0.008,-0.548,-0.001,-0.005,-7.355,-0.008,-9.648,-6.541,-9.045
-8.710,8.932,0.000,0.992,0.001,0.000,-0.129,0.593,0.441,6.719,0.400,5.536,6.676,5.490,-0.410,0.010,-0.002,0.071,-0.008,-0.569,-0.001,-0.004,-7.621,-0.008,-10.031,-6.781,-9.406
-8.714,8.932,0.000,0.991,0.001,0.000,-0.132,0.593,0.441,6.641,0.400,5.433,6.607,5.394,-0.424,0.013,-0.003,0.073,-0.008,-0.589,-0.001,-0.002,-7.878,-0.007,-10.405,-7.013,-9.759
-8.719,8.932,0.000,0.991,0.001,-0.000,-0.135,0.593,0.441,6.561,0.400,5.328,6.535,5.295,-0.438,0.016,-0.004,0.073,-0.008,-0.608,-0.001,-0.001,-8.126,-0.006,-10.770,-7.237,-10.104
-8.723,8.932,0.000,0.990,0.002,-0.000,-0.138,0.593,0.441,6.479,0.400,5.218,6.462,5.192,-0.452,0.019,-0.005,0.072,-0.008,-0.626,-0.000,-0.000,-8.365,-0.006,-11.127,-7.452,-10.440
-8.728,8.933,0.000,0.990,0.002,-0.000,-0.141,0.593,0.441,6.394,0.400,5.105,6.386,5.086,-0.465,0.023,-0.005,0.068,-0.007,-0.644,-0.000,0.000,-8.596,-0.005,-11.474,-7.661,-10.767
-8.732,8.933,0.000,0.990,0.002,-0.000,-0.144,0.593,0.441,6.307,0.400,4.989,6.309,4.977,-0.477,0.026,-0.006,0.062,-0.007,-0.661,0.000,0.001,-8.819,-0.004,-11.811,-7.862,-11.085
-8.737,8.933,-0.000,0.989,0.003,-0.000,-0.147,0.593,0.441,6.218,0.400,4.869,6.229,4.865,-0.489,0.030,-0.006,0.054,-0.007,-0.677,0.001,0.002,-9.036,-0.003,-12.139,-8.057,-11.394
-8.742,8.933,-0.000,0.989,0.003,-0.000,-0.151,0.593,0.441,6.126,0.400,4.746,6.148,4.749,-0.500,0.034,-0.007,0.044,-0.007,-0.693,0.001,0.003,-9.247,-0.002,-12.456,-8.247,-11.692
-8.747,8.934,-0.000,0.988,0.003,-0.000,-0.154,0.593,0.441,6.033,0.400,4.620,6.064,4.631,-0.511,0.039,-0.007,0.032,-0.007,-0.708,0.001,0.003,-9.451,-0.000,-12.762,-8.430,-11.981
-8.752,8.934,-0.000,0.987,0.003,-0.000,-0.158,0.593,0.441,5.937,0.400,4.491,5.979,4.510,-0.521,0.043,-0.007,0.019,-0.008,-0.723,0.001,0.004,-9.651,0.001,-13.059,-8.607,-12.259
-8.758,8.935,-0.000,0.987,0.003,-0.001,-0.161,0.593,0.441,5.840,0.400,4.359,5.892,4.386,-0.531,0.048,-0.007,0.005,-0.008,-0.739,0.001,0.004,-9.846,0.002,-13.344,-8.779,-12.527
-8.763,8.935,-0.000,0.986,0.003,-0.001,-0.165,0.593,0.441,5.740,0.400,4.224,5.803,4.259,-0.541,0.052,-0.006,-0.009,-0.009,-0.753,0.001,0.004,-10.037,0.003,-13.618,-8.947,-12.784
-8.768,8.936,-0.000,0.986,0.003,-0.001,-0.169,0.593,0.441,5.639,0.400,4.086,5.713,4.130,-0.550,0.057,-0.006,-0.022,-0.009,-0.768,0.001,0.004,-10.226,0.004,-13.880,-9.112,-13.030
-8.774,8.936,-0.001,0.985,0.003,-0.001,-0.173,0.593,0.441,5.536,0.400,3.946,5.621,3.999,-0.559,0.062,-0.006,-0.035,-0.009,-0.782,0.001,0.004,-10.412,0.004,-14.130,-9.275,-13.266
-8.780,8.937,-0.001,0.984,0.003,-0.001,-0.176,0.593,0.441,5.431,0.400,3.804,5.528,3.865,-0.567,0.068,-0.006,-0.045,-0.009,-0.796,0.001,0.004,-10.597,0.005,-14.368,-9.436,-13.491
-8.785,8.938,-0.001,0.984,0.002,-0.001,-0.180,0.593,0.441,5.324,0.400,3.659,5.432,3.729,-0.575,0.073,-0.005,-0.054,-0.009,-0.809,0.001,0.004,-10.780,0.004,-14.596,-9.596,-13.706
-8.791,8.938,-0.001,0.983,0.002,-0.001,-0.184,0.593,0.441,5.215,0.400,3.512,5.336,3.591,-0.583,0.079,-0.005,-0.060,-0.008,-0.822,0.001,0.003,-10.961,0.004,-14.813,-9.753,-13.912
-8.797,8.939,-0.001,0.982,0.002,-0.001,-0.188,0.593,0.441,5.105,0.400,3.363,5.237,3.451,-0.591,0.085,-0.005,-0.063,-0.007,-0.835,0.001,0.002,-11.140,0.004,-15.021,-9.909,-14.110
-8.803,8.940,-0.001,0.981,0.002,-0.000,-0.193,0.593,0.441,4.992,0.400,3.211,5.138,3.308,-0.598,0.091,-0.005,-0.063,-0.007,-0.847,0.000,0.002,-11.316,0.003,-15.221,-10.063,-14.300
-8.809,8.941,-0.001,0.980,0.001,-0.000,-0.197,0.593,0.441,4.878,0.400,3.058,5.036,3.165,-0.605,0.097,-0.005,-0.061,-0.007,-0.859,0.000,0.001,-11.489,0.002,-15.414,-10.215,-14.483
-8.815,8.942,-0.001,0.980,0.001,-0.000,-0.201,0.593,0.441,4.763,0.400,2.903,4.933,3.019,-0.611,0.103,-0.005,-0.056,-0.006,-0.870,-0.000,-0.000,-11.658,0.002,-15.599,-10.363,-14.660
-8.821,8.943,-0.001,0.979,0.001,-0.000,-0.205,0.593,0.441,4.645,0.400,2.746,4.829,2.871,-0.617,0.110,-0.005,-0.051,-0.007,-0.881,-0.000,-0.001,-11.823,0.002,-15.778,-10.509,-14.831
-8.827,8.944,-0.001,0.978,0.000,-0.000,-0.210,0.593,0.441,4.526,0.400,2.588,4.723,2.722,-0.623,0.116,-0.004,-0.045,-0.007,-0.891,-0.001,-0.002,-11.983,0.002,-15.951,-10.650,-14.997
-8.834,8.945,-0.001,0.977,0.000,-0.000,-0.214,0.593,0.441,4.406,0.400,2.427,4.616,2.571,-0.629,0.123,-0.004,-0.040,-0.008,-0.901,-0.001,-0.003,-12.136,0.002,-16.118,-10.787,-15.159
-8.840,8.947,-0.001,0.976,0.000,-0.000,-0.218,0.593,0.441,4.283,0.400,2.265,4.507,2.419,-0.635,0.130,-0.003,-0.036,-0.009,-0.911,-0.001,-0.003,-12.284,0.002,-16.279,-10.919,-15.315
-8.846,8.948,-0.001,0.975,-0.000,-0.000,-0.223,0.593,0.441,4.160,0.400,2.102,4.398,2.265,-0.640,0.137,-0.001,-0.035,-0.010,-0.921,-0.001,-0.004,-12.426,0.003,-16.433,-11.045,-15.465
-8.853,8.949,-0.001,0.974,-0.000,-0.000,-0.227,0.593,0.441,4.035,0.400,1.937,4.286,2.110,-0.645,0.144,0.001,-0.037,-0.012,-0.932,-0.000,-0.004,-12.562,0.004,-16.580,-11.165,-15.610
-8.859,8.951,-0.001,0.973,-0.001,-0.000,-0.232,0.593,0.441,3.909,0.400,1.770,4.174,1.953,-0.650,0.151,0.003,-0.042,-0.013,-0.942,-0.000,-0.004,-12.694,0.006,-16.717,-11.281,-15.747
-8.866,8.952,-0.001,0.972,-0.001,-0.000,-0.237,0.593,0.441,3.781,0.400,1.602,4.061,1.795,-0.655,0.158,0.005,-0.050,-0.013,-0.953,-0.000,-0.004,-12.821,0.007,-16.846,-11.393,-15.877
-8.872,8.954,-0.001,0.970,-0.001,-0.000,-0.241,0.593,0.441,3.652,0.400,1.433,3.946,1.635,-0.659,0.165,0.007,-0.059,-0.013,-0.964,0.000,-0.004,-12.946,0.008,-16.965,-11.502,-15.999
-8.879,8.956,-0.001,0.969,-0.001,-0.000,-0.246,0.593,0.441,3.522,0.400,1.263,3.831,1.475,-0.664,0.173,0.009,-0.069,-0.011,-0.975,0.000,-0.003,-13.068,0.008,-17.074,-11.608,-16.112
-8.886,8.957,-0.001,0.968,-0.002,-0.000,-0.251,0.593,0.441,3.391,0.400,1.092,3.714,1.313,-0.669,0.180,0.010,-0.079,-0.007,-0.986,0.000,-0.003,-13.190,0.008,-17.174,-11.713,-16.215
-8.892,8.959,-0.001,0.967,-0.002,-0.000,-0.256,0.593,0.441,3.258,0.400,0.920,3.597,1.151,-0.673,0.188,0.011,-0.086,-0.003,-0.997,0.000,-0.002,-13.310,0.007,-17.267,-11.817,-16.310
-8.899,8.961,-0.001,0.966,-0.003,-0.000,-0.260,0.593,0.441,3.125,0.401,0.747,3.478,0.987,-0.677,0.197,0.011,-0.090,0.002,-1.008,0.000,-0.002,-13.430,0.005,-17.353,-11.921,-16.397
-8.906,8.963,-0.000,0.964,-0.003,-0.000,-0.265,0.593,0.441,2.990,0.401,0.573,3.358,0.823,-0.682,0.205,0.011,-0.089,0.008,-1.018,0.000,-0.001,-13.549,0.003,-17.434,-12.025,-16.476
-8.913,8.965,-0.000,0.963,-0.003,0.000,-0.270,0.593,0.441,2.854,0.401,0.398,3.237,0.658,-0.685,0.214,0.010,-0.082,0.014,-1.026,-0.000,-0.000,-13.666,-0.000,-17.512,-12.130,-16.551
-8.919,8.968,-0.000,0.961,-0.004,0.000,-0.275,0.593,0.441,2.716,0.401,0.222,3.116,0.492,-0.689,0.224,0.007,-0.068,0.019,-1.032,-0.001,0.000,-13.781,-0.003,-17.588,-12.236,-16.622
-8.926,8.970,-0.000,0.960,-0.004,0.000,-0.280,0.593,0.441,2.578,0.401,0.046,2.993,0.325,-0.692,0.233,0.005,-0.048,0.024,-1.036,-0.001,0.000,-13.890,-0.006,-17.664,-12.345,-16.692
-8.933,8.972,-0.000,0.958,-0.004,0.001,-0.285,0.593,0.441,2.439,0.400,-0.131,2.869,0.158,-0.694,0.244,0.002,-0.023,0.028,-1.038,-0.001,0.000,-13.994,-0.009,-17.742,-12.454,-16.764
-8.940,8.975,-0.000,0.957,-0.004,0.001,-0.290,0.593,0.441,2.298,0.400,-0.309,2.744,-0.010,-0.696,0.254,-0.001,0.006,0.030,-1.037,-0.002,-0.000,-14.089,-0.011,-17.824,-12.561,-16.839
-8.947,8.977,-0.000,0.955,-0.004,0.001,-0.295,0.593,0.441,2.157,0.400,-0.487,2.617,-0.179,-0.697,0.264,-0.004,0.037,0.029,-1.036,-0.002,-0.001,-14.173,-0.013,-17.914,-12.661,-16.922
-8.954,8.980,-0.000,0.954,-0.004,0.001,-0.300,0.593,0.441,2.015,0.400,-0.667,2.490,-0.349,-0.697,0.274,-0.007,0.066,0.026,-1.034,-0.002,-0.001,-14.246,-0.013,-18.014,-12.750,-17.012
-8.961,8.983,-0.000,0.952,-0.003,0.001,-0.305,0.593,0.441,1.872,0.400,-0.848,2.363,-0.519,-0.697,0.283,-0.009,0.092,0.021,-1.034,-0.002,-0.002,-14.305,-0.013,-18.125,-12.825,-17.112
-8.968,8.986,-0.000,0.951,-0.003,0.001,-0.310,0.593,0.441,1.729,0.400,-1.030,2.234,-0.691,-0.697,0.292,-0.009,0.115,0.012,-1.035,-0.002,-0.002,-14.350,-0.012,-18.248,-12.881,-17.221
-8.975,8.989,-0.000,0.949,-0.002,0.001,-0.315,0.593,0.441,1.585,0.400,-1.213,2.105,-0.864,-0.696,0.300,-0.009,0.132,0.002,-1.037,-0.002,-0.003,-14.382,-0.010,-18.378,-12.921,-17.337
-8.982,8.992,-0.001,0.948,-0.002,0.000,-0.320,0.593,0.441,1.441,0.400,-1.397,1.976,-1.038,-0.695,0.308,-0.008,0.142,-0.009,-1.040,-0.002,-0.004,-14.400,-0.008,-18.511,-12.948,-17.461
-8.989,8.995,-0.001,0.946,-0.001,-0.000,-0.325,0.593,0.441,1.297,0.400,-1.583,1.846,-1.213,-0.694,0.316,-0.006,0.145,-0.019,-1.043,-0.001,-0.004,-14.407,-0.005,-18.644,-12.965,-17.589
-8.996,8.998,-0.001,0.944,-0.000,-0.000,-0.330,0.593,0.441,1.153,0.400,-1.770,1.716,-1.389,-0.693,0.323,-0.003,0.142,-0.027,-1.048,-0.001,-0.005,-14.405,-0.003,-18.774,-12.971,-17.719
-9.003,9.001,-0.001,0.942,0.000,-0.001,-0.334,0.593,0.441,1.009,0.399,-1.958,1.587,-1.567,-0.691,0.331,-0.000,0.134,-0.033,-1.054,-0.001,-0.005,-14.399,0.000,-18.899,-12.969,-17.849
-9.010,9.005,-0.001,0.941,0.001,-0.001,-0.339,0.593,0.441,0.865,0.400,-2.148,1.457,-1.746,-0.690,0.338,0.003,0.123,-0.035,-1.060,-0.000,-0.004,-14.390,0.003,-19.016,-12.964,-17.977
-9.017,9.008,-0.001,0.939,0.001,-0.001,-0.344,0.593,0.441,0.721,0.400,-2.339,1.327,-1.927,-0.689,0.346,0.005,0.108,-0.033,-1.066,0.000,-0.004,-14.383,0.005,-19.124,-12.957,-18.100
-9.024,9.012,-0.001,0.937,0.002,-0.002,-0.349,0.593,0.441,0.577,0.400,-2.530,1.198,-2.108,-0.688,0.354,0.007,0.092,-0.028,-1.073,0.001,-0.003,-14.380,0.006,-19.223,-12.951,-18.216
-9.030,9.015,-0.001,0.935,0.002,-0.002,-0.354,0.593,0.441,0.434,0.400,-2.723,1.068,-2.291,-0.687,0.362,0.008,0.077,-0.020,-1.079,0.001,-0.001,-14.384,0.007,-19.316,-12.948,-18.323
-9.037,9.019,-0.000,0.933,0.003,-0.002,-0.360,0.593,0.441,0.290,0.400,-2.917,0.939,-2.475,-0.686,0.370,0.008,0.063,-0.010,-1.085,0.001,0.000,-14.396,0.007,-19.403,-12.946,-18.421
-9.044,9.023,-0.000,0.931,0.003,-0.002,-0.365,0.593,0.441,0.146,0.400,-3.111,0.809,-2.659,-0.684,0.379,0.008,0.050,-0.000,-1.092,0.001,0.002,-14.417,0.006,-19.488,-12.946,-18.510
-9.051,9.026,-0.000,0.929,0.003,-0.002,-0.370,0.593,0.441,0.001,0.400,-3.306,0.680,-2.845,-0.683,0.388,0.006,0.038,0.010,-1.099,0.002,0.003,-14.448,0.006,-19.575,-12.944,-18.590
-9.058,9.030,-0.000,0.927,0.003,-0.002,-0.375,0.593,0.441,-0.143,0.400,-3.503,0.551,-3.031,-0.682,0.396,0.004,0.026,0.017,-1.108,0.002,0.005,-14.488,0.005,-19.667,-12.937,-18.662
-9.065,9.034,-0.000,0.925,0.003,-0.002,-0.380,0.593,0.441,-0.288,0.400,-3.700,0.421,-3.218,-0.680,0.404,0.002,0.013,0.022,-1.119,0.002,0.006,-14.538,0.005,-19.765,-12.922,-18.728
-9.071,9.038,-0.000,0.923,0.003,-0.002,-0.385,0.593,0.441,-0.434,0.400,-3.898,0.292,-3.406,-0.678,0.411,0.000,-0.001,0.023,-1.132,0.002,0.007,-14.595,0.005,-19.868,-12.900,-18.787
-9.078,9.042,-0.000,0.921,0.003,-0.002,-0.390,0.593,0.441,-0.580,0.400,-4.097,0.163,-3.594,-0.676,0.418,-0.001,-0.014,0.019,-1.148,0.002,0.008,-14.645,0.005,-19.976,-12.872,-18.844
-9.085,9.047,-0.000,0.918,0.003,-0.002,-0.396,0.593,0.441,-0.727,0.400,-4.298,0.035,-3.783,-0.674,0.424,-0.002,-0.029,0.012,-1.166,0.002,0.008,-14.691,0.006,-20.086,-12.842,-18.898
-9.092,9.051,-0.000,0.916,0.003,-0.002,-0.401,0.593,0.441,-0.874,0.400,-4.499,-0.094,-3.972,-0.671,0.431,-0.002,-0.045,0.005,-1.184,0.002,0.007,-14.740,0.006,-20.192,-12.817,-18.950
-9.098,9.055,-0.000,0.914,0.003,-0.002,-0.407,0.593,0.441,-1.022,0.400,-4.701,-0.222,-4.162,-0.669,0.438,-0.001,-0.064,-0.002,-1.202,0.002,0.006,-14.793,0.007,-20.285,-12.801,-18.998
-9.105,9.060,-0.000,0.911,0.003,-0.001,-0.412,0.593,0.441,-1.170,0.400,-4.905,-0.350,-4.352,-0.666,0.446,-0.000,-0.086,-0.010,-1.218,0.001,0.005,-14.851,0.007,-20.351,-12.804,-19.040
-9.112,9.064,-0.000,0.909,0.002,-0.001,-0.418,0.593,0.441,-1.319,0.400,-5.108,-0.478,-4.542,-0.664,0.454,0.002,-0.110,-0.016,-1.231,0.001,0.003,-14.918,0.006,-20.392,-12.831,-19.076
-9.118,9.069,-0.000,0.906,0.002,-0.001,-0.423,0.593,0.441,-1.468,0.400,-5.312,-0.606,-4.733,-0.661,0.463,0.003,-0.132,-0.018,-1.241,0.000,0.002,-14.995,0.005,-20.411,-12.878,-19.101
-9.125,9.073,-0.000,0.903,0.001,-0.001,-0.429,0.593,0.441,-1.619,0.400,-5.516,-0.735,-4.924,-0.658,0.473,0.004,-0.150,-0.015,-1.249,-0.000,0.000,-15.083,0.003,-20.413,-12.945,-19.115
-9.131,9.078,-0.000,0.901,0.000,-0.001,-0.435,0.593,0.441,-1.770,0.401,-5.721,-0.865,-5.116,-0.654,0.483,0.004,-0.161,-0.006,-1.254,-0.001,-0.001,-15.180,0.001,-20.403,-13.029,-19.116
-9.138,9.083,-0.000,0.898,-0.000,-0.000,-0.440,0.593,0.441,-1.922,0.401,-5.924,-0.996,-5.307,-0.650,0.493,0.003,-0.164,0.007,-1.256,-0.001,-0.002,-15.287,-0.001,-20.386,-13.124,-19.103
-9.144,9.088,-0.000,0.895,-0.001,0.000,-0.446,0.593,0.441,-2.076,0.400,-6.128,-1.128,-5.498,-0.646,0.504,0.001,-0.156,0.021,-1.255,-0.002,-0.002,-15.399,-0.004,-20.361,-13.230,-19.078
-9.151,9.093,0.000,0.893,-0.002,0.000,-0.451,-0.136,-0.366,-2.228,-0.090,-6.315,-1.258,-5.680,-0.564,0.515,0.043,0.089,-0.191,-0.884,-109.618,-112.784,-14.929,-80.288,-17.118,-12.660,-17.306
-9.155,9.098,0.001,0.891,-0.002,-0.002,-0.453,-1.019,-1.219,-2.371,-0.801,-6.472,-1.381,-5.839,-0.453,0.500,0.101,0.002,-0.643,-0.461,-46.191,-40.820,-13.481,-41.280,-14.760,-12.120,-14.808
-9.160,9.103,0.002,0.890,-0.004,-0.004,-0.456,-1.213,-1.373,-2.499,-0.988,-6.613,-1.499,-5.985,-0.460,0.466,0.057,-0.115,-0.401,-0.642,2.667,6.984,-12.058,3.005,-13.412,-11.386,-14.364
-9.165,9.108,0.002,0.888,-0.005,-0.005,-0.459,-1.010,-1.123,-2.612,-0.727,-6.741,-1.609,-6.127,-0.463,0.436,0.011,-0.172,-0.108,-0.792,34.949,39.654,-10.687,47.541,-12.112,-10.665,-14.060
-9.169,9.112,0.002,0.887,-0.006,-0.005,-0.463,-0.584,-0.681,-2.713,-0.144,-6.856,-1.713,-6.266,-0.452,0.412,-0.036,-0.165,0.188,-0.837,44.822,44.126,-9.404,60.475,-10.860,-10.069,-13.631
-9.174,9.116,0.001,0.885,-0.005,-0.003,-0.466,-0.267,-0.344,-2.801,0.271,-6.958,-1.812,-6.398,-0.421,0.402,-0.080,-0.100,0.464,-0.716,14.008,21.140,-8.203,17.592,-9.591,-9.774,-12.890
-9.178,9.120,0.000,0.883,-0.004,-0.000,-0.469,-0.396,-0.348,-2.877,0.120,-7.048,-1.909,-6.523,-0.384,0.397,-0.124,-0.019,0.741,-0.558,-28.066,-13.229,-7.051,-35.722,-8.348,-9.621,-12.076
-9.181,9.124,-0.001,0.882,-0.003,0.002,-0.471,-0.608,-0.448,-2.946,-0.214,-7.127,-2.001,-6.634,-0.272,0.363,-0.058,0.187,0.309,-0.192,-13.941,-5.578,-6.910,-29.003,-7.622,-8.720,-9.781
-9.183,9.127,-0.001,0.882,-0.001,0.002,-0.471,-0.690,-0.477,-3.014,-0.448,-7.199,-2.084,-6.720,-0.189,0.327,-0.009,0.201,-0.007,0.100,-2.797,-0.836,-6.720,-16.106,-6.698,-7.861,-7.635
-9.185,9.130,-0.001,0.883,-0.001,0.002,-0.470,-0.679,-0.472,-3.080,-0.539,-7.261,-2.158,-6.788,-0.138,0.290,0.010,0.133,-0.118,0.252,3.776,1.501,-6.380,-3.933,-5.849,-7.043,-6.032
-9.186,9.133,-0.001,0.883,-0.001,0.001,-0.469,-0.631,-0.453,-3.142,-0.549,-7.316,-2.225,-6.842,-0.106,0.255,0.011,0.055,-0.113,0.316,5.188,2.090,-5.985,1.023,-5.075,-6.243,-4.843
-9.187,9.135,-0.001,0.884,-0.001,0.000,-0.467,-0.583,-0.434,-3.199,-0.530,-7.363,-2.283,-6.886,-0.086,0.221,0.007,-0.014,-0.071,0.321,4.269,1.723,-5.496,2.498,-4.362,-5.455,-3.953
-9.188,9.137,-0.001,0.885,-0.001,0.000,-0.466,-0.548,-0.419,-3.251,-0.504,-7.403,-2.334,-6.922,-0.071,0.190,0.003,-0.053,-0.032,0.295,2.743,1.245,-4.865,2.504,-3.706,-4.696,-3.260
-9.188,9.139,-0.001,0.885,-0.001,0.000,-0.465,-0.527,-0.409,-3.296,-0.481,-7.437,-2.377,-6.951,-0.060,0.160,0.001,-0.064,-0.009,0.254,1.406,0.831,-4.160,2.024,-3.088,-3.957,-2.678
-9.189,9.141,-0.001,0.886,-0.002,0.000,-0.464,-0.518,-0.402,-3.334,-0.463,-7.465,-2.413,-6.976,-0.050,0.131,-0.001,-0.059,0.003,0.210,0.520,0.526,-3.431,1.487,-2.499,-3.235,-2.153
-9.189,9.142,-0.001,0.886,-0.002,0.001,-0.463,-0.515,-0.398,-3.365,-0.451,-7.487,-2.442,-6.995,-0.040,0.103,-0.001,-0.047,0.007,0.165,0.055,0.324,-2.704,1.043,-1.933,-2.534,-1.658
-9.190,9.143,-0.001,0.887,-0.002,0.001,-0.462,-0.516,-0.395,-3.388,-0.442,-7.504,-2.464,-7.009,-0.029,0.076,-0.001,-0.033,0.009,0.123,-0.128,0.198,-1.990,0.717,-1.388,-1.854,-1.184
-9.190,9.143,-0.001,0.887,-0.002,0.001,-0.462,-0.517,-0.394,-3.405,-0.436,-7.515,-2.479,-7.018,-0.019,0.049,-0.001,-0.022,0.010,0.083,-0.155,0.123,-1.293,0.491,-0.862,-1.195,-0.726
-9.190,9.144,-0.001,0.887,-0.002,0.001,-0.461,-0.519,-0.393,-3.414,-0.432,-7.521,-2.488,-7.023,-0.009,0.024,-0.001,-0.015,0.009,0.044,-0.120,0.079,-0.617,0.337,-0.355,-0.557,-0.282
-9.190,9.144,-0.001,0.887,-0.002,0.001,-0.461,-0.520,-0.392,-3.417,-0.429,-7.522,-2.490,-7.024,0.000,-0.000,-0.000,-0.010,0.008,0.008,-0.072,0.053,0.038,0.233,0.133,0.059,0.148
-9.190,9.144,-0.001,0.887,-0.002,0.001,-0.461,-0.520,-0.392,-3.414,-0.427,-7.519,-2.487,-7.020,0.010,-0.024,-0.000,-0.007,0.007,-0.028,-0.037,0.036,0.672,0.161,0.605,0.656,0.565
-9.190,9.143,-0.001,0.887,-0.002,0.001,-0.462,-0.521,-0.391,-3.404,-0.426,-7.510,-2.477,-7.013,0.019,-0.047,0.000,-0.007,0.006,-0.062,-0.015,0.025,1.286,0.111,1.060,1.233,0.969
-9.190,9.143,-0.001,0.887,-0.002,0.001,-0.462,-0.521,-0.391,-3.388,-0.425,-7.497,-2.462,-7.001,0.028,-0.069,0.001,-0.007,0.005,-0.094,-0.003,0.017,1.879,0.076,1.501,1.792,1.360
-9.189,9.142,-0.001,0.887,-0.002,0.001,-0.462,-0.521,-0.391,-3.366,-0.424,-7.480,-2.442,-6.986,0.037,-0.090,0.001,-0.008,0.005,-0.126,0.002,0.012,2.454,0.052,1.926,2.332,1.739
-9.189,9.141,-0.001,0.886,-0.002,0.001,-0.463,-0.521,-0.391,-3.339,-0.424,-7.459,-2.416,-6.966,0.045,-0.111,0.001,-0.010,0.004,-0.156,0.003,0.009,3.009,0.036,2.338,2.854,2.105
-9.189,9.140,-0.001,0.886,-0.002,0.001,-0.464,-0.521,-0.391,-3.306,-0.424,-7.434,-2.385,-6.944,0.053,-0.131,0.002,-0.011,0.004,-0.186,0.003,0.007,3.546,0.024,2.735,3.360,2.459
-9.188,9.138,-0.001,0.885,-0.002,0.001,-0.465,-0.521,-0.391,-3.268,-0.423,-7.404,-2.348,-6.917,0.061,-0.150,0.002,-0.013,0.003,-0.214,0.002,0.005,4.066,0.017,3.119,3.848,2.801
-9.187,9.137,-0.001,0.885,-0.002,0.001,-0.466,-0.521,-0.391,-3.225,-0.423,-7.371,-2.308,-6.888,0.068,-0.169,0.002,-0.014,0.003,-0.242,0.002,0.004,4.569,0.012,3.490,4.321,3.132
-9.187,9.135,-0.001,0.884,-0.003,0.001,-0.467,-0.521,-0.391,-3.177,-0.423,-7.335,-2.262,-6.855,0.075,-0.187,0.002,-0.015,0.003,-0.269,0.002,0.003,5.056,0.010,3.848,4.779,3.452
-9.186,9.133,-0.001,0.884,-0.003,0.001,-0.468,-0.521,-0.391,-3.124,-0.423,-7.294,-2.212,-6.819,0.081,-0.205,0.003,-0.016,0.003,-0.294,0.001,0.003,5.527,0.008,4.194,5.222,3.760
-9.185,9.131,-0.001,0.883,-0.003,0.001,-0.469,-0.521,-0.391,-3.066,-0.423,-7.251,-2.158,-6.779,0.087,-0.222,0.003,-0.017,0.003,-0.319,0.001,0.002,5.983,0.006,4.528,5.650,4.059
-9.184,9.129,-0.001,0.882,-0.003,0.001,-0.471,-0.521,-0.391,-3.004,-0.423,-7.204,-2.099,-6.737,0.093,-0.239,0.003,-0.017,0.004,-0.344,0.001,0.002,6.424,0.005,4.850,6.064,4.347
-9.183,9.126,-0.001,0.881,-0.003,0.001,-0.472,-0.521,-0.391,-2.938,-0.423,-7.154,-2.036,-6.693,0.099,-0.255,0.003,-0.016,0.004,-0.367,0.001,0.001,6.850,0.004,5.161,6.465,4.627
-9.182,9.124,-0.001,0.880,-0.003,0.002,-0.474,-0.521,-0.391,-2.867,-0.423,-7.101,-1.970,-6.645,0.104,-0.271,0.003,-0.013,0.003,-0.389,0.001,0.001,7.261,0.003,5.463,6.853,4.899
-9.181,9.121,-0.000,0.880,-0.003,0.002,-0.476,-0.521,-0.391,-2.793,-0.423,-7.045,-1.899,-6.595,0.109,-0.287,0.004,-0.010,0.002,-0.410,0.000,0.001,7.658,0.003,5.755,7.229,5.165
-9.180,9.118,-0.000,0.879,-0.003,0.002,-0.478,-0.521,-0.391,-2.714,-0.423,-6.986,-1.825,-6.542,0.113,-0.302,0.004,-0.007,0.002,-0.431,0.000,0.001,8.041,0.002,6.038,7.593,5.422
-9.179,9.115,-0.000,0.877,-0.003,0.002,-0.480,-0.521,-0.391,-2.632,-0.423,-6.924,-1.748,-6.486,0.118,-0.317,0.004,-0.002,0.002,-0.450,0.000,0.000,8.412,0.001,6.312,7.944,5.672
-9.178,9.111,-0.000,0.876,-0.003,0.002,-0.482,-0.521,-0.391,-2.546,-0.423,-6.859,-1.667,-6.428,0.121,-0.331,0.005,0.002,0.002,-0.470,-0.000,0.000,8.772,0.001,6.577,8.283,5.915
-9.176,9.108,-0.000,0.875,-0.003,0.002,-0.484,-0.521,-0.391,-2.457,-0.423,-6.792,-1.582,-6.368,0.125,-0.345,0.005,0.008,0.003,-0.488,-0.000,-0.000,9.119,0.000,6.834,8.610,6.150
-9.175,9.105,-0.000,0.874,-0.003,0.002,-0.486,-0.521,-0.391,-2.364,-0.423,-6.723,-1.494,-6.305,0.128,-0.359,0.005,0.014,0.003,-0.506,-0.000,-0.001,9.455,-0.000,7.083,8.925,6.380
-9.174,9.101,-0.000,0.873,-0.003,0.002,-0.488,-0.521,-0.391,-2.267,-0.423,-6.651,-1.404,-6.240,0.131,-0.372,0.005,0.021,0.004,-0.524,-0.001,-0.001,9.781,-0.001,7.326,9.228,6.603
-9.173,9.097,-0.000,0.871,-0.003,0.002,-0.490,-0.521,-0.391,-2.168,-0.423,-6.576,-1.310,-6.173,0.134,-0.385,0.005,0.027,0.005,-0.541,-0.001,-0.002,10.095,-0.001,7.562,9.520,6.821
-9.171,9.093,-0.000,0.870,-0.003,0.001,-0.493,-0.521,-0.391,-2.066,-0.423,-6.499,-1.213,-6.104,0.136,-0.398,0.005,0.034,0.006,-0.557,-0.001,-0.002,10.399,-0.002,7.792,9.800,7.035
-9.170,9.089,-0.000,0.869,-0.002,0.001,-0.495,-0.521,-0.391,-1.960,-0.423,-6.420,-1.114,-6.033,0.138,-0.411,0.004,0.042,0.006,-0.573,-0.001,-0.003,10.693,-0.002,8.018,10.071,7.244
-9.168,9.085,-0.000,0.867,-0.002,0.001,-0.498,-0.521,-0.391,-1.852,-0.423,-6.339,-1.012,-5.959,0.140,-0.423,0.004,0.050,0.006,-0.588,-0.001,-0.003,10.977,-0.003,8.239,10.331,7.449
-9.167,9.081,0.000,0.866,-0.002,0.001,-0.500,-0.521,-0.391,-1.741,-0.423,-6.256,-0.907,-5.884,0.141,-0.435,0.004,0.058,0.005,-0.603,-0.001,-0.004,11.252,-0.003,8.456,10.582,7.650
-9.166,9.076,0.000,0.864,-0.002,0.001,-0.503,-0.521,-0.391,-1.627,-0.423,-6.170,-0.800,-5.806,0.142,-0.447,0.004,0.066,0.003,-0.618,-0.001,-0.004,11.517,-0.003,8.669,10.824,7.847
-9.164,9.072,0.000,0.863,-0.001,0.001,-0.506,-0.521,-0.391,-1.510,-0.423,-6.082,-0.691,-5.727,0.143,-0.459,0.003,0.074,0.000,-0.633,-0.001,-0.005,11.772,-0.003,8.880,11.059,8.041
-9.163,9.067,0.000,0.861,-0.001,0.001,-0.509,-0.521,-0.391,-1.391,-0.423,-5.992,-0.579,-5.645,0.143,-0.470,0.003,0.080,-0.003,-0.648,-0.001,-0.005,12.017,-0.003,9.087,11.286,8.231
-9.161,9.062,0.000,0.859,-0.001,0.000,-0.511,-0.521,-0.391,-1.270,-0.423,-5.901,-0.465,-5.562,0.143,-0.481,0.002,0.086,-0.007,-0.662,-0.001,-0.005,12.252,-0.003,9.291,11.507,8.418
-9.160,9.057,0.000,0.858,-0.000,0.000,-0.514,-0.521,-0.391,-1.146,-0.423,-5.807,-0.349,-5.477,0.143,-0.492,0.001,0.090,-0.012,-0.676,-0.001,-0.005,12.477,-0.004,9.492,11.721,8.601
-9.158,9.053,0.000,0.856,0.000,-0.000,-0.517,-0.521,-0.391,-1.021,-0.423,-5.711,-0.231,-5.390,0.142,-0.503,0.001,0.092,-0.016,-0.690,-0.001,-0.005,12.692,-0.004,9.689,11.931,8.781
-9.157,9.047,0.000,0.854,0.000,-0.000,-0.520,-0.521,-0.391,-0.893,-0.423,-5.613,-0.110,-5.301,0.141,-0.513,-0.000,0.091,-0.021,-0.704,-0.001,-0.005,12.897,-0.004,9.882,12.135,8.958
-9.156,9.042,0.000,0.852,0.001,-0.001,-0.523,-0.521,-0.391,-0.763,-0.423,-5.513,0.012,-5.211,0.140,-0.523,-0.001,0.087,-0.025,-0.718,-0.001,-0.005,13.094,-0.004,10.071,12.335,9.130
-9.154,9.037,0.000,0.850,0.001,-0.001,-0.526,-0.521,-0.391,-0.631,-0.423,-5.411,0.136,-5.119,0.138,-0.533,-0.002,0.080,-0.028,-0.731,-0.001,-0.004,13.283,-0.004,10.254,12.532,9.296
-9.153,9.032,0.000,0.848,0.001,-0.001,-0.529,-0.521,-0.391,-0.497,-0.423,-5.308,0.263,-5.025,0.135,-0.543,-0.003,0.069,-0.032,-0.746,-0.001,-0.002,13.469,-0.003,10.432,12.727,9.454
-9.152,9.026,0.000,0.846,0.001,-0.002,-0.533,-0.521,-0.391,-0.361,-0.423,-5.203,0.391,-4.930,0.132,-0.552,-0.005,0.054,-0.035,-0.760,-0.000,-0.000,13.652,-0.003,10.602,12.920,9.602
-9.150,9.021,0.000,0.844,0.002,-0.002,-0.536,-0.521,-0.391,-0.224,-0.423,-5.096,0.521,-4.833,0.129,-0.560,-0.006,0.038,-0.036,-0.774,0.000,0.002,13.830,-0.002,10.764,13.111,9.744
-9.149,9.015,-0.000,0.842,0.002,-0.002,-0.539,-0.521,-0.391,-0.085,-0.423,-4.988,0.653,-4.735,0.126,-0.568,-0.007,0.021,-0.035,-0.788,0.001,0.004,14.005,-0.001,10.917,13.300,9.878
-9.148,9.009,-0.000,0.840,0.002,-0.002,-0.542,-0.521,-0.391,0.056,-0.423,-4.878,0.787,-4.635,0.122,-0.576,-0.008,0.003,-0.032,-0.801,0.001,0.006,14.178,-0.001,11.062,13.486,10.004
-9.146,9.003,-0.000,0.838,0.001,-0.003,-0.546,-0.521,-0.391,0.199,-0.423,-4.766,0.923,-4.535,0.118,-0.584,-0.009,-0.013,-0.026,-0.813,0.001,0.008,14.349,0.000,11.198,13.669,10.121
-9.145,8.998,-0.000,0.836,0.001,-0.003,-0.549,-0.521,-0.391,0.343,-0.423,-4.654,1.060,-4.433,0.114,-0.590,-0.010,-0.028,-0.019,-0.825,0.002,0.010,14.519,0.001,11.325,13.849,10.230
-9.144,8.992,-0.000,0.833,0.001,-0.003,-0.553,-0.521,-0.391,0.489,-0.423,-4.540,1.200,-4.330,0.110,-0.597,-0.011,-0.040,-0.011,-0.835,0.002,0.011,14.688,0.002,11.445,14.023,10.333
-9.143,8.986,-0.001,0.831,0.001,-0.002,-0.556,-0.521,-0.391,0.637,-0.423,-4.425,1.341,-4.226,0.106,-0.603,-0.011,-0.049,-0.003,-0.844,0.002,0.012,14.855,0.003,11.558,14.191,10.430
-9.142,8.980,-0.001,0.829,0.001,-0.002,-0.560,-0.521,-0.391,0.786,-0.423,-4.309,1.484,-4.122,0.102,-0.609,-0.011,-0.056,0.004,-0.851,0.002,0.012,15.020,0.003,11.665,14.352,10.524
-9.141,8.973,-0.001,0.826,0.001,-0.002,-0.563,-0.521,-0.391,0.937,-0.423,-4.192,1.628,-4.016,0.098,-0.614,-0.010,-0.059,0.011,-0.856,0.002,0.011,15.182,0.003,11.767,14.505,10.616
-9.140,8.967,-0.001,0.824,0.000,-0.002,-0.567,-0.521,-0.390,1.090,-0.423,-4.073,1.774,-3.909,0.094,-0.620,-0.009,-0.059,0.016,-0.860,0.002,0.010,15.340,0.004,11.863,14.650,10.707
-9.139,8.961,-0.001,0.821,0.000,-0.002,-0.570,-0.521,-0.390,1.244,-0.423,-3.954,1.921,-3.802,0.090,-0.625,-0.008,-0.056,0.019,-0.863,0.002,0.009,15.494,0.004,11.956,14.786,10.794
-9.138,8.955,-0.001,0.819,0.000,-0.001,-0.574,-0.521,-0.390,1.400,-0.423,-3.834,2.069,-3.693,0.086,-0.630,-0.007,-0.051,0.020,-0.866,0.001,0.007,15.643,0.004,12.046,14.913,10.880
-9.137,8.948,-0.001,0.816,-0.000,-0.001,-0.577,-0.521,-0.390,1.557,-0.423,-3.713,2.219,-3.584,0.081,-0.635,-0.005,-0.043,0.020,-0.868,0.001,0.005,15.787,0.003,12.132,15.032,10.962
-9.137,8.942,-0.001,0.814,-0.000,-0.001,-0.581,-0.520,-0.390,1.715,-0.423,-3.592,2.370,-3.474,0.077,-0.640,-0.004,-0.035,0.019,-0.871,0.000,0.002,15.926,0.003,12.216,15.145,11.041
-9.136,8.936,-0.001,0.811,-0.000,-0.001,-0.585,-0.520,-0.390,1.875,-0.423,-3.469,2.522,-3.363,0.072,-0.645,-0.002,-0.026,0.016,-0.874,0.000,-0.000,16.059,0.003,12.298,15.252,11.117
-9.135,8.929,-0.001,0.809,-0.000,-0.001,-0.588,-0.520,-0.390,2.037,-0.423,-3.346,2.675,-3.252,0.068,-0.649,-0.001,-0.017,0.013,-0.878,-0.000,-0.002,16.187,0.002,12.378,15.354,11.191
-9.135,8.923,-0.001,0.806,-0.000,-0.001,-0.592,-0.521,-0.390,2.199,-0.423,-3.222,2.829,-3.140,0.062,-0.654,-0.000,-0.010,0.009,-0.883,-0.001,-0.004,16.310,0.002,12.457,15.454,11.262
-9.134,8.916,-0.001,0.804,-0.000,-0.001,-0.595,-0.521,-0.390,2.363,-0.423,-3.097,2.984,-3.027,0.057,-0.659,0.000,-0.004,0.005,-0.888,-0.001,-0.005,16.427,0.001,12.536,15.551,11.332
-9.133,8.909,-0.001,0.801,-0.000,-0.001,-0.599,-0.521,-0.390,2.528,-0.423,-2.971,3.140,-2.913,0.052,-0.663,0.001,-0.000,0.002,-0.893,-0.001,-0.006,16.538,0.001,12.613,15.647,11.401
-9.133,8.903,-0.001,0.798,-0.000,-0.001,-0.602,-0.521,-0.390,2.694,-0.423,-2.844,3.297,-2.799,0.046,-0.668,0.001,0.002,-0.000,-0.899,-0.001,-0.006,16.645,0.000,12.689,15.742,11.469
-9.133,8.896,-0.001,0.795,-0.000,-0.001,-0.606,-0.521,-0.390,2.861,-0.423,-2.717,3.455,-2.684,0.040,-0.672,0.001,0.002,-0.002,-0.905,-0.001,-0.005,16.749,0.000,12.764,15.836,11.536
-9.132,8.889,-0.001,0.793,-0.000,-0.001,-0.610,-0.521,-0.390,3.029,-0.423,-2.589,3.614,-2.568,0.034,-0.677,0.001,0.002,-0.002,-0.911,-0.001,-0.005,16.848,0.000,12.838,15.929,11.603
-9.132,8.883,-0.001,0.790,-0.000,-0.001,-0.613,-0.521,-0.390,3.197,-0.423,-2.460,3.773,-2.451,0.028,-0.681,0.001,0.000,-0.001,-0.916,-0.000,-0.004,16.945,0.000,12.911,16.020,11.670
-9.132,8.876,-0.001,0.787,-0.000,-0.001,-0.617,-0.521,-0.391,3.367,-0.423,-2.331,3.934,-2.334,0.023,-0.685,0.001,-0.001,0.001,-0.920,-0.000,-0.003,17.039,0.000,12.982,16.108,11.737
-9.131,8.869,-0.001,0.784,-0.000,-0.001,-0.620,-0.521,-0.391,3.538,-0.423,-2.201,4.096,-2.217,0.017,-0.689,0.002,-0.001,0.004,-0.924,0.000,-0.003,17.130,0.001,13.051,16.191,11.803
-9.131,8.862,-0.001,0.781,-0.000,-0.001,-0.624,-0.521,-0.391,3.710,-0.423,-2.070,4.258,-2.098,0.011,-0.693,0.003,-0.001,0.007,-0.927,0.000,-0.002,17.218,0.001,13.119,16.269,11.869
-9.131,8.855,-0.001,0.778,-0.000,-0.001,-0.628,-0.521,-0.391,3.883,-0.423,-1.938,4.421,-1.979,0.005,-0.697,0.004,0.001,0.010,-0.929,0.000,-0.003,17.303,0.002,13.185,16.340,11.933
-9.131,8.848,-0.001,0.776,-0.000,-0.000,-0.631,-0.521,-0.391,4.056,-0.423,-1.806,4.585,-1.860,-0.001,-0.700,0.006,0.004,0.012,-0.931,0.000,-0.003,17.385,0.002,13.248,16.404,11.995
-9.131,8.841,-0.001,0.773,-0.000,-0.000,-0.635,-0.521,-0.391,4.230,-0.423,-1.673,4.749,-1.739,-0.007,-0.704,0.009,0.009,0.014,-0.934,0.000,-0.004,17.462,0.003,13.308,16.459,12.054
-9.131,8.834,-0.001,0.770,-0.000,-0.000,-0.638,-0.521,-0.391,4.405,-0.423,-1.540,4.914,-1.619,-0.013,-0.708,0.011,0.014,0.013,-0.937,0.000,-0.005,17.535,0.003,13.365,16.509,12.108
-9.131,8.827,-0.001,0.767,0.000,-0.000,-0.642,-0.521,-0.391,4.581,-0.423,-1.406,5.079,-1.497,-0.019,-0.712,0.014,0.018,0.011,-0.941,-0.000,-0.007,17.604,0.003,13.418,16.553,12.157
-9.132,8.820,-0.001,0.764,0.000,-0.000,-0.646,-0.521,-0.391,4.757,-0.423,-1.272,5.245,-1.376,-0.026,-0.716,0.016,0.021,0.007,-0.946,-0.000,-0.008,17.666,0.004,13.466,16.592,12.202
-9.132,8.813,-0.000,0.761,0.000,-0.001,-0.649,-0.521,-0.391,4.934,-0.423,-1.137,5.411,-1.253,-0.033,-0.719,0.018,0.022,0.001,-0.951,-0.000,-0.009,17.721,0.004,13.512,16.629,12.245
-9.132,8.805,-0.000,0.757,0.000,-0.001,-0.653,-0.521,-0.391,5.112,-0.423,-1.001,5.577,-1.131,-0.040,-0.723,0.019,0.022,-0.004,-0.957,-0.000,-0.009,17.768,0.003,13.555,16.664,12.284
-9.133,8.798,-0.000,0.754,0.000,-0.001,-0.657,-0.521,-0.391,5.290,-0.423,-0.866,5.744,-1.008,-0.047,-0.727,0.019,0.017,-0.010,-0.964,-0.000,-0.008,17.810,0.003,13.592,16.702,12.319
-9.133,8.791,0.000,0.751,0.000,-0.001,-0.660,-0.521,-0.391,5.468,-0.423,-0.730,5.911,-0.884,-0.055,-0.731,0.018,0.008,-0.016,-0.971,-0.000,-0.007,17.850,0.002,13.625,16.743,12.350
-9.134,8.783,0.000,0.748,0.000,-0.001,-0.664,-0.521,-0.391,5.647,-0.423,-0.593,6.079,-0.761,-0.063,-0.735,0.016,-0.004,-0.020,-0.979,-0.000,-0.005,17.887,0.001,13.653,16.790,12.378
-9.135,8.776,0.001,0.745,0.000,-0.001,-0.668,-0.521,-0.391,5.826,-0.423,-0.457,6.247,-0.637,-0.071,-0.738,0.013,-0.019,-0.023,-0.986,-0.000,-0.002,17.926,-0.000,13.676,16.843,12.402
-9.135,8.769,0.001,0.741,0.000,-0.001,-0.671,-0.521,-0.391,6.005,-0.423,-0.320,6.416,-0.513,-0.079,-0.740,0.010,-0.034,-0.023,-0.993,-0.000,0.001,17.966,-0.001,13.696,16.903,12.422
-9.136,8.761,0.001,0.738,-0.000,-0.001,-0.675,-0.521,-0.391,6.185,-0.423,-0.183,6.585,-0.388,-0.088,-0.742,0.005,-0.049,-0.021,-1.000,0.000,0.005,18.012,-0.003,13.712,16.970,12.438
-9.137,8.754,0.001,0.735,-0.000,-0.001,-0.679,-0.521,-0.391,6.365,-0.423,-0.045,6.755,-0.264,-0.096,-0.744,0.000,-0.063,-0.016,-1.008,0.000,0.008,18.066,-0.004,13.725,17.043,12.447
-9.138,8.746,0.001,0.731,-0.001,-0.001,-0.682,-0.521,-0.391,6.546,-0.423,0.092,6.926,-0.139,-0.105,-0.745,-0.004,-0.073,-0.009,-1.016,0.000,0.011,18.131,-0.005,13.739,17.121,12.448
-9.139,8.739,0.001,0.728,-0.001,-0.000,-0.686,-0.521,-0.391,6.728,-0.423,0.229,7.098,-0.015,-0.114,-0.745,-0.009,-0.079,-0.001,-1.024,0.001,0.014,18.206,-0.006,13.757,17.204,12.442
