-1.000,-9.000,0.001,1.000,0.000,0.000,0.000,-0.000,-0.000,0.000,-0.000,0.000,0.000,0.000,-0.000,-0.000,0.000,-0.000,-0.000,-0.000,0.000,0.000,-0.000,0.000,-0.000,-0.000,-0.000
-1.000,-9.000,0.001,1.000,0.000,-0.000,-0.000,0.010,0.008,0.003,0.007,0.003,0.003,0.003,0.028,0.000,0.000,0.001,-0.019,-0.000,1.613,1.253,0.599,1.246,0.597,0.618,0.616
-0.999,-9.000,0.001,1.000,0.000,-0.000,0.000,0.023,0.019,0.012,0.019,0.012,0.012,0.012,0.056,0.000,0.000,0.002,-0.024,0.002,0.837,0.840,1.175,0.829,1.182,1.189,1.196
-0.999,-9.000,0.001,1.000,0.000,-0.000,0.000,0.024,0.022,0.027,0.021,0.027,0.027,0.027,0.083,0.001,0.000,0.002,-0.023,0.005,-0.556,-0.312,1.733,-0.294,1.753,1.729,1.749
-0.998,-9.000,0.001,1.000,0.000,-0.000,0.000,0.016,0.015,0.047,0.015,0.047,0.047,0.047,0.109,0.001,0.000,0.002,-0.019,0.006,-1.000,-0.823,2.268,-0.798,2.295,2.255,2.282
-0.997,-9.000,0.001,1.000,0.000,-0.000,0.000,0.009,0.009,0.072,0.009,0.072,0.072,0.073,0.135,0.001,0.000,0.001,-0.014,0.006,-0.249,-0.332,2.778,-0.332,2.803,2.773,2.799
-0.995,-9.000,0.001,1.000,0.000,-0.001,0.000,0.011,0.009,0.102,0.009,0.103,0.102,0.103,0.160,0.001,-0.000,0.001,-0.010,0.005,0.463,0.300,3.269,0.256,3.294,3.277,3.302
-0.993,-9.000,0.001,1.000,0.000,-0.001,0.000,0.016,0.013,0.137,0.013,0.138,0.137,0.139,0.185,0.001,-0.001,0.001,-0.006,0.006,0.450,0.398,3.747,0.373,3.777,3.762,3.791
-0.991,-9.000,0.001,1.000,0.000,-0.001,0.000,0.018,0.016,0.177,0.015,0.179,0.177,0.179,0.208,0.002,-0.001,0.001,-0.003,0.009,0.075,0.138,4.214,0.130,4.254,4.227,4.267
-0.989,-9.000,0.000,1.000,0.000,-0.001,0.000,0.018,0.016,0.221,0.015,0.223,0.222,0.224,0.231,0.002,-0.002,0.001,-0.001,0.011,-0.192,-0.089,4.668,-0.085,4.716,4.680,4.728
-0.987,-9.000,0.000,1.000,0.000,-0.001,0.000,0.016,0.015,0.270,0.014,0.273,0.271,0.273,0.253,0.002,-0.002,0.000,0.001,0.012,-0.169,-0.102,5.109,-0.096,5.163,5.121,5.176
-0.984,-9.000,0.000,1.000,0.000,-0.001,0.000,0.015,0.014,0.324,0.014,0.327,0.324,0.327,0.274,0.002,-0.003,0.000,0.002,0.013,-0.055,-0.037,5.537,-0.034,5.595,5.552,5.611
-0.981,-9.000,0.000,1.000,0.000,-0.001,0.000,0.014,0.014,0.381,0.013,0.385,0.382,0.386,0.295,0.002,-0.004,0.000,0.003,0.013,0.006,-0.009,5.953,-0.006,6.015,5.970,6.033
-0.978,-9.000,0.000,1.000,0.000,-0.001,0.000,0.014,0.014,0.443,0.013,0.447,0.444,0.448,0.315,0.003,-0.005,0.000,0.003,0.014,0.024,0.003,6.358,0.005,6.424,6.377,6.443
-0.975,-9.000,0.000,1.000,0.000,-0.001,0.001,0.015,0.014,0.508,0.014,0.513,0.509,0.514,0.335,0.003,-0.006,0.000,0.003,0.015,0.021,0.007,6.751,0.008,6.821,6.771,6.842
-0.972,-9.000,0.000,1.000,0.000,-0.001,0.001,0.015,0.014,0.578,0.014,0.583,0.579,0.585,0.354,0.003,-0.007,0.000,0.003,0.016,0.014,0.008,7.134,0.008,7.208,7.155,7.230
-0.968,-9.000,0.000,1.000,0.000,-0.001,0.001,0.015,0.014,0.651,0.014,0.657,0.653,0.659,0.372,0.003,-0.008,0.000,0.003,0.017,0.008,0.007,7.505,0.008,7.585,7.527,7.607
-0.964,-9.000,0.000,1.000,0.000,-0.001,0.001,0.015,0.014,0.728,0.014,0.735,0.730,0.737,0.390,0.003,-0.009,0.000,0.003,0.018,0.004,0.007,7.867,0.007,7.950,7.889,7.973
-0.960,-9.000,0.000,1.000,0.000,-0.000,0.001,0.015,0.014,0.808,0.014,0.816,0.810,0.818,0.407,0.004,-0.010,0.000,0.003,0.019,0.002,0.007,8.218,0.007,8.306,8.241,8.330
-0.956,-9.000,-0.000,1.000,0.000,-0.000,0.001,0.015,0.014,0.892,0.014,0.901,0.894,0.903,0.423,0.004,-0.010,0.000,0.003,0.020,0.002,0.007,8.559,0.007,8.652,8.582,8.676
-0.952,-9.000,-0.000,1.000,0.000,-0.000,0.001,0.015,0.014,0.979,0.014,0.989,0.982,0.992,0.438,0.004,-0.011,0.000,0.003,0.020,0.002,0.007,8.890,0.007,8.987,8.914,9.012
-0.947,-9.000,-0.000,1.000,0.000,-0.000,0.001,0.015,0.014,1.070,0.014,1.081,1.073,1.084,0.454,0.004,-0.012,0.000,0.003,0.021,0.002,0.007,9.211,0.007,9.313,9.235,9.337
-0.943,-9.000,-0.000,1.000,0.000,-0.000,0.001,0.015,0.014,1.163,0.014,1.175,1.167,1.179,0.468,0.005,-0.012,-0.000,0.003,0.022,0.003,0.007,9.522,0.007,9.629,9.547,9.653
-0.938,-8.999,-0.001,1.000,0.000,-0.000,0.001,0.015,0.014,1.260,0.014,1.273,1.264,1.277,0.482,0.005,-0.012,-0.000,0.003,0.023,0.003,0.007,9.824,0.008,9.934,9.848,9.959
-0.933,-8.999,-0.001,1.000,0.000,-0.000,0.002,0.015,0.014,1.360,0.014,1.374,1.363,1.378,0.495,0.005,-0.012,-0.000,0.002,0.024,0.003,0.007,10.116,0.008,10.230,10.140,10.255
-0.928,-8.999,-0.001,1.000,0.000,-0.000,0.002,0.015,0.015,1.462,0.014,1.478,1.466,1.482,0.508,0.005,-0.011,-0.001,0.002,0.024,0.004,0.007,10.397,0.008,10.515,10.421,10.540
-0.923,-8.999,-0.001,1.000,0.000,-0.000,0.002,0.015,0.015,1.568,0.014,1.584,1.572,1.589,0.520,0.006,-0.011,-0.001,0.002,0.025,0.004,0.007,10.669,0.008,10.791,10.693,10.815
-0.918,-8.999,-0.001,1.000,0.000,-0.000,0.002,0.015,0.015,1.676,0.015,1.694,1.680,1.698,0.532,0.006,-0.010,-0.001,0.002,0.026,0.004,0.007,10.930,0.008,11.056,10.954,11.080
-0.912,-8.999,-0.001,1.000,0.000,-0.000,0.002,0.015,0.015,1.786,0.015,1.805,1.791,1.810,0.543,0.006,-0.008,-0.002,0.002,0.027,0.004,0.007,11.182,0.007,11.311,11.206,11.335
-0.907,-8.999,-0.001,1.000,0.000,-0.000,0.002,0.015,0.015,1.899,0.015,1.920,1.904,1.925,0.554,0.007,-0.007,-0.002,0.002,0.027,0.003,0.007,11.424,0.007,11.556,11.447,11.580
-0.901,-8.999,-0.001,1.000,0.000,-0.000,0.002,0.015,0.015,2.015,0.015,2.036,2.020,2.042,0.564,0.007,-0.005,-0.002,0.002,0.028,0.003,0.007,11.656,0.007,11.791,11.679,11.815
-0.895,-8.999,-0.001,1.000,0.000,-0.000,0.002,0.015,0.015,2.132,0.015,2.156,2.138,2.161,0.575,0.007,-0.004,-0.002,0.002,0.029,0.003,0.007,11.879,0.007,12.017,11.902,12.040
-0.890,-8.999,-0.001,1.000,0.000,-0.000,0.003,0.016,0.015,2.252,0.015,2.277,2.258,2.282,0.584,0.007,-0.003,-0.002,0.001,0.029,0.003,0.007,12.094,0.007,12.234,12.116,12.257
-0.884,-8.999,-0.001,1.000,0.000,-0.000,0.003,0.016,0.015,2.374,0.015,2.400,2.380,2.406,0.594,0.008,-0.001,-0.002,0.001,0.030,0.003,0.006,12.300,0.006,12.443,12.323,12.465
-0.878,-8.999,-0.001,1.000,-0.000,-0.000,0.003,0.016,0.015,2.498,0.015,2.526,2.504,2.532,0.604,0.008,-0.000,-0.002,0.001,0.031,0.002,0.006,12.499,0.006,12.644,12.521,12.667
-0.872,-8.999,-0.001,1.000,-0.000,-0.000,0.003,0.016,0.015,2.624,0.015,2.653,2.630,2.659,0.613,0.008,0.001,-0.001,0.001,0.031,0.002,0.006,12.692,0.006,12.839,12.713,12.861
-0.865,-8.999,-0.001,1.000,-0.000,-0.000,0.003,0.016,0.015,2.752,0.015,2.782,2.759,2.789,0.622,0.009,0.001,-0.001,0.001,0.032,0.002,0.005,12.878,0.005,13.027,12.899,13.049
-0.859,-8.998,-0.001,1.000,-0.000,-0.000,0.003,0.016,0.015,2.882,0.015,2.914,2.888,2.920,0.631,0.009,0.001,-0.001,0.001,0.032,0.001,0.005,13.059,0.005,13.210,13.080,13.232
-0.853,-8.998,-0.001,1.000,-0.000,-0.000,0.004,0.016,0.015,3.013,0.015,3.047,3.020,3.054,0.639,0.009,0.001,-0.000,0.001,0.033,0.001,0.005,13.235,0.004,13.389,13.256,13.410
-0.846,-8.998,-0.001,1.000,-0.000,-0.000,0.004,0.016,0.015,3.146,0.015,3.181,3.154,3.189,0.648,0.010,0.001,-0.000,0.001,0.033,0.001,0.004,13.407,0.004,13.563,13.428,13.585
-0.840,-8.998,-0.001,1.000,-0.000,-0.000,0.004,0.016,0.015,3.281,0.015,3.318,3.289,3.325,0.656,0.010,0.001,0.000,0.001,0.034,0.001,0.003,13.575,0.003,13.734,13.596,13.755
-0.833,-8.998,-0.001,1.000,-0.000,-0.000,0.004,0.016,0.016,3.418,0.015,3.456,3.425,3.464,0.664,0.011,0.000,0.000,0.001,0.034,0.000,0.003,13.740,0.003,13.901,13.760,13.921
-0.827,-8.998,-0.001,1.000,-0.000,-0.000,0.004,0.016,0.016,3.556,0.015,3.596,3.564,3.604,0.672,0.011,0.000,-0.000,0.001,0.035,0.000,0.002,13.901,0.002,14.064,13.921,14.084
-0.820,-8.998,-0.001,1.000,-0.000,-0.000,0.004,0.016,0.016,3.696,0.015,3.737,3.704,3.745,0.679,0.011,0.000,-0.000,0.001,0.035,0.000,0.002,14.058,0.001,14.223,14.078,14.243
-0.813,-8.998,-0.001,1.000,-0.000,-0.000,0.005,0.016,0.016,3.837,0.015,3.880,3.845,3.888,0.687,0.012,0.001,-0.001,0.002,0.036,-0.000,0.001,14.211,0.001,14.378,14.230,14.398
-0.806,-8.998,-0.001,1.000,-0.000,-0.000,0.005,0.016,0.016,3.980,0.015,4.025,3.988,4.033,0.694,0.012,0.002,-0.001,0.002,0.036,-0.000,0.000,14.359,0.000,14.527,14.378,14.547
-0.799,-8.998,-0.001,1.000,-0.000,-0.000,0.005,0.016,0.016,4.124,0.015,4.171,4.133,4.179,0.702,0.012,0.003,-0.002,0.001,0.037,-0.000,-0.000,14.503,-0.000,14.671,14.521,14.690
-0.792,-8.997,-0.001,1.000,-0.000,-0.000,0.005,0.016,0.016,4.270,0.015,4.318,4.279,4.327,0.709,0.013,0.005,-0.002,0.001,0.037,-0.000,-0.001,14.640,-0.001,14.809,14.657,14.827
-0.785,-8.997,-0.001,1.000,-0.000,-0.000,0.005,0.016,0.016,4.417,0.015,4.467,4.426,4.476,0.716,0.013,0.007,-0.003,0.001,0.037,-0.001,-0.001,14.770,-0.001,14.939,14.787,14.956
-0.778,-8.997,-0.001,1.000,-0.000,-0.000,0.005,0.016,0.016,4.566,0.015,4.617,4.575,4.626,0.723,0.014,0.010,-0.003,0.001,0.038,-0.001,-0.001,14.894,-0.002,15.062,14.910,15.078
-0.771,-8.997,-0.001,1.000,-0.000,-0.000,0.006,0.016,0.016,4.715,0.015,4.768,4.724,4.777,0.730,0.014,0.013,-0.004,0.001,0.038,-0.001,-0.002,15.009,-0.002,15.176,15.025,15.192
-0.763,-8.997,-0.001,1.000,-0.000,-0.000,0.006,0.016,0.016,4.866,0.015,4.920,4.875,4.930,0.737,0.014,0.015,-0.003,0.001,0.038,-0.001,-0.002,15.118,-0.002,15.283,15.132,15.298
-0.756,-8.997,-0.001,1.000,-0.000,-0.000,0.006,0.016,0.016,5.017,0.015,5.074,5.027,5.083,0.744,0.015,0.018,-0.003,0.000,0.039,-0.001,-0.002,15.218,-0.002,15.382,15.232,15.396
-0.748,-8.997,-0.000,1.000,-0.000,-0.000,0.006,0.016,0.015,5.170,0.015,5.228,5.180,5.238,0.751,0.015,0.019,-0.001,0.000,0.039,-0.001,-0.002,15.312,-0.002,15.475,15.326,15.488
-0.741,-8.996,-0.000,1.000,-0.000,-0.000,0.006,0.016,0.015,5.324,0.015,5.383,5.333,5.393,0.758,0.016,0.020,0.000,-0.000,0.039,-0.001,-0.002,15.400,-0.002,15.562,15.413,15.575
-0.733,-8.996,-0.000,1.000,-0.000,-0.000,0.007,0.016,0.015,5.478,0.015,5.539,5.488,5.549,0.765,0.016,0.020,0.002,-0.000,0.039,-0.001,-0.002,15.484,-0.002,15.645,15.497,15.659
-0.725,-8.996,0.000,1.000,-0.000,-0.000,0.007,0.016,0.015,5.633,0.015,5.696,5.643,5.706,0.772,0.016,0.019,0.004,-0.000,0.040,-0.000,-0.002,15.564,-0.002,15.727,15.577,15.740
-0.718,-8.996,0.000,1.000,-0.000,-0.000,0.007,0.016,0.015,5.789,0.015,5.854,5.799,5.864,0.779,0.017,0.016,0.006,-0.000,0.040,-0.000,-0.002,15.642,-0.002,15.807,15.656,15.821
-0.710,-8.996,0.000,1.000,-0.000,-0.000,0.007,0.016,0.015,5.946,0.015,6.012,5.956,6.023,0.785,0.017,0.012,0.008,-0.000,0.040,-0.000,-0.002,15.719,-0.001,15.889,15.734,15.904
-0.702,-8.996,0.001,1.000,-0.000,-0.000,0.007,0.016,0.015,6.104,0.015,6.172,6.114,6.182,0.791,0.018,0.008,0.009,-0.000,0.040,-0.000,-0.001,15.798,-0.001,15.972,15.813,15.988
-0.694,-8.995,0.001,1.000,0.000,-0.000,0.008,0.016,0.015,6.262,0.015,6.332,6.273,6.342,0.796,0.018,0.003,0.010,0.000,0.041,0.000,-0.001,15.878,-0.000,16.059,15.895,16.076
-0.686,-8.995,0.001,1.000,0.000,-0.000,0.008,0.016,0.015,6.421,0.015,6.493,6.432,6.504,0.801,0.019,-0.003,0.011,0.000,0.041,0.000,-0.000,15.962,0.000,16.149,15.979,16.167
-0.678,-8.995,0.001,1.000,0.000,-0.000,0.008,0.016,0.015,6.581,0.015,6.655,6.592,6.666,0.806,0.019,-0.008,0.011,0.001,0.041,0.001,0.000,16.048,0.001,16.243,16.065,16.262
-0.670,-8.995,0.000,1.000,0.000,-0.000,0.008,0.016,0.015,6.742,0.015,6.818,6.753,6.829,0.809,0.020,-0.013,0.010,0.001,0.041,0.001,0.001,16.137,0.002,16.341,16.155,16.360
-0.662,-8.995,0.000,1.000,0.000,-0.000,0.008,0.016,0.015,6.904,0.015,6.982,6.915,6.993,0.812,0.020,-0.017,0.008,0.002,0.041,0.001,0.002,16.228,0.002,16.441,16.247,16.460
-0.654,-8.994,0.000,1.000,0.000,-0.000,0.009,0.016,0.015,7.067,0.015,7.147,7.078,7.158,0.815,0.020,-0.021,0.006,0.002,0.042,0.001,0.002,16.322,0.003,16.542,16.340,16.561
-0.646,-8.994,-0.000,1.000,0.000,-0.000,0.009,0.016,0.015,7.231,0.015,7.312,7.242,7.324,0.816,0.021,-0.023,0.004,0.002,0.042,0.001,0.003,16.416,0.003,16.642,16.434,16.661
-0.637,-8.994,-0.000,1.000,0.000,-0.000,0.009,0.016,0.015,7.395,0.015,7.479,7.407,7.491,0.818,0.021,-0.023,0.001,0.002,0.042,0.001,0.003,16.509,0.004,16.740,16.527,16.759
-0.629,-8.994,-0.001,1.000,0.000,-0.000,0.009,0.016,0.015,7.561,0.015,7.647,7.573,7.659,0.819,0.022,-0.023,-0.002,0.002,0.042,0.001,0.004,16.600,0.004,16.835,16.617,16.852
-0.621,-8.994,-0.001,1.000,0.000,-0.000,0.010,0.016,0.016,7.727,0.015,7.816,7.739,7.828,0.820,0.022,-0.021,-0.005,0.002,0.042,0.001,0.004,16.686,0.004,16.923,16.703,16.939
-0.613,-8.993,-0.001,1.000,0.000,-0.000,0.010,0.016,0.016,7.894,0.015,7.986,7.907,7.998,0.820,0.022,-0.018,-0.007,0.002,0.043,0.001,0.004,16.768,0.004,17.004,16.783,17.020
-0.605,-8.993,-0.001,1.000,0.000,-0.000,0.010,0.016,0.016,8.062,0.015,8.156,8.075,8.169,0.821,0.023,-0.014,-0.009,0.001,0.043,0.001,0.005,16.844,0.005,17.078,16.858,17.092
-0.596,-8.993,-0.001,1.000,0.000,-0.000,0.010,0.016,0.016,8.231,0.016,8.327,8.244,8.340,0.822,0.023,-0.010,-0.010,0.001,0.043,0.001,0.004,16.914,0.004,17.145,16.927,17.158
-0.588,-8.993,-0.001,1.000,0.000,-0.000,0.010,0.016,0.016,8.401,0.016,8.499,8.413,8.512,0.823,0.024,-0.007,-0.010,0.000,0.043,0.001,0.004,16.977,0.004,17.204,16.989,17.216
-0.580,-8.992,-0.001,1.000,0.000,-0.000,0.011,0.016,0.016,8.571,0.016,8.671,8.584,8.684,0.825,0.024,-0.003,-0.009,0.000,0.044,0.001,0.004,17.035,0.004,17.257,17.046,17.268
-0.572,-8.992,-0.001,1.000,0.000,-0.000,0.011,0.016,0.016,8.741,0.016,8.844,8.754,8.857,0.826,0.024,-0.001,-0.007,-0.000,0.044,0.001,0.004,17.088,0.003,17.306,17.099,17.317
-0.563,-8.992,-0.001,1.000,-0.000,-0.000,0.011,0.016,0.016,8.913,0.016,9.017,8.926,9.031,0.828,0.025,0.001,-0.005,-0.000,0.044,0.000,0.003,17.138,0.003,17.352,17.148,17.363
-0.555,-8.992,-0.001,1.000,-0.000,-0.000,0.011,0.016,0.016,9.084,0.016,9.191,9.097,9.204,0.830,0.025,0.002,-0.003,-0.000,0.044,0.000,0.002,17.186,0.002,17.397,17.196,17.408
-0.547,-8.991,-0.001,1.000,-0.000,-0.000,0.011,0.016,0.016,9.256,0.016,9.365,9.270,9.379,0.833,0.026,0.002,-0.001,-0.000,0.044,-0.000,0.002,17.232,0.001,17.442,17.242,17.453
-0.538,-8.991,-0.001,1.000,-0.000,-0.000,0.012,0.016,0.016,9.429,0.016,9.540,9.442,9.554,0.835,0.026,0.002,0.000,-0.000,0.045,-0.000,0.001,17.278,0.001,17.488,17.289,17.499
-0.530,-8.991,-0.001,1.000,-0.000,-0.000,0.012,0.016,0.016,9.602,0.016,9.715,9.615,9.729,0.838,0.027,0.001,0.001,-0.000,0.045,-0.000,0.000,17.325,-0.000,17.536,17.336,17.547
-0.522,-8.991,-0.001,1.000,-0.000,-0.000,0.012,0.016,0.016,9.775,0.016,9.891,9.789,9.904,0.840,0.027,0.001,0.001,0.000,0.045,-0.001,-0.000,17.374,-0.001,17.584,17.385,17.595
-0.513,-8.990,-0.001,1.000,-0.000,-0.000,0.012,0.016,0.016,9.949,0.016,10.067,9.963,10.081,0.843,0.027,0.001,-0.001,0.001,0.045,-0.001,-0.001,17.422,-0.002,17.633,17.433,17.644
-0.505,-8.990,-0.001,1.000,-0.000,-0.000,0.013,0.016,0.016,10.124,0.016,10.243,10.138,10.257,0.845,0.028,0.001,-0.003,0.001,0.045,-0.001,-0.002,17.471,-0.002,17.681,17.482,17.692
-0.496,-8.990,-0.001,1.000,-0.000,-0.000,0.013,0.016,0.016,10.299,0.016,10.420,10.313,10.435,0.848,0.028,0.003,-0.005,0.001,0.045,-0.001,-0.002,17.520,-0.003,17.727,17.530,17.738
-0.488,-8.990,-0.001,1.000,-0.000,-0.000,0.013,0.016,0.016,10.474,0.016,10.598,10.488,10.612,0.850,0.029,0.005,-0.008,0.001,0.045,-0.001,-0.003,17.565,-0.003,17.769,17.575,17.779
-0.479,-8.989,-0.001,1.000,-0.000,-0.000,0.013,0.016,0.016,10.650,0.016,10.776,10.664,10.790,0.853,0.029,0.008,-0.010,0.001,0.045,-0.001,-0.003,17.608,-0.003,17.806,17.616,17.814
-0.471,-8.989,-0.001,1.000,-0.000,-0.000,0.013,0.016,0.016,10.826,0.016,10.954,10.840,10.968,0.856,0.030,0.012,-0.011,0.001,0.045,-0.001,-0.003,17.645,-0.004,17.836,17.653,17.843
-0.462,-8.989,-0.001,1.000,-0.000,-0.000,0.014,0.016,0.016,11.003,0.016,11.132,11.017,11.147,0.859,0.030,0.015,-0.011,0.000,0.045,-0.001,-0.004,17.677,-0.004,17.859,17.683,17.865
-0.454,-8.988,-0.001,1.000,-0.000,-0.000,0.014,0.016,0.016,11.180,0.015,11.311,11.194,11.326,0.863,0.031,0.019,-0.010,-0.000,0.046,-0.001,-0.004,17.702,-0.004,17.875,17.707,17.880
-0.445,-8.988,-0.001,1.000,-0.000,-0.000,0.014,0.016,0.016,11.357,0.015,11.490,11.371,11.505,0.867,0.031,0.022,-0.007,-0.001,0.046,-0.001,-0.004,17.720,-0.004,17.886,17.725,17.890
-0.436,-8.988,-0.000,1.000,-0.000,-0.000,0.014,0.016,0.016,11.534,0.015,11.669,11.549,11.683,0.871,0.032,0.023,-0.002,-0.001,0.046,-0.001,-0.003,17.733,-0.003,17.893,17.738,17.897
-0.428,-8.987,-0.000,1.000,-0.000,-0.000,0.015,0.016,0.016,11.712,0.015,11.848,11.726,11.862,0.875,0.032,0.023,0.003,-0.001,0.046,-0.001,-0.003,17.742,-0.003,17.899,17.746,17.903
-0.419,-8.987,0.000,1.000,-0.000,-0.000,0.015,0.016,0.016,11.889,0.015,12.027,11.904,12.042,0.879,0.033,0.021,0.009,-0.002,0.046,-0.000,-0.003,17.748,-0.003,17.905,17.753,17.910
-0.410,-8.987,0.000,1.000,-0.000,-0.000,0.015,0.016,0.016,12.067,0.015,12.206,12.081,12.221,0.883,0.033,0.018,0.014,-0.002,0.046,-0.000,-0.003,17.753,-0.002,17.915,17.759,17.921
-0.401,-8.986,0.000,1.000,-0.000,-0.000,0.015,0.016,0.015,12.244,0.015,12.385,12.259,12.400,0.886,0.034,0.013,0.019,-0.002,0.046,-0.000,-0.002,17.760,-0.001,17.930,17.767,17.938
-0.392,-8.986,0.001,1.000,-0.000,-0.000,0.016,0.016,0.015,12.422,0.015,12.565,12.436,12.579,0.889,0.035,0.007,0.023,-0.001,0.046,0.000,-0.001,17.770,-0.001,17.952,17.779,17.962
-0.383,-8.986,0.001,1.000,0.000,-0.000,0.016,0.016,0.015,12.600,0.015,12.744,12.614,12.759,0.892,0.035,0.001,0.024,-0.001,0.046,0.000,-0.001,17.785,0.000,17.982,17.795,17.994
-0.374,-8.985,0.001,1.000,0.000,-0.000,0.016,0.016,0.015,12.777,0.015,12.924,12.792,12.939,0.894,0.035,-0.006,0.025,-0.000,0.046,0.001,0.000,17.805,0.001,18.019,17.818,18.033
-0.366,-8.985,0.001,1.000,0.000,-0.000,0.016,0.016,0.015,12.956,0.015,13.105,12.971,13.120,0.895,0.036,-0.013,0.023,0.001,0.046,0.001,0.001,17.832,0.002,18.064,17.846,18.079
-0.357,-8.985,0.000,1.000,0.000,-0.000,0.016,0.016,0.015,13.134,0.015,13.285,13.149,13.301,0.895,0.036,-0.018,0.019,0.002,0.046,0.001,0.002,17.865,0.002,18.114,17.880,18.130
-0.348,-8.984,0.000,1.000,0.000,-0.000,0.017,0.028,0.025,13.313,0.025,13.467,13.328,13.483,0.895,0.039,-0.022,0.016,0.002,0.057,1.963,1.586,17.871,1.536,18.180,17.905,18.213
-0.339,-8.984,-0.000,1.000,0.001,-0.000,0.017,0.044,0.040,13.492,0.039,13.649,13.507,13.665,0.893,0.043,-0.025,0.012,0.002,0.082,1.043,1.084,17.870,1.043,18.292,17.895,18.317
-0.330,-8.983,-0.000,1.000,0.001,-0.000,0.018,0.046,0.043,13.670,0.042,13.833,13.686,13.849,0.891,0.047,-0.026,0.006,0.003,0.104,-0.694,-0.385,17.880,-0.347,18.406,17.886,18.416
-0.321,-8.983,-0.001,1.000,0.001,-0.000,0.018,0.034,0.035,13.849,0.034,14.017,13.865,14.033,0.890,0.048,-0.024,-0.005,0.002,0.107,-1.233,-1.019,17.916,-0.954,18.475,17.916,18.480
-0.312,-8.982,-0.001,1.000,0.001,-0.000,0.019,0.026,0.027,14.029,0.027,14.202,14.045,14.218,0.888,0.047,-0.022,-0.014,0.002,0.097,-0.323,-0.383,17.972,-0.347,18.506,17.975,18.511
-0.303,-8.982,-0.001,1.000,0.000,-0.000,0.019,0.029,0.028,14.209,0.029,14.387,14.225,14.404,0.886,0.047,-0.018,-0.019,0.002,0.090,0.705,0.476,18.027,0.492,18.532,18.030,18.533
-0.294,-8.981,-0.001,1.000,0.000,-0.000,0.019,0.036,0.034,14.389,0.034,14.573,14.405,14.589,0.885,0.048,-0.014,-0.019,0.001,0.093,0.618,0.568,18.061,0.533,18.567,18.062,18.566
-0.285,-8.981,-0.001,1.000,0.000,-0.000,0.020,0.040,0.038,14.570,0.038,14.759,14.586,14.775,0.883,0.051,-0.009,-0.019,0.001,0.102,0.032,0.145,18.077,0.123,18.604,18.076,18.603
-0.277,-8.980,-0.001,1.000,0.000,-0.000,0.020,0.037,0.037,14.751,0.037,14.945,14.767,14.961,0.882,0.052,-0.005,-0.017,0.000,0.107,-0.427,-0.281,18.090,-0.264,18.629,18.091,18.631
-0.268,-8.980,-0.001,1.000,0.000,-0.000,0.021,0.033,0.034,14.932,0.034,15.131,14.948,15.148,0.882,0.053,-0.002,-0.015,-0.000,0.106,-0.286,-0.221,18.113,-0.217,18.640,18.114,18.641
-0.259,-8.979,-0.001,1.000,0.000,-0.000,0.022,0.032,0.033,15.113,0.033,15.318,15.129,15.334,0.882,0.053,0.001,-0.011,-0.001,0.102,-0.018,-0.053,18.140,-0.050,18.644,18.139,18.643
-0.250,-8.979,-0.001,1.000,-0.000,-0.000,0.022,0.033,0.033,15.294,0.033,15.504,15.310,15.520,0.882,0.054,0.002,-0.007,-0.001,0.100,0.148,0.070,18.164,0.081,18.650,18.160,18.646
-0.241,-8.978,-0.001,1.000,-0.000,-0.000,0.023,0.034,0.034,15.476,0.034,15.691,15.492,15.707,0.883,0.055,0.003,-0.002,-0.001,0.100,0.092,0.058,18.181,0.049,18.659,18.178,18.657
-0.232,-8.978,-0.001,1.000,-0.000,-0.000,0.023,0.034,0.034,15.658,0.034,15.877,15.674,15.894,0.884,0.056,0.002,0.001,-0.001,0.101,0.023,0.024,18.195,0.017,18.673,18.193,18.672
-0.224,-8.977,-0.001,1.000,-0.000,-0.000,0.024,0.035,0.034,15.840,0.034,16.064,15.856,16.080,0.885,0.057,0.002,0.002,-0.000,0.101,-0.009,0.009,18.211,0.003,18.691,18.209,18.690
-0.215,-8.977,-0.001,1.000,-0.000,-0.000,0.024,0.034,0.034,16.022,0.034,16.251,16.038,16.267,0.886,0.058,0.001,0.001,-0.000,0.102,-0.018,0.002,18.229,-0.002,18.711,18.228,18.710
-0.206,-8.976,-0.001,1.000,-0.000,-0.000,0.025,0.034,0.034,16.205,0.034,16.438,16.221,16.455,0.887,0.059,0.001,-0.002,0.000,0.102,-0.014,0.000,18.250,-0.004,18.732,18.249,18.731
-0.197,-8.975,-0.001,1.000,-0.000,-0.000,0.025,0.034,0.034,16.387,0.034,16.626,16.403,16.642,0.888,0.060,0.002,-0.007,0.001,0.102,-0.008,-0.000,18.272,-0.005,18.752,18.271,18.751
-0.188,-8.975,-0.001,1.000,-0.000,-0.000,0.026,0.034,0.034,16.570,0.034,16.813,16.586,16.830,0.890,0.061,0.004,-0.013,0.001,0.102,-0.002,-0.001,18.295,-0.005,18.769,18.293,18.768
-0.179,-8.974,-0.001,1.000,-0.000,-0.000,0.026,0.034,0.034,16.753,0.034,17.001,16.769,17.017,0.891,0.062,0.006,-0.018,0.001,0.103,0.000,-0.001,18.317,-0.005,18.781,18.315,18.779
-0.170,-8.974,-0.001,1.000,-0.000,-0.000,0.027,0.034,0.034,16.936,0.034,17.189,16.952,17.205,0.893,0.063,0.010,-0.022,0.001,0.103,0.001,-0.001,18.337,-0.005,18.787,18.333,18.784
-0.161,-8.973,-0.001,1.000,-0.000,-0.000,0.027,0.034,0.034,17.120,0.034,17.377,17.136,17.393,0.895,0.064,0.014,-0.024,0.000,0.103,0.000,-0.002,18.353,-0.004,18.786,18.348,18.781
-0.152,-8.972,-0.001,1.000,-0.001,-0.000,0.028,0.034,0.034,17.303,0.034,17.565,17.319,17.581,0.897,0.065,0.018,-0.023,0.000,0.103,-0.000,-0.002,18.363,-0.004,18.778,18.358,18.771
-0.143,-8.972,-0.001,1.000,-0.001,-0.000,0.028,0.034,0.034,17.487,0.034,17.752,17.503,17.768,0.900,0.066,0.021,-0.019,-0.001,0.104,-0.001,-0.002,18.367,-0.004,18.763,18.361,18.756
-0.134,-8.971,-0.000,1.000,-0.001,-0.000,0.029,0.034,0.034,17.671,0.034,17.940,17.686,17.956,0.903,0.067,0.023,-0.011,-0.001,0.104,-0.001,-0.002,18.365,-0.004,18.746,18.358,18.738
-0.125,-8.970,-0.000,1.000,-0.001,-0.000,0.029,0.034,0.034,17.854,0.034,18.127,17.870,18.143,0.906,0.068,0.024,-0.001,-0.002,0.104,-0.001,-0.002,18.357,-0.004,18.727,18.350,18.720
-0.116,-8.970,0.000,1.000,-0.001,-0.000,0.030,0.034,0.034,18.038,0.034,18.314,18.053,18.330,0.910,0.070,0.023,0.011,-0.002,0.104,-0.001,-0.002,18.344,-0.003,18.711,18.337,18.705
-0.107,-8.969,0.000,1.000,-0.001,-0.000,0.030,0.034,0.034,18.221,0.034,18.502,18.237,18.517,0.913,0.071,0.020,0.024,-0.002,0.104,-0.000,-0.001,18.328,-0.003,18.700,18.322,18.696
-0.098,-8.968,0.000,1.000,-0.000,-0.000,0.031,0.034,0.034,18.404,0.034,18.689,18.420,18.704,0.916,0.072,0.015,0.035,-0.002,0.104,-0.000,-0.001,18.311,-0.002,18.697,18.306,18.695
-0.089,-8.968,0.001,1.000,-0.000,-0.000,0.031,0.034,0.034,18.587,0.034,18.876,18.603,18.891,0.918,0.073,0.009,0.044,-0.002,0.104,0.000,-0.000,18.295,-0.001,18.704,18.292,18.704
-0.080,-8.967,0.001,0.999,-0.000,-0.000,0.032,0.034,0.034,18.770,0.034,19.063,18.786,19.078,0.920,0.074,0.002,0.049,-0.001,0.104,0.000,0.000,18.282,-0.001,18.721,18.282,18.723
-0.070,-8.966,0.001,0.999,0.000,-0.000,0.032,0.034,0.034,18.953,0.034,19.250,18.968,19.266,0.921,0.075,-0.005,0.051,-0.001,0.104,0.001,0.001,18.275,-0.000,18.749,18.276,18.753
-0.061,-8.965,0.001,0.999,0.000,-0.000,0.033,0.034,0.034,19.136,0.034,19.438,19.151,19.453,0.921,0.076,-0.012,0.048,0.000,0.104,0.001,0.002,18.274,0.000,18.785,18.277,18.791
-0.052,-8.965,0.000,0.999,0.001,-0.000,0.033,0.034,0.034,19.319,0.034,19.626,19.334,19.642,0.920,0.077,-0.018,0.041,0.001,0.103,0.001,0.002,18.280,0.001,18.828,18.284,18.835
-0.043,-8.964,0.000,0.999,0.001,-0.000,0.034,0.034,0.034,19.502,0.034,19.814,19.517,19.830,0.919,0.078,-0.022,0.030,0.002,0.103,0.001,0.003,18.294,0.002,18.875,18.299,18.882
-0.034,-8.963,-0.000,0.999,0.001,-0.000,0.034,0.034,0.034,19.685,0.034,20.003,19.700,20.019,0.917,0.079,-0.025,0.017,0.003,0.103,0.001,0.004,18.314,0.003,18.923,18.319,18.930
-0.025,-8.962,-0.000,0.999,0.001,-0.000,0.035,0.034,0.034,19.868,0.034,20.193,19.883,20.209,0.915,0.079,-0.026,0.003,0.003,0.103,0.002,0.005,18.340,0.003,18.968,18.344,18.974
-0.015,-8.961,-0.001,0.999,0.001,-0.000,0.035,0.034,0.034,20.051,0.034,20.383,20.067,20.399,0.912,0.080,-0.025,-0.011,0.002,0.104,0.002,0.005,18.369,0.004,19.006,18.372,19.011
-0.006,-8.961,-0.001,0.999,0.001,-0.000,0.036,0.034,0.034,20.235,0.034,20.573,20.251,20.589,0.909,0.081,-0.022,-0.023,0.002,0.104,0.002,0.006,18.400,0.004,19.037,18.402,19.040
0.003,-8.960,-0.001,0.999,0.001,-0.000,0.036,0.034,0.034,20.419,0.034,20.763,20.435,20.779,0.906,0.082,-0.018,-0.032,0.002,0.104,0.002,0.006,18.430,0.005,19.058,18.431,19.059
0.012,-8.959,-0.001,0.999,0.001,-0.000,0.037,0.034,0.034,20.604,0.034,20.954,20.619,20.970,0.904,0.082,-0.014,-0.037,0.001,0.104,0.002,0.006,18.458,0.005,19.069,18.457,19.068
0.021,-8.958,-0.001,0.999,0.000,-0.000,0.037,0.034,0.034,20.788,0.034,21.145,20.804,21.161,0.902,0.083,-0.009,-0.037,0.001,0.105,0.001,0.006,18.482,0.004,19.072,18.480,19.069
0.030,-8.957,-0.001,0.999,0.000,-0.000,0.038,0.034,0.034,20.973,0.034,21.335,20.989,21.351,0.901,0.084,-0.005,-0.033,0.000,0.105,0.001,0.006,18.502,0.004,19.068,18.499,19.065
0.039,-8.956,-0.001,0.999,0.000,-0.000,0.039,0.034,0.034,21.159,0.034,21.526,21.174,21.542,0.899,0.085,-0.002,-0.026,-0.000,0.105,0.001,0.005,18.518,0.003,19.061,18.514,19.057
0.048,-8.956,-0.001,0.999,-0.000,-0.000,0.039,0.034,0.035,21.344,0.034,21.716,21.359,21.733,0.899,0.086,0.001,-0.017,-0.001,0.105,0.000,0.004,18.529,0.002,19.054,18.525,19.049
0.057,-8.955,-0.001,0.999,-0.000,-0.000,0.040,0.034,0.035,21.529,0.034,21.907,21.544,21.923,0.899,0.087,0.002,-0.009,-0.001,0.105,-0.000,0.003,18.538,0.001,19.048,18.533,19.043
0.066,-8.954,-0.001,0.999,-0.000,-0.000,0.040,0.034,0.035,21.715,0.034,22.097,21.730,22.113,0.899,0.088,0.002,-0.001,-0.001,0.105,-0.000,0.002,18.544,-0.000,19.045,18.540,19.041
0.075,-8.953,-0.001,0.999,-0.000,-0.000,0.041,0.034,0.035,21.900,0.034,22.288,21.915,22.304,0.899,0.089,0.002,0.003,-0.001,0.105,-0.001,0.001,18.550,-0.001,19.047,18.546,19.044
0.084,-8.952,-0.001,0.999,-0.000,-0.000,0.041,0.034,0.035,22.086,0.034,22.478,22.101,22.494,0.899,0.090,0.002,0.004,-0.001,0.105,-0.001,0.000,18.557,-0.002,19.052,18.554,19.049
0.093,-8.951,-0.001,0.999,-0.000,-0.000,0.042,0.034,0.035,22.271,0.034,22.669,22.286,22.685,0.900,0.091,0.002,0.001,-0.000,0.105,-0.001,-0.001,18.566,-0.003,19.060,18.563,19.058
0.102,-8.950,-0.001,0.999,-0.000,-0.000,0.042,0.034,0.035,22.457,0.034,22.860,22.472,22.875,0.900,0.092,0.002,-0.006,0.000,0.105,-0.001,-0.001,18.577,-0.004,19.069,18.574,19.066
0.111,-8.949,-0.001,0.999,-0.000,-0.000,0.043,0.034,0.035,22.643,0.034,23.050,22.658,23.066,0.901,0.093,0.003,-0.015,0.001,0.105,-0.001,-0.002,18.591,-0.004,19.075,18.588,19.073
0.120,-8.948,-0.001,0.999,-0.000,-0.000,0.043,0.034,0.035,22.829,0.034,23.241,22.844,23.257,0.902,0.094,0.005,-0.024,0.001,0.105,-0.001,-0.003,18.606,-0.004,19.078,18.603,19.074
0.129,-8.947,-0.001,0.999,-0.000,-0.000,0.044,0.034,0.035,23.015,0.034,23.432,23.030,23.448,0.903,0.095,0.008,-0.033,0.001,0.105,-0.001,-0.003,18.622,-0.004,19.074,18.618,19.069
0.138,-8.946,-0.001,0.999,-0.001,-0.000,0.044,0.034,0.035,23.201,0.034,23.623,23.216,23.638,0.905,0.096,0.011,-0.039,0.000,0.105,-0.001,-0.003,18.636,-0.004,19.062,18.631,19.056
0.147,-8.946,-0.001,0.999,-0.001,-0.000,0.045,0.034,0.034,23.387,0.034,23.813,23.403,23.829,0.906,0.097,0.015,-0.040,0.000,0.106,-0.001,-0.003,18.647,-0.004,19.043,18.641,19.036
0.156,-8.945,-0.001,0.999,-0.001,-0.000,0.045,0.034,0.034,23.574,0.034,24.003,23.589,24.019,0.909,0.098,0.019,-0.035,-0.000,0.106,-0.001,-0.003,18.653,-0.004,19.017,18.646,19.009
0.165,-8.944,-0.001,0.999,-0.001,-0.000,0.046,0.034,0.034,23.761,0.034,24.193,23.775,24.209,0.911,0.100,0.022,-0.026,-0.001,0.106,-0.001,-0.004,18.652,-0.004,18.988,18.644,18.980
0.174,-8.943,-0.000,0.999,-0.001,-0.000,0.046,0.034,0.034,23.947,0.034,24.383,23.962,24.399,0.914,0.101,0.023,-0.011,-0.002,0.106,-0.001,-0.004,18.643,-0.003,18.958,18.636,18.950
0.183,-8.942,-0.000,0.999,-0.001,-0.000,0.047,0.034,0.034,24.133,0.034,24.573,24.148,24.588,0.917,0.102,0.023,0.008,-0.002,0.106,-0.001,-0.004,18.628,-0.003,18.931,18.620,18.924
0.193,-8.941,0.000,0.999,-0.001,-0.000,0.047,0.034,0.034,24.320,0.033,24.762,24.334,24.777,0.919,0.103,0.021,0.028,-0.002,0.106,-0.001,-0.004,18.605,-0.003,18.910,18.598,18.904
0.202,-8.939,0.000,0.999,-0.001,-0.000,0.048,0.034,0.034,24.505,0.033,24.951,24.520,24.966,0.922,0.105,0.018,0.047,-0.002,0.105,-0.000,-0.003,18.579,-0.002,18.899,18.572,18.895
0.211,-8.938,0.000,0.999,-0.001,-0.000,0.049,0.034,0.034,24.691,0.033,25.140,24.706,25.155,0.924,0.106,0.012,0.063,-0.002,0.105,-0.000,-0.003,18.549,-0.001,18.899,18.545,18.898
0.220,-8.937,0.001,0.999,-0.000,-0.000,0.049,0.034,0.034,24.876,0.033,25.329,24.891,25.344,0.926,0.107,0.006,0.074,-0.001,0.105,-0.000,-0.003,18.520,-0.001,18.912,18.517,18.913
0.230,-8.936,0.001,0.999,0.000,-0.000,0.050,0.034,0.034,25.062,0.033,25.518,25.076,25.533,0.927,0.108,-0.001,0.079,-0.001,0.104,0.000,-0.002,18.494,-0.000,18.937,18.493,18.940
0.239,-8.935,0.001,0.999,0.000,-0.000,0.050,0.034,0.034,25.246,0.033,25.708,25.261,25.723,0.927,0.109,-0.008,0.077,0.000,0.104,0.000,-0.001,18.472,0.000,18.972,18.473,18.977
0.248,-8.934,0.000,0.999,0.001,-0.000,0.051,0.034,0.034,25.431,0.033,25.898,25.446,25.913,0.927,0.110,-0.014,0.069,0.001,0.104,0.000,-0.000,18.458,0.001,19.015,18.460,19.021
0.257,-8.933,0.000,0.999,0.001,-0.000,0.051,0.034,0.034,25.616,0.033,26.088,25.630,26.103,0.925,0.111,-0.020,0.054,0.002,0.104,0.001,0.000,18.452,0.002,19.063,18.455,19.070
0.267,-8.932,0.000,0.999,0.001,-0.000,0.052,0.034,0.034,25.800,0.033,26.279,25.815,26.294,0.923,0.111,-0.023,0.035,0.002,0.104,0.001,0.001,18.455,0.002,19.112,18.458,19.118
0.276,-8.931,-0.000,0.999,0.002,-0.000,0.052,0.034,0.034,25.985,0.034,26.470,25.999,26.486,0.921,0.112,-0.025,0.013,0.003,0.104,0.001,0.003,18.466,0.003,19.157,18.469,19.163
0.285,-8.930,-0.000,0.999,0.002,0.000,0.053,0.034,0.034,26.169,0.034,26.662,26.184,26.677,0.918,0.113,-0.025,-0.009,0.003,0.104,0.002,0.004,18.484,0.004,19.196,18.487,19.200
0.294,-8.929,-0.001,0.999,0.001,0.000,0.053,0.034,0.034,26.354,0.034,26.854,26.369,26.870,0.915,0.113,-0.023,-0.028,0.002,0.104,0.002,0.005,18.508,0.005,19.224,18.510,19.227
0.303,-8.927,-0.001,0.999,0.001,0.000,0.054,0.034,0.034,26.540,0.034,27.046,26.554,27.062,0.912,0.114,-0.020,-0.043,0.002,0.105,0.002,0.006,18.535,0.005,19.242,18.536,19.243
0.312,-8.926,-0.001,0.999,0.001,0.000,0.054,0.034,0.034,26.725,0.034,27.239,26.740,27.254,0.909,0.115,-0.016,-0.052,0.001,0.105,0.002,0.006,18.563,0.005,19.248,18.563,19.247
0.322,-8.925,-0.001,0.998,0.001,-0.000,0.055,0.034,0.034,26.911,0.034,27.431,26.926,27.447,0.907,0.115,-0.011,-0.055,0.001,0.106,0.001,0.006,18.590,0.005,19.245,18.589,19.242
0.331,-8.924,-0.001,0.998,0.000,-0.000,0.055,0.034,0.035,27.097,0.034,27.624,27.112,27.639,0.905,0.116,-0.007,-0.051,0.000,0.106,0.001,0.006,18.614,0.005,19.234,18.611,19.230
0.340,-8.923,-0.001,0.998,0.000,-0.000,0.056,0.034,0.035,27.283,0.034,27.816,27.298,27.831,0.903,0.117,-0.004,-0.042,-0.000,0.106,0.001,0.005,18.634,0.004,19.219,18.630,19.214
0.349,-8.922,-0.001,0.998,0.000,-0.000,0.056,0.034,0.035,27.470,0.034,28.008,27.484,28.024,0.902,0.118,-0.001,-0.030,-0.001,0.106,0.000,0.005,18.649,0.003,19.203,18.644,19.197
0.358,-8.920,-0.001,0.998,-0.000,-0.000,0.057,0.034,0.035,27.656,0.034,28.200,27.671,28.215,0.902,0.119,0.001,-0.017,-0.001,0.106,-0.000,0.004,18.659,0.002,19.189,18.654,19.183
0.367,-8.919,-0.001,0.998,-0.000,-0.000,0.057,0.034,0.035,27.843,0.034,28.392,27.857,28.407,0.901,0.120,0.002,-0.006,-0.001,0.106,-0.000,0.003,18.666,0.000,19.178,18.661,19.173
0.376,-8.918,-0.001,0.998,-0.000,-0.000,0.058,0.034,0.035,28.029,0.034,28.584,28.044,28.599,0.901,0.121,0.002,0.002,-0.001,0.106,-0.001,0.002,18.670,-0.001,19.173,18.665,19.169
0.385,-8.917,-0.001,0.998,-0.000,-0.000,0.059,0.034,0.035,28.216,0.034,28.775,28.230,28.791,0.901,0.122,0.002,0.005,-0.001,0.106,-0.001,0.001,18.674,-0.002,19.172,18.669,19.169
0.394,-8.916,-0.001,0.998,-0.000,-0.000,0.059,0.034,0.035,28.403,0.034,28.967,28.417,28.982,0.901,0.123,0.002,0.003,-0.000,0.106,-0.001,-0.000,18.678,-0.003,19.175,18.674,19.172
0.403,-8.914,-0.001,0.998,-0.000,-0.000,0.060,0.034,0.035,28.590,0.034,29.159,28.604,29.174,0.902,0.124,0.002,-0.005,0.000,0.106,-0.001,-0.001,18.685,-0.004,19.179,18.682,19.175
0.412,-8.913,-0.001,0.998,-0.000,-0.000,0.060,0.034,0.035,28.777,0.034,29.351,28.791,29.366,0.902,0.125,0.003,-0.016,0.000,0.106,-0.001,-0.002,18.695,-0.004,19.180,18.692,19.177
0.421,-8.912,-0.001,0.998,-0.000,-0.000,0.061,0.034,0.035,28.964,0.034,29.542,28.978,29.558,0.903,0.126,0.005,-0.029,0.001,0.106,-0.001,-0.002,18.707,-0.004,19.178,18.704,19.173
0.430,-8.911,-0.001,0.998,-0.000,-0.000,0.061,0.034,0.035,29.151,0.034,29.734,29.165,29.749,0.904,0.127,0.007,-0.042,0.001,0.106,-0.001,-0.003,18.723,-0.004,19.168,18.719,19.163
0.439,-8.909,-0.001,0.998,-0.001,-0.000,0.062,0.034,0.035,29.338,0.034,29.926,29.352,29.941,0.905,0.128,0.011,-0.051,0.000,0.106,-0.001,-0.003,18.738,-0.004,19.150,18.734,19.144
0.448,-8.908,-0.001,0.998,-0.001,-0.000,0.062,0.034,0.035,29.525,0.034,30.117,29.540,30.132,0.907,0.129,0.014,-0.054,0.000,0.107,-0.001,-0.003,18.752,-0.004,19.125,18.747,19.118
0.457,-8.907,-0.001,0.998,-0.001,-0.000,0.063,0.034,0.035,29.713,0.034,30.308,29.727,30.323,0.909,0.130,0.018,-0.051,-0.000,0.107,-0.001,-0.003,18.763,-0.004,19.093,18.757,19.085
0.466,-8.905,-0.001,0.998,-0.001,-0.000,0.063,0.034,0.035,29.901,0.034,30.499,29.915,30.514,0.911,0.132,0.020,-0.039,-0.001,0.107,-0.001,-0.004,18.767,-0.003,19.057,18.760,19.048
0.475,-8.904,-0.000,0.998,-0.002,-0.000,0.064,0.034,0.034,30.088,0.034,30.689,30.102,30.704,0.913,0.133,0.022,-0.021,-0.001,0.107,-0.001,-0.004,18.763,-0.003,19.021,18.756,19.012
0.484,-8.903,-0.000,0.998,-0.002,-0.000,0.064,0.034,0.034,30.276,0.034,30.879,30.290,30.894,0.916,0.135,0.022,0.003,-0.002,0.107,-0.001,-0.004,18.750,-0.003,18.989,18.743,18.981
0.494,-8.901,0.000,0.998,-0.002,-0.000,0.065,0.034,0.034,30.463,0.033,31.069,30.477,31.084,0.918,0.136,0.021,0.030,-0.002,0.106,-0.001,-0.004,18.729,-0.002,18.964,18.722,18.958
0.503,-8.900,0.000,0.998,-0.001,-0.000,0.065,0.034,0.034,30.650,0.033,31.259,30.664,31.273,0.921,0.137,0.018,0.056,-0.002,0.106,-0.001,-0.004,18.699,-0.002,18.951,18.693,18.947
0.512,-8.899,0.000,0.998,-0.001,-0.000,0.066,0.034,0.034,30.837,0.033,31.448,30.851,31.463,0.923,0.139,0.013,0.079,-0.002,0.105,-0.000,-0.004,18.664,-0.001,18.952,18.659,18.950
0.521,-8.897,0.001,0.998,-0.001,-0.000,0.066,0.034,0.034,31.024,0.033,31.638,31.037,31.652,0.925,0.140,0.007,0.096,-0.002,0.105,-0.000,-0.004,18.626,-0.001,18.966,18.622,18.966
0.530,-8.896,0.001,0.998,-0.000,-0.000,0.067,0.034,0.034,31.210,0.033,31.828,31.223,31.842,0.926,0.141,0.001,0.104,-0.001,0.104,-0.000,-0.003,18.588,-0.000,18.994,18.586,18.996
0.540,-8.894,0.001,0.998,0.000,-0.000,0.067,0.034,0.034,31.396,0.033,32.018,31.409,32.032,0.926,0.142,-0.006,0.104,0.000,0.104,-0.000,-0.003,18.553,0.000,19.034,18.552,19.038
0.549,-8.893,0.000,0.998,0.001,-0.000,0.068,0.034,0.034,31.581,0.033,32.208,31.594,32.223,0.925,0.143,-0.012,0.095,0.001,0.103,0.000,-0.002,18.524,0.001,19.082,18.525,19.087
0.558,-8.892,0.000,0.998,0.001,-0.000,0.068,-0.027,-0.014,31.767,-0.013,32.399,31.780,32.414,0.924,0.133,-0.017,0.066,0.003,0.052,-9.813,-8.007,18.693,-7.750,19.084,18.573,19.018
0.567,-8.890,0.000,0.998,0.002,0.000,0.068,-0.109,-0.087,31.955,-0.085,32.589,31.967,32.603,0.925,0.111,-0.021,0.025,0.002,-0.082,-5.036,-5.149,18.926,-5.252,18.857,18.830,18.797
0.577,-8.889,-0.000,0.998,0.002,0.000,0.068,-0.109,-0.099,32.145,-0.094,32.776,32.156,32.789,0.926,0.094,-0.024,-0.001,0.001,-0.193,4.456,2.507,19.104,3.180,18.637,19.089,18.594
0.586,-8.888,-0.000,0.998,0.002,0.000,0.067,-0.045,-0.052,32.337,-0.041,32.963,32.348,32.975,0.923,0.094,-0.024,-0.009,0.001,-0.192,6.773,5.446,19.128,6.089,18.627,19.158,18.594
0.595,-8.887,-0.001,0.998,0.002,0.000,0.066,-0.005,-0.016,32.528,-0.001,33.149,32.539,33.162,0.919,0.104,-0.023,-0.017,0.001,-0.122,0.727,1.232,19.059,1.344,18.743,19.071,18.734
0.604,-8.886,-0.001,0.998,0.001,0.000,0.065,-0.030,-0.032,32.718,-0.018,33.337,32.729,33.350,0.916,0.107,-0.020,-0.040,0.001,-0.088,-4.923,-3.766,19.038,-4.051,18.796,19.026,18.826
0.613,-8.885,-0.001,0.998,0.001,0.000,0.065,-0.078,-0.072,32.909,-0.062,33.525,32.920,33.538,0.914,0.099,-0.017,-0.066,0.001,-0.127,-3.605,-3.257,19.132,-3.742,18.733,19.117,18.761
0.623,-8.884,-0.001,0.998,0.001,0.000,0.064,-0.088,-0.084,33.101,-0.077,33.712,33.112,33.725,0.912,0.088,-0.013,-0.077,0.001,-0.185,1.576,0.701,19.281,0.710,18.651,19.251,18.614
0.632,-8.884,-0.001,0.998,0.000,-0.000,0.063,-0.057,-0.062,33.294,-0.054,33.898,33.305,33.910,0.910,0.085,-0.009,-0.066,0.000,-0.196,3.806,3.044,19.355,3.199,18.626,19.308,18.543
0.641,-8.883,-0.001,0.998,0.000,-0.000,0.062,-0.030,-0.038,33.487,-0.029,34.085,33.498,34.096,0.908,0.090,-0.005,-0.045,-0.001,-0.158,1.163,1.348,19.311,1.375,18.644,19.279,18.593
0.650,-8.882,-0.001,0.998,-0.000,-0.000,0.061,-0.037,-0.040,33.680,-0.032,34.271,33.690,34.282,0.907,0.094,-0.002,-0.030,-0.001,-0.125,-2.171,-1.471,19.241,-1.703,18.646,19.246,18.660
0.659,-8.881,-0.001,0.998,-0.000,-0.000,0.061,-0.062,-0.059,33.873,-0.054,34.457,33.883,34.469,0.907,0.090,0.000,-0.022,-0.001,-0.136,-2.286,-1.885,19.256,-2.232,18.608,19.272,18.639
0.668,-8.880,-0.001,0.998,-0.000,-0.000,0.060,-0.073,-0.070,34.066,-0.068,34.643,34.076,34.655,0.907,0.083,0.002,-0.014,-0.000,-0.170,0.138,-0.112,19.345,-0.271,18.559,19.329,18.547
0.677,-8.879,-0.001,0.998,-0.000,-0.000,0.059,-0.061,-0.062,34.259,-0.060,34.829,34.269,34.840,0.906,0.079,0.002,-0.002,-0.000,-0.186,1.893,1.364,19.408,1.489,18.540,19.359,18.486
0.686,-8.878,-0.001,0.998,-0.000,-0.000,0.058,-0.045,-0.049,34.453,-0.046,35.014,34.463,35.025,0.907,0.081,0.002,0.008,-0.001,-0.172,1.013,0.953,19.388,1.000,18.552,19.345,18.506
0.695,-8.878,-0.001,0.998,-0.000,-0.000,0.057,-0.044,-0.046,34.647,-0.043,35.200,34.656,35.210,0.907,0.082,0.002,0.009,-0.001,-0.153,-0.678,-0.367,19.335,-0.407,18.573,19.322,18.558
0.704,-8.877,-0.001,0.998,-0.000,-0.000,0.057,-0.055,-0.054,34.840,-0.052,35.385,34.849,35.396,0.908,0.081,0.002,0.000,-0.000,-0.151,-1.186,-0.926,19.321,-1.069,18.578,19.324,18.577
0.713,-8.876,-0.001,0.998,-0.000,-0.000,0.056,-0.062,-0.061,35.034,-0.060,35.571,35.043,35.582,0.909,0.077,0.003,-0.013,0.000,-0.165,-0.296,-0.370,19.361,-0.428,18.565,19.352,18.552
0.722,-8.875,-0.001,0.998,-0.000,-0.000,0.055,-0.060,-0.060,35.227,-0.060,35.757,35.237,35.767,0.910,0.074,0.004,-0.024,0.001,-0.177,0.608,0.347,19.408,0.394,18.547,19.383,18.521
0.732,-8.874,-0.001,0.999,-0.000,-0.000,0.054,-0.054,-0.056,35.422,-0.055,35.942,35.430,35.952,0.911,0.073,0.006,-0.033,0.001,-0.176,0.570,0.471,19.427,0.473,18.539,19.398,18.511
0.741,-8.874,-0.001,0.999,-0.001,-0.000,0.053,-0.050,-0.053,35.616,-0.051,36.128,35.624,36.137,0.912,0.073,0.009,-0.040,0.000,-0.169,0.046,0.131,19.424,0.131,18.537,19.401,18.512
0.750,-8.873,-0.001,0.999,-0.001,-0.000,0.053,-0.052,-0.053,35.810,-0.052,36.313,35.818,36.322,0.914,0.072,0.013,-0.043,0.000,-0.163,-0.328,-0.186,19.421,-0.217,18.529,19.402,18.506
0.759,-8.872,-0.001,0.999,-0.001,-0.000,0.052,-0.055,-0.055,36.004,-0.055,36.498,36.013,36.507,0.915,0.071,0.017,-0.040,-0.000,-0.164,-0.234,-0.159,19.427,-0.215,18.503,19.408,18.479
0.768,-8.872,-0.001,0.999,-0.001,-0.000,0.051,-0.057,-0.056,36.199,-0.056,36.683,36.207,36.692,0.918,0.069,0.020,-0.031,-0.000,-0.169,-0.039,-0.049,19.434,-0.081,18.466,19.414,18.442
0.777,-8.871,-0.000,0.999,-0.001,-0.000,0.050,-0.056,-0.056,36.393,-0.056,36.867,36.401,36.876,0.920,0.067,0.022,-0.016,-0.001,-0.172,0.055,0.015,19.432,-0.013,18.428,19.411,18.404
0.787,-8.870,-0.000,0.999,-0.001,-0.000,0.049,-0.056,-0.056,36.587,-0.056,37.051,36.595,37.060,0.923,0.065,0.023,0.004,-0.001,-0.174,0.059,0.028,19.419,0.001,18.395,19.397,18.371
0.796,-8.870,0.000,0.999,-0.001,-0.000,0.048,-0.055,-0.056,36.781,-0.056,37.235,36.789,37.243,0.926,0.064,0.023,0.024,-0.001,-0.175,0.037,0.020,19.396,0.001,18.370,19.374,18.347
0.805,-8.869,0.000,0.999,-0.001,-0.000,0.047,-0.055,-0.056,36.975,-0.056,37.419,36.982,37.427,0.929,0.063,0.020,0.044,-0.001,-0.176,0.017,0.013,19.365,-0.000,18.354,19.345,18.332
0.814,-8.868,0.000,0.999,-0.001,-0.000,0.047,-0.055,-0.055,37.169,-0.056,37.602,37.176,37.610,0.932,0.061,0.016,0.060,-0.001,-0.177,0.004,0.009,19.331,-0.001,18.349,19.312,18.329
0.824,-8.868,0.001,0.999,-0.001,-0.000,0.046,-0.055,-0.055,37.362,-0.056,37.786,37.369,37.793,0.934,0.059,0.010,0.070,-0.001,-0.178,-0.001,0.007,19.297,-0.001,18.356,19.278,18.337
0.833,-8.867,0.001,0.999,-0.000,-0.000,0.045,-0.055,-0.055,37.555,-0.056,37.970,37.561,37.977,0.935,0.058,0.003,0.075,-0.000,-0.178,-0.002,0.007,19.265,-0.000,18.374,19.248,18.356
0.842,-8.867,0.001,0.999,0.000,-0.000,0.044,-0.055,-0.055,37.747,-0.056,38.153,37.753,38.161,0.936,0.056,-0.004,0.072,0.001,-0.179,-0.001,0.008,19.240,0.000,18.402,19.223,18.385
0.852,-8.866,0.001,0.999,0.001,-0.000,0.043,-0.055,-0.055,37.939,-0.056,38.338,37.946,38.345,0.936,0.054,-0.011,0.064,0.001,-0.179,0.001,0.009,19.223,0.001,18.439,19.206,18.422
0.861,-8.866,0.000,0.999,0.001,-0.000,0.042,-0.055,-0.055,38.132,-0.056,38.522,38.138,38.529,0.936,0.053,-0.017,0.050,0.002,-0.178,0.002,0.009,19.215,0.002,18.480,19.198,18.464
0.870,-8.865,0.000,0.999,0.001,-0.000,0.041,-0.055,-0.055,38.324,-0.056,38.707,38.330,38.714,0.934,0.051,-0.022,0.032,0.002,-0.177,0.003,0.010,19.217,0.003,18.524,19.200,18.507
0.880,-8.865,-0.000,0.999,0.001,-0.000,0.040,-0.055,-0.055,38.516,-0.056,38.893,38.522,38.899,0.932,0.049,-0.025,0.013,0.002,-0.176,0.004,0.011,19.229,0.004,18.566,19.212,18.548
0.889,-8.864,-0.000,0.999,0.001,-0.000,0.039,-0.055,-0.055,38.708,-0.056,39.079,38.714,39.085,0.929,0.047,-0.026,-0.006,0.002,-0.175,0.004,0.012,19.249,0.005,18.603,19.230,18.584
0.898,-8.864,-0.001,0.999,0.001,-0.000,0.039,-0.055,-0.055,38.901,-0.056,39.265,38.906,39.271,0.927,0.046,-0.025,-0.022,0.001,-0.174,0.004,0.012,19.273,0.005,18.632,19.254,18.611
0.908,-8.863,-0.001,0.999,0.001,-0.000,0.038,-0.055,-0.055,39.094,-0.056,39.451,39.099,39.457,0.924,0.044,-0.022,-0.034,0.001,-0.173,0.004,0.012,19.301,0.006,18.652,19.280,18.630
0.917,-8.863,-0.001,0.999,0.001,-0.000,0.037,-0.055,-0.054,39.287,-0.056,39.638,39.292,39.643,0.921,0.042,-0.018,-0.042,0.000,-0.171,0.004,0.011,19.328,0.006,18.661,19.306,18.638
0.926,-8.862,-0.001,0.999,0.001,-0.000,0.036,-0.055,-0.054,39.480,-0.056,39.824,39.485,39.830,0.918,0.041,-0.014,-0.044,-0.000,-0.170,0.003,0.011,19.352,0.006,18.661,19.330,18.637
0.935,-8.862,-0.001,0.999,0.000,-0.000,0.035,-0.055,-0.054,39.674,-0.056,40.011,39.678,40.016,0.916,0.039,-0.009,-0.041,-0.000,-0.169,0.003,0.010,19.371,0.006,18.653,19.349,18.629
0.944,-8.862,-0.001,0.999,0.000,-0.000,0.034,-0.055,-0.054,39.868,-0.056,40.197,39.872,40.202,0.914,0.038,-0.005,-0.034,-0.001,-0.168,0.002,0.008,19.386,0.005,18.640,19.363,18.616
0.954,-8.861,-0.001,0.999,-0.000,-0.000,0.033,-0.055,-0.054,40.062,-0.056,40.384,40.066,40.388,0.913,0.036,-0.002,-0.025,-0.001,-0.168,0.001,0.007,19.394,0.004,18.625,19.372,18.601
0.963,-8.861,-0.001,0.999,-0.000,-0.000,0.033,-0.055,-0.054,40.256,-0.056,40.570,40.259,40.574,0.912,0.035,0.001,-0.015,-0.001,-0.168,0.001,0.006,19.399,0.003,18.610,19.377,18.586
0.972,-8.860,-0.001,0.999,-0.000,-0.000,0.032,-0.055,-0.054,40.450,-0.056,40.756,40.453,40.760,0.912,0.033,0.002,-0.006,-0.001,-0.168,0.000,0.004,19.400,0.002,18.598,19.378,18.575
0.981,-8.860,-0.001,1.000,-0.000,-0.000,0.031,-0.055,-0.054,40.644,-0.056,40.942,40.647,40.946,0.912,0.032,0.003,0.000,-0.001,-0.168,-0.000,0.003,19.400,0.001,18.591,19.379,18.568
0.990,-8.860,-0.001,1.000,-0.000,-0.000,0.030,-0.055,-0.054,40.838,-0.056,41.128,40.841,41.132,0.912,0.030,0.002,0.004,-0.001,-0.168,-0.000,0.002,19.400,-0.000,18.587,19.379,18.565
0.999,-8.860,-0.001,1.000,-0.000,-0.000,0.029,-0.055,-0.054,41.032,-0.056,41.314,41.035,41.317,0.912,0.028,0.002,0.004,-0.000,-0.168,-0.001,0.001,19.402,-0.001,18.589,19.382,18.567
1.008,-8.859,-0.001,1.000,-0.000,-0.000,0.028,-0.055,-0.054,41.226,-0.056,41.500,41.228,41.503,0.913,0.027,0.001,0.001,-0.000,-0.168,-0.001,-0.000,19.406,-0.002,18.592,19.387,18.571
1.017,-8.859,-0.001,1.000,-0.000,-0.000,0.028,-0.055,-0.054,41.420,-0.056,41.686,41.422,41.689,0.913,0.025,0.002,-0.004,0.000,-0.169,-0.001,-0.001,19.413,-0.002,18.597,19.394,18.576
1.027,-8.859,-0.001,1.000,-0.000,-0.000,0.027,-0.055,-0.054,41.614,-0.056,41.872,41.616,41.874,0.914,0.024,0.003,-0.009,0.000,-0.169,-0.001,-0.002,19.422,-0.003,18.601,19.403,18.580
1.036,-8.859,-0.001,1.000,-0.000,-0.000,0.026,-0.055,-0.054,41.808,-0.056,42.058,41.810,42.060,0.915,0.022,0.005,-0.015,0.000,-0.169,-0.001,-0.002,19.431,-0.003,18.602,19.412,18.580
1.045,-8.858,-0.001,1.000,-0.000,-0.000,0.025,-0.055,-0.054,42.003,-0.056,42.244,42.005,42.246,0.916,0.021,0.008,-0.018,0.000,-0.169,-0.001,-0.003,19.439,-0.003,18.597,19.419,18.575
1.054,-8.858,-0.001,1.000,-0.000,-0.000,0.024,-0.055,-0.054,42.197,-0.056,42.429,42.199,42.432,0.917,0.019,0.012,-0.020,-0.000,-0.169,-0.001,-0.003,19.442,-0.004,18.586,19.423,18.564
1.063,-8.858,-0.001,1.000,-0.001,-0.000,0.023,-0.055,-0.054,42.391,-0.056,42.615,42.393,42.617,0.919,0.018,0.016,-0.018,-0.001,-0.170,-0.001,-0.003,19.440,-0.004,18.569,19.420,18.547
1.072,-8.858,-0.001,1.000,-0.001,-0.000,0.022,-0.055,-0.054,42.586,-0.056,42.801,42.587,42.803,0.921,0.016,0.020,-0.013,-0.001,-0.170,-0.001,-0.003,19.431,-0.004,18.546,19.412,18.524
1.082,-8.858,-0.001,1.000,-0.001,-0.000,0.022,-0.055,-0.054,42.780,-0.056,42.986,42.781,42.988,0.924,0.015,0.023,-0.006,-0.001,-0.171,-0.001,-0.003,19.415,-0.003,18.519,19.396,18.498
1.091,-8.857,-0.000,1.000,-0.001,-0.000,0.021,-0.055,-0.054,42.974,-0.056,43.171,42.975,43.173,0.926,0.013,0.024,0.003,-0.001,-0.172,-0.001,-0.003,19.392,-0.003,18.491,19.373,18.471
1.100,-8.857,-0.000,1.000,-0.001,-0.000,0.020,-0.055,-0.054,43.168,-0.056,43.356,43.169,43.357,0.929,0.012,0.024,0.012,-0.001,-0.173,-0.001,-0.003,19.364,-0.003,18.465,19.346,18.445
1.109,-8.857,0.000,1.000,-0.001,-0.000,0.019,-0.055,-0.054,43.361,-0.056,43.541,43.362,43.542,0.932,0.010,0.022,0.020,-0.001,-0.173,-0.000,-0.002,19.335,-0.002,18.443,19.317,18.424
1.119,-8.857,0.000,1.000,-0.000,-0.000,0.018,-0.055,-0.054,43.555,-0.056,43.725,43.555,43.726,0.935,0.009,0.017,0.026,-0.001,-0.174,-0.000,-0.002,19.305,-0.002,18.427,19.289,18.409
1.128,-8.857,0.001,1.000,-0.000,-0.000,0.017,-0.055,-0.054,43.747,-0.056,43.909,43.748,43.910,0.937,0.007,0.012,0.030,-0.000,-0.175,0.000,-0.001,19.280,-0.001,18.419,19.264,18.402
1.137,-8.857,0.001,1.000,-0.000,-0.000,0.016,-0.055,-0.054,43.940,-0.056,44.093,43.940,44.094,0.939,0.005,0.005,0.030,0.001,-0.175,0.001,0.000,19.260,0.000,18.421,19.245,18.404
1.147,-8.857,0.001,1.000,0.000,-0.000,0.016,-0.055,-0.054,44.133,-0.056,44.278,44.133,44.278,0.940,0.003,-0.003,0.028,0.001,-0.175,0.001,0.001,19.249,0.001,18.431,19.233,18.414
1.156,-8.857,0.001,1.000,0.000,-0.000,0.015,-0.055,-0.054,44.325,-0.056,44.462,44.325,44.462,0.940,0.002,-0.011,0.023,0.002,-0.175,0.001,0.002,19.246,0.002,18.449,19.231,18.432
1.166,-8.857,0.000,1.000,0.000,-0.000,0.014,-0.055,-0.054,44.518,-0.056,44.647,44.517,44.646,0.939,-0.000,-0.017,0.017,0.003,-0.175,0.002,0.003,19.254,0.003,18.474,19.237,18.457
1.175,-8.857,0.000,1.000,0.000,-0.000,0.013,-0.055,-0.054,44.710,-0.056,44.831,44.710,44.831,0.937,-0.002,-0.022,0.009,0.003,-0.175,0.002,0.004,19.269,0.004,18.504,19.252,18.485
1.184,-8.857,-0.000,1.000,0.000,-0.000,0.012,-0.055,-0.054,44.903,-0.056,45.017,44.902,45.016,0.935,-0.003,-0.026,0.002,0.003,-0.174,0.002,0.005,19.292,0.005,18.536,19.273,18.516
1.194,-8.857,-0.000,1.000,0.000,-0.000,0.011,-0.055,-0.054,45.096,-0.056,45.202,45.095,45.202,0.932,-0.005,-0.027,-0.005,0.002,-0.173,0.002,0.006,19.319,0.005,18.567,19.299,18.545
1.203,-8.857,-0.001,1.000,0.000,-0.000,0.010,-0.055,-0.054,45.289,-0.056,45.388,45.288,45.387,0.929,-0.006,-0.026,-0.010,0.002,-0.172,0.002,0.006,19.347,0.005,18.595,19.326,18.571
1.212,-8.857,-0.001,1.000,0.000,-0.000,0.009,-0.055,-0.054,45.483,-0.056,45.574,45.482,45.573,0.926,-0.008,-0.023,-0.013,0.001,-0.171,0.002,0.007,19.374,0.006,18.617,19.351,18.592
1.222,-8.857,-0.001,1.000,0.000,-0.000,0.009,-0.055,-0.054,45.677,-0.056,45.760,45.675,45.759,0.923,-0.010,-0.020,-0.015,0.000,-0.170,0.001,0.006,19.396,0.005,18.632,19.372,18.607
1.231,-8.857,-0.001,1.000,0.000,-0.000,0.008,-0.055,-0.054,45.871,-0.056,45.947,45.869,45.945,0.920,-0.011,-0.015,-0.014,-0.000,-0.169,0.001,0.006,19.413,0.005,18.640,19.389,18.614
1.240,-8.857,-0.001,1.000,0.000,-0.000,0.007,-0.055,-0.054,46.065,-0.056,46.133,46.063,46.131,0.918,-0.012,-0.010,-0.012,-0.001,-0.169,0.001,0.005,19.423,0.005,18.641,19.399,18.616
1.249,-8.858,-0.001,1.000,-0.000,-0.000,0.006,-0.055,-0.054,46.259,-0.056,46.319,46.257,46.317,0.916,-0.014,-0.005,-0.010,-0.001,-0.168,0.001,0.005,19.427,0.004,18.638,19.403,18.612
1.258,-8.858,-0.001,1.000,-0.000,-0.000,0.005,-0.055,-0.054,46.454,-0.056,46.506,46.451,46.503,0.914,-0.015,-0.001,-0.007,-0.002,-0.168,0.000,0.004,19.426,0.003,18.630,19.403,18.605
1.267,-8.858,-0.001,1.000,-0.000,-0.000,0.004,-0.055,-0.054,46.648,-0.056,46.692,46.645,46.689,0.913,-0.017,0.001,-0.004,-0.002,-0.168,0.000,0.003,19.422,0.003,18.622,19.400,18.597
1.277,-8.858,-0.001,1.000,-0.000,-0.000,0.004,-0.055,-0.053,46.842,-0.056,46.878,46.839,46.875,0.913,-0.018,0.002,-0.002,-0.001,-0.168,-0.000,0.002,19.417,0.002,18.613,19.396,18.590
1.286,-8.858,-0.001,1.000,-0.000,-0.000,0.003,-0.055,-0.053,47.036,-0.056,47.064,47.033,47.061,0.913,-0.020,0.003,-0.000,-0.001,-0.168,-0.000,0.001,19.413,0.001,18.607,19.392,18.585
1.295,-8.858,-0.001,1.000,-0.000,-0.000,0.002,-0.055,-0.053,47.230,-0.056,47.250,47.227,47.247,0.913,-0.021,0.002,0.000,-0.001,-0.168,-0.001,0.000,19.411,-0.000,18.604,19.391,18.582
1.304,-8.859,-0.001,1.000,-0.000,-0.000,0.001,-0.055,-0.053,47.425,-0.056,47.436,47.421,47.433,0.913,-0.023,0.002,0.001,-0.000,-0.168,-0.001,-0.001,19.412,-0.001,18.605,19.392,18.583
1.313,-8.859,-0.001,1.000,-0.000,-0.000,0.000,-0.055,-0.053,47.619,-0.056,47.622,47.615,47.619,0.913,-0.024,0.001,0.001,-0.000,-0.168,-0.001,-0.002,19.416,-0.002,18.608,19.397,18.587
1.322,-8.859,-0.001,1.000,-0.000,-0.000,-0.001,-0.055,-0.053,47.813,-0.056,47.809,47.809,47.805,0.914,-0.026,0.001,0.001,0.000,-0.168,-0.001,-0.003,19.422,-0.002,18.614,19.403,18.593
1.331,-8.859,-0.001,1.000,-0.000,-0.000,-0.001,-0.055,-0.054,48.007,-0.056,47.995,48.003,47.991,0.914,-0.028,0.002,0.001,0.000,-0.168,-0.001,-0.003,19.429,-0.003,18.620,19.410,18.599
1.340,-8.860,-0.001,1.000,-0.000,-0.000,-0.002,-0.055,-0.054,48.201,-0.056,48.181,48.197,48.177,0.915,-0.029,0.005,0.002,-0.000,-0.169,-0.001,-0.004,19.434,-0.004,18.625,19.415,18.605
1.350,-8.860,-0.001,1.000,-0.000,-0.000,-0.003,-0.055,-0.054,48.396,-0.056,48.367,48.391,48.363,0.916,-0.031,0.008,0.004,-0.000,-0.169,-0.001,-0.004,19.435,-0.004,18.627,19.416,18.607
1.359,-8.860,-0.001,1.000,-0.000,-0.000,-0.004,-0.055,-0.054,48.590,-0.056,48.554,48.585,48.549,0.917,-0.032,0.012,0.006,-0.001,-0.169,-0.001,-0.005,19.431,-0.004,18.625,19.412,18.605
1.368,-8.861,-0.001,1.000,-0.000,-0.000,-0.005,-0.055,-0.054,48.784,-0.056,48.740,48.779,48.735,0.919,-0.034,0.016,0.007,-0.001,-0.170,-0.001,-0.005,19.419,-0.004,18.618,19.401,18.598
1.377,-8.861,-0.001,1.000,0.000,-0.000,-0.006,-0.055,-0.054,48.978,-0.056,48.926,48.973,48.921,0.921,-0.035,0.020,0.008,-0.002,-0.170,-0.001,-0.005,19.401,-0.004,18.605,19.383,18.585
1.386,-8.861,-0.001,1.000,0.000,-0.000,-0.007,-0.055,-0.054,49.172,-0.056,49.112,49.167,49.106,0.923,-0.037,0.023,0.008,-0.002,-0.171,-0.001,-0.004,19.377,-0.004,18.586,19.360,18.568
1.396,-8.862,-0.000,1.000,0.000,-0.000,-0.007,-0.055,-0.054,49.366,-0.056,49.298,49.361,49.292,0.926,-0.039,0.025,0.007,-0.002,-0.172,-0.001,-0.004,19.348,-0.004,18.564,19.332,18.546
1.405,-8.862,-0.000,1.000,0.000,-0.000,-0.008,-0.055,-0.054,49.559,-0.056,49.483,49.554,49.477,0.929,-0.041,0.025,0.004,-0.002,-0.172,-0.001,-0.003,19.318,-0.003,18.539,19.302,18.522
1.414,-8.863,0.000,1.000,0.000,-0.000,-0.009,-0.055,-0.054,49.752,-0.056,49.668,49.747,49.662,0.931,-0.042,0.022,-0.000,-0.001,-0.173,-0.000,-0.003,19.289,-0.003,18.513,19.274,18.497
1.424,-8.863,0.000,1.000,0.000,-0.000,-0.010,-0.055,-0.054,49.945,-0.056,49.853,49.939,49.847,0.934,-0.044,0.018,-0.005,-0.000,-0.173,-0.000,-0.002,19.265,-0.002,18.490,19.251,18.474
1.433,-8.863,0.001,1.000,0.000,-0.000,-0.011,-0.055,-0.054,50.138,-0.056,50.038,50.132,50.032,0.936,-0.046,0.013,-0.010,0.000,-0.174,0.000,-0.001,19.249,-0.001,18.471,19.235,18.455
1.442,-8.864,0.001,1.000,0.000,-0.000,-0.012,-0.055,-0.054,50.330,-0.056,50.223,50.324,50.216,0.938,-0.048,0.006,-0.015,0.001,-0.174,0.001,0.001,19.241,-0.000,18.457,19.228,18.441
1.452,-8.864,0.001,1.000,-0.000,-0.000,-0.013,-0.055,-0.054,50.523,-0.056,50.407,50.516,50.401,0.939,-0.049,-0.002,-0.018,0.002,-0.174,0.001,0.002,19.244,0.001,18.450,19.230,18.434
1.461,-8.865,0.001,1.000,-0.000,-0.000,-0.013,-0.055,-0.054,50.715,-0.056,50.592,50.709,50.585,0.939,-0.051,-0.010,-0.020,0.003,-0.174,0.001,0.003,19.258,0.002,18.451,19.242,18.434
1.470,-8.865,0.000,1.000,-0.000,-0.000,-0.014,-0.055,-0.054,50.908,-0.056,50.776,50.901,50.770,0.938,-0.053,-0.016,-0.020,0.004,-0.173,0.002,0.004,19.280,0.003,18.458,19.263,18.440
1.480,-8.866,0.000,1.000,-0.000,-0.000,-0.015,-0.030,-0.036,51.100,-0.036,50.961,51.094,50.954,0.938,-0.050,-0.022,-0.013,0.003,-0.150,3.961,3.068,19.253,3.284,18.492,19.277,18.523
1.489,-8.866,0.000,1.000,-0.000,-0.000,-0.016,0.003,-0.007,51.293,-0.006,51.147,51.286,51.140,0.937,-0.042,-0.025,-0.002,0.003,-0.096,2.069,2.078,19.193,2.189,18.634,19.215,18.663
1.499,-8.867,-0.000,1.000,-0.000,-0.000,-0.016,0.004,-0.002,51.484,-0.001,51.334,51.478,51.328,0.934,-0.036,-0.027,0.003,0.002,-0.051,-1.664,-1.016,19.150,-0.967,18.790,19.150,18.792
1.508,-8.867,-0.001,1.000,-0.000,-0.000,-0.016,-0.021,-0.021,51.676,-0.019,51.522,51.670,51.516,0.931,-0.037,-0.026,0.002,0.002,-0.049,-2.636,-2.175,19.170,-2.189,18.857,19.165,18.847
1.517,-8.868,-0.001,1.000,-0.000,-0.000,-0.017,-0.037,-0.036,51.868,-0.034,51.711,51.862,51.704,0.928,-0.042,-0.024,0.001,0.001,-0.073,-0.393,-0.647,19.242,-0.559,18.850,19.237,18.842
1.526,-8.868,-0.001,1.000,-0.000,-0.000,-0.017,-0.028,-0.032,52.061,-0.028,51.899,52.054,51.893,0.926,-0.045,-0.020,0.006,0.000,-0.087,1.757,1.309,19.304,1.380,18.849,19.293,18.840
1.536,-8.868,-0.001,1.000,-0.000,-0.000,-0.017,-0.011,-0.017,52.254,-0.014,52.088,52.247,52.081,0.923,-0.043,-0.015,0.015,-0.001,-0.074,1.383,1.315,19.305,1.295,18.894,19.293,18.885
1.545,-8.869,-0.001,1.000,-0.000,-0.000,-0.018,-0.006,-0.010,52.447,-0.007,52.277,52.440,52.270,0.922,-0.040,-0.010,0.018,-0.001,-0.052,-0.352,-0.034,19.265,-0.096,18.952,19.265,18.954
1.554,-8.869,-0.001,1.000,-0.000,-0.000,-0.018,-0.016,-0.017,52.639,-0.014,52.467,52.633,52.460,0.920,-0.039,-0.006,0.015,-0.002,-0.045,-1.316,-0.989,19.239,-0.999,18.982,19.254,18.995
1.563,-8.870,-0.001,1.000,-0.000,-0.000,-0.018,-0.025,-0.025,52.832,-0.022,52.657,52.825,52.650,0.919,-0.042,-0.002,0.009,-0.002,-0.055,-0.531,-0.544,19.258,-0.537,18.979,19.269,18.989
1.572,-8.870,-0.001,1.000,-0.000,-0.000,-0.019,-0.025,-0.026,53.024,-0.023,52.846,53.018,52.840,0.918,-0.044,0.001,0.004,-0.002,-0.067,0.524,0.280,19.290,0.338,18.971,19.287,18.967
1.582,-8.871,-0.001,1.000,-0.000,-0.000,-0.019,-0.018,-0.021,53.217,-0.018,53.036,53.211,53.030,0.918,-0.045,0.002,0.002,-0.001,-0.067,0.695,0.583,19.297,0.578,18.975,19.288,18.967
1.591,-8.871,-0.001,1.000,0.000,-0.000,-0.019,-0.014,-0.017,53.410,-0.014,53.226,53.404,53.219,0.918,-0.044,0.003,0.000,-0.001,-0.059,0.137,0.214,19.280,0.211,18.990,19.278,18.988
1.600,-8.871,-0.001,1.000,0.000,-0.000,-0.020,-0.015,-0.017,53.603,-0.014,53.416,53.597,53.409,0.919,-0.043,0.002,-0.002,-0.001,-0.052,-0.338,-0.187,19.264,-0.207,19.004,19.271,19.012
1.609,-8.872,-0.001,1.000,-0.000,-0.000,-0.020,-0.019,-0.019,53.796,-0.017,53.606,53.789,53.600,0.920,-0.044,0.002,-0.003,-0.000,-0.052,-0.303,-0.214,19.268,-0.267,19.012,19.278,19.024
1.618,-8.872,-0.001,1.000,-0.000,-0.000,-0.020,-0.020,-0.021,53.988,-0.018,53.796,53.982,53.790,0.920,-0.045,0.001,-0.002,-0.000,-0.056,-0.058,-0.076,19.287,-0.102,19.019,19.295,19.027
1.628,-8.873,-0.001,1.000,-0.000,-0.000,-0.020,-0.020,-0.021,54.181,-0.019,53.986,54.175,53.980,0.921,-0.046,0.002,0.002,0.000,-0.059,0.070,0.009,19.306,-0.009,19.027,19.313,19.033
1.637,-8.873,-0.001,1.000,-0.000,-0.000,-0.021,-0.020,-0.021,54.374,-0.019,54.177,54.368,54.170,0.922,-0.047,0.003,0.007,0.000,-0.061,0.071,0.035,19.322,0.006,19.037,19.328,19.043
1.646,-8.874,-0.001,1.000,0.000,-0.000,-0.021,-0.019,-0.020,54.568,-0.019,54.367,54.562,54.361,0.923,-0.048,0.005,0.012,-0.000,-0.061,0.039,0.022,19.332,0.002,19.050,19.338,19.056
1.655,-8.874,-0.001,1.000,0.000,-0.000,-0.021,-0.019,-0.020,54.761,-0.019,54.558,54.755,54.552,0.924,-0.048,0.008,0.017,-0.000,-0.061,0.013,0.012,19.335,-0.002,19.063,19.342,19.069
1.665,-8.875,-0.001,1.000,0.000,-0.000,-0.022,-0.019,-0.020,54.954,-0.019,54.748,54.949,54.742,0.926,-0.049,0.012,0.021,-0.001,-0.061,-0.001,0.007,19.332,-0.004,19.072,19.338,19.079
1.674,-8.875,-0.001,1.000,0.000,-0.000,-0.022,-0.019,-0.020,55.148,-0.019,54.939,55.142,54.933,0.928,-0.050,0.016,0.022,-0.001,-0.062,-0.005,0.005,19.320,-0.005,19.077,19.327,19.083
1.683,-8.876,-0.001,1.000,0.000,-0.000,-0.022,-0.019,-0.020,55.341,-0.019,55.130,55.335,55.124,0.930,-0.050,0.020,0.020,-0.002,-0.062,-0.005,0.004,19.302,-0.004,19.075,19.309,19.082
1.692,-8.876,-0.001,1.000,0.001,-0.000,-0.022,-0.019,-0.020,55.534,-0.019,55.321,55.528,55.315,0.933,-0.051,0.023,0.015,-0.002,-0.062,-0.003,0.004,19.278,-0.004,19.066,19.286,19.074
1.702,-8.877,-0.000,1.000,0.001,-0.000,-0.023,-0.019,-0.020,55.726,-0.019,55.511,55.721,55.505,0.936,-0.052,0.025,0.007,-0.002,-0.062,-0.001,0.005,19.252,-0.003,19.052,19.261,19.060
1.711,-8.877,-0.000,1.000,0.001,-0.000,-0.023,-0.019,-0.020,55.919,-0.019,55.702,55.913,55.696,0.939,-0.053,0.024,-0.003,-0.001,-0.062,0.001,0.005,19.227,-0.002,19.032,19.236,19.041
1.721,-8.878,0.000,1.000,0.001,-0.000,-0.023,-0.019,-0.020,56.111,-0.019,55.892,56.105,55.886,0.942,-0.053,0.022,-0.013,-0.001,-0.062,0.002,0.006,19.205,-0.002,19.010,19.215,19.020
1.730,-8.878,0.000,1.000,0.000,-0.000,-0.024,-0.019,-0.020,56.303,-0.019,56.082,56.298,56.076,0.945,-0.054,0.018,-0.023,-0.000,-0.062,0.002,0.006,19.191,-0.001,18.987,19.201,18.997
1.739,-8.879,0.001,1.000,0.000,-0.000,-0.024,-0.019,-0.020,56.495,-0.019,56.271,56.490,56.266,0.947,-0.055,0.012,-0.032,0.000,-0.062,0.002,0.007,19.185,-0.000,18.966,19.196,18.977
1.749,-8.879,0.001,1.000,0.000,-0.000,-0.024,-0.019,-0.020,56.687,-0.019,56.461,56.682,56.456,0.949,-0.055,0.005,-0.037,0.001,-0.061,0.003,0.008,19.190,0.001,18.950,19.201,18.960
1.758,-8.880,0.001,1.000,-0.000,-0.000,-0.025,-0.019,-0.019,56.879,-0.019,56.650,56.874,56.645,0.950,-0.056,-0.003,-0.040,0.002,-0.061,0.003,0.009,19.206,0.002,18.940,19.217,18.950
1.768,-8.880,0.001,1.000,-0.000,-0.000,-0.025,-0.019,-0.019,57.071,-0.019,56.840,57.066,56.835,0.951,-0.057,-0.010,-0.039,0.003,-0.061,0.003,0.009,19.232,0.003,18.937,19.242,18.946
1.777,-8.881,0.000,1.000,-0.000,-0.000,-0.025,-0.019,-0.019,57.263,-0.019,57.029,57.258,57.024,0.950,-0.057,-0.017,-0.034,0.004,-0.060,0.003,0.010,19.266,0.004,18.943,19.274,18.950
1.787,-8.882,0.000,1.000,-0.001,-0.000,-0.026,-0.019,-0.019,57.456,-0.019,57.219,57.451,57.214,0.949,-0.058,-0.022,-0.026,0.004,-0.060,0.003,0.010,19.305,0.005,18.956,19.312,18.962
1.796,-8.882,-0.000,1.000,-0.001,-0.000,-0.026,-0.019,-0.019,57.649,-0.019,57.408,57.645,57.404,0.946,-0.058,-0.026,-0.015,0.003,-0.060,0.003,0.010,19.347,0.005,18.977,19.352,18.981
1.806,-8.883,-0.000,1.000,-0.001,-0.000,-0.026,-0.019,-0.019,57.843,-0.019,57.598,57.838,57.594,0.944,-0.058,-0.027,-0.004,0.003,-0.060,0.003,0.009,19.387,0.006,19.002,19.390,19.005
1.815,-8.883,-0.001,1.000,-0.001,-0.000,-0.026,-0.019,-0.019,58.037,-0.019,57.788,58.032,57.784,0.941,-0.059,-0.026,0.007,0.002,-0.059,0.003,0.008,19.422,0.006,19.030,19.424,19.031
1.825,-8.884,-0.001,1.000,-0.001,-0.000,-0.027,-0.019,-0.019,58.231,-0.019,57.979,58.227,57.974,0.937,-0.059,-0.024,0.017,0.001,-0.059,0.002,0.008,19.449,0.006,19.059,19.450,19.059
1.834,-8.885,-0.001,1.000,-0.001,-0.000,-0.027,-0.018,-0.019,58.426,-0.019,58.170,58.421,58.165,0.934,-0.059,-0.019,0.023,0.000,-0.059,0.002,0.007,19.467,0.005,19.085,19.467,19.085
1.843,-8.885,-0.001,1.000,-0.000,-0.000,-0.027,-0.018,-0.019,58.621,-0.019,58.361,58.616,58.356,0.932,-0.060,-0.015,0.027,-0.001,-0.059,0.001,0.006,19.475,0.005,19.108,19.475,19.107
1.853,-8.886,-0.001,1.000,-0.000,-0.000,-0.028,-0.018,-0.019,58.815,-0.019,58.552,58.811,58.547,0.929,-0.060,-0.010,0.027,-0.001,-0.059,0.001,0.005,19.475,0.004,19.126,19.475,19.126
1.862,-8.886,-0.001,1.000,-0.000,-0.000,-0.028,-0.018,-0.019,59.010,-0.019,58.743,59.006,58.738,0.928,-0.061,-0.005,0.023,-0.002,-0.059,0.001,0.004,19.469,0.004,19.139,19.469,19.139
1.871,-8.887,-0.001,1.000,-0.000,-0.000,-0.028,-0.018,-0.019,59.205,-0.019,58.935,59.200,58.930,0.926,-0.061,-0.001,0.018,-0.002,-0.059,0.000,0.004,19.460,0.003,19.147,19.460,19.148
1.880,-8.888,-0.001,1.000,-0.000,-0.000,-0.029,-0.018,-0.018,59.399,-0.019,59.126,59.395,59.121,0.926,-0.062,0.001,0.011,-0.002,-0.059,0.000,0.003,19.449,0.003,19.152,19.451,19.153
1.890,-8.888,-0.001,1.000,0.000,-0.000,-0.029,-0.018,-0.018,59.594,-0.019,59.318,59.589,59.313,0.925,-0.062,0.002,0.004,-0.001,-0.059,0.000,0.002,19.441,0.002,19.154,19.443,19.156
1.899,-8.889,-0.001,1.000,0.000,-0.000,-0.029,-0.018,-0.018,59.788,-0.019,59.509,59.784,59.504,0.925,-0.063,0.003,-0.001,-0.001,-0.058,-0.000,0.001,19.436,0.001,19.155,19.439,19.158
1.908,-8.889,-0.001,1.000,0.000,-0.000,-0.029,-0.018,-0.018,59.983,-0.019,59.701,59.978,59.696,0.926,-0.063,0.002,-0.004,-0.001,-0.058,-0.000,0.000,19.435,0.001,19.157,19.439,19.161
1.917,-8.890,-0.001,1.000,-0.000,-0.000,-0.030,-0.018,-0.018,60.177,-0.019,59.892,60.173,59.888,0.926,-0.064,0.002,-0.004,-0.000,-0.058,-0.001,-0.001,19.438,-0.000,19.160,19.443,19.165
1.927,-8.891,-0.001,1.000,-0.000,-0.000,-0.030,-0.018,-0.018,60.371,-0.019,60.084,60.367,60.079,0.926,-0.064,0.002,-0.000,-0.000,-0.058,-0.001,-0.002,19.445,-0.001,19.167,19.450,19.172
1.936,-8.891,-0.001,1.000,-0.000,-0.000,-0.030,-0.018,-0.018,60.566,-0.019,60.276,60.562,60.271,0.927,-0.065,0.002,0.005,0.000,-0.058,-0.001,-0.003,19.452,-0.002,19.176,19.457,19.181
1.945,-8.892,-0.001,1.000,0.000,-0.000,-0.031,-0.018,-0.019,60.760,-0.019,60.467,60.756,60.463,0.928,-0.065,0.003,0.013,-0.000,-0.058,-0.001,-0.003,19.457,-0.003,19.186,19.462,19.192
1.955,-8.893,-0.001,1.000,0.000,-0.000,-0.031,-0.018,-0.019,60.955,-0.019,60.659,60.951,60.655,0.929,-0.066,0.006,0.020,-0.000,-0.059,-0.001,-0.004,19.457,-0.004,19.197,19.463,19.203
1.964,-8.893,-0.001,1.000,0.000,-0.000,-0.031,-0.019,-0.019,61.149,-0.019,60.851,61.145,60.847,0.930,-0.067,0.009,0.027,-0.001,-0.059,-0.001,-0.004,19.452,-0.004,19.207,19.458,19.213
1.973,-8.894,-0.001,1.000,0.000,-0.000,-0.031,-0.019,-0.019,61.344,-0.019,61.043,61.340,61.039,0.931,-0.067,0.013,0.030,-0.001,-0.059,-0.001,-0.004,19.439,-0.005,19.214,19.445,19.220
1.982,-8.895,-0.001,0.999,0.001,-0.000,-0.032,-0.019,-0.019,61.538,-0.019,61.236,61.534,61.231,0.933,-0.068,0.017,0.030,-0.001,-0.060,-0.001,-0.004,19.418,-0.005,19.216,19.424,19.222
1.992,-8.895,-0.001,0.999,0.001,-0.000,-0.032,-0.019,-0.019,61.732,-0.019,61.428,61.728,61.424,0.936,-0.069,0.021,0.025,-0.002,-0.060,-0.001,-0.004,19.391,-0.005,19.211,19.398,19.218
2.001,-8.896,-0.000,0.999,0.001,-0.000,-0.032,-0.019,-0.019,61.926,-0.019,61.620,61.922,61.616,0.938,-0.070,0.024,0.016,-0.002,-0.060,-0.001,-0.003,19.360,-0.004,19.200,19.367,19.207
2.011,-8.897,-0.000,0.999,0.001,-0.000,-0.033,-0.019,-0.019,62.119,-0.019,61.812,62.116,61.808,0.941,-0.070,0.025,0.004,-0.002,-0.060,-0.001,-0.003,19.329,-0.004,19.181,19.337,19.189
2.020,-8.897,0.000,0.999,0.001,-0.000,-0.033,-0.019,-0.019,62.313,-0.019,62.003,62.309,62.000,0.944,-0.071,0.024,-0.010,-0.001,-0.060,-0.000,-0.002,19.302,-0.003,19.157,19.310,19.166
2.029,-8.898,0.000,0.999,0.001,-0.000,-0.033,-0.019,-0.019,62.506,-0.019,62.195,62.502,62.191,0.947,-0.072,0.021,-0.025,-0.001,-0.060,0.000,-0.001,19.281,-0.002,19.130,19.290,19.139
2.039,-8.899,0.000,0.999,0.001,-0.000,-0.034,-0.019,-0.019,62.698,-0.019,62.386,62.695,62.382,0.950,-0.073,0.016,-0.038,-0.000,-0.060,0.000,0.001,19.269,-0.001,19.102,19.279,19.111
2.048,-8.900,0.001,0.999,0.000,-0.000,-0.034,-0.019,-0.019,62.891,-0.019,62.577,62.888,62.573,0.952,-0.074,0.010,-0.049,0.000,-0.060,0.001,0.002,19.268,-0.000,19.075,19.279,19.084
2.058,-8.900,0.001,0.999,0.000,-0.000,-0.034,-0.019,-0.019,63.084,-0.019,62.768,63.080,62.764,0.953,-0.074,0.002,-0.055,0.001,-0.060,0.001,0.003,19.280,0.001,19.052,19.290,19.062
2.068,-8.901,0.001,0.999,-0.000,-0.000,-0.034,-0.019,-0.019,63.277,-0.019,62.958,63.273,62.955,0.954,-0.075,-0.005,-0.056,0.002,-0.059,0.002,0.004,19.302,0.002,19.035,19.312,19.044
2.077,-8.902,0.001,0.999,-0.000,-0.000,-0.035,-0.019,-0.019,63.470,-0.019,63.148,63.467,63.145,0.954,-0.075,-0.013,-0.052,0.003,-0.059,0.002,0.005,19.334,0.003,19.026,19.344,19.035
2.087,-8.903,0.000,0.999,-0.001,-0.000,-0.035,-0.018,-0.019,63.663,-0.019,63.339,63.660,63.335,0.952,-0.076,-0.019,-0.043,0.003,-0.059,0.002,0.006,19.373,0.004,19.026,19.381,19.033
2.096,-8.903,0.000,0.999,-0.001,-0.000,-0.035,-0.018,-0.019,63.857,-0.019,63.529,63.854,63.526,0.951,-0.076,-0.024,-0.030,0.003,-0.058,0.002,0.007,19.416,0.005,19.034,19.423,19.040
2.106,-8.904,-0.000,0.999,-0.001,-0.000,-0.036,-0.018,-0.019,64.052,-0.019,63.719,64.049,63.716,0.948,-0.076,-0.026,-0.014,0.003,-0.058,0.002,0.007,19.458,0.005,19.049,19.463,19.054
2.115,-8.905,-0.000,0.999,-0.001,0.000,-0.036,-0.018,-0.018,64.246,-0.019,63.910,64.244,63.907,0.945,-0.077,-0.027,0.002,0.002,-0.058,0.001,0.006,19.496,0.006,19.071,19.499,19.074
2.125,-8.906,-0.001,0.999,-0.001,0.000,-0.036,-0.018,-0.018,64.442,-0.019,64.101,64.439,64.098,0.942,-0.077,-0.025,0.016,0.001,-0.058,0.001,0.006,19.526,0.005,19.096,19.528,19.098
2.134,-8.906,-0.001,0.999,-0.001,0.000,-0.036,-0.018,-0.018,64.637,-0.019,64.292,64.634,64.289,0.939,-0.077,-0.022,0.028,0.001,-0.058,0.001,0.005,19.546,0.005,19.122,19.547,19.123
2.143,-8.907,-0.001,0.999,-0.001,0.000,-0.037,-0.018,-0.018,64.832,-0.019,64.483,64.830,64.480,0.935,-0.078,-0.018,0.035,-0.000,-0.058,0.001,0.004,19.556,0.005,19.147,19.556,19.147
2.153,-8.908,-0.001,0.999,-0.001,-0.000,-0.037,-0.018,-0.018,65.028,-0.019,64.675,65.025,64.672,0.933,-0.078,-0.013,0.038,-0.001,-0.059,0.000,0.004,19.556,0.004,19.169,19.556,19.169
2.162,-8.909,-0.001,0.999,-0.000,-0.000,-0.037,-0.018,-0.018,65.223,-0.019,64.866,65.221,64.863,0.931,-0.078,-0.008,0.035,-0.001,-0.059,0.000,0.003,19.548,0.004,19.187,19.548,19.187
2.171,-8.910,-0.001,0.999,-0.000,-0.000,-0.038,-0.018,-0.018,65.419,-0.018,65.058,65.416,65.055,0.929,-0.079,-0.004,0.029,-0.001,-0.059,0.000,0.002,19.535,0.003,19.200,19.535,19.200
2.181,-8.910,-0.001,0.999,-0.000,-0.000,-0.038,-0.018,-0.018,65.614,-0.018,65.250,65.611,65.247,0.928,-0.079,-0.001,0.020,-0.002,-0.059,0.000,0.002,19.520,0.003,19.208,19.521,19.209
2.190,-8.911,-0.001,0.999,0.000,-0.000,-0.038,-0.018,-0.018,65.809,-0.018,65.443,65.806,65.439,0.927,-0.080,0.002,0.011,-0.002,-0.058,0.000,0.001,19.507,0.002,19.212,19.508,19.214
2.199,-8.912,-0.001,0.999,0.000,-0.000,-0.039,-0.018,-0.018,66.004,-0.018,65.635,66.002,65.632,0.927,-0.080,0.002,0.003,-0.001,-0.058,-0.000,0.000,19.496,0.002,19.213,19.499,19.216
2.208,-8.913,-0.001,0.999,0.000,-0.000,-0.039,-0.018,-0.018,66.199,-0.018,65.827,66.196,65.824,0.927,-0.081,0.003,-0.003,-0.001,-0.058,-0.000,-0.001,19.491,0.001,19.214,19.494,19.217
2.218,-8.914,-0.001,0.999,0.000,-0.000,-0.039,-0.018,-0.018,66.394,-0.018,66.019,66.391,66.016,0.927,-0.081,0.002,-0.005,-0.001,-0.058,-0.001,-0.001,19.490,0.000,19.215,19.494,19.219
2.227,-8.914,-0.001,0.999,0.000,-0.000,-0.039,-0.018,-0.018,66.589,-0.018,66.211,66.586,66.208,0.927,-0.082,0.002,-0.003,-0.000,-0.058,-0.001,-0.002,19.493,-0.001,19.218,19.497,19.223
2.236,-8.915,-0.001,0.999,0.000,-0.000,-0.040,-0.018,-0.018,66.784,-0.018,66.403,66.781,66.400,0.928,-0.082,0.002,0.003,-0.000,-0.058,-0.001,-0.003,19.497,-0.002,19.224,19.502,19.229
2.245,-8.916,-0.001,0.999,0.000,-0.000,-0.040,-0.018,-0.018,66.979,-0.018,66.596,66.976,66.593,0.928,-0.083,0.003,0.011,0.000,-0.058,-0.001,-0.004,19.501,-0.003,19.232,19.506,19.237
2.255,-8.917,-0.001,0.999,0.000,-0.000,-0.040,-0.018,-0.018,67.174,-0.018,66.788,67.171,66.785,0.929,-0.083,0.004,0.021,-0.000,-0.058,-0.001,-0.005,19.501,-0.004,19.242,19.507,19.248
2.264,-8.918,-0.001,0.999,0.000,-0.000,-0.041,-0.018,-0.018,67.369,-0.019,66.980,67.367,66.978,0.930,-0.084,0.007,0.030,-0.000,-0.059,-0.002,-0.005,19.496,-0.004,19.253,19.501,19.259
2.273,-8.918,-0.001,0.999,0.000,-0.000,-0.041,-0.018,-0.018,67.564,-0.019,67.173,67.561,67.170,0.931,-0.085,0.011,0.037,-0.001,-0.059,-0.002,-0.005,19.483,-0.005,19.263,19.488,19.269
2.283,-8.919,-0.001,0.999,0.001,-0.000,-0.041,-0.018,-0.018,67.759,-0.019,67.366,67.756,67.363,0.933,-0.086,0.015,0.039,-0.001,-0.059,-0.001,-0.005,19.461,-0.005,19.270,19.467,19.275
2.292,-8.920,-0.001,0.999,0.001,-0.000,-0.041,-0.019,-0.018,67.953,-0.019,67.558,67.951,67.556,0.935,-0.086,0.019,0.036,-0.001,-0.060,-0.001,-0.005,19.433,-0.005,19.271,19.439,19.277
2.301,-8.921,-0.001,0.999,0.001,-0.000,-0.042,-0.019,-0.019,68.147,-0.019,67.751,68.145,67.749,0.937,-0.087,0.022,0.027,-0.002,-0.060,-0.001,-0.005,19.400,-0.005,19.265,19.406,19.271
2.311,-8.922,-0.000,0.999,0.001,-0.000,-0.042,-0.019,-0.019,68.341,-0.019,67.944,68.339,67.941,0.940,-0.088,0.024,0.013,-0.002,-0.060,-0.001,-0.004,19.366,-0.005,19.252,19.372,19.258
2.320,-8.923,-0.000,0.999,0.001,-0.000,-0.042,-0.019,-0.019,68.535,-0.019,68.136,68.532,68.134,0.943,-0.089,0.024,-0.004,-0.002,-0.060,-0.000,-0.003,19.334,-0.004,19.231,19.341,19.238
2.330,-8.924,0.000,0.999,0.001,-0.000,-0.043,-0.019,-0.019,68.728,-0.019,68.328,68.726,68.326,0.946,-0.090,0.022,-0.023,-0.001,-0.060,-0.000,-0.002,19.309,-0.003,19.204,19.317,19.212
2.339,-8.925,0.000,0.999,0.001,-0.000,-0.043,-0.019,-0.019,68.921,-0.019,68.520,68.919,68.518,0.948,-0.091,0.018,-0.041,-0.001,-0.060,0.000,-0.001,19.293,-0.002,19.173,19.302,19.182
2.349,-8.926,0.000,0.999,0.001,-0.000,-0.043,-0.019,-0.019,69.114,-0.019,68.712,69.112,68.710,0.951,-0.091,0.013,-0.056,-0.000,-0.060,0.001,0.001,19.289,-0.001,19.141,19.298,19.150
2.358,-8.926,0.001,0.999,0.000,-0.000,-0.044,-0.019,-0.019,69.307,-0.019,68.903,69.305,68.901,0.952,-0.092,0.006,-0.067,0.001,-0.059,0.001,0.002,19.297,-0.000,19.110,19.307,19.120
2.368,-8.927,0.001,0.999,-0.000,-0.000,-0.044,-0.019,-0.019,69.500,-0.019,69.094,69.498,69.092,0.953,-0.093,-0.001,-0.071,0.001,-0.059,0.001,0.004,19.318,0.001,19.083,19.328,19.093
2.377,-8.928,0.001,0.999,-0.000,-0.000,-0.044,-0.018,-0.019,69.693,-0.019,69.285,69.691,69.283,0.954,-0.093,-0.009,-0.070,0.002,-0.058,0.002,0.005,19.349,0.002,19.063,19.359,19.072
2.387,-8.929,0.000,0.999,-0.001,-0.000,-0.044,-0.018,-0.019,69.887,-0.019,69.475,69.885,69.474,0.953,-0.094,-0.016,-0.061,0.003,-0.058,0.002,0.006,19.389,0.003,19.051,19.399,19.059
2.396,-8.930,0.000,0.999,-0.001,-0.000,-0.045,-0.018,-0.018,70.081,-0.019,69.666,70.079,69.664,0.951,-0.094,-0.021,-0.047,0.003,-0.058,0.002,0.007,19.434,0.004,19.048,19.442,19.055
2.406,-8.931,0.000,0.999,-0.001,-0.000,-0.045,-0.018,-0.018,70.275,-0.019,69.856,70.274,69.855,0.949,-0.094,-0.025,-0.028,0.003,-0.058,0.002,0.007,19.480,0.005,19.054,19.486,19.059
2.415,-8.932,-0.000,0.999,-0.001,0.000,-0.045,0.038,0.024,70.470,0.024,70.046,70.468,70.045,0.945,-0.084,-0.026,0.003,0.004,-0.003,9.000,7.155,19.326,7.180,19.030,19.363,19.116
2.425,-8.933,-0.000,0.999,-0.001,0.000,-0.045,0.113,0.091,70.661,0.090,70.238,70.661,70.237,0.939,-0.064,-0.026,0.037,0.005,0.116,4.600,4.850,19.059,4.659,19.239,19.061,19.286
2.434,-8.933,-0.001,0.999,-0.001,0.000,-0.044,0.113,0.100,70.851,0.101,70.431,70.850,70.431,0.932,-0.047,-0.023,0.051,0.004,0.215,-4.039,-2.851,18.784,-2.223,19.472,18.755,19.442
2.443,-8.934,-0.001,0.999,-0.001,0.000,-0.043,0.054,0.051,71.038,0.060,70.626,71.036,70.626,0.926,-0.046,-0.020,0.043,0.002,0.216,-6.225,-5.602,18.662,-4.760,19.494,18.648,19.448
2.452,-8.934,-0.001,0.999,-0.000,0.000,-0.042,0.018,0.014,71.224,0.029,70.821,71.223,70.820,0.919,-0.055,-0.015,0.031,0.001,0.152,-0.611,-1.354,18.707,-0.983,19.343,18.687,19.309
2.462,-8.935,-0.001,0.999,-0.000,0.000,-0.041,0.041,0.029,71.412,0.044,71.013,71.410,71.012,0.913,-0.059,-0.011,0.031,0.000,0.117,4.448,3.640,18.749,3.410,19.227,18.683,19.182
2.471,-8.935,-0.001,0.999,-0.000,0.000,-0.041,0.084,0.068,71.599,0.080,71.206,71.596,71.204,0.908,-0.051,-0.006,0.038,-0.000,0.151,3.253,3.409,18.630,2.957,19.236,18.548,19.183
2.480,-8.936,-0.001,0.999,0.000,0.000,-0.040,0.093,0.083,71.784,0.092,71.398,71.781,71.396,0.905,-0.040,-0.002,0.036,-0.001,0.207,-1.382,-0.574,18.405,-0.584,19.287,18.361,19.252
2.489,-8.936,-0.001,0.999,0.000,0.000,-0.039,0.065,0.063,71.967,0.073,71.591,71.964,71.588,0.902,-0.036,0.000,0.019,-0.002,0.221,-3.365,-2.796,18.256,-2.697,19.263,18.253,19.255
2.498,-8.937,-0.001,0.999,0.000,0.000,-0.038,0.041,0.041,72.150,0.051,71.783,72.146,71.781,0.898,-0.040,0.002,-0.000,-0.002,0.188,-1.081,-1.158,18.250,-1.260,19.164,18.237,19.150
2.507,-8.937,-0.001,0.999,0.000,-0.000,-0.037,0.047,0.044,72.332,0.052,71.974,72.329,71.971,0.894,-0.043,0.002,-0.008,-0.001,0.158,1.893,1.531,18.281,1.226,19.072,18.226,19.023
2.516,-8.937,-0.001,0.999,0.000,-0.000,-0.036,0.069,0.064,72.515,0.068,72.165,72.511,72.161,0.892,-0.040,0.002,-0.006,-0.001,0.166,2.003,1.972,18.230,1.620,19.032,18.159,18.970
2.525,-8.938,-0.001,0.999,0.000,-0.000,-0.035,0.079,0.075,72.697,0.077,72.355,72.692,72.351,0.890,-0.033,0.002,-0.002,-0.001,0.195,-0.109,0.244,18.110,0.122,19.020,18.059,18.977
2.534,-8.938,-0.001,0.999,0.000,-0.000,-0.034,0.069,0.069,72.877,0.070,72.545,72.872,72.541,0.889,-0.029,0.002,-0.001,-0.001,0.209,-1.615,-1.283,18.013,-1.262,18.990,17.987,18.971
2.542,-8.938,-0.001,0.999,0.000,-0.000,-0.033,0.055,0.057,73.057,0.058,72.735,73.052,72.730,0.887,-0.030,0.002,-0.001,-0.001,0.196,-0.919,-0.939,17.988,-0.914,18.930,17.965,18.913
2.551,-8.939,-0.001,0.999,0.000,-0.000,-0.032,0.053,0.053,73.237,0.055,72.924,73.231,72.919,0.885,-0.031,0.002,0.005,-0.000,0.177,0.510,0.238,17.991,0.213,18.866,17.959,18.835
2.560,-8.939,-0.001,1.000,0.000,-0.000,-0.031,0.061,0.059,73.417,0.061,73.112,73.411,73.107,0.884,-0.030,0.004,0.014,-0.000,0.172,0.973,0.840,17.966,0.715,18.820,17.929,18.782
2.569,-8.939,-0.001,1.000,0.000,-0.000,-0.030,0.068,0.066,73.596,0.066,73.300,73.590,73.295,0.883,-0.027,0.007,0.022,-0.001,0.181,0.289,0.369,17.905,0.303,18.797,17.869,18.761
2.578,-8.940,-0.001,1.000,0.000,-0.000,-0.029,0.067,0.066,73.775,0.066,73.488,73.768,73.482,0.882,-0.023,0.010,0.026,-0.001,0.190,-0.438,-0.274,17.835,-0.242,18.776,17.800,18.744
2.587,-8.940,-0.001,1.000,0.000,-0.000,-0.029,0.062,0.062,73.953,0.062,73.676,73.946,73.670,0.881,-0.022,0.014,0.025,-0.001,0.190,-0.457,-0.371,17.776,-0.373,18.738,17.742,18.708
2.595,-8.940,-0.001,1.000,0.001,-0.000,-0.028,0.059,0.060,74.131,0.060,73.863,74.123,73.856,0.881,-0.021,0.017,0.020,-0.002,0.184,-0.091,-0.120,17.726,-0.140,18.684,17.695,18.656
2.604,-8.940,-0.001,1.000,0.001,-0.000,-0.027,0.060,0.060,74.308,0.060,74.049,74.300,74.043,0.882,-0.021,0.020,0.014,-0.002,0.180,0.199,0.139,17.672,0.086,18.624,17.645,18.598
2.613,-8.940,-0.000,1.000,0.001,-0.000,-0.026,0.062,0.062,74.484,0.061,74.235,74.476,74.228,0.882,-0.019,0.023,0.006,-0.002,0.180,0.195,0.174,17.611,0.110,18.566,17.585,18.542
2.622,-8.941,-0.000,1.000,0.001,-0.000,-0.025,0.063,0.063,74.660,0.062,74.421,74.651,74.413,0.883,-0.017,0.023,-0.003,-0.001,0.182,0.056,0.072,17.547,0.040,18.511,17.521,18.486
2.631,-8.941,0.000,1.000,0.001,-0.000,-0.024,0.063,0.063,74.835,0.062,74.606,74.826,74.598,0.884,-0.015,0.022,-0.013,-0.001,0.185,-0.013,0.024,17.486,0.010,18.453,17.460,18.429
2.640,-8.941,0.000,1.000,0.001,-0.000,-0.023,0.063,0.064,75.010,0.062,74.790,75.001,74.782,0.885,-0.013,0.020,-0.022,-0.000,0.186,-0.032,0.006,17.433,-0.001,18.393,17.407,18.369
2.648,-8.941,0.000,1.000,0.000,-0.000,-0.022,0.063,0.064,75.184,0.062,74.973,75.174,74.965,0.886,-0.012,0.016,-0.029,0.000,0.187,-0.026,0.002,17.388,-0.004,18.334,17.362,18.311
2.657,-8.941,0.001,1.000,0.000,-0.000,-0.021,0.063,0.064,75.357,0.062,75.156,75.348,75.148,0.886,-0.010,0.010,-0.032,0.001,0.188,-0.014,0.002,17.353,-0.004,18.280,17.327,18.256
2.666,-8.941,0.001,1.000,0.000,-0.000,-0.020,0.063,0.064,75.531,0.062,75.339,75.521,75.331,0.886,-0.008,0.004,-0.033,0.002,0.188,-0.003,0.003,17.328,-0.003,18.231,17.301,18.207
2.675,-8.941,0.001,1.000,0.000,-0.000,-0.019,0.063,0.064,75.704,0.062,75.521,75.694,75.512,0.885,-0.006,-0.003,-0.031,0.002,0.188,0.002,0.004,17.312,-0.002,18.191,17.285,18.166
2.684,-8.941,0.001,1.000,-0.000,-0.000,-0.018,0.063,0.064,75.877,0.062,75.703,75.867,75.694,0.884,-0.005,-0.009,-0.027,0.003,0.188,0.004,0.005,17.305,-0.001,18.160,17.276,18.133
2.693,-8.941,0.000,1.000,-0.000,-0.000,-0.017,0.063,0.064,76.050,0.062,75.884,76.039,75.875,0.882,-0.003,-0.015,-0.021,0.003,0.187,0.003,0.005,17.304,-0.001,18.139,17.273,18.110
2.701,-8.941,0.000,1.000,-0.000,-0.000,-0.016,0.063,0.064,76.223,0.062,76.066,76.212,76.056,0.880,-0.001,-0.020,-0.013,0.003,0.187,0.002,0.005,17.307,-0.000,18.126,17.275,18.096
2.710,-8.941,0.000,1.000,-0.000,-0.000,-0.016,0.063,0.064,76.396,0.062,76.247,76.385,76.237,0.877,0.001,-0.023,-0.005,0.003,0.186,0.001,0.005,17.313,0.000,18.120,17.279,18.088
2.719,-8.941,-0.000,1.000,-0.000,0.000,-0.015,0.063,0.064,76.569,0.062,76.428,76.558,76.418,0.873,0.002,-0.025,0.002,0.002,0.185,0.001,0.005,17.319,0.001,18.120,17.283,18.086
2.728,-8.941,-0.000,1.000,-0.000,0.000,-0.014,0.063,0.064,76.743,0.062,76.609,76.731,76.599,0.869,0.004,-0.025,0.008,0.001,0.184,0.001,0.005,17.322,0.001,18.122,17.285,18.087
2.736,-8.941,-0.001,1.000,-0.000,0.000,-0.013,0.063,0.064,76.916,0.062,76.791,76.903,76.780,0.865,0.005,-0.023,0.012,0.000,0.183,0.001,0.005,17.322,0.001,18.124,17.284,18.088
2.745,-8.941,-0.001,1.000,-0.000,0.000,-0.012,0.063,0.064,77.089,0.062,76.972,77.076,76.961,0.861,0.007,-0.020,0.015,-0.000,0.182,0.001,0.005,17.316,0.001,18.125,17.277,18.088
2.754,-8.941,-0.001,1.000,-0.000,0.000,-0.011,0.063,0.064,77.262,0.062,77.153,77.249,77.141,0.858,0.008,-0.016,0.015,-0.001,0.181,0.001,0.004,17.304,0.001,18.121,17.265,18.085
2.762,-8.941,-0.001,1.000,-0.000,0.000,-0.010,0.063,0.064,77.435,0.062,77.334,77.421,77.322,0.854,0.010,-0.012,0.014,-0.002,0.181,0.000,0.004,17.286,0.001,18.113,17.248,18.077
2.771,-8.941,-0.001,1.000,-0.000,-0.000,-0.009,0.063,0.064,77.608,0.062,77.515,77.594,77.503,0.851,0.011,-0.008,0.011,-0.002,0.180,0.000,0.003,17.264,0.001,18.100,17.227,18.064
2.779,-8.941,-0.001,1.000,0.000,-0.000,-0.008,0.063,0.064,77.780,0.062,77.696,77.766,77.683,0.849,0.013,-0.004,0.008,-0.002,0.180,0.000,0.003,17.238,0.000,18.082,17.202,18.048
2.788,-8.941,-0.001,1.000,0.000,-0.000,-0.007,0.063,0.064,77.953,0.062,77.877,77.938,77.864,0.847,0.014,-0.001,0.005,-0.002,0.179,0.000,0.002,17.211,0.000,18.060,17.176,18.027
2.796,-8.941,-0.001,1.000,0.000,-0.000,-0.006,0.063,0.064,78.124,0.062,78.057,78.110,78.044,0.845,0.016,0.001,0.002,-0.002,0.179,-0.000,0.002,17.183,-0.000,18.037,17.150,18.005
2.805,-8.940,-0.001,1.000,0.000,-0.000,-0.006,0.063,0.064,78.296,0.062,78.238,78.281,78.224,0.844,0.017,0.002,-0.000,-0.001,0.179,-0.000,0.001,17.158,-0.001,18.013,17.125,17.982
2.813,-8.940,-0.001,1.000,0.000,-0.000,-0.005,0.063,0.064,78.468,0.062,78.418,78.452,78.404,0.843,0.019,0.003,-0.002,-0.001,0.179,-0.001,0.001,17.135,-0.001,17.990,17.103,17.961
2.821,-8.940,-0.001,1.000,0.000,-0.000,-0.004,0.063,0.064,78.639,0.062,78.597,78.623,78.583,0.842,0.020,0.002,-0.002,-0.001,0.179,-0.001,-0.000,17.115,-0.002,17.970,17.084,17.941
2.830,-8.940,-0.001,1.000,0.000,-0.000,-0.003,0.063,0.064,78.810,0.062,78.777,78.794,78.763,0.841,0.022,0.002,-0.002,-0.000,0.179,-0.001,-0.001,17.099,-0.003,17.953,17.069,17.925
2.838,-8.940,-0.001,1.000,0.000,-0.000,-0.002,0.063,0.064,78.981,0.062,78.956,78.964,78.942,0.841,0.023,0.001,-0.001,-0.000,0.178,-0.001,-0.002,17.086,-0.003,17.939,17.057,17.911
2.847,-8.939,-0.001,1.000,0.000,-0.000,-0.001,0.063,0.064,79.152,0.062,79.136,79.135,79.121,0.840,0.025,0.001,-0.001,-0.000,0.178,-0.001,-0.002,17.076,-0.004,17.927,17.047,17.900
2.855,-8.939,-0.001,1.000,0.000,-0.000,-0.000,0.063,0.064,79.322,0.062,79.315,79.305,79.300,0.840,0.026,0.001,-0.000,-0.000,0.178,-0.001,-0.003,17.067,-0.004,17.917,17.038,17.890
2.863,-8.939,-0.001,1.000,0.000,-0.000,0.001,0.063,0.064,79.493,0.062,79.494,79.476,79.479,0.840,0.028,0.003,-0.001,-0.001,0.178,-0.001,-0.003,17.058,-0.005,17.907,17.030,17.880
2.872,-8.939,-0.001,1.000,0.000,-0.000,0.002,0.063,0.064,79.664,0.061,79.673,79.646,79.657,0.840,0.029,0.005,-0.001,-0.001,0.178,-0.001,-0.004,17.048,-0.005,17.895,17.020,17.869
2.880,-8.938,-0.001,1.000,0.000,-0.000,0.002,0.063,0.064,79.834,0.061,79.852,79.816,79.836,0.840,0.031,0.008,-0.002,-0.001,0.178,-0.001,-0.004,17.035,-0.005,17.880,17.008,17.854
2.889,-8.938,-0.001,1.000,-0.000,-0.000,0.003,0.063,0.064,80.004,0.061,80.031,79.986,80.014,0.841,0.032,0.011,-0.003,-0.002,0.178,-0.001,-0.004,17.018,-0.005,17.860,16.992,17.836
2.897,-8.938,-0.001,1.000,-0.000,-0.000,0.004,0.063,0.064,80.174,0.061,80.209,80.156,80.193,0.841,0.034,0.015,-0.004,-0.002,0.178,-0.001,-0.004,16.997,-0.005,17.834,16.972,17.811
2.905,-8.937,-0.001,1.000,-0.000,-0.000,0.005,0.063,0.064,80.344,0.061,80.387,80.325,80.371,0.842,0.035,0.018,-0.005,-0.002,0.178,-0.001,-0.003,16.971,-0.004,17.803,16.948,17.782
2.914,-8.937,-0.001,1.000,-0.000,-0.000,0.006,0.063,0.064,80.514,0.061,80.565,80.495,80.548,0.844,0.037,0.021,-0.005,-0.002,0.178,-0.001,-0.003,16.942,-0.004,17.768,16.920,17.748
2.922,-8.937,-0.000,1.000,-0.000,-0.000,0.007,0.063,0.064,80.683,0.061,80.743,80.664,80.726,0.845,0.038,0.022,-0.004,-0.002,0.179,-0.001,-0.003,16.910,-0.003,17.730,16.889,17.711
2.931,-8.936,-0.000,1.000,-0.000,-0.000,0.008,0.063,0.064,80.852,0.061,80.920,80.833,80.902,0.847,0.040,0.023,-0.002,-0.001,0.179,-0.000,-0.003,16.876,-0.003,17.691,16.856,17.673
2.939,-8.936,0.000,1.000,-0.000,-0.000,0.009,0.063,0.064,81.021,0.061,81.097,81.001,81.079,0.849,0.041,0.021,0.001,-0.001,0.179,-0.000,-0.002,16.843,-0.003,17.653,16.824,17.636
2.948,-8.935,0.000,1.000,-0.000,-0.000,0.010,0.063,0.064,81.189,0.061,81.273,81.169,81.255,0.851,0.043,0.018,0.004,0.000,0.179,-0.000,-0.002,16.811,-0.002,17.619,16.792,17.603
2.956,-8.935,0.000,1.000,-0.000,-0.000,0.011,0.063,0.064,81.357,0.061,81.449,81.337,81.431,0.852,0.045,0.014,0.008,0.001,0.180,-0.000,-0.001,16.783,-0.001,17.592,16.764,17.575
2.965,-8.934,0.001,1.000,-0.000,-0.000,0.011,0.063,0.064,81.524,0.061,81.625,81.504,81.607,0.853,0.046,0.009,0.012,0.002,0.180,0.000,-0.001,16.760,-0.001,17.572,16.740,17.554
2.973,-8.934,0.001,1.000,0.000,-0.000,0.012,0.063,0.064,81.692,0.061,81.800,81.672,81.782,0.854,0.048,0.002,0.016,0.003,0.180,0.000,-0.000,16.743,-0.000,17.562,16.721,17.542
2.982,-8.933,0.001,1.000,0.000,-0.000,0.013,0.063,0.064,81.859,0.061,81.976,81.839,81.958,0.854,0.049,-0.004,0.018,0.004,0.180,0.000,0.000,16.731,0.000,17.560,16.708,17.538
2.990,-8.933,0.001,1.000,0.000,-0.000,0.014,0.063,0.064,82.027,0.061,82.152,82.006,82.133,0.853,0.051,-0.010,0.020,0.004,0.179,0.001,0.001,16.726,0.001,17.567,16.700,17.542
2.999,-8.932,0.000,1.000,0.000,-0.000,0.015,0.063,0.064,82.194,0.061,82.327,82.173,82.308,0.852,0.052,-0.015,0.019,0.004,0.179,0.001,0.001,16.727,0.001,17.581,16.699,17.554
3.007,-8.932,0.000,1.000,0.000,-0.000,0.016,0.063,0.064,82.361,0.061,82.503,82.340,82.484,0.850,0.054,-0.020,0.017,0.004,0.179,0.001,0.002,16.734,0.002,17.601,16.702,17.572
3.016,-8.931,0.000,1.000,0.000,-0.000,0.017,0.063,0.064,82.529,0.061,82.679,82.507,82.660,0.848,0.055,-0.023,0.013,0.003,0.178,0.001,0.002,16.744,0.002,17.625,16.710,17.593
3.024,-8.931,-0.000,1.000,0.001,0.000,0.018,0.063,0.064,82.696,0.061,82.856,82.674,82.836,0.846,0.057,-0.024,0.008,0.003,0.178,0.001,0.003,16.757,0.003,17.649,16.721,17.615
3.033,-8.930,-0.000,1.000,0.001,0.000,0.019,0.063,0.064,82.864,0.061,83.032,82.841,83.012,0.843,0.058,-0.024,0.002,0.002,0.177,0.001,0.003,16.771,0.003,17.671,16.734,17.635
3.041,-8.930,-0.001,1.000,0.001,0.000,0.019,0.063,0.064,83.032,0.061,83.209,83.009,83.189,0.840,0.059,-0.022,-0.004,0.001,0.177,0.001,0.004,16.785,0.003,17.689,16.746,17.652
3.050,-8.929,-0.001,1.000,0.001,0.000,0.020,0.063,0.064,83.199,0.061,83.386,83.176,83.365,0.836,0.061,-0.020,-0.010,-0.000,0.177,0.001,0.004,16.796,0.004,17.701,16.757,17.664
3.058,-8.928,-0.001,1.000,0.000,0.000,0.021,0.063,0.064,83.367,0.061,83.563,83.344,83.542,0.834,0.062,-0.016,-0.015,-0.001,0.176,0.001,0.004,16.805,0.004,17.706,16.766,17.669
3.066,-8.928,-0.001,1.000,0.000,0.000,0.022,0.063,0.064,83.536,0.061,83.740,83.512,83.719,0.831,0.063,-0.012,-0.018,-0.002,0.176,0.001,0.004,16.810,0.003,17.704,16.772,17.668
3.075,-8.927,-0.001,1.000,0.000,-0.000,0.023,0.063,0.064,83.704,0.061,83.917,83.679,83.895,0.829,0.064,-0.008,-0.019,-0.002,0.176,0.001,0.004,16.812,0.003,17.696,16.775,17.661
3.083,-8.927,-0.001,1.000,0.000,-0.000,0.024,0.063,0.064,83.872,0.061,84.094,83.847,84.072,0.827,0.066,-0.004,-0.018,-0.002,0.176,0.001,0.004,16.810,0.003,17.682,16.774,17.649
3.091,-8.926,-0.001,1.000,0.000,-0.000,0.025,0.063,0.064,84.040,0.061,84.271,84.015,84.248,0.825,0.067,-0.001,-0.015,-0.002,0.176,0.000,0.003,16.804,0.002,17.666,16.771,17.634
3.099,-8.925,-0.001,1.000,0.000,-0.000,0.026,0.063,0.064,84.208,0.061,84.447,84.182,84.424,0.824,0.068,0.001,-0.011,-0.002,0.175,0.000,0.003,16.797,0.002,17.649,16.765,17.619
3.108,-8.924,-0.001,1.000,-0.000,-0.000,0.026,0.063,0.064,84.376,0.061,84.624,84.350,84.601,0.823,0.070,0.002,-0.007,-0.002,0.175,-0.000,0.002,16.789,0.001,17.632,16.758,17.603
3.116,-8.924,-0.001,1.000,-0.000,-0.000,0.027,0.063,0.064,84.544,0.061,84.800,84.518,84.777,0.822,0.071,0.002,-0.002,-0.001,0.175,-0.000,0.001,16.780,-0.000,17.618,16.751,17.590
3.124,-8.923,-0.001,1.000,-0.000,-0.000,0.028,0.063,0.064,84.711,0.061,84.976,84.685,84.952,0.822,0.073,0.002,0.001,-0.001,0.175,-0.001,0.000,16.773,-0.001,17.607,16.744,17.581
3.132,-8.922,-0.001,1.000,-0.000,-0.000,0.029,0.063,0.064,84.879,0.061,85.152,84.852,85.128,0.822,0.074,0.002,0.002,-0.000,0.175,-0.001,-0.000,16.767,-0.002,17.600,16.739,17.574
3.141,-8.922,-0.001,1.000,-0.000,-0.000,0.030,0.063,0.064,85.047,0.061,85.328,85.020,85.304,0.822,0.075,0.001,0.002,-0.000,0.175,-0.001,-0.001,16.764,-0.002,17.596,16.736,17.570
3.149,-8.921,-0.001,1.000,-0.000,-0.000,0.031,0.063,0.064,85.214,0.061,85.504,85.187,85.480,0.822,0.077,0.001,-0.001,-0.000,0.175,-0.001,-0.002,16.763,-0.003,17.594,16.735,17.569
3.157,-8.920,-0.001,0.999,-0.000,-0.000,0.032,0.063,0.064,85.382,0.061,85.680,85.355,85.655,0.822,0.078,0.001,-0.005,-0.000,0.175,-0.001,-0.002,16.764,-0.003,17.593,16.737,17.568
3.165,-8.919,-0.001,0.999,-0.000,-0.000,0.033,0.063,0.064,85.550,0.061,85.856,85.522,85.831,0.822,0.080,0.002,-0.011,-0.001,0.175,-0.001,-0.003,16.767,-0.004,17.590,16.740,17.566
3.173,-8.918,-0.001,0.999,-0.000,-0.000,0.033,0.063,0.064,85.717,0.061,86.032,85.689,86.007,0.822,0.081,0.004,-0.018,-0.001,0.175,-0.001,-0.003,16.770,-0.004,17.584,16.744,17.560
3.182,-8.918,-0.001,0.999,-0.000,-0.000,0.034,0.063,0.064,85.885,0.061,86.208,85.857,86.182,0.823,0.083,0.007,-0.024,-0.002,0.175,-0.001,-0.003,16.773,-0.004,17.573,16.748,17.551
3.190,-8.917,-0.001,0.999,-0.000,-0.000,0.035,0.063,0.064,86.053,0.061,86.383,86.024,86.358,0.823,0.084,0.010,-0.028,-0.002,0.175,-0.001,-0.003,16.775,-0.004,17.556,16.751,17.535
3.198,-8.916,-0.001,0.999,-0.001,-0.000,0.036,0.063,0.064,86.221,0.061,86.559,86.192,86.533,0.824,0.086,0.013,-0.031,-0.003,0.176,-0.001,-0.003,16.773,-0.003,17.533,16.750,17.514
3.206,-8.915,-0.001,0.999,-0.001,-0.000,0.037,0.063,0.064,86.388,0.061,86.734,86.359,86.708,0.825,0.087,0.016,-0.029,-0.003,0.176,-0.001,-0.003,16.767,-0.003,17.505,16.746,17.487
3.215,-8.914,-0.001,0.999,-0.001,-0.000,0.038,0.063,0.064,86.556,0.061,86.909,86.527,86.883,0.827,0.089,0.019,-0.025,-0.003,0.176,-0.001,-0.003,16.757,-0.003,17.472,16.738,17.456
3.223,-8.913,-0.000,0.999,-0.001,-0.000,0.039,0.063,0.064,86.723,0.061,87.083,86.694,87.057,0.829,0.091,0.021,-0.016,-0.002,0.176,-0.001,-0.003,16.741,-0.003,17.438,16.724,17.423
3.231,-8.912,-0.000,0.999,-0.001,-0.000,0.040,0.063,0.064,86.891,0.061,87.258,86.861,87.231,0.830,0.092,0.022,-0.005,-0.002,0.177,-0.001,-0.003,16.721,-0.003,17.404,16.706,17.390
3.239,-8.911,-0.000,0.999,-0.001,-0.000,0.041,0.063,0.064,87.058,0.061,87.432,87.028,87.405,0.832,0.094,0.021,0.009,-0.001,0.177,-0.000,-0.003,16.697,-0.002,17.374,16.683,17.361
3.248,-8.911,0.000,0.999,-0.001,-0.000,0.041,0.063,0.064,87.225,0.061,87.605,87.195,87.578,0.834,0.096,0.019,0.023,0.000,0.177,-0.000,-0.003,16.670,-0.002,17.349,16.656,17.336
3.256,-8.910,0.000,0.999,-0.001,-0.000,0.042,0.063,0.064,87.391,0.061,87.779,87.361,87.751,0.836,0.097,0.016,0.037,0.001,0.177,-0.000,-0.003,16.642,-0.001,17.333,16.628,17.320
3.265,-8.909,0.000,0.999,-0.001,-0.000,0.043,0.063,0.064,87.557,0.061,87.952,87.527,87.925,0.837,0.099,0.011,0.049,0.002,0.177,-0.000,-0.002,16.614,-0.001,17.327,16.598,17.312
