7.000,-3.000,0.001,0.707,0.000,0.000,0.707,-0.000,-0.000,0.000,-0.000,0.000,0.000,0.000,-0.000,-0.000,0.000,-0.000,-0.000,-0.000,0.000,0.000,-0.000,0.000,-0.000,-0.000,-0.000
7.000,-3.000,0.000,0.707,-0.000,0.000,0.707,-0.051,-0.038,-0.003,-0.039,-0.003,-0.003,-0.003,-0.000,-0.031,-0.000,0.002,0.016,0.006,-8.187,-6.407,-0.567,-6.586,-0.542,-0.672,-0.650
7.000,-3.001,0.000,0.707,-0.000,0.000,0.707,-0.119,-0.097,-0.011,-0.101,-0.011,-0.013,-0.013,-0.002,-0.059,-0.000,0.003,0.019,0.012,-4.172,-4.177,-1.193,-4.446,-1.142,-1.272,-1.224
7.000,-3.001,0.000,0.707,-0.000,0.000,0.707,-0.119,-0.107,-0.027,-0.109,-0.026,-0.029,-0.027,-0.004,-0.084,-0.000,0.004,0.017,0.021,3.708,2.044,-1.851,2.642,-1.775,-1.821,-1.736
7.000,-3.002,0.000,0.707,-0.000,0.000,0.707,-0.065,-0.069,-0.048,-0.063,-0.046,-0.050,-0.047,-0.005,-0.111,-0.000,0.002,0.014,0.027,5.731,4.386,-2.448,5.221,-2.349,-2.364,-2.249
7.000,-3.004,0.000,0.707,-0.000,0.000,0.707,-0.032,-0.041,-0.075,-0.029,-0.072,-0.076,-0.073,-0.004,-0.139,-0.000,-0.000,0.012,0.028,0.584,0.933,-2.951,1.293,-2.836,-2.913,-2.790
7.000,-3.005,0.000,0.707,-0.000,0.000,0.707,-0.053,-0.054,-0.107,-0.042,-0.103,-0.108,-0.103,-0.004,-0.166,-0.001,-0.000,0.008,0.031,-4.106,-3.116,-3.427,-3.370,-3.289,-3.457,-3.322
7.000,-3.007,0.000,0.707,-0.000,0.000,0.708,-0.093,-0.087,-0.144,-0.079,-0.138,-0.145,-0.139,-0.006,-0.191,-0.001,0.002,0.004,0.041,-3.042,-2.725,-3.949,-3.189,-3.765,-3.978,-3.801
7.000,-3.009,0.000,0.706,-0.000,0.000,0.708,-0.102,-0.098,-0.186,-0.093,-0.178,-0.187,-0.179,-0.009,-0.214,-0.001,0.002,0.001,0.054,1.228,0.539,-4.497,0.491,-4.266,-4.469,-4.239
7.000,-3.011,0.000,0.706,-0.000,0.000,0.708,-0.076,-0.080,-0.234,-0.074,-0.223,-0.234,-0.224,-0.010,-0.236,-0.002,-0.000,-0.001,0.060,3.178,2.489,-5.009,2.666,-4.751,-4.941,-4.679
7.000,-3.014,0.000,0.706,-0.000,0.000,0.708,-0.053,-0.060,-0.286,-0.053,-0.273,-0.286,-0.273,-0.009,-0.260,-0.002,-0.003,-0.001,0.060,1.056,1.183,-5.461,1.124,-5.191,-5.407,-5.138
6.999,-3.016,0.000,0.706,-0.000,0.000,0.708,-0.058,-0.061,-0.343,-0.055,-0.327,-0.342,-0.326,-0.009,-0.283,-0.003,-0.003,-0.002,0.062,-1.753,-1.131,-5.887,-1.425,-5.602,-5.870,-5.589
6.999,-3.019,0.000,0.706,-0.000,0.000,0.709,-0.079,-0.076,-0.404,-0.074,-0.385,-0.403,-0.384,-0.010,-0.304,-0.004,-0.002,-0.002,0.071,-1.916,-1.564,-6.331,-1.895,-6.011,-6.322,-6.007
6.999,-3.022,0.000,0.705,-0.000,0.000,0.709,-0.089,-0.086,-0.470,-0.086,-0.447,-0.469,-0.446,-0.012,-0.324,-0.005,-0.001,-0.003,0.081,0.045,-0.227,-6.788,-0.289,-6.426,-6.757,-6.396
6.999,-3.026,0.000,0.705,-0.000,0.000,0.709,-0.080,-0.081,-0.540,-0.080,-0.514,-0.538,-0.512,-0.012,-0.344,-0.006,-0.002,-0.003,0.088,1.479,1.087,-7.227,1.169,-6.836,-7.173,-6.779
6.999,-3.029,0.000,0.705,-0.000,0.000,0.710,-0.067,-0.070,-0.614,-0.069,-0.584,-0.612,-0.582,-0.012,-0.364,-0.007,-0.004,-0.003,0.090,0.875,0.840,-7.631,0.892,-7.225,-7.577,-7.169
6.999,-3.033,0.000,0.704,-0.000,0.000,0.710,-0.065,-0.067,-0.692,-0.065,-0.658,-0.690,-0.656,-0.012,-0.383,-0.008,-0.005,-0.003,0.091,-0.419,-0.145,-8.014,-0.182,-7.596,-7.972,-7.554
6.999,-3.037,0.000,0.704,-0.000,0.000,0.710,-0.072,-0.071,-0.774,-0.071,-0.736,-0.772,-0.733,-0.012,-0.401,-0.009,-0.004,-0.003,0.096,-0.894,-0.635,-8.395,-0.781,-7.954,-8.360,-7.921
6.999,-3.041,-0.000,0.704,-0.000,0.000,0.711,-0.078,-0.076,-0.860,-0.077,-0.817,-0.857,-0.814,-0.013,-0.418,-0.010,-0.004,-0.003,0.102,-0.307,-0.300,-8.778,-0.383,-8.307,-8.738,-8.268
6.998,-3.045,-0.000,0.703,-0.000,0.000,0.711,-0.078,-0.077,-0.950,-0.078,-0.902,-0.946,-0.898,-0.013,-0.435,-0.011,-0.004,-0.003,0.108,0.338,0.169,-9.151,0.181,-8.652,-9.104,-8.605
6.998,-3.050,-0.000,0.703,-0.000,0.000,0.711,-0.074,-0.074,-1.043,-0.075,-0.990,-1.039,-0.986,-0.013,-0.451,-0.011,-0.004,-0.003,0.112,0.415,0.330,-9.507,0.319,-8.986,-9.458,-8.936
6.998,-3.054,-0.000,0.703,-0.000,0.000,0.712,-0.071,-0.071,-1.140,-0.073,-1.082,-1.135,-1.077,-0.013,-0.466,-0.012,-0.004,-0.003,0.115,0.105,0.134,-9.848,0.118,-9.310,-9.800,-9.261
6.998,-3.059,-0.000,0.702,-0.000,0.000,0.712,-0.071,-0.071,-1.240,-0.073,-1.176,-1.235,-1.171,-0.012,-0.481,-0.012,-0.004,-0.003,0.117,-0.128,-0.033,-10.178,-0.065,-9.625,-10.130,-9.577
6.998,-3.064,-0.001,0.702,-0.000,0.000,0.713,-0.073,-0.072,-1.343,-0.074,-1.274,-1.338,-1.269,-0.012,-0.495,-0.012,-0.003,-0.003,0.120,-0.146,-0.069,-10.499,-0.122,-9.928,-10.452,-9.881
6.998,-3.069,-0.001,0.701,-0.000,0.000,0.713,-0.074,-0.072,-1.450,-0.075,-1.375,-1.444,-1.369,-0.012,-0.509,-0.012,-0.002,-0.003,0.124,-0.055,-0.027,-10.811,-0.062,-10.221,-10.763,-10.173
6.998,-3.074,-0.001,0.701,-0.000,0.000,0.713,-0.074,-0.072,-1.560,-0.075,-1.479,-1.553,-1.472,-0.012,-0.522,-0.011,-0.001,-0.002,0.128,-0.001,-0.008,-11.113,-0.025,-10.503,-11.064,-10.454
6.998,-3.079,-0.001,0.700,-0.000,0.000,0.714,-0.074,-0.072,-1.672,-0.075,-1.585,-1.665,-1.578,-0.011,-0.535,-0.010,0.001,-0.002,0.131,0.018,-0.001,-11.404,-0.010,-10.775,-11.354,-10.725
6.998,-3.085,-0.001,0.700,-0.000,0.000,0.714,-0.074,-0.072,-1.788,-0.075,-1.694,-1.780,-1.686,-0.011,-0.547,-0.009,0.002,-0.002,0.134,0.017,0.001,-11.683,-0.006,-11.038,-11.633,-10.987
6.997,-3.090,-0.001,0.699,-0.000,0.000,0.715,-0.074,-0.072,-1.906,-0.075,-1.806,-1.898,-1.798,-0.010,-0.558,-0.008,0.003,-0.002,0.138,0.010,0.001,-11.951,-0.005,-11.290,-11.901,-11.239
6.997,-3.096,-0.001,0.699,-0.000,0.000,0.715,-0.074,-0.072,-2.027,-0.075,-1.920,-2.018,-1.911,-0.010,-0.570,-0.006,0.003,-0.002,0.140,0.002,0.000,-12.208,-0.005,-11.533,-12.157,-11.482
6.997,-3.102,-0.001,0.698,-0.000,0.000,0.716,-0.074,-0.072,-2.150,-0.075,-2.036,-2.141,-2.027,-0.009,-0.581,-0.005,0.004,-0.002,0.143,-0.002,-0.000,-12.454,-0.005,-11.767,-12.404,-11.715
6.997,-3.108,-0.001,0.698,-0.000,0.000,0.716,-0.074,-0.072,-2.276,-0.075,-2.155,-2.266,-2.145,-0.009,-0.591,-0.003,0.004,-0.002,0.146,-0.003,-0.001,-12.691,-0.005,-11.991,-12.640,-11.940
6.997,-3.114,-0.001,0.697,-0.000,0.000,0.717,-0.074,-0.072,-2.404,-0.075,-2.276,-2.394,-2.266,-0.008,-0.601,-0.002,0.004,-0.002,0.149,-0.003,-0.001,-12.918,-0.005,-12.208,-12.868,-12.156
6.997,-3.120,-0.001,0.697,-0.000,0.000,0.717,-0.074,-0.072,-2.534,-0.076,-2.399,-2.524,-2.389,-0.007,-0.611,-0.001,0.003,-0.001,0.151,-0.002,-0.001,-13.137,-0.005,-12.416,-13.087,-12.364
6.997,-3.126,-0.001,0.696,-0.000,0.000,0.718,-0.074,-0.072,-2.667,-0.076,-2.524,-2.656,-2.513,-0.006,-0.621,0.000,0.003,-0.001,0.154,-0.001,-0.001,-13.349,-0.005,-12.617,-13.298,-12.565
6.997,-3.132,-0.001,0.696,-0.000,0.000,0.718,-0.074,-0.072,-2.801,-0.076,-2.652,-2.790,-2.640,-0.006,-0.631,0.001,0.001,-0.001,0.156,-0.001,-0.001,-13.554,-0.005,-12.811,-13.503,-12.759
6.997,-3.138,-0.001,0.695,-0.000,0.000,0.719,-0.074,-0.072,-2.938,-0.076,-2.781,-2.926,-2.768,-0.005,-0.640,0.001,0.000,-0.001,0.159,-0.000,-0.001,-13.753,-0.004,-13.000,-13.702,-12.947
6.997,-3.145,-0.001,0.695,-0.000,0.000,0.719,-0.074,-0.072,-3.076,-0.076,-2.911,-3.064,-2.899,-0.004,-0.649,0.001,-0.001,-0.001,0.161,-0.000,-0.000,-13.947,-0.004,-13.183,-13.896,-13.130
6.997,-3.151,-0.001,0.694,-0.000,0.000,0.720,-0.074,-0.072,-3.217,-0.076,-3.044,-3.204,-3.031,-0.003,-0.658,0.001,-0.002,-0.001,0.163,-0.000,0.000,-14.137,-0.004,-13.362,-14.085,-13.309
6.997,-3.158,-0.001,0.693,-0.000,0.000,0.721,-0.074,-0.072,-3.359,-0.076,-3.179,-3.345,-3.165,-0.002,-0.667,0.001,-0.002,-0.001,0.166,-0.000,0.000,-14.322,-0.003,-13.536,-14.271,-13.483
6.997,-3.165,-0.001,0.693,-0.000,0.000,0.721,-0.074,-0.072,-3.503,-0.076,-3.315,-3.489,-3.301,-0.001,-0.676,0.000,-0.002,-0.001,0.168,0.000,0.001,-14.504,-0.003,-13.706,-14.452,-13.653
6.997,-3.172,-0.001,0.692,-0.000,0.000,0.722,-0.074,-0.072,-3.649,-0.076,-3.453,-3.634,-3.438,0.000,-0.684,0.000,-0.001,-0.001,0.170,0.000,0.001,-14.681,-0.002,-13.872,-14.629,-13.819
6.997,-3.178,-0.001,0.692,-0.000,0.000,0.722,-0.074,-0.072,-3.797,-0.076,-3.592,-3.782,-3.577,0.002,-0.692,0.000,0.001,-0.002,0.172,0.000,0.002,-14.854,-0.002,-14.035,-14.802,-13.982
6.997,-3.185,-0.001,0.691,-0.000,0.000,0.723,-0.074,-0.072,-3.946,-0.076,-3.734,-3.930,-3.718,0.003,-0.700,0.001,0.004,-0.002,0.174,0.001,0.002,-15.021,-0.001,-14.194,-14.970,-14.141
6.997,-3.192,-0.001,0.690,-0.000,0.000,0.724,-0.074,-0.072,-4.097,-0.076,-3.876,-4.081,-3.860,0.004,-0.708,0.002,0.007,-0.002,0.176,0.001,0.003,-15.183,-0.000,-14.349,-15.132,-14.296
6.997,-3.200,-0.001,0.690,-0.000,0.000,0.724,-0.074,-0.072,-4.250,-0.076,-4.020,-4.233,-4.003,0.005,-0.716,0.003,0.012,-0.002,0.178,0.001,0.003,-15.338,0.000,-14.500,-15.288,-14.447
6.997,-3.207,-0.001,0.689,0.000,0.000,0.725,-0.074,-0.072,-4.404,-0.076,-4.166,-4.387,-4.149,0.007,-0.723,0.005,0.016,-0.002,0.180,0.001,0.004,-15.484,0.001,-14.645,-15.435,-14.593
6.997,-3.214,-0.001,0.688,0.000,0.000,0.725,-0.074,-0.072,-4.559,-0.076,-4.313,-4.542,-4.295,0.008,-0.731,0.007,0.019,-0.002,0.182,0.001,0.004,-15.622,0.002,-14.785,-15.574,-14.734
6.997,-3.221,-0.001,0.688,0.000,0.000,0.726,-0.074,-0.072,-4.716,-0.076,-4.462,-4.698,-4.443,0.009,-0.738,0.010,0.022,-0.002,0.184,0.001,0.004,-15.751,0.002,-14.918,-15.703,-14.868
6.997,-3.229,-0.001,0.687,0.000,0.000,0.727,-0.074,-0.072,-4.874,-0.076,-4.612,-4.856,-4.593,0.011,-0.745,0.013,0.024,-0.001,0.186,0.001,0.005,-15.870,0.003,-15.045,-15.824,-14.995
6.997,-3.236,-0.001,0.686,0.000,0.000,0.727,-0.074,-0.072,-5.033,-0.076,-4.763,-5.015,-4.743,0.012,-0.753,0.015,0.023,-0.001,0.188,0.001,0.005,-15.980,0.003,-15.164,-15.935,-15.115
6.997,-3.244,-0.001,0.686,0.000,0.000,0.728,-0.074,-0.072,-5.194,-0.076,-4.915,-5.174,-4.895,0.014,-0.760,0.018,0.020,-0.001,0.189,0.001,0.005,-16.083,0.004,-15.276,-16.039,-15.228
6.997,-3.251,-0.000,0.685,0.000,0.001,0.729,-0.074,-0.072,-5.355,-0.076,-5.068,-5.335,-5.048,0.016,-0.768,0.019,0.015,-0.000,0.191,0.001,0.005,-16.180,0.004,-15.380,-16.136,-15.333
6.998,-3.259,-0.000,0.684,0.000,0.001,0.729,-0.074,-0.072,-5.517,-0.076,-5.223,-5.497,-5.202,0.017,-0.775,0.020,0.007,0.000,0.193,0.001,0.004,-16.272,0.004,-15.477,-16.228,-15.431
6.998,-3.267,-0.000,0.684,0.001,0.001,0.730,-0.074,-0.072,-5.681,-0.076,-5.378,-5.660,-5.356,0.019,-0.783,0.020,-0.002,0.001,0.195,0.001,0.004,-16.362,0.004,-15.568,-16.318,-15.522
6.998,-3.275,0.000,0.683,0.000,0.001,0.731,-0.074,-0.072,-5.845,-0.076,-5.534,-5.823,-5.512,0.021,-0.790,0.018,-0.012,0.001,0.196,0.000,0.003,-16.452,0.003,-15.653,-16.408,-15.607
6.998,-3.283,0.000,0.682,0.000,0.001,0.731,-0.074,-0.072,-6.010,-0.076,-5.691,-5.988,-5.668,0.022,-0.797,0.016,-0.023,0.002,0.197,0.000,0.003,-16.544,0.003,-15.734,-16.499,-15.687
6.998,-3.291,0.000,0.681,0.000,0.000,0.732,-0.074,-0.072,-6.176,-0.076,-5.849,-6.153,-5.826,0.024,-0.803,0.012,-0.034,0.002,0.199,0.000,0.002,-16.640,0.002,-15.813,-16.593,-15.764
6.999,-3.299,0.001,0.681,0.000,0.000,0.733,-0.074,-0.072,-6.342,-0.076,-6.007,-6.320,-5.984,0.026,-0.810,0.007,-0.042,0.002,0.200,-0.000,0.001,-16.741,0.002,-15.889,-16.692,-15.839
6.999,-3.307,0.001,0.680,0.000,0.000,0.733,-0.074,-0.072,-6.510,-0.075,-6.166,-6.487,-6.143,0.028,-0.815,0.002,-0.049,0.002,0.201,-0.000,0.000,-16.847,0.001,-15.965,-16.797,-15.914
6.999,-3.315,0.001,0.679,-0.000,-0.000,0.734,-0.074,-0.072,-6.679,-0.075,-6.326,-6.656,-6.302,0.030,-0.820,-0.003,-0.052,0.001,0.202,-0.001,-0.001,-16.959,0.000,-16.041,-16.907,-15.988
7.000,-3.323,0.001,0.678,-0.000,-0.000,0.735,-0.074,-0.072,-6.850,-0.075,-6.487,-6.825,-6.462,0.032,-0.825,-0.009,-0.052,0.001,0.203,-0.001,-0.002,-17.076,-0.000,-16.119,-17.022,-16.064
7.000,-3.332,0.000,0.678,-0.001,-0.000,0.735,-0.074,-0.072,-7.021,-0.075,-6.649,-6.996,-6.623,0.033,-0.828,-0.014,-0.048,-0.000,0.204,-0.001,-0.002,-17.196,-0.001,-16.199,-17.140,-16.142
7.000,-3.340,0.000,0.677,-0.001,-0.001,0.736,-0.074,-0.072,-7.193,-0.076,-6.811,-7.168,-6.785,0.035,-0.831,-0.018,-0.041,-0.001,0.204,-0.001,-0.003,-17.317,-0.002,-16.281,-17.260,-16.223
7.001,-3.348,0.000,0.676,-0.001,-0.001,0.737,-0.074,-0.072,-7.367,-0.076,-6.974,-7.341,-6.948,0.037,-0.834,-0.021,-0.030,-0.002,0.205,-0.001,-0.003,-17.437,-0.002,-16.365,-17.379,-16.306
7.001,-3.357,-0.000,0.675,-0.001,-0.001,0.737,-0.074,-0.072,-7.542,-0.076,-7.138,-7.516,-7.111,0.039,-0.835,-0.023,-0.017,-0.002,0.206,-0.001,-0.003,-17.553,-0.003,-16.452,-17.495,-16.392
7.001,-3.365,-0.000,0.675,-0.001,-0.001,0.738,-0.074,-0.072,-7.718,-0.076,-7.303,-7.691,-7.276,0.041,-0.837,-0.023,-0.003,-0.003,0.206,-0.001,-0.003,-17.663,-0.003,-16.540,-17.605,-16.480
7.002,-3.373,-0.001,0.674,-0.001,-0.001,0.739,-0.074,-0.072,-7.895,-0.076,-7.469,-7.868,-7.441,0.042,-0.838,-0.022,0.011,-0.003,0.207,-0.001,-0.003,-17.764,-0.004,-16.628,-17.707,-16.568
7.002,-3.382,-0.001,0.673,-0.001,-0.001,0.740,-0.074,-0.072,-8.074,-0.076,-7.636,-8.045,-7.607,0.044,-0.839,-0.020,0.024,-0.003,0.207,-0.001,-0.003,-17.855,-0.004,-16.715,-17.799,-16.657
7.003,-3.390,-0.001,0.672,-0.001,-0.001,0.740,-0.074,-0.072,-8.252,-0.076,-7.804,-8.224,-7.774,0.046,-0.840,-0.016,0.034,-0.003,0.208,-0.001,-0.003,-17.935,-0.004,-16.801,-17.881,-16.743
7.003,-3.398,-0.001,0.672,-0.001,-0.001,0.741,-0.074,-0.072,-8.432,-0.076,-7.972,-8.403,-7.942,0.048,-0.841,-0.013,0.040,-0.003,0.209,-0.001,-0.002,-18.004,-0.004,-16.884,-17.952,-16.827
7.004,-3.407,-0.001,0.671,-0.000,-0.000,0.742,-0.074,-0.072,-8.613,-0.076,-8.141,-8.583,-8.111,0.049,-0.842,-0.009,0.041,-0.003,0.210,-0.000,-0.002,-18.064,-0.003,-16.962,-18.014,-16.908
7.004,-3.415,-0.001,0.670,-0.000,-0.000,0.742,-0.074,-0.072,-8.793,-0.076,-8.311,-8.763,-8.280,0.051,-0.843,-0.006,0.038,-0.002,0.211,-0.000,-0.002,-18.117,-0.003,-17.036,-18.068,-16.983
7.005,-3.424,-0.001,0.669,-0.000,-0.000,0.743,-0.074,-0.072,-8.975,-0.076,-8.482,-8.944,-8.450,0.053,-0.845,-0.003,0.031,-0.001,0.211,-0.000,-0.001,-18.165,-0.003,-17.105,-18.118,-17.054
7.005,-3.432,-0.001,0.668,-0.000,-0.000,0.744,-0.074,-0.072,-9.157,-0.076,-8.653,-9.126,-8.621,0.055,-0.847,-0.000,0.022,-0.001,0.212,-0.000,-0.001,-18.210,-0.003,-17.168,-18.164,-17.118
7.006,-3.441,-0.001,0.668,0.000,-0.000,0.744,-0.074,-0.072,-9.339,-0.076,-8.825,-9.307,-8.793,0.057,-0.849,0.001,0.013,-0.000,0.213,-0.000,-0.000,-18.256,-0.002,-17.227,-18.210,-17.178
7.006,-3.449,-0.001,0.667,0.000,0.000,0.745,-0.074,-0.072,-9.522,-0.076,-8.998,-9.490,-8.965,0.059,-0.851,0.002,0.004,0.000,0.213,0.000,0.000,-18.303,-0.002,-17.283,-18.257,-17.234
7.007,-3.458,-0.001,0.666,0.000,0.000,0.746,-0.074,-0.072,-9.705,-0.076,-9.171,-9.673,-9.137,0.061,-0.854,0.002,-0.003,0.000,0.214,0.000,0.001,-18.353,-0.002,-17.335,-18.307,-17.286
7.008,-3.466,-0.001,0.665,0.000,-0.000,0.747,-0.074,-0.072,-9.889,-0.076,-9.345,-9.856,-9.310,0.063,-0.856,0.002,-0.006,0.000,0.214,0.000,0.002,-18.405,-0.001,-17.386,-18.359,-17.337
7.008,-3.475,-0.001,0.664,0.000,-0.000,0.747,-0.074,-0.072,-10.073,-0.076,-9.519,-10.040,-9.484,0.065,-0.859,0.002,-0.004,-0.000,0.215,0.001,0.002,-18.458,-0.000,-17.436,-18.413,-17.387
7.009,-3.483,-0.001,0.664,-0.000,-0.000,0.748,-0.074,-0.072,-10.258,-0.076,-9.693,-10.224,-9.658,0.067,-0.861,0.002,0.002,-0.001,0.215,0.001,0.003,-18.512,0.000,-17.487,-18.466,-17.438
7.010,-3.492,-0.001,0.663,0.000,-0.000,0.749,-0.074,-0.072,-10.443,-0.076,-9.868,-10.409,-9.833,0.069,-0.864,0.002,0.012,-0.001,0.216,0.001,0.004,-18.562,0.001,-17.539,-18.517,-17.490
7.010,-3.501,-0.001,0.662,0.000,0.000,0.749,-0.074,-0.072,-10.629,-0.076,-10.044,-10.595,-10.008,0.071,-0.867,0.004,0.024,-0.002,0.217,0.001,0.004,-18.608,0.002,-17.593,-18.564,-17.544
7.011,-3.509,-0.001,0.661,0.000,0.000,0.750,-0.074,-0.072,-10.816,-0.076,-10.220,-10.780,-10.184,0.073,-0.869,0.006,0.037,-0.002,0.218,0.001,0.005,-18.645,0.003,-17.648,-18.603,-17.600
7.012,-3.518,-0.001,0.660,0.000,0.000,0.751,-0.074,-0.072,-11.002,-0.076,-10.397,-10.967,-10.360,0.075,-0.872,0.009,0.048,-0.002,0.219,0.002,0.006,-18.674,0.004,-17.703,-18.634,-17.656
7.012,-3.527,-0.001,0.660,0.001,0.001,0.752,-0.074,-0.072,-11.189,-0.076,-10.574,-11.153,-10.537,0.077,-0.875,0.012,0.056,-0.002,0.220,0.002,0.006,-18.694,0.005,-17.756,-18.655,-17.711
7.013,-3.536,-0.001,0.659,0.001,0.001,0.752,-0.074,-0.072,-11.376,-0.076,-10.752,-11.340,-10.714,0.080,-0.879,0.015,0.058,-0.001,0.221,0.002,0.006,-18.704,0.005,-17.806,-18.668,-17.763
7.014,-3.544,-0.001,0.658,0.001,0.001,0.753,-0.074,-0.072,-11.563,-0.076,-10.930,-11.526,-10.892,0.082,-0.882,0.018,0.052,-0.001,0.221,0.001,0.006,-18.708,0.006,-17.851,-18.674,-17.810
7.015,-3.553,-0.001,0.657,0.001,0.001,0.754,-0.074,-0.071,-11.750,-0.076,-11.109,-11.713,-11.070,0.084,-0.886,0.020,0.039,0.000,0.222,0.001,0.005,-18.708,0.005,-17.889,-18.675,-17.851
7.016,-3.562,-0.000,0.656,0.001,0.001,0.755,-0.074,-0.071,-11.937,-0.076,-11.288,-11.900,-11.249,0.087,-0.890,0.021,0.020,0.001,0.223,0.001,0.004,-18.709,0.005,-17.919,-18.677,-17.882
7.017,-3.571,-0.000,0.655,0.001,0.001,0.755,-0.074,-0.071,-12.124,-0.076,-11.467,-12.087,-11.428,0.089,-0.894,0.021,-0.005,0.002,0.224,0.000,0.003,-18.714,0.004,-17.940,-18.681,-17.904
7.018,-3.580,0.000,0.655,0.001,0.001,0.756,-0.074,-0.071,-12.312,-0.076,-11.647,-12.274,-11.607,0.092,-0.898,0.019,-0.033,0.003,0.224,-0.000,0.002,-18.728,0.003,-17.952,-18.693,-17.916
7.018,-3.589,0.000,0.654,0.001,0.001,0.757,-0.074,-0.071,-12.499,-0.075,-11.826,-12.461,-11.786,0.094,-0.902,0.016,-0.060,0.004,0.224,-0.001,0.000,-18.752,0.002,-17.955,-18.715,-17.919
7.019,-3.598,0.000,0.653,0.001,0.001,0.757,-0.074,-0.071,-12.687,-0.075,-12.006,-12.648,-11.965,0.097,-0.905,0.012,-0.084,0.004,0.224,-0.001,-0.001,-18.789,0.001,-17.953,-18.749,-17.915
7.020,-3.607,0.000,0.652,0.000,0.000,0.758,-0.074,-0.071,-12.875,-0.075,-12.185,-12.836,-12.144,0.099,-0.908,0.006,-0.102,0.004,0.224,-0.001,-0.003,-18.840,0.000,-17.947,-18.796,-17.906
7.021,-3.616,0.001,0.651,0.000,0.000,0.759,-0.074,-0.071,-13.063,-0.075,-12.365,-13.024,-12.323,0.101,-0.910,-0.000,-0.112,0.004,0.224,-0.001,-0.004,-18.903,-0.001,-17.939,-18.855,-17.895
7.022,-3.625,0.000,0.650,-0.000,-0.000,0.760,-0.074,-0.071,-13.253,-0.075,-12.544,-13.213,-12.502,0.104,-0.911,-0.006,-0.113,0.003,0.224,-0.001,-0.005,-18.977,-0.001,-17.933,-18.924,-17.884
7.023,-3.634,0.000,0.649,-0.001,-0.001,0.760,-0.074,-0.072,-13.443,-0.075,-12.724,-13.402,-12.681,0.106,-0.912,-0.012,-0.105,0.002,0.224,-0.001,-0.006,-19.058,-0.002,-17.930,-19.001,-17.878
7.025,-3.644,0.000,0.649,-0.001,-0.001,0.761,-0.074,-0.072,-13.634,-0.076,-12.903,-13.593,-12.860,0.108,-0.912,-0.017,-0.087,0.001,0.224,-0.001,-0.006,-19.141,-0.002,-17.934,-19.082,-17.877
7.026,-3.653,0.000,0.648,-0.001,-0.001,0.762,-0.074,-0.072,-13.826,-0.076,-13.082,-13.784,-13.039,0.110,-0.911,-0.020,-0.062,-0.001,0.224,-0.001,-0.006,-19.223,-0.003,-17.945,-19.162,-17.885
7.027,-3.662,-0.000,0.647,-0.001,-0.002,0.763,-0.074,-0.072,-14.018,-0.076,-13.262,-13.976,-13.218,0.112,-0.910,-0.022,-0.032,-0.002,0.224,-0.001,-0.006,-19.299,-0.003,-17.965,-19.236,-17.903
7.028,-3.671,-0.000,0.647,-0.002,-0.002,0.763,0.335,0.250,-14.208,0.232,-13.447,-14.165,-13.399,0.171,-0.891,-0.008,-0.136,-0.069,-0.133,59.194,48.887,-18.629,46.534,-18.876,-18.486,-18.358
7.030,-3.679,-0.000,0.648,-0.001,-0.003,0.762,0.764,0.647,-14.390,0.584,-13.637,-14.343,-13.585,0.237,-0.857,0.030,-0.129,-0.303,-0.534,19.883,20.009,-17.697,18.220,-19.030,-17.299,-18.782
7.033,-3.688,0.000,0.651,0.000,-0.004,0.759,0.794,0.681,-14.563,0.645,-13.827,-14.511,-13.775,0.260,-0.840,0.029,0.095,-0.322,-0.741,-12.273,-14.123,-17.147,-5.252,-19.030,-16.582,-19.168
7.035,-3.696,0.000,0.653,0.001,-0.004,0.757,0.569,0.407,-14.735,0.510,-14.018,-14.679,-13.968,0.242,-0.857,-0.027,0.174,0.054,-0.659,-28.984,-36.092,-17.224,-19.247,-19.079,-16.871,-19.423
7.038,-3.705,-0.000,0.656,0.001,-0.003,0.755,0.317,0.095,-14.907,0.329,-14.209,-14.848,-14.164,0.243,-0.868,-0.081,0.179,0.429,-0.709,-16.870,-20.679,-17.285,-13.723,-19.135,-16.958,-19.862
7.040,-3.714,-0.001,0.658,0.000,-0.001,0.753,0.305,0.073,-15.078,0.297,-14.400,-15.017,-14.362,0.224,-0.858,-0.042,0.191,0.194,-0.646,13.354,15.129,-16.860,7.075,-19.252,-16.846,-19.688
7.042,-3.722,-0.001,0.661,0.000,-0.000,0.750,0.479,0.300,-15.245,0.399,-14.593,-15.184,-14.558,0.233,-0.840,0.003,0.032,-0.071,-0.723,17.014,24.631,-16.553,10.624,-19.406,-16.386,-19.598
7.045,-3.731,-0.001,0.664,0.000,-0.001,0.748,0.576,0.469,-15.410,0.462,-14.789,-15.344,-14.755,0.259,-0.819,0.017,-0.130,-0.130,-0.902,3.147,9.114,-16.451,2.683,-19.817,-15.686,-19.670
7.047,-3.739,-0.001,0.668,0.001,-0.002,0.744,0.567,0.512,-15.574,0.464,-14.990,-15.498,-14.952,0.277,-0.806,0.014,-0.120,-0.097,-1.078,-3.916,0.383,-16.365,-1.817,-20.221,-15.034,-19.825
7.050,-3.747,-0.001,0.672,0.000,-0.002,0.741,0.516,0.495,-15.738,0.435,-15.193,-15.646,-15.151,0.280,-0.807,-0.005,-0.003,0.039,-1.176,-5.476,-2.958,-16.352,-3.372,-20.386,-14.737,-20.041
7.053,-3.755,-0.001,0.676,0.000,-0.002,0.737,0.470,0.467,-15.901,0.405,-15.398,-15.793,-15.352,0.274,-0.806,-0.010,0.043,0.079,-1.203,-3.545,-2.462,-16.281,-2.535,-20.690,-14.562,-20.081
7.056,-3.763,-0.001,0.681,0.000,-0.001,0.733,0.444,0.446,-16.064,0.385,-15.606,-15.938,-15.553,0.262,-0.808,-0.011,0.070,0.085,-1.189,-1.733,-1.760,-16.222,-1.450,-20.927,-14.512,-20.049
7.058,-3.771,-0.001,0.685,0.000,-0.001,0.728,0.433,0.432,-16.226,0.375,-15.816,-16.083,-15.753,0.249,-0.811,-0.007,0.066,0.063,-1.167,-0.530,-1.163,-16.180,-0.573,-21.053,-14.517,-20.011
7.061,-3.779,-0.001,0.689,0.000,-0.000,0.725,0.432,0.422,-16.387,0.373,-16.027,-16.229,-15.953,0.237,-0.815,-0.003,0.051,0.031,-1.151,0.076,-0.741,-16.143,-0.048,-21.121,-14.533,-19.988
7.063,-3.787,-0.001,0.693,0.000,-0.000,0.721,0.434,0.416,-16.549,0.373,-16.238,-16.374,-16.153,0.226,-0.818,0.001,0.037,0.006,-1.139,0.281,-0.471,-16.118,0.192,-21.162,-14.553,-19.978
7.065,-3.795,-0.001,0.697,0.000,-0.000,0.717,0.437,0.412,-16.710,0.376,-16.450,-16.520,-16.353,0.215,-0.821,0.004,0.026,-0.013,-1.132,0.272,-0.309,-16.103,0.250,-21.193,-14.569,-19.978
7.067,-3.804,-0.001,0.702,0.001,-0.000,0.713,0.439,0.410,-16.871,0.378,-16.662,-16.665,-16.553,0.206,-0.824,0.007,0.017,-0.027,-1.130,0.186,-0.211,-16.092,0.222,-21.210,-14.579,-19.985
7.069,-3.812,-0.001,0.706,0.001,-0.000,0.709,0.440,0.408,-17.031,0.380,-16.874,-16.811,-16.752,0.197,-0.828,0.010,0.007,-0.036,-1.130,0.097,-0.151,-16.082,0.157,-21.213,-14.586,-19.997
7.071,-3.820,-0.001,0.710,0.001,-0.000,0.705,0.441,0.407,-17.192,0.381,-17.086,-16.957,-16.952,0.188,-0.831,0.013,-0.004,-0.041,-1.133,0.030,-0.112,-16.070,0.060,-21.207,-14.591,-20.010
7.073,-3.829,-0.001,0.714,0.001,-0.000,0.701,0.441,0.406,-17.353,0.382,-17.298,-17.103,-17.153,0.179,-0.835,0.017,-0.015,-0.039,-1.136,-0.001,-0.082,-16.055,0.018,-21.195,-14.596,-20.019
7.075,-3.837,-0.001,0.717,0.001,-0.001,0.697,0.441,0.405,-17.513,0.382,-17.510,-17.249,-17.353,0.171,-0.840,0.019,-0.025,-0.033,-1.141,-0.012,-0.060,-16.037,0.003,-21.178,-14.601,-20.023
7.077,-3.845,-0.000,0.721,0.001,-0.001,0.692,0.441,0.405,-17.674,0.382,-17.722,-17.395,-17.553,0.162,-0.844,0.021,-0.033,-0.023,-1.145,-0.013,-0.044,-16.016,-0.002,-21.154,-14.608,-20.018
7.078,-3.854,-0.000,0.725,0.001,-0.001,0.688,0.441,0.404,-17.834,0.382,-17.933,-17.541,-17.753,0.153,-0.849,0.023,-0.039,-0.013,-1.148,-0.010,-0.031,-15.997,-0.004,-21.120,-14.616,-20.004
7.080,-3.862,0.000,0.729,0.001,-0.001,0.684,0.441,0.404,-17.994,0.382,-18.144,-17.687,-17.953,0.143,-0.854,0.023,-0.038,-0.002,-1.151,-0.007,-0.021,-15.981,-0.004,-21.080,-14.627,-19.981
7.081,-3.871,0.000,0.733,0.001,-0.001,0.680,0.441,0.404,-18.153,0.381,-18.355,-17.834,-18.153,0.133,-0.859,0.021,-0.030,0.009,-1.152,-0.004,-0.014,-15.973,-0.006,-21.039,-14.637,-19.952
7.082,-3.879,0.000,0.737,0.001,-0.001,0.676,0.440,0.404,-18.313,0.381,-18.565,-17.980,-18.352,0.123,-0.864,0.018,-0.015,0.020,-1.152,-0.002,-0.009,-15.973,-0.008,-21.003,-14.646,-19.921
7.083,-3.888,0.001,0.741,0.000,-0.001,0.671,0.440,0.404,-18.473,0.381,-18.775,-18.127,-18.551,0.112,-0.868,0.013,0.006,0.031,-1.150,-0.001,-0.005,-15.980,-0.011,-20.976,-14.654,-19.891
7.084,-3.897,0.001,0.745,0.000,-0.001,0.667,0.440,0.404,-18.633,0.381,-18.985,-18.273,-18.750,0.101,-0.871,0.007,0.031,0.041,-1.147,-0.001,-0.001,-15.991,-0.014,-20.964,-14.657,-19.868
7.085,-3.906,0.001,0.749,0.000,-0.001,0.663,0.440,0.404,-18.793,0.381,-19.194,-18.420,-18.949,0.090,-0.874,0.001,0.055,0.048,-1.143,-0.001,0.002,-16.002,-0.017,-20.971,-14.652,-19.854
7.086,-3.914,0.001,0.752,0.001,-0.000,0.659,0.440,0.404,-18.953,0.381,-19.404,-18.566,-19.147,0.079,-0.876,-0.006,0.075,0.050,-1.141,-0.001,0.005,-16.009,-0.018,-20.997,-14.635,-19.853
7.087,-3.923,0.001,0.756,0.001,0.000,0.654,0.440,0.404,-19.113,0.381,-19.614,-18.712,-19.346,0.069,-0.876,-0.011,0.089,0.046,-1.140,-0.000,0.007,-16.011,-0.020,-21.043,-14.605,-19.864
7.088,-3.932,0.001,0.760,0.001,0.001,0.650,0.440,0.404,-19.273,0.380,-19.825,-18.858,-19.544,0.059,-0.876,-0.016,0.093,0.037,-1.140,-0.001,0.008,-16.007,-0.027,-21.106,-14.562,-19.887
7.088,-3.941,0.000,0.764,0.001,0.001,0.646,0.440,0.404,-19.433,0.380,-20.036,-19.004,-19.743,0.050,-0.874,-0.019,0.088,0.025,-1.144,-0.002,0.008,-15.996,-0.031,-21.183,-14.508,-19.921
7.089,-3.949,0.000,0.767,0.001,0.001,0.641,0.440,0.404,-19.593,0.380,-20.249,-19.148,-19.943,0.041,-0.872,-0.020,0.074,0.010,-1.149,-0.001,0.009,-15.983,-0.025,-21.265,-14.449,-19.964
7.089,-3.958,-0.000,0.771,0.002,0.002,0.637,0.440,0.404,-19.753,0.380,-20.462,-19.292,-20.143,0.033,-0.869,-0.020,0.054,-0.004,-1.155,0.001,0.008,-15.976,-0.015,-21.343,-14.389,-20.011
7.089,-3.967,-0.000,0.775,0.002,0.002,0.632,0.440,0.404,-19.912,0.380,-20.676,-19.436,-20.343,0.025,-0.867,-0.019,0.029,-0.015,-1.163,0.002,0.007,-15.976,-0.006,-21.412,-14.335,-20.060
7.089,-3.975,-0.000,0.778,0.002,0.002,0.628,0.440,0.404,-20.072,0.380,-20.890,-19.579,-20.544,0.016,-0.864,-0.017,0.002,-0.021,-1.169,0.002,0.006,-15.979,0.002,-21.467,-14.295,-20.107
7.090,-3.984,-0.001,0.782,0.002,0.002,0.623,0.440,0.404,-20.232,0.380,-21.105,-19.722,-20.745,0.007,-0.862,-0.015,-0.025,-0.023,-1.174,0.003,0.004,-15.982,0.008,-21.505,-14.276,-20.149
7.090,-3.993,-0.001,0.786,0.002,0.001,0.619,0.440,0.404,-20.392,0.380,-21.320,-19.865,-20.947,-0.002,-0.860,-0.013,-0.049,-0.023,-1.177,0.003,0.002,-15.987,0.017,-21.524,-14.277,-20.182
7.090,-4.001,-0.001,0.789,0.002,0.001,0.614,0.441,0.404,-20.552,0.380,-21.535,-20.008,-21.149,-0.012,-0.858,-0.010,-0.066,-0.022,-1.177,0.003,0.000,-16.004,0.023,-21.523,-14.297,-20.200
7.089,-4.010,-0.001,0.793,0.001,0.001,0.609,0.441,0.404,-20.712,0.380,-21.750,-20.151,-21.351,-0.022,-0.857,-0.008,-0.073,-0.022,-1.173,0.001,-0.002,-16.030,0.015,-21.503,-14.333,-20.204
7.089,-4.018,-0.001,0.796,0.001,0.001,0.605,0.441,0.404,-20.872,0.380,-21.965,-20.294,-21.553,-0.033,-0.856,-0.005,-0.073,-0.022,-1.168,-0.000,-0.003,-16.061,0.010,-21.471,-14.381,-20.198
7.089,-4.027,-0.001,0.800,0.001,0.000,0.600,0.441,0.404,-21.033,0.380,-22.180,-20.438,-21.755,-0.044,-0.855,-0.003,-0.066,-0.022,-1.162,-0.001,-0.004,-16.093,0.007,-21.432,-14.436,-20.187
7.088,-4.035,-0.001,0.803,0.001,-0.000,0.595,0.441,0.404,-21.194,0.380,-22.394,-20.583,-21.957,-0.055,-0.854,-0.002,-0.054,-0.022,-1.157,-0.001,-0.005,-16.123,0.006,-21.393,-14.491,-20.174
7.088,-4.044,-0.001,0.807,0.001,-0.000,0.591,0.441,0.404,-21.356,0.380,-22.608,-20.728,-22.158,-0.065,-0.853,-0.001,-0.042,-0.022,-1.152,-0.001,-0.005,-16.149,0.005,-21.356,-14.542,-20.164
7.087,-4.052,-0.001,0.810,0.001,-0.000,0.586,0.441,0.404,-21.517,0.381,-22.821,-20.874,-22.360,-0.076,-0.852,0.000,-0.031,-0.021,-1.149,-0.001,-0.005,-16.171,0.006,-21.323,-14.588,-20.159
7.086,-4.061,-0.001,0.814,0.001,-0.001,0.581,0.441,0.404,-21.679,0.381,-23.034,-21.020,-22.562,-0.086,-0.852,0.002,-0.024,-0.020,-1.148,-0.000,-0.004,-16.188,0.006,-21.296,-14.623,-20.160
7.085,-4.070,-0.001,0.817,0.001,-0.001,0.577,0.441,0.404,-21.841,0.381,-23.247,-21.166,-22.763,-0.095,-0.851,0.003,-0.024,-0.020,-1.150,0.000,-0.003,-16.202,0.007,-21.273,-14.645,-20.164
7.084,-4.078,-0.001,0.820,0.000,-0.001,0.572,0.441,0.404,-22.003,0.381,-23.460,-21.313,-22.965,-0.104,-0.850,0.005,-0.032,-0.021,-1.156,0.001,-0.002,-16.213,0.008,-21.254,-14.656,-20.170
7.083,-4.087,-0.001,0.824,0.000,-0.001,0.567,0.441,0.404,-22.165,0.381,-23.672,-21.459,-23.167,-0.112,-0.850,0.007,-0.046,-0.021,-1.164,0.001,-0.001,-16.224,0.009,-21.236,-14.657,-20.176
7.082,-4.095,-0.001,0.827,0.000,-0.001,0.562,0.441,0.404,-22.327,0.381,-23.884,-21.606,-23.368,-0.121,-0.850,0.009,-0.064,-0.018,-1.174,0.001,-0.001,-16.238,0.008,-21.214,-14.656,-20.179
7.081,-4.104,-0.001,0.830,-0.000,-0.002,0.558,0.441,0.404,-22.490,0.381,-24.096,-21.753,-23.570,-0.129,-0.850,0.011,-0.082,-0.011,-1.184,0.001,-0.000,-16.259,0.007,-21.188,-14.660,-20.173
7.079,-4.112,-0.001,0.833,-0.000,-0.002,0.553,0.441,0.404,-22.653,0.381,-24.308,-21.899,-23.772,-0.139,-0.851,0.012,-0.096,-0.003,-1.192,0.000,-0.000,-16.286,0.005,-21.154,-14.673,-20.156
7.078,-4.121,-0.001,0.837,-0.001,-0.002,0.548,0.441,0.404,-22.816,0.381,-24.519,-22.046,-23.973,-0.149,-0.851,0.012,-0.105,0.007,-1.197,-0.000,-0.001,-16.319,0.003,-21.110,-14.701,-20.126
7.076,-4.129,-0.000,0.840,-0.001,-0.002,0.543,0.441,0.404,-22.979,0.381,-24.730,-22.193,-24.174,-0.160,-0.851,0.012,-0.103,0.015,-1.196,-0.001,-0.001,-16.357,-0.000,-21.056,-14.746,-20.080
7.075,-4.138,-0.000,0.843,-0.002,-0.003,0.538,0.441,0.404,-23.143,0.381,-24.940,-22.341,-24.375,-0.173,-0.851,0.011,-0.091,0.021,-1.190,-0.002,-0.002,-16.396,-0.004,-20.992,-14.806,-20.022
7.073,-4.146,-0.000,0.846,-0.002,-0.003,0.533,0.441,0.404,-23.307,0.381,-25.150,-22.489,-24.575,-0.186,-0.851,0.010,-0.066,0.024,-1.178,-0.002,-0.003,-16.431,-0.008,-20.923,-14.882,-19.956
7.071,-4.155,-0.000,0.849,-0.002,-0.003,0.528,0.440,0.404,-23.471,0.381,-25.359,-22.639,-24.774,-0.200,-0.850,0.007,-0.030,0.027,-1.160,-0.003,-0.004,-16.459,-0.011,-20.853,-14.970,-19.891
7.069,-4.163,-0.000,0.852,-0.002,-0.003,0.523,0.440,0.404,-23.636,0.381,-25.567,-22.789,-24.972,-0.215,-0.848,0.004,0.012,0.030,-1.138,-0.003,-0.005,-16.475,-0.013,-20.799,-15.065,-19.833
7.067,-4.172,-0.000,0.855,-0.002,-0.002,0.518,0.440,0.404,-23.801,0.381,-25.775,-22.940,-25.171,-0.228,-0.846,0.000,0.057,0.032,-1.119,-0.003,-0.004,-16.475,-0.014,-20.770,-15.140,-19.793
7.064,-4.180,-0.000,0.858,-0.002,-0.002,0.513,0.440,0.404,-23.966,0.381,-25.983,-23.092,-25.368,-0.240,-0.843,-0.003,0.101,0.028,-1.108,-0.002,-0.003,-16.457,-0.013,-20.770,-15.176,-19.778
7.062,-4.188,-0.000,0.861,-0.002,-0.002,0.508,0.440,0.404,-24.130,0.380,-26.190,-23.243,-25.566,-0.251,-0.840,-0.005,0.139,0.021,-1.101,-0.001,-0.002,-16.422,-0.011,-20.792,-15.179,-19.790
7.059,-4.197,-0.000,0.864,-0.001,-0.001,0.504,0.440,0.404,-24.294,0.380,-26.399,-23.395,-25.764,-0.260,-0.837,-0.006,0.168,0.013,-1.097,-0.001,-0.001,-16.373,-0.010,-20.837,-15.157,-19.822
7.057,-4.205,-0.000,0.867,-0.000,-0.001,0.499,0.440,0.404,-24.457,0.380,-26.607,-23.546,-25.963,-0.269,-0.833,-0.007,0.184,0.004,-1.094,-0.000,-0.000,-16.312,-0.007,-20.899,-15.115,-19.873
7.054,-4.213,-0.000,0.869,0.001,-0.000,0.494,0.440,0.404,-24.620,0.380,-26.817,-23.697,-26.162,-0.277,-0.830,-0.007,0.186,-0.002,-1.092,0.000,0.000,-16.245,-0.005,-20.970,-15.056,-19.937
7.051,-4.222,-0.000,0.872,0.001,0.000,0.489,0.440,0.404,-24.782,0.380,-27.027,-23.848,-26.361,-0.285,-0.825,-0.006,0.173,-0.008,-1.093,0.001,0.001,-16.175,-0.002,-21.046,-14.981,-20.009
7.048,-4.230,-0.000,0.875,0.002,0.000,0.485,0.440,0.404,-24.944,0.380,-27.237,-23.997,-26.562,-0.292,-0.821,-0.003,0.149,-0.017,-1.099,0.001,0.002,-16.105,0.002,-21.129,-14.879,-20.083
7.045,-4.238,-0.000,0.877,0.003,0.001,0.480,0.440,0.404,-25.104,0.380,-27.449,-24.145,-26.763,-0.297,-0.817,0.000,0.121,-0.023,-1.110,0.002,0.003,-16.042,0.006,-21.210,-14.760,-20.155
7.042,-4.246,-0.000,0.880,0.003,0.001,0.475,0.440,0.404,-25.265,0.380,-27.662,-24.292,-26.965,-0.304,-0.813,0.003,0.092,-0.022,-1.121,0.003,0.004,-15.992,0.008,-21.281,-14.646,-20.222
7.039,-4.254,-0.000,0.883,0.004,0.001,0.470,0.440,0.404,-25.424,0.380,-27.875,-24.438,-27.168,-0.310,-0.810,0.004,0.064,-0.015,-1.132,0.003,0.006,-15.958,0.009,-21.338,-14.544,-20.280
7.036,-4.263,-0.000,0.885,0.004,0.001,0.465,0.440,0.404,-25.584,0.380,-28.088,-24.583,-27.371,-0.317,-0.806,0.003,0.036,-0.002,-1.145,0.003,0.006,-15.936,0.009,-21.396,-14.449,-20.331
7.033,-4.271,-0.000,0.888,0.004,0.001,0.460,0.441,0.404,-25.743,0.380,-28.303,-24.727,-27.574,-0.324,-0.803,0.002,0.010,0.015,-1.162,0.003,0.007,-15.926,0.008,-21.466,-14.350,-20.374
7.030,-4.279,-0.000,0.891,0.004,0.001,0.455,0.441,0.404,-25.902,0.381,-28.518,-24.870,-27.778,-0.330,-0.800,-0.001,-0.012,0.030,-1.180,0.002,0.007,-15.931,0.006,-21.542,-14.255,-20.404
7.026,-4.287,-0.000,0.893,0.004,0.001,0.449,0.441,0.404,-26.062,0.381,-28.734,-25.012,-27.982,-0.337,-0.796,-0.003,-0.027,0.038,-1.196,0.001,0.006,-15.945,0.005,-21.612,-14.172,-20.419
7.023,-4.294,-0.000,0.896,0.003,0.002,0.444,0.441,0.404,-26.221,0.381,-28.950,-25.153,-28.186,-0.345,-0.792,-0.005,-0.037,0.038,-1.209,0.001,0.005,-15.965,0.003,-21.671,-14.107,-20.422
7.019,-4.302,-0.000,0.899,0.003,0.002,0.438,0.441,0.404,-26.381,0.381,-29.167,-25.294,-28.391,-0.352,-0.788,-0.006,-0.045,0.029,-1.219,0.001,0.004,-15.988,0.003,-21.715,-14.058,-20.416
7.016,-4.310,-0.000,0.901,0.003,0.002,0.433,0.441,0.404,-26.541,0.381,-29.384,-25.435,-28.595,-0.361,-0.783,-0.006,-0.052,0.013,-1.228,0.001,0.003,-16.012,0.003,-21.745,-14.022,-20.406
7.012,-4.318,-0.001,0.904,0.003,0.002,0.427,0.441,0.404,-26.701,0.381,-29.602,-25.575,-28.799,-0.369,-0.779,-0.005,-0.061,-0.007,-1.235,0.000,0.002,-16.036,0.004,-21.755,-14.003,-20.396
7.008,-4.326,-0.001,0.907,0.002,0.001,0.422,0.441,0.404,-26.862,0.381,-29.819,-25.715,-29.003,-0.378,-0.774,-0.003,-0.073,-0.028,-1.241,0.000,-0.000,-16.059,0.004,-21.744,-14.002,-20.389
7.005,-4.334,-0.001,0.909,0.002,0.001,0.416,0.441,0.404,-27.022,0.381,-30.037,-25.855,-29.206,-0.387,-0.770,-0.000,-0.088,-0.046,-1.246,-0.000,-0.002,-16.084,0.005,-21.713,-14.019,-20.385
7.001,-4.341,-0.001,0.912,0.002,0.001,0.410,0.441,0.404,-27.183,0.381,-30.253,-25.995,-29.410,-0.396,-0.766,0.002,-0.104,-0.058,-1.251,-0.000,-0.003,-16.112,0.004,-21.664,-14.054,-20.383
6.997,-4.349,-0.001,0.914,0.001,0.000,0.405,0.441,0.404,-27.345,0.381,-30.470,-26.136,-29.614,-0.406,-0.762,0.004,-0.120,-0.061,-1.254,-0.001,-0.004,-16.147,0.004,-21.601,-14.107,-20.378
6.993,-4.356,-0.000,0.917,0.001,-0.000,0.399,0.441,0.404,-27.506,0.381,-30.685,-26.277,-29.818,-0.416,-0.758,0.006,-0.134,-0.053,-1.257,-0.001,-0.004,-16.192,0.003,-21.529,-14.177,-20.366
6.988,-4.364,-0.000,0.919,0.000,-0.001,0.393,0.441,0.404,-27.669,0.381,-30.900,-26.420,-30.021,-0.426,-0.754,0.006,-0.144,-0.035,-1.257,-0.001,-0.004,-16.249,0.001,-21.454,-14.260,-20.342
6.984,-4.372,-0.000,0.922,-0.000,-0.001,0.387,0.441,0.404,-27.831,0.381,-31.114,-26.563,-30.225,-0.438,-0.750,0.005,-0.149,-0.011,-1.254,-0.001,-0.004,-16.319,-0.002,-21.374,-14.356,-20.305
6.980,-4.379,-0.000,0.924,-0.001,-0.002,0.382,0.441,0.404,-27.995,0.381,-31.328,-26.707,-30.427,-0.449,-0.745,0.003,-0.146,0.016,-1.247,-0.002,-0.003,-16.401,-0.005,-21.290,-14.463,-20.250
6.975,-4.386,-0.000,0.927,-0.002,-0.002,0.376,0.441,0.404,-28.159,0.381,-31.540,-26.852,-30.630,-0.462,-0.739,0.001,-0.132,0.038,-1.234,-0.002,-0.003,-16.489,-0.008,-21.201,-14.579,-20.177
6.970,-4.394,-0.000,0.929,-0.002,-0.002,0.370,0.441,0.404,-28.325,0.381,-31.752,-26.998,-30.831,-0.475,-0.732,0.001,-0.109,0.047,-1.210,-0.002,-0.002,-16.568,-0.011,-21.117,-14.706,-20.078
6.966,-4.401,-0.000,0.931,-0.003,-0.002,0.365,0.440,0.404,-28.491,0.381,-31.963,-27.146,-31.031,-0.488,-0.724,0.001,-0.079,0.042,-1.181,-0.002,-0.001,-16.617,-0.014,-21.052,-14.838,-19.968
6.961,-4.408,-0.000,0.933,-0.003,-0.002,0.359,0.440,0.404,-28.657,0.380,-32.173,-27.295,-31.230,-0.502,-0.716,-0.001,-0.042,0.043,-1.152,-0.003,-0.000,-16.645,-0.020,-21.004,-14.967,-19.874
6.956,-4.415,-0.000,0.935,-0.003,-0.002,0.354,0.440,0.404,-28.823,0.380,-32.383,-27.445,-31.429,-0.514,-0.709,-0.005,0.002,0.050,-1.126,-0.003,0.000,-16.658,-0.021,-20.970,-15.084,-19.807
6.950,-4.422,-0.000,0.937,-0.003,-0.001,0.349,0.440,0.404,-28.990,0.380,-32.592,-27.597,-31.627,-0.525,-0.701,-0.008,0.046,0.051,-1.110,-0.002,0.001,-16.668,-0.017,-20.956,-15.156,-19.766
6.945,-4.429,-0.000,0.939,-0.003,-0.001,0.344,0.440,0.404,-29.157,0.380,-32.802,-27.748,-31.824,-0.533,-0.694,-0.011,0.082,0.044,-1.102,-0.001,0.001,-16.668,-0.013,-20.962,-15.183,-19.750
6.940,-4.436,-0.001,0.941,-0.003,-0.001,0.338,0.440,0.404,-29.323,0.380,-33.012,-27.900,-32.022,-0.540,-0.687,-0.012,0.108,0.028,-1.097,-0.000,0.000,-16.653,-0.009,-20.983,-15.179,-19.754
6.934,-4.443,-0.001,0.943,-0.002,-0.000,0.333,0.440,0.404,-29.490,0.380,-33.222,-28.052,-32.219,-0.546,-0.680,-0.011,0.121,0.005,-1.095,-0.000,-0.001,-16.621,-0.005,-21.014,-15.152,-19.777
6.929,-4.450,-0.001,0.945,-0.002,-0.000,0.328,0.440,0.404,-29.656,0.380,-33.432,-28.203,-32.417,-0.552,-0.673,-0.009,0.120,-0.022,-1.095,0.000,-0.002,-16.570,-0.001,-21.052,-15.110,-19.813
6.923,-4.457,-0.001,0.946,-0.001,-0.000,0.323,0.440,0.404,-29.821,0.380,-33.643,-28.354,-32.616,-0.557,-0.666,-0.005,0.109,-0.052,-1.097,0.000,-0.003,-16.508,0.005,-21.093,-15.056,-19.861
6.918,-4.463,-0.001,0.948,-0.000,-0.000,0.318,0.440,0.404,-29.986,0.380,-33.854,-28.504,-32.814,-0.562,-0.659,-0.001,0.096,-0.075,-1.099,0.001,-0.004,-16.438,0.011,-21.128,-15.006,-19.919
6.912,-4.470,-0.001,0.950,0.000,-0.001,0.312,0.440,0.404,-30.150,0.380,-34.065,-28.654,-33.014,-0.568,-0.652,0.002,0.082,-0.086,-1.100,0.002,-0.005,-16.361,0.020,-21.150,-14.976,-19.987
6.906,-4.476,-0.001,0.952,0.001,-0.001,0.307,0.440,0.404,-30.313,0.380,-34.277,-28.804,-33.214,-0.575,-0.645,0.004,0.069,-0.085,-1.098,0.001,-0.006,-16.282,0.015,-21.159,-14.970,-20.061
6.901,-4.483,-0.001,0.953,0.001,-0.001,0.302,0.194,0.137,-30.473,0.215,-34.491,-28.953,-33.415,-0.585,-0.633,0.004,0.130,-0.051,-1.041,-43.198,-47.064,-15.819,-30.509,-21.546,-15.021,-20.018
6.894,-4.489,-0.001,0.955,0.003,-0.001,0.298,-0.226,-0.314,-30.632,-0.121,-34.703,-29.106,-33.612,-0.650,-0.562,0.042,0.419,-0.132,-0.592,-31.591,-34.718,-16.103,-29.178,-20.768,-15.520,-19.396
6.888,-4.494,0.000,0.955,0.005,-0.002,0.296,-0.309,-0.463,-30.796,-0.211,-34.904,-29.263,-33.801,-0.680,-0.503,0.079,0.406,-0.320,-0.301,14.709,4.813,-16.552,12.988,-19.568,-15.788,-18.635
6.881,-4.499,0.001,0.956,0.006,-0.003,0.295,-0.006,-0.259,-30.962,0.079,-35.098,-29.421,-33.989,-0.677,-0.527,0.014,-0.093,-0.145,-0.368,38.246,30.863,-16.652,37.343,-19.442,-15.899,-18.869
6.874,-4.504,0.000,0.956,0.005,-0.003,0.293,0.273,0.009,-31.129,0.361,-35.293,-29.581,-34.178,-0.684,-0.539,-0.054,-0.399,0.108,-0.360,12.713,16.936,-16.743,15.122,-19.560,-16.124,-19.061
6.867,-4.510,-0.000,0.957,0.003,-0.002,0.291,0.213,0.002,-31.297,0.356,-35.489,-29.746,-34.369,-0.695,-0.529,-0.073,-0.246,0.369,-0.295,-21.809,-16.657,-16.695,-14.255,-19.544,-16.790,-19.016
6.860,-4.515,-0.001,0.957,0.002,-0.002,0.290,-0.056,-0.221,-31.462,0.142,-35.682,-29.914,-34.557,-0.691,-0.503,0.005,-0.046,-0.031,-0.212,-25.700,-21.818,-16.429,-23.647,-18.992,-16.923,-18.517
6.853,-4.520,-0.000,0.957,0.003,-0.002,0.289,-0.184,-0.333,-31.628,-0.005,-35.869,-30.085,-34.739,-0.702,-0.458,0.049,0.205,-0.228,-0.026,1.526,0.566,-16.904,-3.234,-18.437,-17.094,-17.808
6.846,-4.524,0.000,0.957,0.004,-0.003,0.290,-0.046,-0.219,-31.799,0.081,-36.053,-30.257,-34.914,-0.712,-0.444,0.032,0.202,-0.093,0.098,21.892,19.495,-17.259,16.861,-18.440,-17.351,-17.462
6.839,-4.529,0.000,0.957,0.005,-0.002,0.290,0.147,-0.023,-31.972,0.235,-36.237,-30.430,-35.091,-0.706,-0.475,-0.005,0.005,0.150,-0.030,12.870,15.887,-17.355,10.656,-18.412,-17.305,-17.824
6.832,-4.534,0.000,0.957,0.004,-0.002,0.289,0.161,0.036,-32.146,0.252,-36.421,-30.601,-35.270,-0.678,-0.517,-0.007,-0.221,0.204,-0.287,-9.075,-4.070,-17.418,-6.810,-18.411,-16.766,-18.113
6.825,-4.539,-0.000,0.958,0.002,-0.001,0.287,0.014,-0.066,-32.321,0.128,-36.606,-30.766,-35.453,-0.667,-0.533,-0.009,-0.217,0.209,-0.428,-16.587,-12.952,-17.395,-15.322,-18.527,-16.387,-18.317
6.819,-4.544,-0.000,0.958,0.002,-0.001,0.286,-0.093,-0.153,-32.494,0.011,-36.789,-30.931,-35.635,-0.690,-0.502,0.007,0.022,0.037,-0.257,-3.296,-2.835,-17.239,-6.153,-18.124,-16.647,-18.187
6.812,-4.549,0.000,0.959,0.002,-0.000,0.285,-0.044,-0.112,-32.667,0.024,-36.969,-31.099,-35.816,-0.709,-0.480,0.008,0.054,-0.006,-0.107,11.110,9.657,-17.361,7.311,-17.877,-16.973,-17.981
6.805,-4.554,0.000,0.959,0.002,-0.000,0.284,0.073,-0.001,-32.841,0.110,-37.148,-31.269,-35.996,-0.708,-0.490,0.000,-0.061,0.039,-0.149,9.705,10.439,-17.443,7.663,-17.945,-16.976,-18.087
6.798,-4.559,0.000,0.959,0.001,-0.000,0.283,0.108,0.054,-33.015,0.140,-37.328,-31.438,-36.178,-0.696,-0.510,-0.006,-0.159,0.082,-0.277,-2.655,-0.004,-17.522,-1.857,-18.092,-16.751,-18.296
6.791,-4.564,0.000,0.959,0.000,-0.000,0.282,0.037,0.008,-33.191,0.081,-37.510,-31.605,-36.362,-0.698,-0.513,-0.009,-0.162,0.088,-0.308,-9.656,-7.473,-17.569,-8.541,-18.104,-16.722,-18.398
6.784,-4.569,-0.000,0.960,-0.000,0.000,0.281,-0.038,-0.054,-33.367,0.007,-37.690,-31.774,-36.545,-0.715,-0.494,-0.004,-0.078,0.039,-0.190,-3.984,-3.652,-17.586,-5.002,-17.953,-17.027,-18.223
6.776,-4.574,-0.000,0.960,-0.001,0.000,0.280,-0.028,-0.049,-33.543,-0.001,-37.869,-31.946,-36.726,-0.729,-0.478,-0.003,-0.064,0.028,-0.080,5.183,4.118,-17.668,3.118,-17.888,-17.351,-17.997
6.769,-4.579,-0.000,0.960,-0.001,0.000,0.280,0.038,0.009,-33.720,0.048,-38.048,-32.120,-36.906,-0.733,-0.478,-0.006,-0.098,0.043,-0.065,6.434,6.226,-17.735,5.162,-17.926,-17.512,-17.928
6.762,-4.584,-0.000,0.960,-0.002,0.000,0.279,0.071,0.048,-33.898,0.077,-38.227,-32.295,-37.085,-0.730,-0.486,-0.008,-0.109,0.046,-0.113,-0.041,1.124,-17.808,0.308,-17.986,-17.518,-17.973
6.754,-4.588,-0.000,0.960,-0.002,0.000,0.279,0.040,0.030,-34.076,0.053,-38.407,-32.471,-37.265,-0.729,-0.488,-0.008,-0.079,0.035,-0.131,-5.214,-3.979,-17.925,-4.344,-17.999,-17.552,-17.977
6.747,-4.593,-0.000,0.961,-0.003,0.000,0.278,-0.007,-0.009,-34.256,0.010,-38.587,-32.647,-37.444,-0.735,-0.481,-0.008,-0.038,0.023,-0.087,-3.225,-2.966,-18.059,-3.387,-17.975,-17.710,-17.878
6.740,-4.598,-0.000,0.961,-0.003,0.000,0.278,-0.012,-0.016,-34.437,-0.001,-38.767,-32.825,-37.622,-0.742,-0.473,-0.009,-0.010,0.014,-0.035,2.020,1.393,-18.144,1.000,-17.975,-17.895,-17.767
6.732,-4.603,-0.001,0.961,-0.003,0.001,0.278,0.022,0.011,-34.619,0.023,-38.947,-33.004,-37.800,-0.743,-0.473,-0.010,0.005,0.006,-0.031,3.849,3.468,-18.169,3.069,-18.038,-17.990,-17.755
6.725,-4.608,-0.001,0.961,-0.003,0.001,0.277,0.048,0.037,-34.801,0.045,-39.128,-33.184,-37.978,-0.739,-0.479,-0.011,0.018,-0.002,-0.065,0.926,1.345,-18.179,1.047,-18.151,-17.987,-17.831
6.717,-4.612,-0.001,0.961,-0.003,0.001,0.277,0.038,0.034,-34.983,0.040,-39.310,-33.364,-38.157,-0.737,-0.482,-0.011,0.038,-0.009,-0.090,-2.414,-1.734,-18.208,-1.820,-18.257,-17.976,-17.910
6.710,-4.617,-0.001,0.961,-0.002,0.001,0.277,0.012,0.013,-35.165,0.018,-39.493,-33.544,-38.336,-0.739,-0.479,-0.010,0.061,-0.018,-0.078,-2.209,-1.993,-18.253,-2.045,-18.307,-18.033,-17.946
6.703,-4.622,-0.001,0.961,-0.002,0.001,0.276,0.003,0.003,-35.348,0.007,-39.676,-33.725,-38.515,-0.743,-0.475,-0.009,0.076,-0.027,-0.050,0.417,0.001,-18.296,0.006,-18.309,-18.130,-17.965
6.695,-4.627,-0.001,0.961,-0.002,0.001,0.276,0.017,0.012,-35.531,0.017,-39.859,-33.907,-38.695,-0.745,-0.474,-0.007,0.079,-0.037,-0.038,1.943,1.577,-18.312,1.494,-18.326,-18.195,-18.020
6.688,-4.631,-0.001,0.961,-0.001,0.000,0.276,0.032,0.026,-35.714,0.029,-40.043,-34.089,-38.876,-0.744,-0.476,-0.005,0.078,-0.046,-0.052,0.927,1.016,-18.292,0.890,-18.397,-18.199,-18.124
6.680,-4.636,-0.001,0.961,-0.001,0.000,0.276,0.033,0.029,-35.896,0.031,-40.227,-34.270,-39.058,-0.743,-0.479,-0.003,0.077,-0.054,-0.070,-0.758,-0.402,-18.251,-0.468,-18.489,-18.181,-18.244
6.673,-4.641,-0.001,0.961,-0.000,0.000,0.275,0.021,0.021,-36.079,0.023,-40.412,-34.452,-39.241,-0.744,-0.479,-0.001,0.079,-0.059,-0.072,-1.212,-0.968,-18.222,-0.980,-18.544,-18.195,-18.344
6.665,-4.646,-0.001,0.961,0.000,-0.000,0.275,0.014,0.014,-36.261,0.016,-40.598,-34.634,-39.425,-0.746,-0.477,0.002,0.079,-0.061,-0.060,-0.264,-0.351,-18.214,-0.339,-18.549,-18.246,-18.420
6.658,-4.651,-0.001,0.962,0.001,-0.000,0.275,0.016,0.015,-36.443,0.017,-40.783,-34.817,-39.609,-0.749,-0.476,0.003,0.075,-0.060,-0.050,0.678,0.451,-18.205,0.470,-18.547,-18.301,-18.494
6.650,-4.655,-0.001,0.962,0.001,-0.000,0.274,0.024,0.021,-36.625,0.023,-40.969,-35.000,-39.795,-0.750,-0.477,0.005,0.067,-0.056,-0.052,0.613,0.566,-18.169,0.512,-18.577,-18.335,-18.582
6.643,-4.660,-0.001,0.962,0.001,-0.001,0.274,0.027,0.024,-36.806,0.026,-41.155,-35.184,-39.981,-0.751,-0.479,0.006,0.060,-0.050,-0.061,0.049,0.168,-18.114,0.124,-18.633,-18.352,-18.679
6.635,-4.665,-0.001,0.962,0.002,-0.001,0.274,0.025,0.024,-36.987,0.025,-41.342,-35.367,-40.168,-0.753,-0.481,0.007,0.053,-0.040,-0.067,-0.399,-0.239,-18.062,-0.232,-18.690,-18.371,-18.768
6.628,-4.670,-0.001,0.962,0.002,-0.001,0.274,0.021,0.021,-37.168,0.023,-41.529,-35.551,-40.356,-0.755,-0.481,0.007,0.048,-0.029,-0.067,-0.270,-0.192,-18.034,-0.207,-18.729,-18.401,-18.839
6.620,-4.674,-0.001,0.962,0.002,-0.001,0.273,0.020,0.020,-37.348,0.021,-41.716,-35.735,-40.545,-0.758,-0.482,0.007,0.041,-0.017,-0.064,-0.025,-0.055,-18.025,-0.059,-18.760,-18.435,-18.899
6.613,-4.679,-0.001,0.962,0.003,-0.001,0.273,0.020,0.020,-37.528,0.021,-41.904,-35.920,-40.734,-0.761,-0.482,0.007,0.032,-0.004,-0.062,0.120,0.048,-18.028,0.054,-18.790,-18.462,-18.953
6.605,-4.684,-0.001,0.962,0.003,-0.001,0.273,0.021,0.021,-37.709,0.022,-42.092,-36.105,-40.924,-0.763,-0.483,0.007,0.020,0.007,-0.062,0.082,0.050,-18.041,0.040,-18.822,-18.476,-19.005
6.597,-4.689,-0.001,0.962,0.003,-0.001,0.272,0.022,0.021,-37.889,0.022,-42.280,-36.289,-41.114,-0.765,-0.484,0.007,0.007,0.017,-0.064,0.026,0.024,-18.064,0.017,-18.850,-18.479,-19.053
6.590,-4.694,-0.001,0.962,0.003,-0.001,0.272,0.022,0.021,-38.070,0.022,-42.469,-36.474,-41.305,-0.768,-0.485,0.007,-0.009,0.026,-0.065,-0.003,0.011,-18.099,0.006,-18.870,-18.472,-19.093
6.582,-4.699,-0.000,0.962,0.003,-0.001,0.272,0.022,0.021,-38.251,0.022,-42.658,-36.659,-41.496,-0.770,-0.486,0.007,-0.025,0.034,-0.066,-0.012,0.005,-18.147,0.002,-18.879,-18.458,-19.124
6.574,-4.704,-0.000,0.962,0.002,-0.000,0.271,0.022,0.021,-38.433,0.022,-42.846,-36.843,-41.687,-0.772,-0.486,0.007,-0.042,0.040,-0.067,-0.010,0.003,-18.207,-0.000,-18.878,-18.439,-19.144
6.567,-4.708,-0.000,0.963,0.002,-0.000,0.271,0.022,0.021,-38.615,0.022,-43.035,-37.028,-41.879,-0.774,-0.487,0.007,-0.061,0.045,-0.068,-0.005,0.002,-18.276,-0.002,-18.869,-18.419,-19.152
6.559,-4.713,-0.000,0.963,0.002,-0.000,0.271,0.022,0.021,-38.798,0.022,-43.224,-37.212,-42.070,-0.776,-0.487,0.006,-0.078,0.050,-0.069,-0.002,0.001,-18.352,-0.003,-18.855,-18.403,-19.148
6.551,-4.718,-0.000,0.963,0.001,-0.000,0.270,0.022,0.021,-38.982,0.022,-43.412,-37.396,-42.262,-0.778,-0.488,0.005,-0.093,0.052,-0.070,-0.000,0.000,-18.434,-0.003,-18.840,-18.395,-19.132
6.543,-4.723,-0.000,0.963,0.001,0.000,0.270,0.022,0.021,-39.167,0.022,-43.601,-37.580,-42.453,-0.779,-0.488,0.004,-0.104,0.053,-0.071,-0.000,-0.001,-18.520,-0.004,-18.826,-18.397,-19.104
6.536,-4.728,-0.000,0.963,0.000,0.000,0.270,0.022,0.021,-39.353,0.022,-43.789,-37.764,-42.644,-0.781,-0.488,0.002,-0.110,0.053,-0.072,-0.001,-0.001,-18.609,-0.005,-18.818,-18.411,-19.064
6.528,-4.733,-0.000,0.963,-0.001,0.000,0.269,0.022,0.021,-39.539,0.022,-43.977,-37.948,-42.834,-0.783,-0.488,-0.000,-0.111,0.051,-0.073,-0.001,-0.001,-18.698,-0.005,-18.816,-18.437,-19.014
6.520,-4.738,-0.000,0.963,-0.001,0.000,0.269,0.022,0.021,-39.727,0.022,-44.165,-38.133,-43.024,-0.784,-0.488,-0.002,-0.105,0.046,-0.073,-0.001,-0.001,-18.783,-0.005,-18.820,-18.473,-18.955
6.512,-4.743,-0.000,0.963,-0.002,0.000,0.269,0.022,0.021,-39.915,0.022,-44.353,-38.317,-43.213,-0.785,-0.488,-0.004,-0.091,0.039,-0.072,-0.001,-0.001,-18.860,-0.006,-18.830,-18.516,-18.889
6.504,-4.747,-0.000,0.963,-0.002,0.001,0.268,0.022,0.021,-40.104,0.022,-44.542,-38.503,-43.402,-0.785,-0.487,-0.005,-0.072,0.030,-0.072,-0.001,-0.001,-18.923,-0.006,-18.846,-18.564,-18.822
6.496,-4.752,-0.000,0.963,-0.002,0.001,0.268,0.022,0.021,-40.293,0.022,-44.730,-38.689,-43.590,-0.786,-0.487,-0.006,-0.051,0.021,-0.071,-0.001,-0.000,-18.972,-0.006,-18.868,-18.615,-18.762
6.489,-4.757,-0.000,0.964,-0.003,0.001,0.268,0.022,0.021,-40.483,0.022,-44.919,-38.875,-43.777,-0.786,-0.486,-0.008,-0.030,0.014,-0.070,-0.001,0.001,-19.007,-0.006,-18.897,-18.666,-18.713
6.481,-4.762,-0.000,0.964,-0.003,0.001,0.267,0.022,0.021,-40.673,0.022,-45.108,-39.062,-43.964,-0.786,-0.485,-0.010,-0.008,0.006,-0.069,-0.000,0.001,-19.030,-0.006,-18.932,-18.714,-18.679
6.473,-4.767,-0.001,0.964,-0.003,0.001,0.267,0.022,0.021,-40.864,0.022,-45.298,-39.249,-44.151,-0.785,-0.484,-0.011,0.013,-0.002,-0.068,-0.000,0.002,-19.044,-0.006,-18.969,-18.758,-18.661
6.465,-4.772,-0.001,0.964,-0.003,0.001,0.267,0.022,0.021,-41.054,0.022,-45.488,-39.437,-44.337,-0.785,-0.483,-0.012,0.033,-0.010,-0.068,0.000,0.003,-19.051,-0.006,-19.009,-18.796,-18.662
6.457,-4.777,-0.001,0.964,-0.002,0.001,0.266,0.022,0.021,-41.245,0.022,-45.678,-39.625,-44.524,-0.784,-0.482,-0.012,0.050,-0.018,-0.067,0.001,0.004,-19.051,-0.005,-19.048,-18.827,-18.680
6.449,-4.781,-0.001,0.964,-0.002,0.001,0.266,0.022,0.021,-41.435,0.022,-45.869,-39.814,-44.711,-0.784,-0.481,-0.011,0.063,-0.027,-0.066,0.001,0.005,-19.044,-0.004,-19.084,-18.850,-18.715
6.441,-4.786,-0.001,0.964,-0.002,0.001,0.266,0.022,0.021,-41.626,0.022,-46.060,-40.002,-44.898,-0.783,-0.480,-0.009,0.072,-0.035,-0.065,0.001,0.005,-19.030,-0.003,-19.116,-18.865,-18.764
6.434,-4.791,-0.001,0.964,-0.001,0.000,0.265,0.022,0.021,-41.816,0.021,-46.251,-40.191,-45.086,-0.783,-0.479,-0.007,0.077,-0.044,-0.064,0.001,0.006,-19.009,-0.003,-19.141,-18.875,-18.824
6.426,-4.796,-0.001,0.964,-0.001,0.000,0.265,0.022,0.022,-42.006,0.021,-46.442,-40.380,-45.275,-0.783,-0.478,-0.005,0.079,-0.051,-0.064,0.001,0.006,-18.979,-0.002,-19.162,-18.881,-18.892
6.418,-4.801,-0.001,0.964,-0.001,0.000,0.265,0.022,0.022,-42.195,0.021,-46.634,-40.569,-45.464,-0.783,-0.478,-0.002,0.079,-0.056,-0.064,0.001,0.007,-18.942,-0.001,-19.177,-18.886,-18.966
6.410,-4.805,-0.001,0.964,-0.000,0.000,0.264,0.022,0.022,-42.385,0.021,-46.826,-40.757,-45.654,-0.783,-0.477,0.000,0.077,-0.058,-0.063,0.001,0.007,-18.897,-0.000,-19.191,-18.893,-19.042
6.402,-4.810,-0.001,0.964,0.000,-0.000,0.264,0.022,0.022,-42.573,0.021,-47.018,-40.946,-45.845,-0.784,-0.477,0.002,0.073,-0.059,-0.063,0.001,0.007,-18.845,0.001,-19.203,-18.901,-19.116
6.394,-4.815,-0.001,0.965,0.001,-0.000,0.264,0.022,0.022,-42.762,0.021,-47.210,-41.136,-46.037,-0.785,-0.477,0.004,0.069,-0.057,-0.064,0.001,0.007,-18.788,0.002,-19.216,-18.913,-19.187
6.387,-4.820,-0.001,0.965,0.001,-0.001,0.263,0.022,0.022,-42.949,0.021,-47.402,-41.325,-46.229,-0.786,-0.477,0.006,0.064,-0.052,-0.064,0.001,0.007,-18.729,0.002,-19.230,-18.927,-19.253
6.379,-4.824,-0.001,0.965,0.002,-0.001,0.263,0.022,0.022,-43.136,0.022,-47.595,-41.514,-46.422,-0.787,-0.477,0.007,0.058,-0.045,-0.064,0.001,0.007,-18.672,0.003,-19.247,-18.942,-19.313
6.371,-4.829,-0.001,0.965,0.002,-0.001,0.263,0.022,0.022,-43.323,0.022,-47.787,-41.704,-46.615,-0.788,-0.477,0.007,0.051,-0.036,-0.065,0.001,0.006,-18.619,0.004,-19.265,-18.957,-19.368
6.363,-4.834,-0.001,0.965,0.002,-0.001,0.263,0.022,0.022,-43.509,0.022,-47.980,-41.893,-46.809,-0.790,-0.478,0.007,0.044,-0.026,-0.065,0.001,0.005,-18.576,0.004,-19.284,-18.970,-19.418
6.355,-4.839,-0.001,0.965,0.002,-0.001,0.262,0.022,0.022,-43.694,0.022,-48.173,-42.083,-47.003,-0.792,-0.478,0.007,0.035,-0.015,-0.066,0.001,0.004,-18.545,0.005,-19.303,-18.979,-19.463
6.347,-4.843,-0.001,0.965,0.003,-0.001,0.262,0.022,0.022,-43.879,0.022,-48.366,-42.273,-47.198,-0.794,-0.478,0.007,0.024,-0.004,-0.066,0.000,0.002,-18.529,0.005,-19.320,-18.981,-19.505
6.339,-4.848,-0.001,0.965,0.003,-0.001,0.262,0.022,0.022,-44.065,0.022,-48.559,-42.463,-47.393,-0.796,-0.479,0.008,0.011,0.007,-0.067,0.000,0.001,-18.528,0.005,-19.330,-18.975,-19.542
6.331,-4.853,-0.001,0.965,0.003,-0.001,0.261,0.022,0.022,-44.250,0.022,-48.753,-42.652,-47.589,-0.797,-0.479,0.008,-0.004,0.017,-0.068,-0.000,-0.000,-18.542,0.004,-19.333,-18.960,-19.572
6.323,-4.858,-0.001,0.965,0.003,-0.001,0.261,0.022,0.022,-44.436,0.022,-48.946,-42.842,-47.785,-0.799,-0.480,0.008,-0.021,0.027,-0.068,-0.000,-0.002,-18.570,0.004,-19.326,-18.937,-19.594
6.315,-4.863,-0.000,0.965,0.002,-0.001,0.261,0.022,0.022,-44.622,0.022,-49.139,-43.031,-47.981,-0.801,-0.480,0.008,-0.038,0.036,-0.069,-0.001,-0.003,-18.613,0.003,-19.310,-18.907,-19.604
6.307,-4.867,-0.000,0.966,0.002,-0.001,0.260,0.022,0.022,-44.808,0.022,-49.332,-43.220,-48.177,-0.803,-0.480,0.007,-0.057,0.045,-0.070,-0.001,-0.004,-18.667,0.002,-19.287,-18.876,-19.603
6.299,-4.872,-0.000,0.966,0.002,-0.000,0.260,0.022,0.022,-44.995,0.022,-49.525,-43.408,-48.373,-0.804,-0.481,0.007,-0.075,0.053,-0.071,-0.001,-0.005,-18.732,0.001,-19.261,-18.846,-19.588
6.291,-4.877,-0.000,0.966,0.001,-0.000,0.260,0.022,0.022,-45.183,0.022,-49.717,-43.597,-48.569,-0.806,-0.481,0.006,-0.091,0.060,-0.072,-0.001,-0.005,-18.804,-0.001,-19.235,-18.822,-19.558
6.283,-4.882,-0.000,0.966,0.001,-0.000,0.259,0.022,0.022,-45.371,0.022,-49.910,-43.785,-48.764,-0.807,-0.481,0.004,-0.102,0.064,-0.073,-0.001,-0.006,-18.882,-0.002,-19.212,-18.806,-19.516
6.275,-4.887,-0.000,0.966,0.000,0.000,0.259,0.022,0.022,-45.560,0.022,-50.102,-43.973,-48.959,-0.808,-0.481,0.002,-0.109,0.065,-0.074,-0.001,-0.006,-18.965,-0.002,-19.195,-18.802,-19.460
6.267,-4.891,-0.000,0.966,-0.001,0.000,0.259,0.022,0.022,-45.750,0.022,-50.293,-44.161,-49.153,-0.809,-0.480,-0.000,-0.110,0.064,-0.074,-0.001,-0.006,-19.049,-0.003,-19.185,-18.809,-19.393
6.259,-4.896,-0.000,0.966,-0.001,0.000,0.258,0.022,0.022,-45.941,0.022,-50.485,-44.349,-49.347,-0.810,-0.480,-0.002,-0.103,0.058,-0.074,-0.001,-0.005,-19.129,-0.003,-19.182,-18.825,-19.315
6.251,-4.901,-0.000,0.966,-0.002,0.001,0.258,0.022,0.022,-46.133,0.022,-50.677,-44.538,-49.539,-0.811,-0.479,-0.004,-0.088,0.048,-0.074,-0.001,-0.005,-19.201,-0.004,-19.185,-18.849,-19.232
6.243,-4.906,-0.000,0.966,-0.002,0.001,0.257,0.022,0.022,-46.325,0.022,-50.869,-44.726,-49.731,-0.811,-0.478,-0.006,-0.068,0.036,-0.073,-0.001,-0.004,-19.258,-0.004,-19.194,-18.879,-19.149
6.235,-4.911,-0.000,0.966,-0.002,0.001,0.257,0.022,0.022,-46.518,0.022,-51.061,-44.915,-49.922,-0.810,-0.477,-0.007,-0.047,0.024,-0.073,-0.001,-0.003,-19.298,-0.004,-19.209,-18.914,-19.074
6.226,-4.915,-0.000,0.966,-0.003,0.001,0.257,0.022,0.022,-46.711,0.022,-51.253,-45.104,-50.113,-0.810,-0.476,-0.009,-0.026,0.013,-0.072,-0.001,-0.002,-19.323,-0.005,-19.231,-18.951,-19.014
6.218,-4.920,-0.000,0.967,-0.003,0.001,0.256,0.022,0.022,-46.904,0.022,-51.446,-45.294,-50.303,-0.809,-0.475,-0.010,-0.005,0.002,-0.071,-0.001,-0.001,-19.336,-0.005,-19.257,-18.987,-18.970
6.210,-4.925,-0.001,0.967,-0.003,0.001,0.256,0.022,0.022,-47.098,0.022,-51.638,-45.484,-50.492,-0.808,-0.474,-0.012,0.016,-0.008,-0.070,-0.000,-0.000,-19.337,-0.005,-19.285,-19.021,-18.945
6.202,-4.930,-0.001,0.967,-0.003,0.001,0.256,0.022,0.022,-47.291,0.022,-51.831,-45.675,-50.682,-0.807,-0.472,-0.012,0.034,-0.018,-0.069,-0.000,0.001,-19.332,-0.005,-19.314,-19.051,-18.941
6.194,-4.934,-0.001,0.967,-0.002,0.001,0.255,0.022,0.022,-47.484,0.021,-52.025,-45.865,-50.871,-0.806,-0.471,-0.012,0.049,-0.027,-0.068,0.000,0.002,-19.320,-0.004,-19.342,-19.076,-18.956
6.186,-4.939,-0.001,0.967,-0.002,0.001,0.255,0.022,0.022,-47.678,0.021,-52.218,-46.056,-51.061,-0.805,-0.470,-0.011,0.061,-0.035,-0.067,0.001,0.003,-19.302,-0.003,-19.366,-19.094,-18.988
6.178,-4.944,-0.001,0.967,-0.002,0.001,0.255,0.022,0.022,-47.870,0.021,-52.412,-46.247,-51.251,-0.804,-0.468,-0.009,0.069,-0.042,-0.066,0.001,0.004,-19.278,-0.003,-19.385,-19.106,-19.034
6.170,-4.948,-0.001,0.967,-0.001,0.000,0.254,0.022,0.022,-48.063,0.021,-52.606,-46.438,-51.442,-0.804,-0.467,-0.007,0.073,-0.048,-0.066,0.001,0.005,-19.247,-0.002,-19.399,-19.112,-19.091
6.162,-4.953,-0.001,0.967,-0.001,0.000,0.254,0.022,0.022,-48.255,0.021,-52.800,-46.629,-51.633,-0.803,-0.466,-0.005,0.074,-0.052,-0.065,0.001,0.005,-19.210,-0.001,-19.408,-19.114,-19.155
6.154,-4.958,-0.001,0.967,-0.000,0.000,0.254,0.022,0.022,-48.447,0.021,-52.994,-46.820,-51.825,-0.803,-0.465,-0.002,0.074,-0.054,-0.065,0.001,0.006,-19.167,-0.000,-19.414,-19.115,-19.222
6.146,-4.962,-0.001,0.967,0.000,-0.000,0.253,0.022,0.022,-48.639,0.021,-53.188,-47.012,-52.017,-0.803,-0.465,0.001,0.072,-0.055,-0.065,0.001,0.006,-19.116,0.001,-19.419,-19.117,-19.290
6.138,-4.967,-0.001,0.967,0.000,-0.000,0.253,0.080,0.067,-48.829,0.065,-53.382,-47.203,-52.211,-0.802,-0.468,0.003,0.062,-0.054,-0.093,9.315,7.646,-19.012,7.244,-19.344,-19.072,-19.415
6.130,-4.972,-0.001,0.968,0.001,-0.000,0.252,0.158,0.140,-49.018,0.132,-53.576,-47.392,-52.406,-0.789,-0.485,0.005,0.037,-0.058,-0.213,4.992,5.459,-18.716,4.915,-19.570,-18.793,-19.663
6.122,-4.977,-0.001,0.968,0.001,-0.001,0.251,0.162,0.153,-49.203,0.146,-53.774,-47.578,-52.604,-0.775,-0.502,0.007,0.030,-0.057,-0.346,-3.937,-2.723,-18.326,-1.958,-19.947,-18.427,-19.919
6.114,-4.982,-0.001,0.968,0.001,-0.001,0.249,0.101,0.102,-49.385,0.105,-53.974,-47.762,-52.804,-0.774,-0.502,0.007,0.053,-0.044,-0.375,-6.735,-6.225,-18.110,-5.112,-20.132,-18.295,-20.027
6.107,-4.987,-0.001,0.969,0.002,-0.001,0.248,0.057,0.057,-49.567,0.068,-54.175,-47.945,-53.004,-0.785,-0.488,0.007,0.072,-0.033,-0.303,-1.397,-1.962,-18.164,-1.678,-19.974,-18.424,-19.967
6.099,-4.992,-0.001,0.969,0.002,-0.001,0.246,0.076,0.069,-49.749,0.078,-54.374,-48.130,-53.203,-0.793,-0.477,0.007,0.066,-0.025,-0.243,4.527,3.709,-18.280,3.276,-19.773,-18.558,-19.891
6.091,-4.996,-0.001,0.970,0.002,-0.001,0.245,0.125,0.113,-49.931,0.117,-54.571,-48.316,-53.402,-0.792,-0.480,0.008,0.039,-0.019,-0.269,4.065,4.190,-18.216,3.505,-19.791,-18.509,-19.943
6.083,-5.001,-0.001,0.970,0.002,-0.001,0.244,0.141,0.135,-50.113,0.134,-54.770,-48.500,-53.602,-0.786,-0.489,0.008,0.014,-0.014,-0.339,-0.786,0.012,-18.005,-0.082,-19.955,-18.336,-20.077
6.075,-5.006,-0.001,0.970,0.002,-0.001,0.242,0.115,0.116,-50.292,0.118,-54.970,-48.682,-53.804,-0.786,-0.491,0.008,0.004,-0.006,-0.370,-3.785,-3.236,-17.863,-2.771,-20.043,-18.229,-20.165
6.067,-5.011,-0.001,0.971,0.002,-0.001,0.240,0.084,0.087,-50.470,0.093,-55.170,-48.865,-54.005,-0.792,-0.483,0.009,-0.002,0.004,-0.341,-1.829,-1.968,-17.902,-1.783,-19.970,-18.256,-20.147
6.059,-5.016,-0.000,0.971,0.002,-0.001,0.239,0.084,0.083,-50.650,0.089,-55.369,-49.048,-54.206,-0.799,-0.475,0.009,-0.016,0.016,-0.302,1.686,1.094,-18.017,0.950,-19.853,-18.311,-20.084
6.051,-5.020,-0.000,0.971,0.002,-0.001,0.237,0.108,0.103,-50.831,0.106,-55.568,-49.231,-54.407,-0.801,-0.473,0.009,-0.041,0.029,-0.301,2.461,2.330,-18.072,1.885,-19.804,-18.288,-20.068
6.043,-5.025,-0.000,0.972,0.002,-0.001,0.236,0.123,0.120,-51.011,0.119,-55.766,-49.413,-54.608,-0.801,-0.476,0.009,-0.066,0.043,-0.331,0.418,0.773,-18.055,0.598,-19.814,-18.195,-20.098
6.035,-5.030,-0.000,0.972,0.002,-0.001,0.234,0.116,0.117,-51.192,0.115,-55.964,-49.595,-54.809,-0.801,-0.477,0.008,-0.081,0.057,-0.354,-1.587,-1.185,-18.046,-1.112,-19.814,-18.110,-20.114
6.027,-5.035,-0.000,0.973,0.001,-0.001,0.232,0.099,0.103,-51.372,0.102,-56.162,-49.776,-55.010,-0.805,-0.474,0.007,-0.086,0.069,-0.351,-1.394,-1.283,-18.094,-1.236,-19.779,-18.085,-20.071
6.019,-5.039,-0.000,0.973,0.001,-0.000,0.231,0.093,0.096,-51.554,0.095,-56.359,-49.957,-55.210,-0.809,-0.469,0.005,-0.090,0.081,-0.333,0.157,-0.030,-18.193,-0.133,-19.733,-18.097,-19.980
6.011,-5.044,-0.000,0.973,-0.000,0.000,0.229,0.101,0.102,-51.736,0.099,-56.557,-50.138,-55.410,-0.812,-0.465,0.002,-0.097,0.090,-0.325,1.148,1.009,-18.296,0.759,-19.710,-18.098,-19.883
6.003,-5.049,-0.000,0.974,-0.001,0.000,0.227,0.110,0.111,-51.920,0.106,-56.754,-50.318,-55.608,-0.813,-0.464,-0.001,-0.097,0.093,-0.331,0.620,0.693,-18.374,0.504,-19.715,-18.072,-19.801
5.995,-5.053,-0.000,0.974,-0.001,0.001,0.226,0.112,0.114,-52.104,0.108,-56.951,-50.499,-55.806,-0.814,-0.462,-0.004,-0.086,0.086,-0.341,-0.330,-0.144,-18.440,-0.148,-19.731,-18.040,-19.717
5.986,-5.058,-0.000,0.975,-0.002,0.001,0.224,0.106,0.109,-52.288,0.104,-57.148,-50.679,-56.002,-0.815,-0.459,-0.006,-0.064,0.071,-0.342,-0.665,-0.550,-18.504,-0.522,-19.740,-18.028,-19.619
5.978,-5.063,-0.000,0.975,-0.002,0.001,0.222,0.101,0.105,-52.474,0.100,-57.346,-50.860,-56.198,-0.816,-0.454,-0.007,-0.039,0.052,-0.335,-0.230,-0.269,-18.558,-0.258,-19.748,-18.036,-19.513
5.970,-5.067,-0.000,0.975,-0.002,0.001,0.221,0.101,0.104,-52.660,0.099,-57.543,-51.040,-56.393,-0.817,-0.450,-0.009,-0.018,0.032,-0.328,0.203,0.087,-18.593,0.060,-19.759,-18.053,-19.419
5.962,-5.072,-0.000,0.976,-0.002,0.002,0.219,0.104,0.106,-52.846,0.100,-57.741,-51.221,-56.586,-0.816,-0.446,-0.011,-0.001,0.012,-0.325,0.283,0.241,-18.605,0.154,-19.778,-18.065,-19.351
5.954,-5.076,-0.000,0.976,-0.002,0.002,0.218,0.106,0.108,-53.032,0.101,-57.939,-51.401,-56.780,-0.816,-0.443,-0.012,0.015,-0.008,-0.325,0.098,0.118,-18.599,0.059,-19.802,-18.074,-19.310
5.946,-5.080,-0.001,0.976,-0.002,0.001,0.216,0.106,0.109,-53.217,0.102,-58.137,-51.582,-56.973,-0.815,-0.439,-0.013,0.027,-0.026,-0.326,-0.016,0.038,-18.580,0.006,-19.826,-18.084,-19.293
5.938,-5.085,-0.001,0.977,-0.002,0.001,0.214,0.106,0.109,-53.403,0.102,-58.335,-51.763,-57.166,-0.814,-0.436,-0.013,0.037,-0.042,-0.327,-0.049,0.008,-18.552,-0.010,-19.844,-18.098,-19.298
5.929,-5.089,-0.001,0.977,-0.002,0.001,0.213,0.105,0.109,-53.588,0.101,-58.534,-51.944,-57.359,-0.814,-0.432,-0.013,0.044,-0.053,-0.326,-0.041,0.000,-18.519,-0.010,-19.855,-18.115,-19.322
5.921,-5.093,-0.001,0.977,-0.001,0.001,0.211,0.105,0.109,-53.774,0.101,-58.732,-52.125,-57.552,-0.813,-0.429,-0.011,0.048,-0.059,-0.325,-0.023,0.000,-18.485,-0.008,-19.859,-18.133,-19.362
5.913,-5.098,-0.001,0.978,-0.001,0.001,0.210,0.105,0.109,-53.958,0.101,-58.931,-52.307,-57.746,-0.813,-0.425,-0.010,0.050,-0.060,-0.324,-0.007,0.002,-18.449,-0.006,-19.856,-18.151,-19.414
5.905,-5.102,-0.001,0.978,-0.001,0.000,0.208,0.105,0.109,-54.142,0.101,-59.130,-52.488,-57.940,-0.813,-0.422,-0.007,0.050,-0.058,-0.324,0.002,0.004,-18.412,-0.004,-19.848,-18.165,-19.472
5.897,-5.106,-0.001,0.978,-0.000,0.000,0.206,0.105,0.109,-54.326,0.101,-59.328,-52.670,-58.135,-0.813,-0.419,-0.005,0.049,-0.052,-0.323,0.005,0.005,-18.374,-0.002,-19.838,-18.176,-19.532
5.889,-5.110,-0.001,0.979,-0.000,0.000,0.205,0.105,0.109,-54.510,0.101,-59.526,-52.852,-58.331,-0.814,-0.416,-0.002,0.048,-0.045,-0.322,0.004,0.005,-18.335,-0.001,-19.829,-18.182,-19.590
5.881,-5.114,-0.001,0.979,0.000,-0.000,0.203,0.105,0.109,-54.693,0.101,-59.725,-53.034,-58.527,-0.815,-0.413,0.000,0.046,-0.039,-0.322,0.003,0.005,-18.294,-0.000,-19.821,-18.186,-19.641
5.872,-5.119,-0.001,0.979,0.000,-0.000,0.202,0.105,0.109,-54.876,0.101,-59.923,-53.215,-58.724,-0.816,-0.410,0.002,0.045,-0.034,-0.322,0.002,0.005,-18.249,0.001,-19.816,-18.186,-19.685
5.864,-5.123,-0.001,0.980,0.001,-0.000,0.200,0.105,0.109,-55.058,0.101,-60.121,-53.397,-58.921,-0.817,-0.408,0.004,0.044,-0.032,-0.322,0.001,0.005,-18.200,0.002,-19.813,-18.184,-19.721
5.856,-5.127,-0.001,0.980,0.001,-0.000,0.199,0.105,0.109,-55.240,0.101,-60.319,-53.579,-59.118,-0.818,-0.405,0.006,0.043,-0.032,-0.322,0.001,0.005,-18.147,0.003,-19.811,-18.182,-19.751
5.848,-5.131,-0.001,0.980,0.001,-0.001,0.197,0.105,0.109,-55.421,0.101,-60.517,-53.761,-59.316,-0.820,-0.403,0.007,0.040,-0.035,-0.323,0.001,0.005,-18.090,0.003,-19.808,-18.180,-19.776
5.840,-5.135,-0.001,0.981,0.001,-0.001,0.195,0.105,0.109,-55.602,0.101,-60.715,-53.943,-59.514,-0.822,-0.400,0.008,0.036,-0.040,-0.323,0.001,0.005,-18.031,0.004,-19.803,-18.179,-19.800
5.831,-5.139,-0.001,0.981,0.002,-0.001,0.194,0.105,0.109,-55.782,0.101,-60.913,-54.125,-59.712,-0.824,-0.398,0.009,0.030,-0.045,-0.324,0.001,0.004,-17.974,0.004,-19.793,-18.182,-19.825
5.823,-5.143,-0.001,0.981,0.002,-0.001,0.192,0.105,0.110,-55.961,0.101,-61.111,-54.306,-59.910,-0.826,-0.396,0.010,0.021,-0.048,-0.325,0.001,0.003,-17.922,0.004,-19.777,-18.187,-19.852
5.815,-5.147,-0.001,0.982,0.002,-0.001,0.191,0.105,0.110,-56.140,0.101,-61.309,-54.488,-60.109,-0.828,-0.394,0.010,0.010,-0.047,-0.325,0.001,0.002,-17.879,0.004,-19.754,-18.194,-19.883
5.807,-5.151,-0.001,0.982,0.002,-0.002,0.189,0.105,0.110,-56.319,0.102,-61.506,-54.670,-60.308,-0.831,-0.392,0.011,-0.002,-0.041,-0.326,0.000,0.001,-17.849,0.004,-19.725,-18.203,-19.915
5.798,-5.155,-0.001,0.982,0.002,-0.002,0.187,0.105,0.110,-56.497,0.102,-61.703,-54.852,-60.507,-0.834,-0.390,0.011,-0.016,-0.029,-0.327,0.000,0.000,-17.833,0.003,-19.690,-18.210,-19.945
5.790,-5.158,-0.000,0.983,0.002,-0.002,0.186,0.105,0.110,-56.675,0.102,-61.900,-55.034,-60.707,-0.837,-0.388,0.011,-0.030,-0.011,-0.328,-0.000,-0.001,-17.834,0.002,-19.653,-18.214,-19.969
5.782,-5.162,-0.000,0.983,0.002,-0.002,0.184,0.105,0.110,-56.854,0.102,-62.096,-55.217,-60.907,-0.840,-0.386,0.011,-0.042,0.013,-0.329,-0.000,-0.002,-17.852,0.001,-19.618,-18.212,-19.982
5.773,-5.166,-0.000,0.983,0.001,-0.002,0.183,0.105,0.110,-57.033,0.102,-62.292,-55.399,-61.106,-0.843,-0.384,0.010,-0.054,0.040,-0.330,-0.001,-0.002,-17.889,-0.000,-19.588,-18.203,-19.980
5.765,-5.170,-0.000,0.983,0.001,-0.002,0.181,0.105,0.110,-57.212,0.102,-62.488,-55.581,-61.306,-0.846,-0.382,0.009,-0.063,0.068,-0.330,-0.001,-0.003,-17.943,-0.001,-19.569,-18.186,-19.959
5.756,-5.174,-0.000,0.984,0.001,-0.001,0.179,0.105,0.109,-57.391,0.102,-62.684,-55.762,-61.505,-0.849,-0.380,0.007,-0.070,0.095,-0.331,-0.001,-0.004,-18.010,-0.002,-19.563,-18.162,-19.918
5.748,-5.178,0.000,0.984,0.000,-0.001,0.178,0.105,0.109,-57.572,0.102,-62.879,-55.944,-61.704,-0.852,-0.378,0.005,-0.072,0.116,-0.332,-0.001,-0.004,-18.089,-0.003,-19.570,-18.131,-19.858
5.739,-5.181,0.000,0.984,-0.000,-0.000,0.176,0.105,0.109,-57.753,0.101,-63.075,-56.125,-61.903,-0.854,-0.375,0.002,-0.069,0.129,-0.333,-0.002,-0.004,-18.174,-0.004,-19.590,-18.095,-19.779
5.731,-5.185,0.000,0.985,-0.001,0.000,0.174,0.105,0.109,-57.935,0.101,-63.271,-56.306,-62.100,-0.856,-0.373,-0.001,-0.059,0.131,-0.333,-0.002,-0.004,-18.261,-0.005,-19.620,-18.054,-19.686
5.722,-5.189,0.000,0.985,-0.001,0.001,0.173,0.105,0.109,-58.118,0.101,-63.468,-56.486,-62.296,-0.857,-0.370,-0.004,-0.044,0.122,-0.332,-0.001,-0.004,-18.343,-0.005,-19.657,-18.011,-19.586
5.714,-5.192,-0.000,0.985,-0.001,0.001,0.171,0.105,0.109,-58.302,0.101,-63.664,-56.666,-62.492,-0.858,-0.366,-0.007,-0.025,0.102,-0.332,-0.001,-0.004,-18.412,-0.005,-19.697,-17.968,-19.486
5.705,-5.196,-0.000,0.986,-0.001,0.002,0.170,0.105,0.109,-58.487,0.101,-63.861,-56.845,-62.686,-0.857,-0.363,-0.009,-0.006,0.074,-0.331,-0.001,-0.004,-18.463,-0.006,-19.738,-17.929,-19.396
5.696,-5.200,-0.000,0.986,-0.001,0.002,0.168,0.105,0.109,-58.671,0.101,-64.059,-57.025,-62.880,-0.857,-0.359,-0.011,0.009,0.044,-0.330,-0.001,-0.003,-18.494,-0.006,-19.778,-17.898,-19.323
5.688,-5.203,-0.000,0.986,-0.001,0.002,0.166,0.105,0.109,-58.856,0.101,-64.257,-57.203,-63.073,-0.856,-0.355,-0.013,0.020,0.012,-0.329,-0.001,-0.003,-18.506,-0.005,-19.813,-17.878,-19.271
5.679,-5.207,-0.000,0.986,-0.001,0.002,0.165,0.105,0.109,-59.042,0.101,-64.455,-57.382,-63.265,-0.855,-0.352,-0.014,0.027,-0.018,-0.328,-0.001,-0.003,-18.501,-0.005,-19.840,-17.869,-19.243
5.671,-5.210,-0.001,0.987,-0.001,0.002,0.163,0.105,0.109,-59.226,0.101,-64.654,-57.561,-63.458,-0.854,-0.348,-0.014,0.031,-0.045,-0.327,-0.001,-0.002,-18.482,-0.005,-19.857,-17.874,-19.239
5.662,-5.214,-0.001,0.987,-0.001,0.002,0.161,0.105,0.109,-59.411,0.101,-64.852,-57.740,-63.650,-0.853,-0.344,-0.014,0.031,-0.066,-0.326,-0.000,-0.002,-18.453,-0.005,-19.864,-17.891,-19.257
5.654,-5.217,-0.001,0.987,-0.001,0.002,0.160,0.105,0.109,-59.595,0.101,-65.051,-57.919,-63.843,-0.852,-0.341,-0.013,0.029,-0.078,-0.325,-0.000,-0.001,-18.419,-0.004,-19.861,-17.919,-19.295
5.645,-5.221,-0.001,0.987,-0.001,0.001,0.158,0.105,0.109,-59.779,0.101,-65.250,-58.098,-64.036,-0.851,-0.337,-0.012,0.026,-0.083,-0.324,-0.000,-0.000,-18.384,-0.004,-19.850,-17.954,-19.347
5.637,-5.224,-0.001,0.988,-0.000,0.001,0.157,0.105,0.109,-59.963,0.101,-65.448,-58.278,-64.230,-0.851,-0.334,-0.010,0.022,-0.079,-0.323,0.000,0.000,-18.350,-0.003,-19.834,-17.994,-19.408
5.628,-5.227,-0.001,0.988,-0.000,0.000,0.155,0.105,0.109,-60.146,0.101,-65.646,-58.458,-64.424,-0.850,-0.331,-0.008,0.019,-0.069,-0.323,0.000,0.001,-18.319,-0.002,-19.816,-18.033,-19.471
5.620,-5.231,-0.001,0.988,-0.000,0.000,0.153,0.105,0.109,-60.330,0.101,-65.844,-58.638,-64.619,-0.851,-0.328,-0.006,0.017,-0.055,-0.322,0.001,0.002,-18.292,-0.001,-19.798,-18.068,-19.531
5.611,-5.234,-0.001,0.988,0.000,-0.000,0.152,0.105,0.109,-60.512,0.101,-66.042,-58.819,-64.815,-0.851,-0.325,-0.003,0.017,-0.040,-0.322,0.001,0.003,-18.268,0.000,-19.784,-18.097,-19.583
5.603,-5.237,-0.001,0.989,0.000,-0.000,0.150,0.105,0.109,-60.695,0.101,-66.240,-59.000,-65.011,-0.852,-0.322,-0.001,0.018,-0.027,-0.321,0.001,0.004,-18.245,0.001,-19.773,-18.118,-19.625
5.594,-5.240,-0.001,0.989,0.000,-0.000,0.149,0.105,0.109,-60.877,0.101,-66.438,-59.182,-65.207,-0.852,-0.319,0.001,0.020,-0.019,-0.321,0.001,0.004,-18.221,0.002,-19.766,-18.131,-19.657
5.586,-5.243,-0.001,0.989,0.000,-0.000,0.147,0.105,0.109,-61.059,0.101,-66.635,-59.363,-65.404,-0.853,-0.316,0.003,0.022,-0.016,-0.321,0.001,0.005,-18.193,0.003,-19.761,-18.138,-19.679
5.577,-5.247,-0.001,0.989,0.000,-0.000,0.146,0.105,0.109,-61.241,0.101,-66.833,-59.544,-65.601,-0.854,-0.314,0.005,0.024,-0.019,-0.322,0.001,0.005,-18.160,0.004,-19.756,-18.139,-19.695
5.568,-5.250,-0.001,0.990,0.001,-0.001,0.144,0.105,0.109,-61.422,0.101,-67.030,-59.726,-65.798,-0.856,-0.311,0.007,0.025,-0.028,-0.322,0.001,0.005,-18.120,0.005,-19.748,-18.139,-19.709
5.560,-5.253,-0.001,0.990,0.001,-0.001,0.142,0.105,0.109,-61.603,0.101,-67.228,-59.907,-65.995,-0.857,-0.308,0.009,0.024,-0.040,-0.323,0.001,0.005,-18.073,0.005,-19.734,-18.139,-19.723
5.551,-5.256,-0.001,0.990,0.001,-0.001,0.141,0.105,0.109,-61.784,0.101,-67.425,-60.089,-66.192,-0.859,-0.306,0.010,0.020,-0.053,-0.323,0.001,0.004,-18.022,0.005,-19.713,-18.144,-19.742
5.543,-5.259,-0.001,0.990,0.001,-0.001,0.139,0.105,0.109,-61.964,0.101,-67.622,-60.270,-66.390,-0.861,-0.304,0.011,0.013,-0.063,-0.324,0.001,0.004,-17.969,0.005,-19.683,-18.154,-19.766
5.534,-5.262,-0.001,0.990,0.001,-0.001,0.138,0.105,0.109,-62.143,0.101,-67.819,-60.452,-66.588,-0.863,-0.301,0.012,0.004,-0.068,-0.325,0.000,0.003,-17.919,0.005,-19.646,-18.171,-19.796
5.525,-5.265,-0.001,0.991,0.001,-0.002,0.136,0.105,0.110,-62.322,0.101,-68.015,-60.633,-66.786,-0.866,-0.299,0.013,-0.007,-0.066,-0.326,0.000,0.002,-17.877,0.004,-19.603,-18.195,-19.829
5.517,-5.268,-0.001,0.991,0.001,-0.002,0.134,0.105,0.110,-62.501,0.101,-68.211,-60.816,-66.984,-0.869,-0.297,0.013,-0.018,-0.054,-0.326,-0.000,0.001,-17.846,0.003,-19.559,-18.221,-19.863
5.508,-5.271,-0.000,0.991,0.001,-0.002,0.133,0.105,0.110,-62.679,0.101,-68.406,-60.998,-67.183,-0.872,-0.295,0.013,-0.029,-0.033,-0.327,-0.000,-0.000,-17.832,0.002,-19.518,-18.248,-19.891
5.499,-5.274,-0.000,0.991,0.001,-0.002,0.131,0.105,0.110,-62.858,0.101,-68.601,-61.181,-67.382,-0.875,-0.293,0.013,-0.038,-0.004,-0.328,-0.001,-0.001,-17.835,0.001,-19.485,-18.270,-19.909
5.491,-5.277,-0.000,0.992,0.001,-0.002,0.129,0.105,0.110,-63.036,0.101,-68.796,-61.363,-67.581,-0.879,-0.291,0.011,-0.043,0.030,-0.329,-0.001,-0.002,-17.858,0.000,-19.464,-18.283,-19.911
5.482,-5.280,-0.000,0.992,0.000,-0.002,0.128,0.105,0.109,-63.215,0.101,-68.991,-61.546,-67.780,-0.882,-0.289,0.010,-0.046,0.066,-0.329,-0.001,-0.003,-17.899,-0.001,-19.459,-18.284,-19.895
5.473,-5.283,0.000,0.992,0.000,-0.002,0.126,0.105,0.109,-63.394,0.101,-69.185,-61.729,-67.979,-0.885,-0.286,0.007,-0.045,0.099,-0.330,-0.001,-0.003,-17.958,-0.002,-19.471,-18.270,-19.858
5.464,-5.285,0.000,0.992,-0.000,-0.001,0.125,0.105,0.109,-63.574,0.101,-69.380,-61.911,-68.177,-0.888,-0.284,0.005,-0.040,0.127,-0.330,-0.001,-0.004,-18.029,-0.003,-19.500,-18.240,-19.802
5.455,-5.288,0.000,0.992,-0.000,-0.001,0.123,0.105,0.109,-63.755,0.101,-69.575,-62.094,-68.375,-0.890,-0.281,0.001,-0.031,0.145,-0.330,-0.001,-0.004,-18.109,-0.004,-19.544,-18.194,-19.729
5.446,-5.291,0.000,0.993,-0.001,0.000,0.121,0.105,0.109,-63.936,0.101,-69.771,-62.275,-68.572,-0.891,-0.278,-0.002,-0.019,0.152,-0.330,-0.001,-0.004,-18.191,-0.004,-19.599,-18.135,-19.644
5.437,-5.294,0.000,0.993,-0.001,0.001,0.120,0.105,0.109,-64.118,0.101,-69.967,-62.456,-68.768,-0.892,-0.275,-0.005,-0.006,0.145,-0.330,-0.001,-0.004,-18.270,-0.005,-19.661,-18.066,-19.554
5.428,-5.297,0.000,0.993,-0.001,0.001,0.118,0.105,0.109,-64.302,0.101,-70.164,-62.637,-68.963,-0.892,-0.272,-0.008,0.009,0.126,-0.329,-0.001,-0.004,-18.338,-0.005,-19.724,-17.993,-19.465
5.420,-5.299,-0.000,0.993,-0.001,0.002,0.116,0.105,0.109,-64.485,0.101,-70.362,-62.816,-69.157,-0.891,-0.268,-0.010,0.021,0.097,-0.328,-0.001,-0.004,-18.392,-0.005,-19.784,-17.922,-19.387
5.411,-5.302,-0.000,0.993,-0.001,0.002,0.115,0.105,0.109,-64.669,0.101,-70.560,-62.995,-69.351,-0.890,-0.265,-0.012,0.030,0.062,-0.328,-0.001,-0.003,-18.428,-0.005,-19.837,-17.858,-19.324
5.402,-5.305,-0.000,0.994,-0.001,0.003,0.113,0.105,0.109,-64.854,0.101,-70.758,-63.173,-69.544,-0.889,-0.261,-0.013,0.035,0.024,-0.327,-0.001,-0.003,-18.446,-0.004,-19.879,-17.807,-19.282
5.393,-5.307,-0.000,0.994,-0.000,0.003,0.111,0.105,0.109,-65.038,0.101,-70.957,-63.351,-69.736,-0.887,-0.258,-0.014,0.036,-0.014,-0.326,-0.001,-0.003,-18.445,-0.004,-19.907,-17.772,-19.262
5.384,-5.310,-0.001,0.994,-0.000,0.003,0.110,0.105,0.109,-65.223,0.101,-71.157,-63.529,-69.929,-0.885,-0.254,-0.014,0.033,-0.047,-0.325,-0.001,-0.003,-18.430,-0.004,-19.921,-17.757,-19.266
5.375,-5.312,-0.001,0.994,-0.000,0.002,0.108,0.105,0.109,-65.407,0.101,-71.356,-63.706,-70.122,-0.884,-0.250,-0.014,0.026,-0.072,-0.325,-0.001,-0.003,-18.404,-0.004,-19.921,-17.762,-19.292
5.366,-5.315,-0.001,0.994,0.000,0.002,0.107,0.105,0.109,-65.591,0.101,-71.555,-63.884,-70.315,-0.882,-0.247,-0.013,0.018,-0.088,-0.324,-0.001,-0.002,-18.372,-0.003,-19.910,-17.785,-19.335
5.357,-5.317,-0.001,0.994,0.000,0.001,0.105,0.105,0.109,-65.774,0.101,-71.754,-64.062,-70.508,-0.881,-0.244,-0.011,0.008,-0.093,-0.324,-0.000,-0.002,-18.338,-0.003,-19.890,-17.823,-19.390
5.349,-5.320,-0.001,0.995,0.000,0.001,0.103,0.105,0.109,-65.957,0.101,-71.953,-64.241,-70.703,-0.881,-0.240,-0.010,0.000,-0.089,-0.323,-0.000,-0.001,-18.305,-0.002,-19.866,-17.871,-19.451
5.340,-5.322,-0.001,0.995,0.000,0.001,0.102,0.105,0.109,-66.140,0.101,-72.151,-64.420,-70.897,-0.880,-0.237,-0.008,-0.007,-0.076,-0.323,0.000,-0.000,-18.278,-0.001,-19.841,-17.925,-19.512
5.331,-5.324,-0.001,0.995,0.000,0.000,0.100,0.105,0.109,-66.323,0.101,-72.350,-64.599,-71.093,-0.880,-0.234,-0.006,-0.011,-0.060,-0.322,0.001,0.001,-18.256,-0.000,-19.818,-17.978,-19.566
5.322,-5.327,-0.001,0.995,0.000,0.000,0.099,0.105,0.109,-66.505,0.101,-72.548,-64.779,-71.289,-0.880,-0.231,-0.004,-0.012,-0.042,-0.322,0.001,0.001,-18.240,0.001,-19.798,-18.027,-19.610
5.313,-5.329,-0.001,0.995,0.000,-0.000,0.097,0.105,0.109,-66.688,0.101,-72.746,-64.960,-71.485,-0.881,-0.228,-0.002,-0.011,-0.026,-0.322,0.001,0.002,-18.229,0.002,-19.782,-18.066,-19.643
5.305,-5.331,-0.001,0.995,0.000,-0.000,0.095,0.105,0.109,-66.870,0.101,-72.943,-65.141,-71.682,-0.881,-0.226,-0.000,-0.008,-0.015,-0.322,0.001,0.003,-18.219,0.003,-19.769,-18.096,-19.665
