5.000,7.000,0.001,1.000,0.000,0.000,0.000,-0.000,-0.000,0.000,-0.000,0.000,0.000,0.000,-0.000,-0.000,0.000,-0.000,-0.000,-0.000,0.000,0.000,-0.000,0.000,-0.000,-0.000,-0.000
5.000,7.000,0.001,1.000,0.000,-0.000,0.000,-0.285,-0.206,0.005,-0.230,0.006,0.002,0.002,0.017,-0.001,0.000,-0.000,-0.013,0.012,-45.218,-33.761,0.975,-39.024,1.111,0.403,0.451
5.000,7.000,0.001,1.000,-0.000,-0.000,-0.000,-0.614,-0.473,0.018,-0.544,0.019,0.010,0.009,0.049,-0.010,0.001,-0.009,-0.027,-0.063,-16.285,-15.679,1.563,-17.570,1.423,1.169,0.941
5.001,7.000,0.001,1.000,-0.000,-0.000,-0.001,-0.629,-0.526,0.037,-0.569,0.034,0.025,0.021,0.081,-0.024,0.001,-0.019,-0.031,-0.152,12.139,4.668,2.141,13.074,1.553,1.984,1.385
5.002,6.999,0.001,1.000,-0.000,-0.000,-0.001,-0.423,-0.409,0.061,-0.332,0.051,0.049,0.037,0.111,-0.030,0.001,-0.011,-0.029,-0.182,25.068,16.266,2.631,29.706,1.776,2.685,1.912
5.003,6.999,0.001,1.000,-0.000,-0.001,-0.002,-0.228,-0.268,0.089,-0.098,0.071,0.078,0.059,0.135,-0.024,0.001,0.009,-0.018,-0.141,10.336,9.101,3.088,13.072,2.407,3.129,2.473
5.005,6.999,0.001,1.000,-0.000,-0.001,-0.003,-0.260,-0.271,0.123,-0.117,0.099,0.111,0.086,0.153,-0.021,0.000,0.016,-0.008,-0.110,-14.577,-8.787,3.665,-15.138,3.236,3.454,2.921
5.006,6.999,0.001,1.000,-0.000,-0.001,-0.004,-0.445,-0.394,0.163,-0.336,0.135,0.148,0.117,0.173,-0.028,-0.000,0.006,-0.004,-0.155,-16.996,-11.743,4.258,-22.813,3.775,3.931,3.245
5.008,6.998,0.001,1.000,-0.000,-0.001,-0.005,-0.534,-0.460,0.208,-0.485,0.174,0.190,0.151,0.196,-0.043,-0.001,-0.006,-0.003,-0.245,-1.209,-1.814,4.840,-6.445,3.964,4.555,3.513
5.010,6.998,0.001,1.000,-0.000,-0.001,-0.006,-0.480,-0.432,0.259,-0.465,0.214,0.239,0.188,0.219,-0.054,-0.001,-0.009,-0.002,-0.310,10.589,6.685,5.381,9.074,4.142,5.165,3.827
5.013,6.997,0.001,1.000,-0.000,-0.001,-0.008,-0.365,-0.352,0.315,-0.353,0.257,0.293,0.228,0.242,-0.056,-0.003,-0.003,0.002,-0.319,10.230,7.773,5.842,10.671,4.487,5.668,4.245
5.015,6.997,0.000,1.000,-0.000,-0.001,-0.009,-0.316,-0.307,0.376,-0.300,0.305,0.352,0.273,0.262,-0.055,-0.004,-0.001,0.007,-0.307,-0.841,0.791,6.306,-0.917,5.014,6.065,4.659
5.018,6.996,0.000,1.000,-0.000,-0.001,-0.011,-0.374,-0.336,0.442,-0.368,0.357,0.414,0.321,0.279,-0.060,-0.005,-0.008,0.011,-0.329,-9.082,-5.578,6.832,-11.083,5.517,6.471,4.975
5.021,6.996,0.000,1.000,-0.000,-0.001,-0.012,-0.440,-0.381,0.513,-0.455,0.414,0.482,0.372,0.298,-0.069,-0.005,-0.016,0.010,-0.382,-2.934,-2.475,7.355,-4.264,5.803,6.968,5.251
5.024,6.995,0.000,1.000,-0.000,-0.000,-0.014,-0.441,-0.388,0.589,-0.469,0.473,0.554,0.426,0.316,-0.079,-0.006,-0.020,0.009,-0.436,2.107,0.866,7.868,1.034,6.078,7.459,5.503
5.027,6.994,0.000,1.000,-0.000,-0.000,-0.017,-0.409,-0.368,0.670,-0.443,0.536,0.631,0.482,0.334,-0.086,-0.007,-0.018,0.008,-0.465,3.730,2.542,8.333,3.397,6.384,7.914,5.803
5.030,6.993,0.000,1.000,-0.000,-0.000,-0.019,-0.380,-0.346,0.755,-0.415,0.601,0.712,0.542,0.352,-0.090,-0.008,-0.015,0.007,-0.477,1.848,1.666,8.764,1.954,6.734,8.326,6.131
5.034,6.992,0.000,1.000,-0.001,-0.000,-0.022,-0.370,-0.335,0.845,-0.401,0.670,0.797,0.605,0.369,-0.093,-0.009,-0.014,0.007,-0.484,0.248,0.612,9.171,0.906,7.080,8.720,6.470
5.038,6.991,0.000,1.000,-0.001,-0.000,-0.024,-0.372,-0.333,0.939,-0.396,0.743,0.886,0.671,0.386,-0.097,-0.010,-0.015,0.007,-0.494,-0.488,-0.011,9.568,0.354,7.413,9.105,6.796
5.042,6.990,-0.000,1.000,-0.001,-0.000,-0.026,-0.377,-0.334,1.036,-0.393,0.819,0.979,0.741,0.401,-0.102,-0.010,-0.016,0.007,-0.508,-0.564,-0.205,9.960,0.122,7.732,9.484,7.101
5.046,6.989,-0.000,1.000,-0.001,-0.000,-0.029,-0.382,-0.336,1.138,-0.393,0.897,1.076,0.813,0.416,-0.107,-0.011,-0.017,0.007,-0.525,-0.323,-0.116,10.345,0.053,8.037,9.854,7.387
5.050,6.988,-0.000,0.999,-0.001,-0.000,-0.032,-0.384,-0.336,1.243,-0.392,0.979,1.176,0.888,0.430,-0.113,-0.011,-0.016,0.007,-0.542,-0.103,-0.039,10.724,0.038,8.330,10.215,7.658
5.054,6.987,-0.000,0.999,-0.001,-0.000,-0.034,-0.385,-0.337,1.352,-0.392,1.064,1.280,0.966,0.443,-0.119,-0.012,-0.014,0.006,-0.559,0.003,-0.002,11.092,0.029,8.612,10.565,7.917
5.059,6.986,-0.001,0.999,-0.001,-0.000,-0.037,-0.384,-0.336,1.465,-0.392,1.151,1.388,1.047,0.456,-0.125,-0.012,-0.011,0.005,-0.575,0.040,0.013,11.449,0.021,8.885,10.905,8.167
5.064,6.984,-0.001,0.999,-0.001,-0.000,-0.040,-0.384,-0.336,1.581,-0.391,1.242,1.498,1.130,0.468,-0.131,-0.011,-0.007,0.005,-0.591,0.041,0.013,11.795,0.015,9.149,11.233,8.408
5.068,6.983,-0.001,0.999,-0.001,-0.000,-0.043,-0.383,-0.336,1.701,-0.391,1.334,1.612,1.215,0.479,-0.137,-0.011,-0.002,0.004,-0.606,0.032,0.011,12.128,0.010,9.403,11.549,8.641
5.073,6.982,-0.001,0.999,-0.001,-0.000,-0.046,-0.383,-0.336,1.824,-0.391,1.430,1.729,1.302,0.490,-0.144,-0.010,0.003,0.003,-0.621,0.020,0.007,12.448,0.007,9.649,11.854,8.866
5.078,6.980,-0.001,0.999,-0.001,-0.000,-0.049,-0.383,-0.336,1.950,-0.391,1.527,1.849,1.392,0.501,-0.150,-0.009,0.008,0.001,-0.636,0.011,0.004,12.756,0.005,9.887,12.147,9.084
5.083,6.979,-0.001,0.999,-0.001,-0.000,-0.053,-0.383,-0.336,2.079,-0.391,1.627,1.972,1.484,0.510,-0.156,-0.008,0.013,0.000,-0.649,0.005,0.002,13.050,0.004,10.117,12.428,9.295
5.088,6.977,-0.001,0.998,-0.001,-0.000,-0.056,-0.383,-0.336,2.211,-0.391,1.730,2.098,1.578,0.520,-0.163,-0.007,0.017,-0.001,-0.663,0.002,-0.001,13.332,0.003,10.339,12.698,9.500
5.094,6.975,-0.001,0.998,-0.001,-0.000,-0.059,-0.383,-0.336,2.346,-0.391,1.834,2.226,1.674,0.529,-0.169,-0.005,0.020,-0.001,-0.676,-0.000,-0.003,13.602,0.003,10.553,12.957,9.697
5.099,6.974,-0.001,0.998,-0.001,-0.000,-0.063,-0.383,-0.336,2.483,-0.391,1.941,2.357,1.772,0.538,-0.176,-0.004,0.022,-0.002,-0.689,-0.001,-0.004,13.861,0.003,10.760,13.205,9.889
5.104,6.972,-0.001,0.998,-0.001,-0.000,-0.066,-0.383,-0.336,2.623,-0.391,2.049,2.490,1.872,0.546,-0.183,-0.003,0.022,-0.002,-0.701,-0.001,-0.005,14.110,0.003,10.960,13.444,10.074
5.110,6.970,-0.001,0.998,-0.000,-0.000,-0.070,-0.383,-0.336,2.765,-0.391,2.160,2.626,1.973,0.554,-0.190,-0.002,0.021,-0.002,-0.713,-0.001,-0.006,14.349,0.003,11.153,13.674,10.253
5.115,6.968,-0.001,0.997,-0.000,-0.000,-0.073,-0.383,-0.336,2.910,-0.391,2.272,2.764,2.077,0.562,-0.197,-0.001,0.018,-0.002,-0.725,-0.001,-0.006,14.581,0.003,11.339,13.896,10.426
5.121,6.966,-0.001,0.997,-0.000,-0.000,-0.077,-0.383,-0.336,3.057,-0.391,2.387,2.904,2.182,0.569,-0.204,-0.000,0.013,-0.001,-0.737,-0.000,-0.006,14.806,0.003,11.519,14.111,10.593
5.127,6.964,-0.001,0.997,-0.000,-0.000,-0.081,-0.383,-0.336,3.206,-0.391,2.503,3.046,2.289,0.576,-0.211,0.000,0.009,-0.001,-0.748,-0.000,-0.006,15.025,0.003,11.693,14.319,10.754
5.133,6.962,-0.001,0.996,-0.000,-0.000,-0.084,-0.383,-0.336,3.357,-0.391,2.620,3.190,2.397,0.583,-0.218,0.000,0.004,-0.001,-0.759,-0.000,-0.006,15.240,0.002,11.861,14.523,10.910
5.138,6.960,-0.001,0.996,-0.000,-0.000,-0.088,-0.383,-0.336,3.511,-0.391,2.740,3.336,2.507,0.589,-0.226,0.001,0.000,-0.000,-0.769,-0.000,-0.005,15.449,0.002,12.023,14.722,11.061
5.144,6.957,-0.001,0.996,-0.000,-0.000,-0.092,-0.383,-0.337,3.666,-0.391,2.861,3.484,2.618,0.595,-0.233,0.001,-0.002,-0.000,-0.779,-0.000,-0.005,15.654,0.002,12.180,14.917,11.206
5.150,6.955,-0.001,0.995,-0.000,-0.000,-0.096,-0.383,-0.337,3.824,-0.391,2.983,3.634,2.731,0.601,-0.241,0.001,-0.003,-0.000,-0.790,-0.001,-0.006,15.854,0.002,12.333,15.107,11.347
5.156,6.953,-0.001,0.995,-0.000,-0.000,-0.100,-0.383,-0.337,3.983,-0.391,3.108,3.786,2.845,0.606,-0.248,0.001,-0.000,-0.000,-0.800,-0.001,-0.007,16.047,0.001,12.482,15.294,11.483
5.162,6.950,-0.001,0.995,-0.000,-0.000,-0.104,-0.383,-0.337,4.145,-0.391,3.233,3.940,2.961,0.612,-0.256,0.001,0.005,-0.001,-0.810,-0.001,-0.009,16.234,0.001,12.627,15.475,11.616
5.169,6.948,-0.001,0.994,-0.000,-0.000,-0.108,-0.383,-0.337,4.308,-0.391,3.360,4.096,3.077,0.617,-0.264,0.002,0.013,-0.002,-0.819,-0.002,-0.013,16.412,0.000,12.770,15.650,11.746
5.175,6.945,-0.001,0.994,-0.000,-0.000,-0.112,-0.383,-0.337,4.473,-0.391,3.489,4.253,3.196,0.621,-0.272,0.003,0.025,-0.004,-0.829,-0.003,-0.024,16.581,-0.000,12.910,15.817,11.875
5.181,6.942,-0.001,0.993,0.000,-0.000,-0.116,-0.383,-0.337,4.639,-0.391,3.618,4.412,3.315,0.626,-0.280,0.005,0.038,-0.006,-0.838,-0.005,-0.043,16.739,-0.001,13.048,15.976,12.002
5.187,6.939,-0.001,0.993,0.000,-0.000,-0.120,-0.383,-0.338,4.808,-0.391,3.749,4.573,3.436,0.630,-0.288,0.006,0.052,-0.008,-0.848,-0.006,-0.065,16.886,-0.001,13.184,16.125,12.128
5.194,6.936,-0.001,0.992,0.001,-0.000,-0.125,-0.383,-0.339,4.977,-0.391,3.882,4.735,3.557,0.634,-0.297,0.008,0.065,-0.009,-0.857,-0.008,-0.062,17.021,-0.001,13.318,16.263,12.252
5.200,6.933,-0.001,0.992,0.001,-0.001,-0.129,-0.383,-0.339,5.148,-0.391,4.016,4.898,3.681,0.638,-0.305,0.010,0.076,-0.011,-0.867,-0.008,-0.051,17.146,-0.001,13.451,16.390,12.376
5.206,6.930,-0.001,0.991,0.001,-0.001,-0.133,-0.383,-0.340,5.320,-0.391,4.151,5.063,3.805,0.642,-0.314,0.011,0.082,-0.012,-0.876,-0.007,-0.041,17.262,-0.001,13.581,16.506,12.500
5.213,6.927,-0.001,0.990,0.002,-0.001,-0.137,-0.383,-0.340,5.493,-0.391,4.287,5.228,3.931,0.646,-0.323,0.013,0.083,-0.013,-0.885,-0.004,-0.030,17.371,-0.000,13.707,16.612,12.623
5.219,6.924,-0.001,0.990,0.002,-0.001,-0.142,-0.383,-0.340,5.667,-0.391,4.425,5.395,4.057,0.649,-0.332,0.013,0.077,-0.013,-0.893,-0.001,-0.018,17.476,0.001,13.829,16.710,12.743
5.226,6.920,-0.000,0.989,0.002,-0.001,-0.146,-0.383,-0.340,5.843,-0.391,4.564,5.562,4.185,0.652,-0.341,0.013,0.063,-0.012,-0.901,0.001,-0.009,17.580,0.002,13.944,16.801,12.860
5.232,6.917,-0.000,0.989,0.003,-0.001,-0.151,-0.383,-0.340,6.019,-0.391,4.704,5.731,4.315,0.655,-0.350,0.013,0.043,-0.011,-0.908,0.002,-0.001,17.684,0.003,14.052,16.890,12.972
5.239,6.913,-0.000,0.988,0.003,-0.001,-0.155,-0.383,-0.340,6.196,-0.391,4.845,5.900,4.445,0.658,-0.358,0.012,0.016,-0.010,-0.915,0.003,0.007,17.787,0.003,14.153,16.980,13.079
5.245,6.910,-0.000,0.987,0.003,-0.001,-0.160,-0.383,-0.340,6.375,-0.391,4.987,6.070,4.576,0.660,-0.367,0.011,-0.014,-0.009,-0.920,0.005,0.022,17.889,0.004,14.245,17.075,13.179
5.252,6.906,-0.000,0.986,0.003,-0.001,-0.164,-0.383,-0.340,6.554,-0.391,5.130,6.242,4.708,0.662,-0.376,0.008,-0.049,-0.005,-0.925,0.008,0.042,17.997,0.004,14.325,17.175,13.270
5.259,6.902,0.000,0.986,0.002,-0.001,-0.169,-0.383,-0.339,6.735,-0.391,5.273,6.414,4.842,0.664,-0.384,0.005,-0.088,0.001,-0.928,0.010,0.058,18.112,0.004,14.394,17.280,13.350
5.265,6.898,0.000,0.985,0.002,-0.001,-0.174,-0.383,-0.339,6.916,-0.391,5.418,6.587,4.975,0.665,-0.393,0.002,-0.125,0.008,-0.931,0.011,0.068,18.238,0.003,14.451,17.394,13.416
5.272,6.894,0.000,0.984,0.001,-0.001,-0.178,-0.383,-0.338,7.099,-0.391,5.562,6.762,5.110,0.666,-0.401,-0.001,-0.156,0.015,-0.935,0.010,0.075,18.375,0.002,14.498,17.516,13.466
5.279,6.890,0.000,0.983,0.000,-0.001,-0.183,-0.383,-0.337,7.284,-0.391,5.708,6.938,5.245,0.666,-0.409,-0.004,-0.178,0.021,-0.938,0.009,0.100,18.523,0.002,14.536,17.647,13.500
5.285,6.886,0.000,0.982,-0.000,-0.000,-0.187,-0.383,-0.336,7.470,-0.391,5.853,7.115,5.380,0.665,-0.418,-0.006,-0.187,0.023,-0.943,0.009,0.084,18.680,0.001,14.566,17.785,13.518
5.292,6.882,-0.000,0.981,-0.001,-0.000,-0.192,-0.383,-0.335,7.658,-0.391,5.999,7.293,5.515,0.663,-0.426,-0.007,-0.183,0.024,-0.948,0.007,0.060,18.844,0.000,14.590,17.927,13.523
5.299,6.878,-0.000,0.980,-0.002,0.000,-0.197,-0.383,-0.335,7.847,-0.391,6.145,7.473,5.650,0.661,-0.434,-0.007,-0.166,0.023,-0.954,0.004,0.040,19.007,-0.001,14.612,18.068,13.519
5.305,6.873,-0.000,0.980,-0.003,0.001,-0.201,-0.383,-0.335,8.038,-0.391,6.291,7.655,5.785,0.658,-0.442,-0.007,-0.140,0.021,-0.960,0.001,0.021,19.161,-0.003,14.634,18.206,13.514
5.312,6.869,-0.000,0.979,-0.004,0.001,-0.206,-0.383,-0.335,8.230,-0.391,6.438,7.837,5.920,0.656,-0.450,-0.007,-0.107,0.020,-0.965,-0.002,0.009,19.300,-0.004,14.661,18.335,13.514
5.318,6.864,-0.000,0.978,-0.004,0.001,-0.211,-0.383,-0.334,8.424,-0.391,6.584,8.021,6.056,0.653,-0.458,-0.007,-0.070,0.020,-0.969,-0.003,0.000,19.424,-0.005,14.694,18.453,13.521
5.325,6.860,-0.000,0.976,-0.004,0.001,-0.216,-0.383,-0.334,8.618,-0.391,6.732,8.206,6.191,0.650,-0.465,-0.006,-0.032,0.021,-0.973,-0.004,-0.006,19.532,-0.006,14.736,18.559,13.536
5.331,6.855,-0.000,0.975,-0.004,0.001,-0.220,-0.383,-0.335,8.814,-0.391,6.879,8.392,6.326,0.648,-0.473,-0.006,0.003,0.022,-0.977,-0.004,-0.012,19.628,-0.006,14.789,18.652,13.561
5.338,6.850,-0.001,0.974,-0.004,0.001,-0.225,-0.383,-0.335,9.011,-0.391,7.027,8.579,6.462,0.645,-0.481,-0.006,0.035,0.024,-0.981,-0.005,-0.019,19.714,-0.006,14.854,18.733,13.595
5.344,6.845,-0.001,0.973,-0.004,0.001,-0.230,-0.383,-0.335,9.208,-0.391,7.176,8.767,6.598,0.642,-0.489,-0.007,0.060,0.025,-0.986,-0.005,-0.023,19.792,-0.006,14.929,18.803,13.639
5.351,6.840,-0.001,0.972,-0.003,0.001,-0.235,-0.383,-0.335,9.407,-0.391,7.326,8.955,6.735,0.639,-0.496,-0.007,0.078,0.025,-0.990,-0.005,-0.024,19.865,-0.005,15.014,18.864,13.693
5.357,6.835,-0.001,0.971,-0.003,0.001,-0.240,-0.383,-0.335,9.606,-0.391,7.477,9.144,6.872,0.636,-0.504,-0.008,0.088,0.022,-0.995,-0.004,-0.023,19.936,-0.005,15.106,18.919,13.758
5.363,6.830,-0.001,0.970,-0.003,0.001,-0.244,-0.383,-0.336,9.805,-0.391,7.628,9.334,7.010,0.632,-0.512,-0.008,0.091,0.017,-0.998,-0.003,-0.021,20.004,-0.004,15.204,18.971,13.832
5.370,6.825,-0.001,0.968,-0.002,0.001,-0.249,-0.383,-0.336,10.006,-0.391,7.781,9.524,7.149,0.629,-0.520,-0.008,0.090,0.009,-1.001,-0.003,-0.021,20.069,-0.002,15.303,19.023,13.913
5.376,6.820,-0.001,0.967,-0.002,0.001,-0.254,-0.383,-0.336,10.207,-0.391,7.934,9.714,7.288,0.626,-0.528,-0.008,0.086,-0.001,-1.004,-0.003,-0.024,20.130,-0.001,15.401,19.076,13.998
5.382,6.815,-0.001,0.966,-0.001,0.001,-0.259,-0.383,-0.336,10.408,-0.391,8.089,9.905,7.429,0.623,-0.536,-0.006,0.082,-0.012,-1.007,-0.004,-0.029,20.185,-0.000,15.493,19.131,14.087
5.388,6.809,-0.001,0.965,-0.001,0.001,-0.264,-0.383,-0.337,10.610,-0.391,8.244,10.097,7.570,0.619,-0.544,-0.005,0.080,-0.023,-1.010,-0.005,-0.038,20.231,0.000,15.578,19.187,14.175
5.394,6.804,-0.001,0.963,-0.001,0.000,-0.269,-0.383,-0.337,10.813,-0.391,8.400,10.289,7.712,0.616,-0.552,-0.002,0.081,-0.032,-1.013,-0.006,-0.054,20.266,0.001,15.655,19.244,14.263
5.401,6.798,-0.001,0.962,-0.000,0.000,-0.274,-0.383,-0.338,11.016,-0.391,8.557,10.482,7.855,0.612,-0.560,0.001,0.085,-0.039,-1.017,-0.007,-0.085,20.288,0.001,15.724,19.297,14.348
5.407,6.793,-0.001,0.960,0.000,-0.000,-0.278,-0.383,-0.339,11.219,-0.391,8.715,10.675,7.999,0.608,-0.568,0.004,0.090,-0.043,-1.022,-0.009,-0.084,20.298,0.001,15.789,19.345,14.427
5.413,6.787,-0.001,0.959,0.000,-0.000,-0.283,-0.383,-0.339,11.422,-0.391,8.873,10.869,8.144,0.604,-0.576,0.007,0.096,-0.043,-1.027,-0.009,-0.068,20.295,0.001,15.850,19.384,14.500
5.419,6.781,-0.001,0.958,0.001,-0.001,-0.288,-0.383,-0.340,11.625,-0.391,9.032,11.063,8.289,0.600,-0.584,0.010,0.100,-0.038,-1.033,-0.008,-0.054,20.283,0.001,15.906,19.412,14.569
5.425,6.775,-0.001,0.956,0.001,-0.001,-0.293,-0.384,-0.341,11.827,-0.391,9.191,11.257,8.435,0.595,-0.593,0.012,0.102,-0.029,-1.039,-0.004,-0.038,20.263,0.001,15.960,19.428,14.634
5.431,6.769,-0.001,0.954,0.002,-0.001,-0.298,-0.384,-0.341,12.030,-0.391,9.351,11.451,8.582,0.591,-0.601,0.012,0.101,-0.017,-1.044,-0.001,-0.020,20.236,0.002,16.012,19.432,14.698
5.437,6.763,-0.001,0.953,0.002,-0.002,-0.303,-0.384,-0.341,12.232,-0.391,9.511,11.645,8.729,0.588,-0.609,0.012,0.095,-0.004,-1.047,0.001,-0.007,20.209,0.001,16.065,19.428,14.763
5.442,6.757,-0.000,0.951,0.003,-0.002,-0.308,-0.384,-0.341,12.434,-0.391,9.672,11.840,8.877,0.584,-0.617,0.010,0.084,0.009,-1.049,0.003,0.003,20.191,0.001,16.117,19.415,14.828
5.448,6.751,-0.000,0.950,0.003,-0.002,-0.313,-0.384,-0.341,12.636,-0.391,9.834,12.034,9.026,0.580,-0.625,0.008,0.066,0.018,-1.049,0.006,0.023,20.192,0.002,16.173,19.400,14.892
5.454,6.744,-0.000,0.948,0.003,-0.002,-0.318,-0.383,-0.340,12.838,-0.391,9.996,12.228,9.175,0.576,-0.633,0.005,0.041,0.023,-1.049,0.010,0.048,20.213,0.002,16.233,19.386,14.950
5.460,6.738,-0.000,0.946,0.004,-0.002,-0.323,-0.383,-0.340,13.040,-0.391,10.158,12.421,9.325,0.571,-0.641,0.002,0.010,0.025,-1.048,0.013,0.069,20.253,0.003,16.292,19.381,15.002
5.465,6.732,-0.000,0.945,0.004,-0.001,-0.328,-0.383,-0.339,13.243,-0.391,10.321,12.615,9.475,0.566,-0.648,-0.002,-0.028,0.025,-1.046,0.013,0.080,20.306,0.004,16.345,19.388,15.050
5.471,6.725,-0.000,0.943,0.003,-0.001,-0.333,-0.383,-0.338,13.446,-0.391,10.485,12.809,9.626,0.561,-0.655,-0.006,-0.067,0.023,-1.043,0.012,0.080,20.370,0.004,16.391,19.411,15.091
5.477,6.719,-0.000,0.941,0.003,-0.001,-0.338,-0.383,-0.338,13.650,-0.391,10.649,13.004,9.777,0.556,-0.662,-0.009,-0.102,0.016,-1.041,0.009,0.088,20.445,0.004,16.425,19.455,15.124
5.482,6.712,-0.001,0.939,0.003,-0.001,-0.343,-0.383,-0.337,13.855,-0.391,10.814,13.198,9.928,0.550,-0.668,-0.011,-0.129,0.004,-1.039,0.007,0.084,20.530,0.004,16.444,19.519,15.148
5.488,6.705,-0.001,0.938,0.002,-0.000,-0.348,-0.383,-0.336,14.061,-0.391,10.978,13.394,10.080,0.543,-0.675,-0.011,-0.145,-0.012,-1.038,0.005,0.049,20.623,0.004,16.447,19.600,15.162
5.493,6.698,-0.001,0.936,0.001,-0.000,-0.353,-0.383,-0.336,14.268,-0.391,11.142,13.590,10.231,0.537,-0.681,-0.009,-0.150,-0.029,-1.038,0.002,0.025,20.721,0.003,16.432,19.693,15.167
5.498,6.692,-0.001,0.934,0.000,-0.000,-0.357,-0.383,-0.335,14.475,-0.391,11.307,13.788,10.383,0.530,-0.686,-0.006,-0.146,-0.044,-1.038,0.001,0.012,20.811,0.003,16.401,19.793,15.164
5.504,6.685,-0.001,0.932,-0.000,-0.000,-0.362,-0.383,-0.335,14.684,-0.391,11.470,13.986,10.535,0.522,-0.692,-0.003,-0.137,-0.053,-1.039,-0.000,0.004,20.888,0.003,16.357,19.895,15.156
5.509,6.678,-0.001,0.930,-0.001,-0.000,-0.367,-0.383,-0.335,14.893,-0.391,11.634,14.186,10.686,0.515,-0.697,0.000,-0.124,-0.055,-1.040,-0.001,-0.001,20.947,0.002,16.302,19.994,15.143
5.514,6.671,-0.001,0.928,-0.002,-0.000,-0.372,-0.383,-0.335,15.103,-0.391,11.796,14.386,10.838,0.508,-0.703,0.003,-0.110,-0.048,-1.042,-0.001,-0.005,20.991,0.001,16.244,20.084,15.126
5.519,6.664,-0.001,0.926,-0.002,-0.000,-0.377,-0.383,-0.335,15.313,-0.391,11.959,14.587,10.989,0.501,-0.709,0.006,-0.096,-0.036,-1.044,-0.001,-0.007,21.024,0.001,16.186,20.163,15.106
5.524,6.657,-0.001,0.924,-0.003,-0.001,-0.382,0.169,0.066,15.530,0.168,12.113,14.790,11.140,0.516,-0.699,0.031,-0.019,-0.166,-0.936,95.035,75.856,22.045,94.765,14.967,20.162,15.365
5.530,6.650,0.000,0.923,-0.003,-0.002,-0.384,0.898,0.703,15.744,0.882,12.266,14.985,11.298,0.582,-0.563,0.117,0.278,-0.392,-0.084,36.758,36.349,20.818,36.313,15.635,18.754,16.131
5.535,6.645,0.001,0.924,-0.002,-0.004,-0.384,1.009,0.817,15.952,1.019,12.422,15.167,11.460,0.584,-0.538,0.073,0.242,-0.153,0.148,-11.573,-14.838,20.778,-7.202,15.638,17.796,16.407
5.541,6.640,0.002,0.924,-0.001,-0.005,-0.383,0.716,0.427,16.159,0.788,12.578,15.344,11.625,0.580,-0.526,0.004,-0.044,0.034,0.278,-43.231,-58.634,20.742,-35.243,15.718,17.723,16.505
5.547,6.634,0.001,0.924,-0.002,-0.004,-0.381,0.262,-0.170,16.367,0.412,12.736,15.522,11.790,0.571,-0.536,-0.065,-0.411,0.213,0.186,-39.222,-49.945,20.787,-34.428,15.768,17.622,16.328
5.553,6.629,0.000,0.925,-0.004,-0.001,-0.381,0.118,-0.380,16.575,0.242,12.894,15.695,11.951,0.555,-0.555,-0.110,-0.352,0.582,-0.036,11.488,8.708,20.845,2.272,15.787,17.123,15.896
5.558,6.623,-0.000,0.924,-0.004,0.001,-0.381,0.421,-0.049,16.780,0.420,13.051,15.867,12.110,0.568,-0.576,-0.017,-0.209,0.067,-0.098,36.044,44.580,19.856,23.046,15.654,17.271,16.073
5.564,6.618,-0.000,0.924,-0.005,0.001,-0.381,0.650,0.304,16.972,0.557,13.210,16.037,12.274,0.609,-0.536,0.034,-0.102,-0.200,0.223,11.269,25.365,18.668,6.416,16.250,16.657,16.636
5.570,6.612,0.000,0.925,-0.005,0.000,-0.379,0.669,0.447,17.153,0.565,13.374,16.200,12.444,0.650,-0.501,0.031,0.156,-0.137,0.574,-6.623,3.129,17.538,-4.397,16.463,16.105,17.415
5.577,6.608,0.000,0.927,-0.005,-0.001,-0.376,0.548,0.393,17.324,0.483,13.539,16.359,12.621,0.674,-0.476,0.008,0.256,0.016,0.795,-15.284,-11.340,16.847,-10.752,16.561,15.655,17.958
5.584,6.603,0.000,0.928,-0.003,-0.001,-0.372,0.418,0.292,17.490,0.386,13.705,16.514,12.802,0.682,-0.479,-0.018,0.205,0.124,0.801,-9.068,-6.528,16.386,-7.547,16.649,15.465,18.221
5.591,6.598,0.000,0.929,-0.002,-0.000,-0.369,0.383,0.287,17.653,0.348,13.872,16.669,12.985,0.683,-0.487,-0.030,0.200,0.154,0.736,1.558,4.864,16.151,-0.363,16.742,15.565,18.328
5.598,6.593,-0.000,0.931,-0.001,-0.000,-0.365,0.413,0.355,17.813,0.358,14.043,16.825,13.168,0.687,-0.476,-0.020,0.161,0.071,0.757,3.895,7.994,15.897,2.038,17.510,15.427,18.394
5.604,6.588,-0.000,0.932,-0.000,-0.000,-0.362,0.444,0.417,17.971,0.376,14.222,16.977,13.353,0.696,-0.450,-0.012,0.154,0.021,0.866,1.835,3.507,15.659,1.280,18.350,15.060,18.519
5.611,6.584,-0.000,0.934,0.000,-0.000,-0.357,0.454,0.436,18.127,0.384,14.410,17.126,13.539,0.704,-0.427,-0.007,0.140,-0.015,0.966,0.275,0.817,15.474,0.399,19.039,14.648,18.666
5.619,6.580,-0.000,0.936,0.001,-0.001,-0.353,0.452,0.438,18.281,0.386,14.602,17.270,13.726,0.711,-0.411,-0.004,0.117,-0.039,1.029,-0.398,-0.312,15.347,-0.076,19.515,14.323,18.813
5.626,6.576,-0.001,0.938,0.001,-0.001,-0.348,0.447,0.433,18.434,0.384,14.799,17.412,13.915,0.716,-0.400,-0.001,0.101,-0.044,1.059,-0.529,-0.667,15.259,-0.235,19.810,14.120,18.945
5.633,6.572,-0.001,0.939,0.002,-0.002,-0.343,0.443,0.426,18.586,0.382,14.998,17.553,14.105,0.721,-0.392,0.001,0.089,-0.036,1.070,-0.413,-0.674,15.197,-0.212,19.984,14.008,19.058
5.640,6.568,-0.000,0.941,0.002,-0.002,-0.338,0.439,0.420,18.738,0.380,15.199,17.693,14.296,0.725,-0.385,0.002,0.078,-0.021,1.073,-0.240,-0.556,15.156,-0.123,20.089,13.947,19.156
5.647,6.564,-0.000,0.943,0.002,-0.002,-0.333,0.438,0.415,18.889,0.379,15.400,17.832,14.488,0.730,-0.377,0.003,0.067,-0.005,1.075,-0.104,-0.415,15.136,-0.049,20.162,13.905,19.240
5.655,6.560,-0.000,0.945,0.003,-0.002,-0.328,0.437,0.411,19.040,0.379,15.602,17.971,14.681,0.735,-0.370,0.004,0.054,0.010,1.078,-0.029,-0.295,15.132,-0.016,20.220,13.869,19.312
5.662,6.557,-0.000,0.947,0.003,-0.002,-0.322,0.437,0.409,19.192,0.379,15.804,18.109,14.874,0.740,-0.362,0.004,0.039,0.025,1.082,0.006,-0.202,15.140,-0.003,20.274,13.836,19.371
5.669,6.553,-0.000,0.948,0.003,-0.002,-0.317,0.437,0.407,19.343,0.379,16.007,18.248,15.068,0.745,-0.354,0.003,0.023,0.039,1.088,0.018,-0.135,15.161,0.001,20.332,13.798,19.419
5.677,6.550,-0.000,0.950,0.003,-0.002,-0.312,0.437,0.406,19.495,0.379,16.211,18.385,15.263,0.750,-0.345,0.001,0.006,0.051,1.098,0.018,-0.089,15.193,0.002,20.403,13.753,19.458
5.684,6.546,-0.000,0.952,0.003,-0.002,-0.307,0.437,0.405,19.647,0.379,16.415,18.523,15.457,0.755,-0.336,-0.000,-0.010,0.057,1.110,0.014,-0.058,15.237,0.003,20.486,13.705,19.492
5.692,6.543,-0.000,0.953,0.003,-0.001,-0.302,0.438,0.405,19.800,0.379,16.621,18.660,15.652,0.760,-0.326,-0.002,-0.024,0.056,1.124,0.009,-0.037,15.290,0.004,20.575,13.662,19.525
5.700,6.540,-0.000,0.955,0.003,-0.001,-0.296,0.438,0.404,19.953,0.379,16.827,18.796,15.848,0.766,-0.316,-0.003,-0.036,0.048,1.137,0.006,-0.024,15.345,0.008,20.664,13.632,19.560
5.707,6.537,-0.000,0.957,0.003,-0.001,-0.291,0.438,0.404,20.107,0.379,17.034,18.932,16.044,0.772,-0.306,-0.003,-0.046,0.033,1.150,0.005,-0.016,15.401,0.017,20.745,13.617,19.599
5.715,6.534,-0.000,0.958,0.003,-0.001,-0.285,0.438,0.404,20.261,0.379,17.242,19.068,16.240,0.777,-0.297,-0.002,-0.057,0.014,1.162,0.006,-0.011,15.457,0.033,20.813,13.619,19.641
5.723,6.531,-0.000,0.960,0.003,-0.001,-0.280,0.438,0.404,20.416,0.380,17.450,19.205,16.437,0.783,-0.287,-0.001,-0.069,-0.007,1.174,0.007,-0.008,15.512,0.049,20.862,13.635,19.686
5.731,6.528,-0.000,0.962,0.002,-0.001,-0.274,0.438,0.404,20.571,0.380,17.659,19.341,16.634,0.789,-0.278,0.001,-0.083,-0.026,1.184,0.006,-0.007,15.566,0.058,20.887,13.668,19.730
5.739,6.525,-0.000,0.963,0.002,-0.001,-0.268,0.438,0.404,20.727,0.381,17.868,19.478,16.831,0.794,-0.268,0.002,-0.098,-0.038,1.192,-0.000,-0.007,15.623,0.025,20.887,13.715,19.767
5.747,6.523,-0.000,0.965,0.001,-0.001,-0.262,0.438,0.404,20.884,0.381,18.077,19.615,17.029,0.799,-0.259,0.003,-0.113,-0.042,1.198,-0.002,-0.006,15.685,0.008,20.863,13.774,19.791
5.755,6.520,-0.000,0.967,0.000,-0.001,-0.257,0.438,0.404,21.041,0.381,18.285,19.753,17.227,0.804,-0.247,-0.000,-0.155,-0.010,1.224,-0.004,-0.008,15.761,-0.002,20.863,13.764,19.801
5.763,6.518,-0.000,0.968,-0.000,-0.001,-0.251,0.438,0.404,21.199,0.381,18.494,19.891,17.425,0.809,-0.240,0.002,-0.152,-0.014,1.212,-0.003,-0.006,15.850,-0.005,20.797,13.887,19.784
5.771,6.515,-0.000,0.970,-0.001,-0.000,-0.245,0.438,0.404,21.358,0.381,18.701,20.031,17.623,0.813,-0.233,0.003,-0.148,-0.008,1.201,-0.002,-0.006,15.929,-0.007,20.727,14.017,19.750
5.779,6.513,-0.000,0.971,-0.002,-0.000,-0.239,0.438,0.404,21.518,0.381,18.908,20.172,17.820,0.818,-0.227,0.002,-0.140,0.001,1.187,-0.002,-0.005,16.003,-0.009,20.659,14.155,19.700
5.787,6.511,-0.000,0.972,-0.002,-0.000,-0.233,0.438,0.404,21.678,0.381,19.114,20.314,18.017,0.822,-0.221,0.002,-0.123,0.009,1.169,-0.002,-0.005,16.075,-0.011,20.593,14.304,19.638
5.795,6.508,-0.000,0.974,-0.003,0.000,-0.228,0.438,0.403,21.839,0.380,19.320,20.458,18.213,0.826,-0.216,0.002,-0.101,0.012,1.147,-0.003,-0.005,16.144,-0.026,20.549,14.455,19.566
5.804,6.506,-0.000,0.975,-0.003,0.000,-0.222,0.438,0.403,22.001,0.380,19.526,20.603,18.408,0.829,-0.210,0.001,-0.076,0.013,1.124,-0.005,-0.005,16.204,-0.047,20.540,14.598,19.490
5.812,6.504,-0.000,0.976,-0.004,0.001,-0.217,0.438,0.403,22.163,0.380,19.731,20.750,18.602,0.832,-0.206,-0.002,-0.041,0.024,1.100,-0.005,-0.005,16.259,-0.043,20.527,14.734,19.421
5.820,6.502,-0.000,0.977,-0.004,0.001,-0.211,0.438,0.403,22.326,0.379,19.936,20.898,18.796,0.835,-0.199,-0.006,0.006,0.035,1.085,-0.004,-0.004,16.311,-0.023,20.522,14.839,19.379
5.829,6.500,-0.000,0.979,-0.003,0.001,-0.206,0.438,0.403,22.489,0.379,20.141,21.046,18.990,0.838,-0.192,-0.010,0.049,0.039,1.077,-0.003,-0.004,16.356,-0.014,20.540,14.909,19.366
5.837,6.498,-0.001,0.980,-0.003,0.001,-0.201,0.438,0.403,22.653,0.379,20.347,21.196,19.184,0.840,-0.183,-0.011,0.081,0.033,1.072,-0.002,-0.004,16.389,-0.008,20.593,14.951,19.375
5.845,6.497,-0.001,0.981,-0.003,0.001,-0.196,0.438,0.403,22.817,0.379,20.553,21.345,19.378,0.842,-0.175,-0.012,0.102,0.020,1.069,-0.001,-0.004,16.409,-0.004,20.667,14.971,19.407
5.854,6.495,-0.001,0.982,-0.002,0.001,-0.190,0.438,0.403,22.981,0.379,20.760,21.495,19.572,0.844,-0.165,-0.011,0.111,0.000,1.068,-0.001,-0.004,16.414,-0.001,20.752,14.974,19.458
5.862,6.493,-0.001,0.983,-0.002,0.001,-0.185,0.438,0.403,23.145,0.379,20.968,21.645,19.767,0.845,-0.155,-0.009,0.108,-0.025,1.070,-0.000,-0.004,16.403,0.003,20.838,14.964,19.526
5.871,6.492,-0.001,0.984,-0.001,0.001,-0.180,0.438,0.403,23.309,0.379,21.177,21.794,19.962,0.846,-0.145,-0.006,0.097,-0.049,1.072,0.000,-0.005,16.376,0.006,20.914,14.946,19.604
5.879,6.490,-0.001,0.985,-0.001,0.000,-0.175,0.438,0.403,23.473,0.379,21.387,21.944,20.159,0.847,-0.135,-0.002,0.087,-0.069,1.076,0.000,-0.005,16.333,0.008,20.975,14.925,19.690
5.888,6.489,-0.001,0.986,-0.000,-0.000,-0.169,0.438,0.403,23.636,0.379,21.597,22.093,20.356,0.848,-0.125,0.001,0.079,-0.080,1.079,0.000,-0.005,16.278,0.009,21.013,14.910,19.778
5.896,6.488,-0.001,0.986,-0.000,-0.001,-0.164,0.438,0.403,23.798,0.379,21.807,22.242,20.554,0.850,-0.116,0.002,0.071,-0.080,1.079,0.000,-0.005,16.216,0.008,21.028,14.906,19.861
5.905,6.487,-0.001,0.987,0.000,-0.001,-0.159,0.438,0.403,23.960,0.379,22.017,22.391,20.753,0.851,-0.108,0.004,0.063,-0.073,1.076,-0.000,-0.005,16.152,0.006,21.026,14.915,19.935
5.913,6.486,-0.001,0.988,0.000,-0.001,-0.153,0.438,0.403,24.121,0.379,22.227,22.540,20.953,0.852,-0.100,0.004,0.058,-0.060,1.073,-0.000,-0.004,16.088,0.004,21.018,14.929,20.000
5.922,6.485,-0.001,0.989,0.001,-0.002,-0.148,0.438,0.403,24.282,0.379,22.437,22.690,21.153,0.853,-0.091,0.005,0.054,-0.046,1.070,-0.000,-0.002,16.028,0.001,21.012,14.944,20.057
5.930,6.484,-0.001,0.990,0.001,-0.002,-0.143,0.438,0.403,24.442,0.379,22.647,22.839,21.354,0.855,-0.083,0.005,0.050,-0.032,1.069,-0.000,-0.001,15.975,-0.000,21.010,14.956,20.107
5.939,6.483,-0.001,0.991,0.001,-0.002,-0.137,0.438,0.403,24.601,0.379,22.858,22.989,21.556,0.856,-0.074,0.006,0.045,-0.019,1.069,0.000,0.000,15.931,-0.000,21.015,14.963,20.151
5.947,6.482,-0.001,0.991,0.001,-0.002,-0.132,0.438,0.403,24.761,0.379,23.068,23.138,21.757,0.858,-0.065,0.006,0.038,-0.009,1.071,0.001,0.002,15.896,0.001,21.024,14.963,20.190
5.956,6.482,-0.001,0.992,0.001,-0.002,-0.127,0.438,0.403,24.919,0.379,23.278,23.288,21.959,0.860,-0.056,0.006,0.029,-0.002,1.075,0.002,0.003,15.873,0.004,21.034,14.955,20.227
5.965,6.481,-0.001,0.993,0.002,-0.002,-0.121,0.438,0.403,25.078,0.379,23.488,23.437,22.162,0.862,-0.045,0.007,0.015,0.000,1.082,0.003,0.005,15.859,0.011,21.044,14.934,20.262
5.973,6.481,-0.000,0.993,0.002,-0.002,-0.116,0.438,0.403,25.237,0.380,23.699,23.587,22.365,0.863,-0.034,0.008,0.004,-0.003,1.096,0.006,0.006,15.844,0.028,21.064,14.888,20.303
5.982,6.481,-0.000,0.994,0.002,-0.002,-0.111,0.438,0.403,25.395,0.380,23.910,23.735,22.568,0.865,-0.021,0.010,-0.005,-0.009,1.116,0.008,0.008,15.832,0.045,21.087,14.823,20.345
5.991,6.481,-0.000,0.994,0.002,-0.002,-0.105,0.438,0.403,25.553,0.380,24.121,23.883,22.771,0.866,-0.008,0.012,-0.006,-0.014,1.140,0.005,0.009,15.863,0.025,21.105,14.735,20.382
5.999,6.481,-0.000,0.995,0.001,-0.003,-0.099,0.438,0.403,25.712,0.381,24.332,24.030,22.975,0.866,0.006,0.013,-0.005,-0.008,1.168,0.002,0.009,15.907,0.013,21.121,14.623,20.412
6.008,6.481,0.000,0.996,0.001,-0.003,-0.093,0.438,0.403,25.872,0.381,24.543,24.175,23.180,0.866,0.020,0.012,-0.007,0.010,1.199,0.001,0.008,15.947,0.004,21.137,14.499,20.434
6.017,6.481,0.000,0.996,0.001,-0.002,-0.087,0.438,0.403,26.031,0.381,24.755,24.320,23.384,0.866,0.035,0.009,-0.020,0.042,1.229,-0.000,0.006,15.987,-0.002,21.156,14.369,20.440
6.025,6.481,0.000,0.997,0.001,-0.002,-0.081,0.438,0.403,26.191,0.381,24.966,24.462,23.588,0.864,0.051,0.001,-0.067,0.103,1.272,-0.002,0.001,16.040,-0.006,21.214,14.180,20.426
6.034,6.482,0.000,0.997,0.001,-0.001,-0.075,0.438,0.403,26.352,0.381,25.179,24.604,23.793,0.863,0.066,-0.005,-0.103,0.149,1.297,-0.002,-0.001,16.094,-0.008,21.277,14.056,20.389
6.042,6.483,0.000,0.998,0.000,-0.001,-0.068,0.438,0.403,26.513,0.380,25.392,24.744,23.996,0.866,0.073,-0.003,-0.078,0.135,1.275,0.000,0.005,16.113,-0.010,21.300,14.121,20.330
6.051,6.483,0.000,0.998,0.000,0.000,-0.062,0.438,0.403,26.674,0.380,25.605,24.886,24.199,0.868,0.081,-0.002,-0.061,0.125,1.253,-0.001,0.005,16.148,-0.026,21.328,14.200,20.247
6.060,6.484,0.000,0.998,-0.000,0.001,-0.056,0.438,0.403,26.836,0.380,25.818,25.028,24.401,0.869,0.088,-0.003,-0.055,0.117,1.232,-0.004,0.004,16.195,-0.050,21.366,14.272,20.151
6.069,6.485,0.000,0.999,-0.000,0.001,-0.050,0.438,0.403,26.998,0.379,26.032,25.171,24.602,0.870,0.096,-0.004,-0.048,0.104,1.211,-0.007,0.001,16.269,-0.051,21.409,14.342,20.050
6.077,6.486,-0.000,0.999,-0.001,0.002,-0.044,0.438,0.403,27.161,0.379,26.247,25.315,24.802,0.870,0.103,-0.005,-0.038,0.079,1.188,-0.007,-0.001,16.361,-0.040,21.450,14.420,19.954
6.086,6.487,-0.000,0.999,-0.001,0.002,-0.038,0.438,0.403,27.326,0.379,26.461,25.460,25.001,0.870,0.110,-0.005,-0.029,0.044,1.167,-0.005,-0.003,16.459,-0.024,21.469,14.505,19.883
6.095,6.488,-0.000,0.999,-0.001,0.002,-0.032,0.438,0.403,27.491,0.378,26.676,25.605,25.200,0.870,0.118,-0.005,-0.020,0.008,1.149,-0.003,-0.004,16.542,-0.012,21.481,14.586,19.836
6.103,6.490,-0.000,1.000,-0.001,0.002,-0.026,0.438,0.403,27.656,0.378,26.891,25.751,25.398,0.869,0.126,-0.007,-0.009,-0.020,1.135,-0.001,-0.004,16.604,-0.002,21.494,14.660,19.809
6.112,6.491,-0.000,1.000,-0.001,0.002,-0.021,0.438,0.403,27.823,0.378,27.106,25.898,25.596,0.868,0.134,-0.009,0.005,-0.040,1.122,0.001,-0.004,16.643,0.006,21.509,14.726,19.802
6.121,6.492,-0.000,1.000,-0.001,0.002,-0.015,0.438,0.403,27.989,0.378,27.321,26.046,25.794,0.866,0.143,-0.011,0.017,-0.055,1.114,0.002,-0.003,16.659,0.014,21.526,14.780,19.817
6.129,6.494,-0.000,1.000,-0.001,0.001,-0.010,0.438,0.403,28.156,0.379,27.536,26.194,25.992,0.863,0.153,-0.012,0.025,-0.068,1.110,0.003,-0.003,16.654,0.023,21.541,14.822,19.856
6.138,6.495,-0.001,1.000,-0.001,0.001,-0.004,0.438,0.403,28.322,0.379,27.752,26.342,26.191,0.860,0.163,-0.012,0.028,-0.078,1.110,0.004,-0.002,16.630,0.026,21.552,14.853,19.913
6.147,6.497,-0.001,1.000,-0.000,0.001,0.002,0.438,0.403,28.488,0.379,27.967,26.491,26.391,0.856,0.173,-0.011,0.026,-0.083,1.112,0.003,-0.001,16.594,0.023,21.555,14.877,19.982
6.155,6.499,-0.001,1.000,-0.000,0.000,0.007,0.438,0.403,28.654,0.379,28.183,26.640,26.591,0.853,0.183,-0.009,0.022,-0.081,1.114,0.001,-0.001,16.552,0.015,21.546,14.896,20.053
6.164,6.501,-0.001,1.000,-0.000,-0.000,0.013,0.438,0.403,28.819,0.379,28.398,26.789,26.792,0.849,0.192,-0.007,0.018,-0.073,1.116,0.001,-0.001,16.513,0.010,21.528,14.913,20.121
6.172,6.503,-0.001,1.000,-0.000,-0.000,0.018,0.438,0.403,28.984,0.380,28.613,26.938,26.993,0.845,0.201,-0.006,0.012,-0.059,1.117,-0.000,-0.001,16.473,0.006,21.503,14.932,20.181
6.180,6.505,-0.001,1.000,-0.000,-0.001,0.024,0.438,0.403,29.149,0.380,28.828,27.088,27.195,0.842,0.210,-0.004,0.006,-0.045,1.116,-0.000,-0.001,16.438,0.003,21.474,14.954,20.230
6.189,6.507,-0.001,1.000,-0.000,-0.001,0.029,0.438,0.403,29.313,0.380,29.043,27.237,27.398,0.839,0.219,-0.001,0.001,-0.034,1.114,-0.001,-0.002,16.411,0.002,21.444,14.979,20.268
6.197,6.509,-0.001,0.999,-0.000,-0.001,0.035,0.438,0.403,29.477,0.380,29.257,27.387,27.601,0.836,0.228,0.001,-0.003,-0.029,1.112,-0.000,-0.003,16.392,0.003,21.413,15.007,20.299
6.206,6.511,-0.001,0.999,-0.000,-0.001,0.041,0.438,0.403,29.641,0.380,29.471,27.537,27.804,0.834,0.237,0.004,-0.006,-0.031,1.110,-0.000,-0.004,16.376,0.007,21.384,15.036,20.326
6.214,6.514,-0.001,0.999,-0.000,-0.001,0.046,0.438,0.403,29.805,0.380,29.685,27.688,28.007,0.833,0.246,0.007,-0.007,-0.040,1.110,0.001,-0.005,16.357,0.015,21.353,15.064,20.353
6.222,6.516,-0.001,0.999,-0.000,-0.002,0.052,0.438,0.403,29.968,0.380,29.898,27.839,28.211,0.831,0.256,0.010,-0.007,-0.052,1.112,0.002,-0.005,16.334,0.030,21.321,15.090,20.382
6.231,6.519,-0.001,0.998,-0.000,-0.002,0.057,0.438,0.403,30.131,0.380,30.111,27.990,28.415,0.829,0.266,0.013,-0.004,-0.068,1.117,0.000,-0.005,16.312,0.019,21.284,15.111,20.415
6.239,6.522,-0.001,0.998,-0.000,-0.002,0.063,0.438,0.403,30.294,0.380,30.324,28.141,28.619,0.827,0.277,0.014,0.000,-0.081,1.123,-0.001,-0.005,16.287,0.014,21.241,15.127,20.453
6.247,6.524,-0.000,0.998,-0.000,-0.003,0.068,0.438,0.403,30.457,0.381,30.536,28.292,28.824,0.826,0.287,0.015,0.003,-0.087,1.130,-0.001,-0.005,16.256,0.009,21.190,15.141,20.492
6.255,6.527,-0.000,0.997,-0.000,-0.003,0.074,0.438,0.403,30.619,0.381,30.748,28.444,29.029,0.824,0.297,0.015,0.003,-0.083,1.135,-0.001,-0.003,16.217,0.004,21.131,15.157,20.527
6.264,6.530,-0.000,0.997,-0.000,-0.004,0.080,0.438,0.403,30.781,0.381,30.959,28.595,29.234,0.822,0.307,0.013,-0.001,-0.067,1.137,-0.000,-0.002,16.172,-0.000,21.065,15.178,20.553
6.272,6.534,-0.000,0.996,-0.000,-0.004,0.085,0.438,0.403,30.943,0.381,31.169,28.747,29.440,0.820,0.316,0.009,-0.010,-0.039,1.134,-0.000,0.000,16.126,-0.005,20.994,15.210,20.562
6.280,6.537,-0.000,0.996,-0.000,-0.004,0.091,0.438,0.403,31.104,0.381,31.379,28.900,29.646,0.818,0.324,0.006,-0.020,-0.006,1.127,0.000,0.002,16.101,-0.008,20.923,15.253,20.549
6.288,6.540,0.000,0.995,-0.000,-0.004,0.097,0.438,0.403,31.265,0.380,31.587,29.052,29.851,0.816,0.332,0.004,-0.023,0.026,1.118,0.000,0.004,16.097,-0.015,20.867,15.298,20.519
6.296,6.543,0.000,0.995,-0.001,-0.004,0.102,0.438,0.403,31.426,0.380,31.796,29.206,30.056,0.814,0.339,0.002,-0.022,0.055,1.111,-0.001,0.005,16.107,-0.033,20.833,15.336,20.475
6.304,6.547,0.000,0.994,-0.001,-0.003,0.108,0.438,0.403,31.587,0.380,32.004,29.359,30.260,0.812,0.348,0.001,-0.019,0.080,1.106,-0.002,0.006,16.131,-0.046,20.823,15.362,20.418
6.313,6.550,0.000,0.994,-0.001,-0.003,0.113,0.438,0.403,31.749,0.379,32.212,29.513,30.464,0.809,0.356,-0.000,-0.015,0.102,1.103,-0.003,0.006,16.169,-0.036,20.838,15.372,20.351
6.321,6.554,0.000,0.993,-0.001,-0.002,0.119,0.440,0.404,31.910,0.380,32.421,29.666,30.667,0.806,0.364,-0.004,0.008,0.136,1.097,0.340,0.080,16.216,0.129,20.871,15.371,20.269
6.329,6.558,0.000,0.992,-0.001,-0.002,0.124,0.443,0.404,32.073,0.381,32.630,29.820,30.870,0.803,0.372,-0.008,0.034,0.162,1.094,0.341,0.080,16.279,0.074,20.919,15.353,20.193
6.337,6.561,-0.000,0.992,-0.001,-0.001,0.130,0.446,0.405,32.236,0.382,32.840,29.973,31.071,0.799,0.382,-0.007,0.024,0.148,1.101,0.238,0.059,16.347,0.029,21.027,15.295,20.132
6.345,6.565,-0.000,0.991,-0.001,0.000,0.135,0.448,0.406,32.400,0.382,33.050,30.126,31.272,0.794,0.392,-0.007,0.025,0.134,1.105,0.131,0.035,16.417,0.007,21.144,15.228,20.075
6.353,6.569,-0.000,0.990,-0.001,0.001,0.140,0.449,0.406,32.564,0.382,33.262,30.278,31.473,0.789,0.402,-0.007,0.034,0.117,1.109,0.058,0.019,16.484,-0.002,21.263,15.152,20.028
6.360,6.573,-0.000,0.989,-0.001,0.001,0.146,0.449,0.406,32.730,0.382,33.476,30.429,31.673,0.783,0.411,-0.007,0.043,0.094,1.113,0.018,0.010,16.543,-0.005,21.381,15.068,19.996
6.368,6.577,-0.000,0.988,-0.000,0.002,0.151,0.449,0.406,32.895,0.382,33.690,30.579,31.873,0.776,0.421,-0.006,0.049,0.058,1.122,-0.001,0.006,16.584,-0.004,21.502,14.970,19.988
6.376,6.582,-0.000,0.988,-0.000,0.002,0.157,0.449,0.406,33.061,0.382,33.906,30.728,32.073,0.768,0.433,-0.002,0.067,0.012,1.142,-0.007,0.003,16.617,-0.002,21.631,14.844,20.013
6.384,6.586,-0.000,0.987,0.000,0.002,0.163,0.449,0.406,33.227,0.382,34.123,30.876,32.273,0.760,0.445,0.000,0.091,-0.028,1.163,-0.008,0.001,16.633,-0.001,21.746,14.715,20.062
6.391,6.591,-0.000,0.986,0.001,0.002,0.169,0.449,0.406,33.394,0.382,34.341,31.023,32.474,0.752,0.456,0.001,0.109,-0.051,1.184,-0.006,-0.000,16.625,-0.001,21.837,14.587,20.128
6.399,6.595,-0.000,0.985,0.001,0.002,0.174,0.449,0.406,33.560,0.382,34.559,31.168,32.676,0.742,0.467,-0.001,0.116,-0.051,1.208,-0.004,-0.001,16.596,-0.001,21.913,14.447,20.202
6.406,6.600,-0.000,0.984,0.002,0.001,0.180,0.449,0.406,33.726,0.382,34.779,31.312,32.878,0.733,0.478,-0.003,0.109,-0.040,1.227,-0.003,-0.002,16.557,-0.002,21.970,14.321,20.280
6.413,6.605,-0.000,0.982,0.002,0.001,0.186,0.449,0.406,33.891,0.382,34.999,31.454,33.081,0.723,0.488,-0.006,0.076,-0.021,1.243,-0.002,-0.002,16.529,-0.003,22.009,14.210,20.353
6.420,6.610,-0.001,0.981,0.003,0.001,0.193,0.449,0.406,34.056,0.382,35.219,31.596,33.285,0.714,0.497,-0.009,0.027,0.001,1.258,-0.001,-0.002,16.525,-0.003,22.041,14.113,20.413
6.428,6.615,-0.001,0.980,0.003,0.001,0.199,0.449,0.406,34.222,0.381,35.439,31.737,33.490,0.707,0.506,-0.009,-0.009,0.005,1.259,-0.001,-0.002,16.508,-0.001,22.054,14.087,20.467
6.435,6.620,-0.001,0.979,0.003,0.001,0.205,0.449,0.406,34.386,0.381,35.660,31.878,33.694,0.702,0.514,-0.005,-0.023,-0.015,1.248,0.000,-0.001,16.477,0.001,22.042,14.136,20.515
6.442,6.625,-0.001,0.977,0.003,0.001,0.211,0.449,0.406,34.551,0.382,35.880,32.020,33.900,0.696,0.522,-0.002,-0.042,-0.031,1.243,0.001,-0.001,16.461,0.003,22.021,14.185,20.553
6.448,6.630,-0.001,0.976,0.002,0.001,0.217,0.449,0.406,34.716,0.382,36.100,32.162,34.106,0.690,0.531,0.000,-0.062,-0.046,1.242,0.001,-0.001,16.456,0.005,21.987,14.235,20.586
6.455,6.636,-0.001,0.975,0.002,0.001,0.223,0.449,0.406,34.880,0.382,36.320,32.304,34.312,0.684,0.540,0.002,-0.078,-0.061,1.244,0.001,-0.001,16.457,0.007,21.942,14.290,20.617
6.462,6.641,-0.001,0.973,0.002,0.000,0.229,0.449,0.406,35.045,0.382,36.539,32.447,34.518,0.678,0.549,0.004,-0.088,-0.074,1.247,0.001,-0.001,16.462,0.007,21.884,14.350,20.647
6.469,6.647,-0.001,0.972,0.001,-0.000,0.235,0.449,0.406,35.209,0.382,36.758,32.591,34.724,0.672,0.559,0.005,-0.091,-0.083,1.251,0.001,-0.001,16.469,0.007,21.815,14.414,20.678
6.476,6.652,-0.001,0.970,0.001,-0.001,0.241,0.449,0.406,35.374,0.382,36.975,32.736,34.931,0.664,0.568,0.004,-0.097,-0.076,1.263,0.000,-0.002,16.481,0.005,21.747,14.454,20.706
6.482,6.658,-0.001,0.969,0.001,-0.001,0.248,0.449,0.406,35.539,0.382,37.193,32.880,35.139,0.656,0.578,0.001,-0.107,-0.054,1.277,-0.001,-0.002,16.507,0.001,21.688,14.473,20.728
6.489,6.664,-0.001,0.967,0.000,-0.002,0.254,0.449,0.406,35.704,0.382,37.409,33.026,35.346,0.651,0.587,0.002,-0.075,-0.058,1.268,-0.001,-0.003,16.508,0.000,21.602,14.579,20.743
6.495,6.670,-0.001,0.966,0.000,-0.002,0.260,0.449,0.406,35.869,0.382,37.625,33.172,35.553,0.645,0.595,0.003,-0.051,-0.047,1.260,-0.002,-0.004,16.510,-0.003,21.515,14.670,20.743
6.502,6.676,-0.000,0.964,-0.000,-0.002,0.266,0.449,0.406,36.034,0.382,37.839,33.319,35.761,0.640,0.601,0.003,-0.041,-0.029,1.246,-0.002,-0.005,16.513,-0.006,21.429,14.769,20.725
6.508,6.682,-0.000,0.962,-0.000,-0.003,0.272,0.449,0.406,36.200,0.382,38.053,33.467,35.968,0.636,0.607,0.003,-0.045,-0.012,1.223,-0.003,-0.005,16.519,-0.009,21.348,14.884,20.682
6.514,6.688,-0.000,0.961,-0.001,-0.003,0.278,0.449,0.406,36.365,0.382,38.266,33.617,36.174,0.634,0.611,0.005,-0.053,-0.001,1.190,-0.003,-0.006,16.525,-0.011,21.271,15.029,20.615
6.521,6.694,-0.000,0.959,-0.001,-0.003,0.283,0.449,0.406,36.530,0.382,38.479,33.768,36.380,0.633,0.615,0.008,-0.051,0.005,1.153,-0.003,-0.006,16.499,-0.010,21.212,15.192,20.536
6.527,6.700,-0.000,0.957,-0.001,-0.003,0.289,0.449,0.406,36.695,0.381,38.691,33.921,36.585,0.630,0.620,0.009,-0.026,0.016,1.126,-0.001,-0.004,16.480,-0.007,21.180,15.322,20.449
6.533,6.706,-0.000,0.956,-0.001,-0.003,0.294,0.449,0.406,36.860,0.381,38.902,34.074,36.789,0.627,0.626,0.008,0.004,0.032,1.108,0.000,-0.001,16.462,-0.003,21.174,15.412,20.363
6.540,6.713,-0.000,0.954,-0.001,-0.002,0.299,0.449,0.406,37.024,0.381,39.114,34.229,36.992,0.623,0.631,0.003,0.053,0.065,1.091,0.002,0.002,16.443,0.002,21.172,15.482,20.277
6.546,6.719,-0.000,0.953,-0.001,-0.002,0.304,0.449,0.406,37.189,0.381,39.326,34.384,37.195,0.618,0.637,-0.000,0.080,0.079,1.085,0.002,0.003,16.435,0.003,21.170,15.523,20.223
6.552,6.725,-0.000,0.951,-0.001,-0.001,0.310,0.449,0.406,37.353,0.381,39.538,34.539,37.397,0.613,0.644,-0.002,0.100,0.087,1.084,0.002,0.003,16.430,0.003,21.169,15.563,20.190
6.558,6.732,-0.000,0.949,-0.000,-0.001,0.315,0.449,0.406,37.517,0.381,39.749,34.695,37.599,0.607,0.651,-0.005,0.122,0.095,1.085,0.001,0.002,16.428,0.003,21.168,15.617,20.172
6.564,6.738,-0.000,0.947,0.000,-0.000,0.320,0.449,0.406,37.681,0.381,39.961,34.851,37.800,0.598,0.660,-0.002,0.055,0.032,1.093,0.000,0.002,16.439,0.001,21.284,15.577,20.182
6.570,6.745,-0.000,0.946,0.000,-0.000,0.325,0.449,0.406,37.846,0.381,40.175,35.007,38.002,0.590,0.668,-0.002,-0.001,-0.021,1.097,0.000,0.002,16.451,0.001,21.401,15.522,20.202
6.576,6.752,-0.000,0.944,0.000,-0.000,0.330,0.449,0.406,38.010,0.381,40.389,35.162,38.204,0.581,0.675,-0.004,-0.026,-0.048,1.101,0.001,0.003,16.458,0.001,21.479,15.486,20.228
6.582,6.759,-0.000,0.942,0.000,-0.001,0.336,0.449,0.406,38.175,0.381,40.604,35.316,38.407,0.573,0.682,-0.008,-0.026,-0.052,1.103,0.001,0.004,16.465,0.001,21.521,15.459,20.263
6.587,6.765,-0.000,0.940,0.000,-0.001,0.341,0.449,0.406,38.340,0.382,40.820,35.471,38.610,0.564,0.688,-0.011,-0.002,-0.034,1.107,0.001,0.005,16.471,0.001,21.529,15.431,20.305
6.593,6.772,-0.001,0.938,0.000,-0.001,0.346,0.449,0.406,38.504,0.382,41.035,35.625,38.813,0.554,0.694,-0.013,0.033,-0.004,1.110,0.001,0.006,16.478,-0.000,21.515,15.397,20.355
6.598,6.779,-0.001,0.936,0.000,-0.001,0.351,0.449,0.406,38.669,0.381,41.250,35.779,39.017,0.545,0.699,-0.014,0.059,0.024,1.113,0.001,0.007,16.489,-0.001,21.494,15.355,20.409
6.604,6.786,-0.001,0.934,0.001,-0.001,0.356,0.449,0.406,38.834,0.381,41.465,35.932,39.221,0.534,0.705,-0.012,0.066,0.035,1.122,0.001,0.007,16.512,-0.002,21.493,15.287,20.466
6.609,6.793,-0.001,0.932,0.001,-0.000,0.362,0.449,0.406,39.000,0.381,41.680,36.084,39.426,0.522,0.711,-0.006,0.058,0.024,1.139,0.001,0.007,16.539,-0.002,21.540,15.178,20.522
6.614,6.801,-0.001,0.930,0.001,-0.000,0.367,0.449,0.406,39.165,0.381,41.896,36.235,39.632,0.510,0.718,0.000,0.052,0.006,1.159,0.001,0.006,16.528,-0.000,21.612,15.058,20.579
6.619,6.808,-0.001,0.928,0.001,-0.000,0.372,0.449,0.406,39.330,0.381,42.112,36.385,39.838,0.498,0.724,0.005,0.048,-0.004,1.178,0.001,0.004,16.499,0.002,21.679,14.939,20.627
6.624,6.815,-0.001,0.926,0.002,-0.000,0.378,0.449,0.406,39.495,0.381,42.329,36.534,40.044,0.486,0.731,0.009,0.041,-0.005,1.199,0.001,0.002,16.465,0.004,21.742,14.808,20.667
6.629,6.822,-0.001,0.924,0.002,0.000,0.384,0.449,0.406,39.659,0.382,42.547,36.682,40.251,0.474,0.738,0.011,0.033,-0.004,1.223,0.000,-0.000,16.433,0.006,21.801,14.671,20.700
6.634,6.830,-0.001,0.921,0.002,0.000,0.389,0.449,0.406,39.824,0.382,42.765,36.828,40.458,0.461,0.745,0.012,0.020,-0.001,1.249,-0.000,-0.002,16.412,0.006,21.846,14.532,20.732
6.638,6.837,-0.001,0.919,0.002,0.000,0.395,0.449,0.406,39.988,0.382,42.984,36.972,40.666,0.447,0.752,0.009,-0.018,0.017,1.287,-0.001,-0.004,16.451,0.003,21.886,14.350,20.758
6.643,6.845,-0.000,0.916,0.002,0.000,0.401,0.449,0.406,40.153,0.382,43.203,37.115,40.873,0.434,0.759,0.008,-0.036,0.017,1.310,-0.001,-0.004,16.493,0.001,21.901,14.236,20.784
6.647,6.852,-0.000,0.913,0.002,0.000,0.407,0.449,0.406,40.318,0.382,43.422,37.257,41.081,0.424,0.767,0.007,-0.038,0.010,1.325,-0.001,-0.004,16.537,-0.000,21.903,14.168,20.808
6.651,6.860,-0.000,0.911,0.001,0.000,0.413,0.449,0.406,40.483,0.382,43.641,37.398,41.289,0.413,0.774,0.005,-0.031,0.006,1.335,-0.001,-0.003,16.581,-0.001,21.899,14.129,20.828
6.655,6.868,-0.000,0.908,0.001,0.000,0.419,0.449,0.406,40.649,0.382,43.860,37.540,41.498,0.402,0.781,0.002,-0.024,0.009,1.343,-0.001,-0.003,16.625,-0.002,21.896,14.106,20.843
6.659,6.876,-0.000,0.905,0.001,0.000,0.425,0.449,0.406,40.816,0.382,44.079,37.681,41.706,0.392,0.787,-0.002,-0.023,0.023,1.348,-0.001,-0.003,16.669,-0.002,21.899,14.093,20.850
6.663,6.884,-0.000,0.902,0.001,0.000,0.431,0.449,0.406,40.983,0.382,44.298,37.821,41.915,0.381,0.793,-0.007,-0.032,0.048,1.351,-0.001,-0.003,16.712,-0.002,21.914,14.084,20.842
6.667,6.892,-0.000,0.899,0.001,0.000,0.437,0.449,0.406,41.150,0.382,44.517,37.963,42.123,0.374,0.798,-0.008,-0.020,0.050,1.329,-0.001,-0.002,16.727,-0.004,21.907,14.171,20.817
6.670,6.900,-0.000,0.896,0.000,0.000,0.443,0.449,0.406,41.317,0.382,44.736,38.105,42.331,0.369,0.802,-0.006,-0.008,0.042,1.291,-0.001,-0.001,16.742,-0.008,21.863,14.319,20.766
6.674,6.908,-0.000,0.894,0.000,0.001,0.449,0.449,0.406,41.485,0.381,44.954,38.249,42.538,0.364,0.806,-0.005,-0.028,0.048,1.259,-0.002,-0.002,16.757,-0.009,21.816,14.447,20.695
6.678,6.916,-0.001,0.891,0.000,0.001,0.455,0.449,0.406,41.652,0.381,45.172,38.394,42.745,0.359,0.809,-0.003,-0.055,0.049,1.228,-0.002,-0.002,16.770,-0.009,21.775,14.579,20.609
6.681,6.924,-0.001,0.888,-0.000,0.001,0.460,0.449,0.406,41.820,0.381,45.390,38.541,42.950,0.354,0.812,-0.000,-0.084,0.032,1.192,-0.001,-0.003,16.785,-0.006,21.768,14.728,20.506
6.685,6.932,-0.001,0.885,-0.001,0.001,0.465,0.449,0.406,41.988,0.381,45.608,38.689,43.155,0.350,0.815,0.004,-0.106,0.005,1.160,-0.001,-0.004,16.798,-0.003,21.786,14.874,20.394
6.688,6.940,-0.000,0.883,-0.001,0.000,0.470,0.449,0.406,42.156,0.381,45.826,38.838,43.358,0.344,0.818,0.006,-0.110,-0.017,1.137,-0.000,-0.004,16.809,0.001,21.800,15.003,20.289
6.692,6.948,-0.000,0.880,-0.002,0.000,0.475,0.449,0.406,42.324,0.381,46.043,38.989,43.561,0.338,0.822,0.006,-0.087,-0.028,1.122,0.000,-0.004,16.819,0.004,21.789,15.118,20.205
6.695,6.957,-0.000,0.877,-0.002,-0.000,0.480,0.449,0.406,42.493,0.381,46.261,39.140,43.763,0.330,0.826,0.005,-0.056,-0.040,1.113,0.000,-0.004,16.822,0.006,21.771,15.215,20.147
6.698,6.965,-0.000,0.875,-0.002,-0.000,0.485,0.449,0.406,42.661,0.381,46.479,39.293,43.964,0.324,0.829,-0.001,0.016,-0.021,1.097,0.001,-0.001,16.807,0.006,21.761,15.317,20.096
6.702,6.973,-0.000,0.872,-0.002,-0.000,0.490,0.449,0.406,42.829,0.381,46.697,39.447,44.165,0.317,0.833,-0.005,0.066,-0.021,1.092,0.001,-0.000,16.789,0.004,21.747,15.391,20.092
6.705,6.981,-0.000,0.869,-0.001,-0.000,0.494,0.449,0.406,42.996,0.381,46.914,39.601,44.366,0.306,0.838,-0.001,0.062,-0.062,1.100,-0.000,-0.003,16.769,0.003,21.724,15.425,20.146
6.708,6.990,-0.000,0.866,-0.001,-0.001,0.499,0.449,0.406,43.164,0.381,47.131,39.755,44.568,0.296,0.842,-0.000,0.066,-0.085,1.103,-0.001,-0.003,16.728,0.002,21.714,15.452,20.207
6.711,6.998,-0.000,0.864,-0.000,-0.001,0.504,0.449,0.406,43.331,0.381,47.348,39.910,44.770,0.286,0.846,-0.001,0.077,-0.092,1.105,-0.001,-0.003,16.672,0.001,21.699,15.471,20.278
6.713,7.007,-0.000,0.861,0.000,-0.001,0.509,0.449,0.406,43.497,0.381,47.565,40.064,44.973,0.278,0.848,-0.006,0.124,-0.058,1.095,-0.000,-0.000,16.601,-0.000,21.682,15.501,20.342
6.716,7.015,-0.001,0.858,0.001,-0.001,0.514,0.449,0.406,43.663,0.381,47.782,40.219,45.177,0.267,0.851,-0.006,0.112,-0.061,1.103,-0.000,-0.000,16.542,-0.001,21.642,15.495,20.446
6.719,7.024,-0.001,0.855,0.002,-0.001,0.518,0.449,0.406,43.828,0.381,47.998,40.374,45.382,0.257,0.853,-0.005,0.094,-0.054,1.106,0.000,0.001,16.478,-0.001,21.619,15.478,20.540
6.721,7.032,-0.001,0.852,0.002,-0.001,0.523,0.449,0.406,43.993,0.381,48.214,40.529,45.588,0.246,0.855,-0.004,0.068,-0.045,1.109,0.001,0.002,16.419,-0.001,21.603,15.454,20.622
6.724,7.041,-0.001,0.849,0.002,-0.001,0.528,0.449,0.406,44.157,0.381,48.430,40.683,45.794,0.235,0.857,-0.003,0.033,-0.036,1.114,0.002,0.004,16.368,0.001,21.587,15.422,20.691
6.726,7.049,-0.001,0.846,0.002,-0.001,0.532,0.449,0.406,44.320,0.381,48.646,40.837,46.002,0.223,0.858,0.000,-0.004,-0.033,1.124,0.002,0.006,16.330,0.003,21.575,15.375,20.748
6.728,7.058,-0.001,0.843,0.002,-0.001,0.537,0.449,0.406,44.483,0.382,48.862,40.991,46.209,0.211,0.860,0.003,-0.037,-0.033,1.138,0.003,0.008,16.305,0.006,21.563,15.319,20.794
6.730,7.067,-0.001,0.840,0.002,-0.001,0.542,0.449,0.406,44.646,0.382,49.077,41.144,46.417,0.198,0.862,0.005,-0.062,-0.033,1.153,0.004,0.010,16.294,0.008,21.540,15.266,20.826
6.732,7.075,-0.001,0.837,0.002,-0.002,0.547,0.449,0.406,44.809,0.382,49.292,41.296,46.626,0.186,0.865,0.006,-0.079,-0.030,1.168,0.004,0.010,16.295,0.009,21.504,15.218,20.845
6.734,7.084,-0.000,0.834,0.002,-0.002,0.552,0.449,0.406,44.972,0.382,49.507,41.448,46.834,0.173,0.867,0.006,-0.082,-0.023,1.187,0.003,0.009,16.315,0.007,21.469,15.164,20.855
6.736,7.093,-0.000,0.831,0.002,-0.002,0.557,0.449,0.406,45.135,0.382,49.722,41.599,47.043,0.159,0.869,0.004,-0.074,-0.010,1.207,0.002,0.008,16.345,0.005,21.441,15.101,20.859
6.737,7.101,-0.000,0.827,0.001,-0.003,0.562,0.449,0.406,45.299,0.382,49.936,41.750,47.251,0.146,0.871,0.002,-0.057,0.004,1.226,0.001,0.006,16.377,0.001,21.422,15.040,20.860
6.738,7.110,-0.000,0.824,0.001,-0.003,0.567,0.449,0.406,45.463,0.382,50.150,41.900,47.460,0.133,0.872,-0.000,-0.035,0.020,1.239,-0.001,0.004,16.408,-0.002,21.409,14.989,20.856
6.740,7.119,-0.000,0.820,0.001,-0.003,0.572,0.449,0.406,45.627,0.382,50.364,42.050,47.668,0.121,0.874,-0.002,-0.010,0.037,1.247,-0.001,0.002,16.435,-0.006,21.406,14.950,20.847
6.741,7.128,-0.000,0.817,0.001,-0.003,0.577,0.449,0.406,45.792,0.382,50.578,42.199,47.877,0.110,0.875,-0.004,0.012,0.056,1.249,-0.002,0.000,16.453,-0.009,21.415,14.919,20.830
6.742,7.136,-0.000,0.813,0.001,-0.002,0.582,0.449,0.406,45.956,0.382,50.793,42.348,48.085,0.099,0.876,-0.005,0.029,0.076,1.247,-0.002,-0.001,16.461,-0.011,21.438,14.891,20.804
6.743,7.145,-0.001,0.809,0.000,-0.002,0.587,0.449,0.406,46.121,0.382,51.007,42.497,48.293,0.089,0.876,-0.005,0.040,0.095,1.241,-0.003,-0.003,16.476,-0.012,21.475,14.863,20.764
6.744,7.154,-0.001,0.806,0.000,-0.001,0.592,0.449,0.406,46.286,0.381,51.222,42.646,48.500,0.080,0.877,-0.004,0.043,0.110,1.232,-0.003,-0.004,16.497,-0.012,21.524,14.835,20.708
6.744,7.163,-0.001,0.802,0.000,-0.001,0.597,0.449,0.406,46.451,0.381,51.438,42.794,48.707,0.071,0.877,-0.002,0.039,0.119,1.220,-0.002,-0.005,16.523,-0.010,21.579,14.812,20.636
6.745,7.171,-0.001,0.798,-0.000,-0.000,0.602,0.449,0.406,46.616,0.381,51.654,42.942,48.913,0.063,0.878,0.001,0.031,0.118,1.204,-0.002,-0.005,16.555,-0.008,21.635,14.798,20.550
6.746,7.180,-0.001,0.795,-0.000,0.000,0.607,0.449,0.406,46.782,0.381,51.870,43.090,49.118,0.055,0.878,0.004,0.020,0.110,1.188,-0.001,-0.005,16.592,-0.005,21.689,14.789,20.453
6.746,7.189,-0.001,0.791,-0.001,0.001,0.612,0.449,0.406,46.948,0.381,52.087,43.238,49.322,0.047,0.879,0.007,0.007,0.097,1.176,-0.001,-0.005,16.627,-0.001,21.743,14.774,20.354
6.747,7.198,-0.000,0.788,-0.001,0.001,0.616,0.449,0.406,47.114,0.381,52.305,43.385,49.525,0.038,0.881,0.009,-0.006,0.081,1.167,0.000,-0.004,16.658,0.003,21.794,14.754,20.259
6.747,7.207,-0.000,0.784,-0.001,0.002,0.621,0.449,0.406,47.281,0.381,52.523,43.533,49.727,0.029,0.882,0.009,-0.015,0.064,1.162,0.000,-0.004,16.687,0.006,21.840,14.732,20.173
6.747,7.215,-0.000,0.780,-0.001,0.002,0.625,0.449,0.406,47.448,0.381,52.742,43.680,49.929,0.019,0.883,0.008,-0.019,0.046,1.159,0.001,-0.004,16.713,0.007,21.878,14.713,20.102
6.747,7.224,-0.000,0.777,-0.002,0.002,0.630,0.449,0.406,47.615,0.381,52.961,43.827,50.129,0.009,0.884,0.006,-0.017,0.026,1.157,0.001,-0.003,16.737,0.008,21.908,14.701,20.051
6.747,7.233,-0.000,0.773,-0.002,0.002,0.634,0.449,0.406,47.783,0.381,53.180,43.974,50.330,-0.001,0.885,0.003,-0.009,0.005,1.156,0.000,-0.003,16.757,0.007,21.932,14.698,20.021
6.747,7.242,-0.000,0.769,-0.002,0.002,0.639,0.449,0.406,47.951,0.381,53.399,44.121,50.530,-0.012,0.886,-0.000,0.003,-0.016,1.156,-0.000,-0.003,16.770,0.006,21.951,14.704,20.015
6.747,7.251,-0.000,0.766,-0.001,0.002,0.643,0.449,0.406,48.118,0.381,53.619,44.268,50.730,-0.022,0.887,-0.003,0.017,-0.038,1.155,-0.001,-0.004,16.774,0.004,21.965,14.718,20.033
6.747,7.260,-0.000,0.762,-0.001,0.002,0.648,0.449,0.406,48.286,0.382,53.839,44.415,50.931,-0.033,0.887,-0.006,0.030,-0.060,1.154,-0.001,-0.004,16.767,0.002,21.975,14.741,20.074
