7.000,-1.000,0.001,1.000,0.000,0.000,0.000,-0.000,-0.000,0.000,-0.000,0.000,0.000,0.000,-0.000,-0.000,0.000,-0.000,-0.000,-0.000,0.000,0.000,-0.000,0.000,-0.000,-0.000,-0.000
7.000,-1.000,0.001,1.000,0.000,0.000,-0.000,0.407,0.338,-0.007,0.291,-0.007,-0.001,-0.002,-0.014,-0.003,0.000,-0.001,0.008,-0.035,56.933,46.722,-1.138,41.865,-1.179,-0.319,-0.456
7.000,-1.000,0.000,1.000,-0.000,0.000,-0.000,0.766,0.660,-0.019,0.572,-0.020,-0.007,-0.010,-0.046,-0.013,-0.000,-0.010,0.020,-0.067,16.380,16.000,-1.343,14.614,-1.543,-0.877,-1.145
6.999,-1.000,0.000,1.000,-0.000,0.000,-0.001,0.795,0.695,-0.033,0.625,-0.038,-0.018,-0.025,-0.073,-0.026,-0.000,-0.014,0.019,-0.134,-8.837,-9.174,-1.477,-3.299,-2.009,-1.279,-1.819
6.998,-1.001,0.000,1.000,-0.000,0.000,-0.002,0.631,0.507,-0.049,0.531,-0.061,-0.033,-0.046,-0.100,-0.034,-0.000,-0.008,0.016,-0.179,-21.227,-25.233,-1.669,-13.539,-2.499,-1.709,-2.461
6.997,-1.001,0.000,1.000,-0.000,0.000,-0.003,0.445,0.288,-0.068,0.403,-0.088,-0.052,-0.074,-0.125,-0.033,-0.000,0.005,0.012,-0.190,-13.452,-15.374,-2.202,-10.204,-3.048,-2.179,-3.011
6.996,-1.001,0.000,1.000,-0.000,0.000,-0.004,0.391,0.237,-0.094,0.353,-0.122,-0.076,-0.106,-0.148,-0.030,-0.000,0.011,0.006,-0.193,2.031,4.101,-2.893,-0.234,-3.646,-2.617,-3.479
6.994,-1.002,0.000,1.000,-0.000,0.000,-0.005,0.434,0.316,-0.126,0.370,-0.161,-0.105,-0.143,-0.171,-0.032,-0.001,0.008,0.004,-0.203,5.743,10.654,-3.456,3.110,-4.192,-3.048,-3.958
6.992,-1.002,0.000,1.000,-0.000,0.000,-0.006,0.488,0.426,-0.162,0.397,-0.206,-0.137,-0.185,-0.193,-0.038,-0.001,0.002,0.002,-0.241,4.082,8.923,-3.885,1.557,-4.742,-3.415,-4.478
6.990,-1.002,0.000,1.000,-0.000,0.000,-0.007,0.510,0.478,-0.203,0.405,-0.256,-0.173,-0.233,-0.215,-0.047,-0.002,-0.001,0.001,-0.292,0.615,2.405,-4.206,0.252,-5.327,-3.736,-5.015
6.988,-1.003,0.000,1.000,-0.000,0.000,-0.009,0.507,0.486,-0.247,0.404,-0.312,-0.212,-0.286,-0.236,-0.053,-0.002,0.001,0.000,-0.340,-0.837,-0.382,-4.555,-0.282,-5.906,-4.045,-5.538
6.986,-1.003,0.000,1.000,-0.000,0.000,-0.010,0.497,0.476,-0.294,0.400,-0.374,-0.254,-0.344,-0.257,-0.058,-0.003,0.005,0.000,-0.377,-1.127,-1.319,-4.922,-0.423,-6.454,-4.367,-6.039
6.983,-1.004,0.000,1.000,0.000,0.000,-0.012,0.487,0.462,-0.345,0.396,-0.441,-0.299,-0.406,-0.278,-0.061,-0.004,0.010,0.001,-0.406,-0.907,-1.421,-5.296,-0.392,-6.969,-4.701,-6.519
6.980,-1.005,0.000,1.000,0.000,0.000,-0.014,0.479,0.449,-0.400,0.393,-0.513,-0.348,-0.474,-0.298,-0.063,-0.005,0.013,0.001,-0.430,-0.563,-1.208,-5.668,-0.306,-7.457,-5.040,-6.980
6.977,-1.005,0.000,1.000,0.000,0.000,-0.017,0.475,0.438,-0.458,0.390,-0.590,-0.400,-0.546,-0.318,-0.064,-0.006,0.016,0.001,-0.451,-0.273,-0.923,-6.033,-0.218,-7.923,-5.377,-7.425
6.974,-1.006,0.000,1.000,0.000,0.000,-0.019,0.473,0.430,-0.520,0.388,-0.672,-0.455,-0.622,-0.337,-0.066,-0.006,0.018,0.001,-0.471,-0.094,-0.667,-6.387,-0.149,-8.373,-5.705,-7.854
6.970,-1.007,0.000,1.000,0.000,0.000,-0.021,0.473,0.424,-0.586,0.387,-0.758,-0.514,-0.703,-0.355,-0.066,-0.007,0.018,-0.000,-0.490,-0.006,-0.467,-6.729,-0.100,-8.811,-6.024,-8.270
6.967,-1.007,0.000,1.000,0.000,0.000,-0.024,0.473,0.421,-0.655,0.386,-0.848,-0.576,-0.788,-0.373,-0.067,-0.008,0.017,-0.001,-0.508,0.027,-0.321,-7.060,-0.067,-9.238,-6.331,-8.673
6.963,-1.008,0.000,1.000,0.000,0.000,-0.026,0.473,0.418,-0.727,0.386,-0.942,-0.641,-0.876,-0.389,-0.067,-0.009,0.016,-0.003,-0.526,0.032,-0.218,-7.380,-0.046,-9.653,-6.627,-9.065
6.959,-1.009,-0.000,1.000,0.001,0.000,-0.029,0.474,0.416,-0.803,0.385,-1.041,-0.708,-0.969,-0.406,-0.067,-0.010,0.015,-0.004,-0.545,0.026,-0.147,-7.688,-0.032,-10.058,-6.912,-9.446
6.955,-1.009,-0.000,0.999,0.001,0.000,-0.032,0.474,0.415,-0.881,0.385,-1.143,-0.779,-1.065,-0.421,-0.067,-0.010,0.013,-0.004,-0.563,0.018,-0.098,-7.987,-0.022,-10.453,-7.186,-9.817
6.950,-1.010,-0.000,0.999,0.001,0.000,-0.035,0.474,0.414,-0.962,0.385,-1.250,-0.852,-1.165,-0.437,-0.067,-0.011,0.011,-0.005,-0.580,0.010,-0.066,-8.275,-0.016,-10.835,-7.450,-10.177
6.946,-1.011,-0.000,0.999,0.001,0.000,-0.038,0.474,0.413,-1.046,0.385,-1.360,-0.928,-1.269,-0.451,-0.066,-0.011,0.009,-0.006,-0.598,0.005,-0.044,-8.554,-0.012,-11.207,-7.705,-10.526
6.941,-1.011,-0.001,0.999,0.001,0.000,-0.041,0.474,0.413,-1.133,0.385,-1.474,-1.006,-1.376,-0.465,-0.065,-0.011,0.005,-0.006,-0.615,0.002,-0.029,-8.824,-0.009,-11.566,-7.950,-10.864
6.937,-1.012,-0.001,0.999,0.001,0.000,-0.044,0.474,0.413,-1.223,0.384,-1.591,-1.087,-1.486,-0.478,-0.064,-0.011,0.001,-0.007,-0.631,0.000,-0.020,-9.085,-0.006,-11.912,-8.187,-11.191
6.932,-1.012,-0.001,0.999,0.001,0.000,-0.047,0.474,0.413,-1.315,0.384,-1.712,-1.170,-1.600,-0.491,-0.062,-0.010,-0.004,-0.008,-0.647,-0.001,-0.014,-9.337,-0.004,-12.246,-8.416,-11.507
6.927,-1.013,-0.001,0.999,0.001,0.000,-0.050,0.474,0.413,-1.410,0.384,-1.836,-1.255,-1.716,-0.503,-0.061,-0.009,-0.009,-0.008,-0.662,-0.001,-0.011,-9.581,-0.002,-12.567,-8.637,-11.811
6.922,-1.014,-0.001,0.999,0.001,0.000,-0.054,0.474,0.412,-1.507,0.384,-1.963,-1.343,-1.836,-0.515,-0.059,-0.008,-0.014,-0.009,-0.677,-0.001,-0.009,-9.816,-0.001,-12.875,-8.851,-12.103
6.916,-1.014,-0.001,0.998,0.001,0.000,-0.057,0.474,0.412,-1.606,0.384,-2.094,-1.432,-1.958,-0.527,-0.057,-0.007,-0.018,-0.010,-0.692,-0.001,-0.008,-10.043,0.001,-13.171,-9.057,-12.384
6.911,-1.015,-0.001,0.998,0.000,0.000,-0.060,0.474,0.412,-1.707,0.384,-2.227,-1.524,-2.083,-0.538,-0.054,-0.006,-0.022,-0.011,-0.707,-0.001,-0.007,-10.261,0.002,-13.455,-9.256,-12.654
6.906,-1.015,-0.001,0.998,0.000,0.000,-0.064,0.474,0.412,-1.811,0.384,-2.363,-1.617,-2.211,-0.548,-0.051,-0.005,-0.025,-0.012,-0.721,-0.001,-0.007,-10.471,0.003,-13.726,-9.449,-12.914
6.900,-1.016,-0.001,0.998,0.000,0.000,-0.068,0.474,0.412,-1.917,0.384,-2.501,-1.713,-2.342,-0.559,-0.048,-0.003,-0.026,-0.012,-0.735,-0.001,-0.006,-10.675,0.003,-13.986,-9.637,-13.163
6.895,-1.016,-0.001,0.997,0.000,-0.000,-0.071,0.474,0.412,-2.025,0.384,-2.642,-1.810,-2.474,-0.569,-0.045,-0.002,-0.026,-0.012,-0.749,-0.001,-0.006,-10.872,0.004,-14.236,-9.818,-13.403
6.889,-1.017,-0.001,0.997,-0.000,-0.000,-0.075,0.474,0.412,-2.134,0.385,-2.786,-1.909,-2.610,-0.579,-0.042,-0.001,-0.025,-0.011,-0.762,-0.001,-0.006,-11.062,0.003,-14.476,-9.995,-13.634
6.883,-1.017,-0.001,0.997,-0.000,-0.000,-0.079,0.474,0.412,-2.246,0.385,-2.932,-2.010,-2.747,-0.588,-0.038,-0.000,-0.022,-0.010,-0.774,-0.001,-0.006,-11.247,0.003,-14.707,-10.166,-13.857
6.877,-1.018,-0.001,0.997,-0.000,-0.000,-0.083,0.474,0.412,-2.359,0.385,-3.080,-2.112,-2.887,-0.598,-0.034,0.000,-0.018,-0.009,-0.787,-0.001,-0.006,-11.425,0.003,-14.931,-10.332,-14.072
6.871,-1.018,-0.001,0.996,-0.000,-0.000,-0.087,0.474,0.412,-2.474,0.385,-3.231,-2.216,-3.028,-0.607,-0.030,0.001,-0.012,-0.008,-0.799,-0.001,-0.005,-11.597,0.002,-15.148,-10.492,-14.282
6.865,-1.018,-0.001,0.996,-0.000,-0.000,-0.091,0.474,0.412,-2.591,0.385,-3.383,-2.322,-3.172,-0.616,-0.026,0.001,-0.007,-0.007,-0.811,-0.001,-0.005,-11.764,0.002,-15.360,-10.647,-14.487
6.859,-1.018,-0.001,0.995,-0.000,-0.000,-0.095,0.474,0.412,-2.710,0.385,-3.538,-2.429,-3.318,-0.625,-0.021,0.001,-0.002,-0.006,-0.822,-0.001,-0.004,-11.925,0.002,-15.567,-10.798,-14.686
6.852,-1.019,-0.001,0.995,-0.000,-0.000,-0.099,0.474,0.412,-2.830,0.385,-3.694,-2.538,-3.466,-0.633,-0.016,0.001,0.002,-0.005,-0.834,-0.000,-0.004,-12.081,0.002,-15.769,-10.942,-14.881
6.846,-1.019,-0.001,0.995,-0.000,-0.000,-0.103,0.474,0.412,-2.951,0.385,-3.853,-2.648,-3.616,-0.641,-0.011,0.001,0.004,-0.005,-0.845,-0.000,-0.003,-12.232,0.002,-15.966,-11.081,-15.072
6.840,-1.019,-0.001,0.994,-0.000,-0.000,-0.107,0.474,0.412,-3.074,0.385,-4.014,-2.760,-3.767,-0.649,-0.006,0.001,0.002,-0.006,-0.857,0.000,-0.002,-12.378,0.003,-16.158,-11.214,-15.259
6.833,-1.019,-0.001,0.994,-0.000,-0.000,-0.112,0.474,0.412,-3.199,0.385,-4.176,-2.872,-3.921,-0.657,-0.001,0.002,-0.002,-0.008,-0.869,0.000,-0.002,-12.520,0.004,-16.344,-11.341,-15.440
6.826,-1.019,-0.001,0.993,-0.000,-0.000,-0.116,0.474,0.412,-3.325,0.385,-4.341,-2.986,-4.076,-0.665,0.004,0.003,-0.010,-0.010,-0.881,0.001,-0.001,-12.657,0.005,-16.523,-11.463,-15.615
6.820,-1.019,-0.001,0.993,-0.000,-0.000,-0.120,0.474,0.412,-3.452,0.385,-4.507,-3.102,-4.233,-0.672,0.010,0.004,-0.021,-0.012,-0.894,0.001,-0.001,-12.792,0.006,-16.693,-11.582,-15.784
6.813,-1.019,-0.001,0.992,-0.001,-0.001,-0.125,0.474,0.412,-3.580,0.385,-4.674,-3.218,-4.392,-0.680,0.015,0.006,-0.035,-0.013,-0.907,0.001,-0.000,-12.924,0.007,-16.852,-11.698,-15.945
6.806,-1.018,-0.001,0.992,-0.001,-0.001,-0.129,0.474,0.412,-3.710,0.385,-4.844,-3.336,-4.552,-0.687,0.021,0.007,-0.049,-0.014,-0.921,0.001,-0.000,-13.056,0.008,-17.001,-11.814,-16.097
6.799,-1.018,-0.001,0.991,-0.001,-0.001,-0.134,0.474,0.412,-3.842,0.385,-5.014,-3.454,-4.714,-0.694,0.027,0.009,-0.063,-0.013,-0.933,0.001,-0.000,-13.187,0.008,-17.138,-11.930,-16.239
6.792,-1.018,-0.001,0.990,-0.001,-0.001,-0.139,0.474,0.412,-3.974,0.385,-5.186,-3.574,-4.877,-0.701,0.033,0.010,-0.075,-0.011,-0.946,0.001,-0.000,-13.317,0.008,-17.263,-12.047,-16.370
6.785,-1.017,-0.001,0.990,-0.002,-0.001,-0.143,0.474,0.412,-4.108,0.385,-5.360,-3.695,-5.041,-0.708,0.040,0.011,-0.083,-0.009,-0.957,0.000,-0.001,-13.447,0.007,-17.376,-12.167,-16.489
6.778,-1.017,-0.001,0.989,-0.002,-0.001,-0.148,0.474,0.412,-4.243,0.385,-5.534,-3.818,-5.207,-0.715,0.048,0.012,-0.086,-0.006,-0.967,0.000,-0.001,-13.575,0.005,-17.478,-12.290,-16.597
6.771,-1.017,-0.000,0.988,-0.003,-0.001,-0.153,0.474,0.412,-4.379,0.385,-5.709,-3.941,-5.373,-0.722,0.056,0.013,-0.081,-0.003,-0.974,-0.001,-0.002,-13.699,0.003,-17.572,-12.414,-16.695
6.764,-1.016,-0.000,0.987,-0.003,-0.001,-0.158,0.474,0.412,-4.517,0.385,-5.885,-4.066,-5.541,-0.728,0.064,0.013,-0.069,0.001,-0.980,-0.001,-0.003,-13.820,0.000,-17.658,-12.542,-16.786
6.756,-1.015,-0.000,0.987,-0.003,-0.001,-0.163,0.474,0.412,-4.656,0.385,-6.062,-4.192,-5.709,-0.735,0.073,0.012,-0.048,0.006,-0.983,-0.002,-0.004,-13.935,-0.003,-17.742,-12.671,-16.871
6.749,-1.014,-0.000,0.986,-0.004,-0.000,-0.167,0.474,0.412,-4.796,0.385,-6.240,-4.319,-5.878,-0.740,0.083,0.010,-0.020,0.013,-0.983,-0.002,-0.004,-14.044,-0.006,-17.825,-12.800,-16.955
6.742,-1.014,0.000,0.985,-0.004,-0.000,-0.172,0.474,0.412,-4.937,0.385,-6.419,-4.448,-6.048,-0.746,0.093,0.007,0.013,0.020,-0.982,-0.002,-0.004,-14.145,-0.009,-17.912,-12.927,-17.040
6.734,-1.013,0.000,0.984,-0.003,-0.000,-0.177,0.474,0.411,-5.078,0.385,-6.598,-4.578,-6.219,-0.751,0.102,0.005,0.050,0.027,-0.981,-0.002,-0.003,-14.234,-0.011,-18.012,-13.038,-17.132
6.727,-1.012,0.000,0.983,-0.003,-0.000,-0.182,0.474,0.411,-5.221,0.385,-6.779,-4.709,-6.391,-0.755,0.112,0.002,0.088,0.030,-0.982,-0.002,-0.002,-14.307,-0.012,-18.130,-13.127,-17.233
6.719,-1.010,0.000,0.982,-0.002,-0.000,-0.187,0.474,0.411,-5.365,0.385,-6.961,-4.840,-6.563,-0.759,0.121,-0.001,0.123,0.031,-0.984,-0.002,-0.001,-14.367,-0.012,-18.263,-13.194,-17.344
6.711,-1.009,0.000,0.981,-0.002,-0.000,-0.192,0.474,0.411,-5.508,0.385,-7.144,-4.972,-6.737,-0.762,0.129,-0.003,0.151,0.028,-0.988,-0.001,-0.001,-14.413,-0.011,-18.410,-13.240,-17.465
6.704,-1.008,0.000,0.981,-0.001,-0.000,-0.197,0.474,0.411,-5.653,0.385,-7.329,-5.105,-6.913,-0.765,0.137,-0.004,0.169,0.024,-0.992,-0.001,0.000,-14.449,-0.011,-18.568,-13.268,-17.594
6.696,-1.006,0.000,0.980,-0.000,-0.000,-0.201,0.474,0.411,-5.797,0.385,-7.516,-5.238,-7.089,-0.767,0.145,-0.005,0.176,0.018,-0.997,-0.001,0.001,-14.476,-0.009,-18.733,-13.280,-17.731
6.688,-1.005,-0.000,0.978,0.001,-0.000,-0.206,0.474,0.411,-5.942,0.384,-7.704,-5.371,-7.267,-0.769,0.153,-0.006,0.171,0.010,-1.003,-0.000,0.001,-14.496,-0.008,-18.901,-13.279,-17.871
6.681,-1.003,-0.000,0.977,0.002,-0.001,-0.211,0.474,0.411,-6.087,0.384,-7.894,-5.503,-7.447,-0.770,0.160,-0.005,0.158,0.000,-1.012,0.000,0.002,-14.509,-0.005,-19.073,-13.259,-18.014
6.673,-1.002,-0.000,0.976,0.002,-0.001,-0.216,0.474,0.411,-6.232,0.384,-8.085,-5.636,-7.628,-0.770,0.166,-0.004,0.138,-0.009,-1.023,0.001,0.003,-14.520,-0.003,-19.242,-13.228,-18.158
6.665,-1.000,-0.000,0.975,0.003,-0.001,-0.221,0.474,0.412,-6.378,0.384,-8.279,-5.768,-7.810,-0.771,0.173,-0.003,0.112,-0.016,-1.035,0.002,0.005,-14.535,0.000,-19.402,-13.195,-18.299
6.658,-0.998,-0.000,0.974,0.003,-0.001,-0.226,0.474,0.412,-6.523,0.384,-8.473,-5.900,-7.994,-0.772,0.180,-0.002,0.083,-0.019,-1.047,0.002,0.006,-14.556,0.003,-19.549,-13.168,-18.434
6.650,-0.996,-0.000,0.973,0.004,-0.001,-0.231,0.474,0.412,-6.669,0.384,-8.670,-6.031,-8.179,-0.772,0.187,-0.002,0.051,-0.017,-1.060,0.002,0.006,-14.588,0.005,-19.684,-13.148,-18.562
6.642,-0.995,-0.000,0.972,0.004,-0.001,-0.237,0.474,0.412,-6.815,0.384,-8.867,-6.163,-8.365,-0.773,0.193,-0.002,0.018,-0.010,-1.075,0.003,0.007,-14.633,0.006,-19.815,-13.131,-18.683
6.634,-0.993,-0.000,0.970,0.004,-0.001,-0.242,0.474,0.412,-6.962,0.385,-9.066,-6.294,-8.552,-0.773,0.200,-0.004,-0.012,0.001,-1.092,0.002,0.007,-14.691,0.006,-19.943,-13.119,-18.794
6.627,-0.991,-0.000,0.969,0.004,-0.001,-0.247,0.474,0.412,-7.109,0.385,-9.266,-6.425,-8.741,-0.774,0.207,-0.005,-0.037,0.011,-1.108,0.002,0.006,-14.761,0.006,-20.064,-13.116,-18.891
6.619,-0.988,-0.000,0.968,0.004,-0.001,-0.253,0.474,0.412,-7.257,0.385,-9.467,-6.556,-8.930,-0.774,0.215,-0.007,-0.055,0.018,-1.122,0.001,0.005,-14.840,0.005,-20.172,-13.128,-18.974
6.611,-0.986,-0.000,0.966,0.003,-0.001,-0.258,0.474,0.412,-7.406,0.385,-9.669,-6.688,-9.120,-0.774,0.224,-0.008,-0.067,0.020,-1.132,0.001,0.005,-14.927,0.004,-20.265,-13.157,-19.042
6.603,-0.984,-0.001,0.965,0.003,-0.001,-0.263,0.474,0.412,-7.555,0.385,-9.872,-6.819,-9.311,-0.773,0.233,-0.008,-0.073,0.016,-1.138,0.001,0.004,-15.019,0.003,-20.343,-13.202,-19.098
6.596,-0.982,-0.001,0.963,0.003,-0.001,-0.269,0.474,0.412,-7.706,0.385,-10.076,-6.952,-9.502,-0.772,0.242,-0.008,-0.075,0.008,-1.142,0.000,0.003,-15.114,0.002,-20.405,-13.261,-19.145
6.588,-0.979,-0.001,0.962,0.002,-0.000,-0.274,0.474,0.412,-7.858,0.385,-10.280,-7.085,-9.694,-0.771,0.252,-0.008,-0.075,-0.004,-1.144,0.000,0.001,-15.208,0.003,-20.453,-13.330,-19.188
6.580,-0.976,-0.001,0.960,0.002,-0.000,-0.280,0.474,0.412,-8.010,0.385,-10.485,-7.218,-9.886,-0.770,0.262,-0.006,-0.076,-0.017,-1.145,0.000,0.000,-15.300,0.004,-20.488,-13.406,-19.229
6.573,-0.974,-0.001,0.958,0.002,-0.000,-0.285,0.474,0.412,-8.164,0.385,-10.690,-7.353,-10.078,-0.769,0.271,-0.004,-0.078,-0.031,-1.147,-0.000,-0.001,-15.388,0.005,-20.512,-13.486,-19.271
6.565,-0.971,-0.001,0.957,0.001,-0.000,-0.291,0.474,0.412,-8.318,0.385,-10.895,-7.488,-10.271,-0.768,0.281,-0.002,-0.084,-0.043,-1.150,-0.000,-0.003,-15.471,0.006,-20.525,-13.569,-19.315
6.557,-0.968,-0.001,0.955,0.001,-0.000,-0.297,0.474,0.412,-8.473,0.385,-11.101,-7.624,-10.465,-0.767,0.290,0.001,-0.091,-0.050,-1.155,-0.000,-0.004,-15.550,0.008,-20.529,-13.652,-19.359
6.550,-0.965,-0.001,0.953,0.000,-0.001,-0.302,0.474,0.412,-8.629,0.385,-11.306,-7.761,-10.658,-0.766,0.300,0.004,-0.101,-0.052,-1.160,-0.000,-0.004,-15.626,0.009,-20.525,-13.738,-19.402
6.542,-0.962,-0.001,0.952,-0.000,-0.001,-0.308,0.474,0.412,-8.786,0.385,-11.511,-7.899,-10.853,-0.766,0.309,0.006,-0.111,-0.048,-1.166,-0.000,-0.005,-15.700,0.008,-20.513,-13.826,-19.440
6.534,-0.959,-0.001,0.950,-0.001,-0.001,-0.313,0.474,0.412,-8.943,0.385,-11.716,-8.038,-11.047,-0.765,0.319,0.008,-0.118,-0.039,-1.172,-0.000,-0.005,-15.775,0.007,-20.496,-13.919,-19.470
6.527,-0.956,-0.001,0.948,-0.002,-0.001,-0.319,0.474,0.412,-9.101,0.385,-11.921,-8.177,-11.242,-0.765,0.330,0.010,-0.123,-0.024,-1.176,-0.000,-0.004,-15.850,0.005,-20.474,-14.016,-19.490
6.519,-0.952,-0.001,0.946,-0.002,-0.001,-0.324,0.474,0.412,-9.260,0.385,-12.126,-8.318,-11.437,-0.764,0.341,0.010,-0.121,-0.006,-1.178,-0.001,-0.003,-15.927,0.002,-20.449,-14.118,-19.498
6.511,-0.949,-0.000,0.944,-0.003,-0.000,-0.330,0.474,0.412,-9.420,0.385,-12.330,-8.460,-11.632,-0.763,0.352,0.009,-0.112,0.013,-1.177,-0.001,-0.002,-16.003,-0.001,-20.425,-14.223,-19.494
6.504,-0.945,-0.000,0.942,-0.003,-0.000,-0.335,0.474,0.412,-9.580,0.385,-12.534,-8.602,-11.827,-0.762,0.364,0.008,-0.095,0.030,-1.174,-0.001,-0.001,-16.079,-0.005,-20.402,-14.330,-19.479
6.496,-0.942,-0.000,0.940,-0.004,0.000,-0.341,0.474,0.412,-9.741,0.385,-12.738,-8.746,-12.021,-0.760,0.377,0.006,-0.072,0.042,-1.166,-0.001,-0.001,-16.148,-0.009,-20.393,-14.435,-19.454
6.488,-0.938,-0.000,0.938,-0.004,0.000,-0.346,0.474,0.412,-9.903,0.385,-12.942,-8.891,-12.216,-0.757,0.390,0.003,-0.043,0.051,-1.153,-0.002,-0.000,-16.207,-0.012,-20.401,-14.543,-19.423
6.481,-0.934,-0.000,0.936,-0.004,0.001,-0.352,0.474,0.412,-10.065,0.385,-13.146,-9.037,-12.410,-0.753,0.403,-0.001,-0.008,0.058,-1.137,-0.002,0.000,-16.258,-0.014,-20.416,-14.652,-19.399
6.473,-0.930,-0.000,0.934,-0.004,0.001,-0.357,0.474,0.412,-10.228,0.385,-13.350,-9.184,-12.604,-0.749,0.416,-0.005,0.030,0.061,-1.120,-0.002,0.000,-16.298,-0.014,-20.441,-14.754,-19.386
6.466,-0.926,-0.000,0.932,-0.003,0.001,-0.362,0.474,0.412,-10.391,0.385,-13.555,-9.332,-12.798,-0.745,0.427,-0.008,0.065,0.056,-1.108,-0.001,0.000,-16.328,-0.013,-20.481,-14.826,-19.390
6.459,-0.921,-0.000,0.930,-0.003,0.001,-0.367,0.474,0.412,-10.555,0.385,-13.760,-9.481,-12.992,-0.740,0.437,-0.010,0.094,0.042,-1.102,-0.001,-0.000,-16.346,-0.011,-20.540,-14.863,-19.413
6.451,-0.917,-0.000,0.928,-0.002,0.001,-0.372,0.474,0.412,-10.718,0.384,-13.966,-9.629,-13.186,-0.735,0.445,-0.011,0.116,0.021,-1.099,-0.001,-0.001,-16.348,-0.009,-20.611,-14.875,-19.454
6.444,-0.912,-0.001,0.926,-0.002,0.001,-0.378,0.474,0.412,-10.882,0.384,-14.172,-9.778,-13.381,-0.730,0.453,-0.010,0.127,-0.004,-1.098,-0.001,-0.002,-16.332,-0.006,-20.691,-14.870,-19.512
6.437,-0.908,-0.001,0.924,-0.001,0.001,-0.383,0.474,0.412,-11.045,0.384,-14.380,-9.927,-13.576,-0.725,0.461,-0.009,0.128,-0.030,-1.099,-0.001,-0.003,-16.298,-0.004,-20.773,-14.855,-19.584
6.429,-0.903,-0.001,0.922,-0.001,0.000,-0.388,0.474,0.412,-11.207,0.384,-14.588,-10.075,-13.773,-0.719,0.468,-0.006,0.121,-0.052,-1.100,-0.001,-0.004,-16.251,-0.001,-20.853,-14.837,-19.669
6.422,-0.898,-0.001,0.920,-0.000,-0.000,-0.393,0.474,0.412,-11.370,0.384,-14.797,-10.223,-13.970,-0.714,0.475,-0.002,0.110,-0.069,-1.101,-0.001,-0.005,-16.197,0.002,-20.925,-14.820,-19.764
6.415,-0.894,-0.001,0.917,0.000,-0.001,-0.398,0.474,0.412,-11.531,0.384,-15.006,-10.372,-14.168,-0.709,0.482,0.001,0.098,-0.076,-1.103,-0.000,-0.005,-16.141,0.004,-20.986,-14.809,-19.865
6.408,-0.889,-0.001,0.915,0.000,-0.001,-0.403,0.474,0.411,-11.693,0.384,-15.216,-10.520,-14.367,-0.705,0.490,0.004,0.086,-0.073,-1.105,-0.000,-0.005,-16.087,0.006,-21.037,-14.808,-19.969
6.401,-0.884,-0.001,0.913,0.001,-0.002,-0.408,0.474,0.411,-11.853,0.384,-15.427,-10.668,-14.567,-0.700,0.499,0.006,0.075,-0.060,-1.105,0.000,-0.004,-16.039,0.006,-21.079,-14.816,-20.071
6.394,-0.879,-0.001,0.911,0.001,-0.002,-0.413,0.199,0.110,-12.010,0.203,-15.641,-10.816,-14.768,-0.689,0.513,0.008,0.147,-0.030,-1.029,-48.531,-53.398,-15.351,-33.755,-21.503,-14.905,-20.014
6.387,-0.873,-0.000,0.909,0.002,-0.003,-0.417,-0.276,-0.400,-12.164,-0.173,-15.852,-10.967,-14.965,-0.620,0.588,0.053,0.476,-0.142,-0.554,-35.901,-38.953,-15.638,-32.940,-20.685,-15.342,-19.289
6.382,-0.867,0.000,0.908,0.004,-0.005,-0.418,-0.376,-0.568,-12.322,-0.274,-16.052,-11.122,-15.153,-0.576,0.613,0.078,0.273,-0.350,-0.339,15.481,4.839,-15.981,14.985,-19.425,-15.675,-18.644
6.376,-0.861,0.001,0.907,0.003,-0.007,-0.420,-0.042,-0.345,-12.483,0.065,-16.246,-11.280,-15.342,-0.606,0.599,0.003,-0.207,-0.132,-0.486,43.279,34.382,-16.097,44.171,-19.480,-15.792,-18.982
6.370,-0.855,0.001,0.906,0.002,-0.006,-0.422,0.283,-0.038,-12.644,0.404,-16.442,-11.439,-15.532,-0.612,0.612,-0.051,-0.259,0.226,-0.452,15.783,20.469,-16.209,18.872,-19.605,-16.204,-19.159
6.363,-0.849,-0.000,0.906,0.002,-0.003,-0.424,0.228,-0.032,-12.807,0.413,-16.638,-11.604,-15.724,-0.603,0.627,-0.071,-0.125,0.446,-0.357,-23.635,-17.734,-16.173,-15.077,-19.582,-16.647,-19.069
6.358,-0.843,-0.000,0.905,0.002,-0.003,-0.426,-0.074,-0.279,-12.966,0.173,-16.831,-11.769,-15.912,-0.573,0.617,0.024,0.026,-0.113,-0.282,-29.650,-24.696,-15.889,-27.359,-19.009,-16.416,-18.426
6.352,-0.837,0.000,0.904,0.002,-0.004,-0.427,-0.230,-0.410,-13.127,-0.005,-17.019,-11.934,-16.093,-0.543,0.633,0.048,0.190,-0.216,-0.153,0.255,-0.233,-16.161,-5.230,-18.536,-16.529,-17.958
6.346,-0.830,0.000,0.904,0.003,-0.005,-0.427,-0.087,-0.292,-13.289,0.079,-17.202,-12.101,-16.273,-0.555,0.647,0.014,0.045,-0.003,-0.141,23.980,21.068,-16.291,18.499,-18.274,-16.824,-18.165
6.341,-0.824,0.000,0.904,0.003,-0.004,-0.428,0.134,-0.071,-13.453,0.256,-17.385,-12.269,-16.457,-0.581,0.633,-0.012,-0.101,0.149,-0.286,15.652,18.770,-16.396,12.784,-18.353,-16.641,-18.510
6.335,-0.818,0.000,0.903,0.002,-0.003,-0.430,0.163,0.007,-13.617,0.283,-17.570,-12.432,-16.643,-0.608,0.601,-0.013,-0.265,0.173,-0.499,-9.086,-3.257,-16.472,-7.050,-18.593,-16.068,-18.735
6.329,-0.812,0.000,0.902,0.001,-0.002,-0.433,0.002,-0.100,-13.782,0.143,-17.757,-12.591,-16.831,-0.615,0.591,-0.016,-0.262,0.176,-0.609,-19.027,-14.489,-16.549,-17.864,-18.836,-15.720,-18.873
6.323,-0.806,-0.000,0.901,0.001,-0.001,-0.435,-0.128,-0.202,-13.948,0.000,-17.944,-12.750,-17.018,-0.575,0.627,-0.001,-0.031,0.024,-0.375,-4.926,-3.990,-16.591,-8.388,-18.355,-16.142,-18.517
6.317,-0.799,-0.000,0.900,0.001,-0.001,-0.436,-0.083,-0.164,-14.115,0.003,-18.125,-12.914,-17.201,-0.545,0.657,0.001,-0.011,-0.014,-0.152,11.944,10.180,-16.785,7.612,-18.007,-16.681,-18.097
6.312,-0.792,-0.000,0.900,0.001,-0.001,-0.437,0.051,-0.039,-14.283,0.101,-18.305,-13.082,-17.382,-0.550,0.660,-0.007,-0.141,0.036,-0.151,11.791,12.300,-16.874,9.280,-18.002,-16.892,-18.077
6.306,-0.786,-0.000,0.899,-0.000,-0.000,-0.437,0.102,0.032,-14.452,0.144,-18.485,-13.251,-17.563,-0.562,0.650,-0.003,-0.192,0.014,-0.239,-1.943,1.099,-16.951,-1.310,-17.993,-16.808,-18.167
6.301,-0.779,-0.000,0.899,-0.001,0.000,-0.439,0.027,-0.012,-14.622,0.081,-18.664,-13.419,-17.745,-0.563,0.651,0.000,-0.154,-0.009,-0.256,-10.859,-8.079,-17.066,-9.636,-17.883,-16.850,-18.167
6.295,-0.773,-0.000,0.898,-0.001,0.000,-0.440,-0.063,-0.084,-14.794,-0.008,-18.842,-13.589,-17.925,-0.548,0.667,-0.000,-0.100,-0.004,-0.149,-5.353,-4.630,-17.257,-6.474,-17.697,-17.169,-17.967
6.290,-0.766,-0.000,0.898,-0.002,0.001,-0.440,-0.060,-0.085,-14.967,-0.024,-19.018,-13.762,-18.104,-0.531,0.683,-0.003,-0.085,0.013,-0.024,5.260,4.089,-17.443,2.953,-17.588,-17.536,-17.686
6.284,-0.759,-0.000,0.898,-0.002,0.001,-0.440,0.014,-0.021,-15.142,0.029,-19.194,-13.939,-18.280,-0.530,0.687,-0.007,-0.104,0.037,0.001,7.614,7.181,-17.581,6.104,-17.591,-17.725,-17.582
6.279,-0.752,-0.000,0.898,-0.003,0.001,-0.440,0.058,0.028,-15.319,0.067,-19.370,-14.116,-18.456,-0.538,0.681,-0.007,-0.108,0.035,-0.047,0.616,1.877,-17.717,0.868,-17.615,-17.734,-17.616
6.274,-0.746,-0.000,0.898,-0.003,0.002,-0.440,0.027,0.012,-15.497,0.044,-19.546,-14.293,-18.632,-0.542,0.679,-0.008,-0.062,0.034,-0.076,-5.758,-4.218,-17.868,-4.826,-17.620,-17.746,-17.646
6.268,-0.739,-0.000,0.898,-0.003,0.002,-0.441,-0.028,-0.032,-15.676,-0.007,-19.723,-14.472,-18.808,-0.536,0.686,-0.009,-0.001,0.037,-0.033,-4.083,-3.596,-18.024,-4.259,-17.590,-17.893,-17.569
6.263,-0.732,-0.001,0.898,-0.003,0.002,-0.441,-0.038,-0.044,-15.857,-0.024,-19.898,-14.651,-18.983,-0.528,0.693,-0.010,0.042,0.035,0.028,1.932,1.263,-18.127,0.789,-17.590,-18.075,-17.459
6.258,-0.725,-0.001,0.898,-0.003,0.002,-0.440,-0.001,-0.014,-16.039,0.002,-20.075,-14.833,-19.158,-0.528,0.694,-0.011,0.061,0.030,0.038,4.487,3.954,-18.161,3.578,-17.660,-18.159,-17.456
6.252,-0.718,-0.001,0.898,-0.002,0.002,-0.440,0.030,0.017,-16.220,0.029,-20.252,-15.014,-19.333,-0.535,0.690,-0.011,0.071,0.021,-0.000,1.233,1.669,-18.167,1.480,-17.789,-18.123,-17.558
6.247,-0.711,-0.001,0.898,-0.002,0.002,-0.440,0.021,0.015,-16.402,0.026,-20.430,-15.195,-19.509,-0.539,0.687,-0.010,0.084,0.009,-0.031,-2.556,-1.747,-18.181,-1.873,-17.921,-18.069,-17.669
6.242,-0.704,-0.001,0.898,-0.001,0.002,-0.440,-0.008,-0.008,-16.584,0.002,-20.610,-15.376,-19.686,-0.538,0.688,-0.009,0.098,-0.006,-0.022,-2.564,-2.208,-18.216,-2.398,-17.994,-18.088,-17.725
6.236,-0.697,-0.001,0.898,-0.001,0.001,-0.441,-0.020,-0.020,-16.766,-0.012,-20.790,-15.557,-19.863,-0.534,0.693,-0.008,0.104,-0.022,0.009,0.299,-0.128,-18.261,-0.183,-18.008,-18.160,-17.750
6.231,-0.690,-0.001,0.898,-0.001,0.001,-0.440,-0.005,-0.011,-16.949,-0.003,-20.970,-15.739,-20.041,-0.533,0.695,-0.006,0.098,-0.037,0.023,2.129,1.701,-18.279,1.607,-18.029,-18.213,-17.806
6.225,-0.683,-0.001,0.898,-0.000,0.001,-0.440,0.013,0.005,-17.132,0.012,-21.151,-15.921,-20.220,-0.536,0.693,-0.003,0.087,-0.050,0.009,1.121,1.187,-18.247,1.109,-18.108,-18.210,-17.918
6.220,-0.677,-0.001,0.898,0.000,0.000,-0.440,0.014,0.009,-17.314,0.015,-21.332,-16.103,-20.399,-0.539,0.692,-0.001,0.080,-0.059,-0.012,-0.750,-0.355,-18.185,-0.407,-18.214,-18.186,-18.050
6.215,-0.670,-0.001,0.898,0.000,-0.000,-0.440,0.002,0.001,-17.495,0.006,-21.515,-16.285,-20.581,-0.540,0.692,0.001,0.078,-0.063,-0.017,-1.341,-1.047,-18.140,-1.146,-18.284,-18.197,-18.158
6.209,-0.663,-0.001,0.898,0.000,-0.001,-0.440,-0.007,-0.007,-17.677,-0.002,-21.698,-16.467,-20.763,-0.539,0.695,0.004,0.077,-0.062,-0.004,-0.348,-0.426,-18.131,-0.472,-18.295,-18.252,-18.234
6.204,-0.656,-0.001,0.898,0.001,-0.001,-0.440,-0.005,-0.006,-17.858,-0.002,-21.881,-16.650,-20.945,-0.539,0.698,0.006,0.074,-0.055,0.008,0.691,0.428,-18.129,0.431,-18.293,-18.313,-18.302
6.199,-0.649,-0.001,0.898,0.001,-0.002,-0.440,0.003,-0.000,-18.039,0.004,-22.064,-16.833,-21.129,-0.541,0.700,0.007,0.069,-0.043,0.008,0.682,0.605,-18.103,0.548,-18.327,-18.349,-18.387
6.193,-0.642,-0.001,0.898,0.001,-0.002,-0.440,0.007,0.004,-18.220,0.007,-22.247,-17.017,-21.313,-0.544,0.701,0.008,0.065,-0.028,-0.001,0.070,0.190,-18.058,0.162,-18.391,-18.361,-18.483
6.188,-0.635,-0.001,0.898,0.001,-0.002,-0.440,0.005,0.003,-18.400,0.006,-22.432,-17.201,-21.498,-0.546,0.702,0.008,0.063,-0.011,-0.008,-0.393,-0.223,-18.020,-0.267,-18.461,-18.366,-18.570
6.182,-0.628,-0.001,0.898,0.002,-0.002,-0.440,0.001,0.001,-18.581,0.003,-22.617,-17.384,-21.684,-0.548,0.705,0.008,0.060,0.007,-0.007,-0.302,-0.212,-18.012,-0.269,-18.515,-18.374,-18.639
6.177,-0.621,-0.001,0.898,0.002,-0.002,-0.441,-0.001,-0.001,-18.761,0.002,-22.802,-17.568,-21.871,-0.549,0.708,0.008,0.054,0.022,-0.004,-0.037,-0.065,-18.026,-0.089,-18.559,-18.379,-18.693
6.171,-0.614,-0.001,0.898,0.002,-0.002,-0.441,-0.000,-0.001,-18.941,0.002,-22.988,-17.752,-22.058,-0.550,0.710,0.007,0.042,0.034,-0.001,0.121,0.050,-18.052,0.041,-18.603,-18.373,-18.739
6.166,-0.606,-0.001,0.898,0.002,-0.002,-0.441,0.001,0.000,-19.122,0.002,-23.174,-17.935,-22.246,-0.552,0.712,0.006,0.025,0.042,-0.001,0.091,0.061,-18.084,0.039,-18.647,-18.354,-18.779
6.160,-0.599,-0.000,0.898,0.003,-0.002,-0.441,0.002,0.000,-19.303,0.002,-23.361,-18.119,-22.434,-0.553,0.714,0.005,0.003,0.045,-0.002,0.032,0.029,-18.125,0.015,-18.684,-18.328,-18.813
6.155,-0.592,-0.000,0.898,0.003,-0.002,-0.441,0.002,0.001,-19.484,0.002,-23.548,-18.302,-22.622,-0.554,0.715,0.004,-0.022,0.044,-0.003,-0.001,0.013,-18.175,0.005,-18.709,-18.301,-18.838
6.149,-0.585,-0.000,0.898,0.003,-0.001,-0.441,0.002,0.001,-19.666,0.002,-23.735,-18.485,-22.810,-0.555,0.716,0.003,-0.051,0.039,-0.005,-0.012,0.006,-18.236,-0.000,-18.720,-18.280,-18.852
6.144,-0.578,-0.000,0.898,0.002,-0.001,-0.441,0.002,0.001,-19.849,0.002,-23.922,-18.668,-22.999,-0.556,0.717,0.002,-0.081,0.033,-0.006,-0.011,0.003,-18.304,-0.003,-18.716,-18.269,-18.856
6.138,-0.571,-0.000,0.898,0.002,-0.001,-0.441,0.002,0.001,-20.032,0.002,-24.109,-18.850,-23.188,-0.557,0.718,0.002,-0.109,0.025,-0.007,-0.007,0.001,-18.379,-0.004,-18.698,-18.274,-18.849
6.132,-0.563,-0.000,0.898,0.001,-0.000,-0.441,0.002,0.001,-20.217,0.002,-24.296,-19.033,-23.376,-0.558,0.719,0.001,-0.134,0.017,-0.009,-0.003,0.001,-18.460,-0.005,-18.671,-18.297,-18.832
6.127,-0.556,-0.000,0.898,0.001,-0.000,-0.441,0.001,0.001,-20.402,0.002,-24.483,-19.216,-23.564,-0.558,0.720,0.000,-0.151,0.010,-0.010,-0.001,-0.000,-18.544,-0.005,-18.636,-18.338,-18.805
6.121,-0.549,-0.000,0.898,0.000,0.000,-0.441,0.001,0.001,-20.588,0.002,-24.669,-19.400,-23.752,-0.559,0.721,-0.000,-0.161,0.005,-0.010,-0.001,-0.001,-18.631,-0.005,-18.599,-18.397,-18.767
6.116,-0.542,-0.000,0.898,-0.001,0.001,-0.441,0.001,0.001,-20.774,0.002,-24.855,-19.584,-23.939,-0.560,0.722,-0.001,-0.160,0.001,-0.011,-0.001,-0.001,-18.716,-0.005,-18.562,-18.471,-18.721
6.110,-0.535,-0.000,0.898,-0.001,0.001,-0.441,0.001,0.001,-20.962,0.002,-25.040,-19.769,-24.126,-0.560,0.723,-0.001,-0.149,-0.000,-0.011,-0.001,-0.001,-18.797,-0.005,-18.530,-18.554,-18.667
6.104,-0.527,-0.000,0.898,-0.002,0.001,-0.441,0.001,0.001,-21.150,0.002,-25.225,-19.955,-24.313,-0.560,0.724,-0.001,-0.128,0.000,-0.011,-0.001,-0.001,-18.870,-0.005,-18.505,-18.641,-18.610
6.099,-0.520,-0.000,0.898,-0.002,0.002,-0.441,0.001,0.001,-21.339,0.002,-25.410,-20.142,-24.499,-0.560,0.725,-0.002,-0.101,0.004,-0.010,-0.001,-0.000,-18.931,-0.005,-18.490,-18.728,-18.553
6.093,-0.513,-0.000,0.898,-0.003,0.002,-0.441,0.001,0.001,-21.529,0.002,-25.595,-20.330,-24.684,-0.561,0.725,-0.003,-0.069,0.009,-0.009,-0.001,0.000,-18.982,-0.005,-18.489,-18.808,-18.503
6.088,-0.506,-0.000,0.897,-0.003,0.002,-0.441,0.001,0.001,-21.719,0.002,-25.780,-20.518,-24.869,-0.561,0.726,-0.005,-0.035,0.015,-0.008,-0.001,0.001,-19.023,-0.005,-18.501,-18.877,-18.462
6.082,-0.498,-0.000,0.897,-0.003,0.002,-0.441,0.001,0.001,-21.909,0.002,-25.965,-20.707,-25.053,-0.561,0.726,-0.006,-0.001,0.019,-0.007,-0.000,0.002,-19.054,-0.006,-18.527,-18.931,-18.433
6.076,-0.491,-0.001,0.897,-0.003,0.002,-0.441,0.001,0.001,-22.100,0.002,-26.151,-20.897,-25.237,-0.561,0.726,-0.008,0.032,0.021,-0.006,0.000,0.003,-19.078,-0.006,-18.566,-18.971,-18.419
6.071,-0.484,-0.001,0.897,-0.003,0.002,-0.441,0.001,0.001,-22.291,0.002,-26.336,-21.087,-25.422,-0.560,0.726,-0.009,0.060,0.021,-0.005,0.001,0.004,-19.095,-0.005,-18.615,-18.994,-18.420
6.065,-0.477,-0.001,0.897,-0.002,0.002,-0.441,0.001,0.001,-22.482,0.002,-26.523,-21.277,-25.606,-0.560,0.725,-0.010,0.083,0.016,-0.004,0.001,0.005,-19.103,-0.005,-18.671,-19.003,-18.436
6.060,-0.469,-0.001,0.897,-0.002,0.002,-0.441,0.001,0.001,-22.673,0.002,-26.710,-21.467,-25.790,-0.560,0.725,-0.010,0.097,0.006,-0.002,0.001,0.006,-19.102,-0.004,-18.728,-18.999,-18.466
6.054,-0.462,-0.001,0.897,-0.001,0.002,-0.441,0.001,0.001,-22.864,0.002,-26.897,-21.657,-25.975,-0.559,0.724,-0.009,0.103,-0.008,-0.002,0.001,0.007,-19.091,-0.004,-18.783,-18.988,-18.510
6.048,-0.455,-0.001,0.897,-0.001,0.001,-0.441,0.001,0.001,-23.055,0.002,-27.085,-21.847,-26.161,-0.559,0.724,-0.008,0.104,-0.025,-0.001,0.001,0.007,-19.069,-0.003,-18.833,-18.973,-18.565
6.043,-0.448,-0.001,0.897,-0.001,0.001,-0.441,0.001,0.001,-23.245,0.002,-27.274,-22.036,-26.347,-0.558,0.723,-0.006,0.100,-0.040,-0.000,0.001,0.007,-19.037,-0.002,-18.874,-18.960,-18.629
6.037,-0.440,-0.001,0.897,-0.000,0.001,-0.441,0.002,0.001,-23.435,0.001,-27.463,-22.226,-26.533,-0.558,0.723,-0.003,0.094,-0.053,-0.000,0.001,0.008,-18.994,-0.002,-18.907,-18.952,-18.702
6.032,-0.433,-0.001,0.897,0.000,0.000,-0.441,0.002,0.001,-23.625,0.001,-27.652,-22.415,-26.721,-0.558,0.723,-0.001,0.088,-0.062,-0.000,0.001,0.008,-18.943,-0.001,-18.933,-18.951,-18.778
6.026,-0.426,-0.001,0.897,0.000,-0.000,-0.441,0.002,0.001,-23.814,0.001,-27.842,-22.605,-26.909,-0.558,0.723,0.002,0.082,-0.065,-0.000,0.001,0.008,-18.886,-0.000,-18.954,-18.956,-18.857
6.021,-0.419,-0.001,0.897,0.000,-0.001,-0.441,0.002,0.001,-24.003,0.001,-28.031,-22.794,-27.098,-0.559,0.723,0.004,0.076,-0.063,-0.000,0.001,0.008,-18.826,0.000,-18.973,-18.965,-18.935
6.015,-0.411,-0.001,0.897,0.001,-0.001,-0.441,0.002,0.002,-24.191,0.001,-28.221,-22.984,-27.287,-0.559,0.724,0.006,0.073,-0.054,-0.001,0.001,0.007,-18.765,0.001,-18.992,-18.977,-19.009
6.009,-0.404,-0.001,0.897,0.001,-0.002,-0.441,0.002,0.002,-24.378,0.001,-28.411,-23.174,-27.478,-0.560,0.725,0.008,0.070,-0.041,-0.001,0.001,0.007,-18.709,0.002,-19.014,-18.987,-19.078
6.004,-0.397,-0.001,0.897,0.001,-0.002,-0.441,0.002,0.002,-24.565,0.002,-28.601,-23.364,-27.669,-0.561,0.727,0.009,0.068,-0.024,-0.001,0.001,0.006,-18.661,0.003,-19.040,-18.992,-19.141
5.998,-0.390,-0.001,0.897,0.001,-0.002,-0.441,0.002,0.002,-24.751,0.002,-28.792,-23.554,-27.861,-0.563,0.728,0.009,0.065,-0.005,-0.002,0.001,0.005,-18.624,0.004,-19.072,-18.988,-19.197
5.992,-0.382,-0.001,0.897,0.002,-0.002,-0.441,0.002,0.002,-24.937,0.002,-28.983,-23.744,-28.053,-0.564,0.730,0.009,0.060,0.013,-0.002,0.001,0.004,-18.601,0.004,-19.107,-18.973,-19.246
5.987,-0.375,-0.001,0.897,0.002,-0.002,-0.441,0.002,0.002,-25.123,0.002,-29.174,-23.933,-28.246,-0.565,0.731,0.008,0.050,0.028,-0.003,0.001,0.002,-18.592,0.005,-19.143,-18.946,-19.287
5.981,-0.368,-0.001,0.897,0.002,-0.002,-0.441,0.002,0.002,-25.309,0.002,-29.366,-24.122,-28.439,-0.566,0.733,0.007,0.035,0.039,-0.003,0.000,0.001,-18.597,0.005,-19.177,-18.910,-19.319
5.975,-0.360,-0.001,0.897,0.002,-0.002,-0.441,0.002,0.002,-25.495,0.002,-29.558,-24.311,-28.632,-0.567,0.734,0.006,0.015,0.045,-0.004,-0.000,-0.001,-18.615,0.005,-19.203,-18.866,-19.341
5.970,-0.353,-0.000,0.897,0.003,-0.002,-0.441,0.002,0.002,-25.682,0.002,-29.750,-24.500,-28.825,-0.568,0.735,0.005,-0.009,0.046,-0.005,-0.000,-0.002,-18.646,0.004,-19.217,-18.820,-19.354
5.964,-0.346,-0.000,0.897,0.003,-0.002,-0.441,0.002,0.002,-25.868,0.002,-29.942,-24.688,-29.019,-0.569,0.736,0.004,-0.038,0.043,-0.005,-0.001,-0.003,-18.688,0.003,-19.218,-18.778,-19.356
5.958,-0.338,-0.000,0.897,0.002,-0.001,-0.441,0.002,0.002,-26.055,0.002,-30.134,-24.875,-29.212,-0.569,0.736,0.003,-0.070,0.037,-0.006,-0.001,-0.004,-18.741,0.002,-19.203,-18.745,-19.348
5.953,-0.331,-0.000,0.897,0.002,-0.001,-0.441,0.002,0.002,-26.243,0.002,-30.326,-25.063,-29.406,-0.570,0.737,0.002,-0.101,0.030,-0.008,-0.001,-0.005,-18.801,0.001,-19.174,-18.728,-19.328
5.947,-0.324,-0.000,0.897,0.002,-0.001,-0.441,0.002,0.002,-26.431,0.002,-30.517,-25.250,-29.599,-0.570,0.737,0.001,-0.128,0.022,-0.009,-0.001,-0.006,-18.868,-0.000,-19.133,-18.728,-19.298
5.941,-0.316,-0.000,0.897,0.001,-0.000,-0.441,0.002,0.002,-26.620,0.002,-30.708,-25.437,-29.792,-0.570,0.738,0.001,-0.150,0.014,-0.010,-0.001,-0.007,-18.941,-0.002,-19.085,-18.750,-19.258
5.936,-0.309,-0.000,0.897,0.000,0.000,-0.441,0.002,0.002,-26.810,0.002,-30.899,-25.625,-29.984,-0.570,0.738,0.000,-0.163,0.008,-0.011,-0.001,-0.007,-19.017,-0.002,-19.032,-18.791,-19.207
5.930,-0.301,-0.000,0.897,-0.000,0.001,-0.441,0.002,0.001,-27.001,0.002,-31.089,-25.813,-30.176,-0.571,0.739,-0.001,-0.166,0.003,-0.012,-0.001,-0.007,-19.093,-0.003,-18.979,-18.849,-19.147
5.924,-0.294,-0.000,0.897,-0.001,0.001,-0.442,0.002,0.001,-27.192,0.002,-31.279,-26.002,-30.367,-0.571,0.739,-0.001,-0.157,0.001,-0.012,-0.001,-0.006,-19.167,-0.003,-18.931,-18.919,-19.078
5.919,-0.287,-0.000,0.897,-0.002,0.001,-0.442,0.002,0.001,-27.384,0.002,-31.468,-26.192,-30.557,-0.570,0.740,-0.001,-0.138,0.001,-0.012,-0.001,-0.006,-19.232,-0.003,-18.889,-18.996,-19.005
5.913,-0.279,-0.000,0.897,-0.002,0.002,-0.442,0.001,0.001,-27.577,0.002,-31.656,-26.382,-30.747,-0.570,0.740,-0.002,-0.110,0.003,-0.011,-0.001,-0.005,-19.287,-0.003,-18.858,-19.073,-18.932
5.907,-0.272,-0.000,0.897,-0.003,0.002,-0.442,0.001,0.001,-27.770,0.002,-31.845,-26.573,-30.936,-0.570,0.740,-0.003,-0.078,0.008,-0.010,-0.001,-0.003,-19.331,-0.003,-18.841,-19.145,-18.866
5.901,-0.265,-0.000,0.897,-0.003,0.002,-0.442,0.001,0.001,-27.963,0.002,-32.033,-26.765,-31.124,-0.570,0.740,-0.004,-0.043,0.014,-0.009,-0.000,-0.002,-19.363,-0.004,-18.839,-19.208,-18.809
5.896,-0.257,-0.000,0.897,-0.003,0.002,-0.442,0.001,0.001,-28.157,0.002,-32.222,-26.957,-31.312,-0.570,0.740,-0.006,-0.007,0.018,-0.008,-0.000,-0.001,-19.386,-0.004,-18.852,-19.256,-18.765
5.890,-0.250,-0.001,0.897,-0.003,0.002,-0.442,0.001,0.001,-28.351,0.002,-32.410,-27.150,-31.500,-0.569,0.739,-0.008,0.027,0.021,-0.007,-0.000,0.001,-19.401,-0.004,-18.879,-19.289,-18.737
5.884,-0.242,-0.001,0.897,-0.003,0.002,-0.442,0.001,0.001,-28.545,0.002,-32.599,-27.343,-31.687,-0.569,0.739,-0.009,0.058,0.021,-0.005,0.000,0.002,-19.408,-0.004,-18.917,-19.305,-18.725
5.879,-0.235,-0.001,0.897,-0.002,0.002,-0.442,0.001,0.001,-28.739,0.001,-32.789,-27.536,-31.874,-0.568,0.738,-0.010,0.082,0.016,-0.004,0.000,0.003,-19.408,-0.004,-18.963,-19.306,-18.730
5.873,-0.228,-0.001,0.897,-0.002,0.002,-0.442,0.001,0.001,-28.933,0.001,-32.979,-27.729,-32.062,-0.567,0.737,-0.010,0.098,0.007,-0.003,0.001,0.004,-19.398,-0.003,-19.012,-19.294,-18.750
5.867,-0.220,-0.001,0.897,-0.001,0.002,-0.442,0.001,0.001,-29.127,0.001,-33.169,-27.922,-32.249,-0.567,0.736,-0.010,0.105,-0.007,-0.002,0.001,0.005,-19.378,-0.003,-19.059,-19.274,-18.784
5.862,-0.213,-0.001,0.897,-0.001,0.001,-0.442,0.002,0.001,-29.321,0.001,-33.360,-28.114,-32.437,-0.566,0.735,-0.008,0.106,-0.024,-0.001,0.001,0.006,-19.347,-0.002,-19.101,-19.249,-18.831
5.856,-0.205,-0.001,0.897,-0.001,0.001,-0.442,0.002,0.001,-29.514,0.001,-33.551,-28.307,-32.626,-0.565,0.734,-0.006,0.102,-0.040,-0.001,0.001,0.006,-19.305,-0.002,-19.136,-19.227,-18.888
5.850,-0.198,-0.001,0.897,-0.000,0.001,-0.442,0.002,0.002,-29.707,0.001,-33.743,-28.499,-32.815,-0.565,0.733,-0.003,0.096,-0.053,-0.000,0.001,0.007,-19.254,-0.001,-19.162,-19.209,-18.953
5.845,-0.191,-0.001,0.897,0.000,0.000,-0.442,0.002,0.002,-29.899,0.001,-33.934,-28.691,-33.005,-0.564,0.733,-0.001,0.089,-0.062,-0.000,0.001,0.007,-19.194,-0.000,-19.180,-19.199,-19.023
5.839,-0.184,-0.001,0.897,0.000,-0.000,-0.442,0.002,0.002,-30.091,0.001,-34.126,-28.883,-33.196,-0.564,0.733,0.002,0.082,-0.066,-0.000,0.001,0.007,-19.128,0.000,-19.194,-19.196,-19.096
5.833,-0.176,-0.001,0.897,0.000,-0.001,-0.442,0.051,0.039,-30.282,0.039,-34.318,-29.075,-33.387,-0.568,0.732,0.004,0.072,-0.063,-0.023,7.895,6.383,-19.067,6.234,-19.149,-19.175,-19.229
5.828,-0.169,-0.001,0.897,0.001,-0.001,-0.442,0.117,0.100,-30.471,0.097,-34.510,-29.266,-33.581,-0.582,0.721,0.007,0.050,-0.058,-0.126,4.248,4.555,-18.805,4.262,-19.362,-18.965,-19.485
5.822,-0.162,-0.001,0.896,0.001,-0.002,-0.443,0.120,0.111,-30.657,0.109,-34.705,-29.454,-33.777,-0.596,0.708,0.008,0.046,-0.046,-0.239,-3.362,-2.235,-18.442,-1.732,-19.721,-18.683,-19.752
5.816,-0.155,-0.001,0.896,0.001,-0.002,-0.444,0.068,0.069,-30.841,0.073,-34.904,-29.640,-33.975,-0.597,0.708,0.009,0.066,-0.025,-0.263,-5.706,-5.127,-18.259,-4.355,-19.905,-18.585,-19.882
5.810,-0.148,-0.001,0.895,0.001,-0.002,-0.445,0.032,0.032,-31.024,0.042,-35.103,-29.826,-34.174,-0.588,0.719,0.008,0.085,-0.003,-0.205,-1.018,-1.603,-18.338,-1.278,-19.801,-18.684,-19.859
5.804,-0.140,-0.001,0.895,0.002,-0.002,-0.446,0.050,0.041,-31.208,0.052,-35.300,-30.014,-34.372,-0.581,0.727,0.008,0.080,0.015,-0.160,3.784,3.011,-18.467,2.808,-19.669,-18.770,-19.824
5.798,-0.133,-0.001,0.895,0.002,-0.002,-0.447,0.089,0.077,-31.392,0.084,-35.497,-30.201,-34.571,-0.585,0.727,0.008,0.055,0.027,-0.182,3.241,3.285,-18.438,2.863,-19.725,-18.706,-19.890
5.792,-0.126,-0.001,0.894,0.002,-0.002,-0.448,0.101,0.093,-31.576,0.098,-35.695,-30.387,-34.770,-0.592,0.722,0.007,0.030,0.035,-0.236,-0.773,-0.091,-18.295,-0.152,-19.898,-18.548,-20.010
5.786,-0.119,-0.000,0.894,0.002,-0.002,-0.449,0.079,0.078,-31.758,0.084,-35.894,-30.572,-34.971,-0.594,0.723,0.006,0.013,0.039,-0.256,-3.037,-2.501,-18.221,-2.332,-20.000,-18.446,-20.079
5.780,-0.111,-0.000,0.893,0.003,-0.002,-0.450,0.055,0.056,-31.941,0.063,-36.094,-30.757,-35.172,-0.589,0.729,0.006,-0.004,0.041,-0.234,-1.347,-1.420,-18.288,-1.385,-19.968,-18.441,-20.062
5.775,-0.104,-0.000,0.893,0.003,-0.002,-0.451,0.057,0.054,-32.124,0.061,-36.294,-30.941,-35.372,-0.584,0.734,0.005,-0.032,0.038,-0.207,1.378,0.850,-18.402,0.801,-19.898,-18.460,-20.014
5.769,-0.097,-0.000,0.892,0.002,-0.001,-0.452,0.075,0.069,-32.309,0.074,-36.492,-31.126,-35.572,-0.584,0.736,0.004,-0.070,0.035,-0.208,1.844,1.705,-18.472,1.444,-19.871,-18.436,-19.999
5.763,-0.089,-0.000,0.892,0.002,-0.001,-0.453,0.086,0.081,-32.494,0.084,-36.691,-31.310,-35.772,-0.586,0.735,0.003,-0.108,0.030,-0.231,0.277,0.559,-18.494,0.431,-19.878,-18.378,-20.014
5.757,-0.082,-0.000,0.891,0.002,-0.001,-0.454,0.080,0.079,-32.679,0.081,-36.890,-31.493,-35.972,-0.587,0.736,0.003,-0.135,0.025,-0.249,-1.199,-0.847,-18.526,-0.855,-19.866,-18.344,-20.016
5.751,-0.075,-0.000,0.890,0.001,-0.000,-0.455,0.068,0.069,-32.864,0.071,-37.088,-31.677,-36.172,-0.585,0.738,0.002,-0.151,0.021,-0.246,-1.007,-0.881,-18.599,-0.910,-19.815,-18.371,-19.972
5.745,-0.067,-0.000,0.890,0.000,0.000,-0.456,0.063,0.064,-33.051,0.066,-37.286,-31.861,-36.372,-0.581,0.742,0.001,-0.161,0.019,-0.233,0.101,-0.058,-18.703,-0.114,-19.747,-18.441,-19.892
5.740,-0.060,-0.000,0.889,-0.000,0.001,-0.457,0.069,0.068,-33.238,0.069,-37.483,-32.046,-36.570,-0.579,0.745,-0.001,-0.163,0.017,-0.226,0.789,0.665,-18.799,0.517,-19.692,-18.515,-19.809
5.734,-0.052,-0.000,0.889,-0.001,0.001,-0.458,0.075,0.074,-33.427,0.073,-37.680,-32.231,-36.768,-0.578,0.746,-0.002,-0.153,0.016,-0.231,0.437,0.469,-18.877,0.350,-19.656,-18.575,-19.737
5.728,-0.045,-0.000,0.888,-0.002,0.001,-0.459,0.077,0.076,-33.616,0.075,-37.876,-32.417,-36.965,-0.578,0.747,-0.003,-0.131,0.014,-0.238,-0.154,-0.021,-18.940,-0.038,-19.633,-18.630,-19.668
5.722,-0.037,-0.000,0.888,-0.002,0.002,-0.460,0.073,0.074,-33.805,0.073,-38.073,-32.604,-37.161,-0.576,0.748,-0.004,-0.098,0.013,-0.240,-0.396,-0.289,-18.996,-0.300,-19.614,-18.693,-19.595
5.716,-0.030,-0.000,0.887,-0.002,0.002,-0.461,0.070,0.072,-33.996,0.070,-38.269,-32.791,-37.357,-0.573,0.750,-0.005,-0.062,0.014,-0.236,-0.163,-0.139,-19.042,-0.169,-19.604,-18.762,-19.522
5.711,-0.022,-0.000,0.887,-0.003,0.002,-0.462,0.070,0.071,-34.186,0.069,-38.465,-32.979,-37.552,-0.571,0.751,-0.007,-0.024,0.015,-0.231,0.030,-0.018,-19.076,-0.043,-19.606,-18.824,-19.460
5.705,-0.015,-0.000,0.886,-0.003,0.002,-0.463,0.071,0.072,-34.377,0.069,-38.661,-33.168,-37.746,-0.568,0.752,-0.009,0.011,0.014,-0.228,0.105,0.070,-19.095,0.019,-19.623,-18.871,-19.416
5.699,-0.007,-0.001,0.886,-0.002,0.002,-0.464,0.072,0.072,-34.568,0.070,-38.857,-33.356,-37.940,-0.566,0.753,-0.010,0.044,0.012,-0.226,0.072,0.064,-19.103,0.010,-19.654,-18.901,-19.394
5.694,0.000,-0.001,0.885,-0.002,0.002,-0.465,0.072,0.073,-34.759,0.070,-39.054,-33.546,-38.134,-0.564,0.753,-0.011,0.071,0.008,-0.225,0.026,0.034,-19.101,0.003,-19.696,-18.914,-19.394
5.688,0.008,-0.001,0.885,-0.002,0.002,-0.466,0.072,0.073,-34.950,0.070,-39.251,-33.735,-38.328,-0.561,0.753,-0.012,0.090,0.002,-0.224,0.000,0.017,-19.090,-0.001,-19.742,-18.912,-19.412
5.682,0.015,-0.001,0.884,-0.001,0.002,-0.467,0.072,0.073,-35.141,0.070,-39.449,-33.924,-38.522,-0.559,0.753,-0.011,0.100,-0.009,-0.223,-0.008,0.011,-19.069,-0.002,-19.789,-18.900,-19.446
5.677,0.023,-0.001,0.884,-0.001,0.001,-0.468,0.072,0.073,-35.332,0.070,-39.647,-34.113,-38.717,-0.556,0.753,-0.009,0.101,-0.021,-0.222,-0.007,0.009,-19.041,-0.001,-19.830,-18.881,-19.493
5.671,0.030,-0.001,0.883,-0.001,0.001,-0.469,0.072,0.073,-35.522,0.070,-39.845,-34.301,-38.912,-0.554,0.753,-0.007,0.096,-0.033,-0.222,-0.003,0.009,-19.005,-0.000,-19.864,-18.860,-19.551
5.666,0.038,-0.001,0.883,-0.000,0.001,-0.470,0.072,0.073,-35.712,0.070,-40.044,-34.490,-39.108,-0.551,0.753,-0.005,0.088,-0.044,-0.221,0.001,0.009,-18.962,0.001,-19.890,-18.842,-19.616
5.660,0.045,-0.001,0.882,-0.000,0.000,-0.471,0.072,0.073,-35.901,0.070,-40.243,-34.678,-39.305,-0.549,0.754,-0.002,0.079,-0.051,-0.221,0.003,0.009,-18.914,0.002,-19.908,-18.828,-19.685
5.655,0.053,-0.001,0.881,0.000,-0.000,-0.472,0.072,0.074,-36.090,0.070,-40.442,-34.866,-39.502,-0.547,0.754,0.000,0.071,-0.055,-0.221,0.003,0.009,-18.859,0.002,-19.920,-18.821,-19.753
5.649,0.060,-0.001,0.881,0.000,-0.001,-0.473,0.072,0.074,-36.278,0.070,-40.642,-35.055,-39.700,-0.546,0.756,0.003,0.064,-0.056,-0.221,0.003,0.009,-18.800,0.003,-19.929,-18.820,-19.820
5.644,0.068,-0.001,0.880,0.000,-0.001,-0.474,0.072,0.074,-36.466,0.070,-40.841,-35.243,-39.898,-0.544,0.757,0.005,0.060,-0.053,-0.222,0.003,0.009,-18.738,0.004,-19.937,-18.823,-19.881
5.639,0.076,-0.001,0.880,0.001,-0.001,-0.475,0.072,0.074,-36.653,0.070,-41.040,-35.431,-40.097,-0.543,0.759,0.007,0.058,-0.046,-0.222,0.002,0.008,-18.676,0.004,-19.946,-18.828,-19.937
5.633,0.083,-0.001,0.879,0.001,-0.002,-0.476,0.072,0.074,-36.839,0.070,-41.240,-35.619,-40.297,-0.542,0.761,0.008,0.058,-0.037,-0.223,0.002,0.008,-18.617,0.005,-19.959,-18.832,-19.988
5.628,0.091,-0.001,0.879,0.001,-0.002,-0.477,0.072,0.074,-37.025,0.070,-41.439,-35.808,-40.497,-0.541,0.763,0.009,0.058,-0.026,-0.224,0.002,0.007,-18.562,0.006,-19.975,-18.832,-20.035
5.622,0.098,-0.001,0.878,0.001,-0.002,-0.478,0.072,0.074,-37.211,0.070,-41.639,-35.996,-40.698,-0.540,0.766,0.009,0.058,-0.014,-0.224,0.002,0.006,-18.517,0.007,-19.994,-18.825,-20.078
5.617,0.106,-0.001,0.878,0.001,-0.002,-0.479,0.072,0.074,-37.396,0.070,-41.839,-36.184,-40.899,-0.540,0.768,0.009,0.054,-0.002,-0.225,0.001,0.005,-18.482,0.007,-20.015,-18.809,-20.118
5.611,0.114,-0.001,0.877,0.002,-0.002,-0.480,0.072,0.074,-37.580,0.070,-42.040,-36.372,-41.100,-0.539,0.771,0.009,0.045,0.008,-0.226,0.001,0.004,-18.460,0.007,-20.033,-18.784,-20.154
5.606,0.122,-0.001,0.877,0.002,-0.002,-0.481,0.072,0.074,-37.765,0.070,-42.240,-36.560,-41.302,-0.538,0.773,0.009,0.029,0.016,-0.227,0.001,0.002,-18.451,0.007,-20.046,-18.751,-20.185
5.601,0.129,-0.000,0.876,0.002,-0.002,-0.482,0.072,0.074,-37.949,0.070,-42.441,-36.747,-41.504,-0.538,0.776,0.009,0.008,0.023,-0.228,0.000,0.001,-18.457,0.007,-20.050,-18.712,-20.209
5.595,0.137,-0.000,0.876,0.002,-0.002,-0.483,0.072,0.074,-38.134,0.070,-42.641,-36.934,-41.706,-0.537,0.778,0.009,-0.018,0.029,-0.229,-0.000,-0.000,-18.477,0.006,-20.042,-18.671,-20.223
5.590,0.145,-0.000,0.875,0.002,-0.002,-0.484,0.072,0.074,-38.319,0.070,-42.841,-37.121,-41.908,-0.536,0.781,0.008,-0.048,0.034,-0.230,-0.000,-0.001,-18.513,0.004,-20.023,-18.634,-20.224
5.585,0.153,-0.000,0.874,0.002,-0.002,-0.485,0.072,0.074,-38.504,0.070,-43.041,-37.307,-42.110,-0.535,0.783,0.007,-0.080,0.039,-0.231,-0.001,-0.003,-18.563,0.003,-19.994,-18.604,-20.211
5.579,0.161,-0.000,0.874,0.001,-0.001,-0.486,0.072,0.074,-38.690,0.070,-43.241,-37.493,-42.312,-0.534,0.785,0.006,-0.110,0.044,-0.233,-0.001,-0.004,-18.625,0.001,-19.960,-18.587,-20.181
5.574,0.168,-0.000,0.873,0.001,-0.001,-0.487,0.072,0.074,-38.877,0.070,-43.441,-37.679,-42.514,-0.533,0.788,0.004,-0.134,0.048,-0.235,-0.001,-0.005,-18.698,-0.000,-19.922,-18.585,-20.136
5.569,0.176,-0.000,0.873,0.001,-0.000,-0.488,0.072,0.074,-39.064,0.070,-43.640,-37.865,-42.715,-0.532,0.790,0.002,-0.150,0.051,-0.236,-0.001,-0.005,-18.781,-0.001,-19.886,-18.598,-20.074
5.563,0.184,-0.000,0.872,-0.000,0.000,-0.489,0.072,0.074,-39.253,0.070,-43.838,-38.051,-42.915,-0.530,0.792,-0.000,-0.155,0.051,-0.237,-0.001,-0.006,-18.869,-0.002,-19.852,-18.624,-19.998
5.558,0.192,-0.000,0.872,-0.001,0.001,-0.490,0.072,0.074,-39.442,0.070,-44.037,-38.237,-43.115,-0.528,0.793,-0.003,-0.147,0.047,-0.237,-0.001,-0.006,-18.957,-0.003,-19.823,-18.661,-19.910
5.553,0.200,-0.000,0.871,-0.001,0.002,-0.491,0.072,0.074,-39.632,0.070,-44.235,-38.424,-43.313,-0.526,0.795,-0.005,-0.126,0.039,-0.237,-0.001,-0.005,-19.039,-0.003,-19.801,-18.704,-19.816
5.547,0.208,-0.000,0.870,-0.001,0.002,-0.492,0.072,0.074,-39.822,0.070,-44.433,-38.611,-43.511,-0.524,0.796,-0.006,-0.096,0.029,-0.237,-0.001,-0.004,-19.106,-0.003,-19.786,-18.751,-19.723
5.542,0.216,-0.000,0.870,-0.002,0.002,-0.493,0.072,0.074,-40.014,0.070,-44.631,-38.799,-43.708,-0.521,0.796,-0.008,-0.062,0.020,-0.236,-0.001,-0.004,-19.156,-0.003,-19.782,-18.797,-19.641
5.537,0.224,-0.000,0.869,-0.002,0.002,-0.494,0.072,0.074,-40.205,0.070,-44.828,-38.987,-43.904,-0.519,0.796,-0.010,-0.028,0.012,-0.234,-0.001,-0.003,-19.187,-0.004,-19.789,-18.841,-19.576
5.532,0.232,-0.000,0.869,-0.002,0.002,-0.495,0.072,0.074,-40.397,0.070,-45.026,-39.176,-44.099,-0.516,0.796,-0.011,0.005,0.004,-0.233,-0.000,-0.001,-19.202,-0.004,-19.806,-18.878,-19.530
5.527,0.240,-0.001,0.868,-0.002,0.002,-0.496,0.072,0.074,-40.589,0.070,-45.225,-39.365,-44.295,-0.513,0.796,-0.012,0.035,-0.005,-0.231,-0.000,-0.000,-19.203,-0.004,-19.831,-18.908,-19.507
5.522,0.248,-0.001,0.868,-0.002,0.002,-0.497,0.072,0.074,-40.781,0.070,-45.423,-39.554,-44.490,-0.510,0.796,-0.013,0.060,-0.012,-0.230,0.000,0.001,-19.193,-0.004,-19.862,-18.928,-19.505
5.517,0.256,-0.001,0.867,-0.001,0.002,-0.498,0.072,0.074,-40.973,0.070,-45.622,-39.743,-44.685,-0.507,0.795,-0.013,0.078,-0.019,-0.228,0.000,0.002,-19.173,-0.003,-19.895,-18.939,-19.525
5.511,0.264,-0.001,0.866,-0.001,0.002,-0.499,0.072,0.074,-41.165,0.070,-45.821,-39.933,-44.880,-0.505,0.795,-0.012,0.087,-0.026,-0.227,0.001,0.003,-19.148,-0.003,-19.928,-18.941,-19.561
5.506,0.272,-0.001,0.866,-0.001,0.001,-0.500,0.072,0.074,-41.356,0.070,-46.020,-40.122,-45.076,-0.502,0.795,-0.010,0.088,-0.032,-0.226,0.001,0.004,-19.117,-0.002,-19.956,-18.935,-19.611
5.501,0.280,-0.001,0.865,-0.001,0.001,-0.501,0.072,0.074,-41.547,0.070,-46.220,-40.311,-45.272,-0.499,0.794,-0.008,0.083,-0.037,-0.225,0.001,0.004,-19.082,-0.001,-19.978,-18.925,-19.669
5.496,0.288,-0.001,0.865,-0.000,0.001,-0.502,0.072,0.074,-41.738,0.070,-46.420,-40.500,-45.469,-0.497,0.794,-0.005,0.074,-0.040,-0.224,0.001,0.005,-19.044,-0.001,-19.993,-18.914,-19.732
5.491,0.296,-0.001,0.864,-0.000,0.000,-0.503,0.072,0.074,-41.928,0.070,-46.620,-40.690,-45.667,-0.495,0.795,-0.003,0.065,-0.042,-0.224,0.001,0.005,-19.004,-0.000,-20.003,-18.905,-19.795
5.487,0.303,-0.001,0.864,0.000,-0.000,-0.504,0.072,0.074,-42.118,0.070,-46.820,-40.879,-45.865,-0.493,0.795,-0.000,0.056,-0.042,-0.224,0.001,0.006,-18.962,0.001,-20.009,-18.898,-19.855
5.482,0.311,-0.001,0.863,0.000,-0.000,-0.505,0.072,0.074,-42.307,0.070,-47.020,-41.068,-46.064,-0.491,0.796,0.002,0.049,-0.042,-0.224,0.001,0.006,-18.916,0.001,-20.012,-18.895,-19.909
5.477,0.319,-0.001,0.862,0.000,-0.001,-0.506,0.072,0.074,-42.496,0.070,-47.220,-41.256,-46.264,-0.489,0.797,0.004,0.045,-0.040,-0.224,0.001,0.006,-18.866,0.002,-20.016,-18.896,-19.957
5.472,0.327,-0.001,0.862,0.000,-0.001,-0.507,0.072,0.074,-42.685,0.070,-47.420,-41.445,-46.463,-0.488,0.799,0.006,0.045,-0.039,-0.225,0.001,0.006,-18.812,0.003,-20.020,-18.899,-19.999
5.467,0.335,-0.001,0.861,0.000,-0.001,-0.508,0.072,0.074,-42.872,0.070,-47.621,-41.634,-46.663,-0.486,0.801,0.007,0.047,-0.036,-0.225,0.002,0.006,-18.756,0.004,-20.027,-18.903,-20.036
5.462,0.343,-0.001,0.861,0.001,-0.001,-0.509,0.072,0.074,-43.060,0.070,-47.821,-41.824,-46.864,-0.485,0.802,0.008,0.050,-0.034,-0.226,0.002,0.006,-18.700,0.005,-20.035,-18.905,-20.072
5.457,0.351,-0.001,0.860,0.001,-0.002,-0.510,0.072,0.074,-43.246,0.070,-48.021,-42.013,-47.065,-0.484,0.805,0.009,0.052,-0.030,-0.226,0.001,0.006,-18.646,0.006,-20.044,-18.905,-20.107
5.452,0.359,-0.001,0.860,0.001,-0.002,-0.511,0.072,0.074,-43.433,0.070,-48.222,-42.202,-47.266,-0.483,0.807,0.010,0.051,-0.025,-0.227,0.001,0.005,-18.598,0.006,-20.053,-18.899,-20.143
5.448,0.368,-0.001,0.859,0.001,-0.002,-0.512,0.072,0.074,-43.618,0.070,-48.422,-42.391,-47.468,-0.482,0.809,0.011,0.045,-0.018,-0.228,0.001,0.004,-18.559,0.006,-20.059,-18.888,-20.181
5.443,0.376,-0.001,0.858,0.001,-0.002,-0.513,0.072,0.075,-43.804,0.070,-48.623,-42.579,-47.670,-0.481,0.812,0.011,0.034,-0.010,-0.228,0.001,0.002,-18.532,0.006,-20.060,-18.870,-20.217
5.438,0.384,-0.001,0.858,0.001,-0.002,-0.514,0.072,0.075,-43.989,0.070,-48.824,-42.768,-47.872,-0.480,0.815,0.012,0.017,-0.000,-0.229,0.000,0.001,-18.518,0.006,-20.054,-18.845,-20.250
5.433,0.392,-0.000,0.857,0.001,-0.002,-0.515,0.072,0.075,-44.174,0.070,-49.024,-42.956,-48.075,-0.480,0.817,0.012,-0.005,0.012,-0.230,-0.000,-0.000,-18.521,0.005,-20.040,-18.816,-20.274
5.428,0.400,-0.000,0.857,0.001,-0.002,-0.516,0.072,0.075,-44.360,0.071,-49.224,-43.144,-48.278,-0.479,0.820,0.011,-0.031,0.025,-0.231,-0.001,-0.002,-18.541,0.004,-20.018,-18.786,-20.286
5.424,0.408,-0.000,0.856,0.001,-0.002,-0.517,0.072,0.075,-44.545,0.071,-49.424,-43.332,-48.480,-0.478,0.823,0.010,-0.059,0.039,-0.232,-0.001,-0.003,-18.578,0.002,-19.991,-18.757,-20.281
5.419,0.417,-0.000,0.855,0.001,-0.002,-0.518,0.072,0.074,-44.731,0.071,-49.624,-43.519,-48.683,-0.477,0.826,0.009,-0.087,0.054,-0.234,-0.001,-0.004,-18.632,0.001,-19.963,-18.732,-20.258
5.414,0.425,-0.000,0.855,0.001,-0.001,-0.519,0.072,0.074,-44.918,0.071,-49.824,-43.707,-48.885,-0.476,0.828,0.007,-0.110,0.067,-0.235,-0.001,-0.005,-18.700,-0.001,-19.937,-18.716,-20.216
5.409,0.433,0.000,0.854,0.000,-0.001,-0.520,0.072,0.074,-45.105,0.071,-50.023,-43.894,-49.087,-0.474,0.831,0.004,-0.127,0.077,-0.237,-0.002,-0.006,-18.781,-0.002,-19.916,-18.709,-20.154
5.405,0.442,0.000,0.854,0.000,0.000,-0.521,0.072,0.074,-45.293,0.071,-50.222,-44.081,-49.289,-0.473,0.833,0.001,-0.134,0.082,-0.238,-0.002,-0.006,-18.870,-0.003,-19.900,-18.710,-20.074
5.400,0.450,0.000,0.853,-0.000,0.001,-0.522,0.072,0.074,-45.483,0.070,-50.421,-44.268,-49.489,-0.471,0.834,-0.003,-0.129,0.080,-0.238,-0.001,-0.006,-18.963,-0.003,-19.889,-18.719,-19.982
5.395,0.458,0.000,0.852,-0.001,0.001,-0.523,0.072,0.074,-45.673,0.070,-50.620,-44.455,-49.688,-0.469,0.835,-0.006,-0.111,0.069,-0.238,-0.001,-0.006,-19.052,-0.004,-19.884,-18.733,-19.882
5.391,0.467,-0.000,0.852,-0.001,0.002,-0.524,0.072,0.074,-45.864,0.070,-50.819,-44.643,-49.886,-0.466,0.836,-0.008,-0.084,0.053,-0.237,-0.001,-0.006,-19.127,-0.004,-19.884,-18.752,-19.783
5.386,0.475,-0.000,0.851,-0.001,0.002,-0.525,0.072,0.074,-46.055,0.070,-51.017,-44.830,-50.084,-0.463,0.836,-0.011,-0.053,0.034,-0.237,-0.001,-0.005,-19.185,-0.004,-19.892,-18.774,-19.696
5.381,0.483,-0.000,0.850,-0.001,0.003,-0.526,0.072,0.074,-46.247,0.070,-51.216,-45.018,-50.280,-0.460,0.835,-0.013,-0.023,0.016,-0.235,-0.001,-0.004,-19.221,-0.004,-19.906,-18.799,-19.627
5.377,0.492,-0.000,0.850,-0.001,0.003,-0.527,0.072,0.074,-46.440,0.070,-51.416,-45.206,-50.476,-0.457,0.835,-0.014,0.005,-0.001,-0.234,-0.001,-0.003,-19.238,-0.005,-19.925,-18.825,-19.580
5.372,0.500,-0.001,0.849,-0.001,0.003,-0.528,0.072,0.074,-46.632,0.070,-51.615,-45.395,-50.672,-0.454,0.834,-0.015,0.030,-0.017,-0.232,-0.000,-0.002,-19.237,-0.005,-19.948,-18.850,-19.556
5.368,0.508,-0.001,0.849,-0.001,0.002,-0.529,0.072,0.074,-46.824,0.070,-51.815,-45.583,-50.868,-0.451,0.833,-0.015,0.050,-0.031,-0.231,-0.000,-0.001,-19.222,-0.004,-19.972,-18.873,-19.557
5.363,0.517,-0.001,0.848,-0.001,0.002,-0.530,0.072,0.074,-47.016,0.070,-52.014,-45.772,-51.063,-0.448,0.832,-0.014,0.063,-0.041,-0.230,-0.000,-0.000,-19.198,-0.004,-19.994,-18.893,-19.580
5.359,0.525,-0.001,0.847,-0.001,0.002,-0.531,0.072,0.074,-47.208,0.070,-52.214,-45.961,-51.259,-0.446,0.831,-0.012,0.070,-0.047,-0.228,0.000,0.001,-19.167,-0.003,-20.013,-18.908,-19.621
5.354,0.533,-0.001,0.847,-0.001,0.001,-0.532,0.072,0.074,-47.400,0.070,-52.415,-46.150,-51.456,-0.443,0.830,-0.010,0.070,-0.049,-0.227,0.000,0.001,-19.133,-0.003,-20.028,-18.919,-19.675
5.350,0.542,-0.001,0.846,-0.000,0.001,-0.533,0.072,0.074,-47.591,0.070,-52.615,-46.339,-51.653,-0.440,0.830,-0.008,0.065,-0.047,-0.226,0.001,0.002,-19.098,-0.002,-20.037,-18.925,-19.736
5.345,0.550,-0.001,0.846,-0.000,0.001,-0.534,0.072,0.074,-47.782,0.070,-52.815,-46.529,-51.850,-0.438,0.830,-0.006,0.058,-0.042,-0.226,0.001,0.003,-19.064,-0.001,-20.042,-18.928,-19.799
5.341,0.558,-0.001,0.845,-0.000,0.000,-0.535,0.072,0.074,-47.972,0.070,-53.016,-46.718,-52.049,-0.436,0.830,-0.003,0.049,-0.037,-0.225,0.001,0.004,-19.032,-0.001,-20.044,-18.929,-19.859
5.337,0.566,-0.001,0.844,-0.000,-0.000,-0.536,0.072,0.074,-48.162,0.070,-53.216,-46.907,-52.248,-0.434,0.831,-0.001,0.041,-0.031,-0.225,0.001,0.004,-19.000,0.000,-20.045,-18.928,-19.912
5.332,0.575,-0.001,0.844,0.000,-0.000,-0.537,0.072,0.074,-48.352,0.070,-53.417,-47.097,-52.447,-0.432,0.831,0.001,0.035,-0.027,-0.225,0.001,0.005,-18.967,0.001,-20.046,-18.928,-19.958
5.328,0.583,-0.001,0.843,0.000,-0.000,-0.538,0.072,0.074,-48.542,0.070,-53.617,-47.286,-52.647,-0.430,0.832,0.003,0.032,-0.025,-0.225,0.001,0.005,-18.931,0.002,-20.047,-18.928,-19.994
5.324,0.591,-0.001,0.843,0.000,-0.001,-0.539,0.072,0.074,-48.731,0.070,-53.818,-47.475,-52.847,-0.428,0.833,0.005,0.033,-0.026,-0.226,0.001,0.006,-18.891,0.003,-20.050,-18.929,-20.023
5.319,0.600,-0.001,0.842,0.000,-0.001,-0.539,0.072,0.074,-48.919,0.070,-54.018,-47.664,-53.047,-0.426,0.835,0.006,0.036,-0.029,-0.226,0.001,0.006,-18.846,0.004,-20.053,-18.931,-20.048
5.315,0.608,-0.001,0.841,0.000,-0.001,-0.540,0.146,0.135,-49.107,0.123,-54.217,-47.853,-53.247,-0.424,0.826,0.008,0.029,-0.041,-0.253,11.929,10.220,-18.577,8.904,-19.745,-18.657,-19.895
5.311,0.616,-0.001,0.841,0.000,-0.001,-0.542,0.248,0.233,-49.290,0.206,-54.414,-48.036,-53.446,-0.440,0.803,0.011,-0.002,-0.061,-0.401,6.561,7.517,-18.052,6.147,-19.786,-18.078,-19.913
5.306,0.624,-0.001,0.839,0.000,-0.002,-0.544,0.255,0.254,-49.467,0.226,-54.613,-48.214,-53.645,-0.458,0.778,0.012,-0.005,-0.068,-0.572,-4.722,-3.455,-17.408,-2.086,-19.988,-17.380,-19.973
5.302,0.632,-0.001,0.838,-0.000,-0.002,-0.546,0.178,0.184,-49.639,0.178,-54.813,-48.385,-53.845,-0.454,0.769,0.011,0.031,-0.049,-0.613,-8.841,-8.708,-16.960,-6.309,-19.999,-17.000,-19.894
5.297,0.640,-0.001,0.836,0.000,-0.002,-0.549,0.117,0.119,-49.808,0.130,-55.012,-48.555,-54.042,-0.431,0.774,0.011,0.065,-0.035,-0.519,-2.336,-3.319,-16.847,-2.470,-19.627,-16.990,-19.617
5.293,0.647,-0.001,0.835,0.000,-0.003,-0.551,0.138,0.129,-49.976,0.139,-55.206,-48.725,-54.237,-0.410,0.777,0.012,0.059,-0.028,-0.431,5.626,4.751,-16.844,3.820,-19.206,-16.999,-19.303
5.289,0.655,-0.000,0.833,0.000,-0.003,-0.553,0.202,0.190,-50.144,0.186,-55.397,-48.894,-54.429,-0.407,0.770,0.013,0.015,-0.014,-0.448,5.612,6.055,-16.680,4.612,-19.006,-16.781,-19.137
5.285,0.663,-0.000,0.832,0.000,-0.003,-0.555,0.228,0.225,-50.309,0.213,-55.587,-49.060,-54.620,-0.415,0.757,0.013,-0.025,0.001,-0.530,-0.550,0.528,-16.321,0.469,-18.962,-16.390,-19.085
5.281,0.670,-0.000,0.831,0.000,-0.003,-0.557,0.197,0.202,-50.471,0.196,-55.776,-49.222,-54.811,-0.415,0.749,0.012,-0.041,0.020,-0.572,-4.778,-4.220,-16.020,-3.273,-18.849,-16.085,-18.990
5.277,0.678,-0.000,0.829,0.000,-0.002,-0.559,0.154,0.162,-50.630,0.164,-55.963,-49.382,-54.999,-0.403,0.749,0.012,-0.038,0.036,-0.543,-2.898,-3.059,-15.884,-2.611,-18.613,-15.956,-18.783
5.273,0.685,0.000,0.828,0.000,-0.002,-0.561,0.149,0.153,-50.789,0.154,-56.148,-49.542,-55.186,-0.388,0.750,0.011,-0.047,0.057,-0.495,1.747,1.320,-15.863,0.746,-18.357,-15.888,-18.512
5.269,0.693,0.000,0.826,0.000,-0.002,-0.563,0.179,0.181,-50.947,0.173,-56.330,-49.700,-55.370,-0.380,0.747,0.007,-0.071,0.080,-0.484,3.457,3.494,-15.827,2.412,-18.175,-15.746,-18.276
5.265,0.700,0.000,0.825,-0.000,-0.001,-0.565,0.203,0.208,-51.105,0.191,-56.512,-49.856,-55.552,-0.379,0.740,0.004,-0.090,0.097,-0.511,0.965,1.485,-15.708,0.868,-18.055,-15.523,-18.098
5.261,0.707,0.000,0.823,-0.000,-0.000,-0.568,0.196,0.206,-51.261,0.187,-56.692,-50.010,-55.732,-0.376,0.735,0.001,-0.090,0.106,-0.529,-2.032,-1.595,-15.586,-1.428,-17.929,-15.318,-17.914
5.258,0.715,0.000,0.822,-0.000,0.000,-0.570,0.173,0.185,-51.417,0.169,-56.870,-50.163,-55.910,-0.367,0.732,-0.002,-0.074,0.106,-0.516,-2.134,-2.131,-15.525,-1.805,-17.771,-15.186,-17.682
5.254,0.722,0.000,0.820,-0.000,0.001,-0.572,0.162,0.172,-51.572,0.158,-57.047,-50.314,-56.085,-0.356,0.730,-0.005,-0.056,0.099,-0.489,0.085,-0.285,-15.499,-0.279,-17.612,-15.093,-17.422
5.251,0.729,0.000,0.819,-0.000,0.001,-0.574,0.172,0.179,-51.727,0.163,-57.222,-50.465,-56.258,-0.347,0.726,-0.008,-0.040,0.085,-0.474,1.666,1.474,-15.454,1.074,-17.483,-14.979,-17.185
5.247,0.737,0.000,0.818,0.000,0.002,-0.576,0.187,0.194,-51.881,0.174,-57.397,-50.614,-56.429,-0.342,0.720,-0.010,-0.024,0.066,-0.478,1.029,1.179,-15.374,0.814,-17.382,-14.830,-16.989
5.244,0.744,-0.000,0.816,0.000,0.002,-0.578,0.190,0.199,-52.034,0.177,-57.570,-50.761,-56.598,-0.337,0.714,-0.012,-0.008,0.045,-0.484,-0.441,-0.175,-15.278,-0.213,-17.290,-14.674,-16.819
5.240,0.751,-0.000,0.815,0.000,0.002,-0.580,0.181,0.192,-52.187,0.171,-57.742,-50.907,-56.766,-0.331,0.708,-0.013,0.008,0.024,-0.481,-1.101,-0.971,-15.186,-0.760,-17.187,-14.547,-16.657
5.237,0.758,-0.000,0.813,0.000,0.002,-0.582,0.173,0.185,-52.338,0.165,-57.914,-51.052,-56.931,-0.323,0.704,-0.014,0.022,0.003,-0.469,-0.403,-0.473,-15.090,-0.379,-17.074,-14.451,-16.502
5.234,0.765,-0.000,0.812,0.000,0.002,-0.583,0.174,0.184,-52.488,0.164,-58.084,-51.196,-57.096,-0.315,0.699,-0.014,0.030,-0.016,-0.458,0.439,0.291,-14.985,0.225,-16.959,-14.366,-16.367
5.231,0.772,-0.001,0.811,0.000,0.002,-0.585,0.179,0.189,-52.638,0.168,-58.253,-51.340,-57.259,-0.309,0.694,-0.014,0.033,-0.033,-0.454,0.580,0.575,-14.867,0.375,-16.854,-14.274,-16.257
5.228,0.779,-0.001,0.809,0.000,0.002,-0.587,0.183,0.193,-52.786,0.170,-58.421,-51.482,-57.421,-0.304,0.688,-0.013,0.033,-0.047,-0.455,0.153,0.243,-14.745,0.137,-16.757,-14.175,-16.169
5.225,0.786,-0.001,0.808,0.000,0.001,-0.589,0.182,0.194,-52.932,0.170,-58.588,-51.623,-57.582,-0.299,0.683,-0.012,0.032,-0.056,-0.455,-0.227,-0.118,-14.623,-0.124,-16.659,-14.083,-16.094
5.222,0.793,-0.001,0.807,0.000,0.001,-0.591,0.180,0.192,-53.078,0.169,-58.754,-51.763,-57.743,-0.293,0.679,-0.010,0.030,-0.060,-0.451,-0.259,-0.198,-14.504,-0.164,-16.552,-14.005,-16.026
5.219,0.799,-0.001,0.805,0.000,0.001,-0.593,0.178,0.190,-53.223,0.168,-58.919,-51.903,-57.903,-0.288,0.675,-0.009,0.026,-0.059,-0.446,-0.075,-0.074,-14.388,-0.065,-16.438,-13.940,-15.962
5.216,0.806,-0.001,0.804,0.000,0.000,-0.594,0.178,0.190,-53.366,0.167,-59.083,-52.042,-58.062,-0.282,0.671,-0.007,0.021,-0.054,-0.441,0.034,-0.005,-14.278,-0.017,-16.324,-13.878,-15.902
5.213,0.813,-0.001,0.803,0.000,0.000,-0.596,0.178,0.190,-53.508,0.167,-59.246,-52.181,-58.221,-0.277,0.667,-0.005,0.016,-0.047,-0.437,0.058,0.034,-14.173,-0.000,-16.212,-13.817,-15.843
5.210,0.819,-0.001,0.802,0.000,0.000,-0.598,0.179,0.191,-53.649,0.167,-59.407,-52.319,-58.379,-0.272,0.664,-0.004,0.011,-0.037,-0.434,0.035,0.028,-14.074,0.004,-16.106,-13.754,-15.784
5.208,0.826,-0.001,0.800,0.000,-0.000,-0.600,0.179,0.191,-53.790,0.167,-59.568,-52.456,-58.536,-0.268,0.661,-0.002,0.007,-0.027,-0.431,0.013,0.017,-13.981,0.005,-16.004,-13.690,-15.723
5.205,0.833,-0.001,0.799,-0.000,-0.000,-0.601,0.179,0.191,-53.929,0.167,-59.727,-52.592,-58.693,-0.263,0.658,-0.001,0.004,-0.017,-0.428,0.002,0.011,-13.892,0.006,-15.907,-13.625,-15.658
5.202,0.839,-0.001,0.798,-0.000,-0.000,-0.603,0.179,0.191,-54.068,0.167,-59.886,-52.728,-58.850,-0.259,0.655,-0.000,0.003,-0.009,-0.426,-0.002,0.009,-13.808,0.006,-15.815,-13.559,-15.590
5.200,0.846,-0.001,0.796,-0.000,-0.000,-0.605,0.179,0.191,-54.205,0.167,-60.044,-52.864,-59.005,-0.255,0.653,0.000,0.003,-0.003,-0.424,-0.001,0.009,-13.728,0.006,-15.727,-13.491,-15.518
5.197,0.852,-0.001,0.795,-0.000,-0.000,-0.606,0.179,0.191,-54.342,0.167,-60.200,-52.998,-59.160,-0.251,0.650,0.001,0.003,-0.001,-0.421,0.001,0.008,-13.650,0.007,-15.643,-13.423,-15.444
5.195,0.859,-0.001,0.794,-0.000,-0.000,-0.608,0.179,0.191,-54.478,0.167,-60.357,-53.132,-59.314,-0.247,0.648,0.002,0.005,-0.001,-0.420,0.002,0.008,-13.573,0.007,-15.563,-13.355,-15.370
5.192,0.865,-0.001,0.793,-0.000,-0.000,-0.610,0.179,0.191,-54.614,0.168,-60.512,-53.265,-59.467,-0.243,0.646,0.003,0.006,-0.005,-0.418,0.003,0.008,-13.496,0.007,-15.483,-13.288,-15.296
5.190,0.872,-0.001,0.791,-0.000,-0.000,-0.611,0.179,0.191,-54.748,0.168,-60.666,-53.398,-59.620,-0.239,0.644,0.004,0.007,-0.012,-0.416,0.003,0.007,-13.418,0.007,-15.405,-13.222,-15.224
5.188,0.878,-0.001,0.790,-0.000,-0.001,-0.613,0.179,0.191,-54.882,0.168,-60.820,-53.530,-59.772,-0.236,0.642,0.004,0.008,-0.020,-0.415,0.003,0.007,-13.339,0.006,-15.325,-13.160,-15.157
5.185,0.884,-0.001,0.789,-0.000,-0.001,-0.615,0.179,0.192,-55.015,0.168,-60.973,-53.661,-59.923,-0.232,0.640,0.005,0.008,-0.029,-0.413,0.003,0.006,-13.259,0.006,-15.244,-13.101,-15.093
5.183,0.891,-0.001,0.787,-0.000,-0.001,-0.616,0.179,0.192,-55.147,0.168,-61.125,-53.792,-60.074,-0.228,0.639,0.006,0.007,-0.038,-0.412,0.002,0.005,-13.177,0.006,-15.161,-13.046,-15.035
5.181,0.897,-0.001,0.786,-0.000,-0.001,-0.618,0.179,0.192,-55.278,0.168,-61.276,-53.922,-60.224,-0.225,0.637,0.008,0.004,-0.045,-0.411,0.002,0.005,-13.096,0.005,-15.077,-12.996,-14.981
5.179,0.904,-0.001,0.785,-0.000,-0.001,-0.620,0.179,0.192,-55.409,0.168,-61.426,-54.052,-60.373,-0.222,0.636,0.009,0.001,-0.050,-0.410,0.001,0.004,-13.015,0.005,-14.990,-12.950,-14.932
5.176,0.910,-0.001,0.784,-0.001,-0.001,-0.621,0.179,0.192,-55.539,0.168,-61.576,-54.181,-60.522,-0.219,0.635,0.010,-0.003,-0.053,-0.409,0.001,0.003,-12.937,0.004,-14.902,-12.909,-14.886
5.174,0.916,-0.001,0.782,-0.001,-0.002,-0.623,0.179,0.192,-55.668,0.168,-61.724,-54.310,-60.671,-0.216,0.634,0.011,-0.007,-0.051,-0.408,0.001,0.003,-12.861,0.004,-14.815,-12.871,-14.843
5.172,0.923,-0.001,0.781,-0.001,-0.002,-0.624,0.179,0.192,-55.796,0.168,-61.872,-54.438,-60.819,-0.212,0.634,0.011,-0.011,-0.046,-0.407,0.001,0.002,-12.791,0.003,-14.729,-12.836,-14.800
5.170,0.929,-0.001,0.780,-0.001,-0.002,-0.626,0.179,0.192,-55.924,0.168,-62.019,-54.567,-60.967,-0.210,0.634,0.012,-0.015,-0.037,-0.406,0.000,0.002,-12.726,0.003,-14.647,-12.803,-14.756
5.168,0.935,-0.000,0.779,-0.001,-0.002,-0.628,0.179,0.192,-56.051,0.168,-62.165,-54.694,-61.114,-0.207,0.633,0.012,-0.018,-0.024,-0.405,0.000,0.001,-12.668,0.002,-14.570,-12.770,-14.709
5.166,0.942,-0.000,0.777,-0.001,-0.002,-0.629,0.179,0.192,-56.177,0.168,-62.310,-54.822,-61.261,-0.204,0.633,0.012,-0.021,-0.009,-0.404,0.000,0.001,-12.617,0.002,-14.499,-12.736,-14.659
5.164,0.948,-0.000,0.776,-0.001,-0.002,-0.631,0.179,0.192,-56.303,0.168,-62.455,-54.949,-61.408,-0.201,0.633,0.011,-0.021,0.008,-0.403,0.000,0.001,-12.574,0.001,-14.435,-12.700,-14.605
5.162,0.954,-0.000,0.775,-0.001,-0.002,-0.632,0.179,0.192,-56.428,0.168,-62.599,-55.076,-61.553,-0.198,0.633,0.010,-0.021,0.026,-0.403,0.000,0.001,-12.538,0.001,-14.380,-12.660,-14.545
5.160,0.961,0.000,0.773,-0.001,-0.002,-0.634,0.179,0.192,-56.554,0.168,-62.743,-55.202,-61.698,-0.195,0.633,0.009,-0.019,0.043,-0.402,0.000,0.001,-12.510,0.000,-14.334,-12.616,-14.480
5.158,0.967,0.000,0.772,-0.001,-0.001,-0.635,0.179,0.192,-56.679,0.168,-62.886,-55.328,-61.843,-0.192,0.633,0.008,-0.015,0.059,-0.401,-0.000,0.001,-12.489,-0.000,-14.297,-12.567,-14.411
5.156,0.973,0.000,0.771,-0.001,-0.001,-0.637,0.179,0.192,-56.803,0.168,-63.029,-55.454,-61.987,-0.190,0.633,0.006,-0.011,0.073,-0.400,-0.000,0.001,-12.474,-0.001,-14.269,-12.514,-14.338
5.154,0.980,0.000,0.770,-0.001,-0.001,-0.638,0.179,0.192,-56.928,0.168,-63.171,-55.579,-62.130,-0.187,0.633,0.004,-0.005,0.084,-0.399,-0.000,0.001,-12.463,-0.001,-14.249,-12.456,-14.263
5.152,0.986,0.000,0.768,-0.001,-0.000,-0.640,0.179,0.192,-57.053,0.168,-63.314,-55.703,-62.272,-0.184,0.632,0.001,0.001,0.091,-0.397,-0.000,0.001,-12.457,-0.001,-14.237,-12.394,-14.187
5.150,0.992,0.000,0.767,-0.000,-0.000,-0.641,0.179,0.192,-57.177,0.168,-63.456,-55.826,-62.413,-0.181,0.632,-0.001,0.008,0.095,-0.396,-0.000,0.001,-12.453,-0.001,-14.231,-12.329,-14.112
5.149,0.999,0.000,0.766,-0.000,0.000,-0.643,0.179,0.192,-57.302,0.168,-63.598,-55.949,-62.554,-0.178,0.631,-0.003,0.014,0.094,-0.395,-0.000,0.001,-12.450,-0.001,-14.229,-12.262,-14.039
5.147,1.005,0.000,0.765,0.000,0.001,-0.645,0.179,0.192,-57.426,0.168,-63.740,-56.072,-62.694,-0.174,0.630,-0.005,0.019,0.089,-0.394,-0.000,0.000,-12.447,-0.002,-14.230,-12.194,-13.969
5.145,1.011,0.000,0.763,0.001,0.001,-0.646,0.179,0.192,-57.551,0.168,-63.883,-56.193,-62.834,-0.171,0.628,-0.007,0.023,0.081,-0.392,-0.000,0.000,-12.443,-0.002,-14.233,-12.126,-13.904
5.143,1.017,0.000,0.762,0.001,0.001,-0.648,0.179,0.192,-57.675,0.168,-64.025,-56.314,-62.972,-0.168,0.627,-0.008,0.027,0.070,-0.391,-0.000,0.000,-12.436,-0.002,-14.236,-12.061,-13.845
5.142,1.024,-0.000,0.761,0.001,0.001,-0.649,0.179,0.192,-57.799,0.168,-64.168,-56.434,-63.111,-0.165,0.625,-0.010,0.029,0.056,-0.390,-0.000,0.000,-12.427,-0.001,-14.237,-11.998,-13.793
5.140,1.030,-0.000,0.760,0.002,0.001,-0.650,0.179,0.192,-57.924,0.168,-64.310,-56.554,-63.248,-0.162,0.623,-0.010,0.029,0.040,-0.389,-0.000,0.000,-12.415,-0.001,-14.235,-11.940,-13.748
5.138,1.036,-0.000,0.758,0.002,0.001,-0.652,0.179,0.192,-58.048,0.168,-64.452,-56.673,-63.385,-0.159,0.621,-0.011,0.028,0.024,-0.387,-0.000,0.000,-12.399,-0.001,-14.229,-11.888,-13.710
5.137,1.042,-0.000,0.757,0.002,0.001,-0.653,0.179,0.192,-58.172,0.168,-64.594,-56.792,-63.522,-0.156,0.619,-0.011,0.026,0.007,-0.386,-0.000,0.000,-12.379,-0.001,-14.218,-11.841,-13.680
5.135,1.049,-0.000,0.756,0.002,0.001,-0.655,0.179,0.192,-58.295,0.168,-64.737,-56.910,-63.659,-0.153,0.617,-0.011,0.022,-0.009,-0.385,-0.000,0.000,-12.356,-0.001,-14.201,-11.802,-13.657
5.134,1.055,-0.001,0.754,0.002,0.001,-0.656,0.179,0.192,-58.419,0.168,-64.878,-57.028,-63.796,-0.150,0.615,-0.011,0.018,-0.023,-0.384,-0.000,-0.000,-12.330,-0.001,-14.179,-11.770,-13.640
5.132,1.061,-0.001,0.753,0.002,0.001,-0.658,0.179,0.192,-58.542,0.168,-65.020,-57.146,-63.932,-0.147,0.613,-0.010,0.013,-0.034,-0.383,-0.000,-0.000,-12.301,-0.001,-14.152,-11.746,-13.629
5.131,1.067,-0.001,0.752,0.002,0.001,-0.659,0.179,0.192,-58.665,0.168,-65.161,-57.263,-64.068,-0.144,0.612,-0.009,0.007,-0.043,-0.381,-0.000,-0.000,-12.270,-0.001,-14.121,-11.728,-13.623
5.129,1.073,-0.001,0.751,0.002,0.001,-0.661,0.179,0.192,-58.787,0.168,-65.303,-57.380,-64.204,-0.141,0.610,-0.008,0.002,-0.049,-0.380,-0.000,-0.000,-12.239,-0.000,-14.086,-11.717,-13.620
5.128,1.079,-0.001,0.749,0.002,0.000,-0.662,0.179,0.192,-58.910,0.168,-65.443,-57.497,-64.341,-0.138,0.608,-0.008,-0.004,-0.052,-0.379,-0.000,-0.000,-12.207,-0.000,-14.050,-11.711,-13.620
5.127,1.085,-0.001,0.748,0.001,0.000,-0.663,0.179,0.192,-59.031,0.168,-65.584,-57.614,-64.477,-0.136,0.607,-0.007,-0.008,-0.052,-0.378,0.000,-0.000,-12.175,-0.000,-14.012,-11.710,-13.620
5.125,1.091,-0.001,0.747,0.001,0.000,-0.665,0.179,0.192,-59.153,0.168,-65.723,-57.731,-64.613,-0.133,0.606,-0.006,-0.012,-0.049,-0.377,0.000,-0.000,-12.145,0.000,-13.974,-11.713,-13.620
5.124,1.097,-0.001,0.746,0.001,-0.000,-0.666,0.179,0.192,-59.274,0.168,-65.863,-57.849,-64.749,-0.130,0.605,-0.005,-0.016,-0.045,-0.377,0.000,-0.000,-12.116,0.001,-13.937,-11.717,-13.619
5.123,1.103,-0.001,0.744,0.001,-0.000,-0.668,0.179,0.192,-59.395,0.168,-66.002,-57.966,-64.885,-0.128,0.604,-0.004,-0.018,-0.039,-0.376,0.000,0.000,-12.089,0.001,-13.902,-11.723,-13.615
5.122,1.109,-0.001,0.743,0.001,-0.000,-0.669,0.179,0.192,-59.516,0.168,-66.141,-58.083,-65.021,-0.125,0.603,-0.003,-0.019,-0.032,-0.375,0.000,0.000,-12.065,0.001,-13.868,-11.729,-13.608
5.120,1.116,-0.001,0.742,0.000,-0.000,-0.670,0.179,0.192,-59.637,0.168,-66.280,-58.200,-65.158,-0.123,0.602,-0.003,-0.020,-0.025,-0.374,0.000,0.001,-12.042,0.002,-13.836,-11.734,-13.599
5.119,1.122,-0.001,0.741,0.000,-0.000,-0.672,0.179,0.192,-59.757,0.168,-66.418,-58.318,-65.293,-0.120,0.602,-0.002,-0.020,-0.018,-0.373,0.001,0.001,-12.022,0.002,-13.806,-11.737,-13.586
5.118,1.128,-0.001,0.739,0.000,-0.000,-0.673,0.179,0.192,-59.877,0.168,-66.556,-58.435,-65.429,-0.118,0.601,-0.001,-0.019,-0.013,-0.373,0.001,0.001,-12.003,0.002,-13.777,-11.737,-13.572
5.117,1.134,-0.001,0.738,0.000,-0.000,-0.675,0.179,0.192,-59.997,0.168,-66.693,-58.553,-65.565,-0.116,0.601,-0.001,-0.018,-0.009,-0.372,0.001,0.002,-11.986,0.002,-13.750,-11.736,-13.555
5.116,1.140,-0.001,0.737,-0.000,-0.000,-0.676,0.179,0.192,-60.117,0.168,-66.831,-58.670,-65.700,-0.113,0.600,-0.000,-0.017,-0.007,-0.372,0.001,0.002,-11.970,0.003,-13.723,-11.732,-13.537
5.114,1.146,-0.001,0.736,-0.000,-0.000,-0.677,0.179,0.192,-60.236,0.168,-66.968,-58.787,-65.836,-0.111,0.600,0.001,-0.016,-0.006,-0.371,0.001,0.002,-11.954,0.003,-13.696,-11.726,-13.518
5.113,1.152,-0.001,0.734,-0.000,-0.000,-0.679,0.179,0.192,-60.356,0.168,-67.105,-58.904,-65.971,-0.109,0.599,0.001,-0.015,-0.008,-0.371,0.001,0.002,-11.939,0.003,-13.668,-11.719,-13.500
5.112,1.158,-0.001,0.733,-0.000,-0.000,-0.680,0.179,0.192,-60.475,0.168,-67.241,-59.022,-66.106,-0.106,0.599,0.002,-0.015,-0.011,-0.370,0.001,0.002,-11.923,0.003,-13.638,-11.710,-13.482
5.111,1.164,-0.001,0.732,-0.000,-0.000,-0.681,0.179,0.192,-60.594,0.168,-67.377,-59.139,-66.240,-0.104,0.599,0.003,-0.015,-0.016,-0.370,0.001,0.002,-11.906,0.003,-13.606,-11.701,-13.465
5.110,1.170,-0.001,0.731,-0.000,-0.000,-0.683,0.179,0.192,-60.713,0.168,-67.513,-59.256,-66.375,-0.102,0.599,0.004,-0.016,-0.021,-0.370,0.001,0.002,-11.887,0.003,-13.571,-11.693,-13.450
5.109,1.176,-0.001,0.729,-0.001,-0.000,-0.684,0.179,0.192,-60.832,0.168,-67.649,-59.372,-66.509,-0.099,0.598,0.005,-0.017,-0.026,-0.370,0.001,0.002,-11.868,0.003,-13.534,-11.685,-13.436
5.108,1.181,-0.001,0.728,-0.001,-0.000,-0.685,0.179,0.192,-60.951,0.168,-67.784,-59.489,-66.644,-0.097,0.598,0.006,-0.018,-0.031,-0.370,0.000,0.002,-11.847,0.003,-13.494,-11.679,-13.424
5.107,1.187,-0.001,0.727,-0.001,-0.000,-0.687,0.179,0.192,-61.069,0.168,-67.919,-59.606,-66.778,-0.095,0.598,0.007,-0.020,-0.036,-0.369,0.000,0.002,-11.825,0.002,-13.452,-11.675,-13.413
5.106,1.193,-0.001,0.726,-0.001,-0.000,-0.688,0.179,0.192,-61.187,0.168,-68.053,-59.723,-66.912,-0.093,0.599,0.008,-0.021,-0.038,-0.369,0.000,0.002,-11.801,0.002,-13.410,-11.674,-13.402
5.105,1.199,-0.001,0.724,-0.001,-0.000,-0.690,0.179,0.192,-61.305,0.168,-68.187,-59.840,-67.046,-0.091,0.599,0.008,-0.022,-0.040,-0.370,0.000,0.001,-11.777,0.002,-13.367,-11.675,-13.392
5.104,1.205,-0.001,0.723,-0.002,-0.000,-0.691,0.179,0.192,-61.423,0.168,-68.320,-59.956,-67.180,-0.088,0.599,0.009,-0.023,-0.039,-0.370,0.000,0.001,-11.752,0.002,-13.326,-11.677,-13.382
5.104,1.211,-0.001,0.722,-0.002,-0.001,-0.692,0.179,0.192,-61.540,0.168,-68.453,-60.073,-67.314,-0.086,0.600,0.010,-0.023,-0.036,-0.370,0.000,0.001,-11.727,0.001,-13.287,-11.682,-13.370
5.103,1.217,-0.001,0.720,-0.002,-0.001,-0.694,0.180,0.192,-61.657,0.168,-68.586,-60.190,-67.447,-0.084,0.601,0.010,-0.022,-0.031,-0.370,0.000,0.001,-11.703,0.001,-13.252,-11.687,-13.357
5.102,1.223,-0.001,0.719,-0.002,-0.001,-0.695,0.180,0.192,-61.774,0.168,-68.718,-60.307,-67.581,-0.082,0.601,0.010,-0.020,-0.024,-0.370,0.000,0.001,-11.679,0.001,-13.221,-11.693,-13.342
5.101,1.229,-0.000,0.718,-0.002,-0.001,-0.696,0.180,0.192,-61.891,0.168,-68.850,-60.424,-67.714,-0.080,0.602,0.010,-0.017,-0.015,-0.370,0.000,0.001,-11.656,0.000,-13.195,-11.697,-13.323
5.100,1.236,-0.000,0.717,-0.002,-0.001,-0.697,0.180,0.192,-62.007,0.168,-68.982,-60.541,-67.847,-0.078,0.603,0.009,-0.012,-0.005,-0.370,0.000,0.001,-11.635,0.000,-13.175,-11.700,-13.302
5.100,1.242,-0.000,0.715,-0.002,-0.001,-0.699,0.180,0.192,-62.124,0.168,-69.114,-60.658,-67.980,-0.075,0.604,0.009,-0.007,0.006,-0.370,0.000,0.001,-11.616,-0.000,-13.160,-11.699,-13.277
5.099,1.248,-0.000,0.714,-0.002,-0.001,-0.700,0.180,0.192,-62.240,0.168,-69.246,-60.775,-68.113,-0.073,0.604,0.008,-0.000,0.018,-0.370,0.000,0.001,-11.599,-0.000,-13.152,-11.695,-13.250
5.098,1.254,-0.000,0.713,-0.002,-0.000,-0.701,0.180,0.192,-62.356,0.168,-69.377,-60.892,-68.245,-0.071,0.605,0.007,0.007,0.029,-0.370,-0.000,0.001,-11.584,-0.001,-13.150,-11.687,-13.221
