-3.000,5.000,0.001,1.000,0.000,0.000,0.000,-0.000,-0.000,0.000,-0.000,0.000,0.000,0.000,-0.000,-0.000,0.000,-0.000,-0.000,-0.000,0.000,0.000,-0.000,0.000,-0.000,-0.000,-0.000
-3.000,5.000,0.001,1.000,-0.000,0.000,0.000,-0.476,-0.346,0.000,-0.379,0.002,-0.005,-0.004,-0.043,0.004,0.002,0.001,0.016,0.060,-71.674,-52.798,-0.145,-56.784,0.109,-0.969,-0.747
-3.001,5.000,0.001,1.000,0.000,0.000,0.000,-0.941,-0.701,-0.006,-0.782,-0.001,-0.017,-0.013,-0.054,0.013,0.001,0.011,0.009,0.070,-22.452,-17.768,-1.015,-19.734,-0.724,-1.340,-1.052
-3.001,5.000,0.001,1.000,0.000,0.000,0.001,-1.025,-0.777,-0.020,-0.864,-0.012,-0.032,-0.025,-0.064,0.025,0.000,0.017,0.002,0.129,2.272,0.326,-1.809,0.814,-1.409,-1.705,-1.178
-3.002,5.001,0.001,1.000,0.000,0.000,0.002,-0.948,-0.730,-0.041,-0.807,-0.029,-0.051,-0.037,-0.078,0.035,0.000,0.017,0.001,0.189,11.338,7.875,-2.529,9.322,-1.957,-2.131,-1.342
-3.003,5.001,0.001,1.000,0.000,0.000,0.003,-0.829,-0.645,-0.070,-0.709,-0.051,-0.075,-0.052,-0.099,0.043,-0.000,0.011,0.004,0.241,11.441,8.431,-3.170,9.421,-2.394,-2.638,-1.611
-3.004,5.001,0.001,1.000,0.000,0.000,0.004,-0.728,-0.570,-0.105,-0.624,-0.077,-0.104,-0.070,-0.123,0.047,-0.001,0.003,0.009,0.277,8.471,6.489,-3.735,7.366,-2.787,-3.181,-1.976
-3.005,5.002,0.001,1.000,0.000,0.000,0.006,-0.660,-0.514,-0.145,-0.562,-0.106,-0.139,-0.091,-0.148,0.050,-0.001,-0.005,0.011,0.301,5.142,4.612,-4.256,5.176,-3.165,-3.723,-2.392
-3.007,5.002,0.001,1.000,0.000,0.000,0.007,-0.623,-0.476,-0.190,-0.519,-0.140,-0.179,-0.118,-0.173,0.052,-0.002,-0.009,0.011,0.320,2.500,3.125,-4.755,3.388,-3.544,-4.250,-2.823
-3.009,5.003,0.000,1.000,0.000,0.000,0.009,-0.607,-0.450,-0.240,-0.492,-0.177,-0.224,-0.148,-0.197,0.053,-0.002,-0.011,0.009,0.337,0.832,2.054,-5.242,2.119,-3.924,-4.760,-3.247
-3.011,5.003,0.000,1.000,0.000,0.000,0.011,-0.603,-0.434,-0.294,-0.475,-0.218,-0.274,-0.182,-0.219,0.055,-0.002,-0.012,0.006,0.355,-0.007,1.328,-5.723,1.295,-4.305,-5.253,-3.653
-3.013,5.004,0.000,1.000,0.000,0.000,0.012,-0.605,-0.423,-0.354,-0.465,-0.263,-0.329,-0.221,-0.241,0.057,-0.003,-0.012,0.004,0.375,-0.307,0.857,-6.200,0.790,-4.683,-5.731,-4.038
-3.016,5.005,0.000,1.000,0.000,0.000,0.014,-0.608,-0.416,-0.418,-0.459,-0.312,-0.388,-0.263,-0.262,0.059,-0.003,-0.013,0.003,0.397,-0.325,0.557,-6.673,0.492,-5.054,-6.195,-4.403
-3.018,5.005,0.000,1.000,-0.000,0.000,0.016,-0.611,-0.412,-0.488,-0.455,-0.364,-0.453,-0.309,-0.282,0.061,-0.004,-0.013,0.001,0.419,-0.237,0.367,-7.139,0.317,-5.417,-6.646,-4.749
-3.021,5.006,0.000,1.000,-0.000,0.000,0.018,-0.613,-0.409,-0.561,-0.452,-0.420,-0.521,-0.358,-0.301,0.063,-0.005,-0.014,0.000,0.442,-0.137,0.245,-7.599,0.212,-5.769,-7.085,-5.079
-3.024,5.006,0.000,1.000,-0.000,0.000,0.021,-0.614,-0.406,-0.639,-0.451,-0.480,-0.594,-0.410,-0.320,0.064,-0.006,-0.014,-0.001,0.465,-0.064,0.165,-8.050,0.144,-6.112,-7.512,-5.395
-3.028,5.007,0.000,1.000,-0.000,0.000,0.023,-0.614,-0.405,-0.722,-0.449,-0.543,-0.671,-0.466,-0.338,0.066,-0.007,-0.015,-0.001,0.488,-0.023,0.112,-8.492,0.098,-6.445,-7.927,-5.699
-3.031,5.008,0.000,1.000,-0.000,0.000,0.026,-0.615,-0.404,-0.809,-0.449,-0.609,-0.753,-0.524,-0.355,0.067,-0.007,-0.016,-0.002,0.510,-0.002,0.076,-8.923,0.066,-6.767,-8.332,-5.991
-3.035,5.008,0.000,1.000,-0.000,0.000,0.028,-0.615,-0.404,-0.901,-0.448,-0.678,-0.838,-0.586,-0.372,0.068,-0.008,-0.016,-0.002,0.532,0.005,0.051,-9.343,0.043,-7.080,-8.725,-6.273
-3.039,5.009,-0.000,1.000,-0.000,0.000,0.031,-0.614,-0.403,-0.996,-0.448,-0.750,-0.927,-0.650,-0.388,0.068,-0.009,-0.017,-0.002,0.554,0.006,0.034,-9.753,0.028,-7.384,-9.107,-6.546
-3.043,5.010,-0.000,0.999,-0.001,0.000,0.034,-0.614,-0.403,-1.096,-0.447,-0.825,-1.020,-0.717,-0.404,0.069,-0.010,-0.016,-0.003,0.575,0.005,0.023,-10.152,0.017,-7.678,-9.478,-6.808
-3.047,5.011,-0.000,0.999,-0.001,0.000,0.037,-0.614,-0.403,-1.199,-0.447,-0.904,-1.117,-0.786,-0.419,0.069,-0.010,-0.015,-0.003,0.595,0.003,0.015,-10.538,0.011,-7.962,-9.839,-7.062
-3.051,5.011,-0.000,0.999,-0.001,0.000,0.040,-0.614,-0.403,-1.306,-0.447,-0.985,-1.217,-0.858,-0.433,0.068,-0.011,-0.013,-0.003,0.614,0.002,0.011,-10.914,0.007,-8.238,-10.188,-7.307
-3.055,5.012,-0.000,0.999,-0.001,0.000,0.043,-0.614,-0.402,-1.417,-0.447,-1.068,-1.320,-0.932,-0.447,0.067,-0.011,-0.011,-0.004,0.633,0.001,0.007,-11.276,0.005,-8.505,-10.526,-7.544
-3.060,5.013,-0.001,0.999,-0.001,0.000,0.046,-0.614,-0.402,-1.532,-0.447,-1.155,-1.427,-1.009,-0.461,0.067,-0.011,-0.007,-0.005,0.651,0.000,0.005,-11.627,0.003,-8.763,-10.853,-7.773
-3.065,5.013,-0.001,0.999,-0.001,0.000,0.049,-0.614,-0.402,-1.650,-0.447,-1.244,-1.537,-1.087,-0.473,0.065,-0.010,-0.002,-0.006,0.668,0.000,0.003,-11.965,0.002,-9.012,-11.169,-7.995
-3.069,5.014,-0.001,0.999,-0.001,0.000,0.053,-0.614,-0.402,-1.771,-0.447,-1.335,-1.651,-1.169,-0.486,0.064,-0.010,0.003,-0.006,0.685,-0.000,0.001,-12.289,0.002,-9.254,-11.473,-8.209
-3.074,5.014,-0.001,0.998,-0.001,0.000,0.056,-0.614,-0.402,-1.896,-0.447,-1.429,-1.767,-1.252,-0.498,0.062,-0.009,0.008,-0.007,0.701,-0.000,-0.001,-12.601,0.001,-9.487,-11.765,-8.416
-3.079,5.015,-0.001,0.998,-0.001,0.000,0.060,-0.614,-0.402,-2.023,-0.447,-1.525,-1.886,-1.337,-0.509,0.060,-0.008,0.014,-0.008,0.717,-0.000,-0.002,-12.899,0.001,-9.713,-12.046,-8.617
-3.085,5.016,-0.001,0.998,-0.001,0.000,0.063,-0.614,-0.402,-2.153,-0.447,-1.623,-2.008,-1.424,-0.520,0.057,-0.007,0.019,-0.009,0.732,-0.000,-0.003,-13.185,0.001,-9.931,-12.315,-8.812
-3.090,5.016,-0.001,0.998,-0.001,0.000,0.067,-0.614,-0.402,-2.287,-0.447,-1.723,-2.132,-1.513,-0.531,0.055,-0.006,0.023,-0.010,0.747,-0.000,-0.004,-13.459,0.002,-10.141,-12.574,-9.000
-3.095,5.017,-0.001,0.997,-0.000,0.000,0.071,-0.614,-0.402,-2.423,-0.447,-1.826,-2.259,-1.604,-0.542,0.052,-0.004,0.026,-0.011,0.762,-0.000,-0.004,-13.721,0.002,-10.342,-12.823,-9.181
-3.101,5.017,-0.001,0.997,-0.000,0.000,0.075,-0.614,-0.402,-2.561,-0.447,-1.930,-2.389,-1.697,-0.552,0.049,-0.003,0.027,-0.011,0.776,0.000,-0.004,-13.973,0.002,-10.537,-13.062,-9.357
-3.106,5.018,-0.001,0.997,-0.000,-0.000,0.078,-0.614,-0.403,-2.702,-0.447,-2.036,-2.520,-1.791,-0.562,0.045,-0.002,0.026,-0.011,0.790,0.000,-0.004,-14.215,0.003,-10.726,-13.292,-9.528
-3.112,5.018,-0.001,0.997,-0.000,-0.000,0.082,-0.614,-0.403,-2.845,-0.447,-2.145,-2.654,-1.887,-0.571,0.042,-0.001,0.024,-0.011,0.804,0.000,-0.004,-14.449,0.003,-10.907,-13.515,-9.693
-3.118,5.019,-0.001,0.996,0.000,-0.000,0.086,-0.614,-0.403,-2.991,-0.447,-2.255,-2.791,-1.985,-0.581,0.038,-0.000,0.021,-0.010,0.817,0.000,-0.003,-14.675,0.003,-11.083,-13.729,-9.853
-3.123,5.019,-0.001,0.996,0.000,-0.000,0.091,-0.614,-0.403,-3.139,-0.447,-2.366,-2.929,-2.084,-0.590,0.034,0.000,0.016,-0.009,0.830,0.001,-0.002,-14.894,0.003,-11.253,-13.938,-10.008
-3.129,5.019,-0.001,0.995,0.000,-0.000,0.095,-0.614,-0.403,-3.289,-0.447,-2.480,-3.069,-2.185,-0.599,0.029,0.001,0.011,-0.008,0.843,0.001,-0.002,-15.108,0.003,-11.417,-14.141,-10.158
-3.135,5.020,-0.001,0.995,0.000,-0.000,0.099,-0.614,-0.403,-3.441,-0.447,-2.595,-3.212,-2.287,-0.608,0.025,0.001,0.006,-0.007,0.855,0.001,-0.001,-15.316,0.003,-11.575,-14.340,-10.302
-3.142,5.020,-0.001,0.995,0.000,-0.000,0.103,-0.614,-0.403,-3.595,-0.447,-2.711,-3.356,-2.391,-0.616,0.020,0.001,0.001,-0.007,0.867,0.001,-0.001,-15.521,0.003,-11.727,-14.534,-10.440
-3.148,5.020,-0.001,0.994,0.000,-0.000,0.108,-0.614,-0.403,-3.751,-0.447,-2.829,-3.503,-2.496,-0.624,0.015,0.001,-0.002,-0.006,0.880,0.000,-0.001,-15.721,0.002,-11.875,-14.725,-10.574
-3.154,5.020,-0.001,0.994,0.000,-0.000,0.112,-0.614,-0.403,-3.910,-0.447,-2.949,-3.651,-2.603,-0.632,0.010,0.001,-0.003,-0.007,0.892,0.000,-0.001,-15.916,0.002,-12.018,-14.911,-10.701
-3.160,5.020,-0.001,0.993,0.000,-0.000,0.116,-0.614,-0.403,-4.070,-0.447,-3.069,-3.801,-2.710,-0.640,0.005,0.002,-0.001,-0.008,0.904,0.000,-0.002,-16.106,0.002,-12.156,-15.094,-10.823
-3.167,5.020,-0.001,0.993,0.000,-0.000,0.121,-0.614,-0.403,-4.232,-0.447,-3.192,-3.953,-2.819,-0.647,-0.001,0.002,0.004,-0.009,0.916,-0.000,-0.002,-16.290,0.001,-12.290,-15.272,-10.941
-3.173,5.020,-0.001,0.992,0.000,-0.000,0.126,-0.614,-0.403,-4.395,-0.447,-3.315,-4.106,-2.929,-0.655,-0.006,0.003,0.012,-0.011,0.929,-0.000,-0.003,-16.467,0.001,-12.421,-15.444,-11.054
-3.180,5.020,-0.001,0.991,0.000,-0.000,0.130,-0.614,-0.403,-4.561,-0.447,-3.440,-4.261,-3.040,-0.662,-0.012,0.005,0.024,-0.013,0.942,-0.000,-0.005,-16.634,0.001,-12.549,-15.610,-11.163
-3.187,5.020,-0.001,0.991,0.001,-0.001,0.135,-0.614,-0.403,-4.728,-0.447,-3.566,-4.418,-3.152,-0.669,-0.018,0.006,0.037,-0.014,0.955,-0.001,-0.006,-16.792,0.001,-12.677,-15.768,-11.272
-3.193,5.020,-0.001,0.990,0.001,-0.001,0.140,-0.614,-0.403,-4.897,-0.447,-3.694,-4.577,-3.265,-0.676,-0.024,0.007,0.052,-0.013,0.968,-0.001,-0.006,-16.939,0.001,-12.804,-15.918,-11.379
-3.200,5.019,-0.001,0.990,0.001,-0.001,0.145,-0.614,-0.403,-5.067,-0.447,-3.822,-4.737,-3.380,-0.682,-0.030,0.009,0.066,-0.012,0.981,-0.000,-0.006,-17.074,0.001,-12.931,-16.057,-11.487
-3.207,5.019,-0.001,0.989,0.001,-0.001,0.149,-0.614,-0.403,-5.238,-0.447,-3.952,-4.898,-3.495,-0.689,-0.037,0.010,0.077,-0.010,0.993,-0.000,-0.006,-17.197,0.002,-13.059,-16.186,-11.598
-3.214,5.019,-0.001,0.988,0.002,-0.001,0.154,-0.614,-0.403,-5.411,-0.447,-4.083,-5.060,-3.612,-0.696,-0.044,0.011,0.085,-0.008,1.004,0.000,-0.005,-17.309,0.002,-13.186,-16.304,-11.712
-3.221,5.018,-0.001,0.987,0.002,-0.001,0.159,-0.614,-0.403,-5.584,-0.447,-4.216,-5.224,-3.729,-0.702,-0.052,0.012,0.087,-0.005,1.014,0.001,-0.004,-17.411,0.003,-13.312,-16.411,-11.829
-3.228,5.018,-0.000,0.986,0.003,-0.001,0.164,-0.614,-0.403,-5.759,-0.447,-4.350,-5.389,-3.848,-0.708,-0.060,0.012,0.082,-0.001,1.022,0.001,-0.001,-17.503,0.004,-13.436,-16.509,-11.950
-3.235,5.017,-0.000,0.986,0.003,-0.000,0.169,-0.614,-0.403,-5.934,-0.447,-4.485,-5.554,-3.968,-0.714,-0.069,0.012,0.070,0.002,1.027,0.002,0.001,-17.589,0.004,-13.555,-16.598,-12.073
-3.242,5.016,-0.000,0.985,0.003,-0.000,0.174,-0.614,-0.403,-6.111,-0.446,-4.621,-5.720,-4.090,-0.720,-0.078,0.011,0.050,0.007,1.031,0.002,0.004,-17.671,0.005,-13.670,-16.682,-12.200
-3.249,5.015,-0.000,0.984,0.004,-0.000,0.180,-0.614,-0.403,-6.288,-0.446,-4.758,-5.888,-4.212,-0.726,-0.088,0.009,0.023,0.013,1.031,0.002,0.006,-17.752,0.005,-13.779,-16.765,-12.329
-3.257,5.014,-0.000,0.983,0.004,-0.000,0.185,-0.614,-0.403,-6.466,-0.446,-4.896,-6.056,-4.336,-0.731,-0.098,0.006,-0.009,0.021,1.029,0.002,0.008,-17.837,0.005,-13.880,-16.849,-12.455
-3.264,5.013,0.000,0.982,0.003,-0.000,0.190,-0.614,-0.403,-6.645,-0.446,-5.036,-6.225,-4.462,-0.735,-0.108,0.003,-0.046,0.026,1.030,0.002,0.009,-17.936,0.005,-13.968,-16.939,-12.564
-3.271,5.012,0.000,0.981,0.003,-0.000,0.195,-0.614,-0.403,-6.825,-0.446,-5.176,-6.395,-4.588,-0.739,-0.117,0.001,-0.083,0.029,1.032,0.002,0.009,-18.051,0.004,-14.041,-17.036,-12.653
-3.279,5.011,0.000,0.980,0.003,-0.000,0.200,-0.614,-0.403,-7.006,-0.446,-5.316,-6.565,-4.715,-0.742,-0.126,-0.001,-0.118,0.028,1.035,0.001,0.009,-18.178,0.003,-14.101,-17.143,-12.723
-3.286,5.010,0.000,0.979,0.002,-0.000,0.205,-0.614,-0.403,-7.188,-0.446,-5.458,-6.737,-4.842,-0.745,-0.135,-0.003,-0.145,0.025,1.038,0.001,0.008,-18.318,0.002,-14.150,-17.258,-12.774
-3.294,5.008,-0.000,0.978,0.001,-0.000,0.210,-0.614,-0.403,-7.372,-0.446,-5.599,-6.911,-4.970,-0.747,-0.143,-0.004,-0.165,0.021,1.043,0.001,0.007,-18.466,0.001,-14.187,-17.381,-12.809
-3.301,5.007,-0.000,0.977,0.000,-0.000,0.215,-0.614,-0.403,-7.558,-0.446,-5.741,-7.085,-5.098,-0.749,-0.151,-0.005,-0.173,0.015,1.047,0.000,0.006,-18.620,0.001,-14.217,-17.511,-12.829
-3.309,5.005,-0.000,0.975,-0.001,-0.000,0.220,-0.614,-0.402,-7.744,-0.446,-5.884,-7.261,-5.227,-0.750,-0.159,-0.005,-0.170,0.008,1.052,0.000,0.004,-18.775,0.000,-14.239,-17.644,-12.837
-3.316,5.004,-0.000,0.974,-0.001,-0.001,0.225,-0.614,-0.402,-7.933,-0.446,-6.026,-7.438,-5.355,-0.751,-0.167,-0.005,-0.158,0.000,1.059,-0.000,0.003,-18.930,-0.001,-14.258,-17.778,-12.833
-3.324,5.002,-0.000,0.973,-0.002,-0.001,0.230,-0.614,-0.402,-8.123,-0.446,-6.169,-7.616,-5.483,-0.752,-0.174,-0.004,-0.139,-0.008,1.069,-0.001,0.001,-19.084,-0.002,-14.272,-17.911,-12.812
-3.331,5.000,-0.000,0.972,-0.003,-0.001,0.236,-0.614,-0.402,-8.315,-0.446,-6.312,-7.796,-5.611,-0.752,-0.181,-0.002,-0.117,-0.015,1.081,-0.001,-0.002,-19.231,-0.003,-14.288,-18.042,-12.785
-3.339,4.998,-0.000,0.971,-0.003,-0.001,0.241,-0.614,-0.402,-8.508,-0.446,-6.455,-7.977,-5.739,-0.753,-0.188,-0.001,-0.091,-0.017,1.094,-0.002,-0.004,-19.368,-0.005,-14.310,-18.167,-12.761
-3.346,4.997,-0.000,0.969,-0.004,-0.001,0.246,-0.614,-0.402,-8.702,-0.446,-6.598,-8.160,-5.866,-0.753,-0.195,-0.000,-0.063,-0.016,1.106,-0.002,-0.005,-19.492,-0.006,-14.340,-18.285,-12.743
-3.354,4.995,-0.000,0.968,-0.004,-0.001,0.252,-0.614,-0.403,-8.898,-0.446,-6.741,-8.343,-5.994,-0.754,-0.202,-0.001,-0.034,-0.010,1.119,-0.003,-0.005,-19.611,-0.007,-14.381,-18.395,-12.730
-3.361,4.992,-0.000,0.966,-0.004,-0.001,0.257,-0.614,-0.403,-9.094,-0.446,-6.885,-8.527,-6.121,-0.754,-0.210,-0.002,-0.006,-0.000,1.134,-0.003,-0.005,-19.729,-0.008,-14.434,-18.496,-12.718
-3.369,4.990,-0.000,0.965,-0.004,-0.001,0.263,-0.614,-0.403,-9.292,-0.447,-7.030,-8.713,-6.248,-0.755,-0.217,-0.003,0.019,0.011,1.151,-0.002,-0.004,-19.848,-0.008,-14.498,-18.587,-12.709
-3.376,4.988,-0.000,0.963,-0.004,-0.001,0.268,-0.614,-0.403,-9.491,-0.447,-7.175,-8.899,-6.375,-0.755,-0.225,-0.005,0.039,0.021,1.166,-0.002,-0.003,-19.962,-0.008,-14.570,-18.665,-12.708
-3.384,4.986,-0.000,0.962,-0.004,-0.001,0.274,-0.614,-0.403,-9.691,-0.447,-7.322,-9.086,-6.502,-0.755,-0.233,-0.007,0.053,0.025,1.179,-0.001,-0.002,-20.066,-0.007,-14.649,-18.731,-12.719
-3.392,4.983,-0.000,0.960,-0.003,-0.001,0.280,-0.614,-0.403,-9.892,-0.447,-7.468,-9.274,-6.630,-0.754,-0.242,-0.008,0.061,0.024,1.188,-0.001,-0.001,-20.158,-0.006,-14.733,-18.786,-12.744
-3.399,4.981,-0.001,0.958,-0.003,-0.001,0.285,-0.614,-0.403,-10.094,-0.447,-7.616,-9.462,-6.757,-0.753,-0.251,-0.008,0.066,0.017,1.195,-0.001,-0.000,-20.237,-0.005,-14.818,-18.832,-12.781
-3.407,4.978,-0.001,0.957,-0.003,-0.000,0.291,-0.614,-0.403,-10.297,-0.447,-7.765,-9.650,-6.885,-0.752,-0.260,-0.008,0.069,0.005,1.199,-0.001,-0.001,-20.303,-0.004,-14.902,-18.875,-12.827
-3.414,4.976,-0.001,0.955,-0.002,-0.000,0.297,-0.614,-0.403,-10.500,-0.447,-7.914,-9.839,-7.014,-0.750,-0.270,-0.006,0.072,-0.009,1.202,-0.000,-0.001,-20.355,-0.003,-14.985,-18.916,-12.881
-3.422,4.973,-0.001,0.953,-0.002,-0.000,0.303,-0.614,-0.403,-10.704,-0.447,-8.064,-10.029,-7.143,-0.749,-0.280,-0.005,0.077,-0.024,1.206,-0.000,-0.002,-20.395,-0.001,-15.063,-18.959,-12.941
-3.429,4.970,-0.001,0.951,-0.002,-0.000,0.308,-0.614,-0.403,-10.908,-0.447,-8.215,-10.218,-7.273,-0.747,-0.289,-0.003,0.084,-0.038,1.210,-0.000,-0.004,-20.423,0.000,-15.138,-19.004,-13.005
-3.437,4.967,-0.001,0.949,-0.001,-0.000,0.314,-0.614,-0.403,-11.113,-0.447,-8.367,-10.409,-7.403,-0.746,-0.299,0.000,0.093,-0.049,1.214,0.000,-0.005,-20.439,0.002,-15.209,-19.051,-13.073
-3.444,4.964,-0.001,0.947,-0.001,-0.000,0.320,-0.614,-0.403,-11.317,-0.447,-8.520,-10.599,-7.534,-0.745,-0.308,0.003,0.103,-0.054,1.220,0.000,-0.006,-20.445,0.003,-15.276,-19.099,-13.145
-3.451,4.961,-0.001,0.946,-0.000,-0.001,0.326,-0.614,-0.403,-11.521,-0.447,-8.673,-10.791,-7.666,-0.744,-0.318,0.005,0.113,-0.053,1.225,0.000,-0.006,-20.441,0.004,-15.341,-19.144,-13.224
-3.459,4.958,-0.001,0.943,0.001,-0.001,0.331,-0.614,-0.403,-11.726,-0.447,-8.826,-10.982,-7.799,-0.742,-0.328,0.007,0.122,-0.045,1.230,0.001,-0.005,-20.428,0.004,-15.409,-19.184,-13.309
-3.466,4.955,-0.001,0.941,0.001,-0.001,0.337,-0.614,-0.403,-11.930,-0.447,-8.981,-11.174,-7.932,-0.741,-0.339,0.008,0.127,-0.032,1.233,0.001,-0.004,-20.407,0.004,-15.479,-19.215,-13.402
-3.474,4.951,-0.001,0.939,0.002,-0.000,0.343,-0.614,-0.403,-12.134,-0.447,-9.136,-11.367,-8.067,-0.740,-0.351,0.009,0.126,-0.015,1.234,0.001,-0.001,-20.381,0.004,-15.550,-19.234,-13.504
-3.481,4.948,-0.000,0.937,0.002,-0.000,0.349,-0.614,-0.403,-12.338,-0.447,-9.292,-11.559,-8.202,-0.739,-0.363,0.008,0.117,0.004,1.232,0.001,0.002,-20.351,0.004,-15.621,-19.241,-13.613
-3.488,4.944,-0.000,0.935,0.003,-0.000,0.355,-0.614,-0.403,-12.541,-0.447,-9.448,-11.751,-8.339,-0.737,-0.375,0.007,0.102,0.022,1.226,0.001,0.005,-20.322,0.003,-15.691,-19.236,-13.724
-3.496,4.940,-0.000,0.933,0.003,0.000,0.360,-0.614,-0.403,-12.744,-0.447,-9.606,-11.944,-8.477,-0.734,-0.388,0.006,0.081,0.035,1.218,0.001,0.008,-20.307,0.002,-15.756,-19.218,-13.833
-3.503,4.936,-0.000,0.931,0.004,0.001,0.366,-0.614,-0.403,-12.947,-0.447,-9.764,-12.136,-8.616,-0.731,-0.400,0.004,0.055,0.044,1.206,0.001,0.010,-20.312,0.001,-15.814,-19.192,-13.939
-3.510,4.932,-0.000,0.928,0.004,0.001,0.371,-0.614,-0.403,-13.150,-0.447,-9.922,-12.328,-8.755,-0.727,-0.414,0.000,0.023,0.054,1.191,0.001,0.011,-20.325,0.001,-15.863,-19.170,-14.047
-3.518,4.928,-0.000,0.926,0.004,0.001,0.377,-0.614,-0.403,-13.354,-0.447,-10.081,-12.519,-8.896,-0.722,-0.427,-0.004,-0.014,0.062,1.174,0.001,0.011,-20.344,0.001,-15.906,-19.158,-14.150
-3.525,4.923,-0.000,0.924,0.003,0.001,0.382,-0.614,-0.403,-13.557,-0.447,-10.240,-12.711,-9.038,-0.717,-0.438,-0.008,-0.051,0.062,1.164,0.001,0.009,-20.378,0.001,-15.943,-19.158,-14.224
-3.532,4.919,-0.000,0.922,0.003,0.001,0.388,-0.614,-0.403,-13.761,-0.447,-10.400,-12.902,-9.181,-0.712,-0.448,-0.010,-0.082,0.052,1.158,0.001,0.007,-20.428,0.001,-15.973,-19.174,-14.261
-3.539,4.915,-0.001,0.920,0.002,0.001,0.393,-0.614,-0.402,-13.966,-0.447,-10.559,-13.094,-9.324,-0.707,-0.457,-0.011,-0.105,0.034,1.156,0.001,0.005,-20.490,0.001,-15.989,-19.205,-14.273
-3.546,4.910,-0.001,0.917,0.002,0.001,0.398,-0.614,-0.402,-14.171,-0.447,-10.719,-13.286,-9.466,-0.702,-0.465,-0.011,-0.118,0.010,1.156,0.001,0.004,-20.560,0.002,-15.989,-19.250,-14.266
-3.553,4.905,-0.001,0.915,0.001,0.001,0.404,-0.614,-0.402,-14.377,-0.447,-10.879,-13.479,-9.609,-0.696,-0.472,-0.009,-0.120,-0.018,1.157,0.001,0.002,-20.633,0.004,-15.973,-19.307,-14.249
-3.560,4.900,-0.001,0.913,0.001,0.001,0.409,-0.614,-0.402,-14.584,-0.447,-11.039,-13.673,-9.751,-0.690,-0.479,-0.007,-0.113,-0.045,1.158,0.001,-0.000,-20.703,0.005,-15.942,-19.375,-14.229
-3.567,4.896,-0.001,0.910,0.001,0.000,0.414,-0.614,-0.402,-14.791,-0.446,-11.198,-13.867,-9.893,-0.685,-0.486,-0.003,-0.104,-0.066,1.160,0.001,-0.002,-20.766,0.006,-15.904,-19.454,-14.210
-3.574,4.891,-0.001,0.908,0.000,-0.000,0.419,-0.614,-0.402,-14.999,-0.446,-11.357,-14.062,-10.035,-0.679,-0.493,-0.000,-0.093,-0.079,1.162,0.001,-0.004,-20.818,0.007,-15.861,-19.541,-14.201
-3.581,4.886,-0.001,0.905,-0.000,-0.001,0.425,-0.614,-0.402,-15.207,-0.446,-11.515,-14.258,-10.177,-0.674,-0.501,0.002,-0.081,-0.081,1.163,0.001,-0.005,-20.859,0.007,-15.817,-19.633,-14.208
-3.587,4.881,-0.001,0.903,-0.000,-0.001,0.430,-0.606,-0.401,-15.416,-0.444,-11.673,-14.454,-10.320,-0.669,-0.510,0.004,-0.070,-0.073,1.163,1.379,0.163,-20.900,0.355,-15.784,-19.735,-14.238
-3.594,4.876,-0.001,0.900,-0.000,-0.002,0.435,-0.591,-0.400,-15.625,-0.440,-11.831,-14.652,-10.462,-0.664,-0.520,0.005,-0.062,-0.058,1.159,1.474,0.178,-20.930,0.382,-15.757,-19.830,-14.288
-3.601,4.870,-0.001,0.898,-0.001,-0.002,0.440,-0.578,-0.398,-15.835,-0.437,-11.988,-14.851,-10.605,-0.659,-0.531,0.006,-0.055,-0.039,1.153,1.081,0.132,-20.955,0.282,-15.739,-19.914,-14.348
-3.607,4.865,-0.001,0.895,-0.001,-0.003,0.446,-0.569,-0.397,-16.045,-0.435,-12.146,-15.051,-10.749,-0.654,-0.541,0.006,-0.049,-0.020,1.147,0.623,0.076,-20.981,0.163,-15.732,-19.988,-14.405
-3.614,4.859,-0.001,0.893,-0.001,-0.003,0.451,-0.565,-0.397,-16.254,-0.434,-12.303,-15.251,-10.894,-0.649,-0.551,0.005,-0.043,-0.001,1.144,0.277,0.034,-21.012,0.072,-15.734,-20.053,-14.451
-3.620,4.854,-0.001,0.890,-0.001,-0.003,0.456,-0.563,-0.396,-16.465,-0.433,-12.460,-15.452,-11.038,-0.644,-0.560,0.005,-0.037,0.014,1.144,0.080,0.011,-21.047,0.021,-15.747,-20.110,-14.479
-3.627,4.848,-0.001,0.887,-0.001,-0.003,0.461,-0.563,-0.396,-16.675,-0.433,-12.618,-15.653,-11.183,-0.640,-0.569,0.005,-0.030,0.022,1.150,-0.011,-0.000,-21.090,-0.003,-15.775,-20.158,-14.478
-3.633,4.843,-0.000,0.885,-0.002,-0.003,0.466,-0.563,-0.396,-16.887,-0.433,-12.776,-15.855,-11.328,-0.635,-0.575,0.005,-0.022,0.021,1.161,-0.042,-0.006,-21.139,-0.014,-15.815,-20.197,-14.443
-3.639,4.837,-0.000,0.882,-0.002,-0.003,0.471,-0.564,-0.396,-17.098,-0.433,-12.934,-16.057,-11.472,-0.632,-0.581,0.007,-0.016,0.009,1.180,-0.043,-0.009,-21.201,-0.017,-15.833,-20.235,-14.372
-3.646,4.831,-0.000,0.879,-0.002,-0.003,0.476,-0.564,-0.396,-17.311,-0.433,-13.093,-16.259,-11.615,-0.628,-0.585,0.010,-0.014,-0.006,1.207,-0.033,-0.010,-21.278,-0.017,-15.829,-20.278,-14.272
-3.652,4.825,-0.000,0.876,-0.002,-0.003,0.482,-0.564,-0.397,-17.524,-0.434,-13.251,-16.462,-11.757,-0.626,-0.589,0.011,-0.006,-0.012,1.241,-0.022,-0.011,-21.387,-0.015,-15.826,-20.328,-14.148
-3.658,4.819,-0.000,0.873,-0.002,-0.003,0.487,-0.564,-0.397,-17.738,-0.434,-13.409,-16.666,-11.898,-0.622,-0.594,0.011,0.009,-0.010,1.275,-0.013,-0.009,-21.506,-0.012,-15.835,-20.379,-14.024
-3.664,4.813,-0.000,0.870,-0.002,-0.003,0.493,-0.565,-0.397,-17.954,-0.434,-13.568,-16.870,-12.037,-0.622,-0.597,0.005,0.078,0.030,1.331,-0.005,-0.002,-21.675,-0.007,-15.909,-20.466,-13.862
-3.670,4.807,0.000,0.867,-0.001,-0.002,0.499,-0.565,-0.397,-18.172,-0.434,-13.727,-17.075,-12.175,-0.618,-0.603,0.001,0.127,0.062,1.370,-0.000,0.004,-21.797,-0.003,-15.990,-20.530,-13.756
-3.677,4.801,-0.000,0.863,-0.001,-0.001,0.505,-0.565,-0.397,-18.390,-0.434,-13.888,-17.281,-12.313,-0.614,-0.611,-0.002,0.155,0.085,1.394,0.002,0.006,-21.884,-0.001,-16.066,-20.564,-13.709
-3.683,4.795,-0.000,0.860,-0.000,-0.001,0.511,-0.565,-0.397,-18.609,-0.434,-14.049,-17.486,-12.450,-0.604,-0.624,0.002,0.118,0.066,1.378,0.001,0.005,-21.850,-0.003,-16.119,-20.524,-13.774
-3.689,4.789,0.000,0.856,-0.000,-0.000,0.517,-0.565,-0.397,-18.827,-0.434,-14.210,-17.691,-12.588,-0.594,-0.636,0.005,0.074,0.047,1.355,0.000,0.005,-21.791,-0.004,-16.183,-20.457,-13.871
-3.695,4.782,0.000,0.853,-0.000,0.000,0.522,-0.565,-0.397,-19.045,-0.434,-14.372,-17.895,-12.727,-0.585,-0.648,0.004,0.056,0.049,1.343,0.000,0.006,-21.769,-0.004,-16.259,-20.399,-13.953
-3.700,4.776,0.000,0.849,-0.000,0.000,0.528,-0.565,-0.396,-19.262,-0.434,-14.535,-18.099,-12.867,-0.576,-0.659,0.000,0.051,0.063,1.334,0.001,0.007,-21.772,-0.003,-16.338,-20.343,-14.025
-3.706,4.769,0.000,0.846,0.000,0.001,0.534,-0.565,-0.396,-19.480,-0.434,-14.699,-18.302,-13.008,-0.567,-0.669,-0.004,0.050,0.075,1.324,0.001,0.009,-21.783,-0.001,-16.416,-20.285,-14.093
-3.712,4.762,0.000,0.842,0.000,0.001,0.539,-0.565,-0.396,-19.698,-0.434,-14.863,-18.505,-13.149,-0.556,-0.679,-0.008,0.048,0.073,1.307,0.002,0.011,-21.790,0.000,-16.486,-20.216,-14.171
-3.717,4.755,-0.000,0.839,0.000,0.002,0.545,-0.565,-0.396,-19.916,-0.434,-15.029,-18.706,-13.291,-0.544,-0.689,-0.009,0.041,0.050,1.281,0.002,0.011,-21.777,0.001,-16.543,-20.136,-14.268
-3.723,4.749,-0.000,0.835,0.000,0.002,0.550,-0.564,-0.396,-20.133,-0.434,-15.194,-18.907,-13.435,-0.531,-0.699,-0.008,0.030,0.014,1.251,0.002,0.010,-21.746,0.002,-16.585,-20.060,-14.377
-3.728,4.742,-0.000,0.832,0.000,0.002,0.555,-0.564,-0.396,-20.351,-0.434,-15.360,-19.108,-13.579,-0.518,-0.708,-0.009,0.017,-0.016,1.226,0.001,0.007,-21.716,0.002,-16.615,-20.010,-14.482
-3.733,4.734,-0.000,0.828,0.000,0.002,0.560,-0.564,-0.396,-20.568,-0.434,-15.527,-19.308,-13.724,-0.507,-0.716,-0.010,0.001,-0.032,1.206,0.000,0.004,-21.692,0.002,-16.634,-19.993,-14.582
-3.738,4.727,-0.000,0.825,0.000,0.002,0.565,-0.564,-0.396,-20.785,-0.434,-15.693,-19.508,-13.871,-0.496,-0.723,-0.013,-0.018,-0.041,1.193,-0.000,0.000,-21.679,0.001,-16.635,-20.007,-14.666
-3.743,4.720,-0.001,0.822,0.000,0.001,0.570,-0.564,-0.396,-21.001,-0.434,-15.859,-19.708,-14.018,-0.486,-0.729,-0.014,-0.033,-0.047,1.186,-0.001,-0.002,-21.674,0.001,-16.632,-20.044,-14.724
-3.748,4.713,-0.001,0.818,0.000,0.001,0.575,-0.564,-0.396,-21.218,-0.434,-16.026,-19.909,-14.165,-0.477,-0.734,-0.013,-0.041,-0.056,1.185,-0.001,-0.004,-21.675,0.001,-16.630,-20.096,-14.755
-3.752,4.705,-0.001,0.815,0.001,0.001,0.580,-0.564,-0.396,-21.435,-0.434,-16.192,-20.110,-14.313,-0.469,-0.737,-0.010,-0.046,-0.067,1.190,-0.001,-0.005,-21.684,0.001,-16.615,-20.161,-14.760
-3.757,4.698,-0.001,0.811,0.001,0.000,0.585,-0.564,-0.396,-21.652,-0.434,-16.358,-20.312,-14.460,-0.461,-0.741,-0.007,-0.048,-0.074,1.196,-0.001,-0.006,-21.698,0.001,-16.593,-20.236,-14.753
-3.762,4.690,-0.001,0.808,0.001,-0.000,0.589,-0.564,-0.396,-21.869,-0.434,-16.524,-20.515,-14.608,-0.453,-0.745,-0.004,-0.049,-0.072,1.203,-0.000,-0.005,-21.714,0.002,-16.570,-20.314,-14.749
-3.766,4.683,-0.001,0.804,0.001,-0.001,0.594,-0.564,-0.396,-22.086,-0.434,-16.689,-20.718,-14.755,-0.445,-0.750,-0.002,-0.045,-0.061,1.207,0.000,-0.005,-21.731,0.003,-16.548,-20.392,-14.751
-3.771,4.675,-0.001,0.801,0.001,-0.001,0.599,-0.564,-0.396,-22.304,-0.434,-16.855,-20.922,-14.903,-0.436,-0.755,-0.000,-0.038,-0.045,1.209,0.001,-0.004,-21.749,0.004,-16.529,-20.464,-14.762
-3.775,4.668,-0.001,0.797,0.001,-0.001,0.604,-0.564,-0.396,-22.521,-0.434,-17.020,-21.127,-15.050,-0.427,-0.761,0.001,-0.029,-0.030,1.209,0.001,-0.003,-21.764,0.006,-16.511,-20.523,-14.780
-3.779,4.660,-0.001,0.793,0.000,-0.001,0.609,-0.564,-0.396,-22.739,-0.434,-17.185,-21.333,-15.198,-0.418,-0.767,0.002,-0.019,-0.021,1.206,0.002,-0.003,-21.773,0.007,-16.491,-20.565,-14.805
-3.783,4.653,-0.001,0.790,0.000,-0.001,0.614,-0.564,-0.396,-22.957,-0.434,-17.350,-21.539,-15.346,-0.408,-0.773,0.004,-0.011,-0.021,1.202,0.002,-0.003,-21.773,0.008,-16.468,-20.594,-14.834
-3.787,4.645,-0.001,0.786,0.001,-0.002,0.618,-0.564,-0.396,-23.174,-0.434,-17.514,-21.745,-15.495,-0.399,-0.779,0.007,-0.003,-0.030,1.198,0.002,-0.004,-21.765,0.009,-16.442,-20.614,-14.861
-3.791,4.637,-0.001,0.782,0.001,-0.002,0.623,-0.564,-0.396,-23.392,-0.434,-17.678,-21.951,-15.644,-0.389,-0.785,0.009,0.003,-0.044,1.196,0.001,-0.006,-21.750,0.009,-16.413,-20.632,-14.882
-3.795,4.629,-0.001,0.778,0.001,-0.002,0.628,-0.564,-0.396,-23.609,-0.433,-17.842,-22.157,-15.793,-0.381,-0.790,0.011,0.008,-0.060,1.198,0.001,-0.007,-21.729,0.008,-16.381,-20.654,-14.896
-3.799,4.621,-0.001,0.775,0.001,-0.002,0.632,-0.564,-0.397,-23.826,-0.433,-18.006,-22.364,-15.942,-0.372,-0.796,0.013,0.013,-0.074,1.203,0.000,-0.009,-21.703,0.007,-16.347,-20.684,-14.906
-3.803,4.613,-0.000,0.771,0.001,-0.002,0.637,-0.564,-0.397,-24.043,-0.433,-18.169,-22.571,-16.091,-0.364,-0.801,0.014,0.016,-0.083,1.210,-0.000,-0.009,-21.673,0.005,-16.315,-20.722,-14.916
-3.806,4.605,-0.000,0.767,0.002,-0.003,0.642,-0.564,-0.397,-24.260,-0.433,-18.332,-22.779,-16.240,-0.356,-0.807,0.014,0.021,-0.082,1.219,-0.001,-0.009,-21.643,0.003,-16.288,-20.768,-14.929
-3.810,4.597,-0.000,0.763,0.002,-0.003,0.646,-0.564,-0.397,-24.476,-0.433,-18.495,-22.986,-16.389,-0.348,-0.813,0.013,0.028,-0.068,1.227,-0.001,-0.007,-21.617,0.001,-16.269,-20.820,-14.949
-3.813,4.589,-0.000,0.759,0.002,-0.003,0.651,-0.564,-0.397,-24.692,-0.433,-18.658,-23.195,-16.539,-0.340,-0.819,0.011,0.037,-0.040,1.235,-0.001,-0.004,-21.601,-0.002,-16.261,-20.872,-14.978
-3.816,4.581,0.000,0.755,0.002,-0.003,0.656,-0.564,-0.397,-24.908,-0.433,-18.820,-23.404,-16.689,-0.331,-0.826,0.007,0.047,-0.000,1.240,-0.001,-0.001,-21.596,-0.004,-16.265,-20.914,-15.018
-3.820,4.572,0.000,0.751,0.003,-0.003,0.660,-0.564,-0.397,-25.124,-0.433,-18.983,-23.613,-16.839,-0.321,-0.833,0.004,0.056,0.044,1.240,-0.001,0.003,-21.599,-0.006,-16.281,-20.936,-15.071
-3.823,4.564,0.000,0.747,0.003,-0.002,0.665,-0.564,-0.397,-25.340,-0.433,-19.146,-23.822,-16.990,-0.310,-0.840,0.001,0.060,0.086,1.234,-0.001,0.006,-21.606,-0.008,-16.322,-20.928,-15.130
-3.826,4.556,0.000,0.743,0.002,-0.002,0.670,-0.564,-0.397,-25.556,-0.433,-19.310,-24.032,-17.142,-0.298,-0.846,-0.001,0.056,0.119,1.224,-0.001,0.009,-21.616,-0.010,-16.396,-20.886,-15.185
-3.829,4.547,0.000,0.739,0.002,-0.001,0.674,-0.564,-0.397,-25.773,-0.434,-19.474,-24.240,-17.294,-0.286,-0.852,-0.003,0.045,0.143,1.213,-0.001,0.011,-21.633,-0.011,-16.488,-20.819,-15.228
-3.832,4.539,0.000,0.735,0.002,-0.000,0.679,-0.565,-0.397,-25.989,-0.434,-19.639,-24.448,-17.446,-0.274,-0.857,-0.004,0.027,0.157,1.204,-0.001,0.011,-21.668,-0.011,-16.580,-20.737,-15.246
-3.834,4.530,0.000,0.730,0.001,0.000,0.683,-0.565,-0.396,-26.206,-0.434,-19.806,-24.655,-17.599,-0.263,-0.861,-0.005,0.006,0.163,1.199,-0.001,0.011,-21.723,-0.011,-16.664,-20.649,-15.235
-3.837,4.521,-0.000,0.726,0.001,0.001,0.687,-0.565,-0.396,-26.424,-0.434,-19.973,-24.861,-17.751,-0.252,-0.864,-0.007,-0.016,0.158,1.196,-0.001,0.009,-21.798,-0.010,-16.737,-20.560,-15.194
-3.839,4.513,-0.000,0.722,0.000,0.001,0.692,-0.565,-0.396,-26.642,-0.434,-20.140,-25.066,-17.903,-0.242,-0.866,-0.008,-0.037,0.143,1.196,-0.001,0.008,-21.886,-0.009,-16.793,-20.475,-15.125
-3.842,4.504,-0.000,0.718,-0.001,0.002,0.696,-0.565,-0.396,-26.861,-0.434,-20.308,-25.270,-18.053,-0.232,-0.866,-0.007,-0.055,0.113,1.201,-0.001,0.006,-21.985,-0.008,-16.814,-20.403,-15.024
-3.844,4.495,-0.000,0.714,-0.001,0.002,0.700,-0.565,-0.396,-27.082,-0.434,-20.477,-25.474,-18.203,-0.224,-0.866,-0.006,-0.071,0.070,1.211,-0.001,0.004,-22.087,-0.007,-16.806,-20.348,-14.894
-3.846,4.487,-0.000,0.710,-0.001,0.002,0.705,-0.565,-0.396,-27.303,-0.434,-20.645,-25.677,-18.351,-0.216,-0.864,-0.003,-0.092,0.021,1.227,-0.001,0.002,-22.178,-0.005,-16.801,-20.313,-14.740
-3.848,4.478,-0.000,0.705,-0.002,0.001,0.709,-0.565,-0.396,-27.525,-0.434,-20.813,-25.881,-18.498,-0.208,-0.863,-0.001,-0.112,-0.023,1.245,-0.000,-0.001,-22.250,-0.002,-16.794,-20.307,-14.588
-3.850,4.469,-0.000,0.701,-0.002,0.001,0.713,-0.565,-0.396,-27.748,-0.434,-20.980,-26.084,-18.643,-0.200,-0.862,-0.001,-0.122,-0.055,1.264,-0.000,-0.003,-22.302,-0.000,-16.780,-20.340,-14.449
-3.852,4.461,-0.000,0.696,-0.002,0.000,0.718,-0.565,-0.396,-27.971,-0.434,-21.148,-26.287,-18.787,-0.193,-0.861,-0.002,-0.119,-0.068,1.288,0.000,-0.004,-22.353,0.002,-16.758,-20.411,-14.321
-3.854,4.452,-0.000,0.691,-0.002,-0.001,0.722,-0.565,-0.396,-28.195,-0.434,-21.316,-26.492,-18.930,-0.185,-0.862,-0.004,-0.105,-0.069,1.309,0.001,-0.004,-22.401,0.003,-16.728,-20.503,-14.219
-3.856,4.444,-0.000,0.687,-0.003,-0.001,0.727,-0.565,-0.396,-28.419,-0.434,-21.483,-26.698,-19.071,-0.176,-0.863,-0.006,-0.084,-0.065,1.323,0.001,-0.003,-22.441,0.004,-16.693,-20.599,-14.153
-3.858,4.435,-0.001,0.682,-0.003,-0.001,0.732,-0.565,-0.396,-28.644,-0.434,-21.650,-26.904,-19.212,-0.169,-0.864,-0.012,-0.015,-0.026,1.358,0.001,-0.002,-22.555,0.005,-16.714,-20.719,-14.055
-3.859,4.426,-0.001,0.677,-0.002,-0.002,0.736,-0.565,-0.396,-28.870,-0.434,-21.817,-27.112,-19.353,-0.156,-0.866,-0.009,-0.012,-0.037,1.346,0.001,-0.002,-22.550,0.005,-16.653,-20.777,-14.085
-3.861,4.418,-0.001,0.672,-0.002,-0.002,0.741,-0.565,-0.396,-29.095,-0.434,-21.983,-27.320,-19.494,-0.143,-0.868,-0.007,0.006,-0.042,1.341,0.001,-0.002,-22.551,0.005,-16.611,-20.825,-14.120
-3.862,4.409,-0.001,0.667,-0.002,-0.002,0.745,-0.565,-0.396,-29.321,-0.434,-22.149,-27.528,-19.635,-0.131,-0.870,-0.005,0.031,-0.045,1.338,0.001,-0.002,-22.550,0.004,-16.583,-20.863,-14.161
-3.863,4.400,-0.001,0.662,-0.002,-0.002,0.750,-0.565,-0.396,-29.546,-0.434,-22.315,-27.737,-19.777,-0.119,-0.872,-0.003,0.056,-0.050,1.337,0.000,-0.003,-22.539,0.004,-16.567,-20.892,-14.206
-3.865,4.392,-0.001,0.657,-0.001,-0.002,0.754,-0.565,-0.396,-29.772,-0.434,-22.480,-27.946,-19.920,-0.108,-0.874,-0.001,0.077,-0.058,1.337,0.000,-0.004,-22.514,0.003,-16.561,-20.913,-14.253
-3.866,4.383,-0.001,0.652,-0.001,-0.002,0.758,-0.565,-0.396,-29.996,-0.434,-22.646,-28.155,-20.062,-0.096,-0.875,0.002,0.090,-0.068,1.339,-0.000,-0.006,-22.472,0.003,-16.565,-20.929,-14.301
-3.867,4.374,-0.001,0.647,-0.000,-0.001,0.763,-0.565,-0.396,-30.221,-0.434,-22.812,-28.364,-20.206,-0.085,-0.877,0.004,0.095,-0.078,1.342,-0.000,-0.006,-22.413,0.004,-16.577,-20.945,-14.350
-3.867,4.365,-0.001,0.642,0.000,-0.001,0.767,-0.565,-0.397,-30.445,-0.434,-22.977,-28.574,-20.349,-0.073,-0.879,0.006,0.093,-0.085,1.345,0.000,-0.006,-22.343,0.004,-16.591,-20.964,-14.402
-3.868,4.356,-0.001,0.636,0.001,-0.001,0.771,-0.565,-0.397,-30.668,-0.434,-23.143,-28.784,-20.494,-0.062,-0.881,0.007,0.085,-0.086,1.348,0.001,-0.005,-22.268,0.005,-16.604,-20.990,-14.458
-3.869,4.348,-0.001,0.631,0.001,-0.001,0.776,-0.565,-0.397,-30.890,-0.434,-23.309,-28.994,-20.639,-0.050,-0.884,0.007,0.073,-0.077,1.349,0.001,-0.004,-22.194,0.006,-16.610,-21.020,-14.524
-3.869,4.339,-0.001,0.626,0.002,-0.001,0.780,-0.564,-0.397,-31.112,-0.434,-23.476,-29.204,-20.784,-0.037,-0.886,0.007,0.062,-0.059,1.347,0.002,-0.001,-22.127,0.007,-16.603,-21.053,-14.602
-3.869,4.330,-0.000,0.621,0.002,-0.001,0.784,-0.564,-0.397,-31.333,-0.434,-23.641,-29.415,-20.931,-0.024,-0.889,0.006,0.053,-0.033,1.340,0.002,0.001,-22.073,0.007,-16.582,-21.081,-14.695
-3.869,4.321,-0.000,0.615,0.002,-0.001,0.788,-0.564,-0.397,-31.553,-0.434,-23.807,-29.626,-21.078,-0.009,-0.892,0.005,0.043,-0.006,1.326,0.003,0.004,-22.024,0.008,-16.572,-21.090,-14.796
-3.870,4.312,-0.000,0.610,0.003,-0.001,0.792,-0.564,-0.397,-31.773,-0.433,-23.973,-29.837,-21.227,0.006,-0.894,0.005,0.029,0.014,1.304,0.003,0.007,-21.968,0.009,-16.581,-21.067,-14.909
-3.869,4.303,-0.000,0.605,0.003,-0.001,0.796,-0.564,-0.396,-31.992,-0.433,-24.139,-30.047,-21.376,0.023,-0.895,0.006,0.016,0.028,1.275,0.003,0.009,-21.902,0.009,-16.601,-21.014,-15.032
-3.869,4.294,-0.000,0.600,0.002,-0.001,0.800,-0.564,-0.396,-32.211,-0.433,-24.305,-30.257,-21.527,0.040,-0.897,0.007,0.009,0.039,1.244,0.003,0.010,-21.815,0.007,-16.632,-20.952,-15.162
-3.869,4.285,-0.000,0.595,0.002,-0.000,0.804,-0.564,-0.396,-32.429,-0.433,-24.471,-30.466,-21.679,0.056,-0.898,0.007,0.003,0.051,1.221,0.001,0.008,-21.754,0.003,-16.657,-20.889,-15.271
-3.868,4.276,-0.000,0.590,0.002,-0.000,0.807,-0.564,-0.396,-32.646,-0.433,-24.638,-30.675,-21.833,0.070,-0.899,0.006,0.004,0.055,1.207,-0.001,0.005,-21.717,-0.001,-16.672,-20.830,-15.341
-3.867,4.267,-0.000,0.585,0.002,-0.000,0.811,-0.564,-0.396,-32.863,-0.433,-24.805,-30.883,-21.986,0.086,-0.900,0.001,-0.032,0.083,1.189,-0.003,-0.000,-21.714,-0.006,-16.699,-20.779,-15.418
-3.866,4.258,-0.000,0.581,0.001,-0.000,0.814,-0.564,-0.396,-33.080,-0.433,-24.972,-31.090,-22.141,0.098,-0.901,-0.003,-0.062,0.100,1.179,-0.003,-0.003,-21.713,-0.008,-16.727,-20.739,-15.482
-3.865,4.249,-0.000,0.576,0.001,-0.000,0.818,-0.564,-0.396,-33.298,-0.433,-25.139,-31.297,-22.296,0.110,-0.900,-0.007,-0.089,0.111,1.176,-0.003,-0.004,-21.711,-0.008,-16.754,-20.713,-15.546
-3.864,4.240,-0.000,0.571,0.000,-0.000,0.821,-0.564,-0.396,-33.515,-0.434,-25.307,-31.504,-22.451,0.117,-0.897,-0.006,-0.032,0.051,1.180,-0.002,-0.001,-21.811,-0.008,-16.741,-20.648,-15.491
-3.863,4.231,-0.000,0.566,-0.000,-0.000,0.824,-0.564,-0.396,-33.734,-0.434,-25.474,-31.711,-22.606,0.126,-0.894,-0.006,0.010,0.002,1.183,-0.002,-0.001,-21.904,-0.008,-16.729,-20.609,-15.416
-3.862,4.222,-0.000,0.561,0.000,-0.000,0.828,-0.564,-0.396,-33.953,-0.434,-25.642,-31.917,-22.760,0.136,-0.891,-0.009,0.024,-0.023,1.185,-0.002,-0.000,-21.982,-0.008,-16.725,-20.598,-15.367
-3.860,4.213,-0.000,0.556,0.000,-0.000,0.831,-0.565,-0.396,-34.173,-0.434,-25.809,-32.123,-22.913,0.146,-0.888,-0.012,0.019,-0.030,1.187,-0.002,-0.001,-22.033,-0.009,-16.733,-20.617,-15.337
-3.859,4.205,-0.001,0.551,0.000,-0.000,0.834,-0.565,-0.396,-34.394,-0.434,-25.976,-32.329,-23.066,0.157,-0.885,-0.013,-0.003,-0.020,1.190,-0.002,-0.001,-22.063,-0.009,-16.750,-20.661,-15.316
-3.857,4.196,-0.001,0.546,0.000,-0.000,0.837,-0.565,-0.396,-34.615,-0.434,-26.144,-32.536,-23.219,0.166,-0.882,-0.012,-0.031,-0.006,1.197,-0.002,-0.001,-22.092,-0.009,-16.766,-20.718,-15.279
-3.855,4.187,-0.001,0.541,0.000,-0.000,0.841,-0.565,-0.396,-34.836,-0.434,-26.312,-32.743,-23.372,0.173,-0.879,-0.009,-0.050,-0.000,1.211,-0.002,-0.001,-22.134,-0.009,-16.772,-20.776,-15.208
-3.854,4.178,-0.001,0.536,0.000,-0.001,0.844,-0.565,-0.396,-35.057,-0.434,-26.479,-32.951,-23.524,0.180,-0.875,-0.006,-0.058,-0.002,1.226,-0.002,-0.001,-22.183,-0.008,-16.769,-20.828,-15.114
-3.852,4.169,-0.001,0.531,-0.000,-0.001,0.847,-0.565,-0.396,-35.279,-0.434,-26.647,-33.160,-23.674,0.187,-0.872,-0.002,-0.060,-0.004,1.240,-0.001,-0.001,-22.231,-0.006,-16.766,-20.873,-15.014
-3.850,4.161,-0.001,0.526,-0.000,-0.001,0.851,-0.565,-0.396,-35.502,-0.434,-26.815,-33.369,-23.824,0.194,-0.868,0.002,-0.059,-0.005,1.255,-0.001,-0.002,-22.273,-0.004,-16.781,-20.908,-14.907
-3.848,4.152,-0.001,0.520,-0.000,-0.001,0.854,-0.565,-0.396,-35.725,-0.434,-26.983,-33.578,-23.972,0.201,-0.865,0.005,-0.053,-0.002,1.274,-0.000,-0.003,-22.324,-0.001,-16.794,-20.941,-14.787
-3.846,4.143,-0.001,0.515,-0.000,-0.002,0.857,-0.565,-0.396,-35.948,-0.434,-27.151,-33.788,-24.119,0.208,-0.862,0.007,-0.043,0.002,1.298,0.000,-0.005,-22.385,0.001,-16.798,-20.971,-14.655
-3.844,4.135,-0.001,0.509,-0.001,-0.002,0.861,-0.565,-0.396,-36.172,-0.434,-27.318,-33.997,-24.265,0.215,-0.860,0.009,-0.033,-0.000,1.320,0.000,-0.006,-22.435,0.002,-16.792,-20.993,-14.527
-3.841,4.126,-0.001,0.504,-0.001,-0.002,0.864,-0.565,-0.397,-36.397,-0.434,-27.486,-34.207,-24.410,0.222,-0.858,0.011,-0.013,-0.006,1.345,0.001,-0.005,-22.477,0.003,-16.788,-21.016,-14.403
-3.839,4.118,-0.001,0.498,-0.001,-0.002,0.867,-0.565,-0.397,-36.622,-0.434,-27.654,-34.418,-24.553,0.227,-0.856,0.008,0.036,0.008,1.392,0.001,-0.000,-22.572,0.004,-16.836,-21.065,-14.226
-3.837,4.109,-0.000,0.491,-0.001,-0.002,0.871,-0.565,-0.397,-36.848,-0.434,-27.823,-34.629,-24.695,0.236,-0.854,0.007,0.056,0.006,1.420,0.002,0.003,-22.611,0.004,-16.882,-21.092,-14.110
-3.834,4.101,-0.000,0.485,-0.000,-0.001,0.874,-0.565,-0.396,-37.074,-0.434,-27.992,-34.840,-24.836,0.246,-0.852,0.006,0.058,-0.002,1.437,0.002,0.005,-22.616,0.004,-16.928,-21.109,-14.042
-3.832,4.092,-0.000,0.479,-0.000,-0.001,0.878,-0.168,-0.142,-37.301,0.016,-28.161,-35.049,-24.976,0.272,-0.832,0.009,-0.004,-0.031,1.273,71.303,48.846,-22.640,80.254,-16.843,-20.732,-14.208
-3.829,4.084,0.000,0.475,0.000,-0.002,0.880,0.441,0.327,-37.519,0.658,-28.329,-35.252,-25.123,0.368,-0.778,0.058,-0.058,-0.344,0.760,41.507,38.624,-20.815,38.565,-16.869,-19.896,-15.200
-3.825,4.077,0.001,0.473,0.003,-0.003,0.881,0.582,0.465,-37.715,0.818,-28.498,-35.446,-25.280,0.431,-0.726,0.104,0.061,-0.611,0.321,-12.407,-14.149,-18.666,-5.300,-16.921,-18.980,-16.014
-3.820,4.069,0.002,0.471,0.005,-0.004,0.882,0.250,0.082,-37.901,0.588,-28.668,-35.636,-25.441,0.423,-0.754,0.042,0.048,-0.256,0.461,-47.383,-54.637,-18.683,-36.619,-17.020,-19.112,-16.200
-3.816,4.062,0.002,0.469,0.005,-0.004,0.883,-0.158,-0.383,-38.088,0.221,-28.839,-35.828,-25.604,0.436,-0.763,-0.017,0.030,0.081,0.414,-25.851,-30.414,-18.767,-29.192,-17.086,-19.137,-16.619
-3.812,4.054,0.001,0.467,0.004,-0.003,0.884,-0.162,-0.455,-38.277,0.147,-29.010,-36.019,-25.773,0.459,-0.765,-0.074,-0.007,0.423,0.292,22.805,14.408,-18.850,14.035,-17.113,-19.088,-17.194
-3.807,4.046,0.000,0.466,0.002,-0.002,0.885,0.179,-0.168,-38.465,0.397,-29.181,-36.210,-25.948,0.469,-0.769,-0.114,0.044,0.690,0.269,35.221,34.653,-18.956,26.112,-17.152,-19.158,-17.526
-3.802,4.039,-0.001,0.465,-0.001,0.000,0.885,0.383,0.080,-38.654,0.539,-29.353,-36.401,-26.123,0.488,-0.738,-0.062,0.079,0.387,0.153,4.823,12.295,-18.584,3.082,-17.117,-18.682,-17.594
-3.797,4.032,-0.001,0.465,-0.001,-0.000,0.885,0.280,0.044,-38.835,0.455,-29.524,-36.580,-26.299,0.510,-0.665,0.044,-0.274,-0.176,-0.082,-22.196,-16.952,-17.557,-17.941,-17.213,-17.318,-17.483
-3.792,4.025,-0.000,0.466,-0.001,-0.002,0.885,0.039,-0.154,-39.008,0.241,-29.696,-36.750,-26.473,0.498,-0.663,0.063,-0.022,-0.356,-0.127,-20.734,-17.420,-17.214,-20.823,-17.245,-16.853,-17.370
-3.787,4.018,0.000,0.466,0.001,-0.002,0.885,-0.042,-0.219,-39.180,0.125,-29.869,-36.919,-26.646,0.479,-0.686,0.024,0.274,-0.191,-0.040,4.997,5.063,-17.340,-1.142,-17.313,-17.027,-17.264
-3.782,4.011,0.000,0.466,0.002,-0.001,0.885,0.105,-0.072,-39.354,0.204,-30.043,-37.090,-26.820,0.493,-0.696,-0.033,0.284,0.161,-0.087,20.124,20.936,-17.422,13.478,-17.397,-17.146,-17.596
-3.777,4.005,-0.000,0.467,0.001,0.001,0.884,0.265,0.119,-39.529,0.317,-30.218,-37.259,-26.997,0.527,-0.663,-0.035,0.029,0.219,-0.324,9.140,13.994,-17.470,6.720,-17.690,-16.525,-17.859
-3.772,3.998,-0.000,0.469,0.000,0.001,0.883,0.258,0.161,-39.704,0.313,-30.397,-37.420,-27.177,0.553,-0.622,-0.009,-0.163,0.115,-0.565,-9.494,-5.168,-17.402,-6.985,-18.114,-15.619,-17.990
-3.766,3.992,-0.000,0.472,-0.000,0.000,0.882,0.122,0.057,-39.875,0.203,-30.579,-37.574,-27.357,0.546,-0.620,0.011,-0.001,-0.068,-0.597,-14.551,-12.408,-16.928,-12.681,-18.181,-15.313,-18.109
-3.761,3.986,-0.000,0.474,0.001,0.000,0.881,0.032,-0.023,-40.044,0.111,-30.760,-37.727,-27.539,0.526,-0.639,0.010,0.100,-0.104,-0.508,-2.122,-2.146,-16.817,-4.423,-18.113,-15.464,-18.123
-3.756,3.979,-0.000,0.476,0.001,0.001,0.879,0.084,0.023,-40.212,0.128,-30.941,-37.884,-27.720,0.511,-0.656,0.003,0.065,-0.073,-0.415,10.482,9.934,-16.868,6.530,-18.061,-15.721,-18.089
-3.751,3.973,-0.000,0.478,0.001,0.000,0.878,0.189,0.134,-40.381,0.201,-31.122,-38.041,-27.901,0.515,-0.655,-0.004,-0.023,-0.030,-0.454,8.392,9.943,-16.929,6.254,-18.143,-15.706,-18.196
-3.746,3.966,-0.000,0.480,0.001,0.000,0.877,0.217,0.183,-40.551,0.225,-31.304,-38.197,-28.084,0.527,-0.646,-0.009,-0.094,0.010,-0.556,-2.729,-0.432,-17.000,-1.693,-18.263,-15.509,-18.375
-3.740,3.960,-0.000,0.483,0.001,-0.000,0.876,0.151,0.135,-40.721,0.175,-31.487,-38.352,-28.268,0.527,-0.648,-0.014,-0.104,0.034,-0.584,-8.738,-7.499,-17.064,-7.052,-18.279,-15.487,-18.490
-3.735,3.953,-0.000,0.485,0.001,-0.000,0.874,0.084,0.073,-40.891,0.114,-31.669,-38.508,-28.453,0.511,-0.666,-0.012,-0.030,0.004,-0.483,-3.581,-3.684,-16.911,-4.044,-18.165,-15.810,-18.436
-3.730,3.946,-0.001,0.487,0.001,-0.001,0.873,0.093,0.077,-41.059,0.109,-31.851,-38.668,-28.637,0.496,-0.681,-0.011,-0.001,-0.009,-0.391,4.721,4.052,-16.776,2.689,-18.121,-16.153,-18.351
-3.725,3.940,-0.001,0.489,0.001,-0.001,0.873,0.153,0.135,-41.227,0.150,-32.032,-38.830,-28.820,0.495,-0.686,-0.013,-0.025,0.009,-0.381,5.827,6.119,-16.695,4.362,-18.186,-16.321,-18.375
-3.720,3.933,-0.001,0.490,0.001,-0.001,0.872,0.184,0.174,-41.393,0.176,-32.214,-38.994,-29.005,0.500,-0.683,-0.014,-0.042,0.024,-0.427,0.133,1.244,-16.673,0.449,-18.298,-16.316,-18.476
-3.715,3.926,-0.001,0.492,0.000,-0.001,0.870,0.158,0.158,-41.560,0.158,-32.398,-39.157,-29.190,0.500,-0.683,-0.012,-0.027,0.028,-0.450,-4.576,-3.787,-16.710,-3.435,-18.373,-16.323,-18.537
-3.710,3.919,-0.001,0.494,0.000,-0.001,0.869,0.115,0.119,-41.728,0.123,-32.582,-39.321,-29.375,0.492,-0.690,-0.009,-0.000,0.028,-0.415,-3.120,-3.109,-16.768,-2.902,-18.380,-16.458,-18.507
-3.705,3.912,-0.001,0.496,0.000,-0.001,0.868,0.108,0.108,-41.896,0.112,-32.765,-39.486,-29.560,0.483,-0.698,-0.006,0.014,0.028,-0.366,1.563,0.839,-16.822,0.640,-18.367,-16.633,-18.439
-3.700,3.905,-0.001,0.497,-0.000,-0.001,0.868,0.136,0.131,-42.064,0.130,-32.949,-39.653,-29.744,0.479,-0.702,-0.003,0.011,0.028,-0.356,3.359,3.168,-16.845,2.444,-18.409,-16.719,-18.415
-3.696,3.898,-0.001,0.499,-0.000,-0.000,0.867,0.160,0.157,-42.232,0.149,-33.134,-39.820,-29.928,0.482,-0.700,0.001,0.003,0.028,-0.385,1.060,1.502,-16.826,1.015,-18.527,-16.691,-18.441
-3.691,3.891,-0.001,0.501,-0.000,-0.000,0.866,0.155,0.157,-42.401,0.147,-33.320,-39.987,-30.113,0.483,-0.699,0.004,0.000,0.026,-0.414,-1.832,-1.311,-16.791,-1.166,-18.657,-16.639,-18.464
-3.686,3.884,-0.001,0.503,-0.000,-0.000,0.865,0.133,0.138,-42.568,0.131,-33.507,-40.153,-30.297,0.480,-0.703,0.008,0.004,0.024,-0.411,-2.021,-1.861,-16.786,-1.638,-18.717,-16.654,-18.439
-3.681,3.877,-0.001,0.504,-0.000,-0.000,0.864,0.122,0.127,-42.736,0.121,-33.694,-40.320,-30.481,0.475,-0.709,0.010,0.007,0.019,-0.388,-0.038,-0.308,-16.816,-0.295,-18.703,-16.726,-18.378
-3.677,3.870,-0.001,0.506,-0.000,-0.000,0.863,0.131,0.134,-42.905,0.126,-33.881,-40.488,-30.665,0.471,-0.714,0.011,0.005,0.011,-0.373,1.526,1.351,-16.842,1.030,-18.686,-16.782,-18.325
-3.672,3.863,-0.001,0.508,-0.001,-0.000,0.862,0.146,0.148,-43.073,0.136,-34.068,-40.655,-30.848,0.471,-0.716,0.012,0.002,0.002,-0.383,1.074,1.198,-16.817,0.880,-18.726,-16.783,-18.308
-3.667,3.856,-0.001,0.509,-0.000,-0.000,0.861,0.149,0.154,-43.241,0.140,-34.255,-40.823,-31.031,0.472,-0.717,0.011,0.002,-0.007,-0.402,-0.299,-0.017,-16.760,-0.093,-18.795,-16.761,-18.316
-3.662,3.848,-0.001,0.511,-0.000,-0.000,0.860,0.141,0.148,-43.408,0.136,-34.444,-40.991,-31.214,0.471,-0.720,0.009,0.011,-0.014,-0.411,-1.052,-0.871,-16.715,-0.703,-18.854,-16.758,-18.323
-3.658,3.841,-0.000,0.513,-0.000,-0.000,0.859,0.134,0.141,-43.575,0.130,-34.632,-41.158,-31.398,0.468,-0.724,0.006,0.022,-0.019,-0.406,-0.449,-0.502,-16.712,-0.400,-18.871,-16.786,-18.326
-3.653,3.834,-0.000,0.514,-0.000,-0.000,0.858,0.133,0.139,-43.743,0.129,-34.821,-41.326,-31.581,0.464,-0.729,0.003,0.030,-0.023,-0.397,0.345,0.177,-16.729,0.171,-18.872,-16.827,-18.338
-3.648,3.827,-0.000,0.516,0.000,0.000,0.857,0.138,0.143,-43.910,0.132,-35.010,-41.495,-31.764,0.462,-0.732,-0.001,0.034,-0.026,-0.396,0.544,0.502,-16.740,0.384,-18.887,-16.859,-18.375
-3.644,3.819,-0.000,0.518,0.000,0.000,0.855,0.142,0.147,-44.077,0.135,-35.199,-41.664,-31.948,0.461,-0.734,-0.005,0.035,-0.027,-0.401,0.170,0.236,-16.738,0.175,-18.924,-16.877,-18.437
-3.639,3.812,-0.000,0.520,0.000,0.000,0.854,0.142,0.148,-44.245,0.135,-35.388,-41.832,-32.133,0.459,-0.737,-0.008,0.035,-0.026,-0.406,-0.157,-0.052,-16.741,-0.027,-18.965,-16.890,-18.513
-3.635,3.805,-0.001,0.521,0.001,0.000,0.853,0.140,0.147,-44.412,0.135,-35.578,-42.001,-32.319,0.457,-0.739,-0.009,0.034,-0.021,-0.408,-0.199,-0.127,-16.759,-0.116,-18.999,-16.903,-18.594
-3.630,3.797,-0.001,0.523,0.001,0.000,0.852,0.139,0.146,-44.580,0.134,-35.768,-42.171,-32.505,0.454,-0.742,-0.008,0.029,-0.016,-0.408,-0.071,-0.050,-16.790,-0.054,-19.021,-16.913,-18.675
-3.626,3.790,-0.001,0.525,0.001,0.000,0.851,0.138,0.146,-44.748,0.133,-35.958,-42.340,-32.692,0.451,-0.744,-0.005,0.020,-0.010,-0.408,0.002,-0.014,-16.825,-0.019,-19.030,-16.916,-18.752
-3.621,3.782,-0.001,0.527,0.001,0.001,0.850,0.138,0.146,-44.916,0.133,-36.149,-42.509,-32.880,0.448,-0.746,-0.002,0.009,-0.004,-0.408,0.027,0.000,-16.864,-0.005,-19.027,-16.909,-18.821
-3.617,3.775,-0.001,0.528,0.001,0.001,0.849,0.139,0.146,-45.085,0.133,-36.339,-42.678,-33.069,0.445,-0.748,0.000,-0.003,0.002,-0.408,0.024,0.005,-16.904,-0.001,-19.012,-16.893,-18.880
-3.612,3.767,-0.001,0.530,0.001,0.000,0.848,0.139,0.146,-45.255,0.133,-36.529,-42.847,-33.258,0.442,-0.750,0.003,-0.014,0.008,-0.408,0.014,0.006,-16.946,-0.001,-18.986,-16.869,-18.927
-3.608,3.760,-0.001,0.532,0.001,0.000,0.847,0.139,0.146,-45.424,0.133,-36.719,-43.015,-33.447,0.440,-0.753,0.005,-0.023,0.013,-0.409,0.005,0.005,-16.988,-0.003,-18.953,-16.840,-18.963
-3.603,3.752,-0.001,0.533,0.001,0.000,0.846,0.139,0.146,-45.594,0.133,-36.908,-43.183,-33.637,0.437,-0.755,0.007,-0.026,0.014,-0.411,-0.001,0.003,-17.026,-0.004,-18.919,-16.807,-18.988
-3.599,3.745,-0.001,0.535,0.001,0.000,0.845,0.139,0.146,-45.765,0.133,-37.097,-43.351,-33.827,0.435,-0.757,0.008,-0.025,0.013,-0.413,-0.003,0.002,-17.064,-0.005,-18.886,-16.773,-19.005
-3.595,3.737,-0.000,0.537,0.000,0.000,0.844,0.139,0.146,-45.936,0.133,-37.286,-43.519,-34.017,0.432,-0.760,0.007,-0.019,0.012,-0.415,-0.003,0.001,-17.099,-0.006,-18.858,-16.747,-19.015
-3.590,3.730,-0.000,0.539,0.000,0.000,0.843,0.139,0.146,-46.107,0.133,-37.474,-43.686,-34.207,0.429,-0.762,0.006,-0.013,0.011,-0.416,-0.002,0.001,-17.133,-0.006,-18.837,-16.730,-19.022
-3.586,3.722,-0.000,0.540,0.000,0.000,0.841,0.139,0.146,-46.278,0.133,-37.663,-43.854,-34.397,0.427,-0.765,0.003,-0.007,0.011,-0.415,-0.001,0.001,-17.165,-0.006,-18.827,-16.725,-19.029
-3.582,3.714,-0.000,0.542,0.000,0.000,0.840,0.139,0.146,-46.450,0.133,-37.851,-44.021,-34.588,0.424,-0.768,-0.000,-0.000,0.011,-0.414,-0.001,0.001,-17.197,-0.006,-18.830,-16.728,-19.036
-3.578,3.707,-0.000,0.544,0.000,0.000,0.839,0.139,0.146,-46.622,0.133,-38.039,-44.188,-34.778,0.421,-0.771,-0.004,0.006,0.010,-0.414,-0.001,0.001,-17.224,-0.006,-18.848,-16.740,-19.046
-3.573,3.699,-0.000,0.546,0.000,0.000,0.838,0.139,0.146,-46.795,0.133,-38.228,-44.356,-34.969,0.418,-0.773,-0.008,0.010,0.010,-0.414,-0.001,0.002,-17.248,-0.006,-18.881,-16.759,-19.058
-3.569,3.691,-0.001,0.547,0.000,0.000,0.837,0.139,0.146,-46.967,0.133,-38.417,-44.523,-35.159,0.415,-0.775,-0.011,0.009,0.011,-0.413,-0.001,0.002,-17.270,-0.006,-18.926,-16.787,-19.073
-3.565,3.683,-0.001,0.549,0.000,0.000,0.836,0.139,0.146,-47.140,0.133,-38.606,-44.691,-35.350,0.411,-0.777,-0.013,0.003,0.014,-0.413,-0.001,0.002,-17.290,-0.006,-18.981,-16.821,-19.087
-3.561,3.676,-0.001,0.551,0.000,0.000,0.835,0.139,0.146,-47.313,0.133,-38.796,-44.860,-35.541,0.408,-0.778,-0.012,-0.006,0.017,-0.412,-0.001,0.003,-17.309,-0.007,-19.040,-16.859,-19.095
-3.557,3.668,-0.001,0.553,-0.000,0.001,0.833,0.139,0.146,-47.486,0.132,-38.987,-45.029,-35.732,0.405,-0.779,-0.011,-0.015,0.018,-0.412,-0.001,0.003,-17.327,-0.007,-19.099,-16.898,-19.093
-3.553,3.660,-0.001,0.554,-0.000,0.000,0.832,0.139,0.146,-47.659,0.132,-39.178,-45.198,-35.923,0.401,-0.781,-0.008,-0.025,0.018,-0.411,-0.000,0.003,-17.343,-0.007,-19.153,-16.938,-19.079
-3.549,3.652,-0.001,0.556,-0.000,0.000,0.831,0.139,0.146,-47.833,0.132,-39.370,-45.367,-36.113,0.398,-0.782,-0.005,-0.035,0.018,-0.411,-0.000,0.003,-17.358,-0.007,-19.200,-16.978,-19.054
-3.545,3.644,-0.001,0.558,-0.001,0.000,0.830,0.139,0.146,-48.007,0.132,-39.562,-45.537,-36.304,0.394,-0.783,-0.002,-0.044,0.019,-0.411,-0.000,0.003,-17.371,-0.006,-19.241,-17.016,-19.019
-3.541,3.636,-0.001,0.559,-0.001,0.000,0.829,0.139,0.146,-48.180,0.132,-39.755,-45.708,-36.494,0.391,-0.785,0.001,-0.051,0.019,-0.411,0.000,0.004,-17.382,-0.006,-19.271,-17.053,-18.973
-3.537,3.629,-0.001,0.561,-0.001,-0.000,0.828,0.139,0.146,-48.354,0.132,-39.948,-45.878,-36.683,0.388,-0.787,0.004,-0.052,0.018,-0.412,0.000,0.004,-17.389,-0.006,-19.293,-17.086,-18.921
-3.533,3.621,-0.001,0.563,-0.001,-0.000,0.827,0.139,0.146,-48.528,0.132,-40.141,-46.049,-36.872,0.385,-0.789,0.007,-0.046,0.014,-0.412,0.000,0.004,-17.391,-0.005,-19.306,-17.114,-18.865
-3.529,3.613,-0.001,0.565,-0.001,-0.000,0.825,0.139,0.146,-48.702,0.132,-40.334,-46.221,-37.061,0.382,-0.791,0.009,-0.034,0.008,-0.413,0.000,0.004,-17.385,-0.004,-19.311,-17.137,-18.810
-3.526,3.605,-0.001,0.566,-0.001,-0.000,0.824,0.139,0.146,-48.876,0.132,-40.527,-46.392,-37.248,0.379,-0.793,0.010,-0.017,-0.001,-0.413,0.001,0.004,-17.370,-0.003,-19.313,-17.156,-18.762
-3.522,3.597,-0.001,0.568,-0.001,-0.000,0.823,0.139,0.146,-49.049,0.132,-40.720,-46.564,-37.436,0.376,-0.795,0.010,0.005,-0.011,-0.413,0.001,0.004,-17.346,-0.002,-19.312,-17.170,-18.726
-3.518,3.589,-0.001,0.570,-0.001,-0.000,0.822,0.139,0.146,-49.223,0.132,-40.913,-46.735,-37.623,0.373,-0.798,0.009,0.027,-0.022,-0.414,0.001,0.004,-17.313,-0.000,-19.313,-17.181,-18.706
-3.514,3.581,-0.001,0.571,-0.001,-0.000,0.821,0.139,0.146,-49.396,0.132,-41.106,-46.907,-37.810,0.370,-0.800,0.007,0.048,-0.034,-0.414,0.001,0.004,-17.274,0.001,-19.315,-17.190,-18.705
-3.511,3.573,-0.001,0.573,-0.001,-0.000,0.820,0.139,0.146,-49.568,0.132,-41.300,-47.079,-37.997,0.367,-0.802,0.004,0.064,-0.045,-0.414,0.001,0.005,-17.229,0.003,-19.320,-17.198,-18.726
-3.507,3.565,-0.001,0.575,-0.000,-0.000,0.818,0.139,0.146,-49.740,0.132,-41.493,-47.251,-38.185,0.364,-0.805,0.002,0.074,-0.054,-0.414,0.001,0.004,-17.184,0.004,-19.328,-17.207,-18.767
-3.503,3.557,-0.001,0.576,0.000,0.000,0.817,0.139,0.146,-49.912,0.132,-41.686,-47.423,-38.373,0.361,-0.807,-0.001,0.076,-0.061,-0.414,0.001,0.004,-17.141,0.005,-19.337,-17.218,-18.826
-3.500,3.549,-0.001,0.578,0.001,0.000,0.816,0.139,0.147,-50.083,0.132,-41.880,-47.596,-38.561,0.358,-0.809,-0.003,0.069,-0.065,-0.415,0.001,0.003,-17.103,0.005,-19.344,-17.231,-18.901
-3.496,3.541,-0.001,0.580,0.001,0.000,0.815,0.139,0.147,-50.254,0.132,-42.073,-47.768,-38.751,0.355,-0.811,-0.005,0.054,-0.067,-0.415,0.001,0.003,-17.074,0.005,-19.346,-17.246,-18.986
-3.493,3.533,-0.001,0.581,0.001,0.000,0.814,0.139,0.147,-50.425,0.132,-42.266,-47.941,-38.941,0.352,-0.813,-0.004,0.033,-0.064,-0.415,0.000,0.002,-17.056,0.005,-19.340,-17.263,-19.076
-3.489,3.524,-0.001,0.583,0.002,0.000,0.812,0.139,0.147,-50.595,0.132,-42.460,-48.113,-39.132,0.349,-0.814,-0.003,0.010,-0.056,-0.415,0.000,0.001,-17.049,0.005,-19.323,-17.280,-19.163
-3.486,3.516,-0.001,0.585,0.002,-0.000,0.811,0.139,0.147,-50.766,0.132,-42.653,-48.286,-39.324,0.346,-0.816,-0.001,-0.011,-0.042,-0.415,0.000,-0.000,-17.056,0.005,-19.296,-17.295,-19.243
-3.482,3.508,-0.001,0.587,0.002,-0.000,0.810,0.139,0.147,-50.936,0.132,-42.846,-48.459,-39.517,0.343,-0.818,0.001,-0.029,-0.024,-0.416,-0.000,-0.001,-17.075,0.004,-19.258,-17.306,-19.310
-3.479,3.500,-0.001,0.588,0.002,-0.000,0.809,0.139,0.147,-51.107,0.132,-43.038,-48.632,-39.710,0.339,-0.820,0.003,-0.044,-0.006,-0.416,-0.000,-0.002,-17.105,0.003,-19.215,-17.310,-19.361
-3.475,3.492,-0.001,0.590,0.002,-0.001,0.807,0.139,0.147,-51.278,0.132,-43.230,-48.805,-39.904,0.336,-0.822,0.004,-0.051,0.013,-0.417,-0.000,-0.002,-17.145,0.002,-19.168,-17.304,-19.394
-3.472,3.484,-0.001,0.592,0.002,-0.001,0.806,0.139,0.147,-51.450,0.132,-43.421,-48.978,-40.098,0.333,-0.824,0.004,-0.051,0.031,-0.417,-0.001,-0.003,-17.193,0.001,-19.126,-17.289,-19.410
-3.469,3.475,-0.001,0.593,0.001,-0.001,0.805,0.139,0.146,-51.622,0.132,-43.612,-49.151,-40.292,0.330,-0.826,0.005,-0.042,0.046,-0.418,-0.001,-0.003,-17.245,0.000,-19.091,-17.264,-19.413
-3.466,3.467,-0.000,0.595,0.001,-0.001,0.804,0.139,0.146,-51.795,0.132,-43.803,-49.324,-40.486,0.326,-0.828,0.004,-0.027,0.057,-0.419,-0.001,-0.003,-17.296,-0.001,-19.068,-17.231,-19.405
-3.462,3.459,-0.000,0.597,0.001,-0.001,0.803,0.139,0.146,-51.968,0.132,-43.994,-49.496,-40.680,0.323,-0.830,0.003,-0.006,0.064,-0.419,-0.001,-0.003,-17.346,-0.001,-19.060,-17.192,-19.391
-3.459,3.450,-0.000,0.598,0.000,-0.000,0.801,0.139,0.146,-52.142,0.132,-44.185,-49.667,-40.874,0.320,-0.832,0.001,0.016,0.067,-0.419,-0.001,-0.003,-17.393,-0.002,-19.068,-17.149,-19.374
-3.456,3.442,-0.000,0.600,0.000,-0.000,0.800,0.139,0.146,-52.316,0.132,-44.375,-49.839,-41.068,0.316,-0.833,-0.001,0.036,0.065,-0.418,-0.001,-0.002,-17.434,-0.002,-19.092,-17.104,-19.358
-3.453,3.434,-0.000,0.602,0.000,0.000,0.799,0.139,0.146,-52.490,0.132,-44.566,-50.009,-41.261,0.313,-0.835,-0.004,0.051,0.060,-0.418,-0.001,-0.002,-17.467,-0.003,-19.132,-17.061,-19.344
-3.450,3.425,-0.001,0.603,0.000,0.001,0.797,0.139,0.146,-52.665,0.132,-44.758,-50.180,-41.455,0.309,-0.836,-0.006,0.059,0.054,-0.417,-0.001,-0.001,-17.492,-0.003,-19.185,-17.022,-19.334
-3.447,3.417,-0.001,0.605,0.000,0.001,0.796,0.139,0.146,-52.840,0.132,-44.950,-50.350,-41.648,0.306,-0.837,-0.008,0.057,0.046,-0.416,-0.001,-0.001,-17.511,-0.003,-19.249,-16.991,-19.326
-3.444,3.409,-0.001,0.607,0.000,0.001,0.795,0.139,0.146,-53.015,0.132,-45.143,-50.520,-41.841,0.302,-0.837,-0.009,0.043,0.040,-0.416,-0.001,-0.001,-17.523,-0.004,-19.318,-16.970,-19.318
-3.441,3.400,-0.001,0.608,-0.000,0.002,0.794,0.139,0.146,-53.191,0.132,-45.337,-50.689,-42.034,0.298,-0.838,-0.008,0.021,0.035,-0.415,-0.001,-0.000,-17.533,-0.004,-19.387,-16.960,-19.307
-3.438,3.392,-0.001,0.610,-0.000,0.002,0.792,0.139,0.146,-53.366,0.132,-45.531,-50.859,-42.227,0.295,-0.839,-0.007,-0.007,0.029,-0.415,-0.001,-0.000,-17.540,-0.005,-19.450,-16.960,-19.286
-3.435,3.383,-0.001,0.612,-0.000,0.002,0.791,0.139,0.146,-53.542,0.132,-45.725,-51.029,-42.420,0.291,-0.839,-0.005,-0.034,0.022,-0.416,-0.001,-0.000,-17.547,-0.005,-19.501,-16.971,-19.254
-3.432,3.375,-0.001,0.613,-0.001,0.002,0.790,0.139,0.146,-53.717,0.132,-45.921,-51.198,-42.612,0.287,-0.840,-0.003,-0.058,0.016,-0.416,-0.001,0.000,-17.556,-0.005,-19.539,-16.992,-19.209
-3.429,3.367,-0.001,0.615,-0.001,0.001,0.789,0.139,0.146,-53.893,0.132,-46.116,-51.368,-42.804,0.284,-0.841,-0.001,-0.079,0.011,-0.416,-0.000,0.001,-17.568,-0.006,-19.563,-17.024,-19.156
-3.426,3.358,-0.001,0.617,-0.001,0.001,0.787,0.139,0.146,-54.068,0.132,-46.312,-51.539,-42.995,0.280,-0.842,0.001,-0.093,0.007,-0.417,-0.000,0.001,-17.583,-0.005,-19.573,-17.064,-19.094
-3.423,3.350,-0.001,0.618,-0.001,0.001,0.786,0.139,0.146,-54.244,0.132,-46.508,-51.710,-43.186,0.276,-0.843,0.002,-0.096,0.003,-0.418,-0.000,0.001,-17.598,-0.005,-19.572,-17.109,-19.030
-3.421,3.341,-0.001,0.620,-0.002,0.000,0.785,0.139,0.146,-54.420,0.132,-46.703,-51.881,-43.376,0.273,-0.844,0.003,-0.089,-0.001,-0.418,-0.000,0.002,-17.611,-0.004,-19.561,-17.155,-18.966
-3.418,3.333,-0.001,0.621,-0.002,-0.000,0.784,0.040,0.065,-54.596,0.062,-46.898,-52.051,-43.563,0.255,-0.831,0.004,-0.056,-0.018,-0.353,-15.936,-13.719,-17.469,-11.853,-19.242,-16.952,-18.428
-3.416,3.325,-0.001,0.622,-0.002,-0.000,0.783,-0.095,-0.062,-54.770,-0.052,-47.087,-52.221,-43.744,0.217,-0.829,0.007,-0.007,-0.033,-0.168,-8.490,-9.152,-17.441,-8.468,-18.520,-17.016,-17.763
-3.414,3.316,-0.001,0.623,-0.002,-0.000,0.783,-0.097,-0.087,-54.945,-0.067,-47.267,-52.392,-43.918,0.181,-0.825,0.010,0.031,-0.051,0.012,7.197,3.738,-17.445,5.144,-17.650,-17.114,-17.102
-3.412,3.308,-0.001,0.622,-0.001,-0.000,0.783,0.010,-0.012,-55.119,0.021,-47.441,-52.563,-44.087,0.172,-0.815,0.007,0.008,-0.061,0.065,11.455,9.282,-17.298,10.091,-17.053,-17.084,-16.675
-3.410,3.300,-0.001,0.622,-0.001,-0.001,0.783,0.080,0.053,-55.290,0.089,-47.610,-52.732,-44.253,0.187,-0.798,0.006,-0.027,-0.083,-0.016,1.581,2.413,-16.860,2.429,-16.800,-16.784,-16.534
-3.408,3.292,-0.001,0.623,-0.001,-0.001,0.783,0.039,0.027,-55.456,0.064,-47.777,-52.898,-44.418,0.197,-0.783,0.005,-0.002,-0.083,-0.087,-8.218,-6.582,-16.372,-6.395,-16.680,-16.438,-16.435
-3.406,3.285,-0.000,0.623,-0.000,-0.001,0.782,-0.044,-0.045,-55.618,-0.009,-47.943,-53.062,-44.581,0.185,-0.774,0.001,0.066,-0.063,-0.044,-6.567,-6.125,-16.117,-6.513,-16.436,-16.282,-16.162
-3.404,3.277,-0.000,0.623,0.000,-0.001,0.782,-0.065,-0.071,-55.779,-0.039,-48.105,-53.225,-44.741,0.165,-0.766,-0.001,0.110,-0.052,0.052,2.288,1.025,-16.065,0.770,-15.989,-16.228,-15.775
-3.403,3.269,-0.001,0.623,0.001,-0.001,0.783,-0.012,-0.032,-55.939,-0.001,-48.263,-53.386,-44.897,0.157,-0.756,-0.002,0.104,-0.051,0.091,6.812,5.684,-15.942,5.490,-15.615,-16.096,-15.492
-3.401,3.262,-0.001,0.622,0.001,-0.000,0.783,0.039,0.016,-56.097,0.043,-48.418,-53.546,-45.051,0.165,-0.743,-0.002,0.072,-0.057,0.043,2.595,3.068,-15.572,2.603,-15.449,-15.812,-15.405
-3.400,3.254,-0.001,0.622,0.001,-0.000,0.783,0.031,0.018,-56.250,0.041,-48.572,-53.702,-45.205,0.174,-0.731,-0.002,0.050,-0.058,-0.018,-3.703,-2.459,-15.119,-2.763,-15.363,-15.489,-15.376
-3.398,3.247,-0.001,0.622,0.002,-0.000,0.783,-0.015,-0.018,-56.400,0.002,-48.725,-53.856,-45.358,0.172,-0.721,-0.001,0.045,-0.052,-0.021,-4.448,-3.770,-14.827,-4.128,-15.187,-15.268,-15.251
-3.396,3.240,-0.001,0.622,0.002,-0.000,0.783,-0.038,-0.041,-56.547,-0.024,-48.875,-54.008,-45.510,0.161,-0.713,-0.001,0.032,-0.048,0.023,0.024,-0.568,-14.716,-0.698,-14.895,-15.140,-15.015
-3.395,3.233,-0.001,0.622,0.002,-0.000,0.783,-0.018,-0.028,-56.694,-0.012,-49.023,-54.159,-45.659,0.154,-0.704,0.001,0.005,-0.043,0.050,3.485,2.775,-14.613,2.625,-14.621,-15.000,-14.792
-3.393,3.226,-0.001,0.622,0.003,-0.001,0.783,0.014,0.001,-56.839,0.015,-49.168,-54.308,-45.806,0.156,-0.694,0.001,-0.024,-0.034,0.030,2.250,2.303,-14.392,2.065,-14.434,-14.791,-14.666
-3.391,3.219,-0.001,0.622,0.003,-0.001,0.783,0.019,0.009,-56.982,0.022,-49.312,-54.454,-45.952,0.161,-0.685,0.002,-0.043,-0.022,-0.004,-1.194,-0.531,-14.117,-0.561,-14.277,-14.559,-14.582
-3.390,3.212,-0.001,0.622,0.002,-0.001,0.783,-0.002,-0.005,-57.122,0.007,-49.454,-54.599,-46.097,0.160,-0.677,0.002,-0.048,-0.008,-0.013,-2.444,-1.918,-13.911,-2.057,-14.086,-14.367,-14.454
-3.388,3.205,-0.001,0.622,0.002,-0.001,0.783,-0.019,-0.020,-57.260,-0.010,-49.593,-54.742,-46.241,0.155,-0.669,0.002,-0.045,0.006,0.004,-0.732,-0.796,-13.797,-0.940,-13.867,-14.221,-14.261
-3.387,3.199,-0.000,0.622,0.002,-0.001,0.783,-0.015,-0.018,-57.398,-0.009,-49.731,-54.884,-46.383,0.150,-0.662,0.002,-0.043,0.020,0.020,1.315,0.986,-13.705,0.834,-13.661,-14.075,-14.055
-3.385,3.192,-0.000,0.622,0.002,-0.001,0.783,0.000,-0.005,-57.534,0.002,-49.867,-55.023,-46.522,0.149,-0.654,0.002,-0.042,0.033,0.017,1.396,1.297,-13.577,1.136,-13.487,-13.901,-13.886
-3.384,3.186,-0.000,0.622,0.002,-0.002,0.783,0.007,0.003,-57.669,0.009,-50.001,-55.161,-46.660,0.150,-0.646,0.001,-0.036,0.045,0.004,0.023,0.262,-13.424,0.148,-13.330,-13.706,-13.746
-3.382,3.179,-0.000,0.622,0.001,-0.001,0.783,0.001,-0.000,-57.803,0.004,-50.133,-55.298,-46.797,0.149,-0.639,0.001,-0.024,0.054,-0.003,-1.055,-0.753,-13.285,-0.866,-13.173,-13.518,-13.599
-3.381,3.173,-0.000,0.622,0.001,-0.001,0.783,-0.008,-0.008,-57.935,-0.004,-50.264,-55.432,-46.932,0.147,-0.632,0.000,-0.008,0.059,0.001,-0.692,-0.622,-13.172,-0.708,-13.020,-13.348,-13.430
-3.379,3.167,-0.000,0.622,0.001,-0.001,0.783,-0.011,-0.011,-58.066,-0.008,-50.394,-55.565,-47.066,0.144,-0.626,-0.001,0.008,0.061,0.008,0.216,0.027,-13.070,0.020,-12.880,-13.185,-13.252
-3.378,3.160,-0.000,0.622,0.001,-0.001,0.783,-0.006,-0.008,-58.196,-0.005,-50.522,-55.696,-47.197,0.142,-0.619,-0.001,0.021,0.061,0.011,0.616,0.474,-12.961,0.442,-12.754,-13.017,-13.088
-3.376,3.154,-0.000,0.622,0.000,-0.001,0.783,-0.001,-0.004,-58.325,-0.001,-50.649,-55.825,-47.328,0.141,-0.612,-0.002,0.031,0.059,0.009,0.252,0.265,-12.846,0.232,-12.639,-12.845,-12.941
-3.375,3.148,-0.001,0.622,0.000,-0.000,0.783,-0.001,-0.003,-58.453,-0.000,-50.775,-55.952,-47.456,0.140,-0.606,-0.003,0.040,0.056,0.006,-0.136,-0.025,-12.731,-0.033,-12.535,-12.674,-12.804
-3.374,3.142,-0.001,0.622,0.000,0.000,0.783,-0.003,-0.004,-58.580,-0.002,-50.900,-56.078,-47.584,0.139,-0.599,-0.003,0.046,0.052,0.005,-0.238,-0.140,-12.619,-0.173,-12.436,-12.513,-12.671
-3.372,3.136,-0.001,0.622,0.000,0.000,0.783,-0.005,-0.005,-58.706,-0.003,-51.023,-56.203,-47.710,0.137,-0.593,-0.004,0.048,0.048,0.006,-0.092,-0.057,-12.509,-0.091,-12.345,-12.363,-12.542
-3.371,3.130,-0.001,0.622,0.000,0.001,0.783,-0.005,-0.005,-58.830,-0.004,-51.146,-56.326,-47.834,0.136,-0.588,-0.004,0.046,0.043,0.007,0.004,-0.015,-12.402,-0.032,-12.257,-12.222,-12.417
-3.370,3.124,-0.001,0.622,0.000,0.001,0.783,-0.005,-0.005,-58.954,-0.004,-51.269,-56.447,-47.958,0.134,-0.582,-0.004,0.040,0.039,0.008,0.034,0.002,-12.298,-0.009,-12.174,-12.090,-12.298
-3.368,3.119,-0.001,0.622,0.000,0.001,0.783,-0.004,-0.005,-59.076,-0.004,-51.390,-56.568,-48.080,0.133,-0.577,-0.004,0.031,0.035,0.008,0.030,0.009,-12.195,-0.003,-12.094,-11.965,-12.183
-3.367,3.113,-0.001,0.622,0.000,0.001,0.783,-0.004,-0.005,-59.198,-0.004,-51.510,-56.687,-48.202,0.132,-0.571,-0.004,0.021,0.030,0.009,0.018,0.010,-12.095,-0.002,-12.015,-11.849,-12.071
-3.366,3.107,-0.001,0.622,-0.000,0.002,0.783,-0.004,-0.005,-59.318,-0.004,-51.630,-56.805,-48.322,0.131,-0.566,-0.004,0.009,0.026,0.009,0.008,0.009,-11.997,-0.002,-11.938,-11.740,-11.961
-3.364,3.102,-0.001,0.621,-0.000,0.002,0.783,-0.004,-0.005,-59.437,-0.004,-51.749,-56.921,-48.441,0.130,-0.561,-0.003,-0.003,0.022,0.009,0.002,0.008,-11.902,-0.002,-11.860,-11.639,-11.851
-3.363,3.096,-0.001,0.621,-0.000,0.002,0.783,-0.004,-0.005,-59.556,-0.004,-51.867,-57.037,-48.559,0.129,-0.556,-0.002,-0.015,0.018,0.008,-0.001,0.008,-11.809,-0.002,-11.780,-11.545,-11.741
-3.362,3.090,-0.001,0.621,-0.000,0.002,0.783,-0.004,-0.005,-59.674,-0.004,-51.985,-57.152,-48.676,0.128,-0.551,-0.002,-0.026,0.013,0.008,-0.001,0.007,-11.719,-0.002,-11.700,-11.458,-11.631
-3.360,3.085,-0.001,0.621,-0.000,0.002,0.784,-0.004,-0.005,-59.790,-0.004,-52.101,-57.266,-48.792,0.127,-0.547,-0.001,-0.036,0.010,0.008,0.000,0.007,-11.632,-0.002,-11.617,-11.377,-11.521
-3.359,3.079,-0.001,0.621,-0.001,0.001,0.784,-0.004,-0.005,-59.906,-0.004,-52.217,-57.380,-48.906,0.126,-0.543,-0.001,-0.044,0.006,0.008,0.001,0.006,-11.547,-0.002,-11.534,-11.301,-11.412
-3.358,3.074,-0.001,0.621,-0.001,0.001,0.784,-0.004,-0.005,-60.021,-0.004,-52.332,-57.493,-49.020,0.125,-0.538,-0.000,-0.051,0.004,0.008,0.001,0.006,-11.465,-0.001,-11.449,-11.231,-11.304
-3.357,3.069,-0.001,0.621,-0.001,0.001,0.784,-0.004,-0.005,-60.136,-0.004,-52.446,-57.605,-49.132,0.124,-0.534,-0.000,-0.057,0.003,0.008,0.001,0.005,-11.387,-0.001,-11.365,-11.165,-11.197
-3.355,3.063,-0.001,0.621,-0.001,0.001,0.784,-0.004,-0.005,-60.249,-0.004,-52.559,-57.716,-49.244,0.123,-0.530,0.000,-0.060,0.002,0.007,0.001,0.005,-11.311,-0.001,-11.279,-11.103,-11.092
-3.354,3.058,-0.001,0.621,-0.001,0.001,0.784,-0.004,-0.004,-60.362,-0.004,-52.672,-57.827,-49.354,0.122,-0.526,0.000,-0.060,0.001,0.007,0.001,0.004,-11.236,-0.001,-11.194,-11.044,-10.989
-3.353,3.053,-0.001,0.621,-0.002,0.000,0.784,-0.004,-0.004,-60.474,-0.004,-52.783,-57.937,-49.464,0.121,-0.523,0.001,-0.058,-0.001,0.007,0.001,0.004,-11.164,-0.000,-11.110,-10.986,-10.889
-3.352,3.048,-0.001,0.621,-0.002,0.000,0.784,-0.004,-0.004,-60.585,-0.004,-52.894,-58.046,-49.572,0.120,-0.519,0.001,-0.053,-0.002,0.007,0.001,0.004,-11.093,-0.000,-11.027,-10.930,-10.792
-3.351,3.042,-0.001,0.621,-0.002,-0.000,0.784,-0.004,-0.004,-60.696,-0.004,-53.004,-58.155,-49.679,0.120,-0.515,0.001,-0.046,-0.003,0.007,0.001,0.003,-11.022,0.000,-10.946,-10.875,-10.700
-3.349,3.037,-0.001,0.621,-0.002,-0.000,0.784,-0.004,-0.004,-60.806,-0.004,-53.113,-58.264,-49.786,0.119,-0.512,0.001,-0.037,-0.005,0.007,0.001,0.003,-10.952,0.000,-10.867,-10.820,-10.612
-3.348,3.032,-0.001,0.621,-0.002,-0.000,0.784,-0.004,-0.004,-60.915,-0.004,-53.221,-58.372,-49.892,0.118,-0.509,0.001,-0.026,-0.007,0.007,0.001,0.003,-10.881,0.001,-10.791,-10.765,-10.529
-3.347,3.027,-0.001,0.621,-0.002,-0.000,0.784,-0.004,-0.004,-61.023,-0.004,-53.329,-58.479,-49.997,0.117,-0.506,0.001,-0.015,-0.009,0.007,0.001,0.003,-10.809,0.001,-10.718,-10.710,-10.452
-3.346,3.022,-0.001,0.621,-0.002,-0.001,0.784,-0.004,-0.004,-61.131,-0.004,-53.436,-58.586,-50.101,0.117,-0.503,0.002,-0.004,-0.012,0.007,0.001,0.003,-10.737,0.001,-10.648,-10.655,-10.380
-3.345,3.017,-0.001,0.621,-0.002,-0.001,0.784,-0.004,-0.004,-61.238,-0.004,-53.542,-58.692,-50.204,0.116,-0.500,0.002,0.008,-0.016,0.007,0.001,0.003,-10.664,0.001,-10.581,-10.600,-10.315
-3.344,3.012,-0.001,0.621,-0.002,-0.001,0.784,-0.004,-0.004,-61.344,-0.004,-53.647,-58.798,-50.307,0.115,-0.497,0.001,0.018,-0.020,0.007,0.001,0.003,-10.590,0.002,-10.518,-10.545,-10.256
-3.342,3.007,-0.001,0.621,-0.002,-0.001,0.784,-0.004,-0.004,-61.450,-0.004,-53.752,-58.903,-50.409,0.115,-0.494,0.001,0.027,-0.024,0.007,0.001,0.003,-10.516,0.002,-10.458,-10.491,-10.203
-3.341,3.002,-0.001,0.621,-0.002,-0.001,0.784,-0.004,-0.004,-61.555,-0.004,-53.856,-59.008,-50.511,0.114,-0.492,0.001,0.035,-0.028,0.007,0.001,0.003,-10.441,0.002,-10.401,-10.437,-10.156
-3.340,2.997,-0.001,0.621,-0.001,-0.000,0.784,-0.004,-0.004,-61.659,-0.004,-53.960,-59.112,-50.612,0.114,-0.489,0.001,0.042,-0.032,0.007,0.001,0.003,-10.367,0.002,-10.347,-10.385,-10.115
-3.339,2.992,-0.001,0.621,-0.001,-0.000,0.784,-0.004,-0.004,-61.762,-0.004,-54.063,-59.215,-50.713,0.113,-0.487,0.001,0.047,-0.035,0.006,0.001,0.003,-10.293,0.002,-10.295,-10.334,-10.080
-3.338,2.988,-0.001,0.621,-0.001,-0.000,0.784,-0.004,-0.004,-61.864,-0.004,-54.166,-59.319,-50.814,0.113,-0.484,0.001,0.050,-0.039,0.006,0.001,0.002,-10.221,0.002,-10.246,-10.286,-10.049
-3.337,2.983,-0.001,0.621,-0.000,-0.000,0.784,-0.004,-0.004,-61.966,-0.004,-54.268,-59.421,-50.914,0.112,-0.482,0.001,0.051,-0.041,0.006,0.000,0.002,-10.151,0.002,-10.199,-10.239,-10.023
-3.336,2.978,-0.001,0.621,-0.000,-0.000,0.784,-0.004,-0.004,-62.067,-0.004,-54.370,-59.523,-51.015,0.112,-0.480,0.001,0.050,-0.044,0.006,0.000,0.002,-10.082,0.002,-10.153,-10.195,-10.002
-3.334,2.973,-0.001,0.621,0.000,-0.000,0.784,-0.004,-0.004,-62.168,-0.004,-54.471,-59.625,-51.114,0.112,-0.478,0.001,0.048,-0.045,0.006,0.000,0.002,-10.017,0.002,-10.108,-10.153,-9.983
-3.333,2.968,-0.001,0.621,0.001,-0.000,0.784,-0.004,-0.004,-62.268,-0.004,-54.572,-59.726,-51.214,0.111,-0.476,0.001,0.043,-0.046,0.006,0.000,0.001,-9.954,0.002,-10.065,-10.114,-9.967
-3.332,2.964,-0.001,0.621,0.001,-0.000,0.784,-0.004,-0.004,-62.367,-0.004,-54.673,-59.827,-51.314,0.111,-0.474,0.001,0.038,-0.046,0.006,0.000,0.001,-9.895,0.002,-10.021,-10.078,-9.953
-3.331,2.959,-0.001,0.621,0.001,-0.000,0.784,-0.004,-0.004,-62.466,-0.004,-54.773,-59.928,-51.413,0.110,-0.473,0.001,0.031,-0.046,0.006,0.000,0.001,-9.840,0.002,-9.978,-10.044,-9.940
-3.330,2.954,-0.001,0.621,0.001,-0.000,0.784,-0.004,-0.004,-62.564,-0.004,-54.872,-60.028,-51.513,0.110,-0.471,0.001,0.024,-0.044,0.006,0.000,0.001,-9.789,0.002,-9.934,-10.013,-9.928
-3.329,2.950,-0.001,0.621,0.002,-0.000,0.784,-0.004,-0.004,-62.661,-0.004,-54.971,-60.128,-51.612,0.110,-0.470,0.001,0.016,-0.042,0.006,0.000,0.000,-9.742,0.001,-9.890,-9.983,-9.917
-3.328,2.945,-0.001,0.621,0.002,-0.000,0.784,-0.004,-0.004,-62.759,-0.004,-55.070,-60.228,-51.711,0.109,-0.468,0.001,0.008,-0.039,0.006,0.000,0.000,-9.699,0.001,-9.845,-9.956,-9.904
-3.327,2.940,-0.001,0.621,0.002,-0.000,0.784,-0.004,-0.004,-62.855,-0.004,-55.168,-60.327,-51.810,0.109,-0.467,0.001,0.001,-0.035,0.006,0.000,0.000,-9.660,0.001,-9.800,-9.929,-9.890
-3.326,2.935,-0.001,0.621,0.002,-0.000,0.784,-0.004,-0.004,-62.952,-0.004,-55.266,-60.427,-51.909,0.109,-0.465,0.002,-0.007,-0.030,0.006,-0.000,-0.000,-9.624,0.001,-9.755,-9.904,-9.875
-3.325,2.931,-0.001,0.621,0.002,-0.001,0.784,-0.004,-0.004,-63.048,-0.004,-55.363,-60.525,-52.007,0.109,-0.464,0.002,-0.013,-0.025,0.006,-0.000,-0.000,-9.592,0.001,-9.709,-9.878,-9.858
-3.323,2.926,-0.001,0.621,0.002,-0.001,0.784,-0.004,-0.004,-63.144,-0.004,-55.460,-60.624,-52.106,0.108,-0.462,0.002,-0.019,-0.019,0.006,-0.000,-0.000,-9.564,0.001,-9.664,-9.853,-9.839
-3.322,2.922,-0.001,0.621,0.002,-0.001,0.784,-0.004,-0.004,-63.239,-0.004,-55.557,-60.723,-52.204,0.108,-0.461,0.002,-0.024,-0.013,0.006,-0.000,-0.001,-9.538,0.000,-9.618,-9.826,-9.818
-3.321,2.917,-0.001,0.620,0.002,-0.001,0.784,-0.004,-0.004,-63.335,-0.004,-55.652,-60.821,-52.302,0.108,-0.460,0.002,-0.027,-0.007,0.006,-0.000,-0.001,-9.516,0.000,-9.574,-9.799,-9.795
-3.320,2.912,-0.001,0.620,0.002,-0.001,0.784,-0.004,-0.004,-63.430,-0.004,-55.748,-60.918,-52.400,0.107,-0.459,0.001,-0.029,-0.001,0.006,-0.000,-0.001,-9.496,-0.000,-9.530,-9.771,-9.769
-3.319,2.908,-0.001,0.620,0.002,-0.001,0.784,-0.004,-0.004,-63.524,-0.004,-55.843,-61.016,-52.498,0.107,-0.457,0.001,-0.029,0.006,0.006,-0.000,-0.001,-9.478,-0.000,-9.488,-9.741,-9.742
-3.318,2.903,-0.000,0.620,0.002,-0.001,0.784,-0.004,-0.004,-63.619,-0.004,-55.938,-61.113,-52.595,0.107,-0.456,0.001,-0.029,0.012,0.006,-0.000,-0.001,-9.463,-0.000,-9.447,-9.710,-9.713
-3.317,2.899,-0.000,0.620,0.002,-0.001,0.784,-0.004,-0.004,-63.714,-0.004,-56.032,-61.210,-52.692,0.107,-0.455,0.001,-0.026,0.018,0.006,-0.000,-0.001,-9.449,-0.000,-9.409,-9.676,-9.683
-3.316,2.894,-0.000,0.620,0.002,-0.001,0.784,-0.004,-0.004,-63.808,-0.004,-56.126,-61.307,-52.789,0.106,-0.453,0.001,-0.023,0.023,0.006,-0.000,-0.001,-9.436,-0.001,-9.373,-9.641,-9.651
-3.315,2.890,-0.000,0.620,0.001,-0.001,0.784,-0.004,-0.004,-63.902,-0.004,-56.220,-61.403,-52.885,0.106,-0.452,0.001,-0.020,0.029,0.006,-0.000,-0.001,-9.424,-0.001,-9.339,-9.604,-9.619
-3.314,2.885,-0.000,0.620,0.001,-0.001,0.784,-0.004,-0.004,-63.997,-0.004,-56.313,-61.499,-52.981,0.106,-0.451,0.000,-0.015,0.033,0.006,-0.000,-0.001,-9.412,-0.001,-9.308,-9.565,-9.586
-3.313,2.881,-0.000,0.620,0.001,-0.001,0.784,-0.004,-0.004,-64.091,-0.004,-56.406,-61.594,-53.077,0.105,-0.450,0.000,-0.009,0.036,0.006,-0.000,-0.001,-9.401,-0.001,-9.280,-9.524,-9.553
-3.312,2.876,-0.000,0.620,0.001,-0.001,0.784,-0.004,-0.004,-64.185,-0.004,-56.498,-61.689,-53.172,0.105,-0.448,-0.000,-0.003,0.038,0.005,-0.000,-0.001,-9.389,-0.001,-9.255,-9.483,-9.521
-3.311,2.872,-0.000,0.620,0.001,-0.001,0.784,-0.004,-0.004,-64.278,-0.004,-56.591,-61.784,-53.267,0.105,-0.447,-0.001,0.004,0.040,0.005,-0.000,-0.000,-9.378,-0.001,-9.234,-9.440,-9.489
-3.310,2.867,-0.000,0.620,0.001,-0.001,0.784,-0.004,-0.004,-64.372,-0.004,-56.683,-61.878,-53.362,0.105,-0.446,-0.001,0.011,0.040,0.005,-0.000,-0.000,-9.366,-0.001,-9.215,-9.398,-9.458
-3.309,2.863,-0.000,0.620,0.001,-0.001,0.784,-0.004,-0.004,-64.466,-0.004,-56.775,-61.972,-53.456,0.104,-0.445,-0.001,0.017,0.040,0.005,-0.000,-0.000,-9.355,-0.000,-9.200,-9.357,-9.429
-3.308,2.858,-0.000,0.620,0.000,-0.001,0.784,-0.004,-0.004,-64.559,-0.004,-56.867,-62.065,-53.550,0.104,-0.444,-0.002,0.022,0.040,0.005,0.000,-0.000,-9.343,-0.000,-9.188,-9.316,-9.402
-3.307,2.854,-0.001,0.620,0.000,-0.000,0.784,-0.004,-0.004,-64.653,-0.004,-56.959,-62.158,-53.644,0.104,-0.443,-0.002,0.026,0.039,0.005,0.000,0.000,-9.332,-0.000,-9.179,-9.277,-9.376
-3.305,2.849,-0.001,0.620,0.000,-0.000,0.784,-0.004,-0.004,-64.746,-0.004,-57.051,-62.251,-53.738,0.104,-0.442,-0.002,0.030,0.038,0.005,0.000,0.000,-9.320,-0.000,-9.173,-9.240,-9.353
-3.304,2.845,-0.001,0.620,0.000,0.000,0.784,-0.004,-0.004,-64.839,-0.004,-57.142,-62.343,-53.831,0.104,-0.441,-0.002,0.032,0.036,0.005,0.000,0.000,-9.309,-0.000,-9.170,-9.205,-9.332
-3.303,2.841,-0.001,0.620,0.000,0.000,0.785,-0.004,-0.004,-64.932,-0.004,-57.234,-62.435,-53.925,0.103,-0.440,-0.002,0.032,0.034,0.005,0.000,0.000,-9.297,-0.000,-9.168,-9.172,-9.312
-3.302,2.836,-0.001,0.620,0.000,0.001,0.785,-0.004,-0.004,-65.025,-0.004,-57.326,-62.527,-54.018,0.103,-0.439,-0.003,0.032,0.032,0.005,0.000,0.000,-9.286,-0.000,-9.169,-9.142,-9.294
-3.301,2.832,-0.001,0.620,0.000,0.001,0.785,-0.004,-0.004,-65.118,-0.004,-57.417,-62.618,-54.110,0.103,-0.438,-0.003,0.030,0.030,0.005,0.000,0.000,-9.276,-0.000,-9.171,-9.115,-9.277
-3.300,2.827,-0.001,0.620,0.000,0.001,0.785,-0.004,-0.004,-65.211,-0.004,-57.509,-62.709,-54.203,0.103,-0.437,-0.003,0.027,0.028,0.005,0.000,0.000,-9.265,-0.000,-9.174,-9.090,-9.261
-3.299,2.823,-0.001,0.620,0.000,0.001,0.785,-0.004,-0.004,-65.303,-0.004,-57.601,-62.800,-54.296,0.103,-0.436,-0.003,0.023,0.026,0.005,-0.000,0.000,-9.255,-0.000,-9.177,-9.069,-9.245
-3.298,2.819,-0.001,0.620,0.000,0.001,0.785,-0.004,-0.004,-65.396,-0.004,-57.693,-62.890,-54.388,0.103,-0.436,-0.003,0.018,0.023,0.005,-0.000,0.001,-9.246,-0.001,-9.181,-9.050,-9.229
-3.297,2.814,-0.001,0.620,0.000,0.001,0.785,-0.004,-0.004,-65.488,-0.004,-57.785,-62.981,-54.480,0.102,-0.435,-0.003,0.012,0.021,0.005,-0.000,0.001,-9.236,-0.001,-9.184,-9.034,-9.214
-3.296,2.810,-0.001,0.620,-0.000,0.002,0.785,-0.004,-0.004,-65.580,-0.004,-57.876,-63.071,-54.572,0.102,-0.434,-0.002,0.006,0.019,0.006,-0.000,0.001,-9.227,-0.001,-9.186,-9.020,-9.197
-3.295,2.806,-0.001,0.620,-0.000,0.002,0.785,-0.004,-0.004,-65.673,-0.004,-57.968,-63.161,-54.664,0.102,-0.434,-0.002,-0.001,0.016,0.006,-0.000,0.001,-9.218,-0.001,-9.187,-9.008,-9.180
-3.294,2.801,-0.001,0.620,-0.000,0.002,0.785,-0.004,-0.004,-65.765,-0.004,-58.060,-63.251,-54.756,0.102,-0.433,-0.002,-0.008,0.014,0.006,-0.000,0.000,-9.209,-0.001,-9.187,-8.999,-9.162
-3.293,2.797,-0.001,0.620,-0.000,0.002,0.785,-0.004,-0.004,-65.857,-0.004,-58.152,-63.341,-54.847,0.102,-0.432,-0.001,-0.014,0.012,0.006,-0.000,0.000,-9.201,-0.001,-9.184,-8.991,-9.142
-3.292,2.793,-0.001,0.620,-0.000,0.002,0.785,-0.004,-0.004,-65.949,-0.004,-58.244,-63.431,-54.939,0.102,-0.432,-0.001,-0.021,0.010,0.006,-0.000,0.000,-9.192,-0.001,-9.180,-8.985,-9.120
