-9.000,-5.000,0.001,1.000,0.000,0.000,0.000,-0.000,-0.000,0.000,-0.000,0.000,0.000,0.000,-0.000,-0.000,0.000,-0.000,-0.000,-0.000,0.000,0.000,-0.000,0.000,-0.000,-0.000,-0.000
-9.000,-5.000,0.001,1.000,0.000,-0.000,0.000,-0.129,-0.096,0.004,-0.101,0.004,0.003,0.003,0.023,-0.001,0.000,0.000,-0.016,0.005,-20.658,-15.932,0.784,-17.074,0.823,0.514,0.533
-9.000,-5.000,0.001,1.000,-0.000,-0.000,-0.000,-0.301,-0.240,0.015,-0.264,0.015,0.011,0.011,0.051,-0.005,0.000,-0.003,-0.024,-0.028,-10.674,-10.262,1.377,-12.022,1.312,1.155,1.054
-8.999,-5.000,0.001,1.000,-0.000,-0.000,-0.000,-0.308,-0.271,0.031,-0.287,0.030,0.026,0.024,0.083,-0.011,0.000,-0.005,-0.026,-0.075,8.597,3.841,1.893,7.212,1.563,1.875,1.582
-8.998,-5.000,0.001,1.000,-0.000,-0.000,-0.001,-0.173,-0.187,0.053,-0.158,0.047,0.048,0.042,0.112,-0.014,0.000,-0.001,-0.022,-0.088,15.052,10.737,2.378,15.307,1.939,2.499,2.127
-8.997,-5.000,0.001,1.000,-0.000,-0.000,-0.001,-0.075,-0.109,0.079,-0.051,0.070,0.075,0.066,0.136,-0.011,0.000,0.004,-0.013,-0.066,2.986,3.452,2.908,4.432,2.580,2.954,2.647
-8.995,-5.000,0.001,1.000,-0.000,-0.001,-0.001,-0.122,-0.135,0.111,-0.083,0.099,0.107,0.095,0.157,-0.011,-0.000,0.003,-0.007,-0.057,-10.465,-7.446,3.497,-9.219,3.253,3.370,3.100
-8.993,-5.001,0.001,1.000,-0.000,-0.001,-0.002,-0.231,-0.218,0.149,-0.192,0.134,0.143,0.128,0.180,-0.016,-0.001,-0.003,-0.004,-0.090,-8.966,-7.305,4.047,-10.181,3.714,3.887,3.499
-8.992,-5.001,0.001,1.000,-0.000,-0.001,-0.002,-0.265,-0.252,0.192,-0.244,0.172,0.185,0.165,0.205,-0.023,-0.001,-0.007,-0.003,-0.138,2.189,0.680,4.543,0.232,3.988,4.476,3.890
-8.989,-5.001,0.000,1.000,-0.000,-0.001,-0.003,-0.202,-0.211,0.240,-0.195,0.214,0.233,0.206,0.229,-0.027,-0.002,-0.004,-0.002,-0.159,8.788,6.452,4.991,7.956,4.295,5.020,4.324
-8.987,-5.001,0.000,1.000,-0.000,-0.001,-0.004,-0.131,-0.152,0.292,-0.126,0.259,0.285,0.252,0.251,-0.025,-0.002,0.001,0.001,-0.147,4.162,4.097,5.431,4.447,4.766,5.451,4.778
-8.984,-5.002,0.000,1.000,-0.000,-0.001,-0.005,-0.135,-0.145,0.348,-0.124,0.309,0.341,0.302,0.270,-0.025,-0.003,0.001,0.003,-0.139,-4.340,-2.425,5.907,-3.731,5.292,5.835,5.190
-8.982,-5.002,0.000,1.000,-0.000,-0.001,-0.005,-0.194,-0.185,0.410,-0.182,0.364,0.402,0.355,0.290,-0.029,-0.004,-0.005,0.004,-0.161,-6.104,-4.503,6.394,-6.506,5.714,6.269,5.543
-8.979,-5.002,0.000,1.000,-0.000,-0.001,-0.006,-0.230,-0.215,0.476,-0.227,0.423,0.467,0.412,0.310,-0.036,-0.005,-0.009,0.004,-0.198,-0.665,-1.044,6.856,-1.813,6.014,6.751,5.872
-8.975,-5.003,0.000,1.000,-0.000,-0.001,-0.007,-0.208,-0.202,0.547,-0.214,0.485,0.537,0.473,0.330,-0.040,-0.006,-0.009,0.003,-0.220,4.386,3.053,7.272,3.676,6.302,7.217,6.229
-8.972,-5.003,0.000,1.000,-0.000,-0.001,-0.008,-0.163,-0.168,0.622,-0.173,0.549,0.611,0.537,0.349,-0.040,-0.007,-0.005,0.003,-0.218,3.509,3.043,7.659,3.555,6.670,7.616,6.612
-8.968,-5.003,0.000,1.000,-0.000,-0.000,-0.009,-0.151,-0.154,0.700,-0.158,0.618,0.689,0.605,0.367,-0.041,-0.008,-0.004,0.004,-0.213,-1.067,-0.223,8.052,-0.642,7.081,7.974,6.980
-8.965,-5.004,0.000,1.000,-0.000,-0.000,-0.011,-0.178,-0.170,0.783,-0.182,0.691,0.771,0.676,0.383,-0.044,-0.009,-0.008,0.005,-0.225,-3.485,-2.405,8.460,-3.420,7.451,8.347,7.303
-8.961,-5.004,0.000,1.000,-0.000,-0.000,-0.012,-0.205,-0.190,0.869,-0.211,0.767,0.856,0.751,0.400,-0.049,-0.010,-0.011,0.004,-0.250,-1.448,-1.285,8.866,-1.905,7.751,8.745,7.595
-8.957,-5.005,-0.000,1.000,-0.000,-0.000,-0.013,-0.202,-0.191,0.960,-0.213,0.846,0.945,0.828,0.416,-0.053,-0.010,-0.012,0.004,-0.269,1.663,0.906,9.249,1.215,8.028,9.137,7.892
-8.952,-5.005,-0.000,1.000,-0.000,-0.000,-0.014,-0.180,-0.176,1.054,-0.194,0.928,1.039,0.909,0.432,-0.055,-0.011,-0.009,0.003,-0.275,2.211,1.715,9.600,2.156,8.332,9.494,8.206
-8.948,-5.006,-0.000,1.000,-0.000,-0.000,-0.016,-0.167,-0.164,1.152,-0.180,1.013,1.135,0.992,0.446,-0.057,-0.012,-0.006,0.003,-0.273,0.332,0.541,9.932,0.567,8.657,9.821,8.523
-8.944,-5.006,-0.000,1.000,-0.000,-0.000,-0.017,-0.174,-0.167,1.253,-0.184,1.101,1.235,1.079,0.460,-0.059,-0.012,-0.006,0.003,-0.278,-1.524,-0.930,10.265,-1.288,8.968,10.143,8.817
-8.939,-5.007,-0.001,1.000,-0.000,-0.000,-0.019,-0.189,-0.177,1.357,-0.199,1.192,1.338,1.169,0.474,-0.063,-0.012,-0.006,0.003,-0.292,-1.196,-0.890,10.603,-1.284,9.245,10.472,9.082
-8.934,-5.008,-0.001,1.000,-0.001,-0.000,-0.020,-0.194,-0.182,1.465,-0.205,1.286,1.444,1.261,0.486,-0.068,-0.012,-0.005,0.003,-0.308,0.239,0.026,10.937,0.005,9.502,10.797,9.333
-8.929,-5.008,-0.001,1.000,-0.001,-0.000,-0.022,-0.187,-0.177,1.576,-0.200,1.382,1.554,1.355,0.499,-0.071,-0.011,-0.002,0.003,-0.317,1.052,0.753,11.250,0.928,9.759,11.104,9.586
-8.924,-5.009,-0.001,1.000,-0.001,-0.000,-0.023,-0.178,-0.170,1.690,-0.191,1.481,1.666,1.453,0.511,-0.073,-0.010,0.002,0.002,-0.320,0.514,0.487,11.536,0.593,10.020,11.389,9.846
-8.919,-5.010,-0.001,1.000,-0.001,-0.000,-0.025,-0.177,-0.168,1.806,-0.189,1.582,1.782,1.552,0.522,-0.076,-0.009,0.005,0.002,-0.322,-0.288,-0.082,11.806,-0.119,10.274,11.661,10.101
-8.914,-5.011,-0.001,1.000,-0.000,-0.000,-0.026,-0.182,-0.171,1.926,-0.193,1.686,1.900,1.655,0.533,-0.079,-0.008,0.007,0.001,-0.328,-0.540,-0.333,12.072,-0.499,10.514,11.927,10.339
-8.908,-5.011,-0.001,1.000,-0.000,-0.000,-0.028,-0.186,-0.174,2.048,-0.197,1.792,2.020,1.759,0.544,-0.083,-0.007,0.009,0.001,-0.337,-0.194,-0.150,12.339,-0.251,10.740,12.187,10.558
-8.903,-5.012,-0.001,1.000,-0.000,-0.000,-0.030,-0.186,-0.174,2.173,-0.198,1.901,2.143,1.866,0.554,-0.086,-0.005,0.010,0.001,-0.346,0.127,0.037,12.596,0.034,10.957,12.437,10.767
-8.897,-5.013,-0.001,1.000,-0.000,-0.000,-0.032,-0.184,-0.173,2.300,-0.197,2.012,2.269,1.974,0.563,-0.090,-0.004,0.011,0.001,-0.354,0.212,0.121,12.840,0.149,11.168,12.676,10.972
-8.891,-5.014,-0.001,0.999,-0.000,-0.000,-0.033,-0.183,-0.172,2.429,-0.195,2.124,2.397,2.085,0.573,-0.093,-0.003,0.012,0.000,-0.359,0.082,0.062,13.069,0.062,11.372,12.903,11.174
-8.886,-5.015,-0.001,0.999,-0.000,-0.000,-0.035,-0.182,-0.172,2.561,-0.195,2.239,2.527,2.198,0.582,-0.097,-0.001,0.011,0.000,-0.364,0.001,0.023,13.288,0.018,11.570,13.120,11.370
-8.880,-5.016,-0.001,0.999,-0.000,-0.000,-0.037,-0.182,-0.172,2.695,-0.195,2.356,2.659,2.312,0.591,-0.100,-0.000,0.009,0.000,-0.370,-0.026,0.008,13.500,0.000,11.761,13.330,11.558
-8.874,-5.017,-0.001,0.999,-0.000,-0.000,-0.039,-0.183,-0.172,2.831,-0.195,2.474,2.794,2.429,0.600,-0.104,0.000,0.007,0.000,-0.375,-0.024,0.004,13.706,-0.007,11.945,13.534,11.740
-8.868,-5.018,-0.001,0.999,-0.000,-0.000,-0.041,-0.183,-0.172,2.969,-0.195,2.595,2.930,2.547,0.608,-0.108,0.001,0.004,0.001,-0.381,-0.016,0.003,13.906,-0.008,12.123,13.732,11.915
-8.862,-5.019,-0.001,0.999,-0.000,-0.000,-0.043,-0.183,-0.172,3.109,-0.195,2.717,3.068,2.667,0.617,-0.112,0.001,0.001,0.001,-0.386,-0.007,0.003,14.102,-0.007,12.295,13.925,12.084
-8.856,-5.020,-0.001,0.999,-0.000,-0.000,-0.045,-0.183,-0.171,3.251,-0.195,2.840,3.208,2.789,0.625,-0.116,0.001,-0.002,0.001,-0.392,-0.002,0.002,14.293,-0.006,12.462,14.113,12.248
-8.849,-5.021,-0.001,0.999,-0.000,-0.000,-0.047,-0.183,-0.171,3.395,-0.195,2.966,3.350,2.912,0.633,-0.120,0.001,-0.003,0.001,-0.397,-0.000,0.002,14.480,-0.006,12.624,14.298,12.407
-8.843,-5.023,-0.001,0.999,-0.000,-0.000,-0.049,-0.183,-0.171,3.541,-0.195,3.093,3.494,3.037,0.640,-0.124,0.001,-0.004,0.002,-0.402,0.000,0.002,14.664,-0.005,12.782,14.479,12.562
-8.836,-5.024,-0.001,0.999,-0.000,-0.000,-0.051,-0.183,-0.171,3.688,-0.195,3.222,3.640,3.163,0.648,-0.128,0.000,-0.003,0.002,-0.407,-0.000,0.001,14.844,-0.005,12.937,14.656,12.713
-8.830,-5.025,-0.001,0.999,-0.000,-0.000,-0.053,-0.183,-0.171,3.838,-0.196,3.352,3.787,3.291,0.655,-0.132,0.000,-0.000,0.001,-0.412,-0.001,0.000,15.019,-0.005,13.088,14.828,12.861
-8.823,-5.027,-0.001,0.999,-0.000,-0.000,-0.055,-0.183,-0.171,3.989,-0.196,3.483,3.937,3.421,0.662,-0.136,0.001,0.005,0.001,-0.417,-0.001,-0.001,15.189,-0.006,13.235,14.996,13.006
-8.817,-5.028,-0.001,0.998,-0.000,-0.000,-0.057,-0.183,-0.171,4.141,-0.196,3.616,4.087,3.551,0.668,-0.140,0.001,0.011,0.000,-0.422,-0.002,-0.001,15.353,-0.006,13.381,15.158,13.148
-8.810,-5.029,-0.001,0.998,-0.000,-0.000,-0.059,-0.183,-0.171,4.296,-0.196,3.751,4.240,3.684,0.675,-0.145,0.002,0.019,-0.000,-0.426,-0.002,-0.002,15.509,-0.006,13.523,15.313,13.287
-8.803,-5.031,-0.001,0.998,0.000,-0.000,-0.061,-0.183,-0.171,4.452,-0.196,3.887,4.394,3.817,0.681,-0.149,0.004,0.028,-0.001,-0.431,-0.002,-0.003,15.656,-0.006,13.662,15.459,13.424
-8.796,-5.032,-0.001,0.998,0.000,-0.000,-0.063,-0.183,-0.172,4.609,-0.196,4.024,4.549,3.952,0.688,-0.153,0.006,0.037,-0.002,-0.436,-0.003,-0.004,15.794,-0.006,13.798,15.597,13.558
-8.789,-5.034,-0.001,0.998,0.000,-0.000,-0.065,-0.183,-0.172,4.767,-0.196,4.163,4.705,4.088,0.694,-0.158,0.008,0.045,-0.003,-0.441,-0.003,-0.004,15.922,-0.007,13.930,15.725,13.689
-8.782,-5.036,-0.001,0.998,0.001,-0.000,-0.068,-0.183,-0.172,4.927,-0.196,4.303,4.863,4.226,0.700,-0.163,0.010,0.051,-0.004,-0.445,-0.003,-0.005,16.039,-0.007,14.058,15.844,13.817
-8.775,-5.037,-0.001,0.998,0.001,-0.000,-0.070,-0.183,-0.172,5.088,-0.196,4.444,5.022,4.365,0.706,-0.167,0.013,0.053,-0.005,-0.450,-0.003,-0.005,16.147,-0.007,14.180,15.953,13.940
-8.768,-5.039,-0.001,0.997,0.001,-0.000,-0.072,-0.183,-0.172,5.250,-0.196,4.586,5.182,4.505,0.712,-0.172,0.015,0.051,-0.005,-0.455,-0.003,-0.005,16.247,-0.007,14.298,16.054,14.058
-8.761,-5.041,-0.001,0.997,0.001,-0.000,-0.074,-0.183,-0.172,5.413,-0.196,4.730,5.343,4.646,0.718,-0.177,0.016,0.043,-0.005,-0.459,-0.002,-0.005,16.340,-0.007,14.408,16.148,14.170
-8.754,-5.042,-0.000,0.997,0.002,-0.000,-0.077,-0.183,-0.172,5.577,-0.196,4.874,5.505,4.788,0.724,-0.182,0.017,0.031,-0.004,-0.464,-0.002,-0.005,16.430,-0.006,14.511,16.238,14.274
-8.747,-5.044,-0.000,0.997,0.002,-0.001,-0.079,-0.183,-0.172,5.742,-0.196,5.020,5.668,4.931,0.730,-0.187,0.017,0.015,-0.003,-0.468,-0.002,-0.004,16.517,-0.006,14.607,16.325,14.370
-8.739,-5.046,-0.000,0.997,0.002,-0.001,-0.081,-0.183,-0.172,5.907,-0.196,5.166,5.832,5.075,0.736,-0.192,0.017,-0.006,-0.001,-0.472,-0.001,-0.003,16.606,-0.005,14.694,16.412,14.458
-8.732,-5.048,0.000,0.996,0.002,-0.001,-0.084,-0.183,-0.172,6.074,-0.196,5.314,5.996,5.220,0.741,-0.198,0.015,-0.029,0.001,-0.476,-0.001,-0.002,16.699,-0.005,14.773,16.502,14.537
-8.725,-5.050,0.000,0.996,0.001,-0.000,-0.086,-0.183,-0.172,6.241,-0.196,5.462,6.162,5.366,0.746,-0.203,0.013,-0.052,0.003,-0.480,-0.000,-0.001,16.798,-0.004,14.844,16.596,14.607
-8.717,-5.052,0.000,0.996,0.001,-0.000,-0.088,-0.183,-0.172,6.410,-0.196,5.611,6.328,5.512,0.751,-0.208,0.010,-0.075,0.005,-0.483,-0.000,0.001,16.904,-0.004,14.908,16.696,14.669
-8.709,-5.054,0.000,0.996,0.001,-0.000,-0.091,-0.183,-0.172,6.579,-0.196,5.760,6.496,5.659,0.756,-0.213,0.006,-0.094,0.007,-0.486,0.000,0.003,17.018,-0.003,14.966,16.803,14.723
-8.702,-5.056,0.000,0.996,0.000,-0.000,-0.093,-0.183,-0.172,6.750,-0.197,5.910,6.664,5.807,0.759,-0.218,0.002,-0.109,0.009,-0.488,0.001,0.005,17.140,-0.003,15.020,16.917,14.771
-8.694,-5.059,0.000,0.995,-0.000,-0.000,-0.096,-0.183,-0.172,6.922,-0.197,6.060,6.834,5.955,0.763,-0.223,-0.003,-0.118,0.011,-0.491,0.001,0.006,17.269,-0.002,15.070,17.037,14.815
-8.687,-5.061,0.000,0.995,-0.001,-0.000,-0.098,-0.183,-0.172,7.096,-0.197,6.211,7.005,6.103,0.765,-0.228,-0.007,-0.119,0.011,-0.493,0.001,0.007,17.403,-0.002,15.119,17.162,14.856
-8.679,-5.063,0.000,0.995,-0.001,0.000,-0.101,-0.183,-0.172,7.270,-0.197,6.363,7.177,6.252,0.767,-0.233,-0.011,-0.112,0.011,-0.494,0.001,0.008,17.541,-0.001,15.169,17.290,14.897
-8.671,-5.066,0.000,0.995,-0.002,0.000,-0.103,-0.183,-0.172,7.446,-0.197,6.515,7.351,6.401,0.769,-0.238,-0.014,-0.097,0.011,-0.496,0.001,0.009,17.678,-0.000,15.220,17.419,14.939
-8.664,-5.068,0.000,0.994,-0.002,0.000,-0.106,-0.183,-0.172,7.624,-0.197,6.667,7.526,6.551,0.770,-0.242,-0.016,-0.075,0.010,-0.497,0.001,0.008,17.811,0.001,15.274,17.544,14.984
-8.656,-5.070,-0.000,0.994,-0.003,0.000,-0.108,-0.183,-0.171,7.803,-0.197,6.820,7.702,6.701,0.771,-0.247,-0.017,-0.049,0.008,-0.499,0.001,0.007,17.936,0.001,15.333,17.664,15.034
-8.648,-5.073,-0.000,0.994,-0.003,0.000,-0.111,-0.183,-0.171,7.983,-0.197,6.974,7.879,6.851,0.771,-0.251,-0.018,-0.019,0.007,-0.500,0.001,0.006,18.051,0.002,15.397,17.775,15.090
-8.640,-5.075,-0.000,0.994,-0.003,0.000,-0.113,-0.183,-0.171,8.164,-0.197,7.128,8.057,7.003,0.771,-0.255,-0.017,0.011,0.005,-0.501,0.001,0.004,18.153,0.002,15.467,17.875,15.153
-8.633,-5.078,-0.001,0.993,-0.003,0.000,-0.115,-0.183,-0.171,8.346,-0.197,7.283,8.236,7.155,0.772,-0.260,-0.016,0.039,0.003,-0.503,0.000,0.003,18.242,0.002,15.542,17.963,15.223
-8.625,-5.081,-0.001,0.993,-0.003,0.000,-0.118,-0.183,-0.171,8.528,-0.196,7.439,8.416,7.307,0.772,-0.264,-0.014,0.061,0.001,-0.504,0.000,0.002,18.317,0.002,15.622,18.039,15.299
-8.617,-5.083,-0.001,0.993,-0.002,0.000,-0.120,-0.183,-0.171,8.712,-0.196,7.596,8.597,7.461,0.772,-0.268,-0.012,0.077,-0.001,-0.506,-0.000,0.000,18.380,0.002,15.706,18.103,15.380
-8.610,-5.086,-0.001,0.992,-0.002,0.000,-0.123,-0.183,-0.171,8.896,-0.196,7.753,8.778,7.615,0.772,-0.273,-0.010,0.085,-0.002,-0.508,-0.000,-0.000,18.432,0.002,15.792,18.157,15.464
-8.602,-5.089,-0.001,0.992,-0.001,0.000,-0.126,-0.183,-0.171,9.080,-0.196,7.912,8.960,7.770,0.772,-0.277,-0.008,0.084,-0.003,-0.509,-0.000,-0.001,18.477,0.001,15.877,18.204,15.550
-8.594,-5.092,-0.001,0.992,-0.001,0.000,-0.128,-0.183,-0.171,9.265,-0.196,8.071,9.143,7.926,0.772,-0.282,-0.006,0.076,-0.004,-0.511,-0.000,-0.002,18.518,0.001,15.960,18.247,15.634
-8.586,-5.094,-0.001,0.991,-0.001,0.000,-0.131,-0.183,-0.171,9.451,-0.196,8.231,9.325,8.082,0.772,-0.286,-0.005,0.063,-0.004,-0.512,-0.000,-0.002,18.557,0.001,16.038,18.287,15.715
-8.579,-5.097,-0.001,0.991,-0.000,-0.000,-0.133,-0.183,-0.171,9.637,-0.196,8.391,9.508,8.240,0.773,-0.291,-0.003,0.046,-0.004,-0.514,-0.000,-0.002,18.596,0.001,16.110,18.328,15.791
-8.571,-5.100,-0.001,0.991,-0.000,-0.000,-0.136,-0.183,-0.171,9.823,-0.196,8.553,9.692,8.398,0.773,-0.296,-0.002,0.030,-0.004,-0.515,-0.000,-0.003,18.637,0.001,16.176,18.370,15.861
-8.563,-5.103,-0.001,0.990,-0.000,-0.000,-0.138,-0.183,-0.171,10.009,-0.196,8.715,9.876,8.557,0.774,-0.300,-0.001,0.016,-0.004,-0.516,-0.000,-0.003,18.680,0.001,16.235,18.416,15.924
-8.556,-5.106,-0.001,0.990,0.000,-0.000,-0.141,-0.183,-0.171,10.196,-0.196,8.878,10.060,8.717,0.774,-0.305,0.001,0.008,-0.004,-0.517,-0.000,-0.003,18.725,0.000,16.288,18.463,15.982
-8.548,-5.109,-0.001,0.990,0.000,-0.000,-0.143,-0.183,-0.171,10.384,-0.196,9.041,10.245,8.877,0.775,-0.310,0.002,0.006,-0.004,-0.519,-0.001,-0.004,18.769,0.000,16.337,18.512,16.034
-8.540,-5.112,-0.001,0.989,0.000,-0.000,-0.146,-0.183,-0.171,10.572,-0.196,9.204,10.430,9.037,0.776,-0.315,0.003,0.012,-0.005,-0.520,-0.001,-0.004,18.811,-0.000,16.384,18.558,16.083
-8.532,-5.116,-0.001,0.989,0.000,-0.000,-0.149,-0.183,-0.172,10.760,-0.196,9.368,10.616,9.198,0.776,-0.320,0.005,0.024,-0.005,-0.522,-0.001,-0.005,18.847,-0.001,16.429,18.601,16.131
-8.525,-5.119,-0.001,0.989,0.000,-0.000,-0.151,-0.183,-0.172,10.949,-0.196,9.533,10.802,9.360,0.777,-0.325,0.007,0.042,-0.005,-0.524,-0.001,-0.006,18.876,-0.001,16.477,18.638,16.180
-8.517,-5.122,-0.001,0.988,0.001,-0.000,-0.154,-0.183,-0.172,11.137,-0.196,9.698,10.989,9.522,0.778,-0.330,0.009,0.062,-0.006,-0.526,-0.001,-0.006,18.895,-0.002,16.527,18.665,16.231
-8.509,-5.125,-0.001,0.988,0.001,-0.000,-0.156,-0.183,-0.172,11.327,-0.196,9.863,11.176,9.685,0.779,-0.335,0.010,0.081,-0.006,-0.528,-0.002,-0.007,18.905,-0.003,16.581,18.683,16.286
-8.501,-5.129,-0.001,0.987,0.001,-0.000,-0.159,-0.183,-0.172,11.516,-0.196,10.030,11.362,9.848,0.780,-0.340,0.012,0.095,-0.005,-0.530,-0.002,-0.007,18.906,-0.004,16.639,18.690,16.345
-8.493,-5.132,-0.001,0.987,0.002,-0.001,-0.162,-0.183,-0.172,11.705,-0.197,10.196,11.549,10.012,0.782,-0.346,0.013,0.101,-0.005,-0.533,-0.002,-0.007,18.901,-0.005,16.699,18.689,16.407
-8.486,-5.136,-0.001,0.986,0.002,-0.001,-0.164,-0.183,-0.172,11.894,-0.197,10.364,11.736,10.176,0.783,-0.352,0.013,0.097,-0.004,-0.535,-0.002,-0.007,18.893,-0.005,16.761,18.683,16.470
-8.478,-5.139,-0.001,0.986,0.003,-0.001,-0.167,-0.183,-0.172,12.082,-0.197,10.531,11.923,10.341,0.784,-0.357,0.013,0.081,-0.003,-0.538,-0.001,-0.006,18.886,-0.005,16.819,18.675,16.531
-8.470,-5.143,-0.000,0.986,0.003,-0.001,-0.169,-0.183,-0.172,12.271,-0.197,10.700,12.110,10.507,0.785,-0.363,0.012,0.054,-0.002,-0.540,-0.001,-0.004,18.885,-0.005,16.873,18.669,16.588
-8.462,-5.146,-0.000,0.985,0.003,-0.001,-0.172,-0.183,-0.172,12.460,-0.197,10.869,12.296,10.673,0.786,-0.369,0.011,0.018,-0.001,-0.541,-0.000,-0.002,18.894,-0.004,16.917,18.671,16.636
-8.454,-5.150,-0.000,0.985,0.003,-0.001,-0.175,-0.183,-0.172,12.649,-0.197,11.038,12.483,10.839,0.787,-0.374,0.009,-0.025,-0.000,-0.542,0.000,-0.000,18.916,-0.004,16.949,18.684,16.673
-8.446,-5.154,-0.000,0.984,0.003,-0.001,-0.177,-0.183,-0.172,12.839,-0.197,11.208,12.670,11.006,0.787,-0.380,0.007,-0.072,0.001,-0.543,0.001,0.002,18.953,-0.003,16.966,18.710,16.695
-8.438,-5.158,-0.000,0.984,0.003,-0.001,-0.180,-0.183,-0.172,13.028,-0.197,11.378,12.857,11.173,0.787,-0.385,0.004,-0.117,0.003,-0.543,0.001,0.005,19.007,-0.002,16.968,18.752,16.701
-8.431,-5.162,-0.000,0.983,0.002,-0.001,-0.183,-0.183,-0.172,13.219,-0.197,11.547,13.045,11.340,0.787,-0.390,0.002,-0.158,0.005,-0.543,0.002,0.008,19.076,-0.001,16.954,18.810,16.690
-8.423,-5.166,-0.000,0.983,0.001,-0.000,-0.185,-0.183,-0.172,13.410,-0.197,11.717,13.234,11.507,0.786,-0.395,-0.000,-0.188,0.006,-0.543,0.002,0.010,19.160,-0.001,16.927,18.883,16.664
-8.415,-5.170,-0.000,0.982,0.000,-0.000,-0.188,-0.183,-0.172,13.602,-0.197,11.886,13.423,11.673,0.785,-0.400,-0.002,-0.205,0.007,-0.543,0.002,0.012,19.254,-0.001,16.890,18.968,16.626
-8.407,-5.174,-0.000,0.982,-0.001,0.000,-0.191,-0.183,-0.172,13.795,-0.197,12.054,13.613,11.839,0.784,-0.404,-0.004,-0.206,0.008,-0.542,0.002,0.013,19.355,-0.000,16.846,19.061,16.578
-8.399,-5.178,-0.000,0.981,-0.002,0.000,-0.193,-0.183,-0.172,13.989,-0.197,12.223,13.804,12.005,0.782,-0.409,-0.005,-0.192,0.008,-0.542,0.001,0.013,19.457,-0.000,16.800,19.156,16.526
-8.391,-5.182,-0.000,0.981,-0.003,0.001,-0.196,-0.183,-0.171,14.184,-0.197,12.390,13.996,12.170,0.780,-0.413,-0.005,-0.164,0.008,-0.542,0.001,0.011,19.553,-0.000,16.757,19.250,16.474
-8.383,-5.186,-0.000,0.980,-0.003,0.001,-0.199,0.034,-0.017,14.380,-0.014,12.556,14.189,12.336,0.794,-0.398,-0.003,-0.086,-0.014,-0.416,35.215,26.697,19.544,30.547,16.460,19.228,16.782
-8.375,-5.190,-0.000,0.980,-0.003,0.000,-0.200,0.333,0.246,14.573,0.261,12.723,14.379,12.507,0.816,-0.334,0.011,0.064,-0.059,-0.005,19.003,19.936,18.931,19.628,17.091,18.586,17.492
-8.367,-5.193,0.000,0.980,-0.003,-0.000,-0.199,0.353,0.284,14.758,0.330,12.898,14.560,12.685,0.831,-0.277,0.024,0.075,-0.136,0.372,-13.800,-12.506,18.211,-5.323,17.891,17.707,18.156
-8.359,-5.195,0.000,0.980,-0.003,-0.001,-0.197,0.124,0.057,14.938,0.190,13.080,14.734,12.869,0.834,-0.269,0.008,-0.000,-0.085,0.443,-26.505,-27.112,17.679,-19.046,18.330,17.287,18.412
-8.351,-5.198,0.000,0.981,-0.003,-0.001,-0.195,-0.053,-0.135,15.115,0.044,13.263,14.907,13.052,0.823,-0.288,-0.015,-0.036,0.027,0.307,-6.008,-8.404,17.720,-6.989,18.234,17.375,18.204
-8.342,-5.201,0.000,0.981,-0.003,-0.001,-0.194,0.022,-0.092,15.293,0.088,13.444,15.082,13.233,0.812,-0.313,-0.016,0.032,0.022,0.127,18.024,14.726,17.917,13.604,17.967,17.697,17.886
-8.334,-5.204,-0.000,0.981,-0.003,-0.001,-0.193,0.213,0.090,15.472,0.239,13.623,15.259,13.411,0.813,-0.306,-0.023,0.093,0.063,0.160,15.919,17.541,17.957,13.121,17.907,17.643,17.905
-8.326,-5.207,-0.000,0.981,-0.002,-0.000,-0.192,0.275,0.182,15.650,0.299,13.803,15.434,13.592,0.824,-0.275,-0.023,0.112,0.055,0.342,-3.741,-0.086,17.464,-1.550,18.204,17.288,18.291
-8.318,-5.210,-0.001,0.982,-0.002,-0.000,-0.190,0.164,0.101,15.822,0.220,13.987,15.606,13.776,0.829,-0.262,-0.019,0.101,0.032,0.416,-15.519,-13.409,17.055,-12.110,18.505,17.103,18.549
-8.310,-5.212,-0.001,0.982,-0.001,-0.000,-0.188,0.038,-0.013,15.993,0.110,14.172,15.777,13.962,0.824,-0.275,-0.011,0.090,-0.011,0.320,-7.230,-6.970,17.188,-7.906,18.472,17.251,18.482
-8.301,-5.215,-0.001,0.982,-0.001,-0.001,-0.187,0.048,-0.009,16.166,0.095,14.356,15.951,14.146,0.816,-0.288,-0.004,0.092,-0.043,0.211,8.063,7.020,17.487,4.548,18.357,17.444,18.314
-8.293,-5.218,-0.001,0.983,-0.000,-0.001,-0.186,0.155,0.095,16.342,0.169,14.540,16.125,14.329,0.816,-0.282,-0.006,0.080,-0.020,0.232,10.815,11.517,17.571,8.057,18.360,17.393,18.353
-8.285,-5.221,-0.001,0.983,-0.000,-0.001,-0.184,0.216,0.173,16.516,0.218,14.724,16.298,14.514,0.823,-0.259,-0.007,0.058,0.005,0.356,0.642,2.942,17.283,1.006,18.582,17.130,18.616
-8.277,-5.223,-0.001,0.983,0.000,-0.001,-0.182,0.171,0.148,16.687,0.187,14.911,16.468,14.701,0.829,-0.244,-0.006,0.033,0.015,0.441,-8.265,-6.619,17.011,-6.265,18.790,16.926,18.853
-8.268,-5.226,-0.001,0.984,0.000,-0.001,-0.180,0.091,0.079,16.857,0.120,15.099,16.637,14.890,0.828,-0.248,-0.004,0.017,0.017,0.401,-5.994,-5.684,17.032,-5.672,18.804,16.986,18.867
-8.260,-5.228,-0.001,0.984,0.000,-0.001,-0.178,0.076,0.061,17.029,0.097,15.287,16.808,15.078,0.824,-0.260,-0.001,0.018,0.013,0.308,2.781,2.101,17.219,1.064,18.744,17.168,18.729
-8.252,-5.231,-0.001,0.984,0.000,-0.001,-0.177,0.130,0.110,17.201,0.132,15.474,16.980,15.265,0.825,-0.260,0.003,0.032,0.009,0.286,6.542,6.442,17.282,4.784,18.775,17.236,18.695
-8.244,-5.233,-0.001,0.985,0.001,-0.001,-0.175,0.176,0.161,17.374,0.168,15.663,17.152,15.452,0.831,-0.246,0.005,0.056,0.007,0.361,1.973,2.951,17.167,1.850,18.927,17.097,18.848
-8.235,-5.236,-0.001,0.985,0.001,-0.001,-0.173,0.164,0.159,17.545,0.162,15.853,17.322,15.642,0.837,-0.233,0.007,0.075,0.009,0.435,-3.866,-2.899,17.045,-2.739,19.079,16.921,19.028
-8.227,-5.238,-0.001,0.985,0.001,-0.001,-0.171,0.119,0.120,17.715,0.127,16.044,17.491,15.833,0.839,-0.233,0.009,0.078,0.008,0.424,-4.102,-3.869,17.036,-3.531,19.115,16.917,19.083
-8.219,-5.241,-0.001,0.986,0.002,-0.001,-0.169,0.099,0.099,17.886,0.106,16.235,17.661,16.023,0.840,-0.240,0.010,0.080,0.007,0.361,0.336,-0.078,17.088,-0.343,19.089,17.035,19.032
-8.210,-5.243,-0.001,0.986,0.002,-0.001,-0.168,0.122,0.118,18.057,0.119,16.426,17.832,16.213,0.842,-0.242,0.011,0.088,0.007,0.331,3.492,3.208,17.095,2.453,19.112,17.098,19.019
-8.202,-5.245,-0.001,0.986,0.003,-0.001,-0.166,0.152,0.148,18.227,0.142,16.618,18.002,16.404,0.846,-0.235,0.011,0.092,0.008,0.365,1.955,2.292,17.039,1.716,19.214,17.018,19.112
-8.193,-5.248,-0.001,0.986,0.003,-0.001,-0.164,0.154,0.155,18.397,0.147,16.810,18.172,16.596,0.851,-0.225,0.011,0.079,0.008,0.413,-1.348,-0.808,16.984,-0.714,19.335,16.884,19.236
-8.185,-5.250,-0.000,0.987,0.003,-0.001,-0.162,0.133,0.138,18.567,0.133,17.004,18.340,16.788,0.854,-0.222,0.011,0.047,0.008,0.421,-2.358,-2.131,16.972,-1.853,19.393,16.833,19.304
-8.176,-5.252,-0.000,0.987,0.004,-0.001,-0.160,0.117,0.122,18.737,0.119,17.198,18.509,16.982,0.857,-0.224,0.011,0.005,0.007,0.395,-0.548,-0.740,16.994,-0.708,19.381,16.879,19.305
-8.168,-5.254,-0.000,0.987,0.003,-0.001,-0.158,0.123,0.125,18.907,0.121,17.392,18.678,17.174,0.860,-0.225,0.010,-0.036,0.008,0.375,1.445,1.210,17.019,0.905,19.356,16.940,19.294
-8.159,-5.257,-0.000,0.988,0.003,-0.001,-0.156,0.139,0.140,19.077,0.132,17.585,18.848,17.367,0.864,-0.221,0.009,-0.076,0.010,0.385,1.328,1.394,17.037,1.044,19.367,16.947,19.307
-8.150,-5.259,-0.000,0.988,0.003,-0.001,-0.154,0.145,0.148,19.248,0.138,17.779,19.017,17.561,0.867,-0.214,0.008,-0.116,0.012,0.408,-0.111,0.162,17.063,0.124,19.397,16.926,19.326
-8.142,-5.261,0.000,0.988,0.002,-0.001,-0.152,0.138,0.144,19.419,0.134,17.973,19.186,17.754,0.871,-0.209,0.006,-0.154,0.014,0.421,-1.022,-0.813,17.116,-0.704,19.402,16.939,19.316
-8.133,-5.263,0.000,0.989,0.001,-0.000,-0.150,0.129,0.136,19.590,0.128,18.167,19.356,17.947,0.874,-0.207,0.004,-0.182,0.016,0.417,-0.566,-0.560,17.198,-0.512,19.360,17.009,19.270
-8.124,-5.265,0.000,0.989,0.000,-0.000,-0.148,0.128,0.134,19.763,0.125,18.360,19.526,18.139,0.876,-0.206,0.001,-0.194,0.016,0.409,0.253,0.118,17.297,0.065,19.296,17.107,19.208
-8.115,-5.267,0.000,0.989,-0.001,0.000,-0.146,0.133,0.138,19.936,0.128,18.553,19.698,18.331,0.879,-0.203,-0.002,-0.188,0.015,0.408,0.551,0.503,17.399,0.352,19.248,17.200,19.150
-8.107,-5.269,0.000,0.990,-0.002,0.000,-0.144,0.137,0.142,20.111,0.131,18.745,19.870,18.522,0.881,-0.198,-0.005,-0.167,0.013,0.413,0.209,0.267,17.496,0.158,19.225,17.279,19.103
-8.098,-5.271,0.000,0.990,-0.002,0.000,-0.142,0.137,0.143,20.286,0.131,18.937,20.044,18.713,0.882,-0.194,-0.008,-0.134,0.010,0.418,-0.121,-0.015,17.587,-0.048,19.215,17.354,19.065
-8.089,-5.273,-0.000,0.990,-0.003,0.001,-0.140,0.135,0.142,20.462,0.130,19.130,20.218,18.904,0.884,-0.190,-0.011,-0.092,0.007,0.419,-0.227,-0.132,17.673,-0.161,19.210,17.431,19.035
-8.080,-5.275,-0.000,0.990,-0.003,0.001,-0.138,0.133,0.141,20.640,0.129,19.322,20.392,19.094,0.884,-0.186,-0.013,-0.046,0.004,0.417,-0.093,-0.055,17.750,-0.083,19.211,17.505,19.016
-8.071,-5.277,-0.000,0.991,-0.003,0.001,-0.136,0.133,0.141,20.817,0.128,19.514,20.568,19.284,0.884,-0.183,-0.015,0.000,0.001,0.414,-0.007,-0.015,17.811,-0.030,19.224,17.568,19.013
-8.062,-5.278,-0.000,0.991,-0.003,0.001,-0.134,0.133,0.141,20.996,0.128,19.706,20.744,19.474,0.884,-0.179,-0.016,0.044,-0.002,0.412,0.025,0.000,17.854,-0.009,19.253,17.615,19.029
-8.054,-5.280,-0.001,0.991,-0.003,0.001,-0.132,0.133,0.141,21.174,0.128,19.899,20.920,19.665,0.884,-0.176,-0.016,0.079,-0.005,0.409,0.028,0.004,17.877,-0.002,19.295,17.646,19.062
-8.045,-5.282,-0.001,0.992,-0.002,0.001,-0.130,0.134,0.141,21.353,0.128,20.092,21.096,19.855,0.883,-0.172,-0.015,0.103,-0.008,0.407,0.019,0.003,17.883,-0.001,19.347,17.660,19.109
-8.036,-5.284,-0.001,0.992,-0.002,0.000,-0.128,0.134,0.141,21.532,0.128,20.286,21.273,20.047,0.883,-0.168,-0.013,0.114,-0.010,0.405,0.008,0.001,17.876,-0.001,19.404,17.661,19.166
-8.027,-5.285,-0.001,0.992,-0.001,0.000,-0.126,0.134,0.141,21.711,0.128,20.480,21.450,20.239,0.882,-0.164,-0.011,0.112,-0.011,0.404,0.001,0.000,17.858,-0.002,19.461,17.652,19.229
-8.018,-5.287,-0.001,0.992,-0.001,0.000,-0.124,0.134,0.141,21.889,0.128,20.675,21.626,20.431,0.881,-0.161,-0.009,0.100,-0.011,0.402,-0.002,-0.001,17.835,-0.002,19.514,17.637,19.292
-8.009,-5.289,-0.001,0.993,-0.000,0.000,-0.122,0.134,0.141,22.067,0.128,20.871,21.802,20.625,0.881,-0.157,-0.007,0.080,-0.011,0.402,-0.003,-0.001,17.811,-0.001,19.561,17.620,19.352
-8.001,-5.290,-0.001,0.993,0.000,0.000,-0.120,0.134,0.141,22.245,0.128,21.066,21.978,20.818,0.881,-0.154,-0.004,0.056,-0.010,0.401,-0.002,-0.002,17.789,-0.001,19.599,17.604,19.404
-7.992,-5.292,-0.001,0.993,0.000,-0.000,-0.118,0.134,0.141,22.423,0.128,21.262,22.154,21.013,0.881,-0.150,-0.002,0.033,-0.008,0.401,-0.001,-0.002,17.772,-0.000,19.629,17.593,19.448
-7.983,-5.293,-0.001,0.993,0.000,-0.000,-0.116,0.134,0.141,22.601,0.128,21.459,22.330,21.207,0.881,-0.146,-0.000,0.014,-0.007,0.401,-0.000,-0.002,17.761,-0.000,19.651,17.588,19.483
-7.974,-5.295,-0.001,0.994,0.000,-0.000,-0.114,0.134,0.141,22.778,0.128,21.655,22.506,21.402,0.882,-0.143,0.001,0.003,-0.006,0.402,-0.000,-0.003,17.755,-0.000,19.669,17.588,19.511
-7.965,-5.296,-0.001,0.994,0.000,-0.000,-0.112,0.134,0.141,22.956,0.128,21.852,22.682,21.598,0.883,-0.139,0.002,-0.001,-0.005,0.403,-0.001,-0.003,17.753,-0.001,19.683,17.594,19.533
-7.956,-5.297,-0.001,0.994,0.000,-0.000,-0.110,0.134,0.141,23.133,0.128,22.049,22.858,21.793,0.884,-0.136,0.003,0.004,-0.006,0.403,-0.001,-0.004,17.753,-0.002,19.698,17.602,19.553
-7.948,-5.299,-0.001,0.994,0.000,-0.000,-0.108,0.134,0.141,23.311,0.128,22.246,23.034,21.989,0.886,-0.132,0.004,0.016,-0.006,0.404,-0.001,-0.004,17.751,-0.003,19.715,17.610,19.574
-7.939,-5.300,-0.001,0.994,0.001,-0.000,-0.106,0.134,0.141,23.488,0.128,22.443,23.210,22.184,0.888,-0.129,0.006,0.032,-0.008,0.404,-0.002,-0.005,17.744,-0.004,19.734,17.616,19.598
-7.930,-5.301,-0.001,0.995,0.001,-0.000,-0.104,0.134,0.141,23.666,0.128,22.641,23.386,22.381,0.890,-0.126,0.007,0.049,-0.009,0.404,-0.002,-0.005,17.731,-0.005,19.756,17.616,19.625
-7.921,-5.302,-0.001,0.995,0.001,-0.000,-0.102,0.134,0.141,23.843,0.128,22.839,23.563,22.577,0.892,-0.122,0.009,0.063,-0.011,0.405,-0.002,-0.005,17.710,-0.006,19.780,17.609,19.657
-7.912,-5.304,-0.001,0.995,0.001,-0.001,-0.100,0.134,0.141,24.020,0.128,23.036,23.739,22.774,0.894,-0.119,0.011,0.071,-0.011,0.405,-0.002,-0.005,17.681,-0.007,19.803,17.594,19.691
-7.903,-5.305,-0.001,0.995,0.002,-0.001,-0.098,0.134,0.141,24.197,0.127,23.235,23.914,22.971,0.896,-0.116,0.014,0.070,-0.011,0.406,-0.001,-0.005,17.647,-0.007,19.823,17.573,19.725
-7.894,-5.306,-0.001,0.995,0.002,-0.001,-0.096,0.134,0.140,24.373,0.127,23.433,24.090,23.168,0.899,-0.113,0.016,0.060,-0.009,0.407,-0.001,-0.004,17.612,-0.007,19.836,17.546,19.755
-7.885,-5.307,-0.001,0.996,0.002,-0.001,-0.093,0.134,0.140,24.549,0.127,23.631,24.265,23.366,0.902,-0.109,0.018,0.040,-0.006,0.408,-0.001,-0.003,17.578,-0.006,19.840,17.516,19.777
-7.876,-5.308,-0.000,0.996,0.002,-0.001,-0.091,0.134,0.140,24.725,0.127,23.830,24.440,23.564,0.904,-0.106,0.019,0.012,-0.001,0.410,-0.000,-0.002,17.550,-0.005,19.833,17.488,19.787
-7.867,-5.309,-0.000,0.996,0.002,-0.001,-0.089,0.134,0.140,24.900,0.127,24.028,24.615,23.762,0.907,-0.103,0.019,-0.020,0.005,0.411,0.000,-0.001,17.533,-0.004,19.816,17.465,19.783
-7.858,-5.310,0.000,0.996,0.002,-0.001,-0.087,0.134,0.140,25.075,0.127,24.226,24.790,23.959,0.910,-0.099,0.018,-0.053,0.012,0.413,0.000,-0.000,17.529,-0.003,19.790,17.450,19.763
-7.849,-5.311,0.000,0.996,0.002,-0.001,-0.085,0.134,0.140,25.251,0.127,24.424,24.964,24.157,0.913,-0.096,0.015,-0.083,0.018,0.416,0.001,0.001,17.542,-0.002,19.758,17.446,19.730
-7.840,-5.312,0.000,0.997,0.001,-0.000,-0.083,0.134,0.140,25.426,0.127,24.621,25.139,24.354,0.916,-0.092,0.011,-0.107,0.025,0.417,0.001,0.002,17.571,-0.001,19.724,17.453,19.685
-7.830,-5.313,0.000,0.997,0.001,-0.000,-0.081,0.134,0.140,25.602,0.127,24.818,25.313,24.551,0.918,-0.088,0.006,-0.122,0.031,0.419,0.001,0.004,17.617,0.000,19.691,17.473,19.632
-7.821,-5.314,0.000,0.997,0.000,-0.000,-0.079,0.134,0.140,25.778,0.127,25.015,25.488,24.747,0.920,-0.084,0.001,-0.127,0.034,0.420,0.001,0.005,17.677,0.001,19.664,17.505,19.578
-7.812,-5.315,0.000,0.997,-0.000,0.000,-0.077,0.134,0.141,25.956,0.127,25.212,25.663,24.942,0.922,-0.080,-0.005,-0.119,0.034,0.421,0.002,0.006,17.748,0.002,19.646,17.547,19.526
-7.803,-5.316,0.000,0.997,-0.001,0.000,-0.075,0.134,0.141,26.133,0.127,25.408,25.839,25.137,0.922,-0.076,-0.011,-0.101,0.030,0.422,0.002,0.006,17.826,0.003,19.639,17.595,19.483
-7.794,-5.316,0.000,0.997,-0.001,0.000,-0.073,0.134,0.141,26.312,0.127,25.604,26.015,25.332,0.922,-0.072,-0.016,-0.075,0.024,0.421,0.001,0.006,17.904,0.004,19.645,17.648,19.452
-7.784,-5.317,0.000,0.998,-0.002,0.001,-0.071,0.134,0.141,26.492,0.127,25.801,26.192,25.526,0.922,-0.068,-0.020,-0.044,0.016,0.420,0.001,0.006,17.976,0.004,19.663,17.700,19.436
-7.775,-5.318,-0.000,0.998,-0.002,0.001,-0.069,0.134,0.141,26.672,0.127,25.998,26.369,25.721,0.920,-0.064,-0.022,-0.012,0.007,0.419,0.001,0.005,18.037,0.004,19.690,17.748,19.436
-7.766,-5.318,-0.000,0.998,-0.002,0.001,-0.066,0.134,0.141,26.852,0.127,26.195,26.547,25.915,0.919,-0.060,-0.023,0.018,-0.002,0.417,0.001,0.004,18.083,0.004,19.724,17.790,19.451
-7.757,-5.319,-0.001,0.998,-0.002,0.001,-0.064,0.134,0.141,27.033,0.127,26.392,26.725,26.110,0.917,-0.056,-0.022,0.042,-0.010,0.416,0.000,0.004,18.113,0.003,19.763,17.823,19.479
-7.748,-5.319,-0.001,0.998,-0.001,0.001,-0.062,0.134,0.141,27.214,0.127,26.590,26.903,26.305,0.914,-0.052,-0.020,0.059,-0.016,0.414,0.000,0.003,18.125,0.003,19.802,17.845,19.516
-7.739,-5.320,-0.001,0.998,-0.001,0.000,-0.060,0.134,0.141,27.396,0.127,26.788,27.082,26.500,0.912,-0.048,-0.017,0.068,-0.021,0.412,0.000,0.002,18.122,0.003,19.838,17.857,19.560
-7.729,-5.320,-0.001,0.998,-0.001,0.000,-0.058,0.134,0.141,27.577,0.127,26.987,27.261,26.696,0.910,-0.045,-0.013,0.068,-0.023,0.410,0.000,0.002,18.107,0.002,19.868,17.860,19.605
-7.720,-5.321,-0.001,0.998,-0.000,0.000,-0.056,0.134,0.141,27.758,0.127,27.185,27.439,26.892,0.908,-0.041,-0.009,0.061,-0.022,0.409,0.000,0.001,18.083,0.002,19.890,17.854,19.648
-7.711,-5.321,-0.001,0.999,-0.000,0.000,-0.054,0.134,0.141,27.938,0.128,27.384,27.618,27.089,0.906,-0.037,-0.005,0.049,-0.020,0.408,0.000,0.001,18.054,0.002,19.905,17.844,19.686
-7.702,-5.322,-0.001,0.999,0.000,-0.000,-0.052,0.134,0.141,28.119,0.128,27.584,27.796,27.286,0.905,-0.034,-0.002,0.034,-0.015,0.408,0.000,0.001,18.026,0.002,19.912,17.831,19.716
-7.693,-5.322,-0.001,0.999,0.000,-0.000,-0.050,0.134,0.141,28.299,0.128,27.783,27.974,27.483,0.905,-0.030,0.000,0.019,-0.010,0.407,-0.000,-0.000,18.002,0.001,19.915,17.819,19.738
-7.684,-5.322,-0.001,0.999,0.000,-0.000,-0.048,0.134,0.141,28.479,0.128,27.982,28.152,27.680,0.904,-0.026,0.002,0.006,-0.005,0.408,-0.000,-0.001,17.984,0.001,19.916,17.810,19.753
-7.675,-5.322,-0.001,0.999,0.000,-0.000,-0.046,0.134,0.141,28.659,0.128,28.181,28.330,27.878,0.904,-0.023,0.002,-0.002,-0.001,0.408,-0.001,-0.002,17.974,0.000,19.916,17.805,19.762
-7.666,-5.323,-0.001,0.999,0.000,-0.000,-0.044,0.134,0.141,28.838,0.128,28.380,28.508,28.076,0.904,-0.019,0.002,-0.006,0.001,0.408,-0.001,-0.002,17.971,-0.001,19.918,17.805,19.770
-7.657,-5.323,-0.001,0.999,0.000,-0.000,-0.042,0.134,0.141,29.018,0.128,28.579,28.687,28.273,0.905,-0.015,0.002,-0.005,0.001,0.409,-0.001,-0.003,17.973,-0.002,19.924,17.810,19.777
-7.648,-5.323,-0.001,0.999,0.000,-0.000,-0.040,0.134,0.141,29.198,0.128,28.779,28.865,28.471,0.906,-0.011,0.002,-0.001,-0.002,0.409,-0.001,-0.004,17.978,-0.003,19.933,17.818,19.787
-7.639,-5.323,-0.001,0.999,0.000,-0.000,-0.038,0.134,0.141,29.378,0.127,28.978,29.043,28.669,0.907,-0.008,0.003,0.006,-0.006,0.409,-0.002,-0.004,17.982,-0.004,19.944,17.829,19.800
-7.630,-5.323,-0.001,0.999,0.000,-0.000,-0.036,0.134,0.141,29.558,0.127,29.178,29.221,28.867,0.908,-0.004,0.004,0.014,-0.011,0.409,-0.002,-0.005,17.983,-0.005,19.955,17.840,19.817
-7.621,-5.323,-0.001,0.999,0.000,-0.000,-0.034,0.134,0.141,29.737,0.127,29.377,29.400,29.066,0.909,-0.000,0.006,0.021,-0.016,0.410,-0.001,-0.005,17.977,-0.005,19.964,17.849,19.837
-7.612,-5.323,-0.001,0.999,0.000,-0.000,-0.032,0.134,0.141,29.917,0.127,29.577,29.578,29.264,0.910,0.003,0.009,0.024,-0.021,0.410,-0.001,-0.005,17.964,-0.005,19.967,17.854,19.857
-7.603,-5.323,-0.001,1.000,0.001,-0.000,-0.030,0.134,0.141,30.097,0.127,29.776,29.757,29.463,0.912,0.007,0.013,0.024,-0.023,0.411,-0.001,-0.005,17.942,-0.005,19.963,17.854,19.875
-7.593,-5.323,-0.001,1.000,0.001,-0.001,-0.028,0.134,0.141,30.276,0.127,29.976,29.935,29.662,0.914,0.010,0.017,0.020,-0.022,0.411,-0.001,-0.004,17.914,-0.005,19.950,17.847,19.888
-7.584,-5.323,-0.001,1.000,0.001,-0.001,-0.026,0.134,0.141,30.455,0.127,30.175,30.114,29.860,0.916,0.014,0.020,0.013,-0.019,0.412,-0.001,-0.004,17.882,-0.004,19.927,17.834,19.891
-7.575,-5.323,-0.000,1.000,0.001,-0.001,-0.023,0.134,0.141,30.634,0.127,30.375,30.292,30.059,0.918,0.018,0.022,0.003,-0.012,0.414,-0.000,-0.003,17.848,-0.004,19.897,17.815,19.883
-7.566,-5.322,-0.000,1.000,0.001,-0.001,-0.021,0.134,0.140,30.812,0.127,30.573,30.470,30.258,0.921,0.022,0.024,-0.007,-0.003,0.415,-0.000,-0.003,17.817,-0.003,19.862,17.792,19.864
-7.557,-5.322,0.000,1.000,0.001,-0.001,-0.019,0.134,0.140,30.990,0.127,30.772,30.648,30.457,0.923,0.026,0.023,-0.017,0.009,0.417,-0.000,-0.002,17.792,-0.002,19.826,17.767,19.835
-7.547,-5.322,0.000,1.000,0.001,-0.001,-0.017,0.134,0.140,31.168,0.127,30.970,30.825,30.655,0.926,0.030,0.020,-0.024,0.020,0.418,0.000,-0.001,17.777,-0.002,19.794,17.741,19.797
-7.538,-5.322,0.000,1.000,0.000,-0.001,-0.015,0.134,0.140,31.345,0.127,31.168,31.003,30.852,0.928,0.034,0.016,-0.028,0.030,0.420,0.000,-0.000,17.773,-0.001,19.770,17.718,19.756
-7.529,-5.321,0.001,1.000,0.000,-0.000,-0.013,0.134,0.140,31.523,0.127,31.365,31.180,31.050,0.930,0.038,0.010,-0.029,0.039,0.421,0.001,0.000,17.782,0.000,19.757,17.698,19.714
-7.520,-5.321,0.001,1.000,0.000,-0.000,-0.011,0.134,0.140,31.701,0.127,31.563,31.357,31.247,0.931,0.042,0.003,-0.026,0.044,0.422,0.001,0.001,17.803,0.001,19.757,17.684,19.676
-7.510,-5.320,0.001,1.000,0.000,0.000,-0.009,0.134,0.140,31.879,0.127,31.760,31.533,31.443,0.932,0.046,-0.004,-0.021,0.046,0.422,0.001,0.002,17.835,0.002,19.771,17.677,19.647
-7.501,-5.320,0.001,1.000,-0.000,0.000,-0.007,-0.033,0.005,32.060,0.008,31.959,31.711,31.639,0.929,0.024,-0.011,-0.041,0.041,0.285,-26.769,-22.571,18.339,-20.359,19.750,17.889,19.329
-7.492,-5.320,0.000,1.000,-0.000,0.000,-0.006,-0.257,-0.198,32.246,-0.188,32.154,31.893,31.829,0.926,-0.028,-0.008,-0.095,-0.006,-0.049,-13.794,-14.200,18.891,-14.377,19.198,18.543,18.703
-7.482,-5.321,0.000,1.000,-0.001,0.000,-0.007,-0.262,-0.240,32.437,-0.210,32.342,32.082,32.012,0.924,-0.071,-0.008,-0.055,-0.052,-0.327,11.523,5.294,19.294,9.763,18.563,19.181,18.071
-7.473,-5.321,0.000,1.000,-0.001,-0.000,-0.009,-0.086,-0.127,32.631,-0.046,32.526,32.275,32.192,0.923,-0.074,-0.020,0.015,-0.020,-0.354,19.233,14.376,19.458,18.751,18.206,19.394,17.906
-7.464,-5.322,-0.000,1.000,-0.001,-0.000,-0.011,0.033,-0.025,32.825,0.079,32.708,32.468,32.372,0.922,-0.052,-0.028,0.041,0.007,-0.216,2.778,3.862,19.325,4.408,18.288,19.233,18.131
-7.455,-5.322,-0.000,1.000,-0.001,-0.000,-0.011,-0.036,-0.068,33.018,0.033,32.892,32.660,32.554,0.920,-0.041,-0.028,0.031,0.005,-0.133,-13.912,-10.610,19.196,-11.704,18.429,19.100,18.329
-7.446,-5.323,-0.001,1.000,-0.000,-0.000,-0.012,-0.174,-0.180,33.210,-0.100,33.076,32.851,32.737,0.916,-0.057,-0.024,0.019,-0.009,-0.214,-10.829,-9.258,19.356,-11.989,18.315,19.242,18.212
-7.436,-5.324,-0.001,1.000,-0.000,-0.000,-0.014,-0.208,-0.217,33.406,-0.155,33.258,33.045,32.918,0.908,-0.082,-0.018,0.027,-0.028,-0.358,3.947,1.948,19.676,1.307,18.103,19.495,17.893
-7.427,-5.324,-0.001,1.000,-0.000,-0.000,-0.016,-0.119,-0.153,33.604,-0.089,33.438,33.241,33.096,0.903,-0.090,-0.013,0.030,-0.034,-0.399,11.418,9.070,19.868,9.802,18.026,19.593,17.757
-7.418,-5.325,-0.001,1.000,-0.000,-0.000,-0.017,-0.034,-0.077,33.801,-0.011,33.619,33.436,33.274,0.904,-0.078,-0.009,0.023,-0.032,-0.309,4.181,4.832,19.682,4.233,18.099,19.498,17.960
-7.409,-5.326,-0.001,1.000,0.000,-0.001,-0.019,-0.051,-0.076,33.997,-0.021,33.800,33.630,33.455,0.906,-0.065,-0.006,0.010,-0.023,-0.217,-6.572,-4.125,19.370,-5.619,18.172,19.384,18.232
-7.400,-5.327,-0.001,1.000,0.000,-0.001,-0.020,-0.130,-0.133,34.190,-0.097,33.982,33.824,33.638,0.905,-0.072,-0.004,-0.000,-0.007,-0.238,-7.418,-5.812,19.332,-7.776,18.128,19.417,18.253
-7.391,-5.328,-0.001,1.000,0.000,-0.001,-0.021,-0.167,-0.165,34.384,-0.144,34.163,34.019,33.819,0.900,-0.091,-0.002,-0.009,0.006,-0.337,0.439,-0.173,19.586,-1.055,18.037,19.546,18.016
-7.382,-5.328,-0.001,1.000,-0.000,-0.001,-0.023,-0.127,-0.138,34.581,-0.118,34.343,34.215,33.999,0.896,-0.101,-0.001,-0.006,0.016,-0.387,6.258,4.843,19.781,5.154,18.023,19.614,17.845
-7.373,-5.329,-0.001,1.000,-0.000,-0.001,-0.025,-0.073,-0.091,34.779,-0.069,34.523,34.411,34.177,0.898,-0.095,-0.001,0.003,0.019,-0.339,3.642,3.612,19.702,3.566,18.076,19.569,17.937
-7.364,-5.330,-0.001,1.000,-0.000,-0.000,-0.026,-0.069,-0.080,34.975,-0.062,34.704,34.606,34.358,0.902,-0.087,-0.001,0.005,0.018,-0.272,-2.645,-1.369,19.510,-2.053,18.133,19.496,18.134
-7.355,-5.331,-0.001,1.000,-0.000,-0.000,-0.028,-0.110,-0.109,35.170,-0.100,34.886,34.801,34.539,0.903,-0.090,-0.001,-0.005,0.016,-0.271,-4.555,-3.474,19.478,-4.458,18.136,19.511,18.192
-7.346,-5.332,-0.001,1.000,-0.000,-0.000,-0.029,-0.139,-0.133,35.365,-0.132,35.067,34.997,34.721,0.901,-0.103,-0.000,-0.012,0.013,-0.328,-0.869,-1.000,19.635,-1.525,18.109,19.604,18.080
-7.337,-5.333,-0.001,1.000,-0.000,-0.000,-0.031,-0.126,-0.126,35.562,-0.126,35.248,35.193,34.901,0.900,-0.112,0.001,-0.005,0.006,-0.369,3.017,2.145,19.787,2.359,18.109,19.684,17.974
-7.328,-5.334,-0.001,0.999,-0.000,-0.000,-0.033,-0.094,-0.101,35.760,-0.098,35.429,35.390,35.081,0.902,-0.112,0.002,0.013,-0.004,-0.353,2.558,2.260,19.795,2.448,18.154,19.695,18.015
-7.319,-5.336,-0.001,0.999,0.000,-0.000,-0.034,-0.085,-0.090,35.958,-0.087,35.611,35.587,35.262,0.905,-0.108,0.005,0.027,-0.013,-0.311,-0.655,-0.119,19.711,-0.246,18.222,19.660,18.145
-7.310,-5.337,-0.001,0.999,0.000,-0.000,-0.036,-0.103,-0.101,36.155,-0.101,35.794,35.784,35.444,0.907,-0.109,0.008,0.031,-0.020,-0.296,-2.400,-1.755,19.666,-2.172,18.261,19.651,18.228
-7.301,-5.338,-0.001,0.999,0.000,-0.000,-0.038,-0.121,-0.116,36.352,-0.120,35.976,35.980,35.626,0.908,-0.116,0.012,0.031,-0.024,-0.322,-1.033,-1.002,19.700,-1.250,18.247,19.697,18.213
-7.292,-5.339,-0.001,0.999,0.000,-0.001,-0.039,-0.120,-0.118,36.549,-0.122,36.158,36.178,35.808,0.908,-0.124,0.015,0.033,-0.024,-0.353,1.063,0.557,19.742,0.698,18.210,19.752,18.169
-7.283,-5.340,-0.001,0.999,0.001,-0.001,-0.041,-0.106,-0.108,36.746,-0.110,36.340,36.375,35.989,0.911,-0.128,0.019,0.035,-0.022,-0.357,1.457,1.158,19.727,1.309,18.197,19.761,18.176
-7.274,-5.341,-0.001,0.999,0.001,-0.001,-0.043,-0.097,-0.100,36.943,-0.101,36.523,36.573,36.171,0.914,-0.128,0.021,0.032,-0.016,-0.338,0.253,0.390,19.662,0.423,18.219,19.719,18.231
-7.265,-5.343,-0.000,0.999,0.001,-0.001,-0.044,-0.101,-0.101,37.140,-0.103,36.705,36.769,36.354,0.916,-0.129,0.023,0.019,-0.006,-0.323,-0.907,-0.558,19.602,-0.656,18.239,19.666,18.275
-7.255,-5.344,-0.000,0.999,0.001,-0.001,-0.046,-0.110,-0.108,37.335,-0.111,36.887,36.966,36.537,0.919,-0.133,0.022,-0.001,0.005,-0.328,-0.723,-0.537,19.580,-0.712,18.224,19.641,18.269
-7.246,-5.345,0.000,0.999,0.001,-0.001,-0.048,-0.114,-0.110,37.531,-0.115,37.069,37.162,36.719,0.921,-0.139,0.020,-0.022,0.017,-0.341,0.056,0.008,19.586,-0.099,18.185,19.636,18.230
-7.237,-5.347,0.000,0.999,0.001,-0.001,-0.049,-0.110,-0.108,37.727,-0.113,37.251,37.359,36.901,0.923,-0.143,0.017,-0.041,0.028,-0.347,0.583,0.463,19.598,0.435,18.152,19.630,18.192
-7.228,-5.348,0.000,0.999,0.001,-0.001,-0.051,-0.105,-0.103,37.923,-0.109,37.432,37.555,37.083,0.925,-0.146,0.011,-0.058,0.038,-0.343,0.341,0.336,19.612,0.301,18.146,19.611,18.168
-7.219,-5.350,0.001,0.999,0.000,-0.000,-0.053,-0.103,-0.101,38.119,-0.107,37.614,37.751,37.265,0.927,-0.148,0.005,-0.073,0.044,-0.336,-0.038,0.071,19.638,0.033,18.154,19.596,18.146
-7.209,-5.351,0.001,0.999,-0.000,-0.000,-0.054,-0.105,-0.102,38.316,-0.108,37.795,37.947,37.446,0.928,-0.151,-0.002,-0.083,0.048,-0.332,-0.234,-0.102,19.685,-0.185,18.164,19.597,18.118
-7.200,-5.353,0.000,0.998,-0.001,0.000,-0.056,-0.107,-0.102,38.513,-0.110,37.977,38.143,37.627,0.928,-0.154,-0.009,-0.085,0.046,-0.332,-0.131,-0.051,19.752,-0.131,18.172,19.619,18.084
-7.191,-5.354,0.000,0.998,-0.001,0.000,-0.058,-0.108,-0.103,38.711,-0.111,38.159,38.339,37.808,0.927,-0.158,-0.015,-0.079,0.041,-0.333,-0.023,-0.012,19.832,-0.049,18.184,19.656,18.053
-7.181,-5.356,0.000,0.998,-0.001,0.001,-0.059,-0.108,-0.103,38.910,-0.111,38.341,38.536,37.988,0.926,-0.161,-0.020,-0.064,0.031,-0.334,0.024,0.006,19.915,-0.013,18.202,19.702,18.031
-7.172,-5.358,-0.000,0.998,-0.002,0.001,-0.061,-0.107,-0.103,39.109,-0.111,38.523,38.733,38.168,0.924,-0.164,-0.023,-0.043,0.019,-0.334,0.032,0.010,19.993,0.000,18.228,19.752,18.021
-7.163,-5.359,-0.000,0.998,-0.002,0.001,-0.063,-0.107,-0.103,39.310,-0.111,38.705,38.931,38.349,0.922,-0.167,-0.024,-0.019,0.007,-0.334,0.024,0.009,20.059,0.003,18.257,19.803,18.024
-7.154,-5.361,-0.000,0.998,-0.002,0.001,-0.064,-0.107,-0.102,39.510,-0.111,38.888,39.129,38.529,0.919,-0.169,-0.024,0.006,-0.005,-0.334,0.012,0.006,20.109,0.003,18.289,19.851,18.039
-7.145,-5.363,-0.001,0.998,-0.002,0.001,-0.066,-0.107,-0.102,39.712,-0.111,39.071,39.328,38.709,0.916,-0.172,-0.022,0.028,-0.014,-0.333,0.003,0.004,20.142,0.002,18.321,19.892,18.064
-7.135,-5.364,-0.001,0.998,-0.001,0.001,-0.068,-0.107,-0.102,39.913,-0.111,39.255,39.527,38.890,0.913,-0.175,-0.018,0.046,-0.022,-0.333,-0.002,0.002,20.156,0.001,18.352,19.925,18.098
-7.126,-5.366,-0.001,0.998,-0.001,0.001,-0.069,-0.107,-0.102,40.115,-0.111,39.438,39.727,39.071,0.910,-0.177,-0.015,0.057,-0.026,-0.333,-0.003,0.001,20.155,0.001,18.379,19.946,18.138
-7.117,-5.368,-0.001,0.997,-0.001,0.000,-0.071,-0.107,-0.102,40.316,-0.111,39.622,39.926,39.253,0.908,-0.180,-0.011,0.061,-0.026,-0.333,-0.002,-0.000,20.141,-0.000,18.401,19.958,18.180
-7.108,-5.370,-0.001,0.997,-0.001,0.000,-0.073,-0.107,-0.102,40.518,-0.111,39.806,40.126,39.435,0.906,-0.183,-0.007,0.058,-0.024,-0.333,-0.001,-0.001,20.120,-0.001,18.419,19.960,18.221
-7.099,-5.372,-0.001,0.997,-0.000,0.000,-0.074,-0.107,-0.102,40.719,-0.111,39.990,40.325,39.617,0.904,-0.185,-0.004,0.048,-0.020,-0.333,-0.001,-0.001,20.096,-0.001,18.432,19.957,18.259
-7.090,-5.373,-0.001,0.997,-0.000,0.000,-0.076,-0.107,-0.102,40.920,-0.111,40.175,40.525,39.800,0.903,-0.188,-0.001,0.035,-0.015,-0.333,-0.000,-0.002,20.074,-0.001,18.441,19.951,18.290
-7.081,-5.375,-0.001,0.997,-0.000,-0.000,-0.078,-0.107,-0.102,41.120,-0.111,40.359,40.724,39.983,0.902,-0.191,0.000,0.020,-0.010,-0.333,-0.001,-0.002,20.057,-0.001,18.447,19.946,18.316
-7.072,-5.377,-0.001,0.997,-0.000,-0.000,-0.079,-0.107,-0.102,41.321,-0.111,40.544,40.924,40.167,0.901,-0.194,0.001,0.008,-0.006,-0.333,-0.001,-0.003,20.046,-0.002,18.452,19.944,18.335
-7.063,-5.379,-0.001,0.997,0.000,-0.000,-0.081,-0.107,-0.102,41.521,-0.111,40.728,41.123,40.350,0.901,-0.197,0.002,0.000,-0.003,-0.332,-0.001,-0.004,20.042,-0.002,18.457,19.946,18.350
-7.054,-5.381,-0.001,0.997,0.000,-0.000,-0.083,-0.107,-0.103,41.722,-0.111,40.913,41.323,40.534,0.901,-0.200,0.002,-0.001,-0.003,-0.333,-0.001,-0.004,20.043,-0.002,18.464,19.953,18.362
-7.045,-5.383,-0.001,0.996,0.000,-0.000,-0.084,-0.107,-0.103,41.922,-0.111,41.098,41.522,40.717,0.901,-0.203,0.003,0.004,-0.005,-0.333,-0.002,-0.005,20.045,-0.003,18.473,19.964,18.374
-7.036,-5.385,-0.001,0.996,0.000,-0.000,-0.086,-0.107,-0.103,42.122,-0.111,41.282,41.722,40.901,0.901,-0.207,0.004,0.016,-0.008,-0.333,-0.002,-0.006,20.044,-0.004,18.486,19.976,18.389
-7.027,-5.387,-0.001,0.996,0.000,-0.000,-0.088,-0.107,-0.103,42.323,-0.111,41.467,41.922,41.085,0.901,-0.210,0.005,0.032,-0.013,-0.334,-0.002,-0.006,20.037,-0.005,18.501,19.986,18.407
-7.018,-5.389,-0.001,0.996,0.000,-0.000,-0.089,-0.107,-0.103,42.523,-0.111,41.652,42.122,41.269,0.902,-0.213,0.007,0.049,-0.017,-0.334,-0.002,-0.007,20.020,-0.005,18.518,19.990,18.431
-7.009,-5.392,-0.001,0.996,0.001,-0.000,-0.091,-0.107,-0.103,42.723,-0.111,41.838,42.322,41.454,0.902,-0.216,0.010,0.064,-0.020,-0.335,-0.002,-0.007,19.992,-0.006,18.536,19.987,18.460
-7.000,-5.394,-0.001,0.996,0.001,-0.001,-0.093,-0.107,-0.103,42.923,-0.111,42.023,42.521,41.638,0.903,-0.220,0.013,0.074,-0.021,-0.337,-0.002,-0.007,19.954,-0.007,18.552,19.973,18.493
-6.991,-5.396,-0.001,0.996,0.001,-0.001,-0.094,-0.107,-0.103,43.122,-0.111,42.209,42.721,41.823,0.905,-0.223,0.015,0.075,-0.020,-0.338,-0.002,-0.007,19.910,-0.007,18.565,19.950,18.526
-6.982,-5.398,-0.001,0.995,0.002,-0.001,-0.096,-0.107,-0.103,43.321,-0.111,42.394,42.920,42.009,0.906,-0.227,0.018,0.066,-0.016,-0.339,-0.002,-0.006,19.864,-0.007,18.573,19.917,18.556
-6.973,-5.401,-0.000,0.995,0.002,-0.001,-0.098,-0.107,-0.103,43.520,-0.111,42.580,43.119,42.195,0.907,-0.231,0.019,0.046,-0.009,-0.340,-0.001,-0.005,19.820,-0.006,18.573,19.879,18.578
-6.964,-5.403,-0.000,0.995,0.002,-0.001,-0.099,-0.107,-0.103,43.718,-0.111,42.766,43.318,42.380,0.909,-0.235,0.019,0.017,-0.001,-0.341,-0.000,-0.004,19.785,-0.005,18.565,19.840,18.589
-6.955,-5.405,-0.000,0.995,0.002,-0.001,-0.101,-0.107,-0.103,43.915,-0.111,42.951,43.516,42.566,0.910,-0.239,0.018,-0.019,0.008,-0.341,0.000,-0.002,19.765,-0.004,18.547,19.805,18.586
-6.945,-5.408,0.000,0.995,0.002,-0.001,-0.103,-0.107,-0.103,44.113,-0.111,43.137,43.714,42.752,0.912,-0.242,0.016,-0.057,0.018,-0.341,0.001,0.001,19.762,-0.003,18.522,19.779,18.567
-6.936,-5.410,0.000,0.995,0.002,-0.001,-0.105,-0.107,-0.103,44.311,-0.112,43.322,43.912,42.938,0.913,-0.246,0.012,-0.094,0.027,-0.341,0.001,0.003,19.780,-0.002,18.491,19.765,18.532
-6.927,-5.413,0.000,0.994,0.001,-0.001,-0.106,-0.107,-0.103,44.509,-0.112,43.507,44.109,43.123,0.914,-0.249,0.007,-0.127,0.035,-0.340,0.002,0.006,19.819,-0.001,18.456,19.767,18.482
-6.918,-5.415,0.000,0.994,0.000,-0.000,-0.108,-0.107,-0.103,44.707,-0.112,43.691,44.307,43.307,0.914,-0.253,0.002,-0.150,0.040,-0.340,0.002,0.008,19.877,-0.000,18.420,19.785,18.422
-6.909,-5.418,0.000,0.994,-0.000,0.000,-0.110,-0.107,-0.103,44.906,-0.112,43.875,44.505,43.491,0.913,-0.256,-0.004,-0.159,0.042,-0.339,0.002,0.010,19.951,0.001,18.386,19.818,18.355
-6.900,-5.420,0.000,0.994,-0.001,0.000,-0.111,-0.107,-0.103,45.106,-0.112,44.059,44.704,43.674,0.913,-0.259,-0.008,-0.153,0.039,-0.338,0.002,0.011,20.037,0.002,18.358,19.866,18.287
-6.891,-5.423,0.000,0.994,-0.002,0.001,-0.113,-0.107,-0.103,45.307,-0.111,44.242,44.903,43.857,0.911,-0.262,-0.013,-0.132,0.032,-0.337,0.002,0.011,20.126,0.003,18.336,19.922,18.224
-6.882,-5.425,0.000,0.993,-0.002,0.001,-0.115,-0.107,-0.103,45.509,-0.111,44.425,45.102,44.039,0.909,-0.264,-0.016,-0.100,0.023,-0.337,0.002,0.010,20.211,0.004,18.323,19.982,18.172
-6.873,-5.428,-0.000,0.993,-0.003,0.001,-0.116,-0.107,-0.103,45.711,-0.111,44.609,45.302,44.220,0.907,-0.267,-0.018,-0.061,0.013,-0.336,0.001,0.008,20.282,0.005,18.319,20.041,18.133
-6.863,-5.431,-0.000,0.993,-0.003,0.001,-0.118,-0.107,-0.102,45.914,-0.111,44.792,45.503,44.402,0.904,-0.269,-0.019,-0.019,0.005,-0.336,0.001,0.006,20.336,0.005,18.325,20.092,18.110
-6.854,-5.433,-0.000,0.993,-0.003,0.001,-0.120,-0.107,-0.102,46.118,-0.111,44.975,45.704,44.583,0.901,-0.272,-0.018,0.022,-0.002,-0.336,0.001,0.004,20.369,0.005,18.341,20.133,18.106
-6.845,-5.436,-0.001,0.993,-0.003,0.001,-0.121,-0.107,-0.102,46.322,-0.111,45.159,45.905,44.764,0.898,-0.274,-0.017,0.057,-0.008,-0.336,0.000,0.002,20.384,0.005,18.366,20.161,18.118
-6.836,-5.439,-0.001,0.992,-0.002,0.001,-0.123,-0.107,-0.102,46.525,-0.111,45.343,46.107,44.945,0.895,-0.277,-0.015,0.083,-0.013,-0.336,-0.000,-0.000,20.381,0.004,18.397,20.175,18.146
-6.828,-5.442,-0.001,0.992,-0.002,0.001,-0.125,-0.107,-0.102,46.729,-0.111,45.527,46.309,45.127,0.892,-0.279,-0.013,0.097,-0.016,-0.337,-0.001,-0.001,20.364,0.003,18.433,20.176,18.186
-6.819,-5.445,-0.001,0.992,-0.001,0.001,-0.126,-0.107,-0.102,46.933,-0.111,45.711,46.511,45.309,0.890,-0.282,-0.010,0.100,-0.017,-0.337,-0.001,-0.002,20.338,0.002,18.470,20.167,18.233
-6.810,-5.447,-0.001,0.992,-0.001,0.000,-0.128,-0.107,-0.102,47.136,-0.111,45.896,46.712,45.491,0.888,-0.284,-0.008,0.092,-0.017,-0.337,-0.001,-0.003,20.308,0.001,18.504,20.151,18.284
-6.801,-5.450,-0.001,0.992,-0.001,0.000,-0.130,-0.107,-0.102,47.339,-0.111,46.081,46.914,45.674,0.886,-0.287,-0.006,0.076,-0.016,-0.337,-0.001,-0.003,20.278,0.001,18.533,20.133,18.333
-6.792,-5.453,-0.001,0.991,-0.000,0.000,-0.131,-0.107,-0.102,47.541,-0.111,46.267,47.115,45.858,0.884,-0.290,-0.004,0.056,-0.015,-0.337,-0.001,-0.004,20.251,0.000,18.556,20.116,18.378
-6.783,-5.456,-0.001,0.991,-0.000,0.000,-0.133,-0.107,-0.103,47.744,-0.111,46.452,47.316,46.042,0.882,-0.293,-0.002,0.036,-0.014,-0.337,-0.001,-0.004,20.228,0.000,18.573,20.103,18.416
-6.774,-5.459,-0.001,0.991,0.000,-0.000,-0.135,-0.107,-0.103,47.946,-0.111,46.638,47.517,46.226,0.881,-0.296,-0.000,0.021,-0.014,-0.337,-0.001,-0.005,20.210,0.000,18.585,20.096,18.447
-6.766,-5.462,-0.001,0.991,0.000,-0.000,-0.136,-0.107,-0.103,48.148,-0.111,46.824,47.718,46.411,0.880,-0.298,0.002,0.013,-0.013,-0.337,-0.001,-0.005,20.194,-0.000,18.592,20.094,18.470
-6.757,-5.465,-0.001,0.990,0.000,-0.000,-0.138,-0.107,-0.103,48.350,-0.111,47.010,47.919,46.596,0.879,-0.301,0.003,0.014,-0.014,-0.337,-0.001,-0.005,20.178,-0.001,18.598,20.096,18.489
-6.748,-5.468,-0.001,0.990,0.000,-0.000,-0.140,-0.107,-0.103,48.552,-0.111,47.196,48.120,46.781,0.879,-0.304,0.005,0.024,-0.015,-0.337,-0.001,-0.006,20.158,-0.001,18.604,20.098,18.506
-6.739,-5.471,-0.001,0.990,0.000,-0.000,-0.141,-0.107,-0.103,48.753,-0.111,47.382,48.321,46.966,0.879,-0.308,0.007,0.040,-0.015,-0.337,-0.001,-0.006,20.131,-0.002,18.612,20.097,18.523
-6.730,-5.474,-0.001,0.990,0.001,-0.000,-0.143,-0.107,-0.103,48.954,-0.111,47.568,48.522,47.151,0.878,-0.311,0.009,0.060,-0.015,-0.338,-0.002,-0.007,20.096,-0.003,18.625,20.089,18.543
-6.722,-5.477,-0.001,0.989,0.001,-0.001,-0.145,-0.107,-0.103,49.155,-0.111,47.755,48.723,47.337,0.879,-0.314,0.011,0.079,-0.015,-0.339,-0.002,-0.007,20.053,-0.004,18.641,20.071,18.567
-6.713,-5.480,-0.001,0.989,0.001,-0.001,-0.146,-0.107,-0.103,49.355,-0.111,47.941,48.923,47.522,0.879,-0.318,0.012,0.092,-0.013,-0.340,-0.002,-0.007,20.003,-0.005,18.662,20.042,18.597
-6.704,-5.484,-0.001,0.989,0.002,-0.001,-0.148,-0.107,-0.103,49.555,-0.111,48.128,49.123,47.709,0.880,-0.321,0.014,0.097,-0.009,-0.341,-0.002,-0.007,19.950,-0.006,18.685,20.003,18.631
-6.695,-5.487,-0.001,0.989,0.002,-0.001,-0.150,-0.107,-0.103,49.754,-0.111,48.315,49.323,47.895,0.880,-0.325,0.014,0.089,-0.006,-0.342,-0.001,-0.006,19.899,-0.006,18.706,19.956,18.665
-6.686,-5.490,-0.000,0.988,0.003,-0.001,-0.151,-0.107,-0.103,49.953,-0.111,48.502,49.523,48.082,0.881,-0.329,0.014,0.068,-0.001,-0.343,-0.001,-0.004,19.855,-0.006,18.723,19.906,18.696
-6.678,-5.493,-0.000,0.988,0.003,-0.001,-0.153,-0.107,-0.103,50.151,-0.112,48.689,49.721,48.269,0.882,-0.333,0.014,0.035,0.004,-0.343,-0.000,-0.003,19.822,-0.005,18.732,19.858,18.720
-6.669,-5.497,-0.000,0.988,0.003,-0.001,-0.155,-0.107,-0.103,50.349,-0.112,48.877,49.920,48.456,0.882,-0.337,0.012,-0.008,0.009,-0.343,0.000,-0.001,19.806,-0.004,18.730,19.817,18.732
-6.660,-5.500,-0.000,0.988,0.003,-0.001,-0.157,-0.107,-0.103,50.548,-0.112,49.064,50.118,48.644,0.882,-0.340,0.010,-0.056,0.013,-0.343,0.001,0.002,19.809,-0.003,18.715,19.791,18.727
-6.651,-5.504,-0.000,0.987,0.002,-0.001,-0.158,-0.107,-0.103,50.746,-0.112,49.251,50.316,48.831,0.883,-0.344,0.008,-0.106,0.018,-0.342,0.001,0.004,19.832,-0.002,18.685,19.781,18.705
-6.642,-5.507,0.000,0.987,0.002,-0.001,-0.160,-0.107,-0.103,50.944,-0.112,49.437,50.513,49.018,0.882,-0.347,0.005,-0.150,0.022,-0.341,0.002,0.007,19.876,-0.001,18.643,19.790,18.663
-6.634,-5.511,0.000,0.987,0.001,-0.000,-0.162,-0.107,-0.103,51.143,-0.112,49.624,50.711,49.204,0.882,-0.350,0.002,-0.185,0.026,-0.339,0.002,0.009,19.939,-0.000,18.591,19.819,18.603
-6.625,-5.514,0.000,0.987,0.000,-0.000,-0.163,-0.107,-0.103,51.343,-0.112,49.809,50.910,49.390,0.881,-0.353,-0.002,-0.204,0.027,-0.338,0.002,0.011,20.017,0.000,18.533,19.867,18.529
-6.616,-5.518,0.000,0.986,-0.001,0.000,-0.165,-0.107,-0.103,51.544,-0.112,49.994,51.109,49.574,0.880,-0.356,-0.004,-0.204,0.025,-0.337,0.002,0.012,20.107,0.001,18.474,19.929,18.446
-6.607,-5.521,-0.000,0.986,-0.002,0.001,-0.167,-0.107,-0.103,51.745,-0.112,50.179,51.308,49.759,0.878,-0.359,-0.006,-0.186,0.021,-0.336,0.002,0.012,20.199,0.002,18.417,20.000,18.360
-6.598,-5.525,-0.000,0.986,-0.003,0.001,-0.168,0.095,0.046,51.947,0.050,50.361,51.509,49.943,0.889,-0.339,-0.006,-0.113,-0.001,-0.201,32.416,25.423,20.101,26.766,18.186,19.898,18.602
-6.589,-5.528,-0.000,0.986,-0.003,0.001,-0.168,0.367,0.293,52.146,0.289,50.546,51.704,50.132,0.901,-0.272,0.007,0.028,-0.041,0.198,17.072,18.631,19.535,16.962,18.849,19.186,19.158
-6.580,-5.530,0.000,0.986,-0.003,0.000,-0.166,0.384,0.331,52.338,0.347,50.738,51.891,50.326,0.907,-0.213,0.019,0.033,-0.119,0.560,-12.466,-11.326,18.923,-4.923,19.615,18.263,19.683
-6.571,-5.532,0.000,0.987,-0.003,-0.000,-0.163,0.177,0.122,52.524,0.223,50.937,52.071,50.524,0.908,-0.204,0.001,-0.040,-0.072,0.621,-24.090,-25.223,18.403,-16.925,19.997,17.844,19.860
-6.562,-5.534,0.000,0.987,-0.003,-0.000,-0.160,0.013,-0.059,52.708,0.091,51.136,52.251,50.722,0.899,-0.231,-0.012,-0.041,-0.021,0.434,-5.979,-8.263,18.385,-6.585,19.815,18.079,19.574
-6.553,-5.537,-0.000,0.987,-0.003,-0.000,-0.159,0.078,-0.021,52.893,0.126,51.334,52.433,50.915,0.882,-0.255,-0.024,0.023,0.045,0.235,16.176,13.774,18.642,11.657,19.662,18.356,19.085
-6.544,-5.539,-0.000,0.988,-0.003,-0.000,-0.158,0.252,0.151,53.080,0.258,51.529,52.616,51.106,0.885,-0.241,-0.023,0.075,0.035,0.306,14.706,16.704,18.644,11.729,19.476,18.261,19.187
-6.536,-5.542,-0.001,0.988,-0.002,-0.000,-0.156,0.313,0.243,53.264,0.315,51.725,52.797,51.299,0.892,-0.205,-0.022,0.120,0.033,0.500,-2.693,0.675,18.133,-0.766,19.760,17.836,19.549
-6.527,-5.543,-0.001,0.988,-0.002,-0.000,-0.153,0.218,0.172,53.443,0.251,51.924,52.974,51.496,0.895,-0.187,-0.019,0.116,0.019,0.586,-13.858,-12.327,17.705,-10.305,20.022,17.581,19.797
-6.518,-5.545,-0.001,0.989,-0.001,-0.000,-0.150,0.101,0.062,53.620,0.154,52.124,53.150,51.694,0.890,-0.198,-0.013,0.097,-0.007,0.497,-7.347,-7.361,17.803,-7.344,19.924,17.689,19.739
-6.509,-5.547,-0.001,0.989,-0.001,-0.000,-0.148,0.101,0.057,53.799,0.136,52.322,53.328,51.891,0.883,-0.211,-0.007,0.091,-0.031,0.382,6.612,5.825,18.088,3.470,19.742,17.870,19.557
-6.500,-5.550,-0.001,0.989,-0.000,-0.001,-0.146,0.196,0.152,53.981,0.199,52.520,53.506,52.086,0.880,-0.204,-0.005,0.071,-0.023,0.392,10.077,10.898,18.146,7.300,19.750,17.812,19.553
-6.491,-5.551,-0.001,0.990,0.000,-0.001,-0.144,0.258,0.229,54.161,0.247,52.718,53.683,52.282,0.884,-0.179,-0.004,0.048,-0.012,0.516,1.443,3.543,17.841,1.597,19.973,17.510,19.775
-6.482,-5.553,-0.001,0.990,0.000,-0.001,-0.141,0.224,0.213,54.338,0.226,52.919,53.857,52.481,0.887,-0.160,-0.003,0.023,-0.004,0.609,-7.080,-5.769,17.542,-5.057,20.156,17.256,19.988
-6.473,-5.555,-0.001,0.990,0.000,-0.001,-0.138,0.151,0.147,54.513,0.168,53.120,54.029,52.681,0.886,-0.161,-0.002,0.004,0.002,0.578,-6.005,-5.888,17.508,-5.264,20.130,17.282,20.002
-6.465,-5.556,-0.001,0.991,0.000,-0.001,-0.135,0.129,0.122,54.688,0.143,53.321,54.203,52.881,0.884,-0.171,0.000,0.003,0.003,0.486,1.710,1.136,17.646,0.322,20.018,17.462,19.863
-6.456,-5.558,-0.001,0.991,0.000,-0.001,-0.133,0.173,0.163,54.865,0.169,53.521,54.378,53.079,0.883,-0.171,0.002,0.017,0.002,0.454,5.889,5.871,17.702,4.111,19.996,17.541,19.793
-6.447,-5.560,-0.001,0.991,0.000,-0.001,-0.131,0.219,0.213,55.042,0.203,53.722,54.553,53.277,0.886,-0.156,0.004,0.044,0.000,0.519,2.445,3.341,17.596,2.088,20.111,17.408,19.895
-6.438,-5.561,-0.001,0.992,0.001,-0.001,-0.128,0.214,0.218,55.217,0.203,53.923,54.726,53.477,0.889,-0.140,0.006,0.065,0.000,0.594,-2.931,-2.113,17.465,-1.910,20.249,17.215,20.039
-6.429,-5.563,-0.001,0.992,0.001,-0.001,-0.125,0.176,0.184,55.391,0.175,54.126,54.898,53.678,0.892,-0.136,0.007,0.069,-0.003,0.595,-3.943,-3.795,17.423,-3.169,20.280,17.176,20.091
-6.420,-5.564,-0.001,0.993,0.001,-0.001,-0.122,0.153,0.159,55.566,0.154,54.329,55.070,53.878,0.893,-0.141,0.009,0.069,-0.006,0.538,-0.363,-0.907,17.442,-0.789,20.219,17.280,20.047
-6.411,-5.565,-0.001,0.993,0.002,-0.001,-0.120,0.168,0.170,55.740,0.160,54.531,55.243,54.079,0.895,-0.142,0.011,0.072,-0.007,0.501,2.835,2.546,17.436,1.850,20.177,17.359,20.015
-6.402,-5.567,-0.001,0.993,0.002,-0.001,-0.117,0.195,0.198,55.914,0.181,54.733,55.417,54.279,0.897,-0.134,0.013,0.073,-0.005,0.522,2.170,2.457,17.374,1.726,20.222,17.297,20.066
-6.393,-5.568,-0.001,0.993,0.002,-0.001,-0.114,0.203,0.210,56.088,0.188,54.935,55.589,54.480,0.900,-0.123,0.014,0.059,-0.002,0.568,-0.640,-0.143,17.303,-0.194,20.311,17.153,20.153
-6.384,-5.569,-0.000,0.994,0.003,-0.001,-0.112,0.187,0.197,56.260,0.178,55.139,55.760,54.682,0.902,-0.116,0.016,0.029,0.002,0.585,-2.113,-1.877,17.266,-1.519,20.347,17.061,20.200
-6.375,-5.570,-0.000,0.994,0.003,-0.001,-0.109,0.171,0.182,56.433,0.165,55.342,55.931,54.884,0.905,-0.115,0.016,-0.011,0.007,0.566,-0.907,-0.982,17.262,-0.862,20.298,17.072,20.185
-6.366,-5.572,-0.000,0.994,0.003,-0.001,-0.106,0.172,0.181,56.606,0.164,55.544,56.102,55.086,0.908,-0.114,0.016,-0.048,0.015,0.546,0.956,0.750,17.270,0.524,20.218,17.110,20.147
-6.357,-5.573,0.000,0.995,0.002,-0.001,-0.103,0.185,0.193,56.778,0.172,55.746,56.273,55.287,0.911,-0.109,0.014,-0.080,0.025,0.550,1.309,1.353,17.277,0.954,20.176,17.103,20.118
-6.348,-5.574,0.000,0.995,0.002,-0.001,-0.100,0.193,0.203,56.951,0.179,55.948,56.443,55.488,0.913,-0.101,0.011,-0.107,0.035,0.570,0.260,0.479,17.293,0.312,20.176,17.056,20.093
-6.339,-5.575,0.000,0.995,0.001,-0.000,-0.098,0.189,0.202,57.124,0.178,56.150,56.614,55.689,0.916,-0.093,0.008,-0.130,0.045,0.585,-0.785,-0.595,17.335,-0.437,20.176,17.026,20.049
-6.330,-5.576,0.000,0.996,0.001,-0.000,-0.095,0.181,0.195,57.298,0.173,56.352,56.784,55.889,0.918,-0.088,0.003,-0.143,0.051,0.585,-0.665,-0.624,17.401,-0.506,20.146,17.047,19.980
-6.321,-5.576,0.000,0.996,-0.000,0.000,-0.092,0.178,0.191,57.472,0.170,56.553,56.955,56.088,0.919,-0.085,-0.002,-0.142,0.052,0.577,-0.002,-0.092,17.487,-0.099,20.104,17.102,19.900
-6.311,-5.577,0.000,0.996,-0.001,0.000,-0.089,0.181,0.193,57.648,0.171,56.754,57.126,56.287,0.921,-0.080,-0.007,-0.126,0.049,0.574,0.471,0.388,17.580,0.278,20.079,17.158,19.828
-6.302,-5.578,0.000,0.996,-0.001,0.001,-0.086,0.185,0.197,57.824,0.174,56.954,57.298,56.485,0.921,-0.074,-0.012,-0.098,0.041,0.576,0.293,0.323,17.668,0.204,20.088,17.202,19.774
-6.293,-5.579,0.000,0.997,-0.002,0.001,-0.083,0.186,0.199,58.001,0.175,57.155,57.470,56.682,0.921,-0.067,-0.016,-0.063,0.030,0.580,0.000,0.087,17.747,0.051,20.118,17.241,19.738
-6.284,-5.579,-0.000,0.997,-0.002,0.001,-0.080,0.185,0.199,58.179,0.175,57.357,57.643,56.880,0.921,-0.062,-0.019,-0.028,0.017,0.581,-0.166,-0.085,17.814,-0.083,20.156,17.281,19.718
-6.274,-5.580,-0.000,0.997,-0.002,0.001,-0.077,0.184,0.198,58.357,0.174,57.559,57.816,57.077,0.920,-0.056,-0.020,0.006,0.003,0.579,-0.120,-0.062,17.868,-0.082,20.195,17.323,19.714
-6.265,-5.581,-0.001,0.997,-0.002,0.001,-0.074,0.183,0.197,58.536,0.173,57.761,57.989,57.274,0.918,-0.051,-0.021,0.034,-0.010,0.576,-0.035,-0.022,17.904,-0.035,20.235,17.362,19.727
-6.256,-5.581,-0.001,0.997,-0.002,0.001,-0.072,0.183,0.197,58.715,0.173,57.963,58.163,57.471,0.916,-0.046,-0.020,0.057,-0.021,0.573,0.006,-0.005,17.922,-0.014,20.275,17.393,19.755
-6.247,-5.581,-0.001,0.998,-0.001,0.001,-0.069,0.183,0.197,58.895,0.173,58.166,58.337,57.669,0.914,-0.041,-0.018,0.070,-0.030,0.570,0.018,0.001,17.920,-0.006,20.312,17.413,19.796
-6.238,-5.582,-0.001,0.998,-0.001,0.001,-0.066,0.183,0.197,59.074,0.173,58.370,58.511,57.867,0.912,-0.035,-0.014,0.075,-0.036,0.567,0.016,0.002,17.903,-0.003,20.343,17.424,19.845
-6.229,-5.582,-0.001,0.998,-0.001,0.001,-0.063,0.183,0.197,59.253,0.173,58.573,58.686,58.066,0.910,-0.030,-0.011,0.071,-0.037,0.565,0.010,0.002,17.875,-0.003,20.364,17.426,19.896
-6.220,-5.582,-0.001,0.998,-0.000,0.000,-0.060,0.184,0.197,59.431,0.173,58.777,58.860,58.265,0.908,-0.025,-0.007,0.060,-0.035,0.564,0.003,0.001,17.839,-0.003,20.377,17.421,19.944
-6.211,-5.583,-0.001,0.998,-0.000,0.000,-0.057,0.184,0.197,59.609,0.173,58.981,59.034,58.465,0.906,-0.020,-0.004,0.046,-0.029,0.563,-0.001,-0.000,17.802,-0.003,20.380,17.411,19.986
-6.202,-5.583,-0.001,0.999,0.000,-0.000,-0.055,0.184,0.197,59.787,0.173,59.184,59.208,58.665,0.905,-0.015,-0.002,0.030,-0.021,0.562,-0.002,-0.001,17.768,-0.003,20.377,17.400,20.020
-6.192,-5.583,-0.001,0.999,0.000,-0.000,-0.052,0.184,0.197,59.965,0.173,59.388,59.382,58.865,0.904,-0.010,0.000,0.016,-0.013,0.562,-0.003,-0.002,17.740,-0.003,20.372,17.389,20.045
-6.183,-5.583,-0.001,0.999,0.000,-0.000,-0.049,0.184,0.197,60.142,0.172,59.592,59.556,59.066,0.904,-0.005,0.001,0.005,-0.006,0.562,-0.002,-0.002,17.720,-0.004,20.366,17.381,20.062
-6.174,-5.583,-0.001,0.999,0.000,-0.000,-0.046,0.183,0.197,60.319,0.172,59.795,59.730,59.267,0.904,0.000,0.002,-0.002,-0.001,0.562,-0.002,-0.003,17.708,-0.004,20.364,17.377,20.073
-6.165,-5.583,-0.001,0.999,0.000,-0.000,-0.043,0.183,0.197,60.496,0.172,59.999,59.903,59.467,0.904,0.005,0.002,-0.003,0.001,0.562,-0.002,-0.004,17.704,-0.005,20.365,17.379,20.081
-6.156,-5.583,-0.001,0.999,0.000,-0.000,-0.041,0.183,0.197,60.673,0.172,60.203,60.077,59.668,0.904,0.010,0.002,-0.001,-0.001,0.563,-0.002,-0.004,17.703,-0.006,20.371,17.385,20.091
-6.147,-5.583,-0.001,0.999,0.000,-0.000,-0.038,0.183,0.197,60.850,0.172,60.406,60.251,59.869,0.905,0.015,0.003,0.005,-0.007,0.563,-0.002,-0.005,17.703,-0.007,20.380,17.395,20.103
-6.138,-5.583,-0.001,0.999,0.000,-0.000,-0.035,0.183,0.197,61.027,0.172,60.610,60.425,60.070,0.906,0.020,0.004,0.011,-0.015,0.563,-0.002,-0.005,17.700,-0.007,20.389,17.408,20.121
-6.129,-5.582,-0.001,0.999,0.000,-0.000,-0.032,0.183,0.197,61.204,0.172,60.814,60.599,60.272,0.907,0.025,0.006,0.017,-0.024,0.563,-0.002,-0.005,17.692,-0.007,20.395,17.422,20.143
-6.120,-5.582,-0.001,1.000,0.000,-0.000,-0.029,0.183,0.197,61.381,0.172,61.018,60.773,60.473,0.908,0.031,0.008,0.020,-0.032,0.564,-0.002,-0.005,17.676,-0.007,20.394,17.435,20.168
-6.111,-5.582,-0.001,1.000,0.001,-0.001,-0.027,0.183,0.197,61.558,0.172,61.222,60.948,60.675,0.909,0.036,0.012,0.020,-0.038,0.565,-0.001,-0.005,17.652,-0.007,20.384,17.445,20.193
-6.102,-5.581,-0.001,1.000,0.001,-0.001,-0.024,0.183,0.197,61.734,0.172,61.426,61.122,60.877,0.911,0.041,0.015,0.017,-0.039,0.566,-0.001,-0.005,17.620,-0.006,20.363,17.450,20.215
-6.093,-5.581,-0.001,1.000,0.001,-0.001,-0.021,0.183,0.197,61.910,0.172,61.629,61.297,61.079,0.913,0.046,0.018,0.010,-0.035,0.567,-0.001,-0.004,17.583,-0.005,20.331,17.448,20.228
-6.084,-5.580,-0.001,1.000,0.001,-0.001,-0.018,0.183,0.197,62.086,0.172,61.832,61.471,61.282,0.915,0.051,0.021,0.001,-0.026,0.569,-0.001,-0.004,17.545,-0.004,20.290,17.438,20.230
-6.074,-5.580,-0.000,1.000,0.001,-0.001,-0.015,0.183,0.197,62.261,0.172,62.035,61.646,61.484,0.916,0.056,0.022,-0.008,-0.011,0.571,-0.000,-0.003,17.509,-0.004,20.245,17.422,20.218
-6.065,-5.579,-0.000,1.000,0.001,-0.001,-0.012,0.183,0.197,62.436,0.172,62.237,61.820,61.686,0.919,0.062,0.022,-0.016,0.007,0.573,-0.000,-0.003,17.480,-0.003,20.201,17.398,20.191
-6.056,-5.579,0.000,1.000,0.001,-0.001,-0.009,0.183,0.197,62.611,0.172,62.439,61.994,61.888,0.920,0.067,0.020,-0.022,0.026,0.575,-0.000,-0.002,17.461,-0.002,20.163,17.370,20.151
-6.047,-5.578,0.000,1.000,0.000,-0.001,-0.007,0.183,0.197,62.785,0.172,62.641,62.167,62.089,0.922,0.073,0.017,-0.024,0.045,0.577,0.000,-0.001,17.455,-0.002,20.137,17.338,20.102
-6.038,-5.577,0.000,1.000,0.000,-0.001,-0.004,0.183,0.197,62.960,0.172,62.842,62.340,62.290,0.924,0.078,0.012,-0.022,0.061,0.578,0.000,-0.000,17.464,-0.001,20.126,17.305,20.048
-6.028,-5.576,0.001,1.000,0.000,-0.000,-0.001,0.183,0.197,63.135,0.172,63.043,62.513,62.490,0.925,0.084,0.006,-0.017,0.073,0.579,0.000,0.000,17.488,-0.000,20.134,17.273,19.994
-6.019,-5.576,0.001,1.000,0.000,-0.000,0.002,0.183,0.197,63.310,0.172,63.245,62.686,62.689,0.926,0.089,-0.001,-0.010,0.079,0.580,0.001,0.001,17.524,0.001,20.160,17.245,19.946
-6.010,-5.575,0.001,1.000,0.000,0.000,0.005,0.183,0.197,63.485,0.172,63.446,62.858,62.889,0.926,0.095,-0.008,-0.002,0.078,0.580,0.001,0.002,17.571,0.001,20.204,17.222,19.908
-6.001,-5.574,0.000,1.000,0.000,0.001,0.008,0.183,0.197,63.661,0.172,63.649,63.030,63.088,0.925,0.100,-0.014,0.006,0.069,0.579,0.001,0.002,17.626,0.002,20.262,17.206,19.884
-5.991,-5.573,0.000,1.000,0.000,0.001,0.011,0.183,0.197,63.838,0.172,63.852,63.202,63.286,0.923,0.106,-0.019,0.013,0.055,0.578,0.001,0.002,17.683,0.002,20.329,17.198,19.876
-5.982,-5.572,0.000,1.000,0.000,0.001,0.014,0.183,0.197,64.015,0.172,64.055,63.374,63.485,0.921,0.111,-0.022,0.018,0.036,0.577,0.001,0.003,17.738,0.002,20.398,17.199,19.884
-5.973,-5.570,-0.000,1.000,0.000,0.001,0.017,0.183,0.197,64.192,0.172,64.260,63.546,63.684,0.919,0.116,-0.024,0.018,0.015,0.575,0.001,0.003,17.787,0.003,20.464,17.207,19.905
-5.964,-5.569,-0.000,1.000,0.000,0.001,0.019,0.183,0.197,64.371,0.172,64.465,63.718,63.883,0.916,0.121,-0.024,0.015,-0.006,0.573,0.001,0.003,17.826,0.003,20.519,17.223,19.938
-5.955,-5.568,-0.001,1.000,0.001,0.001,0.022,0.183,0.197,64.549,0.172,64.670,63.891,64.083,0.913,0.126,-0.022,0.010,-0.025,0.571,0.001,0.003,17.853,0.004,20.559,17.245,19.977
-5.946,-5.567,-0.001,1.000,0.001,0.001,0.025,0.183,0.197,64.728,0.172,64.876,64.063,64.283,0.909,0.131,-0.019,0.002,-0.039,0.569,0.001,0.004,17.867,0.004,20.581,17.272,20.019
-5.936,-5.565,-0.001,1.000,0.001,0.001,0.028,0.183,0.197,64.906,0.172,65.082,64.236,64.483,0.906,0.136,-0.015,-0.005,-0.048,0.568,0.001,0.004,17.869,0.004,20.586,17.300,20.058
-5.927,-5.564,-0.001,1.000,0.001,0.001,0.031,0.183,0.197,65.085,0.172,65.287,64.409,64.684,0.903,0.140,-0.011,-0.012,-0.050,0.567,0.001,0.004,17.861,0.004,20.575,17.328,20.093
-5.918,-5.563,-0.001,0.999,0.000,0.000,0.034,0.183,0.197,65.263,0.172,65.493,64.583,64.885,0.900,0.145,-0.007,-0.016,-0.047,0.566,0.001,0.004,17.845,0.003,20.553,17.355,20.119
-5.909,-5.561,-0.001,0.999,0.000,0.000,0.036,0.183,0.197,65.442,0.172,65.698,64.756,65.086,0.897,0.150,-0.004,-0.018,-0.039,0.565,0.000,0.003,17.825,0.002,20.524,17.377,20.136
-5.900,-5.560,-0.001,0.999,0.000,0.000,0.039,0.183,0.197,65.620,0.172,65.904,64.930,65.288,0.895,0.155,-0.001,-0.017,-0.028,0.565,0.000,0.003,17.805,0.001,20.494,17.396,20.145
-5.892,-5.558,-0.001,0.999,0.000,-0.000,0.042,0.183,0.197,65.798,0.172,66.108,65.104,65.489,0.893,0.160,0.000,-0.013,-0.017,0.565,-0.000,0.002,17.787,-0.000,20.467,17.410,20.148
-5.883,-5.556,-0.001,0.999,0.000,-0.000,0.045,0.183,0.197,65.976,0.172,66.313,65.278,65.691,0.892,0.165,0.001,-0.009,-0.007,0.565,-0.001,0.001,17.774,-0.002,20.446,17.420,20.147
-5.874,-5.555,-0.001,0.999,0.000,-0.000,0.048,0.183,0.197,66.153,0.172,66.517,65.453,65.892,0.891,0.169,0.002,-0.005,-0.001,0.565,-0.001,-0.001,17.767,-0.003,20.433,17.428,20.146
-5.865,-5.553,-0.001,0.999,0.000,-0.000,0.051,0.183,0.197,66.331,0.172,66.722,65.627,66.094,0.890,0.175,0.002,-0.004,0.002,0.565,-0.001,-0.002,17.767,-0.004,20.426,17.435,20.147
-5.856,-5.551,-0.001,0.999,0.000,-0.000,0.053,0.183,0.197,66.509,0.172,66.926,65.801,66.295,0.889,0.180,0.002,-0.005,-0.000,0.565,-0.002,-0.003,17.771,-0.005,20.423,17.444,20.151
-5.847,-5.549,-0.001,0.998,0.000,-0.000,0.056,0.183,0.197,66.686,0.172,67.130,65.976,66.497,0.889,0.185,0.003,-0.009,-0.007,0.565,-0.002,-0.003,17.779,-0.005,20.419,17.455,20.160
-5.838,-5.548,-0.001,0.998,-0.000,-0.000,0.059,0.183,0.197,66.864,0.172,67.334,66.151,66.698,0.889,0.190,0.004,-0.017,-0.016,0.565,-0.001,-0.004,17.789,-0.005,20.411,17.472,20.172
-5.829,-5.546,-0.001,0.998,-0.000,-0.000,0.062,0.183,0.197,67.042,0.172,67.538,66.325,66.900,0.889,0.195,0.006,-0.026,-0.026,0.566,-0.001,-0.004,17.797,-0.005,20.394,17.493,20.184
-5.820,-5.544,-0.001,0.998,-0.000,-0.001,0.065,0.183,0.197,67.220,0.172,67.742,66.500,67.102,0.889,0.200,0.009,-0.036,-0.035,0.567,-0.001,-0.004,17.801,-0.004,20.367,17.519,20.194
-5.811,-5.542,-0.001,0.998,-0.000,-0.001,0.068,0.183,0.197,67.398,0.172,67.946,66.676,67.304,0.889,0.205,0.012,-0.045,-0.041,0.568,-0.001,-0.004,17.800,-0.004,20.327,17.548,20.198
-5.803,-5.540,-0.001,0.998,-0.001,-0.001,0.070,0.183,0.197,67.576,0.172,68.149,66.851,67.506,0.890,0.211,0.015,-0.050,-0.042,0.569,-0.000,-0.004,17.792,-0.003,20.279,17.578,20.194
-5.794,-5.537,-0.001,0.997,-0.001,-0.001,0.073,0.183,0.197,67.754,0.172,68.351,67.027,67.708,0.891,0.216,0.017,-0.048,-0.038,0.570,-0.000,-0.003,17.777,-0.002,20.224,17.606,20.179
-5.785,-5.535,-0.001,0.997,-0.001,-0.001,0.076,0.183,0.197,67.932,0.172,68.553,67.203,67.910,0.891,0.222,0.019,-0.041,-0.028,0.572,-0.000,-0.003,17.755,-0.002,20.169,17.627,20.152
-5.776,-5.533,-0.000,0.997,-0.001,-0.001,0.079,0.183,0.197,68.109,0.172,68.754,67.380,68.111,0.892,0.228,0.020,-0.025,-0.014,0.573,-0.001,-0.004,17.728,-0.002,20.120,17.638,20.116
-5.767,-5.531,-0.000,0.997,-0.001,-0.001,0.082,0.183,0.197,68.286,0.172,68.955,67.556,68.312,0.893,0.233,0.019,-0.004,0.004,0.574,-0.001,-0.004,17.698,-0.001,20.082,17.636,20.073
-5.758,-5.528,0.000,0.996,-0.001,-0.001,0.085,0.183,0.197,68.463,0.172,69.156,67.733,68.512,0.894,0.239,0.017,0.022,0.023,0.575,-0.001,-0.004,17.668,-0.001,20.061,17.620,20.028
-5.749,-5.526,0.000,0.996,-0.001,-0.001,0.087,0.183,0.197,68.640,0.172,69.357,67.909,68.712,0.894,0.245,0.014,0.050,0.041,0.576,-0.000,-0.004,17.639,-0.001,20.062,17.588,19.985
-5.740,-5.523,0.000,0.996,-0.001,-0.001,0.090,0.183,0.197,68.816,0.172,69.557,68.084,68.912,0.894,0.250,0.009,0.078,0.058,0.576,-0.000,-0.003,17.614,-0.001,20.085,17.541,19.950
-5.731,-5.521,0.000,0.996,-0.000,-0.001,0.093,0.183,0.197,68.992,0.172,69.759,68.259,69.111,0.894,0.256,0.004,0.102,0.070,0.576,-0.000,-0.003,17.595,-0.001,20.130,17.482,19.926
-5.722,-5.518,0.000,0.995,0.000,-0.000,0.096,0.183,0.196,69.168,0.172,69.960,68.434,69.311,0.893,0.261,-0.002,0.119,0.077,0.575,-0.000,-0.003,17.583,-0.001,20.197,17.415,19.916
-5.713,-5.516,0.000,0.995,0.001,0.000,0.099,0.183,0.196,69.344,0.172,70.163,68.608,69.510,0.891,0.266,-0.007,0.124,0.076,0.575,-0.000,-0.003,17.579,-0.001,20.280,17.343,19.923
-5.704,-5.513,0.000,0.995,0.001,0.001,0.102,0.183,0.196,69.519,0.172,70.366,68.781,69.709,0.889,0.271,-0.012,0.116,0.067,0.574,-0.000,-0.002,17.582,-0.001,20.375,17.273,19.945
-5.696,-5.510,0.000,0.994,0.002,0.001,0.105,0.406,0.396,69.692,0.316,70.572,68.952,69.910,0.870,0.312,-0.009,0.152,0.032,0.775,33.517,29.969,17.029,21.990,20.864,16.767,20.225
-5.687,-5.507,0.000,0.994,0.003,0.001,0.110,0.617,0.579,69.862,0.463,70.784,69.115,70.114,0.834,0.362,-0.003,0.152,-0.013,1.083,10.512,9.226,16.883,7.921,21.557,15.824,20.512
-5.679,-5.503,0.000,0.993,0.003,0.001,0.116,0.657,0.617,70.030,0.502,71.002,69.268,70.320,0.801,0.401,0.003,0.058,-0.085,1.311,-0.964,-0.251,16.757,0.811,22.114,14.867,20.709
-5.671,-5.499,0.000,0.992,0.003,0.001,0.122,0.623,0.594,70.197,0.492,71.225,69.413,70.527,0.776,0.426,-0.004,-0.032,-0.079,1.445,-4.941,-3.707,16.686,-2.238,22.480,14.095,20.807
-5.663,-5.494,-0.000,0.992,0.003,0.000,0.130,0.572,0.552,70.364,0.466,71.451,69.551,70.736,0.755,0.444,-0.018,-0.057,0.005,1.522,-4.912,-4.185,16.664,-2.795,22.709,13.558,20.834
-5.656,-5.490,-0.000,0.991,0.003,0.000,0.137,0.529,0.513,70.530,0.440,71.679,69.685,70.944,0.744,0.454,-0.024,-0.068,0.045,1.530,-3.477,-3.530,16.628,-2.210,22.828,13.369,20.848
-5.648,-5.485,-0.001,0.989,0.002,0.001,0.145,0.502,0.482,70.696,0.422,71.907,69.819,71.153,0.743,0.458,-0.019,-0.052,0.023,1.482,-1.944,-2.617,16.547,-1.516,22.812,13.496,20.877
-5.641,-5.481,-0.001,0.988,0.002,0.001,0.152,0.489,0.460,70.861,0.409,72.135,69.955,71.361,0.743,0.461,-0.015,-0.048,0.005,1.428,-0.824,-1.811,16.509,-0.992,22.732,13.701,20.886
-5.634,-5.476,-0.001,0.987,0.002,0.000,0.159,0.484,0.446,71.026,0.401,72.362,70.093,71.570,0.742,0.464,-0.010,-0.051,-0.009,1.377,-0.187,-1.210,16.499,-0.633,22.633,13.920,20.876
-5.626,-5.471,-0.001,0.986,0.002,0.000,0.166,0.484,0.436,71.192,0.396,72.588,70.233,71.779,0.740,0.469,-0.007,-0.057,-0.020,1.332,0.097,-0.797,16.510,-0.400,22.522,14.130,20.858
-5.619,-5.467,-0.001,0.985,0.001,0.000,0.172,0.485,0.429,71.357,0.393,72.812,70.376,71.987,0.738,0.474,-0.004,-0.063,-0.030,1.295,0.169,-0.526,16.534,-0.255,22.408,14.320,20.839
-5.611,-5.462,-0.001,0.984,0.001,-0.000,0.179,0.487,0.425,71.522,0.391,73.036,70.520,72.196,0.735,0.480,-0.001,-0.066,-0.039,1.268,0.145,-0.352,16.563,-0.165,22.301,14.484,20.823
-5.604,-5.457,-0.001,0.983,0.001,-0.000,0.185,0.488,0.422,71.688,0.390,73.259,70.665,72.404,0.731,0.487,0.001,-0.065,-0.046,1.249,0.094,-0.239,16.593,-0.108,22.205,14.618,20.811
-5.597,-5.452,-0.001,0.982,0.001,-0.001,0.191,0.489,0.420,71.854,0.389,73.480,70.812,72.612,0.727,0.495,0.002,-0.059,-0.050,1.239,0.050,-0.164,16.617,-0.071,22.122,14.722,20.807
-5.590,-5.447,-0.001,0.980,0.000,-0.001,0.197,0.489,0.419,72.020,0.388,73.701,70.960,72.820,0.721,0.504,0.003,-0.051,-0.051,1.236,0.023,-0.113,16.636,-0.045,22.048,14.795,20.809
-5.582,-5.442,-0.001,0.979,0.000,-0.001,0.203,0.489,0.418,72.187,0.388,73.921,71.108,73.028,0.715,0.514,0.005,-0.045,-0.050,1.239,0.007,-0.077,16.647,-0.027,21.984,14.838,20.816
-5.575,-5.437,-0.001,0.978,-0.000,-0.002,0.209,0.490,0.417,72.353,0.388,74.141,71.256,73.236,0.708,0.524,0.006,-0.042,-0.045,1.249,0.000,-0.052,16.653,-0.015,21.926,14.856,20.827
-5.568,-5.432,-0.001,0.977,-0.000,-0.002,0.215,0.490,0.416,72.520,0.388,74.360,71.405,73.445,0.701,0.534,0.008,-0.044,-0.037,1.260,-0.002,-0.035,16.656,-0.009,21.870,14.860,20.833
-5.561,-5.426,-0.001,0.975,-0.000,-0.002,0.221,0.489,0.416,72.686,0.387,74.578,71.553,73.653,0.694,0.544,0.009,-0.052,-0.025,1.270,-0.003,-0.024,16.659,-0.005,21.811,14.862,20.828
-5.554,-5.421,-0.001,0.974,-0.001,-0.002,0.228,0.489,0.416,72.853,0.387,74.796,71.702,73.861,0.687,0.554,0.010,-0.063,-0.011,1.276,-0.002,-0.016,16.665,-0.004,21.748,14.873,20.807
-5.548,-5.415,-0.000,0.972,-0.001,-0.002,0.234,0.489,0.416,73.020,0.387,75.013,71.851,74.069,0.681,0.563,0.010,-0.077,0.005,1.276,-0.002,-0.012,16.677,-0.005,21.680,14.900,20.767
-5.541,-5.410,-0.000,0.971,-0.001,-0.002,0.240,0.489,0.416,73.187,0.387,75.229,72.000,74.276,0.676,0.571,0.009,-0.089,0.019,1.270,-0.003,-0.010,16.700,-0.007,21.611,14.949,20.706
-5.534,-5.404,-0.000,0.969,-0.002,-0.002,0.246,0.489,0.416,73.354,0.387,75.445,72.150,74.483,0.672,0.579,0.009,-0.098,0.028,1.255,-0.003,-0.009,16.733,-0.009,21.543,15.024,20.626
-5.527,-5.398,-0.000,0.968,-0.002,-0.002,0.252,0.489,0.416,73.521,0.387,75.660,72.301,74.689,0.670,0.585,0.008,-0.098,0.031,1.229,-0.003,-0.009,16.779,-0.011,21.472,15.135,20.531
-5.521,-5.392,-0.000,0.966,-0.003,-0.002,0.258,0.489,0.415,73.689,0.387,75.875,72.453,74.894,0.669,0.591,0.006,-0.077,0.029,1.195,-0.003,-0.009,16.809,-0.011,21.404,15.286,20.432
-5.514,-5.386,-0.000,0.965,-0.003,-0.002,0.264,0.489,0.415,73.857,0.387,76.088,72.606,75.098,0.667,0.597,0.004,-0.027,0.023,1.168,-0.003,-0.008,16.840,-0.010,21.367,15.417,20.350
-5.507,-5.380,-0.000,0.963,-0.003,-0.002,0.269,0.489,0.415,74.026,0.387,76.302,72.761,75.301,0.663,0.603,0.001,0.036,0.022,1.149,-0.002,-0.006,16.857,-0.008,21.360,15.512,20.292
-5.501,-5.374,-0.000,0.962,-0.003,-0.002,0.275,0.489,0.415,74.195,0.387,76.516,72.917,75.504,0.660,0.609,-0.007,0.130,0.049,1.129,0.000,-0.003,16.853,-0.003,21.358,15.589,20.253
-5.494,-5.368,-0.000,0.960,-0.002,-0.001,0.280,0.489,0.415,74.363,0.387,76.729,73.073,75.706,0.654,0.616,-0.011,0.180,0.045,1.123,0.000,-0.002,16.844,-0.003,21.371,15.623,20.270
-5.488,-5.362,-0.000,0.958,-0.002,-0.001,0.285,0.489,0.415,74.531,0.387,76.943,73.229,75.909,0.646,0.625,-0.006,0.157,-0.006,1.128,-0.001,-0.004,16.817,-0.005,21.461,15.598,20.325
-5.481,-5.355,-0.000,0.957,-0.001,-0.001,0.291,0.489,0.415,74.699,0.387,77.158,73.385,76.113,0.638,0.632,-0.004,0.144,-0.037,1.129,-0.001,-0.004,16.766,-0.005,21.547,15.564,20.388
-5.475,-5.349,-0.000,0.955,-0.000,-0.001,0.296,0.489,0.415,74.867,0.387,77.374,73.540,76.317,0.630,0.639,-0.003,0.137,-0.051,1.130,-0.001,-0.003,16.699,-0.003,21.616,15.519,20.458
-5.469,-5.343,-0.000,0.953,0.001,-0.001,0.302,0.489,0.415,75.033,0.387,77.591,73.695,76.522,0.621,0.646,-0.003,0.134,-0.048,1.131,-0.000,-0.002,16.622,-0.002,21.663,15.465,20.533
-5.462,-5.336,-0.000,0.952,0.001,-0.001,0.307,0.489,0.415,75.199,0.387,77.808,73.849,76.727,0.612,0.652,-0.003,0.131,-0.033,1.132,0.000,-0.000,16.542,-0.000,21.692,15.398,20.608
-5.456,-5.330,-0.000,0.950,0.002,-0.001,0.312,0.489,0.415,75.364,0.387,78.025,74.003,76.934,0.603,0.659,-0.003,0.121,-0.013,1.135,0.001,0.001,16.467,0.000,21.708,15.320,20.679
-5.450,-5.323,-0.000,0.948,0.003,-0.001,0.318,0.489,0.415,75.528,0.387,78.242,74.156,77.141,0.594,0.665,-0.002,0.101,0.006,1.140,0.001,0.003,16.402,0.000,21.723,15.229,20.741
-5.444,-5.316,-0.000,0.946,0.003,-0.000,0.323,0.489,0.415,75.692,0.387,78.459,74.307,77.349,0.583,0.671,0.000,0.076,0.018,1.151,0.002,0.005,16.365,-0.001,21.750,15.116,20.790
-5.439,-5.310,-0.000,0.944,0.003,-0.000,0.329,0.489,0.415,75.856,0.387,78.677,74.458,77.557,0.572,0.678,0.002,0.053,0.028,1.163,0.002,0.007,16.342,-0.001,21.785,14.994,20.825
-5.433,-5.303,-0.000,0.942,0.003,0.000,0.334,0.489,0.415,76.019,0.387,78.895,74.607,77.765,0.561,0.685,0.003,0.038,0.037,1.179,0.002,0.008,16.315,-0.002,21.830,14.871,20.853
-5.427,-5.296,-0.000,0.940,0.003,0.000,0.340,0.489,0.415,76.182,0.387,79.113,74.755,77.974,0.550,0.693,0.003,0.027,0.049,1.199,0.002,0.008,16.296,-0.002,21.880,14.741,20.873
-5.422,-5.289,-0.000,0.938,0.003,0.001,0.346,0.489,0.415,76.345,0.387,79.332,74.902,78.183,0.538,0.701,0.001,0.014,0.058,1.220,0.001,0.007,16.287,-0.001,21.952,14.608,20.882
-5.417,-5.282,-0.000,0.936,0.003,0.001,0.351,0.489,0.416,76.508,0.387,79.552,75.048,78.391,0.526,0.708,0.000,-0.000,0.058,1.240,0.001,0.006,16.288,0.000,22.038,14.487,20.887
-5.411,-5.275,-0.000,0.934,0.003,0.001,0.357,0.489,0.416,76.671,0.387,79.773,75.192,78.600,0.515,0.716,-0.000,-0.013,0.048,1.257,0.001,0.005,16.297,0.002,22.117,14.393,20.891
-5.406,-5.268,-0.000,0.932,0.003,0.001,0.363,0.489,0.416,76.834,0.387,79.995,75.336,78.809,0.504,0.724,0.000,-0.025,0.030,1.271,0.001,0.004,16.313,0.005,22.181,14.326,20.900
-5.401,-5.260,-0.000,0.929,0.003,0.001,0.369,0.489,0.416,76.997,0.387,80.217,75.478,79.018,0.491,0.731,-0.002,-0.066,0.030,1.300,0.000,0.000,16.349,0.005,22.247,14.218,20.913
-5.397,-5.253,-0.000,0.927,0.002,0.001,0.375,0.489,0.416,77.161,0.387,80.439,75.620,79.228,0.480,0.739,-0.001,-0.086,0.006,1.312,0.000,-0.001,16.386,0.006,22.269,14.194,20.931
-5.392,-5.245,-0.000,0.924,0.002,0.001,0.381,0.489,0.416,77.325,0.387,80.662,75.762,79.437,0.471,0.747,0.001,-0.100,-0.017,1.321,0.000,-0.001,16.427,0.007,22.262,14.204,20.947
-5.387,-5.238,-0.000,0.922,0.002,0.001,0.387,0.489,0.416,77.489,0.387,80.885,75.904,79.647,0.461,0.755,0.002,-0.111,-0.033,1.327,0.000,-0.001,16.470,0.006,22.230,14.237,20.957
-5.383,-5.230,-0.000,0.919,0.001,0.000,0.393,0.489,0.416,77.654,0.387,81.107,76.047,79.856,0.451,0.762,0.003,-0.122,-0.035,1.331,-0.000,-0.002,16.517,0.005,22.178,14.282,20.952
-5.378,-5.223,-0.000,0.917,0.001,-0.000,0.400,0.489,0.416,77.820,0.387,81.328,76.190,80.065,0.444,0.769,0.005,-0.109,-0.045,1.317,0.000,-0.001,16.575,0.004,22.080,14.395,20.924
-5.374,-5.215,-0.000,0.914,0.000,-0.001,0.406,0.489,0.416,77.986,0.387,81.548,76.334,80.274,0.437,0.774,0.005,-0.113,-0.032,1.306,-0.000,-0.002,16.637,0.002,21.966,14.496,20.873
-5.369,-5.207,-0.000,0.911,-0.000,-0.001,0.411,0.489,0.416,78.153,0.387,81.767,76.480,80.483,0.429,0.779,0.003,-0.124,-0.006,1.293,-0.001,-0.002,16.711,-0.002,21.845,14.596,20.798
-5.365,-5.199,-0.000,0.909,-0.001,-0.001,0.417,0.489,0.416,78.320,0.387,81.985,76.626,80.690,0.421,0.784,-0.000,-0.131,0.022,1.277,-0.002,-0.003,16.785,-0.005,21.735,14.702,20.704
-5.361,-5.192,-0.000,0.906,-0.002,-0.001,0.423,0.489,0.416,78.488,0.387,82.202,76.774,80.897,0.415,0.788,-0.002,-0.130,0.036,1.255,-0.002,-0.003,16.839,-0.007,21.666,14.829,20.596
-5.357,-5.184,-0.000,0.903,-0.002,-0.001,0.429,0.489,0.416,78.657,0.387,82.419,76.923,81.102,0.410,0.792,-0.001,-0.120,0.029,1.223,-0.002,-0.002,16.886,-0.008,21.635,14.985,20.480
-5.353,-5.176,-0.000,0.901,-0.003,-0.001,0.434,0.489,0.415,78.826,0.387,82.635,77.074,81.306,0.406,0.795,-0.002,-0.093,0.023,1.189,-0.001,-0.002,16.926,-0.007,21.612,15.148,20.367
-5.349,-5.168,-0.000,0.898,-0.003,-0.002,0.439,0.489,0.415,78.995,0.387,82.851,77.226,81.510,0.400,0.799,-0.004,-0.044,0.025,1.165,-0.001,-0.003,16.966,-0.005,21.589,15.281,20.275
-5.345,-5.160,-0.000,0.896,-0.003,-0.001,0.445,0.489,0.415,79.165,0.387,83.067,77.379,81.712,0.393,0.803,-0.007,0.006,0.026,1.152,-0.001,-0.003,17.000,-0.003,21.577,15.369,20.218
-5.341,-5.152,-0.000,0.893,-0.003,-0.001,0.450,0.489,0.415,79.335,0.387,83.283,77.533,81.914,0.384,0.808,-0.009,0.050,0.021,1.145,-0.001,-0.003,17.025,-0.002,21.575,15.423,20.194
-5.337,-5.144,-0.001,0.891,-0.003,-0.001,0.455,0.489,0.415,79.506,0.387,83.498,77.688,82.116,0.375,0.812,-0.011,0.087,0.012,1.141,-0.001,-0.004,17.038,-0.000,21.579,15.452,20.202
-5.333,-5.135,-0.001,0.888,-0.003,-0.001,0.460,0.489,0.415,79.676,0.387,83.714,77.842,82.318,0.366,0.816,-0.011,0.112,-0.002,1.139,-0.001,-0.004,17.035,0.001,21.591,15.463,20.236
-5.330,-5.127,-0.001,0.885,-0.002,-0.000,0.465,0.489,0.415,79.846,0.387,83.930,77.997,82.521,0.356,0.819,-0.009,0.124,-0.022,1.138,-0.001,-0.005,17.012,0.002,21.624,15.457,20.288
-5.326,-5.119,-0.001,0.883,-0.001,-0.000,0.470,0.489,0.415,80.016,0.387,84.147,78.151,82.724,0.345,0.822,-0.007,0.120,-0.046,1.138,-0.001,-0.005,16.968,0.003,21.665,15.436,20.355
-5.323,-5.111,-0.001,0.880,-0.001,-0.000,0.475,0.489,0.415,80.186,0.387,84.363,78.305,82.928,0.335,0.825,-0.003,0.108,-0.069,1.139,-0.001,-0.006,16.906,0.003,21.701,15.407,20.431
-5.320,-5.103,-0.001,0.877,-0.000,-0.000,0.480,0.489,0.415,80.354,0.387,84.581,78.459,83.133,0.324,0.828,0.000,0.095,-0.084,1.141,-0.001,-0.006,16.829,0.002,21.721,15.376,20.510
-5.316,-5.094,-0.001,0.875,0.001,-0.001,0.485,0.489,0.415,80.522,0.387,84.798,78.613,83.338,0.314,0.831,0.003,0.083,-0.087,1.140,-0.001,-0.006,16.741,0.001,21.729,15.355,20.584
-5.313,-5.086,-0.001,0.872,0.001,-0.001,0.490,0.489,0.415,80.689,0.387,85.015,78.767,83.544,0.305,0.833,0.004,0.071,-0.081,1.137,-0.001,-0.004,16.648,0.000,21.724,15.346,20.649
-5.310,-5.078,-0.001,0.869,0.002,-0.001,0.495,0.489,0.415,80.855,0.387,85.232,78.920,83.751,0.296,0.836,0.005,0.062,-0.068,1.133,-0.000,-0.003,16.558,-0.001,21.709,15.343,20.705
-5.307,-5.069,-0.001,0.866,0.002,-0.001,0.500,0.489,0.415,81.020,0.387,85.449,79.073,83.958,0.287,0.838,0.005,0.054,-0.051,1.131,-0.000,-0.001,16.477,-0.001,21.686,15.343,20.753
-5.305,-5.061,-0.001,0.863,0.002,-0.001,0.505,0.489,0.415,81.185,0.387,85.666,79.227,84.166,0.278,0.841,0.005,0.045,-0.034,1.130,0.000,0.001,16.408,-0.001,21.659,15.343,20.794
-5.302,-5.052,-0.001,0.860,0.002,-0.001,0.510,0.489,0.415,81.348,0.387,85.882,79.380,84.374,0.268,0.845,0.005,0.035,-0.018,1.131,0.001,0.002,16.355,-0.000,21.629,15.339,20.830
-5.299,-5.044,-0.001,0.858,0.003,-0.001,0.514,0.489,0.415,81.512,0.387,86.099,79.534,84.583,0.259,0.848,0.005,0.021,-0.008,1.133,0.001,0.004,16.316,0.001,21.610,15.329,20.858
-5.297,-5.035,-0.001,0.855,0.003,-0.001,0.519,0.489,0.415,81.675,0.387,86.315,79.687,84.791,0.248,0.851,0.005,0.004,-0.002,1.138,0.002,0.005,16.291,0.003,21.598,15.310,20.880
-5.294,-5.027,-0.001,0.852,0.003,-0.001,0.524,0.489,0.415,81.838,0.387,86.531,79.840,85.000,0.237,0.855,0.006,-0.011,-0.004,1.149,0.003,0.007,16.278,0.005,21.597,15.269,20.902
-5.292,-5.018,-0.000,0.849,0.003,-0.001,0.529,0.489,0.415,82.000,0.387,86.747,79.992,85.209,0.224,0.859,0.008,-0.022,-0.010,1.167,0.003,0.008,16.273,0.008,21.606,15.203,20.925
-5.290,-5.010,-0.000,0.845,0.002,-0.001,0.534,0.489,0.415,82.163,0.387,86.963,80.144,85.419,0.211,0.862,0.010,-0.028,-0.013,1.187,0.004,0.009,16.274,0.009,21.611,15.123,20.945
-5.288,-5.001,-0.000,0.842,0.002,-0.002,0.539,0.489,0.415,82.326,0.387,87.179,80.294,85.628,0.197,0.865,0.011,-0.026,-0.009,1.211,0.003,0.010,16.304,0.008,21.614,15.022,20.957
-5.286,-4.992,-0.000,0.839,0.002,-0.002,0.544,0.489,0.415,82.489,0.387,87.395,80.444,85.838,0.182,0.868,0.010,-0.019,0.007,1.239,0.002,0.009,16.344,0.005,21.621,14.898,20.961
-5.284,-4.984,-0.000,0.835,0.002,-0.002,0.549,0.489,0.416,82.653,0.387,87.611,80.592,86.048,0.168,0.870,0.009,-0.015,0.031,1.263,0.001,0.007,16.380,0.002,21.631,14.776,20.953
-5.282,-4.975,0.000,0.832,0.002,-0.001,0.555,0.489,0.416,82.817,0.387,87.828,80.739,86.257,0.153,0.872,0.005,-0.023,0.071,1.292,-0.000,0.004,16.412,-0.002,21.661,14.634,20.930
-5.281,-4.966,0.000,0.828,0.001,-0.001,0.560,0.489,0.416,82.981,0.387,88.045,80.885,86.466,0.136,0.873,-0.002,-0.060,0.132,1.332,-0.002,-0.001,16.451,-0.005,21.736,14.438,20.891
-5.280,-4.958,0.000,0.825,0.001,-0.001,0.566,0.489,0.416,83.146,0.387,88.262,81.029,86.675,0.125,0.876,-0.004,-0.064,0.153,1.332,-0.001,0.001,16.468,-0.006,21.781,14.390,20.827
-5.278,-4.949,-0.000,0.821,0.000,-0.000,0.571,0.489,0.416,83.310,0.387,88.480,81.173,86.883,0.118,0.880,-0.003,-0.045,0.145,1.308,-0.001,0.003,16.494,-0.008,21.800,14.443,20.739
-5.277,-4.940,-0.000,0.817,-0.000,0.000,0.577,0.489,0.416,83.476,0.387,88.698,81.318,87.089,0.110,0.882,-0.002,-0.036,0.137,1.287,-0.001,0.002,16.552,-0.010,21.829,14.487,20.632
-5.276,-4.931,-0.000,0.813,-0.001,0.001,0.582,0.489,0.416,83.642,0.387,88.917,81.463,87.295,0.102,0.884,-0.002,-0.029,0.123,1.265,-0.001,0.001,16.627,-0.010,21.864,14.534,20.519
-5.275,-4.922,-0.000,0.810,-0.001,0.001,0.587,0.489,0.416,83.808,0.387,89.136,81.608,87.500,0.095,0.886,-0.002,-0.022,0.098,1.242,-0.002,-0.001,16.708,-0.009,21.900,14.589,20.408
-5.274,-4.913,-0.000,0.806,-0.002,0.001,0.592,0.489,0.416,83.976,0.386,89.355,81.754,87.703,0.087,0.887,-0.002,-0.013,0.067,1.221,-0.002,-0.003,16.783,-0.007,21.938,14.644,20.312
-5.274,-4.905,-0.000,0.802,-0.002,0.001,0.597,0.489,0.416,84.144,0.386,89.574,81.901,87.906,0.078,0.889,-0.003,-0.005,0.032,1.204,-0.001,-0.004,16.843,-0.003,21.978,14.692,20.237
-5.273,-4.896,-0.000,0.799,-0.002,0.002,0.601,0.489,0.416,84.312,0.386,89.794,82.048,88.108,0.069,0.890,-0.004,0.002,0.000,1.192,-0.001,-0.005,16.883,0.000,22.013,14.733,20.190
-5.272,-4.887,-0.000,0.795,-0.002,0.002,0.606,0.489,0.416,84.481,0.386,90.015,82.196,88.310,0.059,0.890,-0.006,0.009,-0.028,1.183,-0.000,-0.004,16.906,0.003,22.038,14.771,20.170
-5.272,-4.878,-0.000,0.792,-0.002,0.001,0.611,0.489,0.415,84.651,0.386,90.235,82.344,88.512,0.049,0.890,-0.008,0.015,-0.052,1.177,0.000,-0.004,16.911,0.005,22.053,14.806,20.178
-5.271,-4.869,-0.000,0.788,-0.001,0.001,0.616,0.489,0.415,84.820,0.387,90.456,82.492,88.714,0.038,0.890,-0.009,0.019,-0.070,1.174,0.001,-0.003,16.900,0.006,22.060,14.836,20.210
-5.271,-4.860,-0.000,0.784,-0.001,0.001,0.620,0.489,0.415,84.988,0.387,90.676,82.640,88.916,0.027,0.889,-0.010,0.020,-0.083,1.174,0.001,-0.002,16.876,0.006,22.058,14.862,20.260
-5.271,-4.851,-0.001,0.781,-0.001,0.001,0.625,0.489,0.415,85.157,0.387,90.897,82.789,89.119,0.016,0.888,-0.011,0.020,-0.088,1.175,0.000,-0.002,16.841,0.005,22.047,14.884,20.323
-5.271,-4.842,-0.001,0.777,-0.000,0.000,0.629,0.489,0.415,85.325,0.387,91.117,82.938,89.322,0.005,0.886,-0.011,0.018,-0.086,1.176,0.000,-0.001,16.799,0.003,22.030,14.905,20.392
-5.271,-4.833,-0.001,0.773,-0.000,0.000,0.634,0.489,0.415,85.493,0.387,91.337,83.087,89.527,-0.006,0.884,-0.010,0.014,-0.078,1.176,-0.000,-0.001,16.755,0.001,22.006,14.926,20.458
-5.271,-4.825,-0.001,0.770,0.000,-0.000,0.638,0.489,0.415,85.660,0.387,91.557,83.237,89.732,-0.016,0.882,-0.008,0.009,-0.066,1.176,-0.000,-0.001,16.711,0.000,21.978,14.951,20.519
-5.271,-4.816,-0.001,0.766,0.000,-0.000,0.643,0.489,0.415,85.827,0.387,91.777,83.386,89.937,-0.026,0.881,-0.006,0.003,-0.056,1.174,-0.001,-0.002,16.670,-0.001,21.947,14.979,20.569
-5.271,-4.807,-0.001,0.762,0.001,-0.000,0.647,0.489,0.415,85.994,0.387,91.996,83.536,90.143,-0.036,0.879,-0.003,-0.002,-0.048,1.170,-0.001,-0.003,16.634,-0.000,21.912,15.012,20.610
-5.272,-4.798,-0.001,0.758,0.001,-0.001,0.652,0.489,0.415,86.160,0.387,92.215,83.687,90.349,-0.046,0.878,0.001,-0.006,-0.046,1.167,-0.001,-0.004,16.601,0.001,21.876,15.048,20.642
