-5.000,-1.000,0.001,0.707,0.000,0.000,0.707,-0.000,-0.000,0.000,-0.000,0.000,0.000,0.000,-0.000,-0.000,0.000,-0.000,-0.000,-0.000,0.000,0.000,-0.000,0.000,-0.000,-0.000,-0.000
-5.000,-1.000,0.001,0.707,0.000,-0.000,0.707,-0.107,-0.080,0.004,-0.083,0.004,0.003,0.003,0.000,0.024,0.000,0.001,-0.016,0.004,-17.067,-13.234,0.757,-14.015,0.787,0.532,0.549
-5.000,-1.000,0.001,0.707,0.000,-0.000,0.707,-0.249,-0.200,0.015,-0.216,0.015,0.011,0.011,0.004,0.052,0.000,-0.002,-0.024,-0.023,-8.772,-8.548,1.349,-9.741,1.289,1.166,1.082
-5.000,-0.999,0.001,0.707,0.000,-0.000,0.707,-0.252,-0.224,0.031,-0.234,0.029,0.026,0.025,0.009,0.083,0.000,-0.004,-0.026,-0.062,7.400,3.522,1.863,5.948,1.594,1.860,1.619
-5.000,-0.998,0.001,0.708,0.000,-0.000,0.707,-0.140,-0.151,0.052,-0.130,0.047,0.048,0.043,0.011,0.112,0.000,-0.001,-0.021,-0.072,12.291,9.014,2.356,12.110,2.005,2.467,2.163
-5.000,-0.997,0.001,0.708,0.000,-0.000,0.706,-0.063,-0.088,0.078,-0.048,0.070,0.075,0.068,0.009,0.136,0.000,0.003,-0.013,-0.054,1.979,2.511,2.895,3.106,2.629,2.933,2.681
-5.000,-0.995,0.001,0.708,0.000,-0.000,0.706,-0.105,-0.112,0.110,-0.077,0.100,0.107,0.097,0.009,0.158,-0.000,0.002,-0.007,-0.048,-8.768,-6.378,3.475,-7.655,3.266,3.369,3.142
-5.000,-0.993,0.001,0.708,0.000,-0.000,0.706,-0.193,-0.182,0.147,-0.164,0.135,0.143,0.130,0.013,0.181,-0.001,-0.003,-0.004,-0.077,-7.063,-5.932,4.016,-7.880,3.722,3.890,3.558
-4.999,-0.992,0.001,0.708,0.000,-0.000,0.706,-0.217,-0.208,0.190,-0.201,0.174,0.185,0.168,0.020,0.206,-0.001,-0.006,-0.003,-0.116,2.295,0.634,4.507,0.735,4.028,4.464,3.970
-4.999,-0.989,0.000,0.709,0.000,-0.000,0.705,-0.162,-0.174,0.237,-0.159,0.216,0.232,0.210,0.022,0.231,-0.002,-0.003,-0.002,-0.133,7.133,5.288,4.955,6.369,4.372,4.991,4.411
-4.999,-0.987,0.000,0.709,0.000,-0.000,0.705,-0.108,-0.128,0.289,-0.106,0.262,0.284,0.256,0.021,0.252,-0.002,0.001,0.001,-0.123,2.887,3.005,5.402,3.126,4.846,5.424,4.861
-4.999,-0.984,0.000,0.710,0.000,-0.000,0.704,-0.115,-0.125,0.346,-0.109,0.313,0.340,0.307,0.021,0.272,-0.003,0.000,0.003,-0.118,-3.799,-2.226,5.876,-3.233,5.351,5.822,5.274
-4.998,-0.981,0.000,0.710,0.000,-0.000,0.704,-0.163,-0.158,0.407,-0.155,0.368,0.401,0.362,0.025,0.292,-0.004,-0.004,0.004,-0.138,-4.692,-3.518,6.351,-4.919,5.763,6.261,5.640
-4.998,-0.978,0.000,0.711,0.000,-0.000,0.703,-0.189,-0.180,0.472,-0.186,0.427,0.466,0.420,0.030,0.313,-0.005,-0.008,0.003,-0.167,-0.150,-0.414,6.799,-1.005,6.081,6.734,5.990
-4.998,-0.975,0.000,0.711,0.000,-0.000,0.703,-0.168,-0.166,0.543,-0.173,0.490,0.535,0.481,0.033,0.333,-0.006,-0.007,0.003,-0.183,3.664,2.719,7.208,3.084,6.396,7.185,6.361
-4.998,-0.972,0.000,0.712,0.000,-0.000,0.702,-0.133,-0.138,0.617,-0.141,0.556,0.609,0.547,0.033,0.352,-0.007,-0.004,0.003,-0.180,2.494,2.292,7.598,2.597,6.774,7.578,6.747
-4.997,-0.968,0.000,0.713,0.000,-0.000,0.702,-0.128,-0.129,0.694,-0.132,0.625,0.687,0.616,0.034,0.369,-0.008,-0.004,0.004,-0.177,-1.191,-0.468,7.992,-0.701,7.179,7.942,7.114
-4.997,-0.964,0.000,0.713,0.000,-0.000,0.701,-0.150,-0.143,0.776,-0.151,0.699,0.768,0.689,0.037,0.386,-0.009,-0.007,0.004,-0.188,-2.643,-1.897,8.392,-2.534,7.543,8.317,7.446
-4.996,-0.960,0.000,0.714,0.000,-0.000,0.700,-0.168,-0.157,0.862,-0.170,0.776,0.853,0.765,0.041,0.403,-0.010,-0.009,0.004,-0.207,-0.801,-0.823,8.785,-1.138,7.852,8.709,7.756
-4.996,-0.956,-0.000,0.715,0.000,-0.001,0.699,-0.164,-0.157,0.952,-0.170,0.856,0.942,0.844,0.044,0.419,-0.010,-0.009,0.004,-0.221,1.410,0.823,9.157,1.041,8.147,9.091,8.066
-4.996,-0.952,-0.000,0.716,0.000,-0.001,0.699,-0.147,-0.145,1.045,-0.156,0.939,1.035,0.927,0.046,0.435,-0.011,-0.007,0.003,-0.225,1.509,1.209,9.505,1.424,8.460,9.443,8.385
-4.995,-0.948,-0.000,0.716,0.000,-0.001,0.698,-0.140,-0.137,1.142,-0.147,1.025,1.131,1.012,0.047,0.450,-0.012,-0.005,0.003,-0.225,0.025,0.240,9.840,0.258,8.784,9.772,8.701
-4.995,-0.943,-0.000,0.717,0.000,-0.001,0.697,-0.146,-0.140,1.242,-0.151,1.115,1.230,1.100,0.049,0.464,-0.012,-0.005,0.003,-0.230,-1.078,-0.678,10.172,-0.927,9.092,10.096,8.998
-4.994,-0.938,-0.001,0.718,-0.000,-0.001,0.696,-0.156,-0.147,1.346,-0.161,1.207,1.333,1.192,0.052,0.478,-0.012,-0.005,0.003,-0.241,-0.713,-0.544,10.503,-0.789,9.373,10.422,9.273
-4.994,-0.934,-0.001,0.719,-0.000,-0.001,0.695,-0.158,-0.150,1.452,-0.164,1.302,1.439,1.286,0.056,0.491,-0.012,-0.004,0.003,-0.253,0.205,0.037,10.827,0.018,9.639,10.741,9.535
-4.993,-0.929,-0.001,0.720,-0.000,-0.001,0.694,-0.153,-0.147,1.562,-0.161,1.400,1.548,1.383,0.059,0.503,-0.011,-0.001,0.002,-0.260,0.637,0.456,11.134,0.514,9.902,11.044,9.795
-4.992,-0.923,-0.001,0.721,-0.000,-0.001,0.693,-0.148,-0.143,1.675,-0.157,1.500,1.659,1.482,0.061,0.515,-0.010,0.002,0.002,-0.264,0.283,0.271,11.422,0.285,10.164,11.329,10.055
-4.992,-0.918,-0.001,0.722,-0.000,-0.001,0.692,-0.148,-0.142,1.790,-0.156,1.603,1.774,1.584,0.063,0.527,-0.009,0.004,0.002,-0.267,-0.122,-0.003,11.695,-0.031,10.418,11.603,10.308
-4.991,-0.913,-0.001,0.722,-0.000,-0.001,0.691,-0.150,-0.143,1.909,-0.157,1.708,1.892,1.688,0.066,0.538,-0.008,0.006,0.001,-0.272,-0.256,-0.130,11.961,-0.218,10.660,11.867,10.549
-4.991,-0.907,-0.001,0.723,-0.000,-0.000,0.690,-0.152,-0.144,2.030,-0.159,1.816,2.011,1.795,0.069,0.548,-0.007,0.007,0.001,-0.279,-0.110,-0.055,12.221,-0.122,10.891,12.124,10.776
-4.990,-0.902,-0.001,0.724,-0.000,-0.000,0.689,-0.152,-0.144,2.153,-0.160,1.926,2.134,1.903,0.072,0.559,-0.005,0.008,0.001,-0.285,-0.004,-0.015,12.471,-0.042,11.112,12.371,10.993
-4.989,-0.896,-0.001,0.725,0.000,-0.000,0.688,-0.152,-0.144,2.279,-0.160,2.038,2.259,2.014,0.075,0.569,-0.004,0.009,0.001,-0.291,0.034,0.001,12.711,-0.010,11.325,12.607,11.203
-4.988,-0.891,-0.001,0.726,0.000,-0.000,0.687,-0.152,-0.144,2.407,-0.160,2.153,2.386,2.127,0.078,0.578,-0.003,0.009,0.001,-0.297,0.035,0.006,12.940,0.001,11.531,12.834,11.405
-4.988,-0.885,-0.001,0.727,0.000,-0.000,0.686,-0.152,-0.144,2.538,-0.160,2.269,2.516,2.242,0.081,0.588,-0.001,0.009,0.001,-0.302,0.023,0.007,13.160,0.003,11.729,13.052,11.601
-4.987,-0.879,-0.001,0.728,0.000,-0.000,0.685,-0.151,-0.144,2.670,-0.160,2.387,2.647,2.359,0.084,0.597,-0.000,0.007,0.001,-0.307,0.010,0.006,13.372,0.002,11.921,13.262,11.791
-4.986,-0.873,-0.001,0.730,0.000,-0.000,0.684,-0.151,-0.144,2.805,-0.160,2.507,2.781,2.478,0.087,0.606,0.000,0.005,0.001,-0.312,0.001,0.005,13.577,0.002,12.106,13.465,11.974
-4.985,-0.867,-0.001,0.731,0.000,-0.000,0.683,-0.151,-0.144,2.942,-0.160,2.629,2.916,2.599,0.090,0.614,0.001,0.003,0.001,-0.317,-0.002,0.004,13.776,0.001,12.285,13.662,12.151
-4.984,-0.861,-0.001,0.732,0.000,-0.000,0.682,-0.151,-0.144,3.081,-0.160,2.753,3.054,2.721,0.093,0.623,0.001,0.001,0.001,-0.321,-0.002,0.004,13.969,0.001,12.459,13.854,12.323
-4.983,-0.854,-0.001,0.733,0.000,-0.000,0.680,-0.151,-0.144,3.221,-0.160,2.879,3.193,2.845,0.096,0.631,0.001,-0.002,0.001,-0.326,-0.001,0.004,14.158,0.001,12.628,14.041,12.489
-4.982,-0.848,-0.001,0.734,0.000,-0.000,0.679,-0.151,-0.144,3.364,-0.160,3.006,3.335,2.971,0.100,0.639,0.001,-0.003,0.001,-0.330,-0.000,0.003,14.344,0.001,12.792,14.224,12.652
-4.981,-0.841,-0.001,0.735,0.000,-0.000,0.678,-0.151,-0.144,3.508,-0.160,3.134,3.478,3.098,0.103,0.647,0.001,-0.003,0.002,-0.334,0.000,0.003,14.525,0.001,12.952,14.404,12.810
-4.980,-0.835,-0.001,0.736,0.000,-0.000,0.677,-0.151,-0.143,3.654,-0.160,3.265,3.623,3.227,0.107,0.655,0.000,-0.003,0.002,-0.338,0.000,0.002,14.703,0.001,13.109,14.579,12.964
-4.979,-0.828,-0.001,0.737,0.000,-0.000,0.676,-0.151,-0.143,3.802,-0.160,3.397,3.769,3.358,0.110,0.662,0.000,-0.000,0.001,-0.342,0.000,0.001,14.876,0.000,13.262,14.750,13.115
-4.978,-0.822,-0.001,0.738,0.000,-0.000,0.674,-0.151,-0.143,3.952,-0.160,3.530,3.918,3.490,0.113,0.669,0.001,0.004,0.001,-0.346,-0.000,0.001,15.044,-0.000,13.413,14.917,13.263
-4.977,-0.815,-0.001,0.740,0.000,-0.000,0.673,-0.151,-0.143,4.103,-0.160,3.665,4.068,3.623,0.117,0.676,0.001,0.010,0.001,-0.350,-0.000,-0.000,15.206,-0.001,13.560,15.078,13.408
-4.976,-0.808,-0.001,0.741,0.000,-0.000,0.672,-0.151,-0.143,4.256,-0.160,3.801,4.219,3.758,0.121,0.683,0.002,0.017,0.000,-0.354,-0.001,-0.001,15.361,-0.001,13.703,15.232,13.550
-4.974,-0.801,-0.001,0.742,0.000,-0.000,0.670,-0.151,-0.143,4.410,-0.160,3.939,4.372,3.894,0.124,0.690,0.004,0.025,-0.000,-0.358,-0.001,-0.002,15.508,-0.002,13.844,15.378,13.689
-4.973,-0.794,-0.001,0.743,0.000,-0.000,0.669,-0.151,-0.143,4.566,-0.160,4.078,4.527,4.031,0.128,0.696,0.006,0.032,-0.001,-0.362,-0.001,-0.002,15.646,-0.003,13.981,15.515,13.825
-4.972,-0.787,-0.001,0.744,0.000,0.000,0.668,-0.151,-0.144,4.723,-0.160,4.218,4.683,4.170,0.132,0.703,0.008,0.039,-0.002,-0.366,-0.001,-0.003,15.774,-0.003,14.113,15.643,13.957
-4.970,-0.780,-0.001,0.746,0.001,0.000,0.666,-0.151,-0.144,4.882,-0.160,4.360,4.840,4.311,0.136,0.709,0.010,0.043,-0.003,-0.369,-0.001,-0.003,15.892,-0.004,14.240,15.762,14.084
-4.969,-0.773,-0.001,0.747,0.001,0.000,0.665,-0.151,-0.144,5.041,-0.160,4.503,4.998,4.452,0.140,0.716,0.013,0.045,-0.003,-0.373,-0.001,-0.004,16.001,-0.004,14.362,15.871,14.206
-4.968,-0.766,-0.001,0.748,0.001,0.000,0.664,-0.151,-0.144,5.202,-0.160,4.647,5.157,4.595,0.144,0.722,0.015,0.043,-0.003,-0.377,-0.001,-0.004,16.101,-0.004,14.478,15.972,14.323
-4.966,-0.759,-0.001,0.749,0.001,0.001,0.662,-0.151,-0.144,5.363,-0.160,4.793,5.317,4.738,0.148,0.729,0.017,0.036,-0.003,-0.381,-0.001,-0.004,16.195,-0.004,14.587,16.067,14.432
-4.965,-0.751,-0.000,0.751,0.001,0.001,0.661,-0.151,-0.144,5.525,-0.160,4.939,5.478,4.883,0.152,0.735,0.018,0.026,-0.003,-0.385,-0.001,-0.004,16.284,-0.004,14.689,16.156,14.535
-4.963,-0.744,-0.000,0.752,0.001,0.001,0.659,-0.151,-0.144,5.689,-0.160,5.087,5.640,5.029,0.156,0.741,0.018,0.011,-0.002,-0.388,-0.001,-0.003,16.371,-0.004,14.782,16.243,14.629
-4.962,-0.737,-0.000,0.753,0.001,0.001,0.658,-0.151,-0.144,5.853,-0.160,5.235,5.803,5.176,0.161,0.747,0.018,-0.007,-0.001,-0.392,-0.001,-0.002,16.459,-0.004,14.868,16.330,14.716
-4.960,-0.729,0.000,0.755,0.001,0.001,0.656,-0.151,-0.144,6.018,-0.160,5.384,5.967,5.323,0.165,0.753,0.016,-0.026,0.000,-0.395,-0.000,-0.001,16.549,-0.003,14.947,16.419,14.794
-4.958,-0.722,0.000,0.756,0.001,0.001,0.655,-0.151,-0.144,6.184,-0.160,5.534,6.132,5.472,0.169,0.759,0.014,-0.047,0.002,-0.398,0.000,0.000,16.645,-0.003,15.019,16.511,14.865
-4.957,-0.714,0.000,0.757,0.001,0.000,0.653,-0.151,-0.144,6.351,-0.160,5.684,6.297,5.621,0.174,0.764,0.010,-0.066,0.004,-0.401,0.000,0.001,16.747,-0.003,15.085,16.610,14.929
-4.955,-0.706,0.000,0.758,0.001,0.000,0.652,-0.151,-0.144,6.519,-0.160,5.835,6.464,5.770,0.178,0.769,0.006,-0.082,0.005,-0.403,0.001,0.003,16.856,-0.002,15.146,16.714,14.987
-4.953,-0.699,0.001,0.760,0.000,-0.000,0.650,-0.151,-0.144,6.688,-0.160,5.987,6.632,5.920,0.182,0.773,0.002,-0.094,0.007,-0.405,0.001,0.004,16.973,-0.002,15.204,16.826,15.041
-4.951,-0.691,0.000,0.761,-0.000,-0.000,0.649,-0.151,-0.144,6.858,-0.160,6.139,6.800,6.071,0.187,0.777,-0.003,-0.101,0.008,-0.407,0.001,0.006,17.097,-0.001,15.260,16.943,15.092
-4.949,-0.683,0.000,0.762,-0.001,-0.001,0.647,-0.151,-0.144,7.030,-0.160,6.292,6.970,6.222,0.191,0.780,-0.008,-0.101,0.009,-0.409,0.001,0.007,17.225,-0.001,15.315,17.065,15.141
-4.947,-0.675,0.000,0.764,-0.001,-0.001,0.646,-0.151,-0.144,7.203,-0.160,6.446,7.142,6.374,0.195,0.782,-0.012,-0.094,0.009,-0.410,0.001,0.008,17.357,0.000,15.372,17.190,15.191
-4.945,-0.667,0.000,0.765,-0.001,-0.001,0.644,-0.151,-0.143,7.377,-0.160,6.600,7.314,6.526,0.199,0.784,-0.015,-0.081,0.008,-0.411,0.001,0.008,17.489,0.001,15.431,17.316,15.243
-4.943,-0.660,0.000,0.766,-0.002,-0.001,0.642,-0.151,-0.143,7.553,-0.160,6.754,7.488,6.679,0.203,0.786,-0.018,-0.061,0.008,-0.412,0.001,0.008,17.618,0.002,15.493,17.439,15.299
-4.941,-0.652,-0.000,0.768,-0.002,-0.002,0.641,-0.151,-0.143,7.729,-0.160,6.910,7.663,6.832,0.206,0.787,-0.019,-0.038,0.007,-0.414,0.001,0.007,17.739,0.002,15.559,17.556,15.359
-4.939,-0.644,-0.000,0.769,-0.002,-0.002,0.639,-0.151,-0.143,7.907,-0.160,7.066,7.839,6.986,0.210,0.788,-0.019,-0.012,0.005,-0.415,0.001,0.006,17.852,0.003,15.629,17.666,15.424
-4.937,-0.636,-0.001,0.770,-0.002,-0.002,0.638,-0.151,-0.143,8.086,-0.160,7.222,8.016,7.141,0.214,0.788,-0.019,0.014,0.003,-0.416,0.001,0.005,17.953,0.003,15.704,17.764,15.494
-4.935,-0.628,-0.001,0.772,-0.002,-0.001,0.636,-0.151,-0.143,8.266,-0.160,7.380,8.194,7.296,0.217,0.789,-0.017,0.038,0.002,-0.417,0.000,0.004,18.041,0.003,15.783,17.852,15.570
-4.933,-0.620,-0.001,0.773,-0.002,-0.001,0.634,-0.151,-0.143,8.447,-0.160,7.538,8.373,7.452,0.221,0.789,-0.015,0.057,0.000,-0.418,0.000,0.003,18.116,0.003,15.865,17.927,15.650
-4.930,-0.612,-0.001,0.774,-0.001,-0.001,0.633,-0.151,-0.143,8.629,-0.160,7.697,8.553,7.609,0.224,0.789,-0.013,0.070,-0.001,-0.419,0.000,0.002,18.178,0.003,15.949,17.991,15.732
-4.928,-0.604,-0.001,0.776,-0.001,-0.001,0.631,-0.151,-0.143,8.811,-0.160,7.857,8.733,7.767,0.228,0.790,-0.010,0.075,-0.002,-0.420,0.000,0.001,18.231,0.002,16.033,18.045,15.816
-4.926,-0.596,-0.001,0.777,-0.001,-0.001,0.630,-0.151,-0.143,8.993,-0.160,8.018,8.914,7.925,0.232,0.790,-0.007,0.073,-0.003,-0.422,-0.000,0.000,18.276,0.002,16.115,18.091,15.899
-4.924,-0.589,-0.001,0.778,-0.001,-0.000,0.628,-0.151,-0.143,9.176,-0.160,8.179,9.095,8.085,0.236,0.791,-0.005,0.065,-0.003,-0.423,-0.000,-0.000,18.316,0.001,16.193,18.133,15.980
-4.921,-0.581,-0.001,0.780,-0.000,-0.000,0.626,-0.151,-0.143,9.360,-0.160,8.342,9.276,8.245,0.240,0.791,-0.003,0.051,-0.003,-0.424,-0.000,-0.001,18.354,0.001,16.267,18.173,16.056
-4.919,-0.573,-0.001,0.781,-0.000,-0.000,0.625,-0.151,-0.143,9.543,-0.160,8.505,9.458,8.406,0.243,0.792,-0.002,0.035,-0.003,-0.425,-0.000,-0.001,18.393,0.001,16.334,18.214,16.126
-4.916,-0.565,-0.001,0.782,0.000,-0.000,0.623,-0.151,-0.143,9.727,-0.160,8.668,9.641,8.567,0.247,0.793,-0.001,0.020,-0.003,-0.426,-0.000,-0.001,18.435,0.001,16.396,18.256,16.190
-4.914,-0.557,-0.001,0.784,0.000,-0.000,0.621,-0.151,-0.143,9.912,-0.160,8.832,9.823,8.729,0.251,0.794,0.000,0.007,-0.002,-0.427,-0.000,-0.002,18.478,0.001,16.451,18.302,16.248
-4.911,-0.549,-0.001,0.785,0.000,-0.000,0.620,-0.151,-0.143,10.097,-0.160,8.997,10.007,8.892,0.256,0.796,0.001,0.000,-0.002,-0.428,-0.000,-0.002,18.525,0.001,16.502,18.349,16.301
-4.909,-0.541,-0.001,0.786,0.000,-0.000,0.618,-0.151,-0.143,10.282,-0.160,9.162,10.190,9.056,0.260,0.797,0.002,-0.001,-0.002,-0.429,-0.000,-0.003,18.572,0.001,16.549,18.398,16.350
-4.906,-0.533,-0.001,0.788,0.000,-0.000,0.616,-0.151,-0.143,10.468,-0.160,9.328,10.375,9.219,0.264,0.798,0.003,0.006,-0.002,-0.430,-0.001,-0.003,18.617,0.000,16.595,18.447,16.397
-4.903,-0.525,-0.001,0.789,0.000,-0.000,0.615,-0.151,-0.143,10.655,-0.160,9.494,10.559,9.383,0.268,0.799,0.004,0.019,-0.002,-0.432,-0.001,-0.004,18.658,-0.000,16.642,18.491,16.444
-4.901,-0.517,-0.001,0.790,0.000,0.000,0.613,-0.151,-0.143,10.842,-0.160,9.661,10.745,9.548,0.272,0.801,0.006,0.036,-0.003,-0.433,-0.001,-0.005,18.693,-0.001,16.690,18.530,16.493
-4.898,-0.509,-0.001,0.792,0.000,0.000,0.611,-0.151,-0.143,11.029,-0.160,9.828,10.930,9.713,0.276,0.802,0.007,0.056,-0.004,-0.435,-0.001,-0.006,18.718,-0.002,16.741,18.560,16.545
-4.895,-0.501,-0.001,0.793,0.001,0.000,0.609,-0.151,-0.143,11.216,-0.160,9.996,11.116,9.879,0.281,0.804,0.009,0.074,-0.004,-0.437,-0.002,-0.006,18.734,-0.003,16.796,18.581,16.600
-4.892,-0.493,-0.001,0.794,0.001,0.001,0.608,-0.151,-0.143,11.403,-0.160,10.164,11.302,10.045,0.285,0.806,0.011,0.088,-0.005,-0.439,-0.002,-0.006,18.740,-0.004,16.853,18.592,16.659
-4.890,-0.485,-0.001,0.796,0.001,0.001,0.606,-0.151,-0.143,11.591,-0.160,10.333,11.487,10.212,0.290,0.807,0.013,0.094,-0.005,-0.441,-0.002,-0.006,18.739,-0.005,16.912,18.594,16.720
-4.887,-0.477,-0.001,0.797,0.002,0.001,0.604,-0.151,-0.144,11.778,-0.160,10.502,11.673,10.380,0.295,0.809,0.014,0.091,-0.005,-0.443,-0.002,-0.006,18.732,-0.005,16.971,18.590,16.782
-4.884,-0.469,-0.001,0.798,0.002,0.001,0.602,-0.151,-0.144,11.965,-0.160,10.672,11.859,10.548,0.300,0.811,0.015,0.076,-0.004,-0.445,-0.001,-0.005,18.725,-0.005,17.026,18.583,16.840
-4.881,-0.461,-0.000,0.800,0.002,0.002,0.601,-0.151,-0.144,12.153,-0.160,10.843,12.045,10.717,0.305,0.813,0.015,0.050,-0.004,-0.447,-0.001,-0.004,18.721,-0.005,17.074,18.578,16.892
-4.878,-0.452,-0.000,0.801,0.003,0.002,0.599,-0.151,-0.144,12.340,-0.160,11.014,12.231,10.886,0.310,0.815,0.014,0.015,-0.002,-0.448,-0.000,-0.003,18.726,-0.004,17.112,18.580,16.934
-4.874,-0.444,-0.000,0.802,0.003,0.002,0.597,-0.151,-0.144,12.527,-0.161,11.185,12.417,11.055,0.315,0.817,0.012,-0.026,-0.001,-0.449,0.000,-0.001,18.742,-0.003,17.138,18.591,16.964
-4.871,-0.436,-0.000,0.804,0.002,0.001,0.595,-0.151,-0.144,12.715,-0.161,11.356,12.603,11.225,0.320,0.818,0.010,-0.071,0.001,-0.450,0.001,0.001,18.772,-0.002,17.151,18.615,16.980
-4.868,-0.428,0.000,0.805,0.002,0.001,0.593,-0.151,-0.144,12.903,-0.161,11.528,12.789,11.395,0.324,0.819,0.008,-0.113,0.003,-0.450,0.001,0.004,18.819,-0.002,17.149,18.654,16.980
-4.865,-0.420,0.000,0.806,0.001,0.001,0.592,-0.151,-0.144,13.091,-0.161,11.699,12.976,11.564,0.329,0.820,0.005,-0.150,0.005,-0.450,0.002,0.006,18.882,-0.001,17.134,18.709,16.966
-4.861,-0.411,0.000,0.808,0.001,0.000,0.590,-0.151,-0.144,13.280,-0.161,11.871,13.163,11.734,0.333,0.820,0.001,-0.177,0.007,-0.450,0.002,0.009,18.959,-0.001,17.108,18.778,16.938
-4.858,-0.403,0.000,0.809,0.000,-0.000,0.588,-0.151,-0.143,13.470,-0.161,12.042,13.351,11.903,0.337,0.820,-0.002,-0.191,0.009,-0.450,0.002,0.010,19.049,-0.000,17.075,18.860,16.901
-4.855,-0.395,0.000,0.810,-0.001,-0.001,0.586,-0.151,-0.143,13.661,-0.161,12.212,13.541,12.072,0.341,0.820,-0.005,-0.190,0.009,-0.449,0.002,0.012,19.146,0.000,17.038,18.949,16.858
-4.851,-0.387,0.000,0.812,-0.002,-0.001,0.584,-0.151,-0.143,13.853,-0.161,12.382,13.730,12.240,0.345,0.819,-0.007,-0.174,0.009,-0.449,0.002,0.012,19.246,0.000,17.002,19.043,16.813
-4.848,-0.379,-0.000,0.813,-0.002,-0.002,0.582,-0.151,-0.143,14.046,-0.161,12.552,13.921,12.408,0.349,0.817,-0.009,-0.145,0.009,-0.449,0.001,0.011,19.343,0.001,16.970,19.134,16.773
-4.844,-0.371,-0.000,0.814,-0.003,-0.002,0.580,-0.388,-0.300,14.240,-0.374,12.724,14.113,12.574,0.375,0.793,-0.008,-0.134,0.006,-0.600,-33.139,-23.034,19.618,-29.587,17.207,19.271,16.274
-4.840,-0.363,-0.000,0.817,-0.003,-0.002,0.577,-0.598,-0.458,14.440,-0.576,12.893,14.308,12.732,0.426,0.754,0.003,-0.144,-0.040,-0.937,-9.611,-8.455,20.326,-9.883,16.608,19.682,15.363
-4.836,-0.356,-0.000,0.820,-0.004,-0.003,0.573,-0.613,-0.489,14.647,-0.598,13.057,14.506,12.881,0.462,0.719,0.010,-0.045,-0.091,-1.181,5.638,1.784,20.950,5.195,16.155,19.944,14.443
-4.831,-0.348,0.000,0.823,-0.003,-0.003,0.568,-0.515,-0.437,14.858,-0.495,13.217,14.706,13.022,0.479,0.701,0.002,0.065,-0.070,-1.273,11.979,7.296,21.308,13.238,15.877,20.058,13.889
-4.826,-0.342,-0.000,0.827,-0.003,-0.003,0.563,-0.419,-0.374,15.072,-0.389,13.375,14.907,13.160,0.483,0.692,-0.017,0.124,0.044,-1.271,6.273,4.703,21.359,6.997,15.845,20.028,13.681
-4.821,-0.335,-0.000,0.830,-0.002,-0.003,0.557,-0.389,-0.347,15.285,-0.358,13.534,15.107,13.298,0.480,0.699,-0.020,0.119,0.061,-1.180,0.090,0.751,21.179,-0.716,15.799,19.990,13.931
-4.817,-0.328,-0.000,0.833,-0.002,-0.002,0.553,-0.406,-0.352,15.496,-0.391,13.692,15.306,13.438,0.481,0.700,-0.021,0.118,0.066,-1.131,-2.507,-1.326,21.044,-3.943,15.815,19.961,14.139
-4.812,-0.321,-0.001,0.837,-0.002,-0.001,0.548,-0.426,-0.364,15.706,-0.416,13.850,15.506,13.580,0.489,0.696,-0.018,0.109,0.057,-1.124,-1.443,-1.031,21.040,-1.441,15.841,19.952,14.236
-4.807,-0.314,-0.001,0.840,-0.001,-0.001,0.543,-0.436,-0.373,15.916,-0.424,14.009,15.706,13.723,0.498,0.690,-0.014,0.103,0.034,-1.127,-0.585,-0.584,21.067,-0.250,15.890,19.949,14.292
-4.802,-0.307,-0.001,0.843,-0.001,-0.001,0.538,-0.439,-0.377,16.127,-0.423,14.168,15.905,13.866,0.506,0.684,-0.010,0.097,0.008,-1.130,-0.087,-0.242,21.091,0.248,15.953,19.947,14.341
-4.797,-0.300,-0.001,0.846,-0.001,-0.000,0.534,-0.439,-0.378,16.338,-0.420,14.328,16.104,14.010,0.513,0.678,-0.006,0.087,-0.015,-1.130,0.122,-0.074,21.102,0.398,16.013,19.945,14.392
-4.792,-0.293,-0.001,0.849,-0.000,-0.000,0.529,-0.437,-0.378,16.549,-0.416,14.488,16.304,14.154,0.521,0.672,-0.002,0.076,-0.033,-1.129,0.160,-0.013,21.099,0.388,16.062,19.944,14.445
-4.786,-0.287,-0.001,0.852,0.000,-0.000,0.524,-0.436,-0.378,16.760,-0.412,14.649,16.503,14.299,0.528,0.667,0.001,0.065,-0.044,-1.128,0.125,-0.002,21.083,0.321,16.098,19.946,14.496
-4.781,-0.280,-0.001,0.855,0.001,-0.000,0.519,-0.435,-0.378,16.971,-0.409,14.810,16.703,14.444,0.536,0.662,0.004,0.058,-0.049,-1.127,0.077,-0.009,21.055,0.244,16.122,19.948,14.543
-4.776,-0.273,-0.001,0.857,0.001,-0.000,0.515,-0.434,-0.379,17.181,-0.407,14.971,16.902,14.589,0.543,0.656,0.007,0.057,-0.048,-1.127,0.036,-0.017,21.015,0.176,16.135,19.947,14.581
-4.770,-0.267,-0.001,0.860,0.001,-0.000,0.510,-0.434,-0.379,17.391,-0.406,15.133,17.102,14.735,0.551,0.650,0.009,0.061,-0.042,-1.130,0.009,-0.031,20.968,0.123,16.142,19.941,14.608
-4.765,-0.260,-0.001,0.863,0.002,-0.000,0.505,-0.434,-0.379,17.601,-0.405,15.294,17.301,14.882,0.559,0.644,0.011,0.069,-0.032,-1.135,-0.005,-0.045,20.916,0.084,16.147,19.928,14.625
-4.759,-0.254,-0.001,0.866,0.002,-0.000,0.500,-0.434,-0.380,17.809,-0.404,15.456,17.500,15.028,0.568,0.638,0.012,0.080,-0.022,-1.142,-0.011,-0.050,20.862,0.056,16.153,19.906,14.634
-4.753,-0.248,-0.001,0.869,0.002,-0.000,0.495,-0.434,-0.380,18.018,-0.404,15.617,17.699,15.174,0.576,0.632,0.013,0.090,-0.012,-1.148,-0.009,-0.041,20.808,0.038,16.164,19.874,14.642
-4.747,-0.241,-0.000,0.872,0.003,0.000,0.490,-0.434,-0.380,18.226,-0.403,15.779,17.898,15.321,0.585,0.626,0.013,0.096,-0.002,-1.153,-0.004,-0.017,20.753,0.026,16.182,19.831,14.655
-4.742,-0.235,-0.000,0.875,0.003,0.000,0.485,-0.434,-0.381,18.433,-0.403,15.941,18.096,15.467,0.593,0.621,0.011,0.096,0.007,-1.154,-0.001,-0.004,20.697,0.017,16.210,19.779,14.679
-4.736,-0.229,-0.000,0.877,0.004,0.001,0.480,-0.434,-0.381,18.640,-0.403,16.103,18.293,15.614,0.600,0.616,0.009,0.088,0.016,-1.149,0.001,0.004,20.641,0.012,16.248,19.719,14.721
-4.730,-0.223,-0.000,0.880,0.004,0.001,0.475,-0.434,-0.380,18.846,-0.403,16.266,18.490,15.762,0.607,0.612,0.005,0.071,0.024,-1.138,0.003,0.012,20.583,0.009,16.296,19.655,14.782
-4.723,-0.217,-0.000,0.883,0.004,0.001,0.470,-0.434,-0.380,19.051,-0.403,16.429,18.686,15.910,0.613,0.608,0.001,0.043,0.028,-1.122,0.007,0.034,20.535,0.008,16.337,19.599,14.861
-4.717,-0.211,-0.000,0.885,0.004,0.001,0.465,-0.434,-0.380,19.256,-0.403,16.592,18.882,16.059,0.619,0.604,-0.003,0.004,0.027,-1.105,0.011,0.059,20.503,0.008,16.366,19.558,14.944
-4.711,-0.205,-0.000,0.888,0.004,0.001,0.460,-0.434,-0.379,19.461,-0.403,16.756,19.078,16.209,0.625,0.599,-0.006,-0.041,0.021,-1.093,0.014,0.078,20.497,0.008,16.396,19.541,15.008
-4.705,-0.199,-0.000,0.890,0.004,0.001,0.455,-0.434,-0.378,19.666,-0.402,16.920,19.273,16.359,0.631,0.594,-0.009,-0.085,0.013,-1.084,0.014,0.088,20.512,0.008,16.416,19.546,15.049
-4.698,-0.193,-0.000,0.893,0.003,0.001,0.450,-0.434,-0.377,19.872,-0.402,17.085,19.469,16.510,0.637,0.588,-0.010,-0.122,0.003,-1.078,0.012,0.104,20.545,0.008,16.420,19.573,15.069
-4.692,-0.187,-0.000,0.895,0.003,0.001,0.446,-0.434,-0.376,20.077,-0.402,17.249,19.665,16.661,0.643,0.581,-0.011,-0.150,-0.006,-1.074,0.010,0.106,20.591,0.007,16.405,19.620,15.071
-4.686,-0.181,-0.001,0.898,0.002,0.001,0.441,-0.433,-0.375,20.284,-0.402,17.413,19.861,16.811,0.649,0.573,-0.010,-0.168,-0.016,-1.071,0.008,0.068,20.644,0.007,16.370,19.680,15.057
-4.679,-0.175,-0.001,0.900,0.001,0.000,0.436,-0.433,-0.375,20.490,-0.402,17.576,20.058,16.962,0.654,0.566,-0.007,-0.173,-0.024,-1.069,0.004,0.038,20.701,0.006,16.318,19.749,15.028
-4.672,-0.170,-0.001,0.902,0.000,-0.000,0.431,-0.433,-0.375,20.698,-0.402,17.739,20.256,17.112,0.659,0.558,-0.004,-0.166,-0.032,-1.068,0.002,0.019,20.757,0.005,16.251,19.820,14.986
-4.666,-0.164,-0.001,0.905,-0.000,-0.001,0.426,-0.433,-0.374,20.905,-0.402,17.901,20.455,17.261,0.664,0.549,-0.000,-0.151,-0.036,-1.068,0.000,0.008,20.806,0.004,16.174,19.888,14.934
-4.659,-0.159,-0.001,0.907,-0.001,-0.001,0.421,-0.433,-0.374,21.114,-0.402,18.062,20.654,17.410,0.669,0.541,0.003,-0.131,-0.035,-1.069,-0.001,0.000,20.843,0.003,16.091,19.947,14.877
-4.652,-0.153,-0.001,0.909,-0.001,-0.002,0.417,-0.433,-0.374,21.322,-0.402,18.223,20.853,17.559,0.674,0.533,0.006,-0.111,-0.027,-1.071,-0.002,-0.005,20.867,0.002,16.010,19.997,14.816
-4.646,-0.148,-0.001,0.911,-0.002,-0.002,0.412,-0.433,-0.374,21.531,-0.402,18.383,21.054,17.707,0.680,0.525,0.008,-0.094,-0.015,-1.074,-0.002,-0.008,20.880,0.000,15.938,20.034,14.752
-4.639,-0.143,-0.000,0.914,-0.002,-0.002,0.407,-0.433,-0.375,21.740,-0.402,18.542,21.254,17.854,0.685,0.517,0.009,-0.079,-0.000,-1.077,-0.002,-0.010,20.888,-0.001,15.877,20.061,14.688
-4.632,-0.138,-0.000,0.916,-0.002,-0.002,0.402,-0.433,-0.375,21.949,-0.402,18.700,21.455,18.000,0.691,0.509,0.008,-0.066,0.016,-1.082,-0.003,-0.010,20.894,-0.003,15.829,20.079,14.625
-4.625,-0.133,-0.000,0.918,-0.003,-0.002,0.397,-0.433,-0.375,22.158,-0.402,18.858,21.656,18.146,0.697,0.501,0.006,-0.054,0.031,-1.087,-0.003,-0.010,20.902,-0.004,15.798,20.090,14.562
-4.618,-0.128,-0.000,0.920,-0.003,-0.002,0.392,-0.434,-0.375,22.367,-0.402,19.016,21.857,18.292,0.703,0.492,0.004,-0.042,0.043,-1.095,-0.003,-0.010,20.917,-0.005,15.782,20.097,14.496
-4.611,-0.123,-0.000,0.922,-0.003,-0.002,0.387,-0.434,-0.375,22.576,-0.402,19.174,22.058,18.436,0.709,0.483,0.002,-0.029,0.051,-1.105,-0.003,-0.010,20.945,-0.006,15.783,20.104,14.424
-4.604,-0.118,-0.000,0.924,-0.003,-0.002,0.382,-0.434,-0.375,22.786,-0.402,19.332,22.259,18.580,0.715,0.473,-0.000,-0.010,0.050,-1.118,-0.004,-0.014,20.999,-0.007,15.794,20.108,14.349
-4.597,-0.113,-0.000,0.926,-0.003,-0.002,0.376,-0.434,-0.375,22.996,-0.402,19.490,22.460,18.723,0.722,0.463,-0.001,0.010,0.043,-1.132,-0.006,-0.026,21.072,-0.008,15.802,20.116,14.276
-4.589,-0.109,-0.000,0.929,-0.003,-0.002,0.371,-0.434,-0.376,23.207,-0.402,19.648,22.661,18.866,0.728,0.452,-0.002,0.032,0.034,-1.148,-0.008,-0.042,21.149,-0.008,15.810,20.125,14.209
-4.582,-0.104,-0.000,0.931,-0.003,-0.002,0.366,-0.434,-0.376,23.419,-0.402,19.806,22.862,19.007,0.734,0.442,-0.002,0.056,0.024,-1.164,-0.010,-0.059,21.215,-0.008,15.824,20.134,14.154
-4.575,-0.100,-0.000,0.933,-0.003,-0.001,0.360,-0.434,-0.377,23.631,-0.403,19.964,23.064,19.149,0.740,0.431,-0.001,0.082,0.014,-1.178,-0.012,-0.076,21.261,-0.007,15.843,20.140,14.118
-4.567,-0.096,-0.000,0.935,-0.002,-0.001,0.355,-0.434,-0.378,23.844,-0.403,20.123,23.265,19.290,0.746,0.421,-0.000,0.109,0.004,-1.190,-0.011,-0.114,21.283,-0.006,15.871,20.140,14.101
-4.560,-0.092,-0.000,0.937,-0.002,-0.001,0.349,-0.434,-0.379,24.057,-0.403,20.282,23.466,19.431,0.752,0.412,0.001,0.135,-0.004,-1.199,-0.012,-0.097,21.278,-0.005,15.907,20.131,14.105
-4.552,-0.087,-0.000,0.939,-0.001,-0.001,0.344,-0.434,-0.380,24.270,-0.403,20.441,23.668,19.572,0.758,0.402,0.002,0.157,-0.009,-1.206,-0.010,-0.073,21.245,-0.004,15.955,20.108,14.129
-4.545,-0.083,-0.000,0.941,-0.000,-0.000,0.338,-0.434,-0.380,24.482,-0.403,20.601,23.869,19.714,0.764,0.393,0.003,0.174,-0.009,-1.210,-0.004,-0.038,21.186,-0.002,16.015,20.069,14.173
-4.537,-0.080,-0.000,0.943,0.000,-0.000,0.332,-0.434,-0.380,24.693,-0.403,20.761,24.069,19.856,0.769,0.385,0.003,0.182,-0.004,-1.209,0.001,-0.014,21.107,0.000,16.090,20.014,14.236
-4.529,-0.076,-0.000,0.945,0.001,0.000,0.327,-0.434,-0.381,24.904,-0.403,20.923,24.269,19.998,0.774,0.377,0.002,0.179,0.002,-1.203,0.003,-0.001,21.014,0.001,16.175,19.944,14.318
-4.522,-0.072,-0.000,0.947,0.002,0.000,0.321,-0.434,-0.381,25.114,-0.403,21.085,24.468,20.142,0.779,0.370,0.001,0.161,0.004,-1.191,0.004,0.008,20.917,0.003,16.251,19.869,14.423
-4.514,-0.068,-0.000,0.949,0.003,0.001,0.315,-0.434,-0.380,25.322,-0.403,21.248,24.666,20.287,0.784,0.365,0.001,0.132,-0.002,-1.172,0.007,0.027,20.837,0.004,16.316,19.789,14.550
-4.506,-0.065,-0.000,0.951,0.003,0.001,0.310,-0.434,-0.380,25.530,-0.403,21.411,24.864,20.433,0.787,0.359,0.001,0.098,-0.011,-1.150,0.011,0.055,20.788,0.006,16.366,19.709,14.679
-4.498,-0.061,-0.000,0.953,0.004,0.001,0.304,-0.434,-0.379,25.738,-0.403,21.575,25.060,20.580,0.791,0.354,-0.002,0.055,-0.009,-1.126,0.014,0.075,20.741,0.006,16.399,19.638,14.804
-4.490,-0.058,-0.000,0.954,0.004,0.001,0.299,-0.434,-0.378,25.945,-0.402,21.739,25.256,20.729,0.794,0.349,-0.007,0.002,0.005,-1.104,0.013,0.080,20.690,0.006,16.421,19.585,14.917
-4.482,-0.054,-0.000,0.956,0.004,0.001,0.294,-0.434,-0.378,26.152,-0.402,21.903,25.452,20.879,0.797,0.342,-0.011,-0.052,0.016,-1.090,0.011,0.083,20.655,0.006,16.440,19.564,14.990
-4.474,-0.051,-0.000,0.957,0.003,0.001,0.289,-0.434,-0.377,26.358,-0.402,22.068,25.648,21.029,0.800,0.334,-0.015,-0.096,0.023,-1.083,0.008,0.099,20.639,0.005,16.453,19.571,15.029
-4.466,-0.048,-0.001,0.959,0.003,0.001,0.283,-0.434,-0.376,26.565,-0.402,22.232,25.844,21.179,0.803,0.325,-0.016,-0.122,0.022,-1.078,0.007,0.070,20.662,0.004,16.455,19.597,15.039
-4.458,-0.044,-0.001,0.961,0.002,0.001,0.278,-0.434,-0.375,26.772,-0.402,22.397,26.040,21.329,0.805,0.316,-0.016,-0.129,0.012,-1.075,0.004,0.041,20.714,0.004,16.444,19.637,15.024
-4.450,-0.041,-0.001,0.962,0.002,0.001,0.273,-0.433,-0.375,26.979,-0.402,22.561,26.236,21.480,0.807,0.306,-0.013,-0.118,-0.006,-1.076,0.001,0.021,20.780,0.003,16.423,19.687,14.988
-4.442,-0.038,-0.001,0.963,0.001,0.001,0.268,-0.433,-0.375,27.187,-0.402,22.725,26.434,21.629,0.809,0.295,-0.009,-0.101,-0.027,-1.081,-0.000,0.009,20.853,0.002,16.394,19.744,14.934
-4.434,-0.035,-0.001,0.965,0.001,0.000,0.263,-0.433,-0.375,27.396,-0.402,22.889,26.631,21.778,0.810,0.284,-0.005,-0.083,-0.043,-1.087,-0.001,-0.000,20.911,0.002,16.358,19.803,14.877
-4.426,-0.033,-0.001,0.966,0.000,-0.000,0.257,-0.433,-0.375,27.605,-0.402,23.053,26.830,21.927,0.812,0.274,-0.002,-0.066,-0.052,-1.091,-0.002,-0.006,20.945,0.002,16.315,19.858,14.831
-4.418,-0.030,-0.001,0.968,0.000,-0.000,0.252,-0.434,-0.375,27.815,-0.402,23.215,27.028,22.075,0.814,0.264,0.001,-0.051,-0.055,-1.093,-0.002,-0.010,20.956,0.002,16.268,19.906,14.800
-4.409,-0.027,-0.001,0.969,-0.000,-0.001,0.247,-0.434,-0.375,28.025,-0.402,23.378,27.228,22.223,0.816,0.255,0.003,-0.039,-0.052,-1.092,-0.001,-0.011,20.948,0.002,16.220,19.944,14.786
-4.401,-0.025,-0.001,0.970,-0.000,-0.001,0.242,-0.434,-0.375,28.234,-0.402,23.540,27.427,22.371,0.819,0.247,0.004,-0.030,-0.046,-1.089,-0.001,-0.011,20.928,0.002,16.174,19.972,14.788
-4.393,-0.022,-0.001,0.972,-0.000,-0.001,0.236,-0.434,-0.375,28.443,-0.402,23.701,27.627,22.519,0.821,0.239,0.005,-0.026,-0.037,-1.083,-0.001,-0.010,20.900,0.003,16.130,19.991,14.804
-4.385,-0.020,-0.001,0.973,-0.000,-0.001,0.231,-0.434,-0.375,28.652,-0.402,23.863,27.827,22.667,0.824,0.232,0.005,-0.026,-0.028,-1.076,-0.000,-0.010,20.872,0.003,16.091,20.004,14.832
-4.377,-0.018,-0.001,0.974,-0.000,-0.002,0.226,-0.434,-0.376,28.861,-0.402,24.023,28.027,22.815,0.826,0.224,0.006,-0.032,-0.022,-1.072,-0.001,-0.010,20.855,0.002,16.054,20.017,14.856
-4.368,-0.015,-0.001,0.975,-0.001,-0.002,0.221,-0.434,-0.376,29.069,-0.402,24.184,28.227,22.964,0.829,0.216,0.006,-0.040,-0.019,-1.069,-0.001,-0.011,20.848,0.002,16.020,20.032,14.875
-4.360,-0.013,-0.001,0.977,-0.001,-0.002,0.215,-0.434,-0.376,29.278,-0.402,24.344,28.428,23.113,0.832,0.208,0.007,-0.045,-0.017,-1.068,-0.002,-0.014,20.850,0.001,15.986,20.051,14.885
-4.352,-0.011,-0.001,0.978,-0.001,-0.002,0.210,-0.434,-0.376,29.486,-0.402,24.503,28.628,23.262,0.835,0.199,0.007,-0.045,-0.017,-1.070,-0.004,-0.023,20.856,-0.000,15.953,20.074,14.884
-4.343,-0.009,-0.001,0.979,-0.001,-0.002,0.205,-0.434,-0.376,29.695,-0.402,24.663,28.829,23.410,0.838,0.190,0.009,-0.038,-0.018,-1.073,-0.006,-0.037,20.862,-0.001,15.919,20.099,14.872
-4.335,-0.008,-0.001,0.980,-0.001,-0.002,0.200,-0.434,-0.377,29.903,-0.402,24.822,29.030,23.559,0.841,0.180,0.011,-0.027,-0.020,-1.082,-0.009,-0.057,20.872,-0.003,15.886,20.127,14.841
-4.326,-0.006,-0.000,0.981,-0.001,-0.002,0.194,-0.434,-0.377,30.112,-0.402,24.980,29.232,23.707,0.844,0.169,0.013,-0.012,-0.021,-1.095,-0.010,-0.093,20.882,-0.004,15.852,20.154,14.790
-4.318,-0.004,-0.000,0.982,-0.001,-0.003,0.189,-0.434,-0.378,30.321,-0.402,25.139,29.434,23.855,0.847,0.157,0.015,0.004,-0.017,-1.110,-0.012,-0.093,20.885,-0.006,15.820,20.174,14.728
-4.310,-0.003,-0.000,0.983,-0.001,-0.003,0.183,-0.434,-0.379,30.530,-0.402,25.297,29.635,24.002,0.849,0.146,0.016,0.021,-0.006,-1.126,-0.011,-0.069,20.880,-0.008,15.793,20.182,14.658
-4.301,-0.001,0.000,0.984,-0.001,-0.003,0.178,-0.434,-0.380,30.739,-0.402,25.455,29.837,24.148,0.852,0.134,0.015,0.037,0.013,-1.145,-0.007,-0.040,20.874,-0.008,15.781,20.175,14.574
-4.293,0.000,0.000,0.985,-0.001,-0.002,0.172,-0.434,-0.380,30.947,-0.402,25.612,30.039,24.293,0.854,0.121,0.014,0.051,0.039,-1.166,-0.003,-0.017,20.875,-0.007,15.779,20.152,14.480
-4.284,0.001,0.000,0.986,-0.001,-0.002,0.166,-0.434,-0.380,31.156,-0.402,25.770,30.240,24.437,0.856,0.109,0.010,0.062,0.068,-1.184,0.000,-0.002,20.881,-0.007,15.782,20.112,14.396
-4.275,0.002,0.000,0.987,-0.000,-0.002,0.160,-0.434,-0.380,31.365,-0.402,25.928,30.441,24.581,0.858,0.097,0.007,0.070,0.093,-1.195,0.003,0.015,20.892,-0.006,15.792,20.057,14.333
-4.267,0.003,0.000,0.988,-0.000,-0.001,0.155,-0.434,-0.380,31.574,-0.403,26.086,30.641,24.724,0.860,0.086,0.002,0.072,0.112,-1.201,0.007,0.040,20.910,-0.005,15.824,19.987,14.291
-4.258,0.004,0.000,0.989,0.000,-0.000,0.149,-0.434,-0.379,31.783,-0.403,26.245,30.841,24.867,0.862,0.076,-0.002,0.067,0.122,-1.201,0.011,0.065,20.937,-0.003,15.877,19.909,14.270
-4.250,0.005,0.000,0.990,0.000,0.000,0.143,-0.434,-0.379,31.993,-0.403,26.404,31.039,25.010,0.863,0.067,-0.006,0.056,0.122,-1.196,0.013,0.083,20.973,-0.001,15.946,19.829,14.269
-4.241,0.005,0.000,0.991,0.001,0.001,0.137,-0.434,-0.378,32.203,-0.403,26.564,31.237,25.152,0.865,0.058,-0.010,0.039,0.110,-1.185,0.013,0.101,21.014,0.000,16.027,19.753,14.290
-4.232,0.006,0.000,0.991,0.001,0.001,0.131,-0.434,-0.376,32.413,-0.403,26.724,31.434,25.296,0.866,0.050,-0.012,0.017,0.086,-1.169,0.011,0.123,21.055,0.001,16.115,19.689,14.333
-4.224,0.006,0.000,0.992,0.001,0.002,0.125,-0.434,-0.375,32.624,-0.403,26.886,31.631,25.439,0.866,0.042,-0.014,-0.005,0.055,-1.152,0.010,0.086,21.096,0.003,16.198,19.642,14.385
-4.215,0.007,-0.000,0.993,0.001,0.002,0.120,-0.433,-0.375,32.835,-0.403,27.048,31.827,25.583,0.866,0.034,-0.015,-0.024,0.022,-1.137,0.006,0.051,21.137,0.004,16.263,19.617,14.435
-4.206,0.007,-0.000,0.993,0.000,0.002,0.114,-0.433,-0.374,33.046,-0.403,27.211,32.023,25.728,0.866,0.026,-0.015,-0.036,-0.010,-1.125,0.002,0.024,21.176,0.004,16.305,19.615,14.476
-4.198,0.007,-0.000,0.994,0.000,0.002,0.108,-0.433,-0.374,33.258,-0.402,27.374,32.220,25.873,0.865,0.016,-0.015,-0.042,-0.037,-1.118,0.000,0.008,21.209,0.005,16.322,19.635,14.507
-4.189,0.007,-0.001,0.995,0.000,0.002,0.103,-0.433,-0.374,33.471,-0.402,27.537,32.416,26.018,0.864,0.007,-0.014,-0.040,-0.059,-1.113,-0.001,-0.002,21.231,0.005,16.318,19.673,14.531
-4.180,0.007,-0.001,0.995,-0.000,0.001,0.097,-0.433,-0.374,33.683,-0.402,27.701,32.613,26.163,0.862,-0.003,-0.012,-0.034,-0.074,-1.111,-0.002,-0.011,21.240,0.004,16.297,19.722,14.551
-4.172,0.007,-0.001,0.996,-0.000,0.001,0.092,-0.433,-0.374,33.895,-0.402,27.863,32.811,26.309,0.860,-0.013,-0.010,-0.025,-0.081,-1.110,-0.003,-0.021,21.235,0.004,16.263,19.776,14.567
-4.163,0.007,-0.001,0.996,-0.000,0.000,0.086,-0.434,-0.375,34.108,-0.402,28.026,33.009,26.455,0.858,-0.023,-0.009,-0.014,-0.079,-1.110,-0.004,-0.027,21.218,0.003,16.222,19.829,14.581
-4.155,0.007,-0.001,0.997,-0.000,-0.000,0.081,-0.434,-0.375,34.320,-0.402,28.188,33.207,26.601,0.856,-0.032,-0.007,-0.003,-0.070,-1.110,-0.004,-0.027,21.193,0.002,16.180,19.875,14.594
-4.146,0.006,-0.001,0.997,-0.000,-0.000,0.075,-0.434,-0.375,34.531,-0.402,28.349,33.406,26.747,0.854,-0.042,-0.006,0.006,-0.056,-1.110,-0.003,-0.022,21.164,0.001,16.141,19.911,14.607
-4.138,0.006,-0.001,0.998,-0.000,-0.001,0.070,-0.434,-0.375,34.743,-0.402,28.511,33.605,26.893,0.852,-0.051,-0.004,0.013,-0.039,-1.110,-0.002,-0.016,21.135,0.000,16.110,19.935,14.622
-4.129,0.005,-0.001,0.998,-0.000,-0.001,0.064,-0.434,-0.375,34.954,-0.402,28.672,33.805,27.039,0.851,-0.060,-0.003,0.018,-0.024,-1.108,-0.001,-0.013,21.109,-0.000,16.089,19.948,14.638
-4.121,0.005,-0.001,0.998,-0.000,-0.001,0.059,-0.284,-0.276,35.166,-0.241,28.835,34.004,27.185,0.847,-0.057,-0.001,0.015,-0.021,-1.049,25.856,17.893,21.171,28.325,16.497,19.840,14.753
-4.112,0.004,-0.001,0.999,0.000,-0.001,0.054,-0.034,-0.086,35.375,0.035,29.001,34.201,27.337,0.854,-0.010,0.006,0.032,-0.058,-0.724,18.764,16.011,20.547,21.424,16.712,19.453,15.648
-4.103,0.005,-0.001,0.999,0.000,-0.001,0.051,0.006,-0.039,35.576,0.110,29.168,34.392,27.499,0.861,0.043,0.018,0.019,-0.121,-0.359,-10.113,-6.657,19.707,-6.023,16.756,18.920,16.711
-4.095,0.005,-0.001,0.999,0.000,-0.002,0.050,-0.178,-0.180,35.770,-0.047,29.336,34.580,27.669,0.865,0.054,0.011,-0.012,-0.068,-0.251,-21.670,-17.603,19.122,-21.170,16.838,18.711,17.210
-4.086,0.006,-0.001,0.999,0.000,-0.002,0.048,-0.328,-0.311,35.961,-0.218,29.504,34.768,27.841,0.864,0.022,0.001,-0.023,0.005,-0.412,-6.074,-6.702,19.091,-9.971,16.798,18.901,16.956
-4.078,0.006,-0.001,0.999,0.000,-0.002,0.046,-0.286,-0.300,36.153,-0.211,29.672,34.958,28.008,0.860,-0.013,-0.001,-0.004,0.023,-0.598,12.627,7.783,19.334,10.003,16.694,19.161,16.482
-4.069,0.005,-0.001,0.999,0.000,-0.002,0.043,-0.135,-0.191,36.347,-0.076,29.838,35.151,28.172,0.863,-0.018,0.002,0.016,-0.001,-0.600,14.252,11.558,19.361,13.491,16.653,19.245,16.454
-4.060,0.005,-0.001,0.999,0.000,-0.002,0.040,-0.065,-0.122,36.539,-0.006,30.006,35.342,28.338,0.867,0.006,0.007,0.016,-0.035,-0.434,-0.992,1.167,19.004,-0.217,16.845,19.057,16.870
-4.052,0.005,-0.001,0.999,0.000,-0.002,0.038,-0.143,-0.168,36.727,-0.077,30.175,35.532,28.509,0.869,0.019,0.011,0.008,-0.058,-0.333,-12.249,-8.570,18.754,-12.103,17.043,18.896,17.181
-4.043,0.006,-0.000,0.999,0.000,-0.003,0.037,-0.250,-0.248,36.915,-0.195,30.346,35.721,28.680,0.870,-0.001,0.013,0.015,-0.058,-0.424,-7.014,-5.683,18.854,-9.236,16.946,19.026,17.056
-4.034,0.005,-0.000,0.999,0.001,-0.003,0.034,-0.258,-0.260,37.105,-0.228,30.514,35.913,28.849,0.871,-0.030,0.013,0.032,-0.047,-0.577,4.870,3.003,19.081,2.658,16.674,19.285,16.730
-4.025,0.005,-0.000,1.000,0.001,-0.003,0.031,-0.178,-0.202,37.296,-0.163,30.680,36.106,29.016,0.874,-0.039,0.012,0.044,-0.026,-0.608,9.199,7.319,19.123,8.378,16.533,19.399,16.668
-4.017,0.005,-0.000,1.000,0.001,-0.003,0.028,-0.116,-0.146,37.486,-0.103,30.845,36.300,29.184,0.877,-0.026,0.010,0.043,-0.004,-0.508,2.232,2.974,18.942,2.578,16.670,19.268,16.918
-4.008,0.004,0.000,1.000,0.001,-0.003,0.026,-0.140,-0.153,37.675,-0.122,31.013,36.492,29.354,0.879,-0.016,0.009,0.030,0.022,-0.419,-6.011,-3.703,18.795,-5.598,16.891,19.077,17.152
-3.999,0.004,0.000,1.000,0.001,-0.003,0.024,-0.205,-0.198,37.863,-0.189,31.182,36.682,29.526,0.880,-0.025,0.007,0.002,0.053,-0.449,-5.564,-4.154,18.842,-6.361,16.905,19.069,17.137
-3.990,0.004,0.000,1.000,0.001,-0.003,0.021,-0.229,-0.217,38.052,-0.223,31.351,36.873,29.696,0.882,-0.044,0.004,-0.025,0.083,-0.538,1.015,0.429,19.005,-0.247,16.744,19.189,16.963
-3.981,0.003,0.000,1.000,0.001,-0.002,0.019,-0.193,-0.192,38.243,-0.197,31.518,37.066,29.865,0.884,-0.054,0.001,-0.037,0.109,-0.572,5.162,3.935,19.118,4.555,16.654,19.249,16.875
-3.973,0.003,0.000,1.000,0.001,-0.001,0.016,-0.150,-0.156,38.434,-0.156,31.685,37.258,30.034,0.886,-0.051,-0.002,-0.041,0.129,-0.533,2.611,2.587,19.142,2.770,16.755,19.175,16.931
-3.964,0.002,0.000,1.000,0.001,-0.001,0.013,-0.150,-0.150,38.626,-0.153,31.853,37.449,30.204,0.888,-0.049,-0.005,-0.051,0.140,-0.490,-2.322,-1.178,19.173,-1.939,16.933,19.071,16.991
-3.955,0.002,0.000,1.000,0.000,-0.000,0.011,-0.184,-0.172,38.818,-0.185,32.023,37.640,30.374,0.888,-0.055,-0.007,-0.068,0.141,-0.499,-3.552,-2.568,19.300,-3.689,17.028,19.055,16.941
-3.946,0.001,-0.000,1.000,-0.000,0.001,0.008,-0.206,-0.189,39.012,-0.211,32.193,37.830,30.543,0.889,-0.067,-0.009,-0.078,0.129,-0.541,-0.602,-0.682,19.509,-1.173,17.029,19.119,16.809
-3.937,0.001,-0.000,1.000,-0.000,0.001,0.005,-0.194,-0.183,39.208,-0.205,32.363,38.022,30.710,0.889,-0.075,-0.010,-0.073,0.108,-0.566,2.411,1.608,19.706,2.016,17.037,19.183,16.702
-3.928,-0.000,-0.000,1.000,-0.001,0.002,0.003,-0.170,-0.165,39.406,-0.182,32.534,38.214,30.877,0.890,-0.078,-0.011,-0.061,0.082,-0.552,2.000,1.667,19.817,2.065,17.124,19.203,16.682
-3.919,-0.001,-0.000,1.000,-0.001,0.002,-0.000,-0.162,-0.157,39.604,-0.172,32.706,38.406,31.044,0.891,-0.078,-0.011,-0.052,0.055,-0.526,-0.490,-0.078,19.863,-0.106,17.247,19.207,16.710
-3.910,-0.002,-0.000,1.000,-0.001,0.002,-0.003,-0.176,-0.165,39.803,-0.182,32.879,38.598,31.211,0.891,-0.082,-0.011,-0.046,0.029,-0.518,-1.819,-1.248,19.921,-1.677,17.335,19.245,16.712
-3.901,-0.003,-0.001,1.000,-0.002,0.002,-0.005,-0.190,-0.175,40.003,-0.197,33.053,38.791,31.378,0.891,-0.089,-0.011,-0.040,0.004,-0.533,-0.837,-0.715,20.023,-1.031,17.370,19.324,16.667
-3.893,-0.004,-0.001,1.000,-0.002,0.002,-0.008,-0.190,-0.177,40.203,-0.200,33.226,38.985,31.544,0.889,-0.097,-0.010,-0.029,-0.018,-0.550,0.691,0.386,20.127,0.432,17.387,19.414,16.620
-3.884,-0.005,-0.001,1.000,-0.002,0.002,-0.011,-0.180,-0.170,40.405,-0.191,33.400,39.179,31.711,0.889,-0.102,-0.010,-0.012,-0.036,-0.551,1.121,0.794,20.178,1.029,17.414,19.487,16.622
-3.875,-0.006,-0.001,1.000,-0.002,0.002,-0.014,-0.173,-0.164,40.607,-0.184,33.575,39.374,31.877,0.889,-0.105,-0.009,0.005,-0.048,-0.540,0.279,0.295,20.171,0.393,17.449,19.542,16.676
-3.866,-0.007,-0.001,1.000,-0.002,0.002,-0.016,-0.175,-0.165,40.808,-0.185,33.749,39.570,32.044,0.889,-0.108,-0.008,0.019,-0.054,-0.530,-0.589,-0.357,20.150,-0.483,17.473,19.594,16.744
-3.857,-0.008,-0.001,1.000,-0.002,0.001,-0.019,-0.181,-0.169,41.010,-0.191,33.924,39.766,32.212,0.888,-0.113,-0.007,0.030,-0.055,-0.533,-0.601,-0.433,20.151,-0.632,17.479,19.650,16.791
-3.848,-0.009,-0.001,1.000,-0.002,0.001,-0.022,-0.185,-0.172,41.212,-0.195,34.099,39.963,32.380,0.887,-0.119,-0.006,0.039,-0.052,-0.542,-0.085,-0.129,20.171,-0.203,17.477,19.706,16.825
-3.839,-0.010,-0.001,1.000,-0.001,0.001,-0.024,-0.183,-0.172,41.413,-0.195,34.274,40.160,32.548,0.886,-0.125,-0.005,0.047,-0.048,-0.549,0.341,0.159,20.186,0.233,17.478,19.750,16.866
-3.830,-0.011,-0.001,1.000,-0.001,0.001,-0.027,-0.180,-0.170,41.615,-0.192,34.448,40.358,32.717,0.885,-0.130,-0.004,0.053,-0.044,-0.549,0.258,0.167,20.183,0.217,17.485,19.782,16.928
-3.822,-0.013,-0.001,1.000,-0.001,0.000,-0.030,-0.178,-0.169,41.817,-0.191,34.623,40.556,32.887,0.885,-0.134,-0.003,0.057,-0.041,-0.547,0.041,0.055,20.169,0.070,17.499,19.805,17.001
-3.813,-0.014,-0.001,0.999,-0.001,0.000,-0.033,-0.179,-0.169,42.019,-0.191,34.798,40.754,33.057,0.885,-0.139,-0.001,0.059,-0.040,-0.545,-0.086,-0.024,20.152,-0.036,17.517,19.826,17.073
-3.804,-0.015,-0.001,0.999,-0.000,-0.000,-0.035,-0.180,-0.169,42.220,-0.191,34.974,40.953,33.228,0.885,-0.144,0.000,0.059,-0.041,-0.546,-0.078,-0.029,20.134,-0.062,17.538,19.849,17.141
-3.795,-0.017,-0.001,0.999,0.000,-0.000,-0.038,-0.180,-0.169,42.421,-0.192,35.149,41.151,33.400,0.886,-0.149,0.002,0.058,-0.043,-0.547,-0.034,-0.015,20.111,-0.037,17.560,19.874,17.203
-3.786,-0.018,-0.001,0.999,0.000,-0.001,-0.041,-0.180,-0.170,42.622,-0.192,35.325,41.350,33.572,0.886,-0.154,0.004,0.057,-0.046,-0.549,-0.006,-0.008,20.081,-0.019,17.583,19.901,17.261
-3.777,-0.020,-0.001,0.999,0.001,-0.001,-0.043,-0.180,-0.170,42.823,-0.192,35.501,41.549,33.745,0.887,-0.159,0.007,0.054,-0.049,-0.550,0.005,-0.005,20.044,-0.012,17.604,19.929,17.316
-3.768,-0.022,-0.001,0.999,0.001,-0.001,-0.046,-0.180,-0.170,43.023,-0.192,35.677,41.749,33.919,0.887,-0.164,0.009,0.051,-0.050,-0.551,0.006,-0.003,20.000,-0.009,17.621,19.955,17.367
-3.760,-0.023,-0.001,0.999,0.001,-0.001,-0.049,-0.180,-0.170,43.223,-0.192,35.853,41.948,34.093,0.888,-0.169,0.011,0.046,-0.048,-0.553,0.003,-0.003,19.955,-0.008,17.632,19.978,17.415
-3.751,-0.025,-0.001,0.999,0.001,-0.002,-0.052,-0.180,-0.170,43.422,-0.193,36.030,42.148,34.267,0.889,-0.175,0.012,0.040,-0.043,-0.554,-0.000,-0.002,19.910,-0.008,17.636,19.994,17.459
-3.742,-0.027,-0.001,0.999,0.001,-0.002,-0.054,-0.180,-0.170,43.621,-0.193,36.206,42.348,34.442,0.890,-0.180,0.013,0.032,-0.034,-0.556,-0.002,-0.001,19.872,-0.007,17.634,20.000,17.499
-3.733,-0.029,-0.001,0.998,0.002,-0.002,-0.057,-0.180,-0.170,43.820,-0.193,36.382,42.548,34.617,0.891,-0.186,0.013,0.022,-0.022,-0.557,-0.002,0.000,19.843,-0.007,17.624,19.996,17.534
-3.724,-0.031,-0.000,0.998,0.002,-0.002,-0.060,-0.180,-0.170,44.018,-0.193,36.558,42.748,34.792,0.892,-0.191,0.013,0.011,-0.008,-0.558,-0.001,0.002,19.827,-0.006,17.607,19.979,17.563
-3.715,-0.032,-0.000,0.998,0.002,-0.002,-0.063,-0.180,-0.170,44.216,-0.193,36.734,42.948,34.968,0.892,-0.196,0.011,-0.003,0.008,-0.559,0.000,0.004,19.826,-0.005,17.586,19.951,17.584
-3.706,-0.034,-0.000,0.998,0.002,-0.002,-0.066,-0.180,-0.170,44.414,-0.193,36.910,43.147,35.144,0.893,-0.202,0.009,-0.018,0.023,-0.560,0.001,0.006,19.841,-0.004,17.562,19.915,17.598
-3.697,-0.036,-0.000,0.998,0.002,-0.002,-0.068,-0.180,-0.170,44.613,-0.193,37.086,43.346,35.320,0.893,-0.207,0.007,-0.034,0.038,-0.560,0.002,0.008,19.871,-0.003,17.538,19.874,17.603
-3.688,-0.039,-0.000,0.997,0.001,-0.001,-0.071,-0.180,-0.169,44.812,-0.193,37.261,43.544,35.496,0.893,-0.212,0.004,-0.051,0.050,-0.560,0.002,0.010,19.916,-0.002,17.519,19.836,17.599
-3.679,-0.041,-0.000,0.997,0.001,-0.001,-0.074,-0.180,-0.169,45.011,-0.193,37.436,43.743,35.672,0.893,-0.217,0.001,-0.065,0.058,-0.559,0.002,0.010,19.975,-0.002,17.507,19.807,17.589
-3.670,-0.043,-0.000,0.997,0.001,-0.001,-0.077,-0.180,-0.169,45.212,-0.193,37.611,43.941,35.848,0.892,-0.222,-0.003,-0.079,0.064,-0.559,0.002,0.011,20.046,-0.001,17.502,19.790,17.570
-3.662,-0.045,-0.000,0.997,0.000,-0.000,-0.080,-0.180,-0.169,45.412,-0.193,37.786,44.139,36.023,0.891,-0.227,-0.006,-0.089,0.065,-0.558,0.002,0.010,20.127,0.000,17.506,19.787,17.542
-3.653,-0.047,-0.000,0.997,-0.000,-0.000,-0.082,-0.180,-0.169,45.614,-0.193,37.961,44.336,36.199,0.890,-0.232,-0.008,-0.096,0.065,-0.557,0.002,0.010,20.213,0.002,17.518,19.800,17.504
-3.644,-0.050,-0.000,0.996,-0.001,0.000,-0.085,-0.180,-0.169,45.817,-0.193,38.136,44.535,36.373,0.889,-0.237,-0.010,-0.097,0.060,-0.557,0.002,0.009,20.302,0.003,17.536,19.828,17.456
-3.635,-0.052,-0.000,0.996,-0.001,0.001,-0.088,-0.180,-0.169,46.020,-0.193,38.312,44.733,36.548,0.887,-0.242,-0.010,-0.090,0.051,-0.557,0.001,0.008,20.389,0.004,17.559,19.868,17.398
-3.626,-0.055,-0.000,0.996,-0.001,0.001,-0.091,-0.180,-0.169,46.224,-0.193,38.488,44.932,36.721,0.885,-0.247,-0.009,-0.079,0.042,-0.557,0.001,0.006,20.462,0.005,17.584,19.915,17.334
-3.617,-0.057,-0.001,0.996,-0.002,0.001,-0.093,-0.180,-0.169,46.429,-0.193,38.664,45.131,36.894,0.883,-0.252,-0.007,-0.067,0.035,-0.557,0.001,0.005,20.517,0.006,17.608,19.964,17.267
-3.608,-0.060,-0.001,0.995,-0.002,0.001,-0.096,-0.180,-0.169,46.635,-0.193,38.840,45.331,37.067,0.881,-0.256,-0.006,-0.053,0.031,-0.557,0.001,0.003,20.555,0.006,17.632,20.011,17.204
-3.599,-0.062,-0.001,0.995,-0.002,0.001,-0.099,-0.180,-0.169,46.840,-0.193,39.016,45.532,37.239,0.879,-0.261,-0.006,-0.038,0.026,-0.557,0.001,0.002,20.582,0.005,17.657,20.054,17.148
-3.591,-0.065,-0.001,0.995,-0.002,0.002,-0.102,-0.180,-0.169,47.046,-0.193,39.193,45.732,37.410,0.877,-0.266,-0.005,-0.022,0.023,-0.557,0.000,0.001,20.602,0.005,17.684,20.092,17.102
-3.582,-0.068,-0.001,0.995,-0.002,0.002,-0.105,-0.180,-0.169,47.252,-0.193,39.370,45.933,37.581,0.875,-0.270,-0.005,-0.005,0.019,-0.556,0.000,-0.001,20.618,0.004,17.711,20.123,17.070
-3.573,-0.070,-0.001,0.994,-0.002,0.002,-0.107,-0.180,-0.169,47.459,-0.193,39.547,46.135,37.751,0.873,-0.275,-0.005,0.013,0.013,-0.556,-0.000,-0.002,20.632,0.002,17.739,20.147,17.052
-3.565,-0.073,-0.001,0.994,-0.002,0.002,-0.110,-0.180,-0.169,47.665,-0.193,39.725,46.336,37.922,0.871,-0.280,-0.004,0.029,0.006,-0.556,-0.001,-0.003,20.646,0.001,17.767,20.166,17.051
-3.556,-0.076,-0.001,0.994,-0.002,0.002,-0.113,-0.180,-0.169,47.872,-0.193,39.903,46.538,38.092,0.870,-0.285,-0.004,0.043,-0.006,-0.557,-0.001,-0.004,20.656,0.000,17.796,20.179,17.066
-3.547,-0.079,-0.001,0.993,-0.002,0.002,-0.116,-0.180,-0.169,48.078,-0.193,40.081,46.740,38.263,0.868,-0.290,-0.003,0.056,-0.020,-0.557,-0.001,-0.005,20.662,-0.001,17.824,20.192,17.098
-3.538,-0.082,-0.001,0.993,-0.002,0.001,-0.118,-0.180,-0.169,48.285,-0.193,40.259,46.942,38.434,0.867,-0.295,-0.002,0.067,-0.037,-0.558,-0.001,-0.006,20.658,-0.002,17.849,20.204,17.145
-3.530,-0.085,-0.001,0.993,-0.001,0.001,-0.121,-0.180,-0.169,48.491,-0.193,40.438,47.144,38.606,0.866,-0.300,-0.001,0.077,-0.053,-0.558,-0.002,-0.007,20.642,-0.003,17.872,20.219,17.205
-3.521,-0.088,-0.001,0.992,-0.001,0.001,-0.124,-0.180,-0.169,48.698,-0.193,40.616,47.346,38.778,0.865,-0.305,-0.000,0.087,-0.067,-0.559,-0.002,-0.008,20.610,-0.003,17.891,20.235,17.275
-3.512,-0.091,-0.001,0.992,-0.001,0.000,-0.127,-0.180,-0.169,48.903,-0.193,40.795,47.549,38.952,0.864,-0.310,0.001,0.095,-0.077,-0.560,-0.002,-0.008,20.561,-0.004,17.907,20.254,17.351
-3.504,-0.094,-0.001,0.992,-0.000,-0.000,-0.129,-0.180,-0.169,49.109,-0.193,40.975,47.751,39.125,0.863,-0.315,0.002,0.100,-0.080,-0.561,-0.002,-0.008,20.497,-0.004,17.920,20.272,17.431
-3.495,-0.097,-0.001,0.991,0.000,-0.001,-0.132,-0.180,-0.169,49.313,-0.193,41.154,47.954,39.300,0.861,-0.320,0.003,0.102,-0.077,-0.562,-0.002,-0.008,20.421,-0.005,17.931,20.286,17.509
-3.487,-0.100,-0.001,0.991,0.001,-0.001,-0.135,-0.180,-0.169,49.517,-0.193,41.333,48.157,39.476,0.860,-0.325,0.005,0.099,-0.067,-0.563,-0.002,-0.007,20.340,-0.005,17.940,20.294,17.582
-3.478,-0.104,-0.001,0.990,0.001,-0.001,-0.138,-0.180,-0.169,49.720,-0.193,41.513,48.360,39.652,0.859,-0.330,0.006,0.093,-0.051,-0.564,-0.002,-0.006,20.259,-0.005,17.948,20.292,17.647
-3.469,-0.107,-0.001,0.990,0.002,-0.002,-0.141,-0.180,-0.169,49.922,-0.193,41.692,48.563,39.829,0.858,-0.335,0.007,0.081,-0.031,-0.565,-0.001,-0.005,20.187,-0.005,17.956,20.278,17.702
-3.461,-0.110,-0.001,0.990,0.002,-0.002,-0.143,-0.180,-0.169,50.124,-0.193,41.872,48.765,40.006,0.856,-0.341,0.007,0.065,-0.009,-0.566,-0.001,-0.003,20.131,-0.005,17.965,20.251,17.746
-3.452,-0.114,-0.001,0.989,0.002,-0.002,-0.146,-0.180,-0.169,50.325,-0.193,42.051,48.968,40.183,0.855,-0.346,0.008,0.044,0.012,-0.567,-0.000,-0.001,20.094,-0.005,17.972,20.212,17.779
-3.444,-0.117,-0.001,0.989,0.002,-0.002,-0.149,-0.180,-0.169,50.526,-0.193,42.231,49.170,40.361,0.854,-0.351,0.008,0.020,0.029,-0.567,0.000,0.001,20.080,-0.004,17.977,20.163,17.801
-3.435,-0.121,-0.001,0.988,0.003,-0.001,-0.152,-0.180,-0.169,50.727,-0.193,42.411,49.371,40.539,0.853,-0.356,0.007,-0.005,0.040,-0.567,0.001,0.004,20.088,-0.004,17.976,20.108,17.812
-3.427,-0.124,-0.000,0.988,0.002,-0.001,-0.155,-0.180,-0.169,50.928,-0.193,42.591,49.572,40.718,0.852,-0.361,0.006,-0.030,0.046,-0.567,0.002,0.007,20.118,-0.003,17.969,20.052,17.813
-3.418,-0.128,-0.000,0.988,0.002,-0.001,-0.157,-0.180,-0.169,51.129,-0.193,42.770,49.772,40.896,0.851,-0.367,0.005,-0.053,0.045,-0.566,0.002,0.009,20.165,-0.003,17.954,20.002,17.808
-3.410,-0.132,-0.000,0.987,0.002,-0.001,-0.160,-0.180,-0.169,51.331,-0.193,42.950,49.972,41.074,0.849,-0.372,0.003,-0.074,0.038,-0.565,0.002,0.010,20.223,-0.002,17.932,19.963,17.798
-3.401,-0.135,-0.000,0.987,0.002,-0.000,-0.163,-0.180,-0.169,51.534,-0.193,43.129,50.171,41.252,0.848,-0.377,0.001,-0.090,0.026,-0.564,0.001,0.010,20.284,-0.002,17.905,19.943,17.788
-3.393,-0.139,-0.000,0.986,0.001,-0.000,-0.166,-0.180,-0.169,51.737,-0.193,43.308,50.371,41.429,0.846,-0.381,-0.001,-0.101,0.010,-0.563,0.001,0.010,20.348,-0.002,17.872,19.942,17.778
-3.384,-0.143,-0.000,0.986,0.001,-0.000,-0.169,-0.180,-0.169,51.941,-0.193,43.486,50.570,41.607,0.845,-0.386,-0.003,-0.108,-0.003,-0.561,0.000,0.009,20.418,-0.002,17.834,19.960,17.765
-3.376,-0.147,-0.000,0.985,0.000,-0.000,-0.171,-0.180,-0.169,52.145,-0.193,43.664,50.770,41.785,0.842,-0.391,-0.005,-0.109,-0.015,-0.561,0.000,0.008,20.485,-0.002,17.793,19.997,17.749
-3.367,-0.151,-0.000,0.985,-0.000,-0.000,-0.174,-0.180,-0.169,52.350,-0.193,43.842,50.970,41.962,0.840,-0.396,-0.006,-0.106,-0.022,-0.560,0.000,0.007,20.542,-0.001,17.754,20.049,17.729
-3.359,-0.155,-0.001,0.984,-0.001,-0.000,-0.177,-0.180,-0.169,52.556,-0.193,44.020,51.171,42.139,0.837,-0.400,-0.008,-0.098,-0.024,-0.560,0.001,0.005,20.589,0.000,17.718,20.113,17.704
-3.351,-0.159,-0.001,0.984,-0.001,-0.000,-0.180,-0.180,-0.169,52.762,-0.193,44.197,51.373,42.316,0.834,-0.405,-0.007,-0.087,-0.019,-0.560,0.001,0.004,20.623,0.002,17.686,20.181,17.669
-3.342,-0.163,-0.001,0.983,-0.002,-0.000,-0.182,-0.180,-0.169,52.968,-0.193,44.373,51.575,42.493,0.831,-0.409,-0.006,-0.075,-0.006,-0.560,0.001,0.003,20.645,0.003,17.660,20.246,17.623
-3.334,-0.167,-0.001,0.983,-0.002,-0.000,-0.185,-0.180,-0.169,53.175,-0.193,44.550,51.777,42.669,0.827,-0.413,-0.004,-0.064,0.012,-0.560,0.001,0.002,20.657,0.004,17.641,20.302,17.567
-3.326,-0.171,-0.001,0.982,-0.002,0.000,-0.188,-0.180,-0.169,53.381,-0.193,44.726,51.981,42.844,0.824,-0.417,-0.003,-0.050,0.031,-0.561,0.001,0.001,20.665,0.005,17.633,20.345,17.504
-3.318,-0.175,-0.001,0.982,-0.003,0.000,-0.191,-0.180,-0.169,53.588,-0.193,44.902,52.184,43.019,0.821,-0.421,-0.002,-0.036,0.049,-0.561,0.001,-0.000,20.673,0.006,17.637,20.374,17.438
-3.309,-0.180,-0.001,0.981,-0.003,0.001,-0.193,-0.180,-0.169,53.795,-0.193,45.079,52.388,43.193,0.818,-0.425,-0.002,-0.021,0.062,-0.562,0.000,-0.001,20.686,0.006,17.655,20.390,17.372
-3.301,-0.184,-0.001,0.981,-0.003,0.001,-0.196,-0.180,-0.169,54.002,-0.193,45.256,52.592,43.366,0.815,-0.430,-0.001,-0.005,0.069,-0.562,0.000,-0.003,20.704,0.006,17.685,20.394,17.311
-3.293,-0.188,-0.001,0.980,-0.003,0.001,-0.199,-0.180,-0.169,54.209,-0.193,45.433,52.796,43.539,0.812,-0.434,-0.001,0.011,0.067,-0.562,-0.000,-0.004,20.725,0.005,17.727,20.389,17.260
-3.285,-0.193,-0.001,0.979,-0.002,0.001,-0.202,-0.180,-0.169,54.416,-0.193,45.610,53.000,43.711,0.810,-0.439,-0.000,0.027,0.057,-0.562,-0.001,-0.005,20.746,0.004,17.776,20.381,17.222
-3.277,-0.197,-0.001,0.979,-0.002,0.002,-0.204,-0.180,-0.169,54.624,-0.193,45.788,53.204,43.883,0.808,-0.443,0.000,0.043,0.038,-0.563,-0.001,-0.006,20.762,0.003,17.829,20.373,17.203
-3.269,-0.201,-0.001,0.978,-0.002,0.002,-0.207,-0.180,-0.169,54.832,-0.193,45.967,53.407,44.055,0.806,-0.448,0.001,0.058,0.012,-0.563,-0.001,-0.007,20.768,0.002,17.883,20.369,17.202
-3.261,-0.206,-0.001,0.978,-0.002,0.002,-0.210,-0.180,-0.169,55.039,-0.193,46.146,53.611,44.228,0.805,-0.453,0.002,0.071,-0.017,-0.564,-0.001,-0.008,20.760,0.001,17.933,20.370,17.222
-3.253,-0.211,-0.001,0.977,-0.001,0.001,-0.213,-0.352,-0.281,55.247,-0.351,46.324,53.815,44.400,0.796,-0.466,0.006,0.028,-0.069,-0.607,-24.960,-17.025,20.828,-24.090,17.658,20.381,17.118
-3.245,-0.215,-0.001,0.976,-0.002,0.001,-0.216,-0.536,-0.419,55.457,-0.542,46.499,54.020,44.567,0.753,-0.509,0.013,-0.016,-0.108,-0.913,-8.719,-8.300,21.267,-9.366,17.433,20.614,16.247
-3.238,-0.221,-0.000,0.975,-0.002,0.000,-0.222,-0.545,-0.450,55.672,-0.559,46.673,54.227,44.724,0.709,-0.546,0.018,0.037,-0.145,-1.189,5.995,1.858,21.653,5.842,17.313,20.792,15.242
-3.231,-0.226,-0.000,0.974,-0.002,-0.000,-0.228,-0.444,-0.398,55.890,-0.449,46.846,54.435,44.873,0.678,-0.566,0.009,0.102,-0.088,-1.339,12.082,7.226,21.866,13.790,17.271,20.838,14.531
-3.224,-0.232,-0.000,0.972,-0.001,-0.001,-0.234,-0.353,-0.336,56.108,-0.341,47.018,54.643,45.017,0.675,-0.565,-0.003,0.177,-0.022,-1.297,4.753,3.871,21.751,5.888,17.217,20.753,14.487
-3.217,-0.238,-0.000,0.971,0.000,-0.001,-0.240,-0.366,-0.337,56.324,-0.354,47.190,54.850,45.163,0.679,-0.561,-0.009,0.205,0.020,-1.201,-6.614,-3.760,21.535,-7.617,17.103,20.601,14.735
-3.210,-0.243,-0.000,0.969,0.001,-0.001,-0.246,-0.425,-0.374,56.539,-0.424,47.360,55.055,45.312,0.675,-0.569,-0.006,0.144,0.015,-1.183,-4.902,-3.359,21.447,-5.989,16.884,20.544,14.875
-3.204,-0.249,-0.000,0.968,0.002,-0.001,-0.252,-0.449,-0.392,56.753,-0.456,47.528,55.261,45.460,0.663,-0.582,-0.003,0.113,0.022,-1.223,-0.309,-0.485,21.419,-1.206,16.780,20.506,14.817
-3.197,-0.255,-0.001,0.966,0.002,-0.001,-0.258,-0.440,-0.389,56.968,-0.457,47.696,55.465,45.608,0.653,-0.591,-0.000,0.097,0.023,-1.238,1.646,1.055,21.398,0.796,16.711,20.436,14.787
-3.191,-0.261,-0.001,0.965,0.003,-0.001,-0.264,-0.422,-0.376,57.181,-0.445,47.862,55.669,45.756,0.646,-0.596,0.001,0.074,0.027,-1.226,1.769,1.389,21.358,1.332,16.675,20.330,14.821
-3.184,-0.267,-0.000,0.963,0.003,-0.001,-0.270,-0.408,-0.363,57.395,-0.432,48.029,55.872,45.905,0.641,-0.600,0.001,0.045,0.034,-1.199,1.127,1.068,21.299,1.228,16.656,20.203,14.898
-3.178,-0.273,-0.000,0.961,0.003,-0.001,-0.275,-0.400,-0.354,57.607,-0.421,48.196,56.073,46.054,0.638,-0.603,-0.000,0.010,0.041,-1.166,0.528,0.642,21.232,0.956,16.645,20.073,14.987
-3.172,-0.279,-0.001,0.960,0.003,-0.001,-0.281,-0.396,-0.350,57.819,-0.413,48.362,56.273,46.204,0.633,-0.607,-0.002,-0.026,0.042,-1.136,0.148,0.304,21.171,0.689,16.636,19.956,15.067
-3.165,-0.285,-0.001,0.958,0.003,-0.000,-0.286,-0.396,-0.348,58.031,-0.407,48.528,56.473,46.355,0.629,-0.611,-0.003,-0.058,0.033,-1.111,-0.038,0.112,21.123,0.479,16.624,19.864,15.126
-3.159,-0.291,-0.001,0.957,0.003,-0.000,-0.291,-0.397,-0.347,58.242,-0.403,48.694,56.671,46.507,0.623,-0.615,-0.003,-0.084,0.016,-1.092,-0.094,0.035,21.089,0.329,16.603,19.801,15.162
-3.153,-0.297,-0.001,0.955,0.002,-0.000,-0.297,-0.398,-0.347,58.453,-0.400,48.860,56.869,46.659,0.617,-0.620,-0.003,-0.102,-0.008,-1.078,-0.082,-0.003,21.066,0.227,16.570,19.767,15.177
-3.147,-0.303,-0.001,0.953,0.002,0.000,-0.302,-0.398,-0.347,58.663,-0.398,49.026,57.066,46.810,0.610,-0.625,-0.002,-0.113,-0.033,-1.068,-0.055,-0.017,21.048,0.157,16.522,19.760,15.176
-3.141,-0.310,-0.001,0.952,0.001,-0.000,-0.307,-0.399,-0.347,58.874,-0.397,49.191,57.264,46.962,0.603,-0.630,-0.002,-0.117,-0.056,-1.060,-0.032,-0.022,21.029,0.109,16.459,19.776,15.164
-3.135,-0.316,-0.001,0.950,0.000,-0.000,-0.312,-0.399,-0.348,59.084,-0.396,49.355,57.462,47.114,0.595,-0.635,-0.002,-0.116,-0.073,-1.055,-0.016,-0.023,21.007,0.075,16.381,19.808,15.144
-3.129,-0.322,-0.001,0.948,-0.000,-0.000,-0.317,-0.399,-0.348,59.294,-0.396,49.518,57.660,47.265,0.587,-0.640,-0.001,-0.110,-0.083,-1.051,-0.007,-0.021,20.979,0.051,16.292,19.851,15.119
-3.123,-0.329,-0.001,0.947,-0.001,-0.001,-0.322,-0.399,-0.348,59.503,-0.395,49.681,57.859,47.416,0.579,-0.645,-0.001,-0.100,-0.083,-1.048,-0.002,-0.017,20.944,0.034,16.196,19.897,15.089
-3.117,-0.335,-0.001,0.945,-0.001,-0.001,-0.327,-0.399,-0.348,59.712,-0.395,49.842,58.058,47.567,0.571,-0.650,-0.001,-0.088,-0.074,-1.045,-0.000,-0.014,20.903,0.022,16.100,19.941,15.058
-3.111,-0.342,-0.001,0.943,-0.002,-0.001,-0.332,-0.399,-0.348,59.921,-0.395,50.003,58.258,47.717,0.563,-0.654,-0.001,-0.073,-0.057,-1.044,0.000,-0.011,20.859,0.014,16.008,19.977,15.024
-3.106,-0.348,-0.001,0.942,-0.002,-0.001,-0.337,-0.399,-0.348,60.130,-0.395,50.162,58.458,47.867,0.554,-0.658,-0.001,-0.057,-0.036,-1.043,0.000,-0.010,20.815,0.009,15.925,20.002,14.987
-3.100,-0.355,-0.001,0.940,-0.003,-0.001,-0.342,-0.399,-0.349,60.338,-0.395,50.321,58.658,48.017,0.546,-0.663,-0.001,-0.040,-0.013,-1.043,-0.000,-0.010,20.772,0.005,15.856,20.016,14.948
-3.095,-0.362,-0.001,0.938,-0.003,-0.001,-0.346,-0.399,-0.349,60.545,-0.395,50.480,58.858,48.166,0.537,-0.667,-0.001,-0.022,0.008,-1.044,-0.001,-0.010,20.733,0.002,15.804,20.017,14.905
-3.090,-0.368,-0.001,0.936,-0.003,-0.001,-0.351,-0.399,-0.349,60.752,-0.395,50.637,59.058,48.315,0.529,-0.672,-0.001,-0.003,0.025,-1.047,-0.003,-0.015,20.699,-0.000,15.770,20.008,14.857
-3.084,-0.375,-0.001,0.934,-0.003,-0.001,-0.356,-0.399,-0.349,60.959,-0.395,50.795,59.258,48.463,0.520,-0.677,0.001,0.017,0.035,-1.051,-0.005,-0.028,20.680,-0.003,15.750,19.986,14.805
-3.079,-0.382,-0.001,0.932,-0.002,-0.001,-0.361,-0.399,-0.349,61.166,-0.395,50.953,59.458,48.611,0.511,-0.682,0.002,0.032,0.036,-1.058,-0.009,-0.046,20.674,-0.005,15.751,19.957,14.742
-3.074,-0.389,-0.001,0.931,-0.002,-0.001,-0.366,-0.399,-0.350,61.373,-0.395,51.110,59.657,48.758,0.501,-0.687,0.004,0.038,0.033,-1.067,-0.011,-0.068,20.672,-0.006,15.768,19.925,14.669
-3.069,-0.396,-0.001,0.929,-0.002,-0.001,-0.371,-0.399,-0.351,61.579,-0.395,51.268,59.856,48.904,0.492,-0.693,0.006,0.034,0.025,-1.079,-0.010,-0.099,20.677,-0.005,15.769,19.899,14.592
-3.064,-0.403,-0.001,0.927,-0.002,-0.001,-0.376,-0.400,-0.352,61.786,-0.395,51.425,60.055,49.050,0.482,-0.699,0.008,0.027,0.014,-1.093,-0.009,-0.074,20.675,-0.004,15.755,19.886,14.514
-3.060,-0.410,-0.000,0.924,-0.002,-0.001,-0.381,-0.400,-0.352,61.993,-0.395,51.583,60.254,49.195,0.472,-0.705,0.010,0.021,0.006,-1.109,-0.004,-0.039,20.665,-0.001,15.735,19.880,14.431
-3.055,-0.417,-0.000,0.922,-0.002,-0.001,-0.386,-0.400,-0.352,62.199,-0.395,51.740,60.453,49.338,0.463,-0.711,0.010,0.016,0.004,-1.123,-0.001,-0.017,20.646,0.001,15.715,19.874,14.352
-3.050,-0.424,-0.000,0.920,-0.001,-0.001,-0.392,-0.400,-0.353,62.406,-0.395,51.897,60.651,49.482,0.453,-0.717,0.009,0.016,0.013,-1.137,0.002,-0.004,20.623,0.003,15.701,19.864,14.271
-3.046,-0.431,-0.000,0.918,-0.001,-0.001,-0.397,-0.400,-0.353,62.612,-0.395,52.054,60.850,49.624,0.442,-0.722,0.005,0.035,0.043,-1.157,0.004,0.007,20.612,0.005,15.703,19.842,14.155
-3.041,-0.438,-0.000,0.916,-0.001,-0.000,-0.402,-0.400,-0.352,62.818,-0.395,52.211,61.048,49.765,0.432,-0.727,0.001,0.051,0.072,-1.169,0.005,0.016,20.604,0.005,15.706,19.808,14.070
-3.037,-0.446,-0.000,0.913,-0.001,-0.000,-0.408,-0.399,-0.352,63.024,-0.395,52.368,61.246,49.905,0.422,-0.732,-0.003,0.068,0.102,-1.176,0.005,0.023,20.605,0.005,15.711,19.757,14.006
-3.033,-0.453,-0.000,0.911,-0.000,0.000,-0.413,-0.399,-0.352,63.230,-0.395,52.526,61.443,50.045,0.417,-0.736,-0.002,0.043,0.094,-1.153,0.006,0.036,20.572,0.003,15.780,19.679,14.043
-3.029,-0.460,-0.000,0.908,0.000,0.001,-0.418,-0.399,-0.351,63.436,-0.395,52.684,61.640,50.186,0.410,-0.739,-0.002,0.028,0.094,-1.133,0.009,0.057,20.543,0.003,15.859,19.580,14.076
-3.025,-0.468,-0.000,0.906,0.001,0.001,-0.423,-0.399,-0.351,63.641,-0.395,52.843,61.835,50.327,0.404,-0.743,-0.003,0.025,0.094,-1.114,0.012,0.075,20.522,0.004,15.911,19.476,14.113
-3.021,-0.475,-0.000,0.904,0.001,0.001,-0.428,-0.399,-0.350,63.846,-0.394,53.002,62.029,50.468,0.399,-0.746,-0.002,0.029,0.083,-1.091,0.010,0.103,20.493,0.004,15.953,19.374,14.173
-3.017,-0.483,-0.000,0.901,0.001,0.002,-0.433,-0.399,-0.349,64.051,-0.394,53.162,62.222,50.610,0.394,-0.749,-0.002,0.033,0.065,-1.069,0.009,0.080,20.468,0.004,15.989,19.278,14.239
-3.013,-0.490,-0.000,0.899,0.001,0.002,-0.438,-0.399,-0.348,64.255,-0.394,53.322,62.415,50.753,0.388,-0.753,-0.002,0.033,0.043,-1.055,0.005,0.044,20.464,0.003,16.021,19.194,14.288
-3.009,-0.498,-0.000,0.897,0.002,0.002,-0.443,-0.399,-0.348,64.460,-0.394,53.482,62.606,50.896,0.381,-0.756,-0.003,0.032,0.020,-1.047,0.001,0.020,20.473,0.002,16.045,19.125,14.323
-3.005,-0.505,-0.000,0.894,0.002,0.002,-0.447,-0.399,-0.348,64.665,-0.394,53.643,62.797,51.039,0.373,-0.760,-0.004,0.030,-0.002,-1.041,-0.001,0.006,20.485,0.002,16.060,19.075,14.350
-3.002,-0.513,-0.000,0.892,0.002,0.002,-0.452,-0.399,-0.348,64.870,-0.394,53.803,62.988,51.183,0.365,-0.763,-0.006,0.024,-0.024,-1.038,-0.002,-0.003,20.494,0.001,16.069,19.043,14.375
-2.998,-0.520,-0.001,0.890,0.002,0.001,-0.456,-0.399,-0.348,65.075,-0.394,53.964,63.178,51.327,0.357,-0.766,-0.007,0.016,-0.043,-1.035,-0.003,-0.010,20.494,0.001,16.070,19.031,14.402
-2.994,-0.528,-0.001,0.887,0.002,0.001,-0.461,-0.399,-0.348,65.280,-0.394,54.125,63.368,51.471,0.348,-0.769,-0.008,0.004,-0.060,-1.033,-0.004,-0.019,20.486,0.000,16.064,19.037,14.429
-2.991,-0.536,-0.001,0.885,0.002,0.001,-0.466,-0.399,-0.348,65.484,-0.394,54.285,63.559,51.616,0.340,-0.771,-0.009,-0.009,-0.072,-1.031,-0.004,-0.024,20.469,0.000,16.049,19.059,14.456
-2.988,-0.544,-0.001,0.883,0.001,0.001,-0.470,-0.399,-0.349,65.689,-0.394,54.446,63.750,51.760,0.331,-0.774,-0.009,-0.023,-0.080,-1.029,-0.003,-0.023,20.445,0.001,16.024,19.094,14.479
-2.984,-0.551,-0.001,0.880,0.001,0.000,-0.475,-0.399,-0.349,65.893,-0.394,54.606,63.941,51.905,0.322,-0.776,-0.008,-0.037,-0.084,-1.027,-0.002,-0.019,20.416,0.001,15.989,19.138,14.499
-2.981,-0.559,-0.001,0.878,0.001,0.000,-0.479,-0.399,-0.349,66.097,-0.394,54.766,64.132,52.050,0.314,-0.778,-0.006,-0.048,-0.084,-1.026,-0.001,-0.014,20.384,0.002,15.944,19.187,14.513
-2.978,-0.567,-0.001,0.875,0.000,-0.000,-0.484,-0.399,-0.349,66.301,-0.394,54.925,64.325,52.195,0.305,-0.779,-0.004,-0.056,-0.080,-1.024,-0.000,-0.011,20.351,0.002,15.890,19.237,14.523
-2.975,-0.575,-0.001,0.873,-0.000,-0.000,-0.488,-0.399,-0.349,66.504,-0.394,55.083,64.517,52.341,0.297,-0.781,-0.002,-0.061,-0.074,-1.022,0.000,-0.009,20.318,0.003,15.829,19.285,14.528
-2.972,-0.582,-0.001,0.870,-0.001,-0.000,-0.493,-0.399,-0.349,66.707,-0.394,55.241,64.710,52.486,0.289,-0.783,0.000,-0.061,-0.067,-1.020,-0.000,-0.008,20.286,0.003,15.763,19.327,14.529
-2.969,-0.590,-0.001,0.868,-0.001,-0.001,-0.497,-0.399,-0.349,66.910,-0.394,55.399,64.904,52.631,0.281,-0.785,0.003,-0.055,-0.061,-1.018,-0.001,-0.009,20.255,0.002,15.695,19.363,14.526
-2.967,-0.598,-0.001,0.865,-0.001,-0.001,-0.501,-0.399,-0.349,67.112,-0.394,55.555,65.098,52.776,0.273,-0.787,0.006,-0.046,-0.056,-1.017,-0.001,-0.012,20.224,0.002,15.629,19.392,14.521
-2.964,-0.606,-0.001,0.863,-0.002,-0.001,-0.506,-0.399,-0.350,67.314,-0.394,55.711,65.292,52.922,0.265,-0.789,0.008,-0.033,-0.053,-1.017,-0.003,-0.021,20.192,0.001,15.566,19.415,14.515
-2.961,-0.614,-0.001,0.860,-0.002,-0.001,-0.510,-0.399,-0.350,67.516,-0.394,55.866,65.486,53.067,0.257,-0.792,0.010,-0.017,-0.052,-1.018,-0.005,-0.039,20.156,-0.000,15.508,19.432,14.509
-2.959,-0.622,-0.001,0.857,-0.002,-0.001,-0.515,-0.399,-0.350,67.718,-0.394,56.021,65.680,53.212,0.248,-0.795,0.011,-0.001,-0.053,-1.020,-0.006,-0.064,20.115,-0.001,15.457,19.446,14.504
-2.956,-0.630,-0.001,0.855,-0.002,-0.002,-0.519,-0.399,-0.351,67.919,-0.394,56.176,65.875,53.357,0.240,-0.798,0.011,0.015,-0.053,-1.022,-0.008,-0.069,20.068,-0.003,15.414,19.458,14.501
-2.954,-0.638,-0.000,0.852,-0.002,-0.002,-0.523,-0.399,-0.352,68.119,-0.394,56.330,66.069,53.502,0.231,-0.801,0.010,0.027,-0.052,-1.027,-0.009,-0.052,20.017,-0.004,15.378,19.469,14.497
-2.952,-0.646,-0.000,0.849,-0.002,-0.002,-0.528,-0.399,-0.352,68.319,-0.394,56.483,66.264,53.647,0.222,-0.804,0.009,0.034,-0.049,-1.033,-0.006,-0.034,19.966,-0.005,15.350,19.479,14.491
-2.949,-0.654,-0.000,0.847,-0.002,-0.002,-0.532,-0.399,-0.352,68.518,-0.394,56.637,66.459,53.792,0.213,-0.806,0.008,0.037,-0.040,-1.039,-0.004,-0.018,19.914,-0.006,15.329,19.487,14.483
-2.947,-0.662,-0.000,0.844,-0.002,-0.003,-0.537,-0.400,-0.353,68.717,-0.394,56.790,66.654,53.936,0.204,-0.809,0.005,0.038,-0.026,-1.044,-0.002,-0.007,19.864,-0.006,15.314,19.490,14.475
-2.945,-0.670,-0.000,0.841,-0.002,-0.003,-0.541,-0.400,-0.353,68.916,-0.394,56.943,66.849,54.081,0.195,-0.811,0.002,0.037,-0.005,-1.049,0.000,0.003,19.820,-0.007,15.305,19.485,14.464
-2.943,-0.678,-0.000,0.838,-0.002,-0.003,-0.545,-0.400,-0.352,69.114,-0.395,57.096,67.043,54.226,0.186,-0.813,-0.000,0.037,0.022,-1.053,0.003,0.019,19.787,-0.006,15.304,19.469,14.450
-2.942,-0.686,-0.000,0.835,-0.001,-0.003,-0.550,-0.399,-0.352,69.311,-0.395,57.249,67.238,54.370,0.177,-0.814,-0.003,0.037,0.053,-1.055,0.007,0.043,19.765,-0.005,15.313,19.439,14.435
-2.940,-0.694,-0.000,0.832,-0.001,-0.003,-0.554,-0.399,-0.352,69.509,-0.395,57.402,67.432,54.514,0.168,-0.815,-0.005,0.036,0.082,-1.053,0.010,0.065,19.755,-0.004,15.334,19.392,14.423
-2.938,-0.703,-0.000,0.829,-0.001,-0.002,-0.559,-0.399,-0.351,69.706,-0.395,57.556,67.626,54.659,0.161,-0.816,-0.006,0.034,0.108,-1.048,0.012,0.082,19.757,-0.003,15.369,19.328,14.416
-2.937,-0.711,-0.000,0.827,-0.000,-0.002,-0.563,-0.399,-0.350,69.904,-0.395,57.710,67.819,54.803,0.153,-0.817,-0.006,0.030,0.128,-1.040,0.011,0.115,19.772,-0.002,15.416,19.249,14.411
-2.935,-0.719,-0.000,0.824,0.000,-0.002,-0.567,-0.399,-0.349,70.102,-0.395,57.864,68.011,54.947,0.146,-0.817,-0.005,0.021,0.139,-1.034,0.011,0.090,19.807,-0.000,15.472,19.161,14.398
-2.934,-0.727,-0.000,0.821,0.001,-0.001,-0.571,-0.399,-0.348,70.300,-0.395,58.019,68.202,55.091,0.138,-0.818,-0.004,0.011,0.143,-1.029,0.008,0.059,19.859,0.001,15.530,19.068,14.375
-2.932,-0.735,-0.000,0.818,0.001,-0.000,-0.576,-0.399,-0.348,70.499,-0.395,58.175,68.392,55.234,0.130,-0.819,-0.002,0.000,0.139,-1.025,0.003,0.031,19.924,0.002,15.587,18.978,14.341
-2.931,-0.744,-0.001,0.815,0.002,0.000,-0.580,-0.399,-0.347,70.699,-0.395,58.331,68.581,55.377,0.122,-0.820,-0.001,-0.010,0.127,-1.023,0.001,0.014,19.995,0.003,15.640,18.894,14.299
-2.930,-0.752,-0.001,0.812,0.002,0.001,-0.584,-0.399,-0.347,70.899,-0.395,58.487,68.770,55.520,0.114,-0.822,0.001,-0.019,0.108,-1.022,-0.000,0.004,20.067,0.004,15.686,18.821,14.252
-2.929,-0.760,-0.000,0.809,0.002,0.001,-0.588,-0.399,-0.347,71.100,-0.395,58.645,68.958,55.663,0.105,-0.823,0.001,-0.028,0.084,-1.022,-0.001,-0.004,20.135,0.004,15.725,18.765,14.203
-2.928,-0.768,-0.000,0.806,0.002,0.002,-0.592,-0.399,-0.347,71.302,-0.395,58.802,69.145,55.804,0.096,-0.824,0.002,-0.037,0.057,-1.022,-0.002,-0.014,20.194,0.004,15.753,18.726,14.155
-2.927,-0.776,-0.000,0.803,0.002,0.002,-0.596,-0.399,-0.348,71.504,-0.394,58.960,69.333,55.946,0.087,-0.825,0.002,-0.047,0.030,-1.024,-0.004,-0.026,20.245,0.004,15.769,18.708,14.106
-2.926,-0.785,-0.000,0.800,0.002,0.002,-0.600,-0.399,-0.348,71.707,-0.394,59.117,69.520,56.086,0.078,-0.826,0.001,-0.058,0.004,-1.028,-0.005,-0.035,20.288,0.004,15.770,18.711,14.057
-2.925,-0.793,-0.000,0.797,0.002,0.002,-0.605,-0.399,-0.348,71.910,-0.394,59.275,69.707,56.227,0.069,-0.827,-0.000,-0.068,-0.018,-1.032,-0.005,-0.038,20.321,0.003,15.758,18.732,14.011
-2.925,-0.801,-0.000,0.793,0.001,0.002,-0.609,-0.399,-0.349,72.113,-0.394,59.432,69.894,56.367,0.059,-0.827,-0.002,-0.074,-0.035,-1.036,-0.004,-0.034,20.345,0.003,15.734,18.769,13.970
-2.924,-0.810,-0.000,0.790,0.001,0.002,-0.613,-0.399,-0.349,72.317,-0.394,59.590,70.082,56.506,0.050,-0.827,-0.004,-0.075,-0.046,-1.039,-0.002,-0.026,20.362,0.002,15.702,18.818,13.934
-2.924,-0.818,-0.001,0.787,0.000,0.002,-0.617,-0.399,-0.349,72.520,-0.394,59.746,70.271,56.645,0.040,-0.827,-0.005,-0.070,-0.051,-1.043,-0.001,-0.017,20.374,0.002,15.663,18.874,13.901
-2.923,-0.826,-0.001,0.784,-0.000,0.002,-0.621,-0.399,-0.349,72.724,-0.394,59.903,70.460,56.784,0.030,-0.826,-0.007,-0.057,-0.051,-1.047,-0.001,-0.013,20.383,0.001,15.622,18.934,13.873
-2.923,-0.834,-0.001,0.781,-0.000,0.002,-0.625,-0.399,-0.349,72.928,-0.394,60.059,70.649,56.923,0.021,-0.825,-0.008,-0.038,-0.048,-1.051,-0.001,-0.012,20.387,0.000,15.583,18.992,13.851
-2.923,-0.843,-0.001,0.777,-0.001,0.002,-0.629,-0.399,-0.350,73.132,-0.394,60.214,70.840,57.061,0.012,-0.824,-0.008,-0.015,-0.046,-1.053,-0.001,-0.012,20.385,-0.000,15.549,19.044,13.842
-2.923,-0.851,-0.001,0.774,-0.001,0.002,-0.633,-0.399,-0.350,73.336,-0.394,60.370,71.030,57.200,0.003,-0.823,-0.007,0.011,-0.046,-1.054,-0.003,-0.020,20.374,-0.001,15.524,19.089,13.848
-2.923,-0.859,-0.001,0.771,-0.001,0.002,-0.637,-0.399,-0.350,73.539,-0.394,60.525,71.221,57.338,-0.006,-0.823,-0.005,0.035,-0.050,-1.053,-0.005,-0.039,20.352,-0.001,15.507,19.125,13.870
-2.923,-0.867,-0.001,0.767,-0.001,0.002,-0.641,-0.399,-0.351,73.743,-0.394,60.680,71.413,57.477,-0.014,-0.822,-0.002,0.055,-0.058,-1.051,-0.006,-0.067,20.318,-0.001,15.497,19.153,13.907
-2.923,-0.875,-0.001,0.764,-0.001,0.001,-0.645,-0.399,-0.351,73.946,-0.394,60.835,71.604,57.616,-0.022,-0.822,0.001,0.070,-0.068,-1.050,-0.009,-0.072,20.272,-0.001,15.492,19.175,13.955
-2.924,-0.884,-0.001,0.760,-0.001,0.001,-0.649,-0.399,-0.352,74.148,-0.394,60.990,71.796,57.756,-0.031,-0.822,0.004,0.078,-0.079,-1.048,-0.010,-0.062,20.214,-0.001,15.487,19.192,14.009
-2.924,-0.892,-0.001,0.757,-0.001,-0.000,-0.653,-0.400,-0.352,74.350,-0.394,61.145,71.988,57.897,-0.039,-0.823,0.006,0.079,-0.089,-1.048,-0.008,-0.052,20.145,-0.000,15.480,19.207,14.068
-2.924,-0.900,-0.001,0.754,-0.001,-0.001,-0.657,-0.400,-0.353,74.551,-0.394,61.299,72.180,58.038,-0.048,-0.823,0.008,0.072,-0.095,-1.047,-0.005,-0.038,20.068,0.001,15.468,19.220,14.128
-2.925,-0.908,-0.001,0.750,-0.001,-0.001,-0.661,-0.400,-0.353,74.751,-0.394,61.454,72.373,58.179,-0.056,-0.823,0.009,0.059,-0.097,-1.046,-0.001,-0.021,19.987,0.002,15.449,19.234,14.186
-2.925,-0.917,-0.001,0.747,-0.001,-0.002,-0.665,-0.400,-0.353,74.951,-0.394,61.608,72.565,58.321,-0.064,-0.823,0.009,0.041,-0.092,-1.045,0.001,-0.009,19.906,0.003,15.424,19.247,14.241
-2.926,-0.925,-0.000,0.743,-0.001,-0.002,-0.669,-0.400,-0.353,75.149,-0.394,61.762,72.757,58.464,-0.073,-0.823,0.009,0.022,-0.082,-1.042,0.003,0.002,19.829,0.003,15.394,19.257,14.291
-2.927,-0.933,-0.000,0.740,-0.001,-0.003,-0.673,-0.400,-0.353,75.347,-0.394,61.916,72.950,58.607,-0.080,-0.823,0.007,0.003,-0.066,-1.038,0.006,0.020,19.760,0.003,15.360,19.262,14.335
-2.928,-0.941,-0.000,0.736,-0.002,-0.003,-0.677,-0.399,-0.353,75.545,-0.394,62.070,73.143,58.751,-0.088,-0.822,0.006,-0.013,-0.045,-1.032,0.010,0.049,19.703,0.003,15.326,19.260,14.371
