3.000,7.000,0.001,1.000,0.000,0.000,0.000,-0.000,-0.000,0.000,-0.000,0.000,0.000,0.000,-0.000,-0.000,0.000,-0.000,-0.000,-0.000,0.000,0.000,-0.000,0.000,-0.000,-0.000,-0.000
3.000,7.000,0.001,1.000,0.000,-0.000,-0.000,0.246,0.197,0.001,0.179,0.001,0.004,0.004,0.037,0.002,0.001,0.003,-0.024,-0.008,39.075,33.339,0.228,29.357,0.268,0.781,0.749
3.001,7.000,0.001,1.000,0.000,-0.000,0.000,0.540,0.482,0.006,0.419,0.008,0.014,0.015,0.060,0.009,0.001,0.009,-0.022,0.054,15.613,18.407,0.856,15.263,1.102,1.175,1.373
3.001,7.000,0.001,1.000,0.000,-0.000,0.000,0.556,0.520,0.019,0.474,0.023,0.027,0.031,0.077,0.018,0.000,0.011,-0.016,0.118,-11.267,-11.044,1.708,-4.063,2.020,1.431,1.899
3.002,7.000,0.001,1.000,0.000,-0.000,0.001,0.364,0.308,0.040,0.365,0.047,0.043,0.052,0.099,0.022,0.000,0.006,-0.013,0.140,-23.392,-26.879,2.423,-15.262,2.755,1.795,2.389
3.003,7.001,0.001,1.000,0.000,-0.000,0.002,0.186,0.097,0.066,0.234,0.077,0.064,0.079,0.128,0.020,0.000,-0.003,-0.015,0.113,-8.953,-11.621,2.750,-8.174,3.153,2.380,2.902
3.005,7.001,0.001,1.000,0.000,-0.001,0.002,0.221,0.115,0.094,0.242,0.110,0.091,0.111,0.158,0.018,0.000,-0.008,-0.018,0.094,13.926,13.444,2.911,8.602,3.412,3.013,3.460
3.007,7.001,0.001,1.000,0.000,-0.001,0.003,0.392,0.305,0.125,0.358,0.146,0.123,0.148,0.182,0.026,0.000,0.001,-0.012,0.141,16.484,20.652,3.175,11.832,3.927,3.415,4.030
3.008,7.001,0.001,1.000,0.000,-0.001,0.004,0.482,0.443,0.159,0.429,0.189,0.159,0.191,0.198,0.039,-0.001,0.010,-0.001,0.222,1.381,5.899,3.690,2.151,4.657,3.601,4.541
3.010,7.002,0.001,1.000,0.000,-0.001,0.005,0.424,0.414,0.199,0.399,0.239,0.196,0.239,0.214,0.046,-0.002,0.009,0.004,0.273,-11.349,-10.271,4.277,-7.292,5.335,3.818,5.000
3.013,7.002,0.000,1.000,0.000,-0.001,0.006,0.302,0.291,0.244,0.312,0.295,0.236,0.291,0.236,0.047,-0.002,0.003,0.004,0.273,-10.637,-11.392,4.715,-8.396,5.808,4.213,5.442
3.015,7.003,0.000,1.000,0.000,-0.001,0.008,0.255,0.237,0.292,0.265,0.355,0.280,0.348,0.261,0.047,-0.003,0.001,0.002,0.259,1.550,1.062,4.977,-0.499,6.128,4.709,5.903
3.018,7.003,0.000,1.000,0.000,-0.001,0.009,0.321,0.307,0.343,0.299,0.418,0.329,0.409,0.283,0.052,-0.004,0.008,0.003,0.281,9.821,11.151,5.212,6.143,6.515,5.111,6.391
3.021,7.004,0.000,1.000,0.000,-0.001,0.011,0.407,0.414,0.397,0.357,0.486,0.382,0.475,0.299,0.062,-0.005,0.016,0.006,0.341,5.638,8.273,5.559,4.215,7.069,5.345,6.868
3.024,7.004,0.000,1.000,0.000,-0.001,0.012,0.416,0.445,0.455,0.370,0.559,0.436,0.546,0.314,0.071,-0.006,0.018,0.009,0.396,-3.326,-1.852,6.003,-1.423,7.653,5.537,7.305
3.027,7.005,0.000,1.000,0.000,-0.000,0.015,0.358,0.392,0.517,0.334,0.639,0.493,0.621,0.331,0.075,-0.007,0.014,0.007,0.414,-7.087,-7.305,6.417,-4.886,8.136,5.826,7.711
3.031,7.006,0.000,1.000,0.001,-0.000,0.017,0.304,0.333,0.583,0.293,0.722,0.553,0.701,0.350,0.077,-0.008,0.009,0.005,0.409,-2.784,-3.466,6.734,-2.685,8.498,6.208,8.106
3.034,7.007,0.000,1.000,0.001,-0.000,0.019,0.311,0.336,0.651,0.290,0.808,0.617,0.784,0.368,0.080,-0.008,0.011,0.004,0.415,3.641,3.620,6.992,1.837,8.846,6.573,8.510
3.038,7.008,0.000,1.000,0.001,-0.000,0.021,0.359,0.389,0.723,0.319,0.899,0.684,0.871,0.384,0.087,-0.009,0.017,0.006,0.448,4.415,5.221,7.272,2.966,9.269,6.840,8.919
3.042,7.008,-0.000,1.000,0.001,-0.000,0.023,0.381,0.419,0.797,0.336,0.994,0.754,0.962,0.397,0.096,-0.010,0.020,0.007,0.488,0.244,1.003,7.600,0.431,9.731,7.052,9.311
3.046,7.009,-0.000,1.000,0.001,-0.000,0.026,0.367,0.409,0.875,0.329,1.093,0.825,1.057,0.411,0.102,-0.011,0.017,0.007,0.513,-2.724,-2.520,7.923,-1.737,10.154,7.289,9.682
3.050,7.010,-0.000,1.000,0.001,-0.000,0.028,0.339,0.382,0.955,0.309,1.197,0.900,1.156,0.425,0.106,-0.011,0.013,0.006,0.521,-2.239,-2.460,8.220,-1.753,10.515,7.575,10.034
3.054,7.012,-0.000,1.000,0.001,-0.000,0.031,0.330,0.370,1.039,0.300,1.304,0.977,1.258,0.439,0.110,-0.012,0.009,0.005,0.526,0.374,0.232,8.489,-0.082,10.848,7.869,10.374
3.059,7.013,-0.001,0.999,0.001,-0.000,0.033,0.344,0.385,1.125,0.307,1.414,1.057,1.363,0.452,0.115,-0.012,0.008,0.005,0.541,1.755,1.885,8.748,1.069,11.196,8.126,10.712
3.063,7.014,-0.001,0.999,0.001,-0.000,0.036,0.355,0.396,1.214,0.314,1.528,1.139,1.472,0.464,0.122,-0.011,0.006,0.005,0.563,0.473,0.527,9.012,0.396,11.551,8.352,11.043
3.068,7.015,-0.001,0.999,0.001,-0.000,0.039,0.355,0.398,1.305,0.316,1.645,1.224,1.584,0.475,0.128,-0.011,0.003,0.004,0.583,-0.250,-0.105,9.264,-0.065,11.896,8.566,11.363
3.073,7.016,-0.001,0.999,0.001,-0.000,0.042,0.352,0.395,1.399,0.314,1.765,1.311,1.699,0.486,0.135,-0.010,-0.003,0.003,0.600,-0.428,-0.309,9.508,-0.256,12.221,8.783,11.669
3.078,7.018,-0.001,0.999,0.001,-0.000,0.045,0.348,0.392,1.495,0.311,1.889,1.400,1.817,0.496,0.140,-0.009,-0.008,0.002,0.612,-0.306,-0.302,9.746,-0.230,12.526,9.003,11.961
3.083,7.019,-0.001,0.999,0.001,-0.000,0.048,0.346,0.389,1.594,0.309,2.016,1.491,1.938,0.506,0.146,-0.008,-0.013,0.001,0.623,-0.129,-0.234,9.977,-0.124,12.814,9.223,12.239
3.088,7.021,-0.001,0.999,0.001,-0.000,0.051,0.345,0.387,1.695,0.309,2.145,1.584,2.062,0.516,0.151,-0.007,-0.018,0.000,0.633,-0.020,-0.167,10.201,-0.049,13.088,9.437,12.506
3.093,7.022,-0.001,0.999,0.001,-0.000,0.054,0.345,0.386,1.798,0.308,2.278,1.679,2.188,0.525,0.157,-0.006,-0.021,-0.000,0.643,0.025,-0.116,10.418,-0.016,13.352,9.644,12.762
3.098,7.024,-0.001,0.998,0.001,-0.000,0.058,0.345,0.385,1.903,0.308,2.412,1.777,2.317,0.534,0.163,-0.004,-0.023,-0.001,0.653,0.033,-0.080,10.628,-0.004,13.604,9.844,13.008
3.104,7.026,-0.001,0.998,0.001,-0.000,0.061,0.346,0.384,2.011,0.308,2.550,1.876,2.448,0.542,0.169,-0.003,-0.023,-0.001,0.664,0.026,-0.055,10.830,0.000,13.848,10.035,13.244
3.109,7.027,-0.001,0.998,0.000,-0.000,0.064,0.346,0.384,2.120,0.308,2.689,1.978,2.582,0.550,0.176,-0.002,-0.022,-0.001,0.675,0.015,-0.038,11.025,0.001,14.083,10.220,13.472
3.115,7.029,-0.001,0.998,0.000,-0.000,0.068,0.346,0.384,2.231,0.308,2.831,2.081,2.718,0.558,0.182,-0.001,-0.019,-0.001,0.685,0.007,-0.027,11.213,0.001,14.310,10.397,13.691
3.120,7.031,-0.001,0.997,0.000,-0.000,0.071,0.346,0.383,2.344,0.308,2.975,2.185,2.856,0.566,0.189,-0.000,-0.015,-0.001,0.696,0.001,-0.019,11.395,0.001,14.531,10.569,13.904
3.126,7.033,-0.001,0.997,0.000,-0.000,0.075,0.346,0.383,2.459,0.308,3.122,2.292,2.996,0.573,0.196,0.000,-0.011,-0.001,0.706,-0.001,-0.014,11.571,0.000,14.745,10.734,14.111
3.132,7.035,-0.001,0.997,0.000,-0.000,0.078,0.346,0.383,2.576,0.308,3.270,2.400,3.138,0.580,0.202,0.000,-0.006,-0.000,0.716,-0.002,-0.010,11.741,-0.001,14.954,10.893,14.312
3.138,7.037,-0.001,0.997,0.000,-0.000,0.082,0.346,0.383,2.694,0.308,3.421,2.510,3.282,0.586,0.209,0.000,-0.001,0.000,0.726,-0.002,-0.008,11.905,-0.001,15.159,11.047,14.509
3.144,7.039,-0.001,0.996,0.000,-0.000,0.085,0.346,0.383,2.814,0.308,3.574,2.621,3.428,0.593,0.216,0.001,0.002,0.001,0.736,-0.002,-0.006,12.064,-0.002,15.359,11.196,14.701
3.150,7.041,-0.001,0.996,0.000,-0.000,0.089,0.346,0.383,2.935,0.308,3.728,2.734,3.576,0.599,0.224,0.001,0.003,0.001,0.745,-0.001,-0.005,12.219,-0.002,15.554,11.340,14.888
3.156,7.043,-0.001,0.996,0.000,-0.000,0.093,0.346,0.383,3.058,0.308,3.885,2.848,3.726,0.604,0.231,0.001,0.002,0.000,0.754,-0.001,-0.004,12.369,-0.003,15.744,11.480,15.072
3.162,7.046,-0.001,0.995,0.000,-0.000,0.097,0.346,0.383,3.182,0.308,4.043,2.963,3.877,0.610,0.238,0.001,-0.002,-0.000,0.764,-0.001,-0.003,12.515,-0.003,15.928,11.617,15.250
3.168,7.048,-0.001,0.995,0.000,-0.000,0.100,0.346,0.383,3.308,0.308,4.203,3.080,4.031,0.615,0.245,0.002,-0.009,-0.001,0.772,-0.001,-0.003,12.659,-0.002,16.105,11.751,15.422
3.174,7.051,-0.001,0.995,0.000,-0.000,0.104,0.346,0.383,3.436,0.308,4.365,3.198,4.186,0.620,0.253,0.003,-0.019,-0.003,0.781,-0.000,-0.002,12.799,-0.001,16.272,11.882,15.587
3.180,7.053,-0.001,0.994,-0.000,-0.000,0.108,0.346,0.383,3.564,0.308,4.529,3.318,4.343,0.625,0.260,0.004,-0.031,-0.004,0.790,-0.000,-0.002,12.938,-0.000,16.430,12.012,15.744
3.186,7.056,-0.001,0.994,-0.000,-0.000,0.112,0.346,0.383,3.694,0.308,4.694,3.439,4.501,0.630,0.268,0.005,-0.044,-0.006,0.799,-0.000,-0.002,13.074,0.001,16.576,12.141,15.892
3.193,7.059,-0.001,0.993,-0.001,-0.000,0.116,0.346,0.383,3.826,0.308,4.860,3.561,4.660,0.635,0.276,0.007,-0.058,-0.008,0.808,0.000,-0.002,13.209,0.002,16.712,12.269,16.030
3.199,7.061,-0.001,0.993,-0.001,-0.000,0.120,0.346,0.383,3.959,0.308,5.028,3.684,4.821,0.639,0.284,0.009,-0.069,-0.009,0.816,0.000,-0.001,13.341,0.004,16.835,12.396,16.158
3.206,7.064,-0.001,0.992,-0.001,-0.001,0.124,0.346,0.383,4.093,0.308,5.197,3.809,4.984,0.643,0.292,0.010,-0.077,-0.010,0.825,0.000,-0.001,13.472,0.005,16.949,12.522,16.275
3.212,7.067,-0.001,0.992,-0.002,-0.001,0.128,0.346,0.383,4.228,0.308,5.367,3.934,5.147,0.648,0.300,0.012,-0.079,-0.011,0.834,0.000,-0.001,13.598,0.005,17.053,12.646,16.383
3.218,7.070,-0.001,0.991,-0.002,-0.001,0.133,0.346,0.383,4.365,0.308,5.538,4.061,5.311,0.652,0.309,0.013,-0.076,-0.010,0.842,0.000,-0.002,13.721,0.005,17.152,12.767,16.482
3.225,7.073,-0.001,0.991,-0.002,-0.001,0.137,0.346,0.383,4.502,0.308,5.710,4.190,5.476,0.655,0.318,0.013,-0.065,-0.009,0.851,-0.000,-0.002,13.838,0.005,17.248,12.883,16.576
3.232,7.077,-0.000,0.990,-0.003,-0.001,0.141,0.346,0.383,4.641,0.308,5.883,4.319,5.643,0.659,0.326,0.013,-0.046,-0.008,0.859,-0.000,-0.002,13.947,0.003,17.343,12.994,16.667
3.238,7.080,-0.000,0.989,-0.003,-0.001,0.145,0.346,0.383,4.781,0.308,6.057,4.450,5.810,0.662,0.335,0.012,-0.021,-0.005,0.866,-0.001,-0.002,14.048,0.002,17.442,13.096,16.756
3.245,7.083,-0.000,0.989,-0.003,-0.001,0.150,0.346,0.383,4.922,0.308,6.232,4.581,5.978,0.665,0.344,0.011,0.009,-0.002,0.874,-0.001,-0.002,14.139,-0.001,17.547,13.188,16.848
3.251,7.087,-0.000,0.988,-0.003,-0.001,0.154,0.346,0.383,5.064,0.308,6.408,4.713,6.147,0.667,0.353,0.009,0.043,0.001,0.880,-0.001,-0.003,14.219,-0.003,17.660,13.270,16.944
3.258,7.090,0.000,0.987,-0.002,-0.001,0.158,0.346,0.383,5.207,0.308,6.585,4.846,6.317,0.669,0.361,0.007,0.077,0.004,0.886,-0.002,-0.003,14.287,-0.006,17.782,13.339,17.047
3.265,7.094,0.000,0.987,-0.002,-0.001,0.163,0.346,0.382,5.350,0.308,6.763,4.980,6.488,0.671,0.370,0.004,0.111,0.008,0.891,-0.002,-0.002,14.343,-0.008,17.915,13.395,17.157
3.272,7.098,0.000,0.986,-0.001,-0.001,0.167,0.346,0.382,5.493,0.308,6.943,5.114,6.660,0.672,0.378,0.001,0.140,0.012,0.896,-0.002,-0.002,14.389,-0.011,18.057,13.439,17.276
3.278,7.102,0.000,0.985,-0.001,-0.000,0.171,0.346,0.382,5.637,0.308,7.124,5.249,6.833,0.672,0.386,-0.001,0.161,0.015,0.900,-0.002,-0.002,14.426,-0.013,18.208,13.470,17.403
3.285,7.106,0.000,0.984,0.000,-0.000,0.176,0.346,0.382,5.782,0.308,7.307,5.384,7.008,0.672,0.394,-0.004,0.173,0.017,0.904,-0.002,-0.001,14.455,-0.016,18.366,13.491,17.537
3.292,7.110,0.000,0.984,0.001,0.000,0.180,0.346,0.382,5.927,0.308,7.492,5.519,7.184,0.671,0.402,-0.005,0.174,0.017,0.907,-0.001,-0.001,14.478,-0.015,18.528,13.502,17.676
3.298,7.114,-0.000,0.983,0.002,0.000,0.185,0.346,0.382,6.071,0.308,7.678,5.654,7.361,0.670,0.409,-0.007,0.163,0.017,0.910,-0.001,0.000,14.499,-0.013,18.689,13.508,17.817
3.305,7.118,-0.000,0.982,0.003,0.000,0.189,0.346,0.382,6.217,0.308,7.866,5.789,7.540,0.669,0.417,-0.007,0.143,0.016,0.914,-0.000,0.001,14.519,-0.010,18.844,13.511,17.957
3.312,7.122,-0.000,0.981,0.003,0.001,0.194,0.346,0.382,6.362,0.307,8.055,5.924,7.721,0.667,0.424,-0.007,0.115,0.016,0.917,0.000,0.001,14.542,-0.007,18.989,13.514,18.091
3.318,7.126,-0.000,0.980,0.004,0.001,0.198,0.346,0.382,6.507,0.307,8.245,6.059,7.902,0.665,0.431,-0.007,0.082,0.016,0.920,0.001,0.002,14.570,-0.004,19.120,13.521,18.217
3.325,7.131,-0.000,0.979,0.004,0.001,0.203,0.346,0.382,6.653,0.307,8.437,6.194,8.085,0.662,0.438,-0.007,0.046,0.017,0.923,0.001,0.002,14.606,-0.001,19.238,13.535,18.332
3.332,7.135,-0.000,0.978,0.004,0.001,0.207,0.346,0.382,6.800,0.307,8.630,6.330,8.269,0.660,0.446,-0.007,0.010,0.018,0.926,0.001,0.002,14.653,0.002,19.341,13.556,18.435
3.338,7.139,-0.000,0.977,0.004,0.001,0.212,0.346,0.383,6.946,0.307,8.824,6.465,8.454,0.657,0.453,-0.007,-0.023,0.019,0.929,0.001,0.003,14.710,0.003,19.431,13.588,18.526
3.345,7.144,-0.001,0.976,0.004,0.001,0.216,0.346,0.383,7.094,0.307,9.019,6.601,8.639,0.655,0.460,-0.007,-0.051,0.020,0.933,0.002,0.003,14.780,0.004,19.511,13.630,18.604
3.351,7.149,-0.001,0.975,0.004,0.001,0.221,0.346,0.383,7.242,0.307,9.214,6.738,8.826,0.652,0.468,-0.007,-0.073,0.020,0.936,0.001,0.003,14.860,0.004,19.582,13.684,18.671
3.358,7.153,-0.001,0.974,0.003,0.001,0.226,0.346,0.383,7.391,0.308,9.410,6.875,9.013,0.650,0.475,-0.008,-0.086,0.019,0.940,0.001,0.003,14.950,0.004,19.648,13.748,18.730
3.364,7.158,-0.001,0.973,0.003,0.001,0.230,0.346,0.383,7.541,0.308,9.607,7.013,9.200,0.647,0.483,-0.008,-0.092,0.016,0.943,0.001,0.003,15.046,0.003,19.710,13.821,18.784
3.371,7.163,-0.001,0.972,0.002,0.001,0.235,0.346,0.383,7.692,0.308,9.804,7.152,9.388,0.644,0.490,-0.008,-0.092,0.010,0.946,0.001,0.003,15.147,0.002,19.770,13.901,18.835
3.377,7.168,-0.001,0.971,0.002,0.001,0.239,0.346,0.383,7.844,0.308,10.002,7.291,9.577,0.641,0.498,-0.008,-0.087,0.003,0.949,0.000,0.002,15.248,0.001,19.826,13.988,18.885
3.384,7.173,-0.001,0.970,0.001,0.001,0.244,0.346,0.383,7.997,0.308,10.201,7.431,9.766,0.639,0.505,-0.007,-0.081,-0.006,0.952,0.000,0.002,15.346,0.001,19.877,14.078,18.935
3.390,7.178,-0.001,0.969,0.001,0.001,0.249,0.346,0.383,8.151,0.308,10.400,7.573,9.956,0.636,0.513,-0.006,-0.076,-0.014,0.955,0.000,0.001,15.439,0.000,19.923,14.170,18.987
3.396,7.183,-0.001,0.967,0.001,0.001,0.253,0.346,0.383,8.306,0.308,10.599,7.715,10.146,0.633,0.520,-0.004,-0.073,-0.023,0.957,0.000,0.001,15.525,0.001,19.960,14.262,19.038
3.403,7.189,-0.001,0.966,0.000,0.000,0.258,0.346,0.383,8.461,0.308,10.799,7.858,10.336,0.630,0.528,-0.002,-0.074,-0.030,0.960,0.000,0.000,15.603,0.002,19.986,14.352,19.088
3.409,7.194,-0.001,0.965,0.000,0.000,0.262,0.346,0.383,8.618,0.308,10.999,8.002,10.527,0.627,0.535,0.001,-0.078,-0.035,0.963,0.000,0.000,15.674,0.003,19.999,14.441,19.134
3.415,7.199,-0.001,0.964,-0.000,-0.000,0.267,0.346,0.383,8.775,0.308,11.199,8.147,10.719,0.623,0.543,0.005,-0.085,-0.037,0.967,0.000,-0.000,15.739,0.005,20.000,14.527,19.172
3.421,7.205,-0.001,0.962,-0.001,-0.001,0.272,0.346,0.383,8.932,0.308,11.399,8.292,10.911,0.620,0.551,0.008,-0.092,-0.035,0.970,0.001,-0.000,15.799,0.006,19.989,14.609,19.201
3.428,7.210,-0.001,0.961,-0.001,-0.001,0.276,0.346,0.383,9.091,0.308,11.599,8.439,11.103,0.617,0.559,0.010,-0.099,-0.030,0.975,0.001,-0.000,15.856,0.007,19.970,14.687,19.219
3.434,7.216,-0.001,0.960,-0.002,-0.001,0.281,0.346,0.383,9.250,0.308,11.798,8.586,11.295,0.614,0.567,0.012,-0.103,-0.021,0.979,0.000,-0.001,15.912,0.007,19.946,14.761,19.224
3.440,7.222,-0.001,0.958,-0.002,-0.001,0.286,0.346,0.383,9.409,0.308,11.998,8.734,11.487,0.611,0.575,0.012,-0.101,-0.010,0.983,0.000,-0.001,15.969,0.007,19.924,14.830,19.219
3.446,7.227,-0.001,0.957,-0.002,-0.001,0.291,0.346,0.383,9.569,0.308,12.197,8.883,11.680,0.607,0.583,0.012,-0.093,0.002,0.987,0.000,-0.001,16.027,0.006,19.908,14.894,19.205
3.452,7.233,-0.001,0.955,-0.003,-0.002,0.295,0.346,0.383,9.730,0.308,12.396,9.032,11.872,0.604,0.591,0.010,-0.077,0.013,0.991,-0.000,-0.001,16.087,0.005,19.905,14.952,19.186
3.458,7.239,-0.000,0.954,-0.003,-0.002,0.300,0.346,0.383,9.891,0.308,12.595,9.182,12.063,0.600,0.600,0.007,-0.055,0.022,0.994,-0.001,-0.001,16.146,0.002,19.917,15.004,19.168
3.464,7.245,-0.000,0.952,-0.003,-0.001,0.305,0.346,0.383,10.052,0.308,12.794,9.332,12.255,0.596,0.608,0.004,-0.026,0.028,0.997,-0.001,-0.002,16.204,-0.000,19.948,15.051,19.155
3.470,7.251,-0.000,0.951,-0.004,-0.001,0.310,0.346,0.383,10.215,0.308,12.994,9.483,12.446,0.591,0.615,0.000,0.007,0.030,0.999,-0.001,-0.002,16.257,-0.003,19.998,15.090,19.152
3.476,7.258,-0.000,0.949,-0.004,-0.001,0.314,0.346,0.383,10.378,0.308,13.194,9.634,12.638,0.586,0.623,-0.003,0.041,0.027,1.000,-0.002,-0.002,16.302,-0.005,20.067,15.123,19.164
3.482,7.264,-0.000,0.948,-0.003,-0.001,0.319,0.346,0.383,10.541,0.308,13.395,9.785,12.830,0.581,0.630,-0.006,0.076,0.021,1.000,-0.002,-0.002,16.336,-0.007,20.151,15.149,19.192
3.488,7.270,-0.000,0.946,-0.003,-0.001,0.324,0.346,0.383,10.704,0.308,13.597,9.937,13.022,0.576,0.637,-0.009,0.106,0.011,0.999,-0.002,-0.003,16.356,-0.009,20.246,15.167,19.238
3.493,7.277,-0.001,0.945,-0.002,-0.000,0.328,0.346,0.383,10.868,0.308,13.800,10.088,13.215,0.570,0.643,-0.010,0.130,-0.002,0.998,-0.002,-0.003,16.360,-0.009,20.349,15.179,19.303
3.499,7.283,-0.001,0.943,-0.002,-0.000,0.333,0.346,0.383,11.031,0.308,14.004,10.240,13.408,0.564,0.649,-0.009,0.146,-0.017,0.997,-0.001,-0.002,16.347,-0.009,20.454,15.183,19.384
3.505,7.289,-0.001,0.941,-0.001,-0.000,0.338,0.346,0.382,11.195,0.308,14.209,10.392,13.602,0.558,0.655,-0.008,0.153,-0.030,0.996,-0.001,-0.002,16.318,-0.007,20.555,15.180,19.477
3.510,7.296,-0.001,0.939,-0.000,0.000,0.343,0.346,0.382,11.358,0.308,14.415,10.544,13.798,0.552,0.660,-0.006,0.151,-0.041,0.995,-0.001,-0.002,16.274,-0.006,20.645,15.170,19.578
3.516,7.303,-0.001,0.938,0.001,0.000,0.347,0.346,0.382,11.520,0.308,14.622,10.695,13.994,0.545,0.666,-0.003,0.144,-0.046,0.995,-0.000,-0.002,16.218,-0.004,20.722,15.153,19.682
3.521,7.309,-0.001,0.936,0.001,0.000,0.352,0.346,0.382,11.682,0.308,14.830,10.847,14.191,0.539,0.671,0.001,0.132,-0.045,0.995,-0.000,-0.001,16.155,-0.002,20.784,15.130,19.783
3.526,7.316,-0.001,0.934,0.002,0.000,0.357,0.346,0.382,11.843,0.308,15.038,10.998,14.389,0.532,0.676,0.003,0.117,-0.038,0.996,0.000,-0.001,16.089,-0.000,20.831,15.101,19.876
3.532,7.323,-0.001,0.932,0.003,0.000,0.361,0.114,0.139,12.007,0.157,15.245,11.149,14.589,0.537,0.675,0.009,0.065,-0.053,0.958,-39.659,-41.908,16.575,-27.617,20.429,15.207,19.964
3.537,7.329,-0.001,0.931,0.003,-0.000,0.365,-0.251,-0.250,12.174,-0.138,15.444,11.306,14.786,0.594,0.630,0.039,0.002,-0.200,0.486,-25.673,-28.934,16.911,-24.336,19.547,16.285,19.354
3.543,7.335,-0.000,0.931,0.003,-0.002,0.366,-0.301,-0.367,12.345,-0.198,15.638,11.474,14.974,0.638,0.567,0.062,0.050,-0.304,-0.025,14.827,4.900,17.148,13.111,19.232,17.187,18.168
3.550,7.341,0.000,0.931,0.004,-0.002,0.365,-0.031,-0.194,12.516,0.059,15.830,11.647,15.152,0.635,0.556,0.016,0.086,-0.017,-0.125,32.347,24.976,17.149,31.528,19.255,17.346,17.560
3.556,7.347,0.000,0.931,0.004,-0.002,0.365,0.191,0.008,12.688,0.286,16.023,11.819,15.326,0.621,0.557,-0.039,0.104,0.325,-0.065,8.424,11.017,17.184,10.639,19.237,17.090,17.367
3.562,7.352,-0.000,0.931,0.004,-0.000,0.365,0.114,-0.028,12.859,0.253,16.213,11.989,15.502,0.601,0.592,-0.023,0.055,0.212,0.176,-20.654,-16.030,17.161,-15.213,18.671,16.729,17.910
3.568,7.358,-0.000,0.931,0.004,0.000,0.366,-0.115,-0.216,13.031,0.053,16.397,12.156,15.683,0.614,0.595,0.009,0.036,-0.007,0.135,-19.974,-16.711,17.169,-20.090,18.240,16.901,18.082
3.575,7.364,0.000,0.931,0.004,0.000,0.366,-0.197,-0.290,13.203,-0.056,16.578,12.327,15.862,0.636,0.573,0.014,0.040,-0.054,-0.068,4.050,2.432,17.198,-0.386,17.972,17.286,17.746
3.581,7.370,0.000,0.931,0.004,0.000,0.365,-0.065,-0.184,13.375,0.032,16.757,12.501,16.039,0.635,0.573,-0.009,-0.037,0.074,-0.077,18.633,16.176,17.234,14.792,17.911,17.302,17.666
3.587,7.376,-0.000,0.931,0.004,0.001,0.366,0.085,-0.036,13.548,0.156,16.937,12.672,16.217,0.610,0.594,-0.018,-0.073,0.116,0.120,8.488,10.669,17.287,7.297,18.057,16.880,17.961
3.593,7.382,-0.000,0.930,0.004,0.001,0.366,0.074,-0.011,13.720,0.149,17.118,12.839,16.398,0.595,0.613,-0.006,-0.080,0.025,0.267,-9.435,-5.247,17.181,-7.775,18.242,16.587,18.295
3.599,7.388,-0.000,0.930,0.003,0.001,0.368,-0.053,-0.100,13.892,0.034,17.301,13.005,16.582,0.598,0.613,-0.006,-0.129,0.009,0.253,-12.898,-9.906,17.156,-12.876,18.257,16.622,18.358
3.605,7.394,-0.000,0.930,0.002,0.001,0.369,-0.125,-0.158,14.064,-0.053,17.482,13.173,16.764,0.622,0.594,-0.007,-0.170,0.003,0.062,-0.608,-0.745,17.284,-3.307,17.951,17.084,18.064
3.612,7.400,-0.000,0.930,0.002,0.000,0.368,-0.069,-0.113,14.238,-0.026,17.660,13.346,16.943,0.639,0.579,-0.006,-0.175,-0.008,-0.081,10.012,8.500,17.538,7.310,17.620,17.506,17.763
3.618,7.406,-0.000,0.930,0.001,-0.000,0.368,0.025,-0.025,14.414,0.049,17.836,13.522,17.120,0.634,0.585,-0.005,-0.158,-0.012,-0.038,6.875,7.399,17.628,5.905,17.591,17.566,17.774
3.624,7.411,-0.000,0.930,0.000,-0.000,0.368,0.040,0.005,14.590,0.065,18.013,13.697,17.299,0.621,0.598,-0.002,-0.145,-0.019,0.070,-3.637,-1.441,17.553,-2.679,17.778,17.442,17.927
3.630,7.417,-0.001,0.930,-0.001,-0.001,0.369,-0.026,-0.040,14.765,0.008,18.191,13.871,17.478,0.621,0.600,-0.000,-0.156,-0.019,0.081,-7.873,-6.094,17.531,-7.276,17.841,17.491,17.940
3.637,7.423,-0.001,0.930,-0.001,-0.001,0.369,-0.080,-0.085,14.941,-0.048,18.368,14.048,17.657,0.634,0.589,0.001,-0.173,-0.009,-0.021,-2.106,-2.089,17.733,-3.159,17.587,17.780,17.729
3.643,7.429,-0.000,0.930,-0.002,-0.002,0.368,-0.062,-0.074,15.120,-0.044,18.542,14.227,17.833,0.644,0.579,0.001,-0.158,0.001,-0.108,4.885,3.804,18.064,3.380,17.263,18.052,17.488
3.650,7.435,-0.000,0.930,-0.003,-0.002,0.368,-0.008,-0.027,15.302,-0.002,18.714,14.408,18.007,0.643,0.581,0.002,-0.116,0.010,-0.098,4.723,4.487,18.189,4.063,17.184,18.143,17.426
3.656,7.441,-0.000,0.930,-0.003,-0.002,0.368,0.012,-0.003,15.483,0.018,18.887,14.589,18.182,0.637,0.589,0.002,-0.074,0.019,-0.039,-0.872,0.075,18.088,-0.409,17.332,18.115,17.488
3.662,7.447,-0.000,0.930,-0.003,-0.002,0.367,-0.019,-0.023,15.664,-0.007,19.061,14.771,18.357,0.637,0.592,0.002,-0.047,0.029,-0.022,-4.335,-3.334,18.033,-3.808,17.440,18.133,17.497
3.669,7.453,-0.000,0.930,-0.004,-0.002,0.367,-0.054,-0.052,15.845,-0.040,19.235,14.952,18.531,0.643,0.587,0.000,-0.026,0.037,-0.064,-1.989,-1.931,18.166,-2.318,17.371,18.245,17.396
3.675,7.459,-0.000,0.930,-0.004,-0.002,0.367,-0.052,-0.054,16.027,-0.045,19.408,15.135,18.705,0.648,0.582,-0.002,0.004,0.043,-0.107,2.057,1.270,18.354,1.279,17.261,18.358,17.287
3.682,7.464,-0.000,0.930,-0.004,-0.001,0.366,-0.024,-0.033,16.211,-0.024,19.581,15.319,18.877,0.649,0.583,-0.004,0.040,0.044,-0.106,2.773,2.391,18.434,2.345,17.276,18.393,17.272
3.688,7.470,-0.001,0.931,-0.004,-0.001,0.366,-0.008,-0.017,16.395,-0.008,19.754,15.503,19.050,0.647,0.587,-0.006,0.072,0.040,-0.078,0.202,0.559,18.400,0.554,17.410,18.366,17.341
3.695,7.476,-0.001,0.931,-0.003,-0.001,0.366,-0.019,-0.023,16.579,-0.014,19.929,15.687,19.224,0.647,0.589,-0.008,0.092,0.030,-0.063,-1.940,-1.385,18.368,-1.508,17.549,18.346,17.413
3.701,7.482,-0.001,0.931,-0.003,-0.000,0.365,-0.037,-0.037,16.763,-0.030,20.105,15.870,19.398,0.650,0.588,-0.009,0.103,0.015,-0.076,-1.362,-1.176,18.408,-1.368,17.621,18.373,17.446
3.708,7.488,-0.001,0.931,-0.002,-0.000,0.365,-0.041,-0.042,16.948,-0.036,20.281,16.054,19.573,0.653,0.585,-0.009,0.111,-0.002,-0.097,0.497,0.173,18.474,0.144,17.664,18.421,17.467
3.714,7.494,-0.001,0.931,-0.002,-0.000,0.364,-0.031,-0.035,17.132,-0.029,20.458,16.239,19.748,0.655,0.584,-0.008,0.121,-0.020,-0.104,1.304,1.049,18.497,1.005,17.731,18.447,17.526
3.721,7.500,-0.001,0.931,-0.001,0.000,0.364,-0.021,-0.026,17.317,-0.021,20.636,16.423,19.924,0.655,0.586,-0.006,0.127,-0.037,-0.093,0.495,0.551,18.462,0.489,17.828,18.442,17.632
3.727,7.505,-0.001,0.932,-0.001,0.000,0.364,-0.022,-0.026,17.502,-0.021,20.815,16.607,20.101,0.654,0.587,-0.003,0.129,-0.050,-0.081,-0.554,-0.308,18.405,-0.343,17.919,18.427,17.752
3.734,7.511,-0.001,0.932,0.000,0.000,0.363,-0.029,-0.030,17.685,-0.026,20.994,16.792,20.279,0.656,0.587,-0.000,0.125,-0.056,-0.081,-0.689,-0.526,18.356,-0.615,17.979,18.427,17.851
3.740,7.517,-0.001,0.932,0.001,-0.000,0.363,-0.033,-0.034,17.869,-0.031,21.174,16.976,20.458,0.658,0.586,0.002,0.119,-0.056,-0.090,-0.146,-0.169,18.312,-0.228,18.015,18.438,17.927
3.747,7.523,-0.001,0.932,0.001,-0.000,0.362,-0.032,-0.033,18.052,-0.031,21.354,17.160,20.637,0.659,0.585,0.005,0.113,-0.049,-0.097,0.355,0.257,18.260,0.208,18.044,18.441,17.997
3.754,7.529,-0.001,0.932,0.002,-0.000,0.362,-0.028,-0.030,18.234,-0.028,21.535,17.345,20.817,0.660,0.585,0.007,0.105,-0.036,-0.096,0.330,0.291,18.197,0.245,18.074,18.422,18.072
3.760,7.535,-0.001,0.932,0.003,-0.000,0.361,-0.026,-0.028,18.416,-0.026,21.716,17.529,20.999,0.661,0.586,0.008,0.095,-0.019,-0.091,0.063,0.106,18.133,0.082,18.106,18.384,18.146
3.767,7.541,-0.001,0.933,0.003,0.000,0.361,-0.027,-0.028,18.597,-0.026,21.897,17.712,21.180,0.662,0.586,0.009,0.082,0.001,-0.088,-0.107,-0.027,18.080,-0.048,18.136,18.338,18.208
3.773,7.546,-0.001,0.933,0.003,0.000,0.361,-0.028,-0.028,18.777,-0.027,22.079,17.895,21.363,0.664,0.587,0.008,0.066,0.020,-0.087,-0.099,-0.039,18.045,-0.075,18.167,18.290,18.253
3.780,7.552,-0.001,0.933,0.004,0.001,0.360,-0.028,-0.029,18.958,-0.028,22.260,18.078,21.545,0.665,0.587,0.007,0.048,0.036,-0.087,-0.038,-0.015,18.030,-0.040,18.199,18.243,18.286
3.787,7.558,-0.000,0.933,0.004,0.001,0.360,-0.029,-0.029,19.138,-0.028,22.443,18.260,21.728,0.667,0.587,0.004,0.028,0.048,-0.087,-0.002,-0.003,18.036,-0.019,18.234,18.198,18.310
3.793,7.564,-0.000,0.933,0.004,0.001,0.359,-0.029,-0.029,19.318,-0.028,22.625,18.442,21.912,0.669,0.587,0.002,0.006,0.054,-0.087,0.011,0.003,18.061,-0.010,18.272,18.160,18.327
3.800,7.570,-0.000,0.933,0.004,0.001,0.359,-0.028,-0.029,19.499,-0.028,22.808,18.624,22.095,0.670,0.588,-0.001,-0.018,0.054,-0.086,0.012,0.006,18.105,-0.007,18.309,18.133,18.340
3.807,7.576,-0.000,0.933,0.003,0.002,0.359,-0.028,-0.029,19.680,-0.028,22.991,18.805,22.278,0.671,0.588,-0.003,-0.044,0.047,-0.085,0.008,0.007,18.164,-0.006,18.341,18.120,18.349
3.813,7.582,-0.000,0.934,0.003,0.002,0.358,-0.028,-0.029,19.862,-0.028,23.175,18.986,22.462,0.673,0.588,-0.005,-0.070,0.035,-0.085,0.003,0.008,18.235,-0.005,18.366,18.124,18.356
3.820,7.588,-0.001,0.934,0.003,0.002,0.358,-0.028,-0.028,20.045,-0.028,23.359,19.167,22.645,0.674,0.588,-0.006,-0.095,0.020,-0.084,0.001,0.008,18.314,-0.005,18.379,18.147,18.360
3.827,7.593,-0.001,0.934,0.002,0.001,0.357,-0.028,-0.028,20.229,-0.028,23.542,19.349,22.829,0.675,0.588,-0.006,-0.118,0.002,-0.083,0.000,0.009,18.397,-0.004,18.377,18.189,18.361
3.834,7.599,-0.001,0.934,0.001,0.001,0.357,-0.028,-0.028,20.413,-0.028,23.726,19.531,23.013,0.676,0.588,-0.005,-0.136,-0.016,-0.082,-0.000,0.009,18.479,-0.004,18.358,18.249,18.357
3.840,7.605,-0.001,0.934,0.001,0.001,0.357,-0.028,-0.028,20.598,-0.028,23.909,19.714,23.196,0.676,0.587,-0.004,-0.150,-0.032,-0.081,0.000,0.009,18.556,-0.003,18.322,18.323,18.346
3.847,7.611,-0.001,0.934,0.000,0.000,0.356,-0.028,-0.028,20.784,-0.028,24.092,19.898,23.380,0.677,0.587,-0.001,-0.157,-0.042,-0.080,0.000,0.008,18.625,-0.003,18.271,18.408,18.327
3.854,7.617,-0.001,0.935,-0.001,-0.000,0.356,-0.028,-0.028,20.971,-0.028,24.275,20.082,23.563,0.678,0.587,0.001,-0.159,-0.046,-0.079,0.000,0.008,18.683,-0.003,18.207,18.498,18.298
3.861,7.623,-0.001,0.935,-0.001,-0.001,0.356,-0.028,-0.028,21.158,-0.028,24.457,20.268,23.745,0.679,0.587,0.003,-0.153,-0.043,-0.079,0.000,0.007,18.730,-0.003,18.136,18.588,18.259
3.868,7.629,-0.001,0.935,-0.002,-0.001,0.355,-0.028,-0.028,21.345,-0.028,24.638,20.454,23.928,0.679,0.587,0.005,-0.141,-0.034,-0.079,0.000,0.006,18.768,-0.003,18.062,18.674,18.211
3.874,7.634,-0.001,0.935,-0.002,-0.001,0.355,-0.028,-0.028,21.533,-0.028,24.818,20.641,24.110,0.680,0.586,0.006,-0.123,-0.020,-0.079,0.000,0.005,18.798,-0.002,17.994,18.751,18.155
3.881,7.640,-0.001,0.935,-0.003,-0.002,0.354,-0.028,-0.028,21.721,-0.028,24.997,20.829,24.291,0.681,0.586,0.006,-0.100,-0.004,-0.080,0.000,0.003,18.823,-0.002,17.935,18.815,18.095
3.888,7.646,-0.001,0.935,-0.003,-0.002,0.354,-0.028,-0.028,21.910,-0.028,25.177,21.017,24.472,0.682,0.586,0.005,-0.072,0.013,-0.080,0.000,0.002,18.846,-0.001,17.892,18.865,18.035
3.895,7.652,-0.000,0.935,-0.004,-0.002,0.354,-0.028,-0.028,22.098,-0.029,25.355,21.206,24.652,0.682,0.586,0.004,-0.043,0.028,-0.081,0.000,0.001,18.869,0.000,17.869,18.902,17.979
3.902,7.658,-0.000,0.936,-0.004,-0.002,0.353,-0.028,-0.028,22.287,-0.028,25.534,21.395,24.831,0.683,0.585,0.001,-0.012,0.039,-0.082,-0.000,-0.001,18.894,0.001,17.866,18.925,17.933
3.908,7.664,-0.000,0.936,-0.004,-0.002,0.353,-0.028,-0.028,22.476,-0.028,25.713,21.585,25.010,0.684,0.585,-0.001,0.019,0.045,-0.083,-0.000,-0.002,18.919,0.002,17.885,18.938,17.900
3.915,7.670,-0.000,0.936,-0.004,-0.001,0.353,-0.028,-0.028,22.665,-0.028,25.892,21.774,25.189,0.685,0.585,-0.004,0.048,0.044,-0.084,-0.000,-0.003,18.943,0.002,17.923,18.942,17.883
3.922,7.675,-0.001,0.936,-0.004,-0.001,0.352,-0.028,-0.028,22.855,-0.028,26.071,21.964,25.368,0.686,0.585,-0.006,0.074,0.038,-0.086,-0.001,-0.004,18.963,0.002,17.978,18.942,17.885
3.929,7.681,-0.001,0.936,-0.003,-0.001,0.352,-0.028,-0.028,23.045,-0.028,26.251,22.153,25.547,0.687,0.584,-0.008,0.097,0.025,-0.087,-0.001,-0.005,18.976,0.002,18.046,18.938,17.906
3.936,7.687,-0.001,0.936,-0.003,-0.000,0.351,-0.028,-0.028,23.234,-0.028,26.432,22.342,25.726,0.688,0.584,-0.009,0.114,0.008,-0.088,-0.001,-0.006,18.978,0.001,18.121,18.934,17.946
3.943,7.693,-0.001,0.936,-0.002,-0.000,0.351,-0.028,-0.028,23.424,-0.028,26.614,22.532,25.906,0.688,0.583,-0.008,0.127,-0.011,-0.088,-0.001,-0.007,18.966,0.001,18.198,18.929,18.002
3.950,7.699,-0.001,0.937,-0.002,-0.000,0.350,-0.028,-0.028,23.614,-0.028,26.796,22.721,26.086,0.689,0.583,-0.007,0.135,-0.030,-0.089,-0.001,-0.007,18.937,-0.000,18.272,18.923,18.072
3.957,7.705,-0.001,0.937,-0.001,0.000,0.350,-0.028,-0.028,23.803,-0.028,26.979,22.910,26.267,0.689,0.582,-0.004,0.139,-0.045,-0.090,-0.001,-0.007,18.892,-0.001,18.337,18.915,18.152
3.963,7.710,-0.001,0.937,-0.000,0.000,0.350,-0.028,-0.028,23.991,-0.028,27.163,23.099,26.449,0.690,0.582,-0.002,0.138,-0.054,-0.091,-0.001,-0.006,18.831,-0.001,18.391,18.902,18.236
3.970,7.716,-0.001,0.937,0.001,-0.000,0.349,-0.028,-0.028,24.179,-0.028,27.347,23.288,26.632,0.691,0.581,0.001,0.135,-0.056,-0.091,-0.001,-0.006,18.758,-0.001,18.434,18.882,18.320
3.977,7.722,-0.001,0.937,0.001,-0.000,0.349,-0.028,-0.028,24.367,-0.028,27.532,23.477,26.816,0.691,0.580,0.004,0.128,-0.050,-0.091,-0.001,-0.005,18.678,-0.001,18.465,18.854,18.399
3.984,7.728,-0.001,0.937,0.002,-0.000,0.348,-0.028,-0.028,24.553,-0.028,27.716,23.665,27.000,0.692,0.580,0.006,0.117,-0.038,-0.092,-0.001,-0.005,18.598,-0.002,18.488,18.816,18.470
3.991,7.734,-0.001,0.938,0.003,0.000,0.348,-0.028,-0.028,24.739,-0.028,27.901,23.853,27.185,0.693,0.579,0.008,0.103,-0.020,-0.092,-0.001,-0.004,18.523,-0.002,18.505,18.767,18.530
3.998,7.739,-0.001,0.938,0.003,0.000,0.347,-0.028,-0.028,24.923,-0.028,28.086,24.040,27.371,0.694,0.579,0.008,0.086,-0.000,-0.092,-0.001,-0.003,18.460,-0.002,18.521,18.711,18.578
4.005,7.745,-0.001,0.938,0.003,0.000,0.347,-0.028,-0.028,25.108,-0.028,28.272,24.227,27.557,0.695,0.579,0.008,0.067,0.020,-0.091,-0.000,-0.002,18.414,-0.002,18.539,18.649,18.613
4.012,7.751,-0.001,0.938,0.004,0.001,0.347,-0.028,-0.028,25.292,-0.029,28.457,24.413,27.743,0.696,0.578,0.006,0.046,0.037,-0.091,-0.000,-0.001,18.387,-0.003,18.559,18.587,18.637
4.019,7.757,-0.000,0.938,0.004,0.001,0.346,-0.028,-0.028,25.476,-0.029,28.643,24.599,27.929,0.697,0.578,0.004,0.023,0.050,-0.090,0.000,0.001,18.382,-0.003,18.583,18.528,18.650
4.026,7.763,-0.000,0.938,0.004,0.001,0.346,-0.028,-0.028,25.660,-0.029,28.829,24.784,28.116,0.698,0.578,0.001,-0.001,0.056,-0.089,0.000,0.002,18.399,-0.003,18.610,18.478,18.657
4.033,7.768,-0.000,0.938,0.004,0.001,0.345,-0.028,-0.028,25.844,-0.029,29.015,24.969,28.302,0.699,0.578,-0.002,-0.026,0.055,-0.088,0.001,0.004,18.436,-0.003,18.636,18.440,18.657
4.040,7.774,-0.000,0.939,0.003,0.002,0.345,-0.028,-0.028,26.028,-0.029,29.202,25.153,28.489,0.700,0.578,-0.004,-0.051,0.048,-0.087,0.001,0.005,18.489,-0.003,18.659,18.420,18.655
4.047,7.780,-0.001,0.939,0.003,0.002,0.345,-0.028,-0.028,26.214,-0.029,29.388,25.337,28.676,0.701,0.577,-0.006,-0.076,0.035,-0.086,0.001,0.006,18.554,-0.003,18.675,18.418,18.650
4.054,7.786,-0.001,0.939,0.002,0.002,0.344,-0.028,-0.028,26.399,-0.029,29.575,25.521,28.862,0.701,0.577,-0.007,-0.099,0.018,-0.085,0.001,0.007,18.628,-0.002,18.679,18.437,18.643
4.061,7.791,-0.001,0.939,0.002,0.001,0.344,-0.028,-0.028,26.586,-0.029,29.762,25.706,29.048,0.702,0.576,-0.007,-0.119,-0.002,-0.084,0.001,0.008,18.704,-0.002,18.669,18.476,18.634
4.068,7.797,-0.001,0.939,0.001,0.001,0.343,-0.028,-0.028,26.774,-0.029,29.948,25.891,29.235,0.703,0.576,-0.006,-0.134,-0.022,-0.083,0.001,0.008,18.778,-0.002,18.641,18.532,18.622
4.075,7.803,-0.001,0.939,0.001,0.001,0.343,-0.028,-0.028,26.962,-0.029,30.135,26.077,29.421,0.703,0.575,-0.004,-0.145,-0.038,-0.082,0.001,0.008,18.845,-0.002,18.596,18.603,18.605
4.082,7.809,-0.001,0.939,0.000,0.000,0.343,-0.028,-0.028,27.150,-0.029,30.320,26.263,29.607,0.703,0.575,-0.001,-0.152,-0.048,-0.082,0.000,0.007,18.902,-0.002,18.535,18.683,18.580
4.089,7.814,-0.001,0.940,-0.001,-0.000,0.342,-0.028,-0.028,27.340,-0.029,30.505,26.450,29.792,0.704,0.574,0.001,-0.152,-0.052,-0.081,0.000,0.007,18.947,-0.002,18.460,18.768,18.546
4.096,7.820,-0.001,0.940,-0.001,-0.001,0.342,-0.028,-0.028,27.529,-0.029,30.689,26.638,29.978,0.704,0.574,0.004,-0.148,-0.047,-0.081,0.000,0.006,18.981,-0.002,18.378,18.851,18.502
4.103,7.826,-0.001,0.940,-0.002,-0.001,0.341,-0.028,-0.028,27.719,-0.029,30.873,26.827,30.162,0.705,0.573,0.006,-0.137,-0.037,-0.081,0.000,0.005,19.005,-0.002,18.293,18.928,18.448
4.110,7.832,-0.001,0.940,-0.002,-0.001,0.341,-0.028,-0.028,27.909,-0.029,31.055,27.017,30.347,0.705,0.573,0.007,-0.120,-0.021,-0.081,0.000,0.004,19.024,-0.001,18.214,18.996,18.387
4.117,7.837,-0.001,0.940,-0.003,-0.002,0.341,-0.028,-0.028,28.100,-0.029,31.237,27.207,30.530,0.706,0.572,0.007,-0.099,-0.003,-0.081,0.000,0.002,19.039,-0.001,18.146,19.050,18.320
4.124,7.843,-0.001,0.940,-0.003,-0.002,0.340,-0.028,-0.028,28.290,-0.029,31.418,27.398,30.713,0.706,0.572,0.006,-0.073,0.015,-0.082,0.000,0.001,19.055,0.000,18.094,19.091,18.253
4.131,7.849,-0.000,0.940,-0.004,-0.002,0.340,-0.028,-0.028,28.481,-0.029,31.599,27.589,30.895,0.707,0.572,0.005,-0.045,0.031,-0.083,0.000,-0.000,19.073,0.001,18.062,19.119,18.190
4.138,7.855,-0.000,0.941,-0.004,-0.002,0.340,-0.028,-0.028,28.672,-0.029,31.780,27.780,31.077,0.708,0.571,0.002,-0.016,0.042,-0.084,0.000,-0.002,19.093,0.002,18.052,19.135,18.135
4.145,7.860,-0.000,0.941,-0.004,-0.001,0.339,-0.028,-0.028,28.863,-0.029,31.960,27.972,31.258,0.708,0.571,-0.001,0.015,0.047,-0.085,-0.000,-0.003,19.114,0.003,18.065,19.141,18.094
4.153,7.866,-0.000,0.941,-0.004,-0.001,0.339,-0.028,-0.028,29.054,-0.029,32.141,28.163,31.439,0.709,0.570,-0.003,0.044,0.045,-0.086,-0.000,-0.004,19.133,0.004,18.097,19.140,18.069
4.160,7.872,-0.000,0.941,-0.004,-0.001,0.338,-0.028,-0.028,29.245,-0.029,32.322,28.354,31.619,0.710,0.570,-0.006,0.073,0.037,-0.087,-0.001,-0.005,19.148,0.004,18.147,19.134,18.063
4.167,7.877,-0.001,0.941,-0.003,-0.001,0.338,-0.028,-0.028,29.437,-0.029,32.504,28.546,31.800,0.711,0.569,-0.007,0.097,0.024,-0.088,-0.001,-0.006,19.154,0.003,18.210,19.126,18.078
4.174,7.883,-0.001,0.941,-0.003,-0.000,0.337,-0.028,-0.028,29.628,-0.029,32.686,28.737,31.981,0.711,0.569,-0.008,0.118,0.006,-0.089,-0.001,-0.007,19.148,0.003,18.281,19.117,18.112
4.181,7.889,-0.001,0.941,-0.002,-0.000,0.337,-0.028,-0.028,29.820,-0.029,32.870,28.928,32.162,0.712,0.568,-0.007,0.134,-0.013,-0.090,-0.001,-0.007,19.125,0.002,18.354,19.106,18.163
4.188,7.894,-0.001,0.942,-0.001,-0.000,0.337,-0.028,-0.028,30.011,-0.029,33.053,29.119,32.344,0.712,0.567,-0.006,0.144,-0.031,-0.091,-0.001,-0.007,19.086,0.001,18.424,19.094,18.230
4.195,7.900,-0.001,0.942,-0.001,-0.000,0.336,-0.028,-0.028,30.201,-0.029,33.238,29.310,32.527,0.713,0.567,-0.004,0.149,-0.045,-0.091,-0.001,-0.007,19.029,0.000,18.487,19.077,18.306
4.202,7.906,-0.001,0.942,0.000,0.000,0.336,-0.022,-0.023,30.391,-0.024,33.423,29.500,32.711,0.713,0.566,-0.001,0.150,-0.053,-0.090,1.059,0.786,18.951,0.834,18.554,19.054,18.396
4.209,7.911,-0.001,0.942,0.001,0.000,0.335,-0.013,-0.016,30.580,-0.016,33.609,29.691,32.895,0.712,0.568,0.002,0.146,-0.053,-0.076,0.557,0.530,18.846,0.559,18.624,19.000,18.511
4.217,7.917,-0.001,0.942,0.002,0.000,0.335,-0.012,-0.014,30.768,-0.014,33.796,29.880,33.081,0.711,0.569,0.004,0.137,-0.045,-0.062,-0.278,-0.121,18.736,-0.115,18.683,18.931,18.625
4.224,7.923,-0.001,0.942,0.002,0.000,0.335,-0.017,-0.018,30.955,-0.017,33.983,30.069,33.267,0.711,0.569,0.006,0.121,-0.031,-0.057,-0.592,-0.451,18.645,-0.456,18.716,18.868,18.712
4.231,7.929,-0.001,0.942,0.003,0.000,0.335,-0.021,-0.021,31.141,-0.021,34.170,30.258,33.455,0.713,0.568,0.007,0.101,-0.012,-0.062,-0.203,-0.209,18.575,-0.212,18.734,18.817,18.766
4.238,7.934,-0.001,0.942,0.003,0.000,0.334,-0.021,-0.022,31.327,-0.021,34.357,30.446,33.643,0.714,0.567,0.007,0.079,0.008,-0.067,0.186,0.082,18.523,0.066,18.747,18.763,18.802
4.245,7.940,-0.001,0.943,0.004,0.000,0.334,-0.018,-0.020,31.512,-0.020,34.545,30.633,33.831,0.715,0.567,0.006,0.057,0.027,-0.067,0.227,0.176,18.485,0.165,18.765,18.700,18.832
4.252,7.946,-0.000,0.943,0.004,0.001,0.334,-0.017,-0.019,31.696,-0.019,34.733,30.820,34.019,0.715,0.567,0.005,0.033,0.043,-0.065,0.069,0.078,18.465,0.070,18.787,18.633,18.856
4.259,7.951,-0.000,0.943,0.004,0.001,0.333,-0.017,-0.018,31.881,-0.018,34.921,31.006,34.208,0.716,0.567,0.002,0.008,0.053,-0.062,-0.014,0.027,18.466,0.022,18.814,18.572,18.870
4.267,7.957,-0.000,0.943,0.004,0.001,0.333,-0.017,-0.018,32.066,-0.018,35.109,31.191,34.397,0.716,0.567,-0.001,-0.017,0.057,-0.059,-0.036,0.009,18.490,0.004,18.842,18.524,18.876
4.274,7.963,-0.000,0.943,0.003,0.001,0.333,-0.017,-0.018,32.251,-0.018,35.297,31.376,34.585,0.717,0.567,-0.004,-0.043,0.054,-0.057,-0.031,0.005,18.534,-0.001,18.868,18.493,18.874
4.281,7.968,-0.001,0.943,0.003,0.002,0.332,-0.018,-0.018,32.437,-0.018,35.486,31.561,34.774,0.718,0.567,-0.006,-0.067,0.044,-0.056,-0.018,0.005,18.594,-0.001,18.889,18.482,18.869
4.288,7.974,-0.001,0.943,0.003,0.002,0.332,-0.018,-0.018,32.623,-0.018,35.675,31.746,34.963,0.718,0.567,-0.007,-0.089,0.028,-0.055,-0.005,0.007,18.664,-0.000,18.901,18.492,18.862
4.295,7.980,-0.001,0.943,0.002,0.002,0.332,-0.018,-0.018,32.810,-0.018,35.864,31.931,35.151,0.719,0.566,-0.008,-0.108,0.008,-0.054,0.002,0.008,18.740,0.000,18.901,18.522,18.854
4.302,7.985,-0.001,0.943,0.002,0.001,0.332,-0.018,-0.018,32.998,-0.018,36.053,32.116,35.340,0.719,0.566,-0.007,-0.123,-0.013,-0.053,0.004,0.009,18.816,0.001,18.885,18.572,18.844
4.310,7.991,-0.001,0.943,0.001,0.001,0.331,-0.018,-0.018,33.186,-0.018,36.242,32.303,35.528,0.719,0.566,-0.006,-0.135,-0.032,-0.052,0.004,0.008,18.887,0.000,18.851,18.637,18.832
4.317,7.996,-0.001,0.944,0.000,0.001,0.331,-0.018,-0.018,33.375,-0.018,36.430,32.489,35.717,0.719,0.565,-0.003,-0.142,-0.047,-0.051,0.002,0.008,18.947,0.000,18.800,18.714,18.814
4.324,8.002,-0.001,0.944,-0.000,0.000,0.331,-0.018,-0.018,33.565,-0.018,36.618,32.677,35.905,0.719,0.565,-0.000,-0.146,-0.054,-0.050,0.001,0.007,18.995,-0.000,18.732,18.797,18.789
4.331,8.008,-0.001,0.944,-0.001,-0.000,0.331,-0.018,-0.018,33.755,-0.018,36.805,32.865,36.092,0.720,0.565,0.003,-0.145,-0.054,-0.050,0.000,0.006,19.031,-0.000,18.653,18.881,18.755
4.338,8.013,-0.001,0.944,-0.001,-0.001,0.331,-0.018,-0.017,33.946,-0.018,36.991,33.054,36.280,0.720,0.564,0.005,-0.139,-0.047,-0.049,-0.000,0.006,19.057,-0.000,18.567,18.962,18.710
4.346,8.019,-0.001,0.944,-0.002,-0.001,0.330,-0.018,-0.017,34.136,-0.018,37.176,33.244,36.466,0.720,0.564,0.007,-0.128,-0.033,-0.049,0.000,0.005,19.076,-0.000,18.482,19.034,18.656
4.353,8.025,-0.001,0.944,-0.002,-0.002,0.330,-0.018,-0.017,34.327,-0.018,37.361,33.435,36.653,0.721,0.564,0.008,-0.112,-0.015,-0.049,0.000,0.004,19.091,0.001,18.403,19.096,18.594
4.360,8.030,-0.001,0.944,-0.003,-0.002,0.330,-0.018,-0.017,34.518,-0.018,37.544,33.626,36.838,0.721,0.564,0.008,-0.091,0.004,-0.050,0.000,0.002,19.105,0.001,18.338,19.144,18.527
4.367,8.036,-0.001,0.944,-0.003,-0.002,0.330,-0.018,-0.017,34.709,-0.018,37.727,33.818,37.023,0.722,0.564,0.007,-0.066,0.022,-0.050,0.001,0.001,19.122,0.002,18.291,19.178,18.460
4.374,8.042,-0.000,0.944,-0.004,-0.002,0.329,-0.018,-0.017,34.901,-0.018,37.910,34.010,37.208,0.722,0.564,0.005,-0.039,0.036,-0.051,0.001,-0.000,19.141,0.003,18.265,19.200,18.398
4.382,8.047,-0.000,0.944,-0.004,-0.002,0.329,-0.018,-0.017,35.092,-0.018,38.093,34.202,37.391,0.723,0.564,0.002,-0.009,0.045,-0.052,0.001,-0.002,19.164,0.004,18.262,19.212,18.345
4.389,8.053,-0.000,0.944,-0.004,-0.001,0.329,-0.018,-0.017,35.284,-0.018,38.275,34.394,37.575,0.724,0.563,-0.001,0.021,0.047,-0.053,0.000,-0.003,19.186,0.005,18.281,19.216,18.307
4.396,8.059,-0.000,0.944,-0.004,-0.001,0.329,-0.018,-0.017,35.476,-0.018,38.458,34.586,37.757,0.724,0.563,-0.004,0.052,0.043,-0.054,0.000,-0.004,19.205,0.005,18.319,19.214,18.286
4.403,8.064,-0.000,0.945,-0.003,-0.001,0.328,-0.018,-0.017,35.668,-0.018,38.642,34.778,37.940,0.725,0.563,-0.006,0.081,0.032,-0.055,-0.000,-0.005,19.216,0.005,18.374,19.209,18.285
4.411,8.070,-0.001,0.945,-0.003,-0.001,0.328,-0.018,-0.017,35.860,-0.018,38.826,34.970,38.123,0.725,0.563,-0.007,0.107,0.017,-0.056,-0.000,-0.006,19.216,0.004,18.440,19.201,18.305
4.418,8.075,-0.001,0.945,-0.003,-0.000,0.328,-0.018,-0.018,36.052,-0.018,39.011,35.162,38.306,0.726,0.562,-0.008,0.128,-0.002,-0.057,-0.001,-0.006,19.201,0.003,18.513,19.191,18.344
4.425,8.081,-0.001,0.945,-0.002,-0.000,0.328,-0.018,-0.018,36.244,-0.018,39.196,35.354,38.490,0.726,0.562,-0.007,0.144,-0.020,-0.058,-0.001,-0.007,19.168,0.002,18.587,19.178,18.402
4.432,8.087,-0.001,0.945,-0.001,-0.000,0.327,-0.018,-0.018,36.435,-0.018,39.382,35.546,38.675,0.726,0.561,-0.005,0.153,-0.037,-0.059,-0.001,-0.006,19.118,0.002,18.656,19.162,18.473
4.440,8.092,-0.001,0.945,-0.000,-0.000,0.327,-0.018,-0.018,36.626,-0.018,39.569,35.737,38.860,0.727,0.561,-0.003,0.157,-0.047,-0.060,-0.001,-0.006,19.051,0.001,18.718,19.139,18.553
4.447,8.098,-0.001,0.945,0.000,0.000,0.327,-0.018,-0.018,36.816,-0.018,39.757,35.929,39.046,0.727,0.560,0.000,0.154,-0.051,-0.061,-0.001,-0.006,18.972,0.000,18.768,19.108,18.637
4.454,8.103,-0.001,0.945,0.001,0.000,0.326,-0.018,-0.018,37.006,-0.018,39.945,36.119,39.232,0.727,0.560,0.003,0.146,-0.047,-0.061,-0.001,-0.005,18.885,-0.000,18.807,19.066,18.719
4.462,8.109,-0.001,0.945,0.002,0.000,0.326,-0.018,-0.018,37.194,-0.018,40.133,36.310,39.420,0.727,0.559,0.005,0.133,-0.036,-0.061,-0.001,-0.005,18.798,-0.000,18.836,19.015,18.795
4.469,8.115,-0.001,0.945,0.003,0.000,0.326,-0.018,-0.018,37.382,-0.018,40.321,36.500,39.608,0.728,0.558,0.007,0.114,-0.019,-0.061,-0.000,-0.004,18.717,-0.000,18.857,18.953,18.859
4.476,8.120,-0.001,0.946,0.003,0.000,0.326,-0.018,-0.018,37.569,-0.018,40.510,36.689,39.797,0.728,0.558,0.007,0.092,0.000,-0.061,-0.000,-0.003,18.648,-0.000,18.874,18.885,18.911
4.483,8.126,-0.001,0.946,0.004,0.000,0.325,-0.018,-0.018,37.755,-0.018,40.699,36.877,39.986,0.729,0.558,0.006,0.067,0.020,-0.061,-0.000,-0.002,18.598,-0.001,18.890,18.813,18.948
4.491,8.131,-0.001,0.946,0.004,0.001,0.325,-0.018,-0.018,37.941,-0.018,40.888,37.065,40.176,0.729,0.557,0.005,0.041,0.037,-0.060,0.000,-0.000,18.568,-0.001,18.906,18.743,18.971
4.498,8.137,-0.000,0.946,0.004,0.001,0.325,-0.018,-0.018,38.126,-0.018,41.077,37.252,40.366,0.730,0.557,0.003,0.014,0.050,-0.059,0.000,0.001,18.562,-0.001,18.925,18.679,18.982
4.505,8.143,-0.000,0.946,0.004,0.001,0.324,-0.018,-0.018,38.312,-0.018,41.266,37.439,40.556,0.730,0.557,-0.000,-0.012,0.056,-0.058,0.001,0.003,18.579,-0.001,18.946,18.627,18.983
4.513,8.148,-0.000,0.946,0.003,0.001,0.324,-0.018,-0.018,38.498,-0.018,41.456,37.625,40.745,0.731,0.557,-0.003,-0.038,0.055,-0.057,0.001,0.004,18.616,-0.001,18.967,18.590,18.978
4.520,8.154,-0.001,0.946,0.003,0.002,0.324,-0.018,-0.018,38.684,-0.018,41.646,37.811,40.935,0.731,0.556,-0.006,-0.062,0.048,-0.056,0.001,0.006,18.670,-0.001,18.985,18.571,18.968
4.527,8.159,-0.001,0.946,0.003,0.002,0.324,-0.018,-0.018,38.871,-0.018,41.835,37.996,41.125,0.732,0.556,-0.008,-0.084,0.034,-0.054,0.001,0.007,18.736,-0.001,18.997,18.573,18.957
4.534,8.165,-0.001,0.946,0.002,0.002,0.323,-0.018,-0.018,39.059,-0.018,42.025,38.182,41.314,0.732,0.556,-0.008,-0.102,0.015,-0.053,0.001,0.008,18.810,-0.001,18.999,18.596,18.945
4.542,8.170,-0.001,0.946,0.002,0.001,0.323,-0.018,-0.018,39.248,-0.018,42.215,38.368,41.504,0.732,0.555,-0.008,-0.117,-0.006,-0.052,0.001,0.008,18.884,-0.001,18.987,18.639,18.932
4.549,8.176,-0.001,0.946,0.001,0.001,0.323,-0.018,-0.018,39.437,-0.018,42.405,38.555,41.693,0.732,0.555,-0.007,-0.128,-0.027,-0.051,0.001,0.008,18.954,-0.001,18.958,18.698,18.919
4.556,8.181,-0.001,0.947,0.001,0.001,0.323,-0.018,-0.018,39.627,-0.018,42.595,38.742,41.882,0.732,0.554,-0.004,-0.135,-0.044,-0.051,0.000,0.007,19.014,-0.001,18.911,18.770,18.902
4.564,8.187,-0.001,0.947,0.000,0.000,0.322,-0.018,-0.017,39.817,-0.018,42.783,38.930,42.071,0.732,0.554,-0.001,-0.140,-0.055,-0.050,0.000,0.007,19.062,-0.001,18.847,18.850,18.880
4.571,8.193,-0.001,0.947,-0.001,-0.000,0.322,-0.018,-0.017,40.008,-0.018,42.971,39.119,42.260,0.732,0.553,0.002,-0.141,-0.058,-0.049,0.000,0.006,19.097,-0.002,18.770,18.932,18.849
4.578,8.198,-0.001,0.947,-0.001,-0.001,0.322,-0.018,-0.017,40.199,-0.018,43.159,39.309,42.448,0.733,0.553,0.005,-0.138,-0.052,-0.049,0.000,0.005,19.121,-0.002,18.683,19.011,18.809
4.586,8.204,-0.001,0.947,-0.002,-0.001,0.322,-0.018,-0.017,40.390,-0.018,43.345,39.500,42.636,0.733,0.553,0.007,-0.130,-0.040,-0.049,0.000,0.004,19.138,-0.001,18.593,19.084,18.759
4.593,8.209,-0.001,0.947,-0.002,-0.001,0.321,-0.018,-0.017,40.582,-0.018,43.531,39.691,42.823,0.733,0.552,0.008,-0.117,-0.023,-0.049,0.000,0.003,19.149,-0.001,18.508,19.146,18.699
4.600,8.215,-0.001,0.947,-0.003,-0.002,0.321,-0.018,-0.017,40.773,-0.018,43.715,39.882,43.010,0.733,0.552,0.009,-0.100,-0.004,-0.049,0.000,0.002,19.161,-0.000,18.433,19.196,18.633
4.608,8.220,-0.001,0.947,-0.003,-0.002,0.321,-0.018,-0.017,40.965,-0.018,43.899,40.075,43.196,0.734,0.552,0.008,-0.078,0.015,-0.050,0.000,0.001,19.174,0.001,18.375,19.233,18.563
4.615,8.226,-0.000,0.947,-0.003,-0.002,0.321,-0.018,-0.017,41.157,-0.018,44.083,40.267,43.381,0.735,0.552,0.006,-0.053,0.031,-0.051,0.000,-0.000,19.191,0.002,18.336,19.257,18.496
4.622,8.231,-0.000,0.947,-0.004,-0.002,0.320,-0.018,-0.017,41.349,-0.018,44.266,40.460,43.566,0.735,0.552,0.004,-0.025,0.042,-0.052,0.000,-0.002,19.211,0.003,18.320,19.271,18.436
4.630,8.237,-0.000,0.947,-0.004,-0.001,0.320,-0.018,-0.017,41.541,-0.018,44.449,40.652,43.750,0.736,0.552,0.001,0.004,0.047,-0.053,0.000,-0.003,19.233,0.004,18.326,19.277,18.388
4.637,8.242,-0.000,0.947,-0.004,-0.001,0.320,-0.018,-0.017,41.733,-0.018,44.633,40.845,43.933,0.737,0.552,-0.002,0.035,0.045,-0.054,-0.000,-0.004,19.253,0.004,18.354,19.277,18.356
4.645,8.248,-0.000,0.948,-0.004,-0.001,0.320,-0.018,-0.017,41.926,-0.018,44.816,41.038,44.117,0.737,0.552,-0.004,0.066,0.037,-0.055,-0.000,-0.005,19.266,0.004,18.399,19.272,18.342
4.652,8.253,-0.000,0.948,-0.003,-0.001,0.319,-0.018,-0.017,42.119,-0.018,45.001,41.231,44.300,0.738,0.551,-0.006,0.095,0.023,-0.056,-0.000,-0.006,19.269,0.004,18.458,19.264,18.349
4.659,8.259,-0.001,0.948,-0.003,-0.000,0.319,-0.018,-0.017,42.311,-0.018,45.186,41.423,44.484,0.738,0.551,-0.007,0.121,0.006,-0.057,-0.001,-0.007,19.257,0.003,18.526,19.254,18.378
4.667,8.264,-0.001,0.948,-0.002,-0.000,0.319,-0.018,-0.018,42.504,-0.018,45.371,41.616,44.668,0.738,0.550,-0.007,0.141,-0.012,-0.058,-0.001,-0.007,19.228,0.002,18.598,19.241,18.425
4.674,8.270,-0.001,0.948,-0.001,-0.000,0.319,-0.018,-0.018,42.696,-0.018,45.558,41.808,44.853,0.739,0.550,-0.006,0.155,-0.029,-0.059,-0.001,-0.007,19.181,0.002,18.669,19.223,18.489
4.681,8.275,-0.001,0.948,-0.001,-0.000,0.318,-0.018,-0.018,42.887,-0.018,45.745,42.000,45.038,0.739,0.549,-0.004,0.162,-0.041,-0.060,-0.001,-0.007,19.117,0.001,18.735,19.199,18.565
4.689,8.281,-0.001,0.948,0.000,0.000,0.318,-0.018,-0.018,43.078,-0.018,45.932,42.192,45.224,0.739,0.549,-0.001,0.162,-0.048,-0.061,-0.001,-0.006,19.039,0.000,18.791,19.167,18.647
4.696,8.286,-0.001,0.948,0.001,0.000,0.318,-0.018,-0.018,43.268,-0.018,46.120,42.383,45.411,0.739,0.548,0.002,0.156,-0.046,-0.061,-0.001,-0.006,18.953,-0.000,18.836,19.124,18.729
4.704,8.292,-0.001,0.948,0.002,0.000,0.317,-0.018,-0.018,43.457,-0.018,46.309,42.574,45.598,0.739,0.547,0.004,0.143,-0.037,-0.061,-0.001,-0.005,18.864,-0.001,18.871,19.071,18.808
4.711,8.297,-0.001,0.948,0.002,0.000,0.317,-0.018,-0.018,43.645,-0.018,46.498,42.765,45.787,0.740,0.547,0.006,0.124,-0.023,-0.061,-0.001,-0.004,18.780,-0.001,18.896,19.007,18.877
4.718,8.303,-0.001,0.948,0.003,0.000,0.317,-0.018,-0.018,43.833,-0.018,46.687,42.955,45.976,0.740,0.546,0.006,0.101,-0.005,-0.061,-0.000,-0.003,18.707,-0.001,18.916,18.937,18.933
4.726,8.308,-0.001,0.949,0.003,0.000,0.317,-0.018,-0.018,44.019,-0.018,46.876,43.144,46.165,0.740,0.546,0.006,0.075,0.015,-0.061,-0.000,-0.002,18.650,-0.001,18.931,18.862,18.975
4.733,8.314,-0.001,0.949,0.004,0.001,0.316,-0.018,-0.018,44.206,-0.018,47.065,43.332,46.355,0.741,0.545,0.005,0.047,0.032,-0.060,0.000,-0.001,18.615,-0.001,18.947,18.789,19.002
4.741,8.319,-0.000,0.949,0.004,0.001,0.316,-0.018,-0.018,44.392,-0.018,47.255,43.519,46.545,0.741,0.545,0.003,0.018,0.046,-0.059,0.000,0.001,18.602,-0.001,18.963,18.722,19.016
4.748,8.324,-0.000,0.949,0.004,0.001,0.316,-0.018,-0.018,44.578,-0.018,47.445,43.706,46.736,0.742,0.545,0.000,-0.009,0.054,-0.058,0.001,0.002,18.613,-0.001,18.982,18.666,19.018
4.755,8.330,-0.000,0.949,0.004,0.001,0.316,-0.018,-0.018,44.764,-0.018,47.635,43.893,46.926,0.742,0.544,-0.003,-0.036,0.055,-0.057,0.001,0.004,18.645,-0.001,19.000,18.625,19.013
4.763,8.335,-0.001,0.949,0.003,0.002,0.315,-0.018,-0.018,44.951,-0.018,47.825,44.079,47.116,0.742,0.544,-0.006,-0.060,0.050,-0.056,0.001,0.006,18.695,-0.001,19.017,18.602,19.002
4.770,8.341,-0.001,0.949,0.003,0.002,0.315,-0.018,-0.018,45.138,-0.018,48.015,44.265,47.306,0.743,0.544,-0.008,-0.082,0.037,-0.055,0.001,0.007,18.759,-0.001,19.030,18.600,18.988
4.778,8.346,-0.001,0.949,0.002,0.002,0.315,-0.018,-0.018,45.326,-0.018,48.205,44.451,47.496,0.743,0.543,-0.009,-0.099,0.020,-0.053,0.001,0.007,18.830,-0.001,19.034,18.619,18.974
4.785,8.352,-0.001,0.949,0.002,0.001,0.314,-0.018,-0.018,45.515,-0.018,48.396,44.637,47.685,0.743,0.543,-0.009,-0.112,-0.002,-0.052,0.001,0.008,18.904,-0.001,19.025,18.658,18.961
4.793,8.357,-0.001,0.949,0.001,0.001,0.314,-0.018,-0.018,45.704,-0.018,48.586,44.824,47.875,0.743,0.542,-0.007,-0.122,-0.023,-0.051,0.001,0.008,18.973,-0.001,19.001,18.714,18.947
4.800,8.362,-0.001,0.949,0.001,0.001,0.314,-0.018,-0.018,45.894,-0.018,48.776,45.012,48.064,0.743,0.542,-0.005,-0.129,-0.042,-0.051,0.000,0.007,19.034,-0.002,18.960,18.783,18.932
4.807,8.368,-0.001,0.950,0.000,0.000,0.314,-0.018,-0.017,46.085,-0.018,48.965,45.200,48.254,0.743,0.541,-0.002,-0.133,-0.054,-0.050,0.000,0.007,19.082,-0.002,18.901,18.861,18.912
4.815,8.373,-0.001,0.950,-0.000,-0.000,0.314,-0.018,-0.017,46.276,-0.018,49.154,45.389,48.443,0.743,0.541,0.001,-0.135,-0.059,-0.049,0.000,0.006,19.117,-0.002,18.827,18.941,18.886
4.822,8.379,-0.001,0.950,-0.001,-0.001,0.313,-0.018,-0.017,46.467,-0.018,49.341,45.579,48.631,0.743,0.540,0.004,-0.134,-0.056,-0.049,-0.000,0.005,19.140,-0.002,18.742,19.020,18.851
4.830,8.384,-0.001,0.950,-0.001,-0.001,0.313,-0.018,-0.017,46.659,-0.018,49.528,45.769,48.819,0.743,0.540,0.007,-0.128,-0.046,-0.049,-0.000,0.004,19.155,-0.002,18.652,19.093,18.806
4.837,8.389,-0.001,0.950,-0.002,-0.001,0.313,-0.018,-0.017,46.850,-0.018,49.714,45.961,49.007,0.743,0.539,0.008,-0.118,-0.030,-0.049,-0.000,0.003,19.165,-0.002,18.564,19.156,18.751
4.845,8.395,-0.001,0.950,-0.002,-0.002,0.313,-0.018,-0.017,47.042,-0.018,49.900,46.152,49.194,0.744,0.539,0.009,-0.105,-0.011,-0.049,0.000,0.002,19.174,-0.001,18.484,19.207,18.688
4.852,8.400,-0.001,0.950,-0.003,-0.002,0.312,-0.018,-0.017,47.234,-0.018,50.084,46.345,49.381,0.744,0.539,0.009,-0.086,0.009,-0.050,0.000,0.001,19.186,-0.000,18.417,19.246,18.620
4.860,8.406,-0.001,0.950,-0.003,-0.002,0.312,-0.018,-0.017,47.426,-0.018,50.268,46.537,49.567,0.745,0.539,0.007,-0.064,0.026,-0.050,0.000,-0.000,19.201,0.001,18.370,19.273,18.551
4.867,8.411,-0.000,0.950,-0.004,-0.002,0.312,-0.018,-0.017,47.618,-0.018,50.452,46.730,49.752,0.746,0.539,0.005,-0.039,0.039,-0.051,0.000,-0.001,19.221,0.002,18.344,19.289,18.487
4.874,8.416,-0.000,0.950,-0.004,-0.002,0.312,-0.018,-0.017,47.810,-0.018,50.635,46.923,49.937,0.746,0.539,0.003,-0.011,0.046,-0.052,0.000,-0.003,19.243,0.003,18.340,19.298,18.433
4.882,8.422,-0.000,0.950,-0.004,-0.001,0.311,-0.018,-0.017,48.003,-0.018,50.819,47.116,50.121,0.747,0.539,-0.000,0.020,0.046,-0.053,-0.000,-0.004,19.263,0.004,18.358,19.300,18.392
4.889,8.427,-0.000,0.950,-0.004,-0.001,0.311,-0.018,-0.017,48.195,-0.018,51.002,47.309,50.305,0.748,0.539,-0.003,0.052,0.039,-0.054,-0.000,-0.005,19.279,0.004,18.395,19.297,18.369
4.897,8.433,-0.000,0.950,-0.003,-0.001,0.311,-0.018,-0.017,48.388,-0.018,51.186,47.502,50.488,0.748,0.538,-0.005,0.083,0.028,-0.055,-0.000,-0.006,19.284,0.004,18.447,19.291,18.366
4.904,8.438,-0.001,0.951,-0.003,-0.001,0.311,-0.018,-0.017,48.581,-0.018,51.371,47.695,50.672,0.749,0.538,-0.006,0.112,0.012,-0.056,-0.001,-0.006,19.275,0.003,18.511,19.282,18.385
4.912,8.443,-0.001,0.951,-0.002,-0.000,0.310,-0.018,-0.017,48.774,-0.018,51.557,47.888,50.856,0.749,0.538,-0.007,0.136,-0.005,-0.058,-0.001,-0.007,19.250,0.003,18.581,19.269,18.423
4.919,8.449,-0.001,0.951,-0.002,-0.000,0.310,-0.018,-0.018,48.966,-0.018,51.743,48.080,51.040,0.750,0.537,-0.006,0.154,-0.022,-0.059,-0.001,-0.007,19.207,0.002,18.653,19.252,18.480
4.927,8.454,-0.001,0.951,-0.001,-0.000,0.310,-0.018,-0.018,49.158,-0.018,51.930,48.273,51.226,0.750,0.537,-0.004,0.165,-0.035,-0.060,-0.001,-0.007,19.146,0.001,18.721,19.227,18.551
4.934,8.459,-0.001,0.951,-0.000,-0.000,0.309,-0.053,-0.044,49.349,-0.045,52.117,48.465,51.411,0.751,0.533,-0.002,0.164,-0.043,-0.074,-5.740,-4.452,19.131,-4.640,18.732,19.214,18.599
4.942,8.465,-0.001,0.951,0.001,0.000,0.309,-0.101,-0.085,49.541,-0.089,52.304,48.657,51.597,0.759,0.521,0.001,0.149,-0.043,-0.154,-2.994,-2.982,19.199,-3.178,18.634,19.312,18.513
4.949,8.470,-0.001,0.951,0.001,0.000,0.308,-0.103,-0.093,49.733,-0.096,52.490,48.851,51.782,0.766,0.509,0.003,0.138,-0.036,-0.237,2.466,1.325,19.251,1.669,18.549,19.420,18.392
4.957,8.475,-0.001,0.952,0.002,0.000,0.307,-0.066,-0.068,49.925,-0.066,52.675,49.045,51.965,0.767,0.507,0.005,0.133,-0.024,-0.247,3.949,3.032,19.191,3.531,18.558,19.405,18.407
4.965,8.480,-0.001,0.952,0.003,0.000,0.306,-0.042,-0.047,50.116,-0.042,52.861,49.239,52.150,0.764,0.512,0.006,0.120,-0.008,-0.201,0.566,0.757,19.067,0.878,18.610,19.268,18.547
4.972,8.485,-0.001,0.952,0.003,0.000,0.305,-0.055,-0.056,50.307,-0.051,53.047,49.431,52.336,0.763,0.514,0.006,0.091,0.010,-0.172,-2.767,-2.093,18.990,-2.284,18.626,19.136,18.661
4.980,8.490,-0.001,0.953,0.004,0.001,0.304,-0.083,-0.078,50.496,-0.076,53.234,49.622,52.523,0.766,0.509,0.004,0.052,0.028,-0.194,-2.107,-1.879,18.989,-2.173,18.604,19.091,18.657
4.988,8.495,-0.000,0.953,0.004,0.001,0.303,-0.089,-0.086,50.687,-0.085,53.419,49.813,52.709,0.770,0.502,0.002,0.017,0.042,-0.232,0.775,0.297,19.020,0.296,18.595,19.087,18.587
4.995,8.500,-0.000,0.953,0.004,0.001,0.302,-0.072,-0.074,50.877,-0.073,53.606,50.003,52.895,0.772,0.500,-0.000,-0.010,0.051,-0.240,2.115,1.652,19.035,1.773,18.617,19.052,18.558
5.003,8.505,-0.000,0.954,0.004,0.001,0.301,-0.057,-0.061,51.067,-0.059,53.792,50.193,53.081,0.771,0.501,-0.003,-0.033,0.053,-0.218,0.713,0.788,19.038,0.848,18.649,18.979,18.588
5.011,8.510,-0.001,0.954,0.003,0.001,0.300,-0.060,-0.061,51.258,-0.058,53.978,50.383,53.267,0.771,0.502,-0.006,-0.058,0.049,-0.198,-1.031,-0.629,19.061,-0.666,18.671,18.921,18.621
5.019,8.515,-0.001,0.954,0.003,0.002,0.299,-0.072,-0.070,51.449,-0.068,54.165,50.572,53.453,0.772,0.500,-0.008,-0.083,0.038,-0.199,-1.124,-0.871,19.124,-1.049,18.675,18.916,18.608
5.026,8.520,-0.001,0.955,0.002,0.002,0.298,-0.078,-0.075,51.640,-0.075,54.352,50.761,53.639,0.774,0.496,-0.009,-0.101,0.021,-0.212,-0.099,-0.168,19.216,-0.293,18.665,18.956,18.562
5.034,8.525,-0.001,0.955,0.002,0.001,0.297,-0.074,-0.073,51.833,-0.073,54.539,50.951,53.824,0.775,0.493,-0.009,-0.111,0.000,-0.220,0.787,0.548,19.307,0.555,18.650,19.010,18.522
5.042,8.530,-0.001,0.955,0.001,0.001,0.296,-0.067,-0.067,52.026,-0.068,54.725,51.142,54.009,0.775,0.492,-0.008,-0.115,-0.022,-0.214,0.539,0.481,19.370,0.456,18.633,19.060,18.511
5.050,8.535,-0.001,0.956,0.001,0.001,0.295,-0.065,-0.064,52.220,-0.065,54.911,51.332,54.194,0.775,0.491,-0.006,-0.117,-0.041,-0.205,-0.090,0.034,19.409,-0.002,18.610,19.112,18.514
5.057,8.540,-0.001,0.956,0.000,0.001,0.294,-0.068,-0.066,52.414,-0.068,55.097,51.524,54.379,0.776,0.490,-0.003,-0.119,-0.055,-0.200,-0.442,-0.269,19.439,-0.376,18.565,19.179,18.509
5.065,8.545,-0.001,0.956,-0.000,0.000,0.293,-0.071,-0.068,52.609,-0.071,55.282,51.716,54.564,0.776,0.487,-0.000,-0.121,-0.061,-0.203,-0.224,-0.162,19.474,-0.247,18.494,19.260,18.483
5.073,8.550,-0.001,0.956,-0.001,-0.000,0.292,-0.072,-0.069,52.804,-0.073,55.467,51.909,54.749,0.777,0.485,0.003,-0.120,-0.060,-0.208,0.010,-0.024,19.502,-0.069,18.405,19.343,18.445
5.081,8.555,-0.001,0.957,-0.001,-0.001,0.291,-0.071,-0.069,52.999,-0.073,55.650,52.103,54.933,0.778,0.483,0.006,-0.117,-0.051,-0.211,0.133,0.072,19.519,0.050,18.311,19.418,18.401
5.088,8.559,-0.001,0.957,-0.002,-0.001,0.290,-0.070,-0.068,53.194,-0.072,55.833,52.297,55.117,0.779,0.481,0.008,-0.111,-0.036,-0.211,0.089,0.047,19.525,0.030,18.221,19.479,18.354
5.096,8.564,-0.001,0.957,-0.002,-0.002,0.289,-0.070,-0.068,53.389,-0.072,56.015,52.492,55.300,0.780,0.480,0.010,-0.102,-0.018,-0.211,0.030,0.019,19.528,0.010,18.139,19.527,18.300
5.104,8.569,-0.001,0.958,-0.003,-0.002,0.288,-0.069,-0.068,53.585,-0.072,56.196,52.688,55.483,0.781,0.478,0.010,-0.091,0.001,-0.211,-0.003,0.006,19.534,0.001,18.067,19.563,18.240
5.112,8.574,-0.001,0.958,-0.003,-0.002,0.287,-0.070,-0.068,53.780,-0.072,56.376,52.884,55.665,0.783,0.477,0.009,-0.076,0.019,-0.212,-0.014,0.001,19.545,-0.001,18.010,19.589,18.176
5.120,8.579,-0.001,0.958,-0.003,-0.002,0.286,-0.070,-0.068,53.976,-0.072,56.556,53.080,55.847,0.784,0.476,0.008,-0.057,0.033,-0.212,-0.012,-0.002,19.562,-0.001,17.971,19.607,18.113
5.128,8.583,-0.000,0.959,-0.004,-0.002,0.285,-0.070,-0.068,54.171,-0.072,56.736,53.276,56.027,0.786,0.474,0.006,-0.033,0.041,-0.213,-0.007,-0.003,19.583,0.001,17.952,19.618,18.054
5.135,8.588,-0.000,0.959,-0.004,-0.001,0.284,-0.070,-0.068,54.367,-0.072,56.915,53.472,56.208,0.787,0.473,0.003,-0.006,0.043,-0.214,-0.002,-0.004,19.604,0.002,17.954,19.625,18.005
5.143,8.593,-0.000,0.959,-0.004,-0.001,0.283,-0.070,-0.068,54.563,-0.072,57.095,53.668,56.388,0.789,0.472,0.001,0.025,0.039,-0.215,0.000,-0.005,19.620,0.003,17.975,19.627,17.969
5.151,8.597,-0.000,0.960,-0.004,-0.001,0.282,-0.070,-0.068,54.760,-0.072,57.275,53.864,56.567,0.791,0.470,-0.001,0.059,0.031,-0.216,0.001,-0.006,19.627,0.004,18.012,19.626,17.951
5.159,8.602,-0.000,0.960,-0.003,-0.001,0.281,-0.070,-0.068,54.956,-0.072,57.455,54.061,56.747,0.792,0.469,-0.003,0.093,0.019,-0.217,0.000,-0.006,19.619,0.004,18.062,19.621,17.952
5.167,8.607,-0.000,0.960,-0.003,-0.001,0.280,-0.070,-0.068,55.152,-0.072,57.636,54.257,56.926,0.793,0.467,-0.004,0.125,0.005,-0.219,-0.000,-0.007,19.594,0.003,18.123,19.611,17.973
5.175,8.612,-0.000,0.960,-0.002,-0.000,0.279,-0.070,-0.068,55.348,-0.072,57.818,54.453,57.106,0.795,0.465,-0.004,0.152,-0.008,-0.220,-0.001,-0.007,19.553,0.002,18.190,19.593,18.013
5.183,8.616,-0.001,0.961,-0.001,-0.000,0.277,-0.070,-0.068,55.543,-0.072,58.000,54.649,57.287,0.796,0.464,-0.003,0.171,-0.019,-0.221,-0.001,-0.007,19.495,0.001,18.260,19.567,18.070
5.191,8.621,-0.001,0.961,-0.000,-0.000,0.276,-0.070,-0.068,55.738,-0.072,58.183,54.844,57.468,0.797,0.462,-0.002,0.181,-0.026,-0.222,-0.001,-0.007,19.425,0.000,18.328,19.530,18.140
5.199,8.625,-0.001,0.961,0.000,0.000,0.275,-0.070,-0.068,55.932,-0.072,58.366,55.039,57.649,0.798,0.460,-0.001,0.181,-0.028,-0.223,-0.001,-0.007,19.346,-0.001,18.393,19.481,18.218
5.207,8.630,-0.001,0.962,0.001,0.000,0.274,-0.070,-0.068,56.125,-0.072,58.551,55.234,57.832,0.799,0.458,0.001,0.170,-0.024,-0.223,-0.001,-0.006,19.266,-0.001,18.451,19.419,18.298
5.215,8.635,-0.001,0.962,0.002,0.000,0.273,-0.070,-0.068,56.317,-0.072,58.735,55.428,58.015,0.800,0.456,0.002,0.150,-0.015,-0.224,-0.001,-0.005,19.189,-0.001,18.499,19.348,18.374
5.223,8.639,-0.001,0.962,0.003,0.000,0.272,-0.070,-0.068,56.508,-0.072,58.921,55.621,58.199,0.801,0.454,0.003,0.122,-0.003,-0.224,-0.000,-0.004,19.122,-0.001,18.538,19.269,18.442
5.231,8.644,-0.000,0.963,0.003,0.001,0.271,-0.070,-0.068,56.699,-0.072,59.106,55.813,58.384,0.801,0.452,0.003,0.089,0.011,-0.223,0.000,-0.002,19.070,-0.001,18.568,19.189,18.497
5.239,8.648,-0.000,0.963,0.004,0.001,0.270,-0.070,-0.068,56.890,-0.072,59.292,56.005,58.569,0.802,0.450,0.002,0.053,0.024,-0.222,0.000,-0.001,19.038,-0.000,18.590,19.111,18.537
5.247,8.653,-0.000,0.963,0.004,0.001,0.269,-0.070,-0.068,57.080,-0.072,59.478,56.195,58.755,0.803,0.448,-0.000,0.016,0.036,-0.221,0.001,0.001,19.026,0.000,18.608,19.042,18.561
5.255,8.657,-0.000,0.963,0.004,0.001,0.268,-0.070,-0.068,57.270,-0.072,59.664,56.385,58.940,0.804,0.446,-0.002,-0.018,0.043,-0.220,0.001,0.003,19.038,0.000,18.621,18.987,18.571
5.263,8.662,-0.001,0.964,0.003,0.001,0.267,-0.070,-0.068,57.461,-0.072,59.850,56.575,59.126,0.804,0.444,-0.005,-0.049,0.045,-0.219,0.001,0.005,19.069,0.000,18.632,18.949,18.568
5.271,8.666,-0.001,0.964,0.003,0.001,0.266,-0.070,-0.068,57.652,-0.072,60.037,56.764,59.312,0.805,0.443,-0.007,-0.074,0.042,-0.217,0.001,0.007,19.117,0.000,18.641,18.932,18.556
5.279,8.670,-0.001,0.964,0.003,0.002,0.265,-0.070,-0.068,57.843,-0.072,60.223,56.954,59.497,0.806,0.441,-0.009,-0.092,0.032,-0.216,0.001,0.008,19.178,0.000,18.647,18.936,18.539
5.287,8.675,-0.001,0.965,0.002,0.002,0.264,-0.070,-0.068,58.036,-0.072,60.410,57.143,59.683,0.806,0.439,-0.010,-0.102,0.017,-0.214,0.001,0.008,19.245,0.000,18.647,18.960,18.520
5.295,8.679,-0.001,0.965,0.002,0.001,0.263,-0.070,-0.068,58.228,-0.072,60.596,57.333,59.868,0.806,0.437,-0.010,-0.106,-0.003,-0.213,0.001,0.008,19.313,-0.000,18.640,19.002,18.501
5.303,8.684,-0.001,0.965,0.001,0.001,0.262,-0.070,-0.068,58.422,-0.072,60.782,57.523,60.053,0.807,0.435,-0.009,-0.105,-0.023,-0.212,0.000,0.007,19.374,-0.001,18.623,19.059,18.484
5.311,8.688,-0.001,0.965,0.001,0.001,0.261,-0.070,-0.068,58.616,-0.072,60.969,57.714,60.237,0.807,0.433,-0.007,-0.102,-0.040,-0.211,0.000,0.006,19.423,-0.001,18.593,19.125,18.470
5.319,8.692,-0.001,0.966,0.000,0.001,0.260,-0.070,-0.068,58.810,-0.072,61.154,57.906,60.422,0.807,0.431,-0.004,-0.099,-0.053,-0.211,-0.000,0.005,19.458,-0.002,18.550,19.197,18.458
5.327,8.697,-0.001,0.966,-0.000,0.000,0.259,-0.070,-0.068,59.005,-0.072,61.339,58.098,60.607,0.808,0.429,-0.001,-0.096,-0.060,-0.210,-0.000,0.004,19.480,-0.003,18.493,19.269,18.445
5.336,8.701,-0.001,0.966,-0.001,-0.000,0.258,-0.070,-0.068,59.200,-0.072,61.524,58.291,60.791,0.808,0.427,0.002,-0.094,-0.060,-0.210,-0.000,0.004,19.491,-0.003,18.425,19.338,18.429
5.344,8.705,-0.001,0.967,-0.001,-0.001,0.257,-0.070,-0.068,59.395,-0.072,61.708,58.485,60.975,0.809,0.425,0.005,-0.094,-0.054,-0.210,-0.000,0.003,19.494,-0.003,18.349,19.400,18.408
5.352,8.709,-0.001,0.967,-0.001,-0.001,0.256,-0.070,-0.068,59.590,-0.072,61.891,58.679,61.159,0.810,0.423,0.008,-0.093,-0.042,-0.210,-0.000,0.002,19.494,-0.003,18.269,19.454,18.380
5.360,8.714,-0.001,0.967,-0.002,-0.001,0.254,-0.070,-0.068,59.785,-0.072,62.073,58.874,61.343,0.811,0.422,0.010,-0.092,-0.027,-0.210,-0.000,0.001,19.494,-0.003,18.189,19.498,18.342
5.368,8.718,-0.001,0.967,-0.002,-0.001,0.253,-0.070,-0.068,59.980,-0.072,62.255,59.069,61.526,0.812,0.420,0.011,-0.090,-0.009,-0.211,-0.000,0.000,19.499,-0.002,18.115,19.533,18.296
5.376,8.722,-0.001,0.968,-0.003,-0.002,0.252,-0.070,-0.068,60.175,-0.072,62.436,59.265,61.709,0.813,0.419,0.011,-0.084,0.007,-0.211,-0.000,-0.001,19.509,-0.002,18.051,19.560,18.242
5.384,8.726,-0.001,0.968,-0.003,-0.002,0.251,-0.070,-0.068,60.370,-0.072,62.616,59.460,61.891,0.815,0.418,0.010,-0.073,0.021,-0.212,-0.000,-0.002,19.525,-0.001,18.001,19.582,18.184
5.392,8.730,-0.001,0.968,-0.003,-0.002,0.250,-0.070,-0.068,60.565,-0.072,62.796,59.656,62.072,0.817,0.416,0.009,-0.056,0.030,-0.213,-0.000,-0.003,19.545,0.000,17.968,19.599,18.125
5.401,8.734,-0.000,0.968,-0.004,-0.002,0.249,-0.070,-0.068,60.761,-0.072,62.975,59.852,62.253,0.818,0.415,0.007,-0.033,0.034,-0.214,-0.000,-0.004,19.565,0.001,17.952,19.614,18.070
5.409,8.739,-0.000,0.969,-0.004,-0.001,0.248,-0.070,-0.068,60.956,-0.072,63.155,60.048,62.434,0.820,0.414,0.005,-0.004,0.033,-0.215,-0.000,-0.004,19.580,0.002,17.954,19.625,18.024
5.417,8.743,-0.000,0.969,-0.004,-0.001,0.247,-0.070,-0.068,61.152,-0.072,63.334,60.245,62.614,0.822,0.413,0.003,0.030,0.029,-0.216,-0.000,-0.005,19.586,0.003,17.973,19.631,17.990
5.425,8.747,-0.000,0.969,-0.003,-0.001,0.246,-0.070,-0.068,61.348,-0.072,63.514,60.441,62.794,0.823,0.411,0.001,0.067,0.021,-0.217,-0.000,-0.006,19.577,0.003,18.007,19.632,17.972
5.433,8.751,-0.000,0.969,-0.003,-0.001,0.245,-0.070,-0.068,61.544,-0.072,63.695,60.637,62.973,0.825,0.410,-0.000,0.105,0.013,-0.218,-0.000,-0.007,19.553,0.003,18.054,19.624,17.973
5.442,8.755,-0.000,0.970,-0.002,-0.001,0.244,-0.070,-0.068,61.739,-0.072,63.875,60.834,63.153,0.826,0.408,-0.001,0.140,0.005,-0.219,-0.001,-0.007,19.513,0.003,18.112,19.607,17.993
5.450,8.759,-0.000,0.970,-0.002,-0.000,0.243,-0.070,-0.068,61.934,-0.072,64.057,61.029,63.333,0.828,0.406,-0.002,0.167,-0.001,-0.221,-0.001,-0.007,19.459,0.002,18.177,19.578,18.032
5.458,8.763,-0.000,0.970,-0.001,-0.000,0.242,-0.070,-0.068,62.128,-0.072,64.239,61.225,63.514,0.829,0.404,-0.002,0.185,-0.004,-0.222,-0.001,-0.007,19.396,0.001,18.249,19.535,18.087
5.467,8.767,-0.000,0.971,0.000,-0.000,0.241,-0.070,-0.068,62.322,-0.072,64.422,61.420,63.695,0.830,0.403,-0.002,0.190,-0.005,-0.223,-0.001,-0.006,19.327,0.000,18.322,19.480,18.153
5.475,8.771,-0.000,0.971,0.001,0.000,0.240,-0.070,-0.068,62.515,-0.072,64.606,61.615,63.877,0.831,0.401,-0.002,0.183,-0.004,-0.224,-0.001,-0.006,19.258,-0.001,18.395,19.412,18.227
5.483,8.775,-0.000,0.971,0.002,0.000,0.239,-0.070,-0.068,62.707,-0.072,64.790,61.808,64.059,0.832,0.399,-0.001,0.163,0.000,-0.224,-0.001,-0.005,19.195,-0.001,18.463,19.334,18.302
5.491,8.779,-0.000,0.971,0.003,0.001,0.238,-0.070,-0.068,62.899,-0.072,64.975,62.001,64.243,0.832,0.396,-0.001,0.133,0.006,-0.224,-0.000,-0.004,19.140,-0.001,18.520,19.250,18.374
5.500,8.783,-0.000,0.972,0.003,0.001,0.237,-0.070,-0.068,63.090,-0.072,65.160,62.193,64.427,0.833,0.394,-0.001,0.097,0.014,-0.224,0.000,-0.002,19.098,-0.000,18.565,19.166,18.435
5.508,8.787,-0.000,0.972,0.003,0.001,0.235,-0.070,-0.069,63.281,-0.072,65.346,62.385,64.612,0.833,0.392,-0.002,0.057,0.022,-0.223,0.001,-0.000,19.074,0.000,18.598,19.088,18.483
5.516,8.791,-0.000,0.972,0.004,0.001,0.234,-0.070,-0.068,63.471,-0.072,65.532,62.575,64.797,0.834,0.390,-0.003,0.017,0.028,-0.222,0.001,0.002,19.068,0.001,18.621,19.021,18.517
5.525,8.795,-0.001,0.972,0.004,0.001,0.233,-0.070,-0.068,63.662,-0.072,65.718,62.765,64.982,0.834,0.388,-0.005,-0.020,0.032,-0.220,0.001,0.004,19.082,0.001,18.636,18.971,18.536
5.533,8.799,-0.001,0.973,0.003,0.001,0.232,-0.070,-0.068,63.853,-0.072,65.905,62.955,65.167,0.834,0.386,-0.007,-0.054,0.033,-0.219,0.002,0.006,19.113,0.002,18.644,18.939,18.540
5.541,8.803,-0.001,0.973,0.003,0.001,0.231,-0.070,-0.068,64.044,-0.072,66.091,63.144,65.353,0.834,0.384,-0.008,-0.080,0.029,-0.217,0.002,0.007,19.158,0.002,18.647,18.929,18.533
5.550,8.806,-0.001,0.973,0.003,0.001,0.230,-0.070,-0.068,64.236,-0.072,66.278,63.333,65.538,0.834,0.382,-0.010,-0.097,0.021,-0.216,0.002,0.008,19.214,0.002,18.645,18.939,18.519
5.558,8.810,-0.001,0.973,0.002,0.001,0.229,-0.070,-0.068,64.429,-0.072,66.464,63.523,65.723,0.834,0.380,-0.010,-0.104,0.008,-0.214,0.001,0.008,19.275,0.001,18.639,18.969,18.500
5.566,8.814,-0.001,0.974,0.002,0.001,0.228,-0.070,-0.068,64.622,-0.072,66.650,63.713,65.908,0.834,0.378,-0.010,-0.103,-0.008,-0.213,0.001,0.008,19.334,0.001,18.627,19.014,18.480
5.575,8.818,-0.001,0.974,0.001,0.001,0.227,-0.070,-0.068,64.815,-0.072,66.837,63.903,66.093,0.834,0.376,-0.009,-0.097,-0.024,-0.212,0.000,0.007,19.386,0.000,18.608,19.072,18.461
5.583,8.822,-0.001,0.974,0.001,0.001,0.226,-0.070,-0.068,65.009,-0.072,67.023,64.094,66.277,0.834,0.374,-0.007,-0.089,-0.038,-0.211,-0.000,0.006,19.426,-0.001,18.581,19.137,18.446
5.592,8.825,-0.001,0.974,0.000,0.001,0.225,-0.070,-0.068,65.204,-0.072,67.208,64.286,66.461,0.835,0.372,-0.005,-0.081,-0.048,-0.211,-0.000,0.005,19.453,-0.002,18.545,19.204,18.434
5.600,8.829,-0.001,0.975,-0.000,0.000,0.224,-0.070,-0.068,65.398,-0.072,67.393,64.478,66.646,0.835,0.370,-0.002,-0.075,-0.054,-0.210,-0.000,0.004,19.468,-0.002,18.499,19.270,18.425
5.608,8.833,-0.001,0.975,-0.000,-0.000,0.223,-0.070,-0.068,65.593,-0.072,67.578,64.671,66.830,0.835,0.368,0.001,-0.071,-0.055,-0.210,-0.001,0.003,19.475,-0.003,18.444,19.331,18.416
5.617,8.836,-0.001,0.975,-0.001,-0.000,0.222,-0.070,-0.068,65.788,-0.072,67.762,64.865,67.014,0.836,0.366,0.004,-0.070,-0.051,-0.210,-0.001,0.002,19.475,-0.003,18.382,19.386,18.406
5.625,8.840,-0.001,0.975,-0.001,-0.001,0.221,-0.070,-0.068,65.983,-0.072,67.946,65.059,67.198,0.836,0.364,0.007,-0.072,-0.043,-0.210,-0.001,0.001,19.473,-0.003,18.314,19.432,18.390
5.633,8.844,-0.001,0.976,-0.001,-0.001,0.220,-0.070,-0.068,66.177,-0.072,68.129,65.253,67.382,0.837,0.362,0.009,-0.076,-0.031,-0.211,-0.001,0.000,19.472,-0.003,18.244,19.471,18.369
5.642,8.847,-0.001,0.976,-0.002,-0.001,0.219,-0.070,-0.068,66.372,-0.072,68.311,65.448,67.565,0.838,0.361,0.010,-0.080,-0.019,-0.211,-0.001,-0.000,19.476,-0.003,18.174,19.503,18.338
5.650,8.851,-0.001,0.976,-0.002,-0.001,0.218,-0.070,-0.068,66.567,-0.072,68.492,65.643,67.749,0.840,0.359,0.011,-0.082,-0.006,-0.211,-0.001,-0.001,19.484,-0.003,18.110,19.530,18.300
5.658,8.854,-0.001,0.976,-0.002,-0.001,0.217,-0.070,-0.068,66.762,-0.072,68.673,65.839,67.931,0.841,0.358,0.011,-0.079,0.005,-0.212,-0.000,-0.002,19.497,-0.002,18.054,19.555,18.254
5.667,8.858,-0.001,0.976,-0.003,-0.002,0.216,-0.070,-0.068,66.957,-0.072,68.853,66.035,68.114,0.843,0.357,0.011,-0.070,0.014,-0.213,-0.000,-0.003,19.513,-0.001,18.010,19.578,18.203
5.675,8.862,-0.001,0.977,-0.003,-0.002,0.215,-0.070,-0.068,67.152,-0.072,69.033,66.230,68.295,0.845,0.355,0.010,-0.053,0.019,-0.213,-0.000,-0.003,19.528,-0.000,17.979,19.599,18.150
5.684,8.865,-0.000,0.977,-0.003,-0.001,0.214,-0.070,-0.068,67.347,-0.072,69.213,66.426,68.477,0.847,0.354,0.009,-0.029,0.022,-0.214,-0.000,-0.004,19.539,0.001,17.963,19.617,18.100
5.692,8.869,-0.000,0.977,-0.003,-0.001,0.213,-0.070,-0.068,67.543,-0.072,69.392,66.623,68.657,0.849,0.353,0.007,0.002,0.021,-0.215,-0.000,-0.005,19.540,0.002,17.962,19.631,18.057
5.701,8.872,-0.000,0.977,-0.003,-0.001,0.211,-0.070,-0.068,67.738,-0.072,69.572,66.819,68.838,0.851,0.351,0.006,0.039,0.019,-0.217,-0.000,-0.005,19.529,0.003,17.977,19.638,18.024
5.709,8.876,-0.000,0.978,-0.003,-0.001,0.210,-0.070,-0.068,67.933,-0.072,69.752,67.015,69.018,0.852,0.350,0.004,0.079,0.017,-0.218,-0.000,-0.006,19.503,0.003,18.006,19.634,18.006
5.718,8.879,-0.000,0.978,-0.003,-0.001,0.209,-0.070,-0.068,68.128,-0.072,69.932,67.212,69.198,0.854,0.348,0.003,0.117,0.016,-0.219,-0.000,-0.006,19.464,0.003,18.049,19.618,18.006
5.726,8.883,-0.000,0.978,-0.002,-0.001,0.208,-0.070,-0.068,68.323,-0.072,70.113,67.408,69.378,0.855,0.347,0.001,0.151,0.016,-0.220,-0.001,-0.006,19.415,0.002,18.105,19.587,18.023
5.735,8.886,-0.000,0.978,-0.001,-0.000,0.207,-0.070,-0.068,68.516,-0.072,70.294,67.603,69.559,0.856,0.345,-0.001,0.175,0.018,-0.222,-0.001,-0.006,19.360,0.002,18.171,19.540,18.057
5.744,8.890,-0.000,0.979,-0.000,-0.000,0.206,-0.081,-0.076,68.710,-0.081,70.477,67.799,69.739,0.858,0.342,-0.002,0.186,0.019,-0.229,-1.775,-1.336,19.334,-1.464,18.245,19.489,18.095
5.752,8.893,-0.000,0.979,0.001,0.000,0.205,-0.096,-0.089,68.903,-0.094,70.659,67.993,69.920,0.861,0.336,-0.003,0.181,0.021,-0.254,-0.951,-0.913,19.333,-1.013,18.289,19.462,18.107
5.761,8.896,-0.000,0.979,0.001,0.000,0.204,-0.097,-0.092,69.097,-0.097,70.842,68.188,70.101,0.863,0.330,-0.004,0.164,0.022,-0.279,0.600,0.280,19.331,0.338,18.330,19.434,18.121
5.769,8.900,-0.000,0.979,0.002,0.001,0.202,-0.087,-0.085,69.290,-0.090,71.026,68.382,70.283,0.864,0.327,-0.004,0.139,0.022,-0.284,1.130,0.823,19.309,0.972,18.397,19.371,18.174
5.778,8.903,-0.000,0.980,0.003,0.001,0.201,-0.080,-0.079,69.483,-0.083,71.210,68.575,70.465,0.864,0.327,-0.005,0.106,0.022,-0.273,0.313,0.317,19.278,0.400,18.472,19.278,18.258
5.787,8.906,-0.000,0.980,0.003,0.001,0.200,-0.081,-0.080,69.675,-0.083,71.395,68.767,70.648,0.864,0.325,-0.006,0.066,0.022,-0.263,-0.564,-0.371,19.261,-0.358,18.530,19.190,18.334
5.795,8.909,-0.000,0.980,0.003,0.001,0.198,-0.088,-0.084,69.868,-0.088,71.581,68.959,70.832,0.865,0.323,-0.007,0.023,0.022,-0.264,-0.538,-0.407,19.272,-0.494,18.563,19.133,18.379
5.804,8.913,-0.001,0.980,0.003,0.001,0.197,-0.091,-0.087,70.061,-0.091,71.767,69.150,71.015,0.865,0.319,-0.008,-0.018,0.021,-0.270,-0.059,-0.095,19.306,-0.146,18.580,19.104,18.396
5.813,8.916,-0.001,0.981,0.003,0.001,0.196,-0.089,-0.086,70.254,-0.090,71.952,69.341,71.199,0.865,0.316,-0.009,-0.053,0.018,-0.273,0.327,0.210,19.349,0.214,18.589,19.092,18.402
5.821,8.919,-0.001,0.981,0.003,0.001,0.194,-0.086,-0.084,70.448,-0.088,72.138,69.532,71.384,0.865,0.313,-0.010,-0.079,0.012,-0.270,0.242,0.195,19.395,0.189,18.593,19.092,18.409
5.830,8.922,-0.001,0.981,0.002,0.001,0.193,-0.085,-0.082,70.642,-0.087,72.324,69.723,71.568,0.865,0.311,-0.010,-0.095,0.004,-0.265,0.033,0.072,19.442,0.056,18.591,19.108,18.411
5.839,8.925,-0.001,0.981,0.002,0.001,0.192,-0.085,-0.082,70.837,-0.087,72.510,69.914,71.752,0.865,0.309,-0.010,-0.102,-0.006,-0.261,-0.082,0.012,19.491,-0.040,18.583,19.143,18.406
5.847,8.928,-0.001,0.982,0.001,0.001,0.190,-0.086,-0.082,71.032,-0.087,72.696,70.106,71.936,0.865,0.307,-0.009,-0.099,-0.017,-0.259,-0.063,-0.002,19.539,-0.045,18.568,19.194,18.394
5.856,8.931,-0.001,0.982,0.001,0.001,0.189,-0.086,-0.082,71.227,-0.088,72.881,70.298,72.120,0.865,0.304,-0.008,-0.091,-0.028,-0.258,-0.026,-0.004,19.580,-0.024,18.548,19.255,18.379
5.864,8.934,-0.001,0.982,0.001,0.001,0.188,-0.086,-0.082,71.423,-0.088,73.067,70.491,72.303,0.865,0.302,-0.006,-0.079,-0.036,-0.258,-0.005,-0.005,19.611,-0.014,18.521,19.320,18.364
5.873,8.937,-0.001,0.982,0.000,0.000,0.187,-0.086,-0.082,71.620,-0.088,73.252,70.685,72.487,0.865,0.299,-0.004,-0.067,-0.042,-0.258,0.003,-0.005,19.632,-0.010,18.491,19.386,18.353
5.882,8.940,-0.001,0.983,-0.000,0.000,0.185,-0.086,-0.082,71.816,-0.088,73.437,70.879,72.670,0.865,0.297,-0.002,-0.057,-0.044,-0.258,0.003,-0.006,19.644,-0.009,18.455,19.448,18.346
5.890,8.943,-0.001,0.983,-0.000,-0.000,0.184,-0.086,-0.082,72.013,-0.088,73.621,71.074,72.854,0.865,0.294,0.000,-0.050,-0.044,-0.258,0.001,-0.007,19.649,-0.010,18.415,19.503,18.341
5.899,8.946,-0.001,0.983,-0.000,-0.000,0.183,-0.086,-0.082,72.209,-0.088,73.805,71.269,73.037,0.866,0.292,0.003,-0.047,-0.041,-0.259,-0.001,-0.008,19.652,-0.010,18.370,19.552,18.339
5.908,8.949,-0.001,0.983,-0.001,-0.001,0.182,-0.086,-0.082,72.406,-0.088,73.988,71.465,73.221,0.867,0.290,0.005,-0.049,-0.037,-0.259,-0.003,-0.009,19.653,-0.010,18.321,19.593,18.335
5.916,8.952,-0.001,0.984,-0.001,-0.001,0.180,-0.086,-0.083,72.602,-0.088,74.171,71.661,73.404,0.868,0.288,0.007,-0.055,-0.031,-0.260,-0.004,-0.009,19.656,-0.010,18.268,19.627,18.329
5.925,8.955,-0.001,0.984,-0.001,-0.001,0.179,-0.086,-0.083,72.799,-0.089,74.354,71.857,73.587,0.869,0.285,0.009,-0.063,-0.024,-0.260,-0.004,-0.009,19.663,-0.009,18.213,19.658,18.317
5.934,8.958,-0.001,0.984,-0.001,-0.001,0.178,-0.086,-0.083,72.995,-0.089,74.536,72.054,73.770,0.871,0.283,0.010,-0.070,-0.017,-0.261,-0.004,-0.009,19.673,-0.008,18.158,19.687,18.298
5.943,8.960,-0.001,0.984,-0.002,-0.001,0.176,-0.086,-0.083,73.192,-0.089,74.717,72.251,73.953,0.873,0.282,0.012,-0.074,-0.011,-0.262,-0.004,-0.009,19.686,-0.007,18.105,19.717,18.271
5.951,8.963,-0.001,0.985,-0.002,-0.001,0.175,-0.086,-0.083,73.389,-0.089,74.898,72.448,74.136,0.875,0.280,0.012,-0.071,-0.006,-0.263,-0.003,-0.009,19.699,-0.007,18.057,19.747,18.237
5.960,8.966,-0.001,0.985,-0.002,-0.001,0.174,-0.086,-0.083,73.586,-0.089,75.078,72.646,74.318,0.877,0.278,0.013,-0.062,-0.001,-0.263,-0.003,-0.009,19.709,-0.006,18.017,19.777,18.197
5.969,8.969,-0.000,0.985,-0.003,-0.002,0.173,-0.086,-0.083,73.783,-0.089,75.258,72.844,74.500,0.879,0.276,0.012,-0.043,0.003,-0.265,-0.003,-0.009,19.712,-0.005,17.986,19.805,18.154
5.978,8.972,-0.000,0.985,-0.003,-0.002,0.171,-0.087,-0.083,73.980,-0.089,75.438,73.042,74.681,0.881,0.274,0.012,-0.017,0.007,-0.266,-0.002,-0.009,19.706,-0.004,17.967,19.828,18.112
5.986,8.974,-0.000,0.985,-0.003,-0.001,0.170,-0.087,-0.083,74.177,-0.089,75.617,73.240,74.862,0.884,0.272,0.011,0.015,0.011,-0.267,-0.002,-0.009,19.688,-0.003,17.962,19.842,18.074
5.995,8.977,-0.000,0.986,-0.003,-0.001,0.169,-0.087,-0.083,74.374,-0.089,75.797,73.439,75.042,0.886,0.270,0.009,0.052,0.017,-0.269,-0.002,-0.008,19.659,-0.002,17.972,19.843,18.043
6.004,8.980,-0.000,0.986,-0.002,-0.001,0.167,-0.087,-0.083,74.570,-0.089,75.977,73.637,75.223,0.887,0.268,0.007,0.090,0.025,-0.270,-0.002,-0.008,19.621,-0.001,17.998,19.828,18.025
6.013,8.982,-0.000,0.986,-0.002,-0.001,0.166,-0.087,-0.084,74.766,-0.089,76.157,73.835,75.403,0.889,0.266,0.005,0.124,0.034,-0.272,-0.001,-0.008,19.577,-0.001,18.040,19.795,18.020
6.022,8.985,0.000,0.986,-0.001,-0.001,0.165,-0.087,-0.084,74.962,-0.089,76.338,74.033,75.583,0.891,0.264,0.002,0.152,0.043,-0.274,-0.001,-0.008,19.534,-0.001,18.098,19.745,18.032
6.031,8.988,0.000,0.987,-0.001,-0.000,0.163,-0.087,-0.084,75.157,-0.089,76.519,74.230,75.764,0.892,0.261,-0.001,0.168,0.050,-0.275,-0.001,-0.007,19.494,-0.002,18.171,19.679,18.058
6.040,8.990,0.000,0.987,0.000,0.000,0.162,-0.087,-0.084,75.352,-0.089,76.701,74.426,75.944,0.894,0.259,-0.004,0.171,0.053,-0.276,-0.001,-0.006,19.462,-0.002,18.257,19.601,18.097
6.049,8.993,-0.000,0.987,0.001,0.000,0.161,-0.087,-0.084,75.546,-0.089,76.884,74.622,76.126,0.895,0.256,-0.006,0.158,0.052,-0.277,-0.001,-0.005,19.440,-0.002,18.350,19.517,18.147
6.058,8.995,-0.000,0.987,0.002,0.001,0.159,-0.087,-0.084,75.741,-0.089,77.068,74.817,76.307,0.895,0.254,-0.008,0.131,0.045,-0.277,-0.000,-0.004,19.430,-0.002,18.442,19.431,18.203
6.067,8.998,-0.000,0.987,0.002,0.001,0.158,-0.087,-0.084,75.935,-0.089,77.253,75.011,76.490,0.896,0.251,-0.009,0.097,0.037,-0.276,-0.000,-0.002,19.430,-0.002,18.524,19.351,18.260
6.076,9.000,-0.000,0.988,0.003,0.001,0.156,-0.087,-0.084,76.129,-0.089,77.439,75.204,76.673,0.896,0.248,-0.011,0.060,0.028,-0.275,0.000,-0.000,19.441,-0.001,18.589,19.282,18.312
6.085,9.003,-0.000,0.988,0.003,0.001,0.155,-0.087,-0.084,76.324,-0.089,77.625,75.396,76.856,0.895,0.246,-0.012,0.021,0.019,-0.274,0.001,0.002,19.461,-0.000,18.637,19.230,18.358
6.093,9.005,-0.001,0.988,0.003,0.002,0.154,-0.087,-0.084,76.519,-0.089,77.811,75.588,77.040,0.895,0.243,-0.012,-0.015,0.009,-0.273,0.001,0.003,19.491,0.001,18.666,19.198,18.395
6.102,9.008,-0.001,0.988,0.003,0.002,0.152,-0.087,-0.084,76.714,-0.089,77.998,75.780,77.224,0.894,0.240,-0.013,-0.047,-0.001,-0.271,0.001,0.005,19.527,0.001,18.680,19.188,18.421
6.111,9.010,-0.001,0.989,0.002,0.001,0.151,-0.087,-0.084,76.909,-0.089,78.185,75.972,77.408,0.893,0.237,-0.012,-0.072,-0.011,-0.269,0.001,0.006,19.566,0.001,18.678,19.198,18.437
6.120,9.012,-0.001,0.989,0.002,0.001,0.150,-0.087,-0.084,77.105,-0.089,78.372,76.164,77.592,0.893,0.235,-0.012,-0.087,-0.020,-0.268,0.001,0.006,19.605,0.001,18.665,19.227,18.442
6.129,9.015,-0.001,0.989,0.002,0.001,0.148,-0.087,-0.084,77.301,-0.089,78.558,76.357,77.777,0.892,0.232,-0.010,-0.092,-0.027,-0.266,0.001,0.006,19.641,0.001,18.643,19.271,18.439
6.138,9.017,-0.001,0.989,0.001,0.001,0.147,-0.087,-0.084,77.498,-0.089,78.744,76.550,77.961,0.891,0.229,-0.009,-0.089,-0.033,-0.265,0.000,0.005,19.669,0.001,18.615,19.325,18.429
6.147,9.019,-0.001,0.989,0.001,0.001,0.146,-0.087,-0.084,77.695,-0.089,78.930,76.743,78.145,0.890,0.227,-0.007,-0.079,-0.036,-0.264,0.000,0.004,19.689,0.000,18.583,19.383,18.415
6.156,9.022,-0.001,0.990,0.000,0.000,0.144,-0.087,-0.083,77.892,-0.089,79.116,76.937,78.329,0.890,0.224,-0.005,-0.066,-0.037,-0.263,-0.000,0.003,19.700,-0.001,18.549,19.441,18.400
6.165,9.024,-0.001,0.990,0.000,0.000,0.143,-0.087,-0.083,78.089,-0.089,79.301,77.132,78.513,0.889,0.222,-0.003,-0.053,-0.035,-0.263,-0.001,0.002,19.704,-0.002,18.516,19.496,18.387
6.174,9.026,-0.001,0.990,-0.000,0.000,0.142,-0.087,-0.083,78.286,-0.089,79.486,77.327,78.697,0.889,0.219,-0.002,-0.040,-0.032,-0.263,-0.001,0.001,19.704,-0.003,18.483,19.544,18.378
6.183,9.028,-0.001,0.990,-0.000,-0.000,0.141,-0.087,-0.083,78.483,-0.089,79.671,77.523,78.881,0.889,0.217,0.000,-0.032,-0.029,-0.263,-0.001,-0.000,19.703,-0.004,18.452,19.585,18.372
6.192,9.030,-0.001,0.990,-0.000,-0.000,0.139,-0.087,-0.083,78.680,-0.089,79.855,77.719,79.065,0.890,0.214,0.002,-0.028,-0.026,-0.263,-0.001,-0.001,19.702,-0.004,18.421,19.619,18.370
6.200,9.033,-0.001,0.990,-0.000,-0.000,0.138,-0.087,-0.083,78.877,-0.089,80.039,77.915,79.248,0.891,0.212,0.004,-0.029,-0.025,-0.264,-0.001,-0.002,19.704,-0.005,18.388,19.647,18.371
6.209,9.035,-0.001,0.991,-0.001,-0.001,0.137,-0.087,-0.084,79.074,-0.089,80.223,78.112,79.432,0.892,0.210,0.006,-0.035,-0.024,-0.264,-0.001,-0.003,19.708,-0.005,18.352,19.671,18.372
6.218,9.037,-0.001,0.991,-0.001,-0.001,0.135,-0.087,-0.084,79.271,-0.089,80.407,78.309,79.616,0.893,0.207,0.007,-0.044,-0.025,-0.264,-0.001,-0.004,19.714,-0.005,18.312,19.695,18.372
6.227,9.039,-0.001,0.991,-0.001,-0.001,0.134,-0.087,-0.084,79.468,-0.089,80.589,78.506,79.800,0.894,0.205,0.009,-0.052,-0.026,-0.265,-0.001,-0.004,19.722,-0.005,18.269,19.721,18.369
6.236,9.041,-0.001,0.991,-0.001,-0.001,0.133,-0.087,-0.084,79.665,-0.089,80.772,78.703,79.983,0.896,0.203,0.011,-0.059,-0.027,-0.265,-0.001,-0.004,19.728,-0.004,18.223,19.749,18.359
6.245,9.043,-0.001,0.991,-0.002,-0.001,0.131,-0.087,-0.084,79.863,-0.089,80.954,78.901,80.167,0.898,0.201,0.013,-0.060,-0.026,-0.266,-0.001,-0.005,19.730,-0.004,18.176,19.781,18.343
6.254,9.045,-0.001,0.992,-0.002,-0.001,0.130,-0.087,-0.084,80.060,-0.090,81.135,79.099,80.350,0.900,0.199,0.014,-0.056,-0.024,-0.267,-0.001,-0.005,19.726,-0.004,18.130,19.814,18.319
6.263,9.047,-0.001,0.992,-0.002,-0.002,0.129,-0.087,-0.084,80.257,-0.090,81.316,79.297,80.533,0.902,0.197,0.015,-0.043,-0.019,-0.268,-0.001,-0.005,19.713,-0.003,18.087,19.844,18.288
6.272,9.049,-0.000,0.992,-0.002,-0.002,0.127,-0.087,-0.084,80.454,-0.090,81.497,79.496,80.716,0.904,0.195,0.015,-0.024,-0.011,-0.269,-0.001,-0.005,19.690,-0.002,18.052,19.867,18.252
6.281,9.051,-0.000,0.992,-0.002,-0.002,0.126,-0.087,-0.084,80.651,-0.090,81.678,79.694,80.898,0.906,0.193,0.015,0.001,0.000,-0.270,-0.001,-0.005,19.659,-0.002,18.028,19.880,18.213
6.290,9.053,-0.000,0.992,-0.002,-0.002,0.125,-0.087,-0.084,80.847,-0.090,81.858,79.893,81.080,0.908,0.191,0.014,0.031,0.015,-0.271,-0.000,-0.005,19.621,-0.001,18.017,19.878,18.176
6.299,9.055,0.000,0.992,-0.002,-0.001,0.123,-0.087,-0.084,81.043,-0.090,82.038,80.092,81.262,0.910,0.189,0.012,0.062,0.031,-0.273,-0.000,-0.005,19.581,0.000,18.024,19.858,18.143
6.308,9.056,0.000,0.993,-0.002,-0.001,0.122,-0.087,-0.084,81.239,-0.090,82.218,80.290,81.443,0.912,0.187,0.009,0.092,0.049,-0.274,-0.000,-0.005,19.542,0.001,18.049,19.818,18.119
6.318,9.058,0.000,0.993,-0.001,-0.001,0.121,-0.087,-0.084,81.434,-0.090,82.399,80.488,81.624,0.914,0.184,0.005,0.117,0.065,-0.276,-0.000,-0.004,19.509,0.001,18.093,19.761,18.106
6.327,9.060,0.000,0.993,-0.001,-0.000,0.119,-0.087,-0.084,81.629,-0.090,82.580,80.686,81.805,0.915,0.182,0.001,0.133,0.077,-0.277,-0.000,-0.004,19.487,0.001,18.156,19.689,18.105
6.336,9.062,0.000,0.993,0.000,0.000,0.118,-0.087,-0.084,81.824,-0.090,82.762,80.882,81.986,0.916,0.179,-0.003,0.137,0.083,-0.278,0.000,-0.003,19.478,0.001,18.236,19.607,18.117
6.345,9.064,0.000,0.993,0.001,0.000,0.117,-0.087,-0.084,82.019,-0.090,82.945,81.078,82.167,0.917,0.176,-0.007,0.128,0.080,-0.278,0.000,-0.002,19.482,0.001,18.328,19.522,18.141
6.354,9.065,0.000,0.993,0.001,0.001,0.115,-0.087,-0.084,82.214,-0.090,83.129,81.272,82.349,0.918,0.174,-0.010,0.107,0.069,-0.278,0.000,-0.000,19.499,0.001,18.424,19.440,18.175
6.363,9.067,-0.000,0.994,0.002,0.001,0.114,-0.087,-0.084,82.409,-0.090,83.313,81.466,82.531,0.918,0.171,-0.013,0.079,0.053,-0.277,0.001,0.001,19.525,0.001,18.514,19.368,18.215
6.373,9.069,-0.000,0.994,0.002,0.002,0.112,-0.087,-0.084,82.604,-0.090,83.499,81.660,82.713,0.917,0.168,-0.015,0.048,0.036,-0.276,0.001,0.003,19.558,0.002,18.590,19.311,18.257
6.382,9.071,-0.000,0.994,0.002,0.002,0.111,-0.087,-0.084,82.800,-0.090,83.685,81.853,82.896,0.917,0.166,-0.016,0.018,0.017,-0.275,0.001,0.004,19.595,0.002,18.647,19.272,18.298
6.391,9.072,-0.001,0.994,0.002,0.002,0.110,-0.087,-0.084,82.996,-0.089,83.872,82.045,83.079,0.915,0.163,-0.016,-0.011,-0.002,-0.274,0.001,0.005,19.634,0.003,18.685,19.255,18.336
6.400,9.074,-0.001,0.994,0.002,0.002,0.108,-0.087,-0.084,83.193,-0.089,84.059,82.238,83.263,0.914,0.160,-0.016,-0.037,-0.019,-0.272,0.001,0.006,19.671,0.003,18.703,19.258,18.369
6.409,9.075,-0.001,0.994,0.002,0.002,0.107,-0.087,-0.084,83.389,-0.089,84.246,82.431,83.447,0.913,0.157,-0.015,-0.056,-0.033,-0.271,0.001,0.006,19.703,0.003,18.703,19.280,18.395
6.418,9.077,-0.001,0.994,0.001,0.001,0.106,-0.087,-0.084,83.587,-0.089,84.433,82.624,83.631,0.911,0.155,-0.013,-0.068,-0.043,-0.269,0.001,0.006,19.727,0.003,18.688,19.317,18.413
6.427,9.078,-0.001,0.995,0.001,0.001,0.104,-0.087,-0.084,83.784,-0.089,84.620,82.817,83.815,0.910,0.152,-0.010,-0.072,-0.049,-0.268,0.001,0.006,19.742,0.003,18.660,19.365,18.423
6.437,9.080,-0.001,0.995,0.001,0.001,0.103,-0.087,-0.084,83.981,-0.089,84.806,83.011,83.999,0.909,0.149,-0.008,-0.070,-0.049,-0.266,0.001,0.005,19.747,0.002,18.624,19.417,18.424
6.446,9.081,-0.001,0.995,0.001,0.000,0.102,-0.087,-0.084,84.179,-0.089,84.992,83.205,84.183,0.907,0.147,-0.006,-0.062,-0.045,-0.265,0.000,0.004,19.745,0.002,18.584,19.471,18.418
6.455,9.083,-0.001,0.995,0.000,0.000,0.100,-0.087,-0.084,84.376,-0.089,85.178,83.400,84.367,0.906,0.144,-0.004,-0.051,-0.038,-0.265,-0.000,0.003,19.737,0.001,18.545,19.520,18.409
6.464,9.084,-0.001,0.995,0.000,0.000,0.099,-0.087,-0.084,84.574,-0.089,85.363,83.596,84.551,0.906,0.142,-0.002,-0.039,-0.029,-0.265,-0.000,0.002,19.728,-0.000,18.510,19.563,18.398
6.473,9.086,-0.001,0.995,-0.000,-0.000,0.098,-0.087,-0.084,84.771,-0.089,85.548,83.792,84.735,0.905,0.139,-0.001,-0.027,-0.021,-0.265,-0.001,0.001,19.719,-0.001,18.480,19.598,18.388
6.482,9.087,-0.001,0.995,-0.000,-0.000,0.096,-0.087,-0.084,84.968,-0.089,85.733,83.988,84.919,0.905,0.137,0.001,-0.019,-0.015,-0.265,-0.001,-0.000,19.714,-0.002,18.455,19.625,18.381
6.491,9.088,-0.001,0.995,-0.000,-0.000,0.095,-0.087,-0.084,85.165,-0.089,85.917,84.184,85.103,0.906,0.134,0.002,-0.015,-0.012,-0.265,-0.001,-0.001,19.713,-0.003,18.435,19.646,18.379
6.500,9.090,-0.001,0.996,-0.000,-0.000,0.094,-0.087,-0.084,85.362,-0.089,86.101,84.381,85.287,0.906,0.132,0.003,-0.015,-0.012,-0.265,-0.001,-0.002,19.716,-0.004,18.417,19.663,18.381
6.509,9.091,-0.001,0.996,-0.000,-0.000,0.092,-0.087,-0.084,85.559,-0.089,86.285,84.577,85.471,0.907,0.130,0.004,-0.019,-0.017,-0.266,-0.001,-0.003,19.722,-0.004,18.399,19.680,18.386
6.518,9.092,-0.001,0.996,-0.001,-0.000,0.091,-0.087,-0.084,85.757,-0.089,86.469,84.774,85.655,0.908,0.127,0.006,-0.025,-0.024,-0.266,-0.001,-0.004,19.729,-0.005,18.376,19.700,18.395
6.527,9.094,-0.001,0.996,-0.001,-0.001,0.090,-0.087,-0.084,85.954,-0.090,86.653,84.971,85.839,0.910,0.125,0.008,-0.032,-0.032,-0.266,-0.001,-0.004,19.734,-0.005,18.348,19.724,18.403
6.536,9.095,-0.001,0.996,-0.001,-0.001,0.088,-0.087,-0.084,86.151,-0.090,86.836,85.169,86.023,0.911,0.123,0.010,-0.038,-0.039,-0.267,-0.001,-0.005,19.733,-0.004,18.313,19.753,18.409
6.545,9.096,-0.001,0.996,-0.001,-0.001,0.087,-0.087,-0.084,86.349,-0.090,87.019,85.366,86.207,0.913,0.121,0.013,-0.041,-0.044,-0.267,-0.001,-0.005,19.724,-0.004,18.271,19.785,18.410
6.555,9.097,-0.001,0.996,-0.001,-0.001,0.086,-0.087,-0.084,86.546,-0.090,87.202,85.564,86.391,0.915,0.118,0.015,-0.039,-0.044,-0.268,-0.001,-0.005,19.705,-0.004,18.225,19.818,18.404
6.564,9.098,-0.001,0.996,-0.001,-0.002,0.084,-0.087,-0.084,86.743,-0.090,87.384,85.763,86.575,0.917,0.116,0.017,-0.032,-0.039,-0.269,-0.001,-0.005,19.676,-0.003,18.178,19.847,18.390
6.573,9.100,-0.000,0.997,-0.001,-0.002,0.083,-0.087,-0.084,86.939,-0.090,87.565,85.961,86.759,0.919,0.114,0.018,-0.020,-0.027,-0.270,-0.001,-0.005,19.638,-0.003,18.133,19.868,18.367
6.582,9.101,-0.000,0.997,-0.002,-0.002,0.082,-0.087,-0.084,87.136,-0.090,87.746,86.160,86.942,0.921,0.112,0.018,-0.004,-0.010,-0.271,-0.001,-0.005,19.596,-0.002,18.094,19.876,18.336
6.591,9.102,-0.000,0.997,-0.001,-0.002,0.080,-0.087,-0.084,87.331,-0.090,87.927,86.359,87.125,0.923,0.109,0.017,0.015,0.012,-0.272,-0.000,-0.004,19.552,-0.001,18.068,19.868,18.299
6.601,9.103,0.000,0.997,-0.001,-0.002,0.079,-0.087,-0.084,87.527,-0.090,88.108,86.557,87.308,0.925,0.107,0.015,0.036,0.036,-0.274,-0.000,-0.004,19.513,-0.001,18.057,19.841,18.260
6.610,9.104,0.000,0.997,-0.001,-0.001,0.078,-0.087,-0.084,87.722,-0.090,88.288,86.755,87.490,0.926,0.105,0.012,0.056,0.060,-0.275,0.000,-0.003,19.483,0.000,18.066,19.796,18.221
6.619,9.105,0.000,0.997,-0.001,-0.001,0.076,-0.087,-0.084,87.916,-0.090,88.469,86.953,87.673,0.928,0.102,0.007,0.073,0.082,-0.276,0.000,-0.002,19.465,0.001,18.095,19.735,18.188
6.628,9.106,0.000,0.997,-0.000,-0.001,0.075,-0.087,-0.084,88.111,-0.090,88.650,87.150,87.854,0.929,0.100,0.002,0.085,0.097,-0.277,0.001,-0.001,19.464,0.002,18.144,19.661,18.162
