-9.000,9.000,0.001,1.000,0.000,0.000,0.000,-0.000,-0.000,0.000,-0.000,0.000,0.000,0.000,-0.000,-0.000,0.000,-0.000,-0.000,-0.000,0.000,0.000,-0.000,0.000,-0.000,-0.000,-0.000
-9.000,9.000,0.001,1.000,-0.000,-0.000,0.000,-0.513,-0.362,0.007,-0.435,0.009,0.001,0.002,0.010,-0.003,0.001,-0.006,-0.012,0.011,-71.610,-52.199,1.194,-59.557,1.402,0.287,0.338
-9.000,9.000,0.001,1.000,-0.000,-0.000,-0.000,-0.941,-0.695,0.021,-0.793,0.023,0.008,0.007,0.045,-0.019,0.001,-0.022,-0.031,-0.115,-19.151,-16.450,1.744,-17.231,1.506,1.201,0.779
-8.999,9.000,0.001,1.000,-0.000,-0.000,-0.001,-0.985,-0.753,0.042,-0.838,0.039,0.024,0.017,0.072,-0.036,0.002,-0.026,-0.033,-0.216,7.810,3.759,2.332,7.851,1.716,1.961,1.100
-8.998,8.999,0.001,1.000,-0.000,-0.000,-0.002,-0.825,-0.647,0.068,-0.657,0.057,0.047,0.030,0.099,-0.046,0.003,-0.015,-0.035,-0.272,21.553,15.424,2.888,25.675,1.928,2.648,1.498
-8.997,8.999,0.001,1.000,-0.000,-0.001,-0.004,-0.618,-0.495,0.099,-0.412,0.078,0.077,0.047,0.125,-0.044,0.002,0.010,-0.026,-0.255,17.024,12.972,3.359,19.305,2.332,3.178,2.032
-8.996,8.998,0.001,1.000,-0.000,-0.001,-0.005,-0.510,-0.405,0.135,-0.306,0.105,0.111,0.070,0.149,-0.040,0.000,0.023,-0.012,-0.224,4.967,5.385,3.806,2.524,2.914,3.609,2.563
-8.994,8.998,0.001,1.000,-0.000,-0.001,-0.006,-0.503,-0.378,0.175,-0.342,0.137,0.149,0.098,0.171,-0.040,-0.001,0.018,-0.001,-0.222,-2.715,0.316,4.288,-8.501,3.481,4.056,3.024
-8.992,8.998,0.001,1.000,-0.000,-0.001,-0.007,-0.534,-0.387,0.221,-0.419,0.173,0.192,0.131,0.194,-0.045,-0.002,0.005,0.007,-0.253,-3.398,-2.012,4.842,-6.981,3.885,4.563,3.419
-8.990,8.997,0.001,1.000,-0.000,-0.001,-0.008,-0.557,-0.400,0.272,-0.462,0.214,0.240,0.167,0.216,-0.053,-0.003,-0.006,0.011,-0.300,-1.255,-0.724,5.405,-2.292,4.230,5.100,3.767
-8.988,8.996,0.000,1.000,-0.000,-0.001,-0.010,-0.563,-0.404,0.329,-0.473,0.258,0.294,0.206,0.236,-0.061,-0.004,-0.011,0.011,-0.343,-0.102,-0.117,5.961,-0.177,4.589,5.616,4.093
-8.986,8.996,0.000,1.000,-0.000,-0.001,-0.012,-0.561,-0.403,0.391,-0.470,0.306,0.353,0.248,0.256,-0.068,-0.004,-0.013,0.011,-0.379,0.352,0.127,6.494,0.631,4.956,6.111,4.417
-8.983,8.995,0.000,1.000,-0.000,-0.001,-0.014,-0.557,-0.402,0.459,-0.462,0.357,0.416,0.294,0.276,-0.074,-0.005,-0.014,0.010,-0.409,0.416,0.193,7.001,0.818,5.324,6.585,4.743
-8.980,8.994,0.000,1.000,-0.000,-0.000,-0.016,-0.553,-0.400,0.531,-0.454,0.412,0.484,0.343,0.295,-0.080,-0.005,-0.013,0.008,-0.434,0.319,0.181,7.487,0.745,5.687,7.039,5.070
-8.977,8.994,0.000,1.000,-0.000,-0.000,-0.018,-0.551,-0.398,0.609,-0.447,0.471,0.557,0.396,0.313,-0.085,-0.006,-0.012,0.007,-0.457,0.191,0.144,7.955,0.592,6.041,7.478,5.394
-8.974,8.993,0.000,1.000,-0.000,-0.000,-0.020,-0.549,-0.397,0.690,-0.442,0.533,0.634,0.451,0.331,-0.091,-0.006,-0.012,0.005,-0.478,0.091,0.106,8.408,0.438,6.386,7.902,5.710
-8.970,8.992,0.000,1.000,-0.000,-0.000,-0.023,-0.549,-0.396,0.777,-0.439,0.599,0.715,0.510,0.347,-0.096,-0.007,-0.012,0.004,-0.499,0.031,0.075,8.848,0.310,6.720,8.313,6.016
-8.967,8.991,0.000,1.000,-0.001,-0.000,-0.025,-0.549,-0.395,0.867,-0.436,0.667,0.800,0.571,0.364,-0.102,-0.008,-0.013,0.004,-0.519,0.002,0.053,9.275,0.215,7.043,8.712,6.312
-8.963,8.990,0.000,1.000,-0.001,-0.000,-0.028,-0.549,-0.395,0.962,-0.434,0.739,0.889,0.636,0.379,-0.108,-0.009,-0.013,0.004,-0.539,-0.009,0.037,9.690,0.146,7.355,9.100,6.597
-8.959,8.989,-0.000,1.000,-0.001,-0.000,-0.031,-0.549,-0.395,1.061,-0.433,0.815,0.982,0.703,0.394,-0.114,-0.010,-0.013,0.003,-0.559,-0.011,0.026,10.094,0.098,7.658,9.477,6.871
-8.955,8.987,-0.000,0.999,-0.001,-0.000,-0.034,-0.549,-0.394,1.164,-0.432,0.893,1.078,0.773,0.408,-0.120,-0.010,-0.013,0.003,-0.578,-0.009,0.018,10.486,0.065,7.950,9.842,7.136
-8.951,8.986,-0.000,0.999,-0.001,-0.000,-0.037,-0.549,-0.394,1.271,-0.432,0.973,1.179,0.846,0.421,-0.127,-0.011,-0.012,0.003,-0.597,-0.006,0.014,10.867,0.043,8.232,10.197,7.390
-8.947,8.985,-0.000,0.999,-0.001,-0.000,-0.040,-0.549,-0.394,1.381,-0.431,1.057,1.282,0.921,0.434,-0.133,-0.011,-0.010,0.003,-0.615,-0.003,0.010,11.236,0.028,8.505,10.540,7.635
-8.942,8.983,-0.000,0.999,-0.001,-0.000,-0.043,-0.549,-0.394,1.496,-0.431,1.144,1.389,0.999,0.446,-0.140,-0.011,-0.007,0.002,-0.633,-0.002,0.008,11.592,0.019,8.769,10.873,7.872
-8.938,8.982,-0.001,0.999,-0.001,-0.000,-0.046,-0.549,-0.394,1.613,-0.431,1.233,1.500,1.079,0.457,-0.146,-0.011,-0.003,0.002,-0.650,-0.000,0.005,11.937,0.013,9.024,11.194,8.101
-8.933,8.981,-0.001,0.999,-0.001,-0.000,-0.049,-0.549,-0.394,1.734,-0.431,1.324,1.613,1.161,0.468,-0.153,-0.010,0.002,0.001,-0.666,0.000,0.003,12.268,0.010,9.270,11.504,8.321
-8.929,8.979,-0.001,0.999,-0.001,-0.000,-0.053,-0.549,-0.394,1.858,-0.431,1.418,1.730,1.245,0.478,-0.159,-0.009,0.007,-0.001,-0.682,0.001,0.002,12.587,0.008,9.508,11.802,8.535
-8.924,8.977,-0.001,0.998,-0.001,-0.000,-0.056,-0.549,-0.394,1.986,-0.431,1.514,1.849,1.331,0.488,-0.166,-0.008,0.012,-0.002,-0.698,0.001,-0.000,12.892,0.007,9.737,12.088,8.742
-8.919,8.976,-0.001,0.998,-0.001,-0.000,-0.060,-0.549,-0.394,2.116,-0.431,1.613,1.972,1.420,0.497,-0.173,-0.007,0.017,-0.003,-0.713,0.001,-0.001,13.185,0.006,9.959,12.363,8.942
-8.914,8.974,-0.001,0.998,-0.001,-0.000,-0.063,-0.549,-0.394,2.250,-0.430,1.713,2.097,1.510,0.506,-0.180,-0.006,0.022,-0.004,-0.727,0.001,-0.003,13.465,0.005,10.173,12.626,9.136
-8.909,8.972,-0.001,0.998,-0.001,-0.000,-0.067,-0.549,-0.394,2.386,-0.430,1.816,2.224,1.603,0.514,-0.187,-0.005,0.025,-0.005,-0.741,0.000,-0.003,13.733,0.005,10.380,12.878,9.324
-8.904,8.970,-0.001,0.998,-0.000,-0.000,-0.071,-0.549,-0.394,2.524,-0.430,1.921,2.354,1.697,0.522,-0.194,-0.004,0.027,-0.006,-0.754,0.000,-0.004,13.989,0.005,10.580,13.120,9.506
-8.898,8.968,-0.001,0.997,-0.000,-0.000,-0.074,-0.549,-0.394,2.665,-0.430,2.028,2.486,1.793,0.530,-0.201,-0.002,0.028,-0.007,-0.768,0.001,-0.004,14.233,0.005,10.774,13.354,9.685
-8.893,8.966,-0.001,0.997,-0.000,-0.001,-0.078,-0.549,-0.394,2.809,-0.430,2.136,2.621,1.890,0.537,-0.209,-0.001,0.028,-0.008,-0.780,0.001,-0.004,14.464,0.005,10.962,13.580,9.859
-8.888,8.964,-0.001,0.997,-0.000,-0.001,-0.082,-0.549,-0.394,2.955,-0.430,2.247,2.758,1.990,0.544,-0.216,-0.000,0.026,-0.009,-0.792,0.001,-0.003,14.685,0.005,11.144,13.798,10.029
-8.882,8.962,-0.001,0.996,0.000,-0.001,-0.086,-0.549,-0.394,3.102,-0.430,2.359,2.897,2.091,0.551,-0.224,0.000,0.022,-0.008,-0.804,0.001,-0.003,14.899,0.005,11.321,14.010,10.194
-8.876,8.960,-0.001,0.996,0.000,-0.001,-0.090,-0.549,-0.394,3.252,-0.430,2.473,3.038,2.194,0.558,-0.231,0.001,0.016,-0.008,-0.815,0.001,-0.002,15.107,0.005,11.491,14.215,10.354
-8.871,8.957,-0.001,0.996,0.000,-0.001,-0.094,-0.549,-0.394,3.405,-0.430,2.589,3.181,2.298,0.564,-0.239,0.001,0.010,-0.006,-0.826,0.001,-0.002,15.311,0.004,11.656,14.415,10.509
-8.865,8.955,-0.001,0.995,0.000,-0.001,-0.098,-0.549,-0.394,3.559,-0.430,2.706,3.326,2.404,0.570,-0.247,0.001,0.004,-0.004,-0.837,0.001,-0.002,15.511,0.004,11.815,14.611,10.658
-8.859,8.952,-0.001,0.995,0.000,-0.001,-0.103,-0.549,-0.394,3.715,-0.430,2.825,3.474,2.511,0.576,-0.255,0.001,0.000,-0.003,-0.847,0.000,-0.002,15.707,0.003,11.969,14.802,10.801
-8.854,8.950,-0.001,0.994,0.000,-0.001,-0.107,-0.549,-0.394,3.873,-0.430,2.946,3.622,2.620,0.581,-0.263,0.001,-0.001,-0.002,-0.858,0.000,-0.002,15.899,0.003,12.118,14.990,10.939
-8.848,8.947,-0.001,0.994,0.000,-0.001,-0.111,-0.549,-0.394,4.033,-0.430,3.068,3.773,2.730,0.586,-0.271,0.001,0.000,-0.003,-0.869,-0.000,-0.003,16.088,0.002,12.264,15.173,11.069
-8.842,8.944,-0.001,0.993,0.000,-0.001,-0.115,-0.549,-0.394,4.195,-0.430,3.191,3.926,2.841,0.590,-0.279,0.002,0.004,-0.005,-0.881,-0.000,-0.004,16.272,0.002,12.407,15.353,11.192
-8.836,8.941,-0.001,0.993,0.000,-0.001,-0.120,-0.549,-0.394,4.358,-0.430,3.316,4.080,2.954,0.594,-0.288,0.003,0.009,-0.009,-0.895,-0.001,-0.005,16.453,0.001,12.547,15.528,11.306
-8.830,8.938,-0.001,0.992,0.000,-0.001,-0.124,-0.549,-0.394,4.524,-0.430,3.442,4.236,3.067,0.597,-0.297,0.005,0.018,-0.013,-0.909,-0.001,-0.006,16.626,0.001,12.684,15.698,11.414
-8.824,8.935,-0.001,0.992,0.001,-0.001,-0.129,-0.549,-0.394,4.691,-0.430,3.569,4.394,3.182,0.601,-0.306,0.006,0.028,-0.017,-0.924,-0.001,-0.007,16.791,0.000,12.817,15.860,11.517
-8.818,8.932,-0.001,0.991,0.001,-0.001,-0.133,-0.549,-0.395,4.859,-0.430,3.698,4.554,3.298,0.604,-0.316,0.008,0.041,-0.019,-0.940,-0.001,-0.008,16.944,0.000,12.947,16.013,11.618
-8.812,8.929,-0.001,0.990,0.001,-0.001,-0.138,-0.549,-0.395,5.030,-0.430,3.828,4.715,3.414,0.607,-0.325,0.009,0.054,-0.019,-0.954,-0.001,-0.009,17.085,0.000,13.074,16.156,11.718
-8.806,8.926,-0.001,0.990,0.001,-0.001,-0.143,-0.549,-0.395,5.201,-0.430,3.960,4.877,3.532,0.609,-0.335,0.011,0.067,-0.018,-0.968,-0.001,-0.009,17.213,0.000,13.199,16.288,11.820
-8.800,8.922,-0.001,0.989,0.002,-0.001,-0.148,-0.549,-0.395,5.374,-0.430,4.092,5.040,3.651,0.612,-0.344,0.012,0.077,-0.017,-0.980,-0.001,-0.008,17.327,0.000,13.322,16.408,11.929
-8.794,8.919,-0.001,0.988,0.002,-0.002,-0.153,-0.549,-0.395,5.548,-0.430,4.226,5.205,3.771,0.615,-0.354,0.012,0.084,-0.015,-0.990,-0.000,-0.006,17.427,0.001,13.445,16.517,12.047
-8.788,8.915,-0.000,0.988,0.002,-0.002,-0.158,-0.549,-0.395,5.722,-0.430,4.361,5.371,3.892,0.618,-0.363,0.012,0.085,-0.013,-0.995,0.000,-0.004,17.514,0.002,13.566,16.615,12.176
-8.781,8.912,-0.000,0.987,0.003,-0.002,-0.162,-0.549,-0.395,5.898,-0.430,4.497,5.537,4.014,0.621,-0.371,0.012,0.080,-0.010,-0.996,0.001,-0.001,17.589,0.002,13.686,16.702,12.319
-8.775,8.908,-0.000,0.986,0.003,-0.002,-0.167,-0.549,-0.395,6.074,-0.430,4.635,5.705,4.138,0.625,-0.379,0.011,0.064,-0.005,-0.994,0.001,0.002,17.659,0.003,13.796,16.785,12.471
-8.769,8.904,-0.000,0.985,0.003,-0.002,-0.172,-0.549,-0.395,6.251,-0.430,4.773,5.873,4.264,0.628,-0.387,0.009,0.033,-0.001,-0.992,0.002,0.005,17.739,0.003,13.902,16.868,12.617
-8.763,8.900,0.000,0.984,0.003,-0.002,-0.177,-0.549,-0.395,6.429,-0.430,4.913,6.042,4.390,0.630,-0.396,0.007,-0.007,0.003,-0.992,0.002,0.008,17.832,0.003,14.003,16.956,12.750
-8.756,8.896,0.000,0.983,0.003,-0.002,-0.182,-0.549,-0.395,6.608,-0.430,5.053,6.212,4.519,0.632,-0.405,0.005,-0.049,0.007,-0.994,0.002,0.010,17.937,0.003,14.094,17.052,12.864
-8.750,8.892,0.000,0.982,0.003,-0.002,-0.187,-0.549,-0.395,6.788,-0.430,5.195,6.383,4.648,0.633,-0.413,0.003,-0.088,0.010,-0.997,0.002,0.011,18.055,0.002,14.174,17.158,12.959
-8.744,8.888,0.000,0.981,0.003,-0.002,-0.192,-0.549,-0.394,6.969,-0.430,5.337,6.555,4.778,0.634,-0.422,0.000,-0.123,0.012,-1.000,0.002,0.012,18.185,0.002,14.241,17.274,13.035
-8.737,8.884,0.000,0.980,0.002,-0.001,-0.197,-0.549,-0.394,7.151,-0.430,5.480,6.728,4.908,0.634,-0.431,-0.002,-0.151,0.014,-1.004,0.001,0.012,18.325,0.001,14.296,17.400,13.093
-8.731,8.879,0.000,0.979,0.001,-0.001,-0.202,-0.549,-0.394,7.335,-0.430,5.623,6.903,5.039,0.633,-0.440,-0.004,-0.172,0.015,-1.009,0.001,0.011,18.473,0.000,14.340,17.533,13.135
-8.725,8.875,0.000,0.978,0.000,-0.001,-0.207,-0.549,-0.394,7.521,-0.430,5.766,7.079,5.171,0.632,-0.448,-0.005,-0.184,0.018,-1.013,0.001,0.010,18.626,-0.000,14.373,17.673,13.160
-8.718,8.870,0.000,0.977,-0.001,-0.001,-0.212,-0.549,-0.394,7.708,-0.430,5.910,7.257,5.303,0.629,-0.457,-0.006,-0.186,0.020,-1.019,0.000,0.009,18.781,-0.001,14.399,17.814,13.171
-8.712,8.866,-0.000,0.976,-0.001,-0.000,-0.217,-0.549,-0.394,7.896,-0.430,6.054,7.435,5.434,0.627,-0.465,-0.007,-0.174,0.020,-1.025,0.000,0.008,18.936,-0.002,14.420,17.955,13.169
-8.706,8.861,-0.000,0.975,-0.002,-0.000,-0.222,-0.549,-0.394,8.087,-0.430,6.199,7.616,5.566,0.623,-0.474,-0.006,-0.149,0.016,-1.033,-0.000,0.006,19.090,-0.003,14.437,18.092,13.156
-8.700,8.856,-0.000,0.974,-0.003,0.000,-0.227,-0.549,-0.394,8.278,-0.430,6.343,7.797,5.697,0.619,-0.482,-0.004,-0.116,0.010,-1.043,-0.001,0.003,19.238,-0.004,14.465,18.221,13.130
-8.693,8.851,-0.000,0.973,-0.003,0.000,-0.232,-0.549,-0.394,8.471,-0.430,6.488,7.980,5.829,0.614,-0.491,-0.002,-0.084,0.004,-1.055,-0.002,0.001,19.375,-0.005,14.504,18.339,13.098
-8.687,8.846,-0.000,0.972,-0.004,0.000,-0.237,-0.549,-0.394,8.666,-0.430,6.633,8.164,5.959,0.608,-0.500,-0.001,-0.057,0.001,-1.071,-0.002,-0.002,19.506,-0.006,14.537,18.452,13.064
-8.681,8.841,-0.000,0.970,-0.004,0.000,-0.242,-0.549,-0.394,8.861,-0.430,6.779,8.349,6.090,0.603,-0.510,-0.001,-0.033,0.005,-1.089,-0.002,-0.003,19.627,-0.007,14.569,18.555,13.028
-8.675,8.836,-0.000,0.969,-0.004,0.000,-0.247,-0.549,-0.394,9.058,-0.430,6.924,8.535,6.220,0.597,-0.519,-0.002,-0.010,0.016,-1.108,-0.002,-0.004,19.741,-0.007,14.609,18.646,12.991
-8.669,8.831,-0.000,0.967,-0.004,0.001,-0.253,-0.549,-0.394,9.256,-0.430,7.071,8.722,6.350,0.590,-0.529,-0.004,0.011,0.029,-1.128,-0.002,-0.004,19.849,-0.007,14.659,18.726,12.958
-8.663,8.826,-0.000,0.966,-0.004,0.001,-0.258,-0.549,-0.394,9.455,-0.430,7.218,8.910,6.479,0.584,-0.538,-0.006,0.030,0.039,-1.144,-0.002,-0.004,19.952,-0.006,14.720,18.796,12.943
-8.658,8.820,-0.000,0.965,-0.004,0.001,-0.264,-0.549,-0.394,9.655,-0.430,7.365,9.098,6.609,0.578,-0.547,-0.008,0.048,0.043,-1.155,-0.001,-0.004,20.052,-0.006,14.791,18.858,12.953
-8.652,8.815,-0.000,0.963,-0.003,0.001,-0.270,-0.549,-0.394,9.856,-0.430,7.514,9.287,6.738,0.573,-0.556,-0.009,0.061,0.041,-1.163,-0.001,-0.004,20.146,-0.005,14.871,18.914,12.987
-8.646,8.809,-0.001,0.961,-0.003,0.001,-0.275,-0.549,-0.394,10.058,-0.430,7.663,9.476,6.868,0.569,-0.564,-0.009,0.070,0.032,-1.168,-0.001,-0.004,20.232,-0.004,14.958,18.969,13.040
-8.640,8.803,-0.001,0.960,-0.003,0.001,-0.281,-0.549,-0.394,10.261,-0.430,7.813,9.666,6.999,0.564,-0.573,-0.008,0.076,0.019,-1.171,-0.001,-0.005,20.307,-0.002,15.049,19.024,13.110
-8.635,8.798,-0.001,0.958,-0.002,0.001,-0.286,-0.549,-0.394,10.464,-0.430,7.964,9.857,7.131,0.559,-0.581,-0.007,0.079,0.002,-1.172,-0.001,-0.006,20.371,-0.001,15.141,19.082,13.191
-8.629,8.792,-0.001,0.956,-0.002,0.001,-0.292,-0.549,-0.394,10.668,-0.430,8.116,10.048,7.263,0.555,-0.589,-0.005,0.082,-0.016,-1.174,-0.000,-0.007,20.422,0.000,15.228,19.142,13.279
-8.624,8.786,-0.001,0.955,-0.001,0.000,-0.298,-0.549,-0.394,10.873,-0.430,8.268,10.239,7.396,0.550,-0.598,-0.002,0.086,-0.032,-1.177,-0.000,-0.009,20.460,0.002,15.309,19.202,13.369
-8.618,8.780,-0.001,0.953,-0.001,0.000,-0.303,-0.549,-0.394,11.077,-0.430,8.422,10.432,7.530,0.545,-0.606,0.001,0.092,-0.045,-1.180,-0.000,-0.010,20.483,0.003,15.382,19.260,13.457
-8.613,8.774,-0.001,0.951,-0.001,-0.000,-0.309,-0.549,-0.395,11.282,-0.430,8.576,10.625,7.665,0.539,-0.614,0.003,0.100,-0.052,-1.185,-0.000,-0.011,20.492,0.003,15.448,19.314,13.541
-8.608,8.768,-0.001,0.949,-0.000,-0.001,-0.314,-0.549,-0.395,11.487,-0.430,8.731,10.818,7.801,0.534,-0.623,0.006,0.108,-0.053,-1.190,-0.000,-0.011,20.486,0.004,15.509,19.359,13.621
-8.602,8.761,-0.001,0.947,0.000,-0.001,-0.320,-0.549,-0.395,11.692,-0.430,8.886,11.012,7.938,0.528,-0.631,0.008,0.116,-0.047,-1.196,-0.000,-0.009,20.466,0.004,15.567,19.392,13.700
-8.597,8.755,-0.001,0.945,0.001,-0.001,-0.326,-0.549,-0.395,11.896,-0.430,9.042,11.206,8.075,0.523,-0.640,0.009,0.121,-0.036,-1.200,0.000,-0.007,20.433,0.003,15.627,19.411,13.780
-8.592,8.749,-0.001,0.943,0.001,-0.002,-0.331,-0.549,-0.395,12.100,-0.430,9.199,11.400,8.213,0.517,-0.648,0.010,0.123,-0.022,-1.201,0.000,-0.004,20.397,0.003,15.691,19.414,13.864
-8.587,8.742,-0.000,0.941,0.002,-0.002,-0.337,-0.549,-0.395,12.304,-0.430,9.356,11.594,8.352,0.513,-0.655,0.010,0.122,-0.008,-1.198,0.001,-0.000,20.365,0.003,15.759,19.400,13.957
-8.582,8.735,-0.000,0.939,0.002,-0.002,-0.343,-0.549,-0.395,12.508,-0.430,9.514,11.788,8.492,0.508,-0.663,0.009,0.115,0.004,-1.190,0.001,0.004,20.340,0.002,15.832,19.372,14.056
-8.576,8.729,-0.000,0.937,0.003,-0.002,-0.348,-0.549,-0.395,12.711,-0.430,9.672,11.981,8.634,0.504,-0.670,0.007,0.097,0.014,-1.180,0.002,0.007,20.328,0.002,15.896,19.339,14.164
-8.571,8.722,-0.000,0.935,0.003,-0.002,-0.354,-0.549,-0.395,12.914,-0.430,9.832,12.175,8.776,0.501,-0.676,0.004,0.067,0.027,-1.164,0.002,0.010,20.321,0.002,15.948,19.306,14.283
-8.566,8.715,-0.000,0.933,0.004,-0.002,-0.359,-0.549,-0.395,13.118,-0.430,9.991,12.368,8.919,0.498,-0.683,-0.001,0.026,0.041,-1.146,0.002,0.012,20.321,0.002,15.995,19.279,14.407
-8.561,8.708,-0.000,0.931,0.004,-0.002,-0.364,-0.549,-0.395,13.321,-0.430,10.152,12.560,9.064,0.494,-0.689,-0.005,-0.021,0.046,-1.134,0.002,0.012,20.344,0.002,16.052,19.272,14.504
-8.557,8.701,-0.000,0.929,0.004,-0.002,-0.370,-0.549,-0.394,13.525,-0.430,10.312,12.753,9.209,0.488,-0.696,-0.008,-0.064,0.042,-1.127,0.002,0.012,20.392,0.002,16.110,19.288,14.573
-8.552,8.694,-0.000,0.927,0.003,-0.001,-0.375,-0.549,-0.394,13.729,-0.430,10.474,12.946,9.355,0.482,-0.703,-0.010,-0.098,0.032,-1.124,0.002,0.011,20.458,0.003,16.158,19.326,14.619
-8.547,8.687,-0.000,0.925,0.003,-0.001,-0.380,-0.549,-0.394,13.934,-0.430,10.636,13.140,9.502,0.475,-0.709,-0.011,-0.122,0.016,-1.122,0.002,0.010,20.537,0.003,16.193,19.386,14.647
-8.542,8.680,-0.001,0.923,0.002,-0.001,-0.385,-0.549,-0.394,14.140,-0.430,10.798,13.334,9.648,0.467,-0.715,-0.011,-0.136,-0.004,-1.122,0.001,0.008,20.624,0.003,16.211,19.462,14.663
-8.538,8.673,-0.001,0.921,0.002,-0.001,-0.391,-0.549,-0.394,14.346,-0.430,10.960,13.529,9.795,0.460,-0.721,-0.010,-0.138,-0.025,-1.122,0.001,0.005,20.713,0.004,16.211,19.552,14.670
-8.533,8.666,-0.001,0.918,0.001,-0.000,-0.396,-0.549,-0.394,14.554,-0.430,11.122,13.725,9.942,0.451,-0.726,-0.007,-0.130,-0.047,-1.123,0.001,0.003,20.800,0.004,16.192,19.648,14.669
-8.529,8.659,-0.001,0.916,0.000,-0.000,-0.401,-0.549,-0.394,14.762,-0.430,11.283,13.922,10.088,0.443,-0.732,-0.003,-0.116,-0.064,-1.124,0.001,0.000,20.878,0.004,16.158,19.746,14.666
-8.524,8.651,-0.001,0.914,-0.000,-0.001,-0.406,-0.549,-0.394,14.971,-0.430,11.445,14.120,10.235,0.434,-0.737,0.000,-0.100,-0.074,-1.125,0.000,-0.001,20.940,0.003,16.110,19.841,14.663
-8.520,8.644,-0.001,0.912,-0.001,-0.001,-0.411,-0.549,-0.394,15.181,-0.430,11.606,14.319,10.381,0.426,-0.742,0.003,-0.087,-0.073,-1.126,-0.000,-0.003,20.982,0.003,16.055,19.929,14.662
-8.516,8.636,-0.001,0.909,-0.001,-0.001,-0.416,-0.549,-0.394,15.391,-0.430,11.766,14.518,10.528,0.418,-0.747,0.005,-0.077,-0.063,-1.126,-0.000,-0.003,21.008,0.001,15.998,20.008,14.664
-8.511,8.629,-0.001,0.907,-0.002,-0.001,-0.421,-0.532,-0.389,15.601,-0.426,11.926,14.719,10.675,0.411,-0.752,0.006,-0.071,-0.044,-1.127,2.700,0.827,21.041,0.653,15.943,20.083,14.675
-8.507,8.621,-0.001,0.905,-0.002,-0.001,-0.426,-0.503,-0.380,15.812,-0.419,12.085,14.920,10.822,0.405,-0.757,0.006,-0.068,-0.021,-1.119,2.844,0.834,21.048,0.690,15.905,20.141,14.708
-8.503,8.614,-0.001,0.902,-0.003,-0.001,-0.431,-0.478,-0.374,16.022,-0.413,12.244,15.122,10.969,0.399,-0.762,0.005,-0.067,0.004,-1.108,2.029,0.449,21.038,0.492,15.888,20.188,14.753
-8.499,8.606,-0.001,0.900,-0.003,-0.001,-0.436,-0.463,-0.371,16.232,-0.409,12.403,15.324,11.117,0.393,-0.767,0.004,-0.066,0.027,-1.100,1.104,0.037,21.027,0.266,15.888,20.230,14.790
-8.496,8.598,-0.001,0.897,-0.003,-0.000,-0.441,-0.455,-0.373,16.443,-0.407,12.562,15.526,11.265,0.386,-0.773,0.004,-0.059,0.043,-1.097,0.420,-0.273,21.034,0.100,15.898,20.270,14.806
-8.492,8.591,-0.000,0.895,-0.003,-0.000,-0.446,-0.453,-0.376,16.653,-0.407,12.721,15.729,11.413,0.378,-0.778,0.004,-0.045,0.047,-1.103,0.040,-0.426,21.076,0.010,15.919,20.308,14.789
-8.488,8.583,-0.000,0.892,-0.003,0.000,-0.451,-0.454,-0.381,16.864,-0.407,12.880,15.932,11.560,0.368,-0.785,0.006,-0.030,0.040,-1.117,-0.103,-0.392,21.149,-0.027,15.949,20.346,14.734
-8.484,8.575,-0.000,0.890,-0.003,0.000,-0.456,-0.455,-0.383,17.076,-0.407,13.040,16.136,11.707,0.356,-0.791,0.007,-0.013,0.029,-1.137,-0.088,-0.148,21.237,-0.027,15.979,20.384,14.656
-8.481,8.567,-0.000,0.887,-0.003,0.000,-0.461,-0.456,-0.384,17.289,-0.407,13.199,16.340,11.853,0.344,-0.797,0.009,-0.000,0.017,-1.162,-0.058,-0.042,21.337,-0.021,15.980,20.429,14.566
-8.477,8.559,-0.000,0.884,-0.003,0.000,-0.467,-0.456,-0.384,17.503,-0.407,13.359,16.545,11.999,0.331,-0.804,0.009,0.013,0.012,-1.191,-0.033,0.002,21.439,-0.015,15.972,20.475,14.464
-8.474,8.551,-0.000,0.882,-0.003,0.000,-0.472,-0.456,-0.384,17.718,-0.408,13.519,16.750,12.143,0.318,-0.810,0.009,0.029,0.012,-1.220,-0.016,0.017,21.527,-0.010,15.969,20.517,14.367
-8.471,8.543,-0.000,0.879,-0.003,0.000,-0.477,-0.456,-0.384,17.933,-0.408,13.679,16.955,12.286,0.305,-0.816,0.008,0.054,0.020,-1.249,-0.005,0.022,21.597,-0.006,15.984,20.551,14.275
-8.468,8.535,0.000,0.876,-0.002,0.000,-0.483,-0.456,-0.384,18.150,-0.408,13.839,17.161,12.428,0.289,-0.821,0.003,0.108,0.052,-1.290,0.002,0.024,21.671,0.001,16.056,20.568,14.134
-8.465,8.526,0.000,0.872,-0.002,0.000,-0.489,-0.456,-0.384,18.367,-0.408,14.000,17.366,12.569,0.276,-0.827,-0.001,0.151,0.075,-1.316,0.004,0.023,21.720,0.003,16.127,20.569,14.062
-8.463,8.518,-0.000,0.869,-0.001,0.000,-0.494,-0.456,-0.383,18.584,-0.408,14.161,17.572,12.709,0.266,-0.832,-0.003,0.170,0.085,-1.323,0.003,0.019,21.745,0.001,16.206,20.549,14.070
-8.460,8.510,-0.000,0.866,0.000,0.000,-0.500,-0.456,-0.383,18.801,-0.408,14.324,17.777,12.851,0.260,-0.838,-0.000,0.139,0.058,-1.295,0.001,0.014,21.699,-0.002,16.328,20.495,14.214
-8.457,8.501,-0.000,0.863,0.001,0.000,-0.506,-0.456,-0.383,19.018,-0.408,14.488,17.982,12.994,0.254,-0.843,0.000,0.120,0.046,-1.273,0.001,0.013,21.650,-0.002,16.447,20.428,14.348
-8.455,8.493,-0.000,0.860,0.001,-0.000,-0.511,-0.456,-0.383,19.234,-0.408,14.653,18.186,13.138,0.247,-0.848,-0.001,0.106,0.038,-1.252,0.002,0.015,21.604,-0.001,16.549,20.355,14.482
-8.452,8.484,-0.000,0.856,0.002,-0.000,-0.516,-0.456,-0.383,19.450,-0.408,14.819,18.389,13.283,0.241,-0.852,-0.003,0.088,0.029,-1.228,0.003,0.017,21.563,0.001,16.641,20.284,14.622
-8.450,8.476,-0.000,0.853,0.002,-0.000,-0.522,-0.456,-0.383,19.666,-0.408,14.986,18.591,13.430,0.235,-0.856,-0.004,0.067,0.014,-1.203,0.003,0.017,21.539,0.003,16.720,20.217,14.765
-8.448,8.467,-0.000,0.850,0.002,-0.000,-0.527,-0.456,-0.383,19.881,-0.408,15.153,18.793,13.579,0.229,-0.859,-0.006,0.046,-0.004,-1.178,0.003,0.016,21.545,0.003,16.782,20.159,14.898
-8.446,8.459,-0.000,0.847,0.003,-0.000,-0.532,-0.456,-0.382,20.097,-0.408,15.321,18.995,13.728,0.222,-0.861,-0.009,0.018,-0.012,-1.155,0.002,0.013,21.540,0.004,16.830,20.120,15.026
-8.443,8.450,-0.000,0.844,0.003,-0.001,-0.536,-0.456,-0.382,20.312,-0.408,15.490,19.196,13.879,0.215,-0.864,-0.012,-0.018,-0.013,-1.137,0.001,0.009,21.521,0.003,16.868,20.111,15.136
-8.441,8.441,-0.000,0.841,0.002,-0.000,-0.541,-0.456,-0.382,20.527,-0.408,15.659,19.397,14.031,0.207,-0.866,-0.015,-0.048,-0.017,-1.127,0.001,0.006,21.526,0.003,16.892,20.129,15.213
-8.439,8.433,-0.001,0.838,0.002,-0.000,-0.546,-0.456,-0.382,20.742,-0.408,15.828,19.598,14.183,0.197,-0.867,-0.016,-0.067,-0.025,-1.122,0.000,0.003,21.553,0.002,16.902,20.169,15.263
-8.437,8.424,-0.001,0.835,0.002,-0.000,-0.551,-0.456,-0.382,20.958,-0.407,15.997,19.800,14.336,0.187,-0.869,-0.015,-0.071,-0.036,-1.121,-0.000,0.000,21.590,0.002,16.899,20.225,15.288
-8.435,8.415,-0.001,0.832,0.001,-0.000,-0.555,-0.456,-0.382,21.174,-0.407,16.166,20.003,14.489,0.176,-0.870,-0.012,-0.068,-0.050,-1.124,-0.000,-0.002,21.636,0.001,16.883,20.294,15.286
-8.434,8.407,-0.001,0.829,0.001,-0.000,-0.560,-0.456,-0.382,21.391,-0.407,16.334,20.206,14.642,0.164,-0.870,-0.008,-0.062,-0.062,-1.132,-0.001,-0.003,21.680,0.001,16.856,20.370,15.266
-8.432,8.398,-0.001,0.825,0.000,-0.000,-0.565,-0.456,-0.382,21.608,-0.407,16.503,20.410,14.794,0.152,-0.871,-0.004,-0.055,-0.066,-1.138,-0.001,-0.004,21.712,0.001,16.819,20.445,15.242
-8.431,8.389,-0.001,0.822,0.000,-0.001,-0.569,-0.456,-0.382,21.825,-0.407,16.671,20.615,14.947,0.141,-0.872,-0.002,-0.049,-0.063,-1.143,-0.000,-0.004,21.727,0.001,16.779,20.512,15.223
-8.429,8.381,-0.001,0.819,-0.000,-0.001,-0.574,-0.456,-0.382,22.042,-0.407,16.838,20.821,15.099,0.131,-0.873,0.001,-0.043,-0.054,-1.144,-0.000,-0.003,21.728,0.001,16.739,20.569,15.213
-8.428,8.372,-0.001,0.816,-0.001,-0.001,-0.579,-0.456,-0.382,22.260,-0.407,17.005,21.026,15.251,0.122,-0.874,0.002,-0.037,-0.042,-1.143,0.000,-0.002,21.722,0.002,16.702,20.614,15.213
-8.427,8.363,-0.001,0.812,-0.001,-0.001,-0.583,-0.456,-0.382,22.477,-0.407,17.172,21.233,15.403,0.112,-0.875,0.004,-0.032,-0.032,-1.139,0.000,-0.002,21.713,0.002,16.670,20.647,15.225
-8.426,8.354,-0.001,0.809,-0.001,-0.001,-0.588,-0.456,-0.382,22.694,-0.407,17.339,21.439,15.555,0.104,-0.877,0.005,-0.027,-0.025,-1.134,0.001,-0.002,21.704,0.003,16.644,20.673,15.248
-8.425,8.346,-0.001,0.806,-0.001,-0.001,-0.593,-0.456,-0.382,22.911,-0.407,17.505,21.646,15.708,0.095,-0.879,0.006,-0.024,-0.025,-1.129,0.000,-0.003,21.697,0.003,16.623,20.695,15.278
-8.424,8.337,-0.001,0.802,-0.001,-0.001,-0.597,-0.456,-0.382,23.128,-0.407,17.671,21.853,15.861,0.086,-0.881,0.007,-0.020,-0.030,-1.125,0.000,-0.004,21.692,0.003,16.604,20.718,15.310
-8.423,8.328,-0.001,0.799,-0.002,-0.001,-0.602,-0.456,-0.382,23.345,-0.407,17.837,22.061,16.014,0.077,-0.883,0.008,-0.015,-0.040,-1.124,-0.000,-0.006,21.690,0.003,16.583,20.747,15.339
-8.422,8.319,-0.001,0.795,-0.002,-0.001,-0.606,-0.456,-0.382,23.562,-0.407,18.003,22.268,16.168,0.067,-0.885,0.010,-0.010,-0.051,-1.127,-0.001,-0.007,21.687,0.002,16.558,20.783,15.362
-8.422,8.310,-0.001,0.792,-0.002,-0.001,-0.611,-0.456,-0.383,23.778,-0.407,18.168,22.476,16.321,0.056,-0.888,0.011,-0.003,-0.062,-1.133,-0.001,-0.009,21.678,0.001,16.528,20.825,15.377
-8.421,8.301,-0.000,0.789,-0.002,-0.002,-0.615,-0.456,-0.383,23.995,-0.407,18.333,22.685,16.475,0.045,-0.890,0.012,0.006,-0.068,-1.141,-0.001,-0.009,21.661,-0.000,16.493,20.869,15.387
-8.421,8.292,-0.000,0.785,-0.002,-0.002,-0.620,-0.456,-0.383,24.212,-0.407,18.498,22.894,16.629,0.034,-0.892,0.013,0.014,-0.065,-1.150,-0.002,-0.009,21.633,-0.002,16.456,20.911,15.391
-8.421,8.283,-0.000,0.781,-0.002,-0.002,-0.624,-0.456,-0.383,24.428,-0.407,18.663,23.103,16.783,0.023,-0.894,0.013,0.023,-0.052,-1.158,-0.002,-0.007,21.595,-0.003,16.421,20.943,15.392
-8.420,8.275,-0.000,0.778,-0.002,-0.003,-0.629,-0.456,-0.383,24.644,-0.407,18.827,23.312,16.937,0.012,-0.895,0.012,0.031,-0.027,-1.167,-0.002,-0.003,21.553,-0.005,16.392,20.959,15.387
-8.420,8.266,0.000,0.774,-0.002,-0.003,-0.633,-0.456,-0.383,24.859,-0.407,18.990,23.522,17.091,0.001,-0.896,0.010,0.037,0.009,-1.174,-0.001,0.001,21.516,-0.006,16.374,20.954,15.374
-8.420,8.257,0.000,0.770,-0.002,-0.003,-0.638,-0.456,-0.383,25.074,-0.407,19.154,23.731,17.244,-0.010,-0.897,0.008,0.041,0.050,-1.179,-0.001,0.005,21.490,-0.007,16.372,20.925,15.355
-8.421,8.248,0.000,0.767,-0.002,-0.003,-0.642,-0.456,-0.383,25.289,-0.408,19.318,23.940,17.398,-0.021,-0.897,0.004,0.041,0.093,-1.182,-0.000,0.009,21.480,-0.007,16.391,20.871,15.334
-8.421,8.239,0.000,0.763,-0.001,-0.002,-0.647,-0.456,-0.383,25.504,-0.408,19.482,24.149,17.551,-0.031,-0.897,0.001,0.035,0.128,-1.180,0.000,0.012,21.490,-0.007,16.432,20.797,15.315
-8.421,8.230,0.000,0.759,-0.000,-0.002,-0.651,-0.456,-0.383,25.719,-0.408,19.647,24.356,17.704,-0.040,-0.898,-0.002,0.025,0.153,-1.175,0.001,0.014,21.523,-0.006,16.495,20.708,15.297
-8.422,8.221,0.000,0.755,0.000,-0.001,-0.656,-0.456,-0.382,25.934,-0.408,19.812,24.563,17.857,-0.050,-0.898,-0.004,0.009,0.164,-1.169,0.001,0.015,21.579,-0.005,16.574,20.614,15.276
-8.422,8.212,0.000,0.751,0.001,-0.001,-0.660,-0.456,-0.382,26.150,-0.408,19.978,24.769,18.010,-0.059,-0.898,-0.005,-0.008,0.161,-1.163,0.001,0.014,21.655,-0.004,16.660,20.527,15.249
-8.423,8.203,0.000,0.747,0.001,-0.000,-0.664,-0.456,-0.382,26.367,-0.408,20.145,24.974,18.162,-0.070,-0.898,-0.007,-0.026,0.145,-1.161,0.001,0.012,21.749,-0.002,16.744,20.455,15.211
-8.424,8.194,-0.000,0.744,0.001,0.001,-0.669,-0.456,-0.382,26.585,-0.408,20.313,25.178,18.314,-0.080,-0.897,-0.007,-0.042,0.117,-1.162,0.001,0.009,21.861,-0.001,16.814,20.404,15.160
-8.424,8.185,-0.000,0.740,0.002,0.001,-0.673,-0.456,-0.382,26.804,-0.408,20.481,25.382,18.465,-0.092,-0.895,-0.008,-0.055,0.081,-1.166,0.001,0.006,21.983,0.001,16.863,20.378,15.099
-8.425,8.176,-0.000,0.736,0.002,0.002,-0.677,-0.456,-0.382,27.025,-0.408,20.650,25.585,18.616,-0.104,-0.893,-0.007,-0.064,0.040,-1.172,0.000,0.001,22.102,0.002,16.891,20.377,15.034
-8.427,8.167,-0.000,0.732,0.001,0.002,-0.682,-0.456,-0.382,27.246,-0.408,20.819,25.789,18.766,-0.117,-0.891,-0.007,-0.073,-0.003,-1.182,0.000,-0.003,22.204,0.003,16.920,20.403,14.965
-8.428,8.158,-0.000,0.728,0.001,0.002,-0.686,-0.456,-0.382,27.469,-0.408,20.989,25.994,18.915,-0.129,-0.888,-0.006,-0.079,-0.040,-1.194,-0.000,-0.005,22.282,0.004,16.943,20.451,14.897
-8.429,8.149,-0.000,0.724,0.001,0.002,-0.690,-0.456,-0.382,27.692,-0.408,21.158,26.198,19.064,-0.142,-0.885,-0.006,-0.078,-0.065,-1.206,-0.000,-0.007,22.336,0.004,16.947,20.517,14.831
-8.431,8.140,-0.000,0.719,-0.000,0.002,-0.695,-0.456,-0.382,27.916,-0.408,21.327,26.404,19.212,-0.155,-0.881,-0.007,-0.068,-0.075,-1.220,-0.000,-0.007,22.370,0.004,16.929,20.594,14.772
-8.432,8.132,-0.000,0.715,-0.001,0.002,-0.699,-0.456,-0.382,28.139,-0.408,21.497,26.610,19.359,-0.167,-0.877,-0.007,-0.050,-0.074,-1.230,0.000,-0.006,22.385,0.004,16.895,20.673,14.728
-8.434,8.123,-0.001,0.711,-0.001,0.002,-0.703,-0.456,-0.382,28.363,-0.408,21.665,26.817,19.506,-0.179,-0.873,-0.008,-0.025,-0.066,-1.235,0.000,-0.005,22.387,0.003,16.852,20.745,14.709
-8.436,8.114,-0.001,0.706,-0.001,0.002,-0.708,-0.456,-0.382,28.587,-0.408,21.834,27.025,19.653,-0.190,-0.870,-0.009,0.001,-0.054,-1.237,-0.000,-0.004,22.380,0.002,16.807,20.806,14.713
-8.438,8.105,-0.001,0.702,-0.001,0.002,-0.712,-0.456,-0.382,28.811,-0.408,22.001,27.233,19.801,-0.200,-0.867,-0.008,0.027,-0.041,-1.236,-0.000,-0.003,22.368,0.001,16.764,20.852,14.737
-8.440,8.097,-0.001,0.698,-0.001,0.001,-0.717,-0.456,-0.382,29.034,-0.408,22.169,27.442,19.948,-0.210,-0.864,-0.008,0.050,-0.031,-1.233,-0.000,-0.004,22.354,0.000,16.731,20.885,14.778
-8.442,8.088,-0.001,0.693,-0.001,0.001,-0.721,-0.456,-0.382,29.258,-0.408,22.336,27.651,20.096,-0.220,-0.861,-0.006,0.067,-0.028,-1.229,-0.001,-0.005,22.337,-0.000,16.712,20.906,14.832
-8.444,8.080,-0.001,0.689,-0.001,0.001,-0.725,-0.456,-0.382,29.481,-0.408,22.503,27.860,20.245,-0.230,-0.859,-0.003,0.076,-0.032,-1.224,-0.001,-0.006,22.315,-0.001,16.710,20.920,14.895
-8.447,8.071,-0.001,0.684,-0.001,0.000,-0.729,-0.456,-0.383,29.704,-0.408,22.670,28.070,20.394,-0.240,-0.856,0.000,0.076,-0.044,-1.222,-0.001,-0.008,22.285,-0.001,16.726,20.933,14.962
-8.449,8.062,-0.001,0.680,-0.001,-0.000,-0.733,-0.456,-0.383,29.927,-0.408,22.838,28.279,20.544,-0.251,-0.854,0.004,0.069,-0.058,-1.222,-0.001,-0.010,22.247,-0.001,16.751,20.948,15.021
-8.452,8.054,-0.001,0.675,-0.001,-0.001,-0.738,-0.456,-0.383,30.149,-0.408,23.005,28.489,20.695,-0.262,-0.852,0.007,0.058,-0.071,-1.227,-0.001,-0.011,22.201,0.000,16.777,20.971,15.067
-8.454,8.045,-0.001,0.671,-0.001,-0.001,-0.742,-0.456,-0.383,30.371,-0.408,23.173,28.698,20.845,-0.273,-0.849,0.009,0.045,-0.080,-1.235,-0.001,-0.010,22.148,0.001,16.795,21.001,15.098
-8.457,8.037,-0.001,0.666,-0.001,-0.002,-0.746,-0.456,-0.383,30.592,-0.408,23.341,28.909,20.997,-0.285,-0.846,0.011,0.033,-0.081,-1.244,-0.000,-0.008,22.089,0.002,16.802,21.035,15.120
-8.460,8.028,-0.001,0.661,-0.001,-0.002,-0.750,-0.456,-0.383,30.813,-0.407,23.509,29.119,21.148,-0.297,-0.844,0.011,0.022,-0.075,-1.251,0.000,-0.005,22.027,0.003,16.795,21.066,15.140
-8.463,8.020,-0.000,0.657,-0.002,-0.002,-0.754,-0.456,-0.383,31.033,-0.407,23.677,29.330,21.299,-0.308,-0.841,0.011,0.016,-0.061,-1.253,0.001,-0.001,21.966,0.003,16.773,21.088,15.164
-8.466,8.012,-0.000,0.652,-0.002,-0.003,-0.758,-0.456,-0.383,31.252,-0.407,23.845,29.541,21.451,-0.318,-0.839,0.010,0.017,-0.041,-1.250,0.002,0.003,21.900,0.004,16.741,21.095,15.202
-8.469,8.003,-0.000,0.647,-0.002,-0.003,-0.762,-0.456,-0.383,31.470,-0.407,24.012,29.752,21.603,-0.326,-0.837,0.010,0.027,-0.020,-1.237,0.002,0.007,21.813,0.004,16.707,21.087,15.270
-8.473,7.995,-0.000,0.643,-0.002,-0.003,-0.766,-0.456,-0.383,31.688,-0.407,24.179,29.962,21.757,-0.333,-0.837,0.009,0.042,0.001,-1.212,0.003,0.011,21.706,0.004,16.681,21.053,15.382
-8.476,7.987,-0.000,0.638,-0.001,-0.003,-0.770,-0.456,-0.383,31.905,-0.407,24.346,30.173,21.911,-0.338,-0.837,0.008,0.041,0.020,-1.180,0.002,0.012,21.602,0.003,16.695,20.990,15.516
-8.479,7.978,-0.000,0.634,-0.001,-0.003,-0.774,-0.456,-0.383,32.120,-0.407,24.513,30.382,22.067,-0.344,-0.837,0.008,0.026,0.032,-1.156,0.001,0.011,21.534,0.001,16.712,20.924,15.632
-8.483,7.970,0.000,0.629,-0.001,-0.003,-0.777,-0.456,-0.383,32.336,-0.407,24.680,30.591,22.224,-0.350,-0.836,0.002,-0.025,0.071,-1.131,-0.001,0.006,21.529,-0.003,16.716,20.831,15.726
-8.486,7.961,0.000,0.625,-0.001,-0.003,-0.781,-0.456,-0.382,32.551,-0.407,24.847,30.799,22.381,-0.357,-0.834,-0.002,-0.057,0.095,-1.119,-0.001,0.004,21.533,-0.003,16.727,20.761,15.785
-8.490,7.953,0.000,0.620,-0.001,-0.002,-0.784,-0.456,-0.382,32.766,-0.407,25.014,31.006,22.539,-0.366,-0.832,-0.006,-0.076,0.108,-1.115,-0.001,0.003,21.537,-0.003,16.748,20.718,15.828
-8.494,7.945,-0.000,0.616,-0.000,-0.001,-0.788,-0.456,-0.382,32.982,-0.407,25.182,31.213,22.698,-0.375,-0.829,-0.009,-0.094,0.117,-1.115,-0.000,0.002,21.540,-0.002,16.775,20.694,15.872
-8.497,7.937,-0.000,0.612,-0.000,-0.001,-0.791,-0.456,-0.382,33.197,-0.407,25.350,31.420,22.857,-0.386,-0.825,-0.008,-0.063,0.084,-1.120,0.000,0.004,21.611,-0.001,16.815,20.693,15.864
-8.501,7.928,-0.000,0.607,-0.000,-0.000,-0.795,-0.456,-0.382,33.414,-0.407,25.518,31.627,23.015,-0.397,-0.820,-0.006,-0.007,0.027,-1.127,0.000,0.004,21.743,-0.002,16.854,20.701,15.811
-8.505,7.920,-0.000,0.603,-0.000,-0.000,-0.798,-0.456,-0.382,33.632,-0.407,25.687,31.834,23.173,-0.408,-0.814,-0.007,0.015,-0.002,-1.131,-0.001,0.002,21.845,-0.003,16.885,20.710,15.765
-8.510,7.912,-0.000,0.598,0.000,-0.000,-0.801,-0.456,-0.382,33.851,-0.407,25.856,32.041,23.330,-0.418,-0.808,-0.009,0.004,-0.005,-1.134,-0.001,-0.000,21.921,-0.004,16.907,20.722,15.717
-8.514,7.904,-0.000,0.593,-0.000,-0.000,-0.805,-0.456,-0.382,34.070,-0.408,26.025,32.249,23.487,-0.428,-0.801,-0.010,-0.029,0.011,-1.138,-0.001,-0.001,21.978,-0.005,16.920,20.740,15.659
-8.518,7.896,-0.001,0.589,-0.000,-0.000,-0.808,-0.456,-0.382,34.290,-0.408,26.194,32.456,23.643,-0.437,-0.794,-0.011,-0.061,0.028,-1.142,-0.002,-0.002,22.024,-0.005,16.926,20.765,15.589
-8.523,7.888,-0.001,0.584,-0.000,0.000,-0.812,-0.456,-0.382,34.511,-0.408,26.364,32.664,23.799,-0.448,-0.785,-0.008,-0.080,0.023,-1.157,-0.001,-0.002,22.088,-0.005,16.932,20.810,15.488
-8.527,7.880,-0.001,0.579,-0.000,0.001,-0.815,-0.456,-0.382,34.732,-0.408,26.533,32.873,23.953,-0.460,-0.776,-0.003,-0.096,0.002,-1.182,-0.001,-0.001,22.179,-0.004,16.933,20.876,15.350
-8.532,7.873,-0.001,0.575,-0.001,0.001,-0.818,-0.456,-0.382,34.954,-0.408,26.702,33.082,24.106,-0.472,-0.766,0.002,-0.107,-0.011,-1.206,-0.000,-0.001,22.268,-0.002,16.919,20.941,15.206
-8.537,7.865,-0.001,0.570,-0.001,0.001,-0.822,-0.456,-0.382,35.178,-0.408,26.871,33.291,24.257,-0.483,-0.756,0.004,-0.109,-0.005,-1.232,0.000,-0.001,22.350,-0.001,16.891,20.998,15.048
-8.541,7.857,-0.001,0.564,-0.001,0.002,-0.825,-0.456,-0.382,35.401,-0.408,27.040,33.502,24.407,-0.495,-0.746,0.003,-0.100,0.012,-1.257,0.000,-0.001,22.426,0.001,16.856,21.045,14.885
-8.546,7.850,-0.001,0.559,-0.002,0.002,-0.829,-0.456,-0.382,35.626,-0.408,27.208,33.712,24.555,-0.506,-0.737,0.003,-0.067,0.028,-1.279,0.001,-0.002,22.492,0.002,16.835,21.080,14.737
-8.552,7.843,-0.001,0.554,-0.001,0.003,-0.833,-0.456,-0.382,35.851,-0.408,27.377,33.923,24.701,-0.517,-0.725,-0.002,0.006,0.062,-1.314,0.001,-0.003,22.568,0.004,16.875,21.098,14.541
-8.557,7.836,-0.001,0.548,-0.001,0.003,-0.836,-0.456,-0.382,36.077,-0.408,27.546,34.134,24.846,-0.527,-0.719,0.001,0.027,0.039,-1.317,-0.000,-0.006,22.607,0.003,16.880,21.120,14.499
-8.562,7.828,-0.001,0.543,-0.001,0.003,-0.840,-0.456,-0.383,36.303,-0.408,27.715,34.346,24.991,-0.538,-0.713,0.004,0.046,0.013,-1.323,-0.000,-0.007,22.630,0.002,16.890,21.143,14.476
-8.568,7.821,-0.001,0.537,-0.001,0.002,-0.843,-0.456,-0.383,36.530,-0.408,27.883,34.557,25.136,-0.549,-0.707,0.006,0.057,-0.016,-1.329,-0.001,-0.007,22.634,0.002,16.904,21.168,14.478
-8.573,7.814,-0.000,0.532,-0.001,0.002,-0.847,-0.456,-0.383,36.756,-0.408,28.053,34.769,25.281,-0.560,-0.700,0.007,0.068,-0.038,-1.339,-0.000,-0.006,22.626,0.002,16.926,21.196,14.482
-8.579,7.807,-0.000,0.526,-0.001,0.002,-0.851,-0.456,-0.383,36.982,-0.408,28.222,34.981,25.426,-0.572,-0.691,0.004,0.091,-0.038,-1.356,-0.000,-0.003,22.610,0.001,16.973,21.223,14.460
-8.584,7.800,-0.000,0.520,-0.001,0.001,-0.854,-0.456,-0.383,37.208,-0.408,28.392,35.193,25.570,-0.583,-0.683,0.001,0.103,-0.035,-1.368,0.000,-0.001,22.581,0.001,17.020,21.250,14.467
-8.590,7.794,-0.000,0.514,-0.001,0.000,-0.858,-0.125,-0.160,37.433,-0.048,28.563,35.407,25.715,-0.589,-0.691,0.008,0.148,-0.076,-1.370,58.198,41.623,22.108,63.006,17.236,21.428,14.679
-8.596,7.786,-0.000,0.509,-0.001,-0.001,-0.861,0.428,0.298,37.646,0.533,28.737,35.620,25.868,-0.503,-0.741,0.056,0.520,-0.192,-0.724,40.282,39.288,20.638,42.591,17.471,21.207,16.053
-8.600,7.779,0.001,0.508,0.001,-0.005,-0.861,0.546,0.422,37.847,0.719,28.912,35.832,26.035,-0.414,-0.751,0.053,0.791,0.017,-0.075,-15.481,-17.003,19.746,-4.066,17.479,21.162,17.007
-8.604,7.771,0.001,0.509,0.003,-0.007,-0.861,0.187,0.017,38.045,0.495,29.084,36.044,26.206,-0.338,-0.738,0.025,0.362,0.027,0.369,-48.986,-55.084,19.779,-36.293,17.039,21.177,17.290
-8.607,7.764,0.001,0.511,0.003,-0.008,-0.860,-0.211,-0.430,38.243,0.146,29.255,36.256,26.380,-0.318,-0.731,-0.022,-0.129,0.031,0.456,-22.655,-27.067,19.789,-25.784,17.064,21.189,17.352
-8.611,7.757,0.000,0.512,0.002,-0.006,-0.859,-0.183,-0.472,38.441,0.111,29.426,36.467,26.552,-0.341,-0.721,-0.077,-0.602,0.042,0.271,25.372,16.502,19.802,18.063,17.276,21.200,17.116
-8.614,7.750,-0.000,0.513,0.001,-0.003,-0.858,0.169,-0.177,38.639,0.387,29.601,36.674,26.724,-0.333,-0.740,-0.067,-0.663,-0.023,0.301,36.423,35.682,19.457,29.138,17.643,20.019,17.367
-8.617,7.742,-0.000,0.515,-0.002,-0.001,-0.857,0.372,0.070,38.827,0.544,29.778,36.864,26.901,-0.326,-0.776,0.028,-0.337,-0.314,0.385,3.353,10.827,18.296,3.031,17.717,18.111,17.978
-8.621,7.734,-0.000,0.516,-0.003,-0.001,-0.856,0.243,0.008,39.007,0.447,29.955,37.040,27.082,-0.346,-0.776,0.021,-0.060,-0.128,0.317,-25.265,-20.115,17.906,-20.284,17.758,17.420,18.180
-8.624,7.726,-0.000,0.518,-0.003,-0.001,-0.856,-0.019,-0.212,39.186,0.211,30.133,37.212,27.264,-0.349,-0.769,-0.023,0.081,0.220,0.287,-21.544,-18.279,17.887,-22.379,17.812,16.969,18.118
-8.628,7.719,-0.000,0.519,-0.002,-0.001,-0.855,-0.090,-0.272,39.364,0.097,30.311,37.382,27.445,-0.366,-0.769,-0.011,0.115,0.164,0.184,7.404,6.572,17.754,0.784,17.703,17.066,18.073
-8.631,7.711,-0.000,0.519,-0.001,-0.001,-0.855,0.082,-0.108,39.541,0.200,30.487,37.553,27.626,-0.361,-0.775,0.005,0.129,0.059,0.217,22.293,22.490,17.716,15.740,17.721,16.970,18.203
-8.635,7.703,-0.000,0.521,-0.000,-0.002,-0.854,0.249,0.086,39.719,0.321,30.667,37.719,27.809,-0.315,-0.785,0.010,0.088,0.015,0.487,8.150,13.050,17.797,6.117,18.256,16.180,18.551
-8.638,7.695,-0.000,0.523,-0.000,-0.002,-0.852,0.220,0.108,39.897,0.300,30.853,37.876,27.996,-0.271,-0.791,0.010,0.034,-0.009,0.728,-12.195,-7.712,17.867,-9.499,18.939,15.327,18.822
-8.640,7.687,-0.000,0.527,-0.000,-0.002,-0.850,0.065,-0.012,40.076,0.167,31.044,38.028,28.185,-0.269,-0.792,0.002,-0.049,0.008,0.734,-15.287,-12.865,17.937,-14.265,19.131,15.162,18.891
-8.643,7.680,-0.000,0.529,-0.000,-0.001,-0.848,-0.015,-0.082,40.256,0.075,31.233,38.182,28.374,-0.301,-0.788,-0.005,-0.149,0.036,0.532,0.181,-0.031,18.020,-3.028,18.632,15.688,18.778
-8.646,7.672,-0.000,0.531,-0.001,-0.001,-0.847,0.061,-0.013,40.437,0.111,31.417,38.342,28.561,-0.320,-0.789,-0.012,-0.161,0.052,0.398,12.586,11.970,18.102,8.481,18.184,16.185,18.676
-8.650,7.664,-0.000,0.533,-0.001,0.000,-0.846,0.173,0.106,40.617,0.193,31.599,38.505,28.748,-0.315,-0.800,-0.010,-0.050,-0.008,0.411,7.648,9.553,17.842,5.921,18.300,16.407,18.733
-8.653,7.656,-0.000,0.535,-0.001,-0.000,-0.845,0.184,0.141,40.793,0.203,31.784,38.669,28.936,-0.301,-0.809,-0.008,0.009,-0.040,0.479,-5.059,-2.495,17.464,-3.630,18.669,16.424,18.886
-8.656,7.648,-0.001,0.537,-0.001,-0.000,-0.844,0.100,0.078,40.966,0.136,31.971,38.834,29.125,-0.303,-0.812,-0.011,-0.001,-0.021,0.457,-9.554,-8.147,17.214,-8.227,18.816,16.592,18.939
-8.659,7.639,-0.001,0.539,-0.001,-0.000,-0.843,0.037,0.020,41.139,0.074,32.159,39.002,29.314,-0.319,-0.809,-0.012,-0.029,0.008,0.345,-2.073,-2.257,17.339,-3.203,18.596,16.949,18.814
-8.662,7.631,-0.001,0.540,-0.001,0.000,-0.842,0.064,0.041,41.314,0.082,32.343,39.173,29.501,-0.329,-0.807,-0.011,-0.032,0.030,0.267,6.346,5.616,17.563,4.078,18.379,17.236,18.686
-8.665,7.623,-0.001,0.541,-0.001,0.000,-0.841,0.131,0.107,41.490,0.131,32.527,39.346,29.688,-0.324,-0.810,-0.009,-0.024,0.044,0.278,5.534,6.011,17.593,4.331,18.423,17.330,18.699
-8.668,7.615,-0.001,0.542,-0.001,0.001,-0.840,0.152,0.137,41.665,0.149,32.713,39.519,29.876,-0.312,-0.816,-0.006,-0.010,0.050,0.341,-1.384,-0.124,17.450,-0.716,18.668,17.284,18.809
-8.672,7.607,-0.001,0.544,-0.001,0.001,-0.839,0.113,0.109,41.839,0.121,32.900,39.692,30.064,-0.308,-0.820,-0.003,-0.007,0.056,0.360,-5.304,-4.486,17.387,-4.243,18.842,17.293,18.853
-8.675,7.599,-0.001,0.545,-0.001,0.001,-0.838,0.071,0.071,42.013,0.084,33.089,39.865,30.252,-0.314,-0.819,-0.000,-0.015,0.055,0.310,-2.284,-2.375,17.510,-2.445,18.837,17.440,18.766
-8.678,7.591,-0.001,0.546,-0.000,0.001,-0.838,0.075,0.071,42.189,0.081,33.277,40.040,30.439,-0.320,-0.819,0.003,-0.015,0.049,0.257,2.659,2.115,17.674,1.582,18.804,17.602,18.644
-8.681,7.582,-0.001,0.547,-0.000,0.001,-0.837,0.110,0.103,42.366,0.106,33.465,40.217,30.625,-0.318,-0.822,0.007,-0.004,0.037,0.260,3.501,3.454,17.729,2.755,18.871,17.657,18.615
-8.684,7.574,-0.001,0.549,-0.000,0.001,-0.836,0.130,0.125,42.543,0.124,33.655,40.393,30.812,-0.309,-0.828,0.009,0.010,0.023,0.308,0.235,0.785,17.685,0.624,19.022,17.604,18.681
-8.687,7.566,-0.001,0.550,-0.000,0.001,-0.835,0.116,0.117,42.720,0.117,33.846,40.569,30.999,-0.302,-0.834,0.010,0.018,0.007,0.342,-2.545,-2.050,17.650,-1.794,19.148,17.563,18.746
-8.690,7.557,-0.001,0.551,0.000,0.001,-0.834,0.092,0.095,42.897,0.098,34.037,40.745,31.187,-0.304,-0.837,0.009,0.022,-0.011,0.327,-1.800,-1.804,17.676,-1.635,19.195,17.621,18.746
-8.693,7.549,-0.001,0.553,0.000,0.001,-0.833,0.086,0.088,43.074,0.091,34.229,40.922,31.374,-0.308,-0.838,0.008,0.027,-0.030,0.291,0.694,0.368,17.719,0.225,19.211,17.733,18.715
-8.696,7.541,-0.001,0.554,-0.000,0.001,-0.833,0.101,0.100,43.251,0.100,34.422,41.099,31.561,-0.308,-0.842,0.007,0.041,-0.044,0.280,1.841,1.678,17.727,1.329,19.244,17.812,18.733
-8.699,7.532,-0.000,0.555,-0.000,0.001,-0.832,0.115,0.114,43.428,0.110,34.614,41.278,31.749,-0.303,-0.846,0.004,0.060,-0.051,0.301,0.666,0.840,17.698,0.610,19.305,17.827,18.822
-8.702,7.524,-0.000,0.556,-0.000,0.000,-0.831,0.113,0.114,43.605,0.110,34.808,41.456,31.938,-0.298,-0.850,0.000,0.073,-0.052,0.322,-0.899,-0.622,17.667,-0.572,19.372,17.823,18.935
-8.705,7.515,-0.000,0.558,-0.000,-0.000,-0.830,0.102,0.105,43.781,0.102,35.002,41.634,32.127,-0.296,-0.853,-0.003,0.076,-0.050,0.322,-1.059,-0.954,17.656,-0.891,19.414,17.850,19.030
-8.708,7.507,-0.001,0.559,-0.000,-0.001,-0.829,0.095,0.099,43.958,0.096,35.196,41.813,32.318,-0.296,-0.854,-0.006,0.074,-0.043,0.309,-0.126,-0.281,17.658,-0.274,19.439,17.903,19.107
-8.711,7.498,-0.001,0.560,-0.000,-0.001,-0.828,0.099,0.100,44.135,0.097,35.390,41.992,32.510,-0.295,-0.856,-0.007,0.071,-0.031,0.300,0.678,0.539,17.659,0.407,19.465,17.946,19.191
-8.714,7.490,-0.001,0.561,-0.000,-0.002,-0.828,0.106,0.106,44.311,0.101,35.585,42.172,32.702,-0.292,-0.858,-0.007,0.062,-0.018,0.304,0.524,0.536,17.660,0.379,19.499,17.952,19.294
-8.717,7.481,-0.001,0.563,0.000,-0.002,-0.827,0.108,0.110,44.488,0.104,35.780,42.351,32.895,-0.288,-0.860,-0.005,0.046,-0.005,0.313,-0.002,0.122,17.667,0.055,19.537,17.932,19.400
-8.720,7.472,-0.001,0.564,0.000,-0.002,-0.826,0.106,0.109,44.665,0.102,35.976,42.530,33.090,-0.285,-0.861,-0.002,0.023,0.006,0.318,-0.365,-0.243,17.688,-0.219,19.561,17.905,19.490
-8.723,7.464,-0.001,0.565,0.000,-0.002,-0.825,0.103,0.107,44.842,0.100,36.172,42.709,33.285,-0.283,-0.863,0.001,0.000,0.017,0.318,-0.207,-0.158,17.723,-0.165,19.564,17.883,19.555
-8.726,7.455,-0.001,0.567,0.000,-0.002,-0.824,0.102,0.106,45.019,0.099,36.367,42.888,33.481,-0.281,-0.864,0.003,-0.020,0.025,0.316,-0.012,-0.040,17.772,-0.053,19.550,17.862,19.601
-8.728,7.447,-0.001,0.568,0.000,-0.002,-0.823,0.102,0.106,45.197,0.099,36.563,43.066,33.677,-0.279,-0.866,0.005,-0.037,0.030,0.316,0.089,0.048,17.829,0.015,19.528,17.837,19.632
-8.731,7.438,-0.001,0.569,0.000,-0.001,-0.822,0.103,0.106,45.376,0.099,36.758,43.245,33.874,-0.277,-0.868,0.006,-0.048,0.031,0.316,0.073,0.062,17.891,0.012,19.502,17.813,19.654
-8.734,7.429,-0.001,0.571,0.000,-0.001,-0.821,0.104,0.107,45.555,0.099,36.953,43.423,34.070,-0.274,-0.871,0.008,-0.050,0.025,0.317,0.031,0.038,17.944,0.005,19.480,17.800,19.671
-8.737,7.420,-0.000,0.572,0.000,-0.001,-0.820,0.104,0.107,45.735,0.099,37.147,43.601,34.267,-0.272,-0.874,0.008,-0.044,0.016,0.318,0.004,0.019,17.993,0.001,19.464,17.795,19.688
-8.739,7.412,-0.000,0.573,0.000,-0.001,-0.819,0.104,0.107,45.915,0.099,37.342,43.779,34.464,-0.270,-0.876,0.006,-0.037,0.007,0.319,-0.007,0.011,18.046,-0.000,19.451,17.798,19.704
-8.742,7.403,-0.000,0.574,0.000,-0.001,-0.819,0.104,0.107,46.095,0.099,37.536,43.957,34.661,-0.267,-0.879,0.003,-0.030,0.002,0.321,-0.008,0.008,18.108,-0.000,19.442,17.807,19.718
-8.745,7.394,-0.000,0.576,0.000,-0.000,-0.818,0.104,0.107,46.277,0.099,37.731,44.135,34.858,-0.265,-0.881,-0.001,-0.024,0.000,0.322,-0.005,0.006,18.175,0.000,19.441,17.822,19.732
-8.747,7.385,-0.000,0.577,-0.000,-0.000,-0.817,0.104,0.108,46.459,0.099,37.925,44.313,35.056,-0.262,-0.883,-0.005,-0.018,-0.000,0.323,-0.001,0.005,18.229,0.001,19.454,17.852,19.748
-8.750,7.376,-0.000,0.578,-0.000,-0.000,-0.816,0.104,0.108,46.641,0.099,38.120,44.492,35.253,-0.260,-0.885,-0.009,-0.013,0.001,0.323,0.001,0.005,18.272,0.002,19.481,17.891,19.765
-8.753,7.368,-0.001,0.580,-0.000,-0.000,-0.815,0.104,0.108,46.824,0.100,38.315,44.671,35.451,-0.257,-0.886,-0.012,-0.014,0.007,0.323,0.002,0.004,18.307,0.003,19.519,17.936,19.779
-8.755,7.359,-0.001,0.581,-0.000,-0.000,-0.814,0.104,0.108,47.008,0.100,38.510,44.851,35.649,-0.254,-0.887,-0.013,-0.020,0.016,0.323,0.002,0.003,18.336,0.004,19.566,17.985,19.786
-8.758,7.350,-0.001,0.582,-0.000,0.000,-0.813,0.104,0.108,47.191,0.100,38.706,45.031,35.847,-0.251,-0.887,-0.012,-0.026,0.025,0.323,0.001,0.002,18.362,0.004,19.621,18.036,19.782
-8.760,7.341,-0.001,0.584,-0.000,0.000,-0.812,0.104,0.108,47.375,0.100,38.903,45.211,36.044,-0.248,-0.888,-0.009,-0.032,0.030,0.323,0.001,0.002,18.388,0.005,19.680,18.087,19.765
-8.763,7.332,-0.001,0.585,0.000,0.000,-0.811,0.104,0.108,47.559,0.100,39.100,45.392,36.242,-0.245,-0.888,-0.007,-0.037,0.034,0.323,0.001,0.001,18.413,0.005,19.738,18.135,19.735
-8.765,7.323,-0.001,0.586,0.000,0.001,-0.810,0.104,0.108,47.743,0.100,39.297,45.574,36.439,-0.242,-0.889,-0.004,-0.043,0.037,0.323,0.000,0.000,18.439,0.005,19.794,18.180,19.692
-8.768,7.314,-0.001,0.588,0.000,0.001,-0.809,0.104,0.108,47.928,0.100,39.496,45.756,36.636,-0.239,-0.890,-0.001,-0.048,0.038,0.323,0.000,-0.001,18.464,0.006,19.844,18.220,19.640
-8.770,7.305,-0.001,0.589,0.000,0.001,-0.808,0.104,0.108,48.112,0.100,39.694,45.938,36.832,-0.237,-0.891,0.002,-0.048,0.036,0.323,0.000,-0.001,18.490,0.005,19.889,18.258,19.585
-8.772,7.297,-0.001,0.590,0.000,0.002,-0.807,0.104,0.108,48.297,0.100,39.893,46.121,37.027,-0.234,-0.892,0.005,-0.042,0.028,0.324,-0.000,-0.002,18.514,0.005,19.929,18.293,19.532
-8.775,7.288,-0.001,0.592,0.000,0.002,-0.806,0.104,0.108,48.483,0.100,40.093,46.304,37.223,-0.231,-0.894,0.007,-0.028,0.016,0.324,-0.000,-0.002,18.534,0.004,19.964,18.326,19.488
-8.777,7.279,-0.001,0.593,0.000,0.002,-0.805,0.104,0.108,48.668,0.100,40.293,46.488,37.417,-0.229,-0.897,0.008,-0.009,0.000,0.324,-0.001,-0.003,18.546,0.003,19.994,18.357,19.459
-8.779,7.270,-0.001,0.594,0.000,0.002,-0.804,0.104,0.108,48.853,0.100,40.493,46.671,37.612,-0.226,-0.899,0.008,0.015,-0.018,0.324,-0.001,-0.003,18.547,0.002,20.020,18.387,19.448
-8.781,7.261,-0.001,0.595,-0.000,0.002,-0.803,0.104,0.108,49.039,0.100,40.693,46.855,37.806,-0.224,-0.901,0.007,0.040,-0.036,0.324,-0.001,-0.004,18.535,0.000,20.044,18.415,19.459
-8.784,7.252,-0.001,0.597,-0.000,0.001,-0.802,0.104,0.108,49.224,0.100,40.894,47.040,38.001,-0.221,-0.904,0.005,0.064,-0.052,0.324,-0.001,-0.004,18.509,-0.001,20.066,18.442,19.493
-8.786,7.243,-0.001,0.598,-0.000,0.001,-0.801,0.104,0.107,49.409,0.100,41.094,47.224,38.196,-0.219,-0.906,0.003,0.083,-0.065,0.323,-0.001,-0.004,18.470,-0.003,20.086,18.467,19.549
-8.788,7.233,-0.001,0.599,-0.000,0.000,-0.800,0.104,0.107,49.594,0.100,41.295,47.409,38.392,-0.216,-0.908,0.001,0.096,-0.073,0.323,-0.001,-0.003,18.422,-0.004,20.105,18.490,19.623
-8.790,7.224,-0.001,0.601,-0.000,-0.000,-0.800,0.104,0.107,49.777,0.100,41.496,47.594,38.589,-0.213,-0.910,-0.001,0.100,-0.076,0.322,-0.001,-0.003,18.367,-0.005,20.121,18.509,19.711
-8.792,7.215,-0.001,0.602,-0.000,-0.001,-0.799,0.104,0.107,49.961,0.100,41.698,47.779,38.786,-0.211,-0.911,-0.003,0.094,-0.074,0.322,-0.001,-0.002,18.312,-0.006,20.134,18.525,19.808
-8.794,7.206,-0.001,0.603,-0.000,-0.001,-0.798,0.104,0.107,50.144,0.100,41.899,47.964,38.985,-0.208,-0.912,-0.003,0.079,-0.066,0.322,-0.001,-0.002,18.260,-0.006,20.140,18.535,19.907
-8.796,7.197,-0.001,0.604,-0.000,-0.002,-0.797,0.104,0.107,50.326,0.100,42.101,48.150,39.184,-0.205,-0.913,-0.003,0.056,-0.054,0.322,-0.001,-0.001,18.218,-0.006,20.136,18.540,20.002
-8.798,7.188,-0.001,0.606,-0.000,-0.002,-0.796,0.104,0.107,50.508,0.100,42.302,48.335,39.385,-0.202,-0.913,-0.001,0.030,-0.039,0.323,-0.000,-0.000,18.188,-0.005,20.121,18.536,20.085
-8.800,7.179,-0.001,0.607,-0.000,-0.002,-0.795,0.104,0.107,50.690,0.100,42.503,48.521,39.586,-0.199,-0.914,0.001,0.002,-0.021,0.324,0.000,0.001,18.173,-0.005,20.093,18.524,20.152
-8.802,7.170,-0.001,0.608,-0.000,-0.002,-0.794,0.104,0.107,50.872,0.100,42.704,48.706,39.788,-0.196,-0.914,0.003,-0.022,-0.002,0.325,0.001,0.002,18.175,-0.004,20.053,18.504,20.199
-8.804,7.161,-0.001,0.610,-0.000,-0.002,-0.793,0.104,0.107,51.053,0.100,42.904,48.891,39.990,-0.193,-0.915,0.005,-0.042,0.015,0.326,0.001,0.003,18.193,-0.003,20.004,18.476,20.226
-8.806,7.151,-0.001,0.611,-0.000,-0.002,-0.792,0.104,0.107,51.236,0.100,43.104,49.075,40.192,-0.190,-0.916,0.006,-0.054,0.031,0.327,0.001,0.004,18.227,-0.002,19.951,18.441,20.235
-8.808,7.142,-0.001,0.612,-0.001,-0.002,-0.791,0.104,0.107,51.418,0.100,43.303,49.259,40.395,-0.187,-0.917,0.007,-0.057,0.042,0.328,0.001,0.005,18.274,-0.002,19.900,18.402,20.231
-8.810,7.133,-0.000,0.614,-0.000,-0.001,-0.790,0.104,0.108,51.601,0.100,43.502,49.443,40.597,-0.185,-0.919,0.006,-0.050,0.048,0.328,0.001,0.006,18.321,-0.001,19.858,18.366,20.219
-8.812,7.124,-0.000,0.615,-0.000,-0.001,-0.789,0.104,0.108,51.784,0.099,43.700,49.627,40.799,-0.182,-0.920,0.006,-0.034,0.048,0.328,0.001,0.006,18.365,-0.000,19.832,18.335,20.208
-8.814,7.115,-0.000,0.616,-0.000,-0.001,-0.788,0.104,0.108,51.968,0.099,43.898,49.810,41.001,-0.179,-0.922,0.004,-0.015,0.046,0.329,0.001,0.006,18.414,0.001,19.821,18.305,20.198
-8.815,7.105,-0.000,0.617,-0.000,-0.001,-0.787,0.104,0.108,52.153,0.100,44.097,49.993,41.203,-0.176,-0.924,0.001,0.000,0.046,0.330,0.001,0.005,18.474,0.001,19.824,18.275,20.189
-8.817,7.096,-0.000,0.619,0.000,-0.000,-0.786,0.104,0.108,52.338,0.100,44.295,50.175,41.405,-0.173,-0.925,-0.003,0.011,0.045,0.330,0.001,0.004,18.539,0.002,19.843,18.249,20.181
-8.819,7.087,-0.000,0.620,0.000,-0.000,-0.785,0.104,0.108,52.523,0.100,44.494,50.358,41.607,-0.170,-0.926,-0.007,0.017,0.043,0.330,0.001,0.004,18.593,0.002,19.880,18.235,20.176
-8.821,7.078,-0.000,0.621,0.000,-0.000,-0.784,0.104,0.108,52.710,0.100,44.693,50.540,41.808,-0.167,-0.926,-0.010,0.017,0.041,0.330,0.001,0.003,18.636,0.003,19.931,18.231,20.170
-8.822,7.068,-0.001,0.623,0.001,-0.000,-0.783,0.104,0.108,52.896,0.100,44.892,50.723,42.010,-0.164,-0.926,-0.012,0.007,0.041,0.329,0.001,0.003,18.669,0.003,19.992,18.238,20.160
-8.824,7.059,-0.001,0.624,0.001,-0.000,-0.782,0.104,0.108,53.083,0.100,45.092,50.905,42.212,-0.161,-0.926,-0.011,-0.010,0.041,0.329,0.001,0.002,18.697,0.004,20.058,18.253,20.141
-8.825,7.050,-0.001,0.625,0.001,0.000,-0.780,0.104,0.108,53.270,0.100,45.293,51.088,42.413,-0.158,-0.926,-0.009,-0.028,0.039,0.329,0.001,0.002,18.721,0.005,20.124,18.276,20.109
-8.827,7.041,-0.001,0.626,0.001,0.000,-0.779,0.104,0.108,53.457,0.100,45.495,51.271,42.614,-0.154,-0.926,-0.006,-0.045,0.034,0.329,0.001,0.001,18.744,0.005,20.184,18.308,20.065
-8.829,7.031,-0.001,0.628,0.001,0.001,-0.778,0.104,0.108,53.645,0.100,45.697,51.454,42.814,-0.151,-0.926,-0.004,-0.062,0.029,0.329,0.001,0.001,18.766,0.006,20.234,18.344,20.008
-8.830,7.022,-0.001,0.629,0.001,0.001,-0.777,0.104,0.108,53.833,0.100,45.900,51.637,43.014,-0.148,-0.926,-0.002,-0.076,0.025,0.329,0.001,0.000,18.787,0.006,20.272,18.385,19.943
-8.832,7.013,-0.001,0.630,0.001,0.001,-0.776,0.104,0.108,54.021,0.100,46.102,51.822,43.213,-0.145,-0.927,0.000,-0.082,0.020,0.330,0.000,-0.000,18.811,0.006,20.298,18.430,19.874
-8.833,7.004,-0.001,0.632,0.000,0.002,-0.775,0.104,0.108,54.209,0.100,46.305,52.006,43.411,-0.142,-0.927,0.002,-0.079,0.012,0.330,0.000,-0.001,18.836,0.006,20.314,18.477,19.809
-8.834,6.994,-0.001,0.633,0.000,0.002,-0.774,0.104,0.108,54.397,0.100,46.509,52.191,43.609,-0.139,-0.928,0.003,-0.065,0.002,0.330,-0.000,-0.002,18.860,0.005,20.324,18.524,19.754
-8.836,6.985,-0.001,0.634,0.000,0.002,-0.773,0.104,0.108,54.586,0.100,46.712,52.377,43.806,-0.136,-0.929,0.004,-0.041,-0.010,0.331,-0.001,-0.003,18.877,0.004,20.328,18.569,19.715
-8.837,6.976,-0.001,0.635,-0.000,0.002,-0.772,0.104,0.108,54.775,0.100,46.915,52.562,44.004,-0.133,-0.931,0.004,-0.010,-0.024,0.331,-0.001,-0.004,18.885,0.002,20.331,18.609,19.696
-8.838,6.966,-0.001,0.637,-0.000,0.002,-0.771,0.104,0.108,54.964,0.100,47.119,52.749,44.200,-0.130,-0.932,0.003,0.026,-0.038,0.330,-0.001,-0.004,18.879,0.000,20.334,18.644,19.700
-8.840,6.957,-0.001,0.638,-0.000,0.002,-0.770,0.104,0.108,55.152,0.100,47.322,52.935,44.398,-0.127,-0.934,0.003,0.061,-0.052,0.329,-0.002,-0.005,18.857,-0.002,20.339,18.674,19.728
-8.841,6.948,-0.001,0.639,-0.000,0.001,-0.769,0.104,0.108,55.341,0.100,47.525,53.122,44.595,-0.124,-0.935,0.002,0.089,-0.066,0.329,-0.002,-0.005,18.817,-0.003,20.347,18.697,19.780
-8.842,6.938,-0.001,0.640,-0.000,0.001,-0.768,0.104,0.108,55.529,0.100,47.729,53.309,44.793,-0.121,-0.936,0.001,0.109,-0.077,0.328,-0.002,-0.005,18.762,-0.005,20.356,18.716,19.853
-8.843,6.929,-0.001,0.642,-0.000,0.000,-0.767,0.022,0.041,55.717,0.041,47.932,53.496,44.992,-0.122,-0.937,0.001,0.101,-0.091,0.315,-13.171,-11.209,18.832,-10.012,20.215,18.762,19.937
-8.845,6.920,-0.001,0.643,-0.000,-0.000,-0.766,-0.089,-0.062,55.906,-0.054,48.133,53.686,45.191,-0.151,-0.933,0.002,0.062,-0.101,0.123,-6.878,-7.354,19.062,-6.931,19.893,19.138,19.675
-8.846,6.910,-0.001,0.643,-0.000,-0.001,-0.766,-0.089,-0.081,56.098,-0.065,48.330,53.879,45.385,-0.182,-0.926,0.002,0.052,-0.092,-0.088,6.076,3.322,19.283,4.354,19.536,19.586,19.295
-8.848,6.901,-0.001,0.642,-0.001,-0.002,-0.767,-0.001,-0.017,56.291,0.007,48.524,54.076,45.578,-0.185,-0.926,0.001,0.067,-0.076,-0.116,9.298,7.593,19.261,8.218,19.384,19.748,19.260
-8.850,6.892,-0.001,0.642,-0.001,-0.002,-0.767,0.054,0.034,56.483,0.061,48.718,54.273,45.772,-0.166,-0.930,0.003,0.062,-0.064,-0.002,0.949,1.647,19.088,1.691,19.453,19.583,19.517
-8.852,6.882,-0.001,0.642,-0.001,-0.002,-0.767,0.018,0.010,56.673,0.037,48.913,54.468,45.968,-0.154,-0.931,0.004,0.024,-0.051,0.069,-6.844,-5.486,18.995,-5.446,19.518,19.419,19.713
-8.853,6.873,-0.001,0.642,-0.001,-0.003,-0.766,-0.048,-0.047,56.863,-0.021,49.108,54.662,46.165,-0.163,-0.929,0.006,-0.017,-0.034,0.019,-4.903,-4.559,19.038,-4.971,19.394,19.484,19.683
-8.855,6.864,-0.001,0.642,-0.001,-0.002,-0.767,-0.060,-0.064,57.054,-0.041,49.300,54.858,46.361,-0.179,-0.927,0.006,-0.049,-0.009,-0.076,2.319,1.243,19.144,1.080,19.136,19.668,19.528
-8.857,6.855,-0.000,0.642,-0.001,-0.002,-0.767,-0.016,-0.030,57.246,-0.009,49.491,55.055,46.556,-0.181,-0.928,0.006,-0.055,0.018,-0.095,5.282,4.495,19.172,4.315,18.990,19.723,19.480
-8.858,6.845,-0.000,0.642,-0.001,-0.002,-0.767,0.021,0.005,57.437,0.024,49.681,55.252,46.751,-0.172,-0.929,0.005,-0.044,0.040,-0.035,1.514,1.968,19.119,1.625,19.040,19.584,19.566
-8.860,6.836,-0.000,0.642,-0.001,-0.002,-0.767,0.010,0.002,57.628,0.018,49.872,55.447,46.947,-0.163,-0.930,0.005,-0.031,0.053,0.017,-3.181,-2.178,19.088,-2.493,19.141,19.417,19.643
-8.862,6.827,-0.000,0.642,-0.001,-0.001,-0.767,-0.026,-0.026,57.819,-0.014,50.063,55.641,47.144,-0.166,-0.930,0.004,-0.023,0.061,0.004,-3.187,-2.699,19.121,-3.069,19.124,19.377,19.617
-8.863,6.817,-0.000,0.642,-0.001,-0.001,-0.767,-0.040,-0.040,58.011,-0.031,50.254,55.835,47.339,-0.174,-0.930,0.003,-0.012,0.069,-0.042,0.405,0.004,19.218,-0.198,19.003,19.421,19.528
-8.865,6.808,-0.000,0.641,-0.001,-0.001,-0.767,-0.022,-0.027,58.203,-0.019,50.443,56.029,47.534,-0.177,-0.930,-0.000,0.007,0.074,-0.061,2.745,2.231,19.315,2.138,18.932,19.422,19.470
-8.867,6.799,-0.000,0.641,-0.000,-0.001,-0.767,0.001,-0.007,58.397,0.000,50.633,56.223,47.729,-0.174,-0.931,-0.004,0.022,0.077,-0.041,1.370,1.457,19.372,1.365,18.986,19.338,19.474
-8.869,6.789,-0.000,0.641,0.000,-0.001,-0.768,0.001,-0.003,58.591,0.003,50.823,56.416,47.924,-0.171,-0.931,-0.007,0.028,0.076,-0.019,-1.138,-0.644,19.394,-0.696,19.099,19.243,19.497
-8.870,6.780,-0.000,0.641,0.000,-0.000,-0.768,-0.015,-0.015,58.785,-0.010,51.015,56.608,48.119,-0.172,-0.931,-0.010,0.022,0.072,-0.020,-1.747,-1.416,19.437,-1.537,19.175,19.207,19.489
-8.872,6.771,-0.001,0.641,0.001,-0.000,-0.768,-0.026,-0.025,58.980,-0.021,51.207,56.800,48.314,-0.175,-0.930,-0.011,0.007,0.065,-0.040,-0.342,-0.450,19.524,-0.535,19.201,19.225,19.442
-8.874,6.762,-0.001,0.641,0.001,-0.000,-0.768,-0.021,-0.023,59.175,-0.019,51.399,56.992,48.508,-0.178,-0.929,-0.011,-0.007,0.055,-0.054,1.109,0.740,19.615,0.775,19.231,19.252,19.388
-8.876,6.752,-0.001,0.640,0.001,0.000,-0.768,-0.010,-0.014,59.372,-0.010,51.592,57.185,48.701,-0.178,-0.929,-0.009,-0.022,0.043,-0.050,0.893,0.800,19.657,0.764,19.300,19.262,19.355
-8.878,6.743,-0.001,0.640,0.001,0.000,-0.768,-0.006,-0.010,59.568,-0.006,51.785,57.378,48.895,-0.176,-0.929,-0.006,-0.040,0.033,-0.038,-0.122,0.053,19.657,0.039,19.384,19.265,19.335
-8.879,6.734,-0.001,0.640,0.001,0.001,-0.768,-0.011,-0.013,59.765,-0.009,51.979,57.570,49.088,-0.175,-0.929,-0.004,-0.061,0.024,-0.033,-0.707,-0.501,19.660,-0.561,19.443,19.289,19.295
-8.881,6.724,-0.001,0.640,0.001,0.001,-0.768,-0.017,-0.017,59.962,-0.014,52.174,57.764,49.281,-0.177,-0.928,-0.002,-0.080,0.018,-0.038,-0.358,-0.311,19.691,-0.365,19.467,19.338,19.225
-8.883,6.715,-0.001,0.640,0.001,0.001,-0.768,-0.018,-0.018,60.159,-0.016,52.368,57.957,49.473,-0.178,-0.927,-0.001,-0.090,0.012,-0.045,0.132,0.024,19.732,0.018,19.470,19.398,19.143
-8.885,6.706,-0.001,0.640,0.001,0.002,-0.769,-0.015,-0.017,60.356,-0.014,52.563,58.151,49.664,-0.179,-0.927,0.000,-0.089,0.006,-0.047,0.314,0.237,19.764,0.212,19.470,19.455,19.070
-8.886,6.697,-0.001,0.640,0.000,0.002,-0.769,-0.013,-0.015,60.554,-0.013,52.758,58.346,49.854,-0.179,-0.927,0.001,-0.076,-0.002,-0.045,0.128,0.126,19.782,0.097,19.468,19.505,19.015
-8.888,6.687,-0.001,0.639,0.000,0.002,-0.769,-0.013,-0.014,60.752,-0.012,52.952,58.542,50.044,-0.179,-0.927,0.002,-0.053,-0.011,-0.042,-0.009,0.038,19.793,0.021,19.466,19.549,18.977
-8.890,6.678,-0.001,0.639,-0.000,0.002,-0.769,-0.013,-0.014,60.950,-0.012,53.147,58.737,50.234,-0.179,-0.927,0.003,-0.022,-0.021,-0.041,-0.065,-0.007,19.797,-0.032,19.461,19.589,18.954
-8.892,6.669,-0.001,0.639,-0.000,0.002,-0.769,-0.014,-0.014,61.148,-0.012,53.342,58.933,50.423,-0.179,-0.928,0.003,0.014,-0.033,-0.041,-0.051,-0.010,19.790,-0.036,19.458,19.625,18.949
-8.894,6.660,-0.001,0.639,-0.000,0.002,-0.769,-0.014,-0.014,61.345,-0.013,53.536,59.130,50.613,-0.180,-0.929,0.003,0.050,-0.046,-0.042,-0.026,-0.008,19.770,-0.025,19.458,19.655,18.966
-8.895,6.650,-0.001,0.639,-0.000,0.002,-0.769,-0.014,-0.014,61.543,-0.013,53.731,59.326,50.802,-0.180,-0.929,0.002,0.082,-0.059,-0.043,-0.009,-0.007,19.734,-0.017,19.462,19.680,19.006
-8.897,6.641,-0.001,0.639,-0.000,0.001,-0.770,-0.014,-0.014,61.740,-0.013,53.926,59.523,50.993,-0.181,-0.930,0.002,0.105,-0.071,-0.044,-0.000,-0.006,19.681,-0.013,19.470,19.699,19.067
-8.899,6.632,-0.001,0.638,-0.000,0.000,-0.770,-0.014,-0.014,61.937,-0.013,54.120,59.720,51.184,-0.182,-0.931,0.001,0.116,-0.081,-0.046,0.001,-0.006,19.614,-0.012,19.479,19.715,19.145
-8.901,6.622,-0.001,0.638,-0.000,-0.000,-0.770,-0.014,-0.015,62.132,-0.013,54.315,59.918,51.376,-0.182,-0.931,0.001,0.114,-0.088,-0.047,0.000,-0.005,19.539,-0.012,19.487,19.728,19.235
-8.903,6.613,-0.001,0.638,-0.000,-0.001,-0.770,-0.014,-0.015,62.327,-0.013,54.510,60.115,51.569,-0.183,-0.931,0.001,0.100,-0.089,-0.048,-0.001,-0.004,19.459,-0.012,19.489,19.739,19.331
-8.904,6.604,-0.001,0.638,-0.000,-0.002,-0.770,-0.014,-0.015,62.522,-0.014,54.705,60.312,51.762,-0.184,-0.931,0.001,0.076,-0.085,-0.048,-0.002,-0.003,19.383,-0.011,19.480,19.748,19.424
-8.906,6.594,-0.001,0.638,-0.000,-0.002,-0.770,-0.014,-0.015,62.715,-0.014,54.900,60.510,51.957,-0.184,-0.931,0.002,0.045,-0.074,-0.048,-0.002,-0.002,19.316,-0.010,19.458,19.755,19.508
-8.908,6.585,-0.001,0.637,-0.000,-0.002,-0.770,-0.014,-0.015,62.908,-0.014,55.094,60.707,52.152,-0.185,-0.931,0.003,0.013,-0.058,-0.048,-0.002,-0.000,19.262,-0.008,19.423,19.758,19.577
-8.910,6.576,-0.001,0.637,-0.001,-0.003,-0.771,-0.014,-0.015,63.100,-0.014,55.288,60.905,52.349,-0.185,-0.931,0.004,-0.016,-0.036,-0.047,-0.001,0.001,19.226,-0.007,19.373,19.755,19.627
-8.912,6.566,-0.001,0.637,-0.001,-0.002,-0.771,-0.014,-0.015,63.293,-0.014,55.481,61.103,52.545,-0.186,-0.931,0.005,-0.039,-0.013,-0.046,0.000,0.003,19.210,-0.006,19.315,19.742,19.656
-8.914,6.557,-0.001,0.637,-0.001,-0.002,-0.771,-0.014,-0.015,63.485,-0.014,55.674,61.300,52.742,-0.186,-0.931,0.006,-0.054,0.011,-0.046,0.001,0.005,19.215,-0.005,19.251,19.719,19.666
-8.916,6.548,-0.000,0.637,-0.001,-0.002,-0.771,-0.014,-0.015,63.677,-0.014,55.866,61.497,52.938,-0.186,-0.931,0.006,-0.060,0.033,-0.045,0.001,0.007,19.239,-0.004,19.189,19.685,19.658
-8.917,6.539,-0.000,0.637,-0.001,-0.002,-0.771,-0.014,-0.014,63.869,-0.014,56.058,61.694,53.135,-0.187,-0.931,0.005,-0.057,0.052,-0.044,0.001,0.008,19.278,-0.003,19.134,19.640,19.638
-8.919,6.529,-0.000,0.636,-0.001,-0.001,-0.771,-0.014,-0.014,64.062,-0.014,56.249,61.890,53.331,-0.187,-0.931,0.004,-0.045,0.066,-0.043,0.001,0.008,19.327,-0.003,19.093,19.588,19.611
-8.921,6.520,-0.000,0.636,-0.001,-0.001,-0.772,-0.014,-0.014,64.256,-0.014,56.440,62.085,53.527,-0.187,-0.931,0.003,-0.025,0.073,-0.043,0.001,0.007,19.376,-0.002,19.072,19.534,19.586
-8.923,6.511,-0.000,0.636,-0.001,-0.001,-0.772,-0.014,-0.014,64.450,-0.014,56.631,62.280,53.723,-0.188,-0.932,0.001,-0.005,0.074,-0.043,0.001,0.007,19.431,-0.001,19.071,19.481,19.563
-8.925,6.501,-0.000,0.636,-0.000,-0.000,-0.772,-0.014,-0.014,64.645,-0.014,56.821,62.475,53.918,-0.188,-0.932,-0.002,0.012,0.073,-0.043,0.001,0.006,19.495,-0.000,19.087,19.429,19.543
-8.927,6.492,-0.000,0.636,0.000,-0.000,-0.772,-0.014,-0.014,64.840,-0.014,57.012,62.669,54.114,-0.189,-0.932,-0.005,0.024,0.068,-0.043,0.000,0.004,19.557,0.001,19.121,19.386,19.527
-8.929,6.483,-0.000,0.636,0.000,-0.000,-0.772,-0.014,-0.014,65.036,-0.014,57.204,62.863,54.309,-0.189,-0.932,-0.008,0.029,0.060,-0.044,0.000,0.003,19.610,0.002,19.172,19.354,19.514
-8.931,6.473,-0.001,0.635,0.001,-0.000,-0.772,-0.014,-0.014,65.232,-0.014,57.396,63.056,54.504,-0.190,-0.932,-0.010,0.026,0.051,-0.044,0.000,0.003,19.654,0.002,19.234,19.336,19.501
-8.932,6.464,-0.001,0.635,0.001,0.000,-0.772,-0.014,-0.014,65.429,-0.014,57.589,63.249,54.699,-0.190,-0.931,-0.010,0.013,0.044,-0.044,0.001,0.002,19.689,0.003,19.300,19.330,19.484
-8.934,6.455,-0.001,0.635,0.001,0.000,-0.772,-0.014,-0.014,65.626,-0.014,57.782,63.443,54.893,-0.190,-0.931,-0.009,-0.008,0.037,-0.044,0.001,0.002,19.716,0.003,19.365,19.337,19.458
-8.936,6.445,-0.001,0.635,0.001,0.000,-0.773,-0.014,-0.014,65.823,-0.014,57.976,63.636,55.088,-0.191,-0.930,-0.007,-0.032,0.032,-0.044,0.001,0.001,19.736,0.004,19.422,19.355,19.419
-8.938,6.436,-0.001,0.635,0.001,0.001,-0.773,-0.014,-0.014,66.021,-0.014,58.170,63.830,55.282,-0.191,-0.929,-0.005,-0.054,0.026,-0.044,0.001,0.001,19.753,0.004,19.468,19.383,19.369
-8.940,6.427,-0.001,0.635,0.001,0.001,-0.773,-0.014,-0.014,66.218,-0.014,58.365,64.024,55.475,-0.191,-0.928,-0.003,-0.073,0.021,-0.044,0.001,0.000,19.769,0.005,19.502,19.419,19.309
-8.942,6.418,-0.001,0.634,0.001,0.001,-0.773,-0.014,-0.014,66.416,-0.014,58.560,64.218,55.668,-0.191,-0.927,-0.002,-0.085,0.016,-0.043,0.001,-0.000,19.786,0.005,19.522,19.462,19.242
-8.944,6.408,-0.001,0.634,0.001,0.002,-0.773,-0.014,-0.014,66.614,-0.014,58.756,64.413,55.860,-0.192,-0.927,0.000,-0.088,0.011,-0.043,0.000,-0.001,19.804,0.004,19.530,19.509,19.173
-8.946,6.399,-0.001,0.634,0.000,0.002,-0.773,-0.014,-0.014,66.812,-0.014,58.951,64.608,56.051,-0.192,-0.927,0.001,-0.080,0.005,-0.042,0.000,-0.002,19.823,0.004,19.530,19.556,19.110
-8.948,6.390,-0.001,0.634,0.000,0.002,-0.773,-0.014,-0.014,67.010,-0.014,59.146,64.804,56.242,-0.192,-0.927,0.003,-0.060,-0.004,-0.042,-0.000,-0.003,19.840,0.002,19.524,19.602,19.057
-8.950,6.380,-0.001,0.634,-0.000,0.002,-0.774,-0.014,-0.014,67.209,-0.014,59.341,65.000,56.433,-0.193,-0.927,0.003,-0.031,-0.015,-0.042,-0.001,-0.004,19.849,0.001,19.516,19.643,19.021
-8.952,6.371,-0.001,0.634,-0.000,0.002,-0.774,-0.014,-0.014,67.407,-0.014,59.536,65.197,56.623,-0.193,-0.928,0.003,0.003,-0.027,-0.043,-0.001,-0.005,19.846,-0.000,19.510,19.679,19.004
-8.954,6.362,-0.001,0.633,-0.000,0.002,-0.774,-0.014,-0.014,67.606,-0.014,59.732,65.394,56.813,-0.193,-0.928,0.003,0.040,-0.041,-0.043,-0.002,-0.006,19.828,-0.002,19.508,19.708,19.011
-8.955,6.353,-0.001,0.633,-0.000,0.002,-0.774,-0.014,-0.014,67.804,-0.014,59.927,65.591,57.003,-0.194,-0.929,0.003,0.073,-0.055,-0.044,-0.002,-0.006,19.794,-0.004,19.510,19.731,19.041
-8.957,6.343,-0.001,0.633,-0.000,0.001,-0.774,-0.014,-0.014,68.001,-0.014,60.122,65.789,57.194,-0.195,-0.930,0.002,0.099,-0.068,-0.045,-0.002,-0.007,19.743,-0.005,19.517,19.749,19.093
-8.959,6.334,-0.001,0.633,-0.000,0.001,-0.774,-0.014,-0.014,68.199,-0.014,60.317,65.986,57.385,-0.195,-0.930,0.001,0.113,-0.079,-0.046,-0.002,-0.007,19.678,-0.006,19.525,19.764,19.165
-8.961,6.325,-0.001,0.633,-0.000,-0.000,-0.774,-0.014,-0.014,68.395,-0.014,60.512,66.184,57.577,-0.196,-0.931,0.001,0.115,-0.086,-0.048,-0.002,-0.006,19.603,-0.007,19.533,19.775,19.250
-8.963,6.315,-0.001,0.632,-0.000,-0.001,-0.775,-0.014,-0.014,68.591,-0.014,60.708,66.382,57.770,-0.197,-0.931,0.000,0.105,-0.088,-0.048,-0.002,-0.005,19.523,-0.007,19.536,19.785,19.343
-8.965,6.306,-0.001,0.632,-0.000,-0.001,-0.775,-0.014,-0.015,68.785,-0.014,60.903,66.580,57.964,-0.197,-0.931,0.000,0.084,-0.084,-0.049,-0.001,-0.004,19.445,-0.007,19.530,19.793,19.436
-8.967,6.297,-0.001,0.632,-0.000,-0.002,-0.775,-0.014,-0.015,68.980,-0.014,61.098,66.778,58.159,-0.198,-0.931,0.001,0.055,-0.075,-0.049,-0.001,-0.003,19.375,-0.007,19.512,19.798,19.522
-8.969,6.287,-0.001,0.632,-0.000,-0.002,-0.775,-0.014,-0.015,69.173,-0.014,61.293,66.976,58.354,-0.199,-0.931,0.002,0.023,-0.059,-0.049,-0.000,-0.002,19.318,-0.006,19.481,19.800,19.595
-8.971,6.278,-0.001,0.632,-0.001,-0.002,-0.775,-0.014,-0.015,69.366,-0.014,61.488,67.174,58.551,-0.199,-0.930,0.004,-0.007,-0.039,-0.048,0.000,0.000,19.278,-0.005,19.436,19.794,19.650
-8.973,6.269,-0.001,0.632,-0.001,-0.002,-0.775,-0.014,-0.015,69.559,-0.014,61.682,67.371,58.747,-0.199,-0.930,0.005,-0.032,-0.016,-0.047,0.001,0.002,19.257,-0.004,19.379,19.780,19.684
-8.975,6.260,-0.001,0.631,-0.001,-0.002,-0.775,-0.014,-0.015,69.751,-0.014,61.875,67.569,58.944,-0.200,-0.930,0.006,-0.050,0.007,-0.047,0.001,0.004,19.258,-0.003,19.317,19.755,19.697
-8.977,6.250,-0.001,0.631,-0.001,-0.002,-0.776,-0.014,-0.014,69.944,-0.014,62.068,67.766,59.141,-0.200,-0.930,0.006,-0.059,0.029,-0.046,0.001,0.006,19.278,-0.003,19.253,19.720,19.693
-8.979,6.241,-0.000,0.631,-0.001,-0.002,-0.776,-0.014,-0.014,70.137,-0.014,62.260,67.963,59.338,-0.200,-0.930,0.006,-0.059,0.048,-0.045,0.001,0.007,19.314,-0.002,19.195,19.674,19.675
-8.981,6.232,-0.000,0.631,-0.001,-0.001,-0.776,-0.014,-0.014,70.330,-0.014,62.452,68.160,59.535,-0.201,-0.930,0.005,-0.049,0.062,-0.044,0.001,0.007,19.360,-0.002,19.148,19.622,19.648
-8.983,6.222,-0.000,0.631,-0.001,-0.001,-0.776,-0.014,-0.014,70.524,-0.014,62.643,68.356,59.731,-0.201,-0.930,0.004,-0.032,0.068,-0.044,0.001,0.007,19.406,-0.001,19.120,19.568,19.622
-8.985,6.213,-0.000,0.631,-0.001,-0.001,-0.776,-0.014,-0.014,70.718,-0.014,62.835,68.551,59.927,-0.201,-0.930,0.002,-0.012,0.070,-0.044,0.001,0.006,19.456,-0.000,19.110,19.516,19.598
-8.987,6.204,-0.000,0.630,-0.000,-0.000,-0.776,-0.014,-0.014,70.913,-0.014,63.026,68.746,60.123,-0.202,-0.931,-0.001,0.006,0.068,-0.044,0.001,0.005,19.517,0.001,19.118,19.465,19.577
-8.989,6.194,-0.000,0.630,-0.000,-0.000,-0.776,-0.014,-0.014,71.109,-0.014,63.217,68.941,60.319,-0.202,-0.931,-0.004,0.019,0.064,-0.044,0.001,0.004,19.580,0.002,19.143,19.421,19.559
-8.991,6.185,-0.000,0.630,0.000,-0.000,-0.777,-0.014,-0.014,71.305,-0.014,63.409,69.135,60.514,-0.203,-0.931,-0.007,0.025,0.056,-0.044,0.001,0.003,19.633,0.003,19.185,19.389,19.546
-8.993,6.176,-0.000,0.630,0.001,-0.000,-0.777,-0.014,-0.014,71.501,-0.014,63.601,69.328,60.710,-0.203,-0.931,-0.009,0.025,0.048,-0.045,0.001,0.003,19.677,0.003,19.240,19.371,19.534
-8.995,6.167,-0.001,0.630,0.001,-0.000,-0.777,-0.014,-0.014,71.698,-0.014,63.793,69.522,60.905,-0.204,-0.930,-0.011,0.014,0.041,-0.045,0.001,0.002,19.712,0.004,19.301,19.365,19.519
-8.997,6.157,-0.001,0.629,0.001,0.000,-0.777,-0.014,-0.014,71.895,-0.014,63.987,69.716,61.100,-0.204,-0.929,-0.010,-0.004,0.036,-0.045,0.001,0.001,19.738,0.004,19.363,19.372,19.496
-8.999,6.148,-0.001,0.629,0.001,0.000,-0.777,-0.014,-0.014,72.093,-0.014,64.181,69.910,61.295,-0.204,-0.928,-0.008,-0.027,0.031,-0.045,0.001,0.001,19.757,0.005,19.420,19.389,19.461
-9.001,6.139,-0.001,0.629,0.001,0.000,-0.777,-0.014,-0.014,72.291,-0.014,64.375,70.104,61.489,-0.205,-0.927,-0.006,-0.048,0.026,-0.045,0.001,0.001,19.772,0.005,19.467,19.416,19.414
-9.004,6.129,-0.001,0.629,0.001,0.001,-0.777,-0.014,-0.014,72.488,-0.014,64.570,70.298,61.683,-0.205,-0.926,-0.004,-0.067,0.023,-0.044,0.001,0.000,19.786,0.006,19.503,19.450,19.356
-9.006,6.120,-0.001,0.629,0.001,0.001,-0.778,-0.014,-0.014,72.686,-0.014,64.765,70.493,61.876,-0.205,-0.926,-0.002,-0.081,0.019,-0.044,0.001,-0.000,19.801,0.006,19.526,19.490,19.289
-9.008,6.111,-0.001,0.629,0.001,0.002,-0.778,-0.014,-0.014,72.884,-0.014,64.960,70.688,62.069,-0.205,-0.925,-0.000,-0.085,0.015,-0.043,0.000,-0.001,19.818,0.005,19.538,19.534,19.219
-9.010,6.102,-0.001,0.628,0.000,0.002,-0.778,-0.014,-0.014,73.083,-0.014,65.156,70.883,62.261,-0.205,-0.925,0.001,-0.080,0.010,-0.043,0.000,-0.002,19.836,0.005,19.541,19.579,19.152
-9.012,6.092,-0.001,0.628,0.000,0.002,-0.778,-0.014,-0.014,73.281,-0.014,65.351,71.079,62.452,-0.206,-0.925,0.003,-0.063,0.001,-0.043,-0.000,-0.003,19.852,0.004,19.537,19.622,19.094
-9.014,6.083,-0.001,0.628,-0.000,0.002,-0.778,-0.014,-0.014,73.480,-0.014,65.547,71.276,62.642,-0.206,-0.925,0.004,-0.037,-0.009,-0.043,-0.001,-0.004,19.862,0.003,19.532,19.661,19.051
-9.016,6.074,-0.001,0.628,-0.000,0.002,-0.778,-0.014,-0.014,73.678,-0.014,65.742,71.473,62.833,-0.207,-0.926,0.004,-0.004,-0.022,-0.043,-0.001,-0.005,19.861,0.001,19.526,19.695,19.028
-9.018,6.065,-0.001,0.628,-0.000,0.002,-0.778,-0.014,-0.014,73.877,-0.014,65.937,71.670,63.023,-0.207,-0.926,0.004,0.032,-0.036,-0.043,-0.001,-0.006,19.846,-0.001,19.524,19.723,19.026
-9.020,6.055,-0.001,0.628,-0.000,0.002,-0.779,-0.014,-0.014,74.075,-0.014,66.132,71.867,63.213,-0.208,-0.927,0.004,0.065,-0.051,-0.044,-0.002,-0.006,19.814,-0.002,19.526,19.746,19.049
-9.022,6.046,-0.001,0.627,-0.000,0.001,-0.779,-0.014,-0.014,74.273,-0.014,66.328,72.065,63.404,-0.208,-0.928,0.003,0.092,-0.064,-0.045,-0.002,-0.007,19.766,-0.004,19.532,19.764,19.094
-9.024,6.037,-0.001,0.627,-0.000,0.001,-0.779,-0.014,-0.014,74.470,-0.014,66.523,72.262,63.595,-0.209,-0.928,0.002,0.109,-0.076,-0.046,-0.002,-0.007,19.703,-0.005,19.540,19.778,19.160
-9.026,6.028,-0.001,0.627,-0.000,0.000,-0.779,-0.014,-0.014,74.667,-0.014,66.718,72.460,63.787,-0.210,-0.929,0.001,0.115,-0.084,-0.048,-0.002,-0.006,19.629,-0.006,19.547,19.790,19.241
-9.028,6.018,-0.001,0.627,-0.000,-0.001,-0.779,-0.014,-0.014,74.863,-0.014,66.914,72.658,63.980,-0.210,-0.929,0.000,0.108,-0.086,-0.049,-0.002,-0.005,19.550,-0.007,19.552,19.799,19.331
-9.030,6.009,-0.001,0.627,-0.000,-0.001,-0.779,-0.014,-0.015,75.058,-0.014,67.109,72.856,64.174,-0.211,-0.929,-0.000,0.089,-0.083,-0.049,-0.001,-0.004,19.472,-0.007,19.549,19.807,19.423
-9.033,6.000,-0.001,0.627,-0.000,-0.002,-0.779,0.082,0.061,75.251,0.059,67.305,73.054,64.369,-0.204,-0.929,0.000,0.077,-0.073,-0.015,15.525,12.810,19.110,12.206,19.660,19.722,19.544
-9.034,5.990,-0.001,0.627,-0.000,-0.002,-0.779,0.212,0.182,75.440,0.170,67.504,73.249,64.566,-0.166,-0.932,0.002,0.075,-0.060,0.209,8.038,8.783,18.620,7.920,19.998,19.200,19.969
-9.036,5.981,-0.001,0.628,-0.000,-0.003,-0.778,0.215,0.198,75.624,0.192,67.705,73.437,64.768,-0.129,-0.930,0.004,0.029,-0.047,0.427,-6.807,-5.376,18.298,-3.337,20.355,18.548,20.356
-9.037,5.972,-0.001,0.630,-0.000,-0.003,-0.777,0.113,0.106,75.806,0.125,67.909,73.621,64.972,-0.124,-0.928,0.006,-0.024,-0.033,0.454,-10.926,-10.547,18.193,-8.150,20.387,18.316,20.465
-9.038,5.962,-0.001,0.631,-0.001,-0.003,-0.775,0.046,0.036,75.988,0.069,68.112,73.805,65.176,-0.141,-0.926,0.007,-0.062,-0.013,0.338,-1.495,-2.457,18.211,-2.057,20.069,18.486,20.319
-9.040,5.953,-0.000,0.633,-0.001,-0.002,-0.774,0.086,0.063,76.171,0.093,68.311,73.991,65.379,-0.150,-0.925,0.006,-0.075,0.017,0.263,7.875,6.806,18.213,5.817,19.746,18.633,20.177
-9.041,5.944,-0.000,0.634,-0.001,-0.002,-0.774,0.164,0.139,76.352,0.155,68.508,74.177,65.580,-0.135,-0.926,0.005,-0.056,0.042,0.330,6.098,6.692,18.112,5.241,19.745,18.447,20.223
-9.043,5.935,-0.000,0.635,-0.001,-0.002,-0.772,0.182,0.168,76.533,0.178,68.706,74.359,65.783,-0.112,-0.924,0.006,-0.025,0.050,0.446,-2.231,-0.857,18.028,-0.617,19.950,18.072,20.327
-9.044,5.925,-0.000,0.637,-0.001,-0.002,-0.771,0.134,0.131,76.713,0.147,68.907,74.539,65.987,-0.102,-0.923,0.006,-0.010,0.050,0.484,-6.235,-5.473,17.983,-4.695,20.054,17.852,20.346
-9.045,5.916,-0.000,0.639,-0.001,-0.001,-0.769,0.087,0.087,76.893,0.107,69.107,74.717,66.190,-0.107,-0.924,0.004,-0.006,0.053,0.433,-2.348,-2.541,17.974,-2.552,19.919,17.887,20.258
-9.046,5.907,-0.000,0.640,-0.000,-0.001,-0.768,0.095,0.090,77.073,0.106,69.305,74.897,66.392,-0.112,-0.924,0.001,0.005,0.061,0.382,3.383,2.821,18.016,2.007,19.728,17.956,20.153
-9.047,5.898,-0.000,0.642,-0.000,-0.001,-0.767,0.136,0.129,77.253,0.135,69.502,75.076,66.593,-0.106,-0.924,-0.005,0.011,0.080,0.394,3.959,4.061,17.990,2.992,19.715,17.881,20.120
-9.048,5.889,-0.000,0.643,0.000,-0.001,-0.766,0.157,0.154,77.433,0.152,69.700,75.254,66.794,-0.095,-0.922,-0.008,0.023,0.084,0.432,-0.028,0.671,17.997,0.200,19.834,17.719,20.116
-9.049,5.879,-0.000,0.645,0.001,-0.001,-0.764,0.138,0.142,77.613,0.138,69.898,75.430,66.995,-0.089,-0.921,-0.011,0.018,0.082,0.445,-3.186,-2.666,17.992,-2.455,19.939,17.616,20.093
-9.050,5.870,-0.001,0.647,0.001,-0.000,-0.763,0.109,0.115,77.793,0.114,70.098,75.607,67.196,-0.090,-0.919,-0.012,-0.000,0.078,0.416,-1.992,-2.098,18.054,-1.906,19.930,17.630,20.010
-9.051,5.861,-0.001,0.648,0.001,-0.000,-0.761,0.105,0.107,77.974,0.107,70.297,75.783,67.395,-0.093,-0.918,-0.011,-0.017,0.070,0.378,1.108,0.636,18.171,0.479,19.877,17.687,19.890
-9.052,5.852,-0.001,0.650,0.001,0.000,-0.760,0.124,0.123,78.156,0.120,70.496,75.960,67.594,-0.090,-0.916,-0.009,-0.026,0.057,0.368,2.189,2.053,18.248,1.600,19.886,17.700,19.795
-9.052,5.843,-0.001,0.651,0.002,0.000,-0.759,0.139,0.139,78.338,0.132,70.695,76.137,67.792,-0.083,-0.915,-0.005,-0.037,0.043,0.388,0.591,0.858,18.227,0.645,19.966,17.659,19.745
-9.053,5.833,-0.001,0.653,0.002,0.001,-0.758,0.135,0.138,78.520,0.131,70.895,76.313,67.989,-0.076,-0.914,-0.003,-0.056,0.030,0.405,-1.195,-0.868,18.177,-0.700,20.040,17.625,19.697
-9.054,5.824,-0.001,0.654,0.001,0.001,-0.756,0.122,0.127,78.702,0.121,71.095,76.490,68.185,-0.073,-0.914,-0.001,-0.077,0.020,0.401,-1.178,-1.080,18.177,-0.950,20.052,17.645,19.609
-9.055,5.815,-0.001,0.656,0.001,0.001,-0.755,0.116,0.120,78.884,0.115,71.296,76.666,68.381,-0.072,-0.912,-0.000,-0.091,0.010,0.384,0.010,-0.150,18.218,-0.161,20.022,17.701,19.493
-9.055,5.806,-0.001,0.657,0.001,0.002,-0.754,0.121,0.124,79.067,0.118,71.496,76.844,68.575,-0.070,-0.912,0.000,-0.093,0.001,0.375,0.866,0.749,18.254,0.566,19.992,17.751,19.388
-9.056,5.797,-0.001,0.658,0.001,0.002,-0.753,0.129,0.132,79.249,0.124,71.696,77.021,68.769,-0.065,-0.911,0.001,-0.082,-0.008,0.381,0.548,0.598,18.252,0.426,19.979,17.776,19.319
-9.057,5.788,-0.001,0.660,0.000,0.002,-0.751,0.131,0.134,79.432,0.125,71.896,77.199,68.962,-0.060,-0.911,0.001,-0.062,-0.019,0.391,-0.147,-0.002,18.232,-0.032,19.970,17.790,19.278
-9.057,5.779,-0.001,0.661,0.000,0.002,-0.750,0.127,0.132,79.614,0.123,72.095,77.377,69.154,-0.056,-0.911,0.000,-0.034,-0.029,0.395,-0.497,-0.391,18.215,-0.368,19.950,17.812,19.248
-9.058,5.770,-0.001,0.663,-0.000,0.002,-0.749,0.123,0.129,79.796,0.120,72.294,77.555,69.347,-0.053,-0.911,0.000,-0.001,-0.039,0.390,-0.231,-0.228,18.206,-0.222,19.918,17.846,19.223
-9.058,5.761,-0.001,0.664,-0.000,0.002,-0.747,0.122,0.127,79.978,0.119,72.493,77.734,69.539,-0.050,-0.910,-0.000,0.035,-0.049,0.384,0.038,-0.043,18.188,-0.046,19.885,17.879,19.216
-9.059,5.751,-0.001,0.666,-0.000,0.002,-0.746,0.123,0.128,80.160,0.119,72.692,77.913,69.731,-0.047,-0.910,-0.001,0.068,-0.060,0.379,0.144,0.092,18.152,0.045,19.858,17.902,19.235
-9.059,5.742,-0.001,0.667,-0.000,0.001,-0.745,0.124,0.129,80.341,0.119,72.891,78.092,69.924,-0.044,-0.910,-0.000,0.094,-0.070,0.378,0.082,0.068,18.097,0.021,19.840,17.911,19.278
-9.060,5.733,-0.001,0.669,-0.000,0.001,-0.744,0.125,0.129,80.521,0.119,73.089,78.271,70.117,-0.040,-0.910,0.000,0.108,-0.080,0.377,0.023,0.030,18.025,0.004,19.826,17.912,19.340
-9.060,5.724,-0.001,0.670,-0.000,0.000,-0.742,0.125,0.129,80.701,0.119,73.287,78.450,70.310,-0.037,-0.909,0.001,0.109,-0.088,0.377,-0.006,0.012,17.942,-0.004,19.811,17.907,19.415
-9.060,5.715,-0.001,0.671,-0.000,-0.001,-0.741,0.125,0.129,80.880,0.119,73.485,78.629,70.505,-0.033,-0.909,0.003,0.098,-0.093,0.376,-0.014,0.006,17.852,-0.006,19.788,17.901,19.494
-9.061,5.706,-0.001,0.673,-0.000,-0.001,-0.740,0.125,0.129,81.058,0.119,73.683,78.808,70.700,-0.030,-0.909,0.004,0.077,-0.094,0.376,-0.011,0.005,17.759,-0.006,19.755,17.895,19.573
-9.061,5.697,-0.001,0.674,-0.000,-0.002,-0.739,0.125,0.130,81.235,0.119,73.880,78.987,70.896,-0.027,-0.908,0.005,0.050,-0.090,0.376,-0.006,0.005,17.671,-0.005,19.708,17.889,19.644
-9.061,5.688,-0.001,0.676,-0.000,-0.002,-0.737,0.125,0.130,81.412,0.119,74.077,79.166,71.093,-0.023,-0.908,0.007,0.020,-0.081,0.377,-0.001,0.006,17.590,-0.004,19.648,17.885,19.703
-9.061,5.679,-0.001,0.677,-0.001,-0.003,-0.736,0.125,0.130,81.587,0.119,74.273,79.345,71.290,-0.020,-0.908,0.007,-0.007,-0.066,0.378,0.002,0.007,17.522,-0.003,19.576,17.881,19.747
-9.062,5.670,-0.001,0.678,-0.001,-0.003,-0.735,0.125,0.130,81.762,0.119,74.469,79.524,71.488,-0.016,-0.907,0.008,-0.030,-0.047,0.379,0.003,0.008,17.471,-0.002,19.496,17.876,19.774
-9.062,5.661,-0.000,0.680,-0.001,-0.003,-0.733,0.125,0.130,81.937,0.119,74.663,79.702,71.686,-0.013,-0.907,0.007,-0.046,-0.025,0.380,0.003,0.009,17.437,-0.001,19.414,17.866,19.784
-9.062,5.651,-0.000,0.681,-0.002,-0.003,-0.732,0.125,0.130,82.111,0.119,74.857,79.881,71.884,-0.009,-0.907,0.006,-0.052,-0.002,0.381,0.003,0.009,17.422,-0.001,19.336,17.850,19.778
-9.062,5.642,-0.000,0.683,-0.002,-0.002,-0.731,0.125,0.130,82.285,0.119,75.050,80.059,72.081,-0.006,-0.907,0.004,-0.049,0.023,0.382,0.003,0.009,17.423,-0.000,19.266,17.825,19.760
-9.062,5.633,-0.000,0.684,-0.002,-0.002,-0.730,0.125,0.130,82.460,0.119,75.242,80.237,72.279,-0.002,-0.906,0.002,-0.039,0.048,0.382,0.003,0.010,17.439,0.000,19.212,17.788,19.733
-9.062,5.624,-0.000,0.685,-0.002,-0.002,-0.728,0.125,0.130,82.634,0.119,75.434,80.415,72.476,0.002,-0.906,-0.000,-0.022,0.071,0.383,0.003,0.009,17.466,0.001,19.178,17.739,19.699
-9.062,5.615,-0.000,0.687,-0.001,-0.001,-0.727,0.125,0.130,82.809,0.119,75.626,80.592,72.673,0.005,-0.905,-0.002,-0.002,0.090,0.383,0.003,0.009,17.504,0.002,19.166,17.680,19.662
-9.062,5.606,-0.000,0.688,-0.001,-0.001,-0.726,0.125,0.130,82.984,0.119,75.818,80.769,72.869,0.009,-0.905,-0.004,0.018,0.104,0.383,0.002,0.008,17.548,0.002,19.179,17.613,19.625
-9.062,5.597,-0.000,0.689,-0.000,-0.001,-0.724,0.125,0.130,83.160,0.119,76.009,80.944,73.065,0.012,-0.904,-0.006,0.035,0.112,0.382,0.002,0.007,17.596,0.003,19.215,17.541,19.588
-9.062,5.588,-0.000,0.691,0.000,-0.001,-0.723,0.125,0.131,83.336,0.119,76.202,81.119,73.261,0.015,-0.903,-0.007,0.045,0.115,0.382,0.002,0.007,17.645,0.003,19.271,17.468,19.551
-9.061,5.579,-0.001,0.692,0.001,-0.000,-0.722,0.125,0.131,83.513,0.119,76.395,81.294,73.456,0.019,-0.902,-0.007,0.047,0.112,0.381,0.002,0.006,17.694,0.003,19.342,17.398,19.511
-9.061,5.570,-0.001,0.694,0.001,-0.000,-0.720,0.125,0.131,83.690,0.119,76.589,81.467,73.651,0.022,-0.902,-0.006,0.038,0.105,0.381,0.001,0.005,17.739,0.003,19.422,17.335,19.467
-9.061,5.561,-0.001,0.695,0.002,0.000,-0.719,0.125,0.131,83.868,0.119,76.783,81.641,73.846,0.025,-0.901,-0.005,0.022,0.093,0.380,0.001,0.005,17.780,0.004,19.503,17.282,19.416
-9.061,5.552,-0.001,0.696,0.002,0.000,-0.718,0.125,0.131,84.046,0.119,76.979,81.813,74.040,0.029,-0.900,-0.002,-0.001,0.078,0.380,0.001,0.005,17.815,0.004,19.578,17.242,19.359
-9.060,5.543,-0.001,0.698,0.002,0.001,-0.716,0.125,0.131,84.224,0.119,77.175,81.985,74.233,0.032,-0.900,-0.001,-0.026,0.060,0.380,0.001,0.004,17.845,0.005,19.644,17.218,19.295
-9.060,5.534,-0.001,0.699,0.002,0.001,-0.715,0.125,0.131,84.402,0.119,77.372,82.158,74.425,0.036,-0.900,0.001,-0.050,0.040,0.380,0.001,0.004,17.871,0.005,19.694,17.210,19.226
-9.060,5.525,-0.001,0.700,0.002,0.001,-0.714,0.125,0.131,84.581,0.119,77.569,82.330,74.617,0.039,-0.899,0.001,-0.071,0.021,0.380,0.001,0.004,17.892,0.006,19.726,17.219,19.156
-9.059,5.516,-0.001,0.702,0.002,0.002,-0.712,0.125,0.131,84.760,0.119,77.766,82.502,74.809,0.042,-0.899,0.001,-0.086,0.004,0.380,0.001,0.003,17.912,0.006,19.741,17.242,19.089
-9.059,5.507,-0.001,0.703,0.002,0.002,-0.711,0.125,0.131,84.939,0.119,77.964,82.675,74.999,0.046,-0.899,0.000,-0.092,-0.012,0.381,0.001,0.003,17.930,0.005,19.741,17.279,19.029
-9.058,5.498,-0.001,0.704,0.001,0.002,-0.710,0.125,0.131,85.119,0.119,78.161,82.848,75.189,0.050,-0.899,-0.001,-0.088,-0.026,0.381,0.000,0.002,17.946,0.005,19.730,17.327,18.981
-9.058,5.489,-0.001,0.706,0.001,0.002,-0.708,0.125,0.131,85.298,0.120,78.358,83.021,75.379,0.053,-0.899,-0.003,-0.076,-0.038,0.381,0.000,0.001,17.959,0.004,19.710,17.380,18.946
-9.057,5.480,-0.001,0.707,0.000,0.002,-0.707,0.125,0.131,85.478,0.120,78.555,83.195,75.568,0.057,-0.898,-0.004,-0.054,-0.048,0.381,-0.000,0.000,17.968,0.003,19.685,17.436,18.928
-9.057,5.471,-0.001,0.709,0.000,0.002,-0.706,0.125,0.131,85.658,0.120,78.752,83.370,75.757,0.060,-0.897,-0.005,-0.026,-0.055,0.381,-0.001,-0.001,17.968,0.001,19.658,17.490,18.928
-9.056,5.462,-0.001,0.710,-0.000,0.002,-0.704,0.125,0.131,85.837,0.120,78.948,83.545,75.947,0.064,-0.897,-0.006,0.006,-0.060,0.380,-0.001,-0.002,17.959,-0.001,19.633,17.539,18.945
-9.056,5.453,-0.001,0.711,-0.000,0.002,-0.703,0.125,0.131,86.017,0.120,79.144,83.721,76.136,0.067,-0.896,-0.006,0.036,-0.065,0.379,-0.001,-0.003,17.938,-0.002,19.611,17.580,18.981
-9.055,5.444,-0.001,0.713,-0.000,0.002,-0.702,0.125,0.131,86.196,0.120,79.340,83.897,76.326,0.070,-0.895,-0.004,0.061,-0.071,0.378,-0.002,-0.003,17.905,-0.004,19.591,17.611,19.032
-9.054,5.435,-0.001,0.714,-0.000,0.001,-0.700,0.125,0.131,86.375,0.120,79.536,84.073,76.517,0.074,-0.894,-0.002,0.077,-0.078,0.377,-0.002,-0.004,17.859,-0.005,19.572,17.635,19.096
-9.053,5.426,-0.001,0.715,-0.000,0.000,-0.699,0.125,0.131,86.553,0.119,79.732,84.249,76.708,0.077,-0.893,0.000,0.083,-0.085,0.376,-0.001,-0.004,17.800,-0.005,19.550,17.651,19.168
-9.053,5.417,-0.001,0.716,-0.000,-0.000,-0.698,0.125,0.131,86.731,0.119,79.927,84.426,76.900,0.080,-0.893,0.003,0.079,-0.091,0.375,-0.001,-0.004,17.731,-0.005,19.522,17.661,19.245
-9.052,5.409,-0.001,0.718,-0.000,-0.001,-0.696,0.125,0.131,86.908,0.119,80.122,84.602,77.093,0.083,-0.893,0.006,0.068,-0.094,0.374,-0.001,-0.003,17.655,-0.005,19.484,17.669,19.321
-9.051,5.400,-0.001,0.719,-0.001,-0.001,-0.695,0.125,0.131,87.084,0.119,80.317,84.779,77.287,0.086,-0.892,0.008,0.050,-0.095,0.374,-0.001,-0.003,17.574,-0.005,19.436,17.677,19.392
-9.050,5.391,-0.001,0.720,-0.001,-0.002,-0.694,0.125,0.131,87.259,0.119,80.511,84.956,77.481,0.090,-0.892,0.010,0.030,-0.091,0.374,-0.000,-0.002,17.495,-0.004,19.378,17.685,19.454
-9.049,5.382,-0.001,0.722,-0.001,-0.002,-0.692,0.125,0.131,87.434,0.119,80.704,85.133,77.676,0.093,-0.892,0.011,0.008,-0.084,0.375,-0.000,-0.001,17.421,-0.003,19.311,17.695,19.504
-9.048,5.373,-0.001,0.723,-0.001,-0.002,-0.691,0.125,0.131,87.608,0.119,80.897,85.310,77.871,0.096,-0.892,0.011,-0.010,-0.072,0.376,-0.000,-0.001,17.355,-0.003,19.239,17.706,19.541
-9.047,5.364,-0.000,0.724,-0.001,-0.003,-0.689,0.125,0.131,87.781,0.119,81.089,85.487,78.067,0.100,-0.892,0.010,-0.023,-0.055,0.377,0.000,-0.000,17.301,-0.002,19.166,17.717,19.566
-9.046,5.355,-0.000,0.726,-0.002,-0.003,-0.688,0.125,0.131,87.954,0.119,81.281,85.664,78.262,0.103,-0.892,0.008,-0.029,-0.035,0.378,0.000,0.001,17.261,-0.001,19.098,17.724,19.579
-9.045,5.346,-0.000,0.727,-0.002,-0.003,-0.687,0.125,0.131,88.126,0.119,81.471,85.841,78.458,0.107,-0.892,0.005,-0.028,-0.010,0.378,0.001,0.001,17.236,-0.001,19.041,17.726,19.582
-9.044,5.337,-0.000,0.728,-0.002,-0.003,-0.685,0.125,0.131,88.299,0.119,81.661,86.019,78.654,0.110,-0.892,0.002,-0.020,0.016,0.379,0.001,0.002,17.226,-0.000,18.997,17.717,19.575
-9.043,5.328,-0.000,0.729,-0.002,-0.002,-0.684,0.125,0.131,88.471,0.119,81.851,86.196,78.850,0.114,-0.891,-0.001,-0.008,0.044,0.379,0.001,0.003,17.231,0.001,18.973,17.697,19.561
-9.042,5.319,-0.000,0.731,-0.002,-0.002,-0.683,0.125,0.131,88.643,0.119,82.041,86.373,79.045,0.117,-0.890,-0.004,0.006,0.072,0.379,0.001,0.003,17.248,0.001,18.969,17.662,19.541
-9.041,5.310,-0.000,0.732,-0.001,-0.002,-0.681,0.125,0.131,88.816,0.119,82.231,86.549,79.240,0.121,-0.889,-0.006,0.019,0.097,0.379,0.001,0.003,17.278,0.002,18.988,17.613,19.515
-9.039,5.302,-0.000,0.733,-0.001,-0.002,-0.680,0.125,0.131,88.989,0.119,82.421,86.725,79.435,0.124,-0.888,-0.007,0.031,0.119,0.379,0.001,0.004,17.319,0.002,19.029,17.550,19.483
-9.038,5.293,-0.000,0.735,-0.000,-0.001,-0.678,0.125,0.131,89.162,0.119,82.611,86.900,79.630,0.127,-0.887,-0.007,0.038,0.134,0.379,0.001,0.004,17.368,0.002,19.090,17.478,19.445
-9.037,5.284,-0.001,0.736,0.000,-0.001,-0.677,0.125,0.131,89.336,0.119,82.803,87.074,79.824,0.130,-0.885,-0.007,0.039,0.142,0.379,0.001,0.003,17.425,0.003,19.166,17.399,19.400
-9.035,5.275,-0.001,0.737,0.001,-0.000,-0.676,0.125,0.131,89.511,0.119,82.995,87.248,80.018,0.133,-0.884,-0.005,0.033,0.142,0.378,0.001,0.003,17.485,0.003,19.252,17.319,19.347
-9.034,5.266,-0.001,0.738,0.001,-0.000,-0.674,0.125,0.131,89.686,0.119,83.188,87.421,80.211,0.136,-0.884,-0.003,0.022,0.135,0.378,0.001,0.003,17.548,0.003,19.342,17.244,19.288
-9.033,5.257,-0.001,0.740,0.002,0.000,-0.673,0.125,0.131,89.862,0.119,83.381,87.593,80.404,0.140,-0.883,-0.000,0.006,0.120,0.378,0.001,0.004,17.609,0.004,19.430,17.177,19.222
-9.031,5.248,-0.001,0.741,0.002,0.001,-0.671,0.125,0.131,90.038,0.119,83.576,87.764,80.596,0.143,-0.883,0.002,-0.012,0.100,0.378,0.001,0.004,17.666,0.004,19.509,17.122,19.153
-9.030,5.240,-0.001,0.742,0.002,0.001,-0.670,0.125,0.131,90.215,0.119,83.772,87.935,80.787,0.146,-0.883,0.003,-0.031,0.076,0.378,0.001,0.004,17.719,0.004,19.575,17.084,19.082
-9.028,5.231,-0.001,0.744,0.002,0.002,-0.669,0.125,0.131,90.392,0.119,83.968,88.106,80.977,0.150,-0.883,0.004,-0.047,0.051,0.379,0.001,0.004,17.764,0.004,19.626,17.063,19.015
-9.027,5.222,-0.001,0.745,0.002,0.002,-0.667,0.125,0.131,90.570,0.119,84.164,88.277,81.167,0.153,-0.883,0.003,-0.059,0.025,0.379,0.001,0.003,17.804,0.004,19.661,17.061,18.954
-9.025,5.213,-0.001,0.746,0.002,0.002,-0.666,0.125,0.131,90.749,0.120,84.361,88.447,81.356,0.157,-0.883,0.002,-0.066,0.001,0.379,0.001,0.003,17.836,0.004,19.679,17.076,18.904
-9.024,5.204,-0.001,0.747,0.002,0.002,-0.664,0.125,0.131,90.927,0.120,84.558,88.618,81.545,0.161,-0.883,-0.000,-0.066,-0.021,0.380,0.000,0.002,17.862,0.003,19.685,17.106,18.867
-9.022,5.195,-0.001,0.749,0.002,0.002,-0.663,0.125,0.131,91.106,0.120,84.754,88.789,81.734,0.164,-0.882,-0.003,-0.060,-0.040,0.380,0.000,0.002,17.881,0.002,19.679,17.150,18.846
-9.020,5.187,-0.001,0.750,0.001,0.002,-0.662,0.125,0.131,91.285,0.120,84.951,88.961,81.922,0.168,-0.882,-0.005,-0.050,-0.055,0.380,-0.000,0.001,17.893,0.001,19.666,17.202,18.842
-9.019,5.178,-0.001,0.751,0.001,0.002,-0.660,0.125,0.131,91.464,0.120,85.148,89.134,82.111,0.171,-0.881,-0.008,-0.035,-0.067,0.380,-0.001,0.000,17.898,0.000,19.646,17.261,18.854
-9.017,5.169,-0.001,0.752,0.001,0.002,-0.659,0.125,0.131,91.643,0.120,85.344,89.306,82.299,0.174,-0.880,-0.009,-0.018,-0.075,0.379,-0.001,-0.001,17.895,-0.001,19.623,17.321,18.882
-9.015,5.160,-0.001,0.754,0.000,0.002,-0.657,0.125,0.131,91.821,0.120,85.540,89.480,82.488,0.178,-0.878,-0.010,-0.000,-0.080,0.379,-0.001,-0.002,17.884,-0.002,19.596,17.379,18.923
-9.014,5.151,-0.001,0.755,0.000,0.002,-0.656,0.125,0.131,92.000,0.120,85.736,89.654,82.678,0.181,-0.877,-0.009,0.015,-0.083,0.378,-0.001,-0.002,17.864,-0.003,19.567,17.434,18.976
-9.012,5.143,-0.001,0.756,-0.000,0.001,-0.654,0.125,0.131,92.179,0.120,85.932,89.829,82.868,0.184,-0.875,-0.007,0.026,-0.085,0.377,-0.001,-0.003,17.836,-0.004,19.534,17.481,19.037
-9.010,5.134,-0.001,0.757,-0.000,0.001,-0.653,0.125,0.131,92.357,0.120,86.127,90.004,83.059,0.187,-0.874,-0.004,0.033,-0.088,0.376,-0.001,-0.003,17.799,-0.004,19.496,17.521,19.102
-9.008,5.125,-0.001,0.759,-0.000,0.000,-0.652,0.125,0.131,92.535,0.119,86.321,90.179,83.250,0.190,-0.872,-0.000,0.034,-0.089,0.375,-0.001,-0.004,17.753,-0.005,19.451,17.555,19.169
-9.006,5.117,-0.001,0.760,-0.001,-0.000,-0.650,0.125,0.131,92.712,0.119,86.516,90.355,83.442,0.193,-0.871,0.003,0.032,-0.090,0.375,-0.001,-0.004,17.699,-0.005,19.399,17.582,19.234
-9.004,5.108,-0.001,0.761,-0.001,-0.001,-0.649,0.125,0.131,92.889,0.119,86.709,90.531,83.635,0.196,-0.870,0.007,0.026,-0.090,0.374,-0.001,-0.004,17.638,-0.004,19.340,17.606,19.294
