-3.000,-3.000,0.001,1.000,0.000,0.000,0.000,-0.000,-0.000,0.000,-0.000,0.000,0.000,0.000,-0.000,-0.000,0.000,-0.000,-0.000,-0.000,0.000,0.000,-0.000,0.000,-0.000,-0.000,-0.000
-3.000,-3.000,0.000,1.000,0.000,0.000,0.000,-0.251,-0.183,-0.001,-0.201,-0.000,-0.004,-0.004,-0.038,0.002,-0.000,0.003,0.020,0.029,-39.925,-29.971,-0.345,-34.116,-0.169,-0.841,-0.732
-3.001,-3.000,0.000,1.000,0.000,0.000,0.000,-0.551,-0.428,-0.008,-0.493,-0.005,-0.016,-0.013,-0.060,0.009,-0.000,0.009,0.016,0.051,-15.891,-15.534,-1.104,-18.766,-0.842,-1.391,-1.184
-3.001,-3.000,0.000,1.000,0.000,0.000,0.001,-0.569,-0.484,-0.023,-0.533,-0.018,-0.032,-0.027,-0.075,0.017,-0.000,0.010,0.009,0.086,11.298,4.031,-1.904,11.121,-1.686,-1.814,-1.459
-3.002,-3.000,0.000,1.000,0.000,0.000,0.001,-0.374,-0.374,-0.046,-0.317,-0.039,-0.052,-0.043,-0.095,0.021,-0.000,0.005,0.008,0.110,23.789,15.481,-2.613,27.488,-2.398,-2.269,-1.802
-3.003,-2.999,0.000,1.000,0.000,0.000,0.002,-0.192,-0.240,-0.075,-0.100,-0.064,-0.078,-0.063,-0.125,0.019,-0.000,-0.003,0.012,0.116,9.420,8.517,-3.108,12.198,-2.714,-2.849,-2.338
-3.005,-2.999,0.000,1.000,0.000,0.000,0.002,-0.225,-0.246,-0.108,-0.115,-0.092,-0.109,-0.090,-0.157,0.019,-0.000,-0.005,0.012,0.125,-13.953,-8.546,-3.457,-13.489,-2.844,-3.484,-2.930
-3.006,-2.999,0.000,1.000,0.000,0.000,0.003,-0.398,-0.363,-0.145,-0.309,-0.122,-0.147,-0.122,-0.182,0.026,-0.001,0.004,0.005,0.162,-16.047,-11.550,-3.983,-20.335,-3.147,-4.059,-3.358
-3.008,-2.999,0.000,1.000,0.000,0.000,0.004,-0.485,-0.432,-0.188,-0.444,-0.156,-0.190,-0.156,-0.197,0.036,-0.001,0.011,-0.005,0.216,-1.277,-2.061,-4.657,-5.815,-3.693,-4.517,-3.592
-3.010,-2.998,0.000,1.000,0.000,0.000,0.005,-0.429,-0.403,-0.238,-0.417,-0.196,-0.237,-0.193,-0.213,0.043,-0.001,0.006,-0.007,0.256,10.924,7.017,-5.291,9.729,-4.278,-4.940,-3.827
-3.013,-2.998,0.000,1.000,0.000,0.000,0.006,-0.312,-0.320,-0.293,-0.301,-0.241,-0.289,-0.233,-0.236,0.043,-0.002,-0.007,-0.001,0.269,10.236,8.081,-5.794,10.855,-4.719,-5.403,-4.208
-3.015,-2.997,0.000,1.000,0.000,0.000,0.008,-0.266,-0.274,-0.353,-0.249,-0.290,-0.345,-0.278,-0.262,0.041,-0.003,-0.013,0.003,0.275,-1.437,0.551,-6.189,-1.106,-4.990,-5.918,-4.681
-3.018,-2.997,0.000,1.000,0.000,0.000,0.009,-0.330,-0.306,-0.417,-0.318,-0.341,-0.407,-0.327,-0.285,0.044,-0.004,-0.011,0.003,0.303,-9.458,-5.863,-6.625,-10.907,-5.244,-6.441,-5.085
-3.021,-2.997,0.000,1.000,0.000,0.000,0.011,-0.406,-0.358,-0.486,-0.413,-0.395,-0.474,-0.379,-0.302,0.051,-0.005,-0.007,-0.001,0.349,-4.368,-3.287,-7.167,-6.548,-5.636,-6.902,-5.350
-3.024,-2.996,0.000,1.000,0.000,0.000,0.013,-0.411,-0.365,-0.561,-0.437,-0.454,-0.545,-0.434,-0.318,0.057,-0.006,-0.008,-0.002,0.391,2.910,1.591,-7.714,1.573,-6.071,-7.324,-5.579
-3.027,-2.995,0.000,1.000,-0.000,0.000,0.015,-0.362,-0.333,-0.640,-0.395,-0.516,-0.620,-0.491,-0.336,0.058,-0.007,-0.015,-0.001,0.411,5.804,4.130,-8.192,5.817,-6.476,-7.735,-5.876
-3.031,-2.995,0.000,1.000,-0.000,0.000,0.017,-0.320,-0.300,-0.724,-0.349,-0.583,-0.700,-0.551,-0.356,0.057,-0.008,-0.020,0.002,0.420,2.116,2.107,-8.598,2.496,-6.801,-8.161,-6.242
-3.034,-2.994,0.000,1.000,-0.000,0.000,0.019,-0.327,-0.298,-0.812,-0.355,-0.652,-0.784,-0.616,-0.376,0.057,-0.008,-0.021,0.002,0.436,-3.110,-1.613,-8.997,-3.308,-7.079,-8.595,-6.593
-3.038,-2.994,0.000,1.000,-0.000,0.000,0.021,-0.360,-0.319,-0.904,-0.392,-0.724,-0.872,-0.683,-0.393,0.059,-0.009,-0.018,0.000,0.464,-2.835,-1.908,-9.430,-3.384,-7.393,-9.007,-6.877
-3.042,-2.993,-0.000,1.000,-0.000,0.000,0.024,-0.375,-0.330,-1.001,-0.411,-0.800,-0.964,-0.753,-0.408,0.062,-0.010,-0.016,-0.001,0.493,-0.230,-0.390,-9.871,-0.754,-7.723,-9.397,-7.126
-3.046,-2.992,-0.000,1.000,-0.001,0.000,0.026,-0.368,-0.328,-1.101,-0.409,-0.879,-1.060,-0.826,-0.423,0.063,-0.011,-0.017,-0.001,0.518,1.348,0.754,-10.292,1.023,-8.038,-9.776,-7.376
-3.051,-2.992,-0.000,1.000,-0.001,0.000,0.029,-0.354,-0.319,-1.206,-0.397,-0.961,-1.159,-0.901,-0.439,0.063,-0.011,-0.017,-0.000,0.535,1.188,0.876,-10.683,1.109,-8.336,-10.144,-7.645
-3.055,-2.991,-0.000,1.000,-0.001,0.000,0.031,-0.347,-0.312,-1.315,-0.389,-1.046,-1.263,-0.979,-0.454,0.061,-0.012,-0.017,-0.000,0.548,0.376,0.407,-11.048,0.532,-8.623,-10.501,-7.924
-3.060,-2.991,-0.001,0.999,-0.001,0.000,0.034,-0.345,-0.310,-1.427,-0.386,-1.133,-1.369,-1.059,-0.469,0.059,-0.012,-0.014,-0.001,0.559,-0.092,0.087,-11.398,0.213,-8.903,-10.844,-8.199
-3.064,-2.990,-0.001,0.999,-0.001,0.000,0.037,-0.347,-0.310,-1.543,-0.384,-1.224,-1.479,-1.143,-0.483,0.058,-0.012,-0.009,-0.001,0.571,-0.235,-0.060,-11.740,0.069,-9.175,-11.175,-8.461
-3.069,-2.989,-0.001,0.999,-0.001,0.000,0.040,-0.349,-0.311,-1.662,-0.384,-1.317,-1.593,-1.228,-0.496,0.056,-0.011,-0.004,-0.002,0.584,-0.189,-0.062,-12.073,0.018,-9.438,-11.496,-8.709
-3.074,-2.989,-0.001,0.999,-0.001,0.000,0.043,-0.351,-0.311,-1.784,-0.384,-1.412,-1.709,-1.317,-0.509,0.055,-0.010,0.001,-0.003,0.598,-0.093,-0.030,-12.396,0.005,-9.691,-11.806,-8.945
-3.079,-2.988,-0.001,0.999,-0.001,0.000,0.046,-0.351,-0.311,-1.910,-0.384,-1.510,-1.829,-1.407,-0.521,0.053,-0.009,0.006,-0.004,0.612,-0.029,-0.014,-12.708,0.003,-9.936,-12.104,-9.171
-3.085,-2.988,-0.001,0.999,-0.001,0.000,0.049,-0.352,-0.311,-2.039,-0.384,-1.611,-1.951,-1.500,-0.533,0.051,-0.008,0.011,-0.005,0.625,0.002,-0.007,-13.008,0.002,-10.172,-12.391,-9.389
-3.090,-2.987,-0.001,0.999,-0.001,0.000,0.052,-0.352,-0.311,-2.170,-0.384,-1.714,-2.077,-1.595,-0.544,0.049,-0.007,0.015,-0.005,0.639,0.013,-0.005,-13.296,0.001,-10.400,-12.667,-9.599
-3.096,-2.987,-0.001,0.998,-0.001,0.000,0.055,-0.351,-0.312,-2.304,-0.384,-1.819,-2.205,-1.692,-0.555,0.046,-0.005,0.019,-0.006,0.652,0.012,-0.005,-13.572,0.001,-10.620,-12.931,-9.803
-3.101,-2.986,-0.001,0.998,-0.001,0.000,0.059,-0.351,-0.312,-2.441,-0.384,-1.926,-2.335,-1.791,-0.566,0.044,-0.004,0.020,-0.006,0.664,0.008,-0.005,-13.836,0.000,-10.832,-13.185,-10.000
-3.107,-2.986,-0.001,0.998,-0.000,0.000,0.062,-0.351,-0.312,-2.581,-0.384,-2.036,-2.468,-1.892,-0.577,0.041,-0.003,0.021,-0.005,0.676,0.004,-0.005,-14.090,-0.000,-11.037,-13.429,-10.190
-3.113,-2.986,-0.001,0.998,-0.000,0.000,0.065,-0.351,-0.312,-2.723,-0.384,-2.147,-2.604,-1.995,-0.587,0.038,-0.002,0.019,-0.005,0.688,0.001,-0.005,-14.335,-0.000,-11.235,-13.663,-10.374
-3.119,-2.985,-0.001,0.998,-0.000,0.000,0.069,-0.351,-0.312,-2.868,-0.384,-2.260,-2.742,-2.099,-0.597,0.034,-0.001,0.017,-0.004,0.700,-0.001,-0.005,-14.571,-0.000,-11.427,-13.890,-10.552
-3.125,-2.985,-0.001,0.997,-0.000,0.000,0.072,-0.351,-0.312,-3.015,-0.384,-2.375,-2.882,-2.206,-0.607,0.031,-0.000,0.013,-0.004,0.712,-0.001,-0.005,-14.800,-0.000,-11.612,-14.110,-10.724
-3.131,-2.985,-0.001,0.997,-0.000,0.000,0.076,-0.351,-0.312,-3.164,-0.384,-2.493,-3.024,-2.314,-0.616,0.027,0.000,0.008,-0.003,0.723,-0.001,-0.004,-15.023,-0.000,-11.790,-14.323,-10.890
-3.137,-2.984,-0.001,0.997,-0.000,0.000,0.080,-0.351,-0.312,-3.315,-0.384,-2.611,-3.168,-2.424,-0.625,0.023,0.000,0.003,-0.003,0.733,-0.001,-0.004,-15.241,-0.000,-11.962,-14.531,-11.051
-3.143,-2.984,-0.001,0.997,-0.000,0.000,0.083,-0.351,-0.312,-3.469,-0.384,-2.732,-3.314,-2.535,-0.634,0.019,0.001,-0.001,-0.002,0.744,-0.000,-0.003,-15.454,0.000,-12.129,-14.735,-11.206
-3.150,-2.984,-0.001,0.996,-0.000,0.000,0.087,-0.351,-0.312,-3.624,-0.384,-2.854,-3.463,-2.648,-0.643,0.014,0.001,-0.004,-0.002,0.754,-0.000,-0.002,-15.662,0.000,-12.291,-14.934,-11.356
-3.156,-2.984,-0.001,0.996,-0.000,0.000,0.091,-0.351,-0.312,-3.782,-0.384,-2.978,-3.613,-2.762,-0.652,0.009,0.001,-0.004,-0.002,0.764,-0.000,-0.002,-15.866,0.000,-12.449,-15.129,-11.501
-3.163,-2.984,-0.001,0.996,-0.000,0.000,0.095,-0.351,-0.312,-3.941,-0.384,-3.103,-3.765,-2.878,-0.660,0.005,0.001,-0.002,-0.003,0.774,-0.000,-0.002,-16.065,0.000,-12.602,-15.319,-11.643
-3.169,-2.984,-0.001,0.995,-0.000,0.000,0.098,-0.351,-0.312,-4.103,-0.384,-3.230,-3.919,-2.995,-0.668,-0.000,0.001,0.003,-0.004,0.783,-0.000,-0.002,-16.257,0.000,-12.752,-15.505,-11.781
-3.176,-2.984,-0.001,0.995,-0.000,0.000,0.102,-0.351,-0.312,-4.267,-0.384,-3.358,-4.075,-3.113,-0.676,-0.006,0.002,0.012,-0.005,0.793,-0.000,-0.002,-16.441,0.000,-12.899,-15.684,-11.916
-3.183,-2.984,-0.001,0.994,0.000,0.000,0.106,-0.351,-0.312,-4.432,-0.384,-3.488,-4.233,-3.233,-0.683,-0.011,0.003,0.023,-0.006,0.802,-0.000,-0.003,-16.616,0.000,-13.044,-15.856,-12.049
-3.190,-2.984,-0.001,0.994,0.000,0.000,0.110,-0.351,-0.312,-4.599,-0.384,-3.619,-4.392,-3.354,-0.691,-0.016,0.005,0.037,-0.007,0.811,-0.000,-0.004,-16.780,0.000,-13.187,-16.020,-12.182
-3.197,-2.984,-0.001,0.993,0.000,0.000,0.114,-0.351,-0.312,-4.767,-0.384,-3.751,-4.553,-3.477,-0.698,-0.022,0.006,0.051,-0.008,0.820,-0.000,-0.005,-16.933,0.001,-13.329,-16.174,-12.314
-3.204,-2.985,-0.001,0.993,0.001,0.000,0.119,-0.351,-0.312,-4.937,-0.384,-3.885,-4.716,-3.601,-0.706,-0.028,0.008,0.064,-0.009,0.830,-0.000,-0.005,-17.073,0.001,-13.469,-16.318,-12.445
-3.211,-2.985,-0.001,0.992,0.001,0.000,0.123,-0.351,-0.312,-5.109,-0.384,-4.021,-4.880,-3.726,-0.713,-0.034,0.010,0.075,-0.009,0.839,-0.000,-0.006,-17.202,0.001,-13.607,-16.451,-12.576
-3.218,-2.985,-0.001,0.992,0.001,0.000,0.127,-0.351,-0.312,-5.281,-0.384,-4.157,-5.045,-3.852,-0.720,-0.040,0.011,0.081,-0.008,0.848,-0.000,-0.006,-17.320,0.001,-13.743,-16.574,-12.707
-3.225,-2.986,-0.001,0.991,0.002,0.000,0.131,-0.351,-0.312,-5.455,-0.384,-4.296,-5.211,-3.980,-0.727,-0.047,0.012,0.082,-0.006,0.857,0.000,-0.006,-17.430,0.002,-13.874,-16.687,-12.835
-3.233,-2.986,-0.001,0.991,0.002,0.000,0.135,-0.351,-0.312,-5.630,-0.384,-4.435,-5.379,-4.109,-0.734,-0.054,0.013,0.075,-0.004,0.866,0.000,-0.005,-17.534,0.002,-14.001,-16.792,-12.960
-3.240,-2.987,-0.000,0.990,0.003,0.000,0.140,-0.351,-0.312,-5.806,-0.384,-4.575,-5.547,-4.239,-0.741,-0.061,0.013,0.060,-0.000,0.874,0.000,-0.004,-17.635,0.002,-14.121,-16.891,-13.080
-3.247,-2.987,-0.000,0.990,0.003,0.000,0.144,-0.351,-0.312,-5.983,-0.384,-4.717,-5.716,-4.370,-0.747,-0.068,0.013,0.039,0.003,0.882,0.001,-0.003,-17.736,0.002,-14.232,-16.987,-13.192
-3.255,-2.988,-0.000,0.989,0.003,0.000,0.148,-0.351,-0.312,-6.161,-0.384,-4.860,-5.887,-4.503,-0.753,-0.075,0.012,0.010,0.006,0.890,0.001,-0.001,-17.840,0.002,-14.333,-17.081,-13.296
-3.262,-2.989,-0.000,0.988,0.003,0.000,0.153,-0.351,-0.312,-6.340,-0.384,-5.004,-6.058,-4.636,-0.759,-0.083,0.010,-0.022,0.010,0.897,0.001,0.001,-17.951,0.002,-14.423,-17.178,-13.389
-3.270,-2.990,-0.000,0.988,0.003,0.000,0.157,-0.351,-0.312,-6.520,-0.384,-5.149,-6.230,-4.771,-0.764,-0.090,0.008,-0.058,0.013,0.904,0.001,0.002,-18.070,0.002,-14.501,-17.280,-13.469
-3.278,-2.991,0.000,0.987,0.002,0.000,0.162,-0.351,-0.312,-6.701,-0.384,-5.294,-6.404,-4.906,-0.769,-0.098,0.005,-0.093,0.015,0.910,0.001,0.004,-18.199,0.002,-14.567,-17.388,-13.537
-3.285,-2.992,0.000,0.986,0.002,0.000,0.166,-0.351,-0.312,-6.884,-0.384,-5.440,-6.578,-5.041,-0.773,-0.106,0.003,-0.126,0.016,0.915,0.001,0.004,-18.338,0.001,-14.622,-17.504,-13.592
-3.293,-2.993,0.000,0.985,0.001,0.000,0.171,-0.351,-0.312,-7.068,-0.384,-5.586,-6.754,-5.177,-0.777,-0.113,-0.000,-0.152,0.017,0.919,0.000,0.005,-18.487,0.001,-14.666,-17.628,-13.634
-3.301,-2.994,0.000,0.985,0.000,0.000,0.175,-0.351,-0.312,-7.253,-0.384,-5.733,-6.931,-5.314,-0.780,-0.121,-0.003,-0.170,0.016,0.923,0.000,0.004,-18.643,0.000,-14.703,-17.760,-13.665
-3.309,-2.995,0.000,0.984,-0.001,-0.000,0.180,-0.351,-0.312,-7.441,-0.384,-5.880,-7.109,-5.451,-0.782,-0.129,-0.005,-0.177,0.014,0.927,-0.000,0.004,-18.804,-0.000,-14.734,-17.898,-13.685
-3.317,-2.997,-0.000,0.983,-0.001,-0.000,0.184,-0.351,-0.312,-7.630,-0.384,-6.028,-7.289,-5.588,-0.784,-0.137,-0.006,-0.172,0.010,0.930,-0.000,0.003,-18.966,-0.001,-14.761,-18.039,-13.699
-3.324,-2.998,-0.000,0.982,-0.002,-0.000,0.189,-0.351,-0.312,-7.820,-0.384,-6.176,-7.470,-5.725,-0.786,-0.145,-0.007,-0.156,0.006,0.934,-0.000,0.002,-19.125,-0.001,-14.788,-18.181,-13.710
-3.332,-2.999,-0.000,0.981,-0.003,-0.000,0.194,-0.351,-0.312,-8.012,-0.384,-6.324,-7.652,-5.862,-0.787,-0.152,-0.007,-0.131,0.003,0.937,-0.001,0.001,-19.276,-0.002,-14.818,-18.321,-13.722
-3.340,-3.001,-0.000,0.980,-0.004,-0.000,0.198,-0.351,-0.312,-8.205,-0.384,-6.472,-7.836,-5.999,-0.788,-0.160,-0.008,-0.100,0.001,0.940,-0.001,-0.000,-19.417,-0.002,-14.854,-18.455,-13.737
-3.348,-3.003,-0.000,0.979,-0.004,-0.000,0.203,-0.351,-0.312,-8.400,-0.384,-6.621,-8.021,-6.137,-0.789,-0.168,-0.007,-0.064,-0.000,0.943,-0.001,-0.001,-19.544,-0.003,-14.898,-18.580,-13.759
-3.356,-3.004,-0.000,0.978,-0.004,-0.001,0.207,-0.351,-0.312,-8.596,-0.384,-6.770,-8.208,-6.274,-0.790,-0.176,-0.007,-0.026,-0.000,0.947,-0.001,-0.002,-19.657,-0.003,-14.951,-18.694,-13.789
-3.364,-3.006,-0.000,0.977,-0.004,-0.001,0.212,-0.351,-0.312,-8.793,-0.384,-6.920,-8.395,-6.412,-0.791,-0.184,-0.007,0.009,0.001,0.950,-0.001,-0.002,-19.758,-0.003,-15.014,-18.796,-13.828
-3.372,-3.008,-0.001,0.976,-0.004,-0.000,0.217,-0.351,-0.312,-8.991,-0.384,-7.070,-8.584,-6.551,-0.792,-0.192,-0.007,0.040,0.002,0.954,-0.001,-0.002,-19.847,-0.004,-15.087,-18.884,-13.876
-3.380,-3.010,-0.001,0.975,-0.004,-0.000,0.221,-0.351,-0.312,-9.190,-0.384,-7.221,-8.773,-6.690,-0.792,-0.201,-0.007,0.065,0.003,0.959,-0.001,-0.001,-19.926,-0.004,-15.169,-18.961,-13.933
-3.388,-3.012,-0.001,0.974,-0.004,-0.000,0.226,-0.351,-0.312,-9.390,-0.384,-7.374,-8.963,-6.830,-0.793,-0.209,-0.008,0.081,0.004,0.963,-0.001,-0.000,-19.998,-0.003,-15.257,-19.026,-13.999
-3.396,-3.014,-0.001,0.973,-0.003,-0.000,0.231,-0.351,-0.312,-9.590,-0.384,-7.527,-9.153,-6.970,-0.793,-0.217,-0.008,0.090,0.003,0.967,-0.000,0.001,-20.064,-0.003,-15.350,-19.083,-14.070
-3.403,-3.016,-0.001,0.972,-0.003,0.000,0.235,-0.351,-0.312,-9.791,-0.384,-7.681,-9.344,-7.111,-0.793,-0.225,-0.008,0.091,-0.001,0.970,-0.000,0.002,-20.125,-0.002,-15.444,-19.134,-14.147
-3.411,-3.019,-0.001,0.971,-0.002,0.000,0.240,-0.351,-0.312,-9.993,-0.384,-7.836,-9.536,-7.253,-0.793,-0.234,-0.008,0.088,-0.006,0.974,0.000,0.003,-20.181,-0.002,-15.536,-19.182,-14.226
-3.419,-3.021,-0.001,0.970,-0.002,0.000,0.245,-0.351,-0.312,-10.195,-0.384,-7.991,-9.728,-7.396,-0.793,-0.242,-0.008,0.083,-0.013,0.977,0.000,0.003,-20.232,-0.001,-15.623,-19.229,-14.307
-3.427,-3.024,-0.001,0.968,-0.001,0.000,0.250,-0.351,-0.312,-10.397,-0.384,-8.148,-9.921,-7.539,-0.792,-0.250,-0.006,0.078,-0.021,0.980,0.001,0.002,-20.278,-0.000,-15.706,-19.277,-14.389
-3.435,-3.026,-0.001,0.967,-0.001,0.000,0.254,-0.351,-0.312,-10.600,-0.384,-8.305,-10.114,-7.683,-0.792,-0.259,-0.004,0.075,-0.028,0.983,0.001,0.002,-20.317,0.001,-15.782,-19.327,-14.471
-3.443,-3.029,-0.001,0.966,-0.001,0.000,0.259,-0.351,-0.312,-10.804,-0.384,-8.464,-10.307,-7.828,-0.792,-0.267,-0.002,0.075,-0.034,0.986,0.000,0.000,-20.347,0.001,-15.852,-19.378,-14.553
-3.451,-3.031,-0.001,0.965,-0.000,0.000,0.264,-0.351,-0.312,-11.007,-0.384,-8.622,-10.501,-7.974,-0.791,-0.275,0.001,0.080,-0.038,0.989,0.000,-0.002,-20.367,0.002,-15.918,-19.429,-14.635
-3.459,-3.034,-0.001,0.963,0.000,-0.000,0.269,-0.351,-0.312,-11.211,-0.384,-8.782,-10.696,-8.121,-0.791,-0.284,0.005,0.087,-0.038,0.992,0.000,-0.003,-20.377,0.002,-15.982,-19.476,-14.718
-3.467,-3.037,-0.001,0.962,0.001,-0.000,0.273,-0.351,-0.312,-11.415,-0.384,-8.942,-10.891,-8.269,-0.791,-0.293,0.008,0.095,-0.034,0.996,0.000,-0.005,-20.378,0.002,-16.044,-19.518,-14.801
-3.475,-3.040,-0.001,0.961,0.001,-0.000,0.278,-0.351,-0.312,-11.619,-0.384,-9.103,-11.086,-8.417,-0.792,-0.302,0.010,0.102,-0.026,1.000,-0.000,-0.005,-20.373,0.002,-16.108,-19.552,-14.884
-3.483,-3.043,-0.001,0.959,0.002,-0.000,0.283,-0.351,-0.312,-11.822,-0.384,-9.264,-11.282,-8.566,-0.792,-0.311,0.012,0.106,-0.014,1.004,-0.000,-0.005,-20.365,0.002,-16.174,-19.576,-14.965
-3.491,-3.046,-0.001,0.958,0.002,0.000,0.288,-0.351,-0.312,-12.026,-0.384,-9.426,-11.477,-8.716,-0.793,-0.320,0.012,0.104,0.000,1.008,-0.000,-0.005,-20.359,0.002,-16.242,-19.589,-15.044
-3.499,-3.050,-0.001,0.956,0.003,0.000,0.293,-0.351,-0.312,-12.229,-0.384,-9.589,-11.673,-8.867,-0.793,-0.330,0.012,0.095,0.015,1.012,0.000,-0.003,-20.359,0.001,-16.312,-19.593,-15.117
-3.506,-3.053,-0.001,0.955,0.003,0.000,0.298,-0.351,-0.312,-12.433,-0.384,-9.753,-11.869,-9.019,-0.793,-0.339,0.010,0.078,0.029,1.016,0.000,-0.001,-20.369,0.001,-16.382,-19.589,-15.183
-3.514,-3.056,-0.000,0.953,0.003,0.001,0.302,-0.351,-0.312,-12.637,-0.384,-9.917,-12.065,-9.171,-0.792,-0.349,0.007,0.054,0.040,1.019,0.000,0.001,-20.390,0.001,-16.449,-19.581,-15.240
-3.522,-3.060,-0.000,0.952,0.004,0.001,0.307,-0.351,-0.312,-12.841,-0.384,-10.082,-12.261,-9.324,-0.791,-0.358,0.003,0.024,0.047,1.021,0.001,0.004,-20.426,0.001,-16.510,-19.574,-15.286
-3.530,-3.063,-0.000,0.950,0.004,0.001,0.312,-0.351,-0.312,-13.045,-0.384,-10.247,-12.457,-9.477,-0.789,-0.368,-0.000,-0.010,0.048,1.023,0.001,0.006,-20.476,0.001,-16.562,-19.571,-15.320
-3.538,-3.067,-0.000,0.948,0.003,0.001,0.317,-0.351,-0.312,-13.250,-0.384,-10.413,-12.652,-9.630,-0.787,-0.376,-0.004,-0.046,0.043,1.024,0.001,0.007,-20.540,0.001,-16.601,-19.577,-15.343
-3.546,-3.071,-0.000,0.947,0.003,0.001,0.322,-0.351,-0.312,-13.456,-0.384,-10.579,-12.848,-9.783,-0.784,-0.385,-0.007,-0.081,0.034,1.025,0.001,0.007,-20.614,0.001,-16.626,-19.595,-15.356
-3.554,-3.075,-0.001,0.945,0.002,0.001,0.327,-0.351,-0.312,-13.663,-0.384,-10.745,-13.044,-9.937,-0.780,-0.393,-0.009,-0.111,0.020,1.025,0.001,0.006,-20.697,0.001,-16.634,-19.629,-15.359
-3.562,-3.079,-0.001,0.943,0.002,0.001,0.332,-0.351,-0.312,-13.870,-0.384,-10.911,-13.241,-10.091,-0.776,-0.401,-0.010,-0.134,0.003,1.024,0.001,0.005,-20.783,0.001,-16.625,-19.680,-15.354
-3.569,-3.083,-0.001,0.942,0.001,0.001,0.336,-0.351,-0.312,-14.078,-0.384,-11.078,-13.438,-10.244,-0.772,-0.409,-0.009,-0.149,-0.016,1.024,0.001,0.003,-20.870,0.002,-16.600,-19.746,-15.344
-3.577,-3.087,-0.001,0.940,0.001,0.001,0.341,-0.351,-0.312,-14.288,-0.384,-11.243,-13.636,-10.397,-0.767,-0.417,-0.008,-0.154,-0.033,1.024,0.001,0.002,-20.952,0.002,-16.563,-19.827,-15.330
-3.585,-3.091,-0.001,0.938,-0.000,0.000,0.346,-0.351,-0.312,-14.497,-0.384,-11.409,-13.835,-10.551,-0.763,-0.424,-0.005,-0.151,-0.047,1.024,0.000,-0.000,-21.028,0.002,-16.515,-19.919,-15.316
-3.592,-3.096,-0.001,0.936,-0.001,-0.000,0.351,-0.351,-0.312,-14.708,-0.384,-11.574,-14.034,-10.704,-0.759,-0.432,-0.002,-0.142,-0.054,1.024,0.000,-0.002,-21.095,0.002,-16.464,-20.019,-15.302
-3.600,-3.100,-0.001,0.935,-0.001,-0.001,0.356,-0.351,-0.312,-14.919,-0.384,-11.738,-14.235,-10.857,-0.755,-0.440,0.001,-0.129,-0.053,1.024,0.000,-0.003,-21.153,0.002,-16.412,-20.121,-15.291
-3.607,-3.104,-0.001,0.933,-0.002,-0.001,0.360,-0.351,-0.312,-15.131,-0.384,-11.902,-14.437,-11.010,-0.751,-0.448,0.004,-0.113,-0.046,1.025,0.000,-0.004,-21.204,0.002,-16.365,-20.221,-15.280
-3.615,-3.109,-0.001,0.931,-0.002,-0.002,0.365,-0.351,-0.312,-15.343,-0.384,-12.065,-14.639,-11.162,-0.748,-0.456,0.006,-0.096,-0.033,1.027,-0.000,-0.004,-21.251,0.002,-16.327,-20.312,-15.271
-3.622,-3.113,-0.001,0.929,-0.003,-0.002,0.370,-0.069,-0.131,-15.553,-0.090,-12.232,-14.842,-11.315,-0.735,-0.478,0.013,-0.144,-0.037,0.936,48.339,33.541,-20.464,50.547,-17.053,-20.252,-15.414
-3.629,-3.119,-0.000,0.928,-0.004,-0.003,0.373,0.373,0.232,-15.751,0.374,-12.405,-15.042,-11.472,-0.673,-0.557,0.059,-0.375,-0.202,0.433,30.978,30.463,-19.353,34.136,-17.367,-19.460,-15.975
-3.636,-3.124,0.000,0.927,-0.005,-0.005,0.374,0.447,0.318,-15.942,0.522,-12.579,-15.230,-11.634,-0.627,-0.585,0.080,-0.238,-0.364,0.153,-15.415,-14.986,-18.938,-3.870,-17.367,-18.587,-16.356
-3.642,-3.130,0.001,0.927,-0.004,-0.007,0.375,0.136,-0.005,-16.131,0.337,-12.753,-15.416,-11.799,-0.643,-0.580,0.025,0.033,-0.113,0.215,-39.610,-41.799,-19.002,-28.751,-17.418,-18.710,-16.625
-3.649,-3.136,0.001,0.927,-0.004,-0.006,0.376,-0.160,-0.325,-16.322,0.083,-12.927,-15.604,-11.967,-0.652,-0.591,-0.034,0.137,0.211,0.183,-14.224,-17.199,-19.068,-16.350,-17.526,-18.853,-16.993
-3.655,-3.142,0.000,0.926,-0.004,-0.004,0.377,-0.099,-0.314,-16.513,0.096,-13.103,-15.793,-12.139,-0.660,-0.597,-0.077,0.180,0.493,0.166,23.222,17.017,-19.063,17.070,-17.639,-18.930,-17.309
-3.662,-3.148,-0.000,0.926,-0.004,-0.002,0.378,0.183,-0.064,-16.701,0.315,-13.278,-15.981,-12.311,-0.652,-0.583,-0.022,0.126,0.148,0.219,26.372,27.226,-18.627,20.946,-17.437,-18.765,-17.009
-3.668,-3.154,-0.000,0.926,-0.004,-0.002,0.378,0.315,0.109,-16.885,0.425,-13.452,-16.166,-12.482,-0.610,-0.613,0.013,-0.139,-0.050,-0.008,-1.107,4.784,-18.141,-0.064,-17.317,-18.154,-17.240
-3.674,-3.160,-0.000,0.926,-0.004,-0.003,0.378,0.182,0.028,-17.065,0.324,-13.626,-16.346,-12.656,-0.603,-0.627,0.002,0.018,-0.000,-0.124,-21.790,-17.673,-18.003,-17.664,-17.375,-17.924,-17.572
-3.680,-3.166,-0.000,0.926,-0.004,-0.002,0.377,-0.019,-0.142,-17.246,0.140,-13.800,-16.526,-12.831,-0.627,-0.605,-0.012,0.218,0.073,0.030,-14.335,-12.424,-18.188,-15.605,-17.450,-18.162,-17.389
-3.687,-3.172,-0.000,0.926,-0.003,-0.001,0.378,-0.044,-0.166,-17.429,0.078,-13.974,-16.709,-13.003,-0.655,-0.571,-0.014,0.379,0.114,0.255,8.642,7.375,-18.516,3.275,-17.523,-18.387,-16.930
-3.693,-3.178,-0.000,0.925,-0.001,-0.001,0.379,0.104,-0.026,-17.614,0.171,-14.149,-16.892,-13.172,-0.638,-0.579,0.010,0.172,-0.095,0.191,17.137,17.503,-18.351,12.248,-17.359,-18.240,-16.932
-3.699,-3.184,-0.000,0.925,-0.001,-0.001,0.380,0.220,0.113,-17.795,0.258,-14.323,-17.073,-13.343,-0.616,-0.609,0.005,0.081,-0.082,0.012,4.476,8.239,-17.968,3.597,-17.457,-17.983,-17.381
-3.705,-3.190,-0.000,0.925,-0.000,-0.001,0.379,0.183,0.114,-17.973,0.231,-14.498,-17.251,-13.520,-0.599,-0.636,-0.005,0.145,-0.019,-0.178,-10.468,-7.024,-17.543,-8.122,-17.533,-17.688,-17.986
-3.711,-3.196,-0.000,0.926,0.001,-0.001,0.378,0.061,0.019,-18.147,0.128,-14.674,-17.428,-13.701,-0.599,-0.640,-0.009,0.189,0.013,-0.206,-11.080,-9.467,-17.344,-10.423,-17.734,-17.590,-18.248
-3.717,-3.203,-0.000,0.926,0.002,-0.000,0.377,0.010,-0.029,-18.321,0.065,-14.852,-17.604,-13.884,-0.610,-0.626,-0.003,0.215,-0.012,-0.128,1.177,0.644,-17.422,-1.281,-17.871,-17.624,-18.188
-3.723,-3.209,-0.000,0.926,0.003,0.000,0.377,0.074,0.028,-18.495,0.100,-15.031,-17.780,-14.065,-0.614,-0.622,0.001,0.182,-0.019,-0.098,9.800,9.223,-17.524,6.815,-17.923,-17.617,-18.204
-3.730,-3.215,-0.000,0.926,0.003,0.000,0.376,0.158,0.116,-18.670,0.163,-15.211,-17.955,-14.249,-0.603,-0.633,0.002,0.096,-0.009,-0.183,5.366,6.701,-17.335,4.405,-18.179,-17.401,-18.440
-3.736,-3.222,-0.000,0.927,0.004,0.000,0.375,0.162,0.137,-18.841,0.170,-15.395,-18.128,-14.435,-0.589,-0.647,0.001,0.047,0.006,-0.299,-4.202,-2.339,-16.970,-2.858,-18.599,-17.084,-18.733
-3.741,-3.228,-0.000,0.928,0.004,0.001,0.374,0.097,0.087,-19.010,0.120,-15.583,-18.298,-14.623,-0.589,-0.648,-0.001,0.045,0.030,-0.326,-7.181,-6.227,-16.817,-6.082,-18.892,-16.953,-18.876
-3.747,-3.235,-0.000,0.928,0.004,0.001,0.372,0.051,0.044,-19.179,0.075,-15.772,-18.467,-14.812,-0.600,-0.640,-0.002,0.050,0.042,-0.277,-1.332,-1.611,-16.940,-2.136,-18.882,-17.022,-18.879
-3.753,-3.241,-0.000,0.929,0.004,0.001,0.371,0.073,0.061,-19.349,0.084,-15.960,-18.638,-15.000,-0.609,-0.635,-0.004,0.017,0.053,-0.240,4.938,4.328,-17.125,3.270,-18.791,-17.111,-18.878
-3.760,-3.247,-0.000,0.929,0.004,0.001,0.370,0.124,0.110,-19.521,0.121,-16.148,-18.809,-15.189,-0.608,-0.638,-0.006,-0.032,0.058,-0.270,4.163,4.481,-17.166,3.365,-18.897,-17.058,-18.956
-3.766,-3.254,-0.000,0.930,0.003,0.002,0.369,0.139,0.132,-19.692,0.136,-16.339,-18.979,-15.379,-0.602,-0.644,-0.008,-0.066,0.053,-0.324,-1.141,-0.206,-17.095,-0.419,-19.129,-16.934,-19.059
-3.772,-3.260,-0.001,0.930,0.003,0.002,0.367,0.109,0.110,-19.863,0.116,-16.531,-19.148,-15.570,-0.603,-0.644,-0.009,-0.080,0.041,-0.340,-4.020,-3.411,-17.095,-3.143,-19.267,-16.899,-19.103
-3.778,-3.267,-0.001,0.931,0.003,0.002,0.365,0.078,0.081,-20.034,0.088,-16.723,-19.317,-15.761,-0.610,-0.638,-0.009,-0.086,0.026,-0.312,-1.674,-1.880,-17.224,-1.795,-19.234,-16.993,-19.075
-3.784,-3.273,-0.001,0.931,0.002,0.002,0.364,0.081,0.080,-20.208,0.086,-16.915,-19.488,-15.952,-0.617,-0.633,-0.009,-0.098,0.007,-0.281,1.948,1.323,-17.380,1.115,-19.151,-17.121,-19.031
-3.790,-3.279,-0.001,0.932,0.002,0.001,0.363,0.106,0.101,-20.382,0.103,-17.107,-19.660,-16.142,-0.619,-0.632,-0.008,-0.114,-0.014,-0.284,2.496,2.377,-17.471,1.919,-19.137,-17.191,-19.034
-3.796,-3.286,-0.001,0.932,0.001,0.001,0.361,0.121,0.117,-20.557,0.116,-17.298,-19.832,-16.333,-0.618,-0.634,-0.006,-0.126,-0.034,-0.312,0.266,0.647,-17.508,0.446,-19.177,-17.208,-19.078
-3.802,-3.292,-0.001,0.933,0.001,0.001,0.360,0.111,0.112,-20.732,0.111,-17.490,-20.004,-16.524,-0.618,-0.635,-0.004,-0.129,-0.049,-0.330,-1.762,-1.365,-17.554,-1.259,-19.188,-17.247,-19.117
-3.809,-3.298,-0.001,0.934,0.000,0.000,0.358,0.094,0.097,-20.908,0.097,-17.682,-20.177,-16.715,-0.622,-0.632,-0.001,-0.125,-0.057,-0.322,-1.363,-1.285,-17.630,-1.220,-19.132,-17.357,-19.119
-3.815,-3.305,-0.001,0.934,-0.000,-0.000,0.357,0.089,0.091,-21.085,0.091,-17.873,-20.351,-16.906,-0.628,-0.628,0.002,-0.121,-0.058,-0.301,0.327,0.104,-17.715,0.014,-19.047,-17.508,-19.097
-3.821,-3.311,-0.001,0.935,-0.001,-0.001,0.356,0.098,0.098,-21.262,0.096,-18.063,-20.527,-17.097,-0.632,-0.627,0.004,-0.120,-0.052,-0.293,1.251,1.118,-17.779,0.875,-18.985,-17.641,-19.089
-3.827,-3.317,-0.001,0.935,-0.001,-0.001,0.354,0.108,0.108,-21.440,0.104,-18.252,-20.704,-17.288,-0.634,-0.628,0.006,-0.117,-0.038,-0.304,0.580,0.677,-17.826,0.526,-18.955,-17.727,-19.106
-3.834,-3.323,-0.001,0.936,-0.002,-0.002,0.353,0.108,0.110,-21.619,0.106,-18.442,-20.881,-17.479,-0.636,-0.629,0.008,-0.107,-0.020,-0.318,-0.426,-0.225,-17.873,-0.185,-18.937,-17.794,-19.124
-3.840,-3.330,-0.001,0.936,-0.002,-0.002,0.351,0.102,0.105,-21.798,0.101,-18.631,-21.060,-17.670,-0.639,-0.629,0.008,-0.091,0.002,-0.321,-0.704,-0.590,-17.929,-0.545,-18.917,-17.872,-19.119
-3.847,-3.336,-0.001,0.937,-0.003,-0.002,0.350,0.097,0.101,-21.977,0.097,-18.820,-21.239,-17.861,-0.644,-0.628,0.008,-0.072,0.023,-0.315,-0.206,-0.258,-17.991,-0.247,-18.901,-17.961,-19.088
-3.853,-3.342,-0.001,0.937,-0.003,-0.002,0.348,0.098,0.101,-22.157,0.097,-19.009,-21.419,-18.052,-0.649,-0.627,0.006,-0.051,0.042,-0.308,0.267,0.151,-18.051,0.107,-18.903,-18.037,-19.049
-3.860,-3.349,-0.000,0.938,-0.003,-0.002,0.347,0.101,0.103,-22.338,0.098,-19.198,-21.600,-18.242,-0.653,-0.626,0.004,-0.029,0.056,-0.307,0.304,0.275,-18.106,0.179,-18.927,-18.087,-19.013
-3.866,-3.355,-0.000,0.938,-0.003,-0.001,0.345,0.103,0.105,-22.520,0.100,-19.388,-21.781,-18.432,-0.655,-0.626,0.001,-0.005,0.063,-0.309,0.088,0.123,-18.155,0.065,-18.971,-18.112,-18.983
-3.873,-3.361,-0.000,0.939,-0.004,-0.001,0.344,0.103,0.106,-22.701,0.100,-19.578,-21.962,-18.622,-0.658,-0.625,-0.001,0.021,0.063,-0.311,-0.045,0.027,-18.194,-0.008,-19.030,-18.122,-18.958
-3.879,-3.367,-0.000,0.940,-0.003,-0.001,0.342,0.103,0.106,-22.883,0.100,-19.768,-22.143,-18.811,-0.661,-0.624,-0.004,0.048,0.056,-0.312,-0.071,-0.004,-18.224,-0.041,-19.098,-18.123,-18.941
-3.886,-3.374,-0.001,0.940,-0.003,-0.001,0.341,0.102,0.106,-23.066,0.099,-19.960,-22.324,-19.001,-0.663,-0.622,-0.006,0.074,0.043,-0.312,-0.046,-0.002,-18.242,-0.036,-19.171,-18.117,-18.935
-3.892,-3.380,-0.001,0.941,-0.003,-0.000,0.339,0.102,0.106,-23.248,0.099,-20.152,-22.505,-19.190,-0.665,-0.620,-0.007,0.098,0.024,-0.311,-0.019,0.002,-18.244,-0.021,-19.245,-18.105,-18.944
-3.899,-3.386,-0.001,0.941,-0.002,0.000,0.338,0.102,0.106,-23.431,0.099,-20.345,-22.686,-19.380,-0.667,-0.618,-0.007,0.117,0.002,-0.310,-0.002,0.005,-18.229,-0.012,-19.320,-18.089,-18.972
-3.906,-3.392,-0.001,0.942,-0.002,0.000,0.337,0.102,0.106,-23.613,0.099,-20.538,-22.867,-19.570,-0.668,-0.615,-0.006,0.131,-0.020,-0.309,0.005,0.007,-18.197,-0.008,-19.391,-18.071,-19.020
-3.912,-3.398,-0.001,0.942,-0.001,0.000,0.335,0.102,0.106,-23.795,0.098,-20.732,-23.048,-19.760,-0.670,-0.613,-0.005,0.141,-0.040,-0.308,0.005,0.007,-18.150,-0.006,-19.457,-18.051,-19.087
-3.919,-3.404,-0.001,0.943,-0.000,0.000,0.334,0.102,0.106,-23.976,0.098,-20.927,-23.228,-19.951,-0.672,-0.611,-0.002,0.146,-0.053,-0.308,0.004,0.007,-18.091,-0.004,-19.517,-18.031,-19.171
-3.926,-3.410,-0.001,0.943,0.000,0.000,0.332,0.102,0.106,-24.156,0.098,-21.123,-23.408,-20.144,-0.674,-0.609,0.001,0.146,-0.059,-0.308,0.002,0.007,-18.026,-0.003,-19.571,-18.010,-19.268
-3.933,-3.417,-0.001,0.944,0.001,0.000,0.331,0.102,0.106,-24.336,0.098,-21.319,-23.588,-20.337,-0.676,-0.608,0.003,0.141,-0.056,-0.308,0.001,0.006,-17.959,-0.002,-19.619,-17.986,-19.373
-3.939,-3.423,-0.001,0.944,0.002,0.000,0.329,0.102,0.106,-24.515,0.098,-21.515,-23.768,-20.531,-0.679,-0.606,0.006,0.132,-0.045,-0.308,0.001,0.006,-17.895,-0.001,-19.664,-17.960,-19.479
-3.946,-3.429,-0.001,0.945,0.003,0.000,0.328,0.102,0.106,-24.694,0.098,-21.712,-23.948,-20.726,-0.682,-0.605,0.007,0.117,-0.029,-0.309,0.001,0.004,-17.840,-0.000,-19.708,-17.930,-19.580
-3.953,-3.435,-0.001,0.945,0.003,0.000,0.326,0.102,0.106,-24.872,0.098,-21.909,-24.127,-20.923,-0.685,-0.604,0.008,0.099,-0.010,-0.309,0.000,0.003,-17.797,0.000,-19.753,-17.897,-19.670
-3.960,-3.441,-0.001,0.946,0.004,0.000,0.325,0.102,0.106,-25.050,0.098,-22.107,-24.305,-21.120,-0.688,-0.603,0.007,0.077,0.010,-0.310,0.000,0.001,-17.769,0.001,-19.797,-17.860,-19.746
-3.967,-3.447,-0.000,0.946,0.004,0.001,0.323,0.102,0.106,-25.228,0.098,-22.305,-24.484,-21.318,-0.691,-0.602,0.006,0.052,0.026,-0.311,-0.000,-0.000,-17.758,0.002,-19.843,-17.823,-19.806
-3.974,-3.453,-0.000,0.947,0.004,0.001,0.322,0.102,0.106,-25.405,0.098,-22.504,-24.662,-21.516,-0.694,-0.601,0.004,0.026,0.038,-0.313,-0.000,-0.002,-17.763,0.002,-19.886,-17.786,-19.848
-3.981,-3.459,-0.000,0.947,0.004,0.001,0.320,0.102,0.106,-25.583,0.098,-22.703,-24.840,-21.714,-0.697,-0.600,0.001,-0.001,0.044,-0.314,-0.001,-0.003,-17.785,0.002,-19.925,-17.754,-19.874
-3.988,-3.465,-0.000,0.948,0.004,0.001,0.319,0.102,0.106,-25.761,0.098,-22.902,-25.017,-21.913,-0.699,-0.598,-0.001,-0.029,0.042,-0.315,-0.001,-0.004,-17.820,0.002,-19.955,-17.729,-19.887
-3.995,-3.471,-0.000,0.948,0.004,0.001,0.318,0.102,0.106,-25.940,0.098,-23.102,-25.194,-22.112,-0.702,-0.596,-0.003,-0.058,0.034,-0.317,-0.001,-0.004,-17.866,0.002,-19.973,-17.715,-19.889
-4.002,-3.477,-0.000,0.949,0.003,0.001,0.316,0.102,0.106,-26.118,0.098,-23.302,-25.371,-22.311,-0.704,-0.594,-0.005,-0.085,0.021,-0.318,-0.001,-0.005,-17.922,0.001,-19.975,-17.716,-19.883
-4.009,-3.483,-0.001,0.949,0.003,0.001,0.314,0.102,0.106,-26.298,0.098,-23.501,-25.549,-22.510,-0.706,-0.592,-0.006,-0.110,0.004,-0.319,-0.001,-0.005,-17.983,0.000,-19.959,-17.734,-19.872
-4.016,-3.489,-0.001,0.950,0.002,0.001,0.313,0.102,0.106,-26.478,0.098,-23.701,-25.726,-22.708,-0.708,-0.590,-0.006,-0.132,-0.014,-0.321,-0.001,-0.006,-18.048,-0.001,-19.924,-17.770,-19.857
-4.023,-3.494,-0.001,0.950,0.001,0.001,0.311,0.102,0.106,-26.659,0.098,-23.900,-25.904,-22.907,-0.709,-0.588,-0.005,-0.148,-0.030,-0.322,-0.002,-0.006,-18.115,-0.002,-19.872,-17.824,-19.839
-4.030,-3.500,-0.001,0.951,0.001,0.000,0.310,0.102,0.106,-26.840,0.098,-24.098,-26.083,-23.105,-0.711,-0.585,-0.003,-0.159,-0.042,-0.323,-0.002,-0.007,-18.181,-0.002,-19.806,-17.897,-19.820
-4.037,-3.506,-0.001,0.951,0.000,-0.000,0.308,0.102,0.106,-27.023,0.098,-24.296,-26.262,-23.303,-0.714,-0.583,-0.001,-0.163,-0.047,-0.324,-0.002,-0.007,-18.246,-0.003,-19.732,-17.983,-19.797
-4.044,-3.512,-0.001,0.952,-0.001,-0.001,0.307,0.102,0.106,-27.205,0.098,-24.493,-26.442,-23.501,-0.716,-0.581,0.001,-0.160,-0.044,-0.324,-0.002,-0.007,-18.309,-0.003,-19.658,-18.080,-19.769
-4.051,-3.518,-0.001,0.952,-0.001,-0.001,0.305,0.102,0.106,-27.389,0.098,-24.689,-26.624,-23.699,-0.719,-0.579,0.003,-0.150,-0.034,-0.324,-0.001,-0.007,-18.369,-0.003,-19.588,-18.181,-19.736
-4.059,-3.524,-0.001,0.953,-0.002,-0.001,0.304,0.102,0.106,-27.573,0.098,-24.885,-26.806,-23.896,-0.721,-0.578,0.004,-0.132,-0.018,-0.324,-0.001,-0.006,-18.425,-0.003,-19.529,-18.279,-19.694
-4.066,-3.529,-0.001,0.953,-0.002,-0.002,0.302,0.102,0.106,-27.757,0.098,-25.080,-26.989,-24.093,-0.724,-0.576,0.005,-0.108,0.002,-0.324,-0.001,-0.005,-18.476,-0.003,-19.485,-18.368,-19.646
-4.073,-3.535,-0.001,0.954,-0.003,-0.002,0.301,0.102,0.106,-27.942,0.098,-25.274,-27.173,-24.289,-0.727,-0.575,0.005,-0.080,0.022,-0.323,-0.001,-0.004,-18.524,-0.003,-19.460,-18.442,-19.592
-4.080,-3.541,-0.001,0.954,-0.003,-0.002,0.299,0.102,0.106,-28.128,0.098,-25.469,-27.358,-24.484,-0.730,-0.573,0.003,-0.048,0.040,-0.322,-0.000,-0.002,-18.566,-0.004,-19.454,-18.498,-19.537
-4.088,-3.547,-0.000,0.955,-0.004,-0.001,0.298,0.102,0.106,-28.314,0.098,-25.664,-27.543,-24.679,-0.733,-0.571,0.001,-0.017,0.054,-0.321,-0.000,-0.001,-18.603,-0.004,-19.468,-18.535,-19.482
-4.095,-3.552,-0.000,0.955,-0.004,-0.001,0.296,0.102,0.106,-28.500,0.098,-25.858,-27.729,-24.874,-0.735,-0.569,-0.001,0.014,0.062,-0.320,-0.000,0.000,-18.634,-0.004,-19.499,-18.551,-19.433
-4.102,-3.558,-0.001,0.956,-0.004,-0.001,0.295,0.102,0.106,-28.686,0.098,-26.054,-27.914,-25.068,-0.737,-0.567,-0.004,0.043,0.062,-0.319,-0.000,0.002,-18.658,-0.004,-19.546,-18.551,-19.393
-4.110,-3.564,-0.001,0.956,-0.003,-0.000,0.293,0.102,0.106,-28.873,0.098,-26.249,-28.100,-25.262,-0.739,-0.564,-0.006,0.069,0.054,-0.318,0.000,0.003,-18.672,-0.005,-19.602,-18.536,-19.366
-4.117,-3.569,-0.001,0.957,-0.003,-0.000,0.291,0.102,0.106,-29.060,0.098,-26.446,-28.285,-25.456,-0.740,-0.561,-0.008,0.089,0.040,-0.316,0.000,0.004,-18.674,-0.004,-19.664,-18.511,-19.356
-4.125,-3.575,-0.001,0.957,-0.003,0.000,0.290,0.102,0.106,-29.246,0.098,-26.643,-28.470,-25.649,-0.741,-0.558,-0.009,0.103,0.019,-0.315,0.000,0.005,-18.663,-0.004,-19.727,-18.480,-19.363
-4.132,-3.580,-0.001,0.957,-0.002,0.000,0.288,0.102,0.106,-29.433,0.098,-26.840,-28.654,-25.843,-0.742,-0.555,-0.009,0.111,-0.006,-0.314,0.001,0.005,-18.637,-0.003,-19.786,-18.448,-19.388
-4.139,-3.586,-0.001,0.958,-0.002,0.000,0.287,0.102,0.106,-29.619,0.098,-27.038,-28.839,-26.037,-0.742,-0.552,-0.008,0.114,-0.030,-0.314,0.001,0.006,-18.596,-0.003,-19.837,-18.417,-19.432
-4.147,-3.591,-0.001,0.958,-0.001,0.000,0.285,0.102,0.106,-29.805,0.098,-27.237,-29.023,-26.232,-0.743,-0.549,-0.005,0.115,-0.050,-0.313,0.001,0.006,-18.543,-0.002,-19.879,-18.392,-19.494
-4.154,-3.597,-0.001,0.959,-0.000,0.000,0.284,0.102,0.106,-29.990,0.098,-27.436,-29.207,-26.427,-0.744,-0.547,-0.003,0.116,-0.064,-0.313,0.001,0.007,-18.479,-0.001,-19.913,-18.371,-19.569
-4.162,-3.602,-0.001,0.959,0.000,0.000,0.282,0.102,0.106,-30.174,0.098,-27.635,-29.390,-26.623,-0.746,-0.544,0.001,0.115,-0.068,-0.312,0.001,0.007,-18.409,-0.001,-19.939,-18.355,-19.655
-4.169,-3.608,-0.001,0.960,0.001,-0.000,0.281,0.102,0.106,-30.358,0.098,-27.835,-29.574,-26.820,-0.747,-0.542,0.004,0.113,-0.065,-0.312,0.001,0.007,-18.335,0.000,-19.962,-18.340,-19.745
-4.177,-3.613,-0.001,0.960,0.002,-0.000,0.279,0.102,0.106,-30.541,0.098,-28.034,-29.757,-27.018,-0.750,-0.540,0.006,0.109,-0.053,-0.313,0.001,0.006,-18.262,0.001,-19.984,-18.323,-19.835
-4.184,-3.619,-0.001,0.961,0.002,-0.000,0.278,0.102,0.106,-30.723,0.098,-28.234,-29.940,-27.217,-0.752,-0.538,0.008,0.103,-0.036,-0.313,0.001,0.006,-18.194,0.002,-20.009,-18.301,-19.919
-4.192,-3.624,-0.001,0.961,0.003,-0.000,0.276,0.102,0.106,-30.905,0.098,-28.435,-30.123,-27.416,-0.755,-0.537,0.009,0.095,-0.017,-0.314,0.001,0.005,-18.136,0.003,-20.037,-18.272,-19.994
-4.199,-3.629,-0.001,0.961,0.003,-0.000,0.275,0.102,0.106,-31.086,0.098,-28.635,-30.306,-27.616,-0.758,-0.536,0.010,0.084,0.003,-0.314,0.001,0.003,-18.089,0.004,-20.070,-18.236,-20.056
-4.207,-3.635,-0.001,0.962,0.003,0.000,0.273,0.102,0.106,-31.267,0.098,-28.836,-30.488,-27.817,-0.761,-0.534,0.009,0.069,0.020,-0.315,0.001,0.002,-18.057,0.005,-20.106,-18.194,-20.106
-4.215,-3.640,-0.001,0.962,0.004,0.000,0.272,0.102,0.106,-31.447,0.098,-29.037,-30.669,-28.019,-0.764,-0.533,0.008,0.050,0.032,-0.316,0.000,0.000,-18.040,0.005,-20.141,-18.146,-20.142
-4.222,-3.645,-0.000,0.963,0.004,0.001,0.270,0.102,0.106,-31.628,0.098,-29.239,-30.851,-28.220,-0.766,-0.531,0.006,0.027,0.038,-0.317,-0.000,-0.001,-18.038,0.005,-20.172,-18.097,-20.165
-4.230,-3.651,-0.000,0.963,0.004,0.001,0.269,0.102,0.106,-31.808,0.098,-29.441,-31.031,-28.422,-0.769,-0.529,0.004,-0.000,0.037,-0.319,-0.000,-0.002,-18.049,0.005,-20.194,-18.052,-20.178
-4.238,-3.656,-0.000,0.964,0.004,0.001,0.267,0.102,0.106,-31.989,0.098,-29.643,-31.212,-28.624,-0.771,-0.527,0.002,-0.032,0.031,-0.320,-0.001,-0.003,-18.074,0.004,-20.202,-18.015,-20.182
-4.245,-3.661,-0.000,0.964,0.003,0.001,0.266,0.102,0.106,-32.169,0.098,-29.845,-31.392,-28.825,-0.773,-0.525,0.000,-0.065,0.021,-0.321,-0.001,-0.004,-18.111,0.003,-20.192,-17.992,-20.177
-4.253,-3.666,-0.000,0.964,0.003,0.001,0.264,0.102,0.106,-32.351,0.098,-30.046,-31.572,-29.027,-0.775,-0.523,-0.001,-0.099,0.009,-0.323,-0.001,-0.005,-18.158,0.002,-20.165,-17.986,-20.166
-4.261,-3.672,-0.000,0.965,0.002,0.001,0.263,0.102,0.106,-32.533,0.098,-30.248,-31.751,-29.229,-0.777,-0.520,-0.002,-0.131,-0.003,-0.325,-0.002,-0.006,-18.214,0.001,-20.120,-18.001,-20.147
-4.269,-3.677,-0.000,0.965,0.002,0.001,0.261,0.102,0.106,-32.715,0.098,-30.449,-31.932,-29.430,-0.779,-0.518,-0.002,-0.156,-0.013,-0.326,-0.002,-0.006,-18.278,-0.001,-20.061,-18.037,-20.121
-4.276,-3.682,-0.000,0.966,0.001,0.000,0.260,0.102,0.106,-32.898,0.098,-30.649,-32.112,-29.631,-0.781,-0.515,-0.002,-0.174,-0.019,-0.327,-0.002,-0.007,-18.348,-0.002,-19.993,-18.094,-20.087
-4.284,-3.687,-0.000,0.966,0.000,-0.000,0.258,0.102,0.106,-33.082,0.098,-30.849,-32.294,-29.832,-0.783,-0.513,-0.002,-0.182,-0.019,-0.328,-0.002,-0.007,-18.423,-0.003,-19.921,-18.168,-20.043
-4.292,-3.692,-0.000,0.967,-0.001,-0.000,0.256,0.102,0.106,-33.267,0.098,-31.048,-32.476,-30.032,-0.785,-0.511,-0.001,-0.178,-0.015,-0.329,-0.002,-0.007,-18.498,-0.003,-19.851,-18.255,-19.990
-4.300,-3.697,-0.000,0.967,-0.002,-0.001,0.255,0.102,0.106,-33.452,0.098,-31.246,-32.659,-30.232,-0.787,-0.508,-0.000,-0.164,-0.007,-0.329,-0.001,-0.007,-18.571,-0.003,-19.789,-18.346,-19.926
-4.308,-3.702,-0.000,0.967,-0.002,-0.001,0.253,0.037,0.053,-33.639,0.051,-31.442,-32.843,-30.430,-0.793,-0.499,0.000,-0.129,0.004,-0.284,-10.462,-8.865,-18.801,-8.001,-19.510,-18.525,-19.781
-4.316,-3.707,-0.000,0.968,-0.003,-0.001,0.252,-0.052,-0.029,-33.828,-0.025,-31.636,-33.030,-30.626,-0.807,-0.476,0.000,-0.079,0.014,-0.143,-5.530,-5.941,-19.078,-5.555,-19.192,-18.886,-19.434
-4.324,-3.712,-0.000,0.968,-0.003,-0.001,0.252,-0.052,-0.044,-34.020,-0.035,-31.827,-33.221,-30.819,-0.818,-0.454,-0.000,-0.044,0.023,-0.009,4.787,2.684,-19.254,3.257,-19.004,-19.228,-19.059
-4.332,-3.716,-0.000,0.968,-0.003,-0.001,0.252,0.017,0.007,-34.213,0.021,-32.016,-33.414,-31.008,-0.819,-0.454,-0.002,-0.035,0.034,0.004,7.402,6.149,-19.280,6.374,-18.987,-19.345,-18.924
-4.340,-3.721,-0.001,0.968,-0.003,-0.001,0.252,0.062,0.049,-34.405,0.063,-32.207,-33.607,-31.198,-0.812,-0.465,-0.003,-0.024,0.039,-0.065,0.873,1.444,-19.257,1.414,-19.047,-19.254,-18.971
-4.348,-3.726,-0.001,0.968,-0.004,-0.000,0.251,0.034,0.030,-34.598,0.045,-32.397,-33.799,-31.388,-0.808,-0.470,-0.005,0.016,0.044,-0.104,-5.412,-4.376,-19.296,-4.240,-19.075,-19.169,-18.999
-4.356,-3.730,-0.001,0.968,-0.003,-0.000,0.251,-0.019,-0.016,-34.792,-0.001,-32.588,-33.991,-31.577,-0.811,-0.462,-0.007,0.063,0.043,-0.061,-4.057,-3.870,-19.371,-3.995,-19.041,-19.231,-18.904
-4.365,-3.735,-0.001,0.968,-0.003,0.000,0.251,-0.030,-0.032,-34.986,-0.018,-32.778,-34.184,-31.766,-0.816,-0.451,-0.009,0.091,0.034,0.003,1.689,0.800,-19.417,0.708,-18.997,-19.342,-18.772
-4.373,-3.739,-0.001,0.968,-0.003,0.000,0.251,0.004,-0.006,-35.180,0.006,-32.968,-34.377,-31.953,-0.816,-0.449,-0.009,0.095,0.019,0.018,4.238,3.585,-19.401,3.400,-19.016,-19.362,-18.741
-4.381,-3.744,-0.001,0.968,-0.002,0.000,0.251,0.034,0.023,-35.373,0.033,-33.159,-34.570,-32.141,-0.811,-0.455,-0.009,0.090,-0.000,-0.019,1.296,1.617,-19.340,1.534,-19.117,-19.264,-18.817
-4.389,-3.749,-0.001,0.968,-0.002,0.001,0.251,0.027,0.021,-35.566,0.032,-33.350,-34.762,-32.330,-0.807,-0.459,-0.008,0.090,-0.021,-0.052,-2.319,-1.589,-19.274,-1.637,-19.230,-19.151,-18.910
-4.397,-3.753,-0.001,0.968,-0.001,0.000,0.250,0.000,0.000,-35.759,0.009,-33.543,-34.954,-32.519,-0.807,-0.457,-0.007,0.096,-0.040,-0.045,-2.480,-2.133,-19.241,-2.274,-19.264,-19.124,-18.952
-4.405,-3.758,-0.001,0.968,-0.001,0.000,0.250,-0.012,-0.012,-35.951,-0.004,-33.735,-35.145,-32.708,-0.809,-0.451,-0.004,0.099,-0.054,-0.013,0.148,-0.234,-19.240,-0.285,-19.214,-19.169,-18.959
-4.413,-3.762,-0.001,0.968,-0.000,0.000,0.250,0.001,-0.004,-36.144,0.003,-33.927,-35.337,-32.898,-0.810,-0.448,-0.001,0.095,-0.063,0.005,1.979,1.565,-19.219,1.468,-19.169,-19.202,-18.993
-4.421,-3.767,-0.001,0.968,0.000,0.000,0.250,0.018,0.011,-36.336,0.017,-34.119,-35.529,-33.089,-0.809,-0.450,0.002,0.089,-0.065,-0.008,1.151,1.191,-19.136,1.087,-19.200,-19.176,-19.085
-4.429,-3.771,-0.001,0.968,0.001,-0.000,0.250,0.020,0.015,-36.526,0.021,-34.311,-35.720,-33.280,-0.807,-0.454,0.004,0.086,-0.060,-0.031,-0.617,-0.249,-19.016,-0.322,-19.275,-19.120,-19.199
-4.437,-3.776,-0.001,0.968,0.001,-0.000,0.250,0.009,0.008,-36.716,0.013,-34.504,-35.912,-33.472,-0.807,-0.455,0.007,0.090,-0.049,-0.037,-1.276,-0.983,-18.921,-1.075,-19.321,-19.091,-19.286
-4.446,-3.780,-0.001,0.968,0.002,-0.000,0.250,0.000,0.001,-36.905,0.005,-34.698,-36.102,-33.666,-0.809,-0.453,0.009,0.094,-0.033,-0.025,-0.397,-0.439,-18.878,-0.488,-19.312,-19.098,-19.335
-4.454,-3.785,-0.001,0.968,0.002,-0.000,0.250,0.002,0.000,-37.094,0.004,-34.891,-36.293,-33.859,-0.812,-0.451,0.010,0.093,-0.014,-0.012,0.593,0.357,-18.853,0.357,-19.295,-19.102,-19.371
-4.462,-3.789,-0.001,0.968,0.003,-0.000,0.250,0.009,0.006,-37.282,0.010,-35.084,-36.484,-34.053,-0.813,-0.452,0.011,0.086,0.004,-0.012,0.660,0.582,-18.812,0.528,-19.314,-19.073,-19.418
-4.470,-3.794,-0.001,0.968,0.003,-0.000,0.250,0.013,0.010,-37.470,0.013,-35.277,-36.675,-34.247,-0.814,-0.454,0.010,0.073,0.019,-0.021,0.104,0.205,-18.755,0.179,-19.364,-19.014,-19.473
-4.478,-3.798,-0.001,0.968,0.003,0.000,0.250,0.011,0.010,-37.657,0.013,-35.471,-36.865,-34.442,-0.815,-0.456,0.009,0.057,0.030,-0.027,-0.334,-0.179,-18.710,-0.209,-19.414,-18.949,-19.518
-4.486,-3.803,-0.000,0.968,0.004,0.000,0.249,0.008,0.008,-37.844,0.010,-35.665,-37.054,-34.638,-0.816,-0.456,0.007,0.036,0.036,-0.028,-0.287,-0.199,-18.696,-0.242,-19.443,-18.892,-19.542
-4.494,-3.808,-0.000,0.968,0.004,0.000,0.249,0.006,0.006,-38.031,0.009,-35.860,-37.243,-34.833,-0.817,-0.456,0.006,0.008,0.036,-0.026,-0.056,-0.070,-18.707,-0.090,-19.451,-18.845,-19.550
-4.503,-3.812,-0.000,0.968,0.004,0.001,0.249,0.006,0.006,-38.218,0.008,-36.054,-37.431,-35.029,-0.818,-0.456,0.003,-0.025,0.031,-0.024,0.067,0.004,-18.730,-0.003,-19.446,-18.806,-19.547
-4.511,-3.817,-0.000,0.968,0.003,0.001,0.249,0.007,0.006,-38.406,0.008,-36.249,-37.619,-35.224,-0.819,-0.456,0.001,-0.062,0.023,-0.024,0.065,0.027,-18.764,0.010,-19.427,-18.777,-19.538
-4.519,-3.821,-0.000,0.969,0.003,0.001,0.249,0.008,0.006,-38.594,0.008,-36.443,-37.806,-35.419,-0.819,-0.456,-0.000,-0.099,0.013,-0.025,0.033,0.018,-18.807,0.004,-19.393,-18.765,-19.522
-4.527,-3.826,-0.000,0.969,0.002,0.001,0.249,0.008,0.007,-38.782,0.008,-36.636,-37.994,-35.615,-0.819,-0.456,-0.002,-0.133,0.004,-0.026,0.010,0.010,-18.860,0.000,-19.345,-18.773,-19.498
-4.535,-3.830,-0.000,0.969,0.002,0.000,0.249,0.008,0.007,-38.971,0.008,-36.829,-38.182,-35.809,-0.819,-0.455,-0.002,-0.160,-0.004,-0.028,-0.003,0.006,-18.920,-0.003,-19.284,-18.802,-19.465
-4.544,-3.835,-0.000,0.969,0.001,0.000,0.249,0.008,0.007,-39.160,0.008,-37.022,-38.370,-36.004,-0.820,-0.455,-0.003,-0.177,-0.009,-0.029,-0.006,0.003,-18.988,-0.004,-19.216,-18.852,-19.421
-4.552,-3.839,-0.000,0.969,-0.000,-0.000,0.248,0.008,0.007,-39.351,0.008,-37.214,-38.559,-36.198,-0.820,-0.455,-0.003,-0.184,-0.011,-0.030,-0.006,0.002,-19.061,-0.005,-19.146,-18.920,-19.368
-4.560,-3.844,-0.000,0.969,-0.001,-0.000,0.248,0.008,0.007,-39.542,0.008,-37.405,-38.749,-36.391,-0.820,-0.454,-0.002,-0.179,-0.008,-0.031,-0.004,0.002,-19.134,-0.005,-19.078,-18.999,-19.304
-4.568,-3.848,-0.000,0.969,-0.002,-0.001,0.248,0.008,0.007,-39.733,0.008,-37.595,-38.939,-36.584,-0.820,-0.454,-0.002,-0.161,-0.003,-0.031,-0.002,0.002,-19.204,-0.005,-19.017,-19.083,-19.231
-4.576,-3.853,-0.000,0.969,-0.002,-0.001,0.248,0.008,0.007,-39.926,0.008,-37.785,-39.130,-36.776,-0.820,-0.454,-0.001,-0.133,0.005,-0.031,-0.000,0.003,-19.266,-0.004,-18.968,-19.165,-19.154
-4.585,-3.858,-0.000,0.969,-0.003,-0.001,0.248,0.008,0.007,-40.119,0.008,-37.975,-39.322,-36.967,-0.820,-0.453,-0.001,-0.099,0.015,-0.030,0.000,0.003,-19.316,-0.004,-18.934,-19.238,-19.076
-4.593,-3.862,-0.000,0.969,-0.003,-0.001,0.248,0.008,0.007,-40.312,0.008,-38.164,-39.515,-37.157,-0.820,-0.453,-0.001,-0.062,0.026,-0.029,0.001,0.004,-19.356,-0.005,-18.917,-19.298,-19.003
-4.601,-3.867,-0.000,0.969,-0.004,-0.001,0.247,0.008,0.007,-40.506,0.008,-38.353,-39.708,-37.347,-0.820,-0.452,-0.002,-0.024,0.035,-0.028,0.001,0.005,-19.386,-0.005,-18.917,-19.339,-18.938
-4.609,-3.871,-0.001,0.969,-0.004,-0.001,0.247,0.008,0.007,-40.700,0.008,-38.542,-39.902,-37.536,-0.820,-0.452,-0.004,0.012,0.041,-0.026,0.001,0.006,-19.406,-0.005,-18.935,-19.362,-18.885
-4.617,-3.876,-0.001,0.969,-0.004,-0.000,0.247,0.008,0.007,-40.894,0.008,-38.732,-40.095,-37.725,-0.819,-0.451,-0.006,0.045,0.042,-0.025,0.001,0.006,-19.418,-0.005,-18.967,-19.367,-18.846
-4.626,-3.880,-0.001,0.969,-0.003,-0.000,0.247,0.008,0.007,-41.088,0.008,-38.922,-40.289,-37.913,-0.819,-0.451,-0.007,0.071,0.038,-0.024,0.002,0.007,-19.422,-0.005,-19.010,-19.356,-18.823
-4.634,-3.885,-0.001,0.969,-0.003,0.000,0.247,0.008,0.007,-41.282,0.008,-39.112,-40.482,-38.101,-0.818,-0.450,-0.009,0.090,0.029,-0.022,0.002,0.008,-19.417,-0.004,-19.059,-19.333,-18.816
-4.642,-3.889,-0.001,0.969,-0.003,0.000,0.247,0.008,0.007,-41.476,0.008,-39.303,-40.676,-38.289,-0.817,-0.449,-0.009,0.100,0.013,-0.021,0.002,0.008,-19.403,-0.004,-19.109,-19.301,-18.826
-4.650,-3.894,-0.001,0.969,-0.002,0.001,0.247,0.008,0.007,-41.670,0.008,-39.494,-40.868,-38.478,-0.816,-0.449,-0.009,0.102,-0.006,-0.021,0.002,0.008,-19.379,-0.003,-19.155,-19.266,-18.851
-4.658,-3.898,-0.001,0.969,-0.002,0.001,0.247,0.008,0.007,-41.864,0.008,-39.686,-41.061,-38.667,-0.814,-0.448,-0.008,0.099,-0.026,-0.020,0.002,0.008,-19.344,-0.002,-19.194,-19.234,-18.891
-4.666,-3.903,-0.001,0.969,-0.001,0.001,0.247,0.008,0.007,-42.057,0.008,-39.878,-41.253,-38.856,-0.813,-0.447,-0.006,0.095,-0.044,-0.020,0.002,0.008,-19.301,-0.002,-19.224,-19.207,-18.943
-4.674,-3.907,-0.001,0.969,-0.001,0.000,0.246,0.008,0.008,-42.250,0.008,-40.071,-41.445,-39.045,-0.813,-0.446,-0.004,0.092,-0.057,-0.019,0.002,0.009,-19.248,-0.001,-19.245,-19.188,-19.006
-4.683,-3.912,-0.001,0.969,-0.000,0.000,0.246,0.008,0.008,-42.442,0.008,-40.263,-41.637,-39.236,-0.812,-0.446,-0.001,0.089,-0.064,-0.019,0.002,0.009,-19.187,-0.000,-19.260,-19.176,-19.076
-4.691,-3.916,-0.001,0.969,0.000,-0.000,0.246,0.008,0.008,-42.633,0.008,-40.456,-41.829,-39.427,-0.812,-0.446,0.002,0.089,-0.064,-0.019,0.002,0.009,-19.120,0.001,-19.271,-19.169,-19.150
-4.699,-3.920,-0.001,0.969,0.001,-0.000,0.246,0.008,0.008,-42.824,0.008,-40.648,-42.020,-39.619,-0.812,-0.446,0.005,0.089,-0.058,-0.020,0.002,0.009,-19.050,0.002,-19.282,-19.162,-19.223
-4.707,-3.925,-0.001,0.969,0.001,-0.000,0.246,0.008,0.008,-43.014,0.008,-40.841,-42.212,-39.811,-0.813,-0.446,0.007,0.090,-0.046,-0.020,0.001,0.008,-18.980,0.002,-19.295,-19.152,-19.293
-4.715,-3.929,-0.001,0.969,0.002,-0.000,0.246,0.008,0.008,-43.204,0.008,-41.034,-42.403,-40.005,-0.814,-0.446,0.009,0.091,-0.030,-0.020,0.001,0.008,-18.914,0.003,-19.313,-19.135,-19.358
-4.723,-3.934,-0.001,0.969,0.002,-0.000,0.246,0.008,0.008,-43.393,0.008,-41.228,-42.595,-40.199,-0.816,-0.447,0.011,0.089,-0.012,-0.020,0.001,0.007,-18.854,0.004,-19.337,-19.110,-19.415
-4.731,-3.938,-0.001,0.969,0.003,-0.000,0.246,0.008,0.008,-43.581,0.008,-41.421,-42.785,-40.393,-0.817,-0.448,0.011,0.084,0.006,-0.021,0.001,0.006,-18.804,0.005,-19.366,-19.074,-19.464
-4.740,-3.943,-0.001,0.969,0.003,-0.000,0.246,0.008,0.008,-43.769,0.008,-41.615,-42.976,-40.588,-0.819,-0.448,0.010,0.073,0.020,-0.021,0.001,0.005,-18.766,0.006,-19.397,-19.028,-19.503
-4.748,-3.947,-0.001,0.969,0.003,0.000,0.246,0.008,0.008,-43.956,0.008,-41.809,-43.166,-40.783,-0.820,-0.449,0.009,0.056,0.030,-0.022,0.001,0.003,-18.742,0.006,-19.426,-18.976,-19.533
-4.756,-3.952,-0.000,0.969,0.004,0.000,0.246,0.008,0.008,-44.144,0.008,-42.003,-43.355,-40.978,-0.821,-0.450,0.007,0.033,0.035,-0.023,0.000,0.001,-18.732,0.006,-19.449,-18.921,-19.554
-4.764,-3.956,-0.000,0.969,0.004,0.000,0.245,0.008,0.008,-44.331,0.008,-42.198,-43.544,-41.174,-0.822,-0.450,0.006,0.003,0.034,-0.024,-0.000,-0.000,-18.736,0.005,-19.461,-18.868,-19.565
-4.772,-3.961,-0.000,0.969,0.004,0.001,0.245,0.008,0.008,-44.519,0.008,-42.393,-43.733,-41.370,-0.823,-0.450,0.003,-0.031,0.028,-0.025,-0.000,-0.002,-18.753,0.004,-19.458,-18.824,-19.567
-4.781,-3.965,-0.000,0.969,0.003,0.001,0.245,0.008,0.008,-44.706,0.008,-42.587,-43.921,-41.565,-0.823,-0.450,0.002,-0.068,0.021,-0.026,-0.001,-0.003,-18.784,0.003,-19.439,-18.794,-19.560
-4.789,-3.970,-0.000,0.970,0.003,0.001,0.245,0.008,0.008,-44.894,0.008,-42.781,-44.109,-41.761,-0.824,-0.450,-0.000,-0.105,0.012,-0.027,-0.001,-0.004,-18.827,0.002,-19.402,-18.783,-19.544
-4.797,-3.974,-0.000,0.970,0.002,0.001,0.245,0.008,0.008,-45.083,0.008,-42.975,-44.297,-41.956,-0.824,-0.450,-0.001,-0.138,0.003,-0.029,-0.001,-0.005,-18.880,0.000,-19.351,-18.793,-19.517
-4.805,-3.979,-0.000,0.970,0.001,0.000,0.245,0.008,0.008,-45.272,0.008,-43.168,-44.485,-42.151,-0.824,-0.450,-0.002,-0.164,-0.003,-0.030,-0.002,-0.006,-18.943,-0.001,-19.289,-18.825,-19.481
-4.814,-3.983,-0.000,0.970,0.001,0.000,0.245,0.008,0.008,-45.462,0.008,-43.361,-44.673,-42.346,-0.824,-0.449,-0.003,-0.180,-0.007,-0.031,-0.002,-0.007,-19.012,-0.002,-19.221,-18.878,-19.434
-4.822,-3.988,-0.000,0.970,-0.000,-0.000,0.244,0.008,0.008,-45.652,0.008,-43.553,-44.862,-42.540,-0.824,-0.449,-0.003,-0.185,-0.007,-0.032,-0.001,-0.007,-19.086,-0.003,-19.151,-18.947,-19.377
-4.830,-3.992,-0.000,0.970,-0.001,-0.000,0.244,0.008,0.008,-45.843,0.008,-43.744,-45.052,-42.733,-0.824,-0.448,-0.003,-0.177,-0.005,-0.032,-0.001,-0.007,-19.160,-0.003,-19.085,-19.027,-19.309
-4.838,-3.997,-0.000,0.970,-0.002,-0.001,0.244,0.008,0.008,-46.035,0.008,-43.934,-45.243,-42.926,-0.824,-0.448,-0.002,-0.157,0.001,-0.032,-0.001,-0.006,-19.230,-0.003,-19.027,-19.109,-19.232
-4.847,-4.001,-0.000,0.970,-0.003,-0.001,0.244,0.008,0.008,-46.228,0.008,-44.125,-45.434,-43.118,-0.824,-0.448,-0.001,-0.127,0.008,-0.032,-0.001,-0.005,-19.290,-0.003,-18.981,-19.189,-19.152
-4.855,-4.006,-0.000,0.970,-0.003,-0.001,0.244,0.008,0.008,-46.421,0.008,-44.314,-45.627,-43.309,-0.824,-0.447,-0.001,-0.092,0.018,-0.031,-0.001,-0.004,-19.339,-0.003,-18.950,-19.259,-19.074
-4.863,-4.010,-0.000,0.970,-0.004,-0.001,0.244,0.008,0.008,-46.615,0.008,-44.504,-45.820,-43.499,-0.824,-0.447,-0.002,-0.053,0.028,-0.030,-0.000,-0.003,-19.377,-0.003,-18.937,-19.314,-19.001
-4.871,-4.015,-0.001,0.970,-0.004,-0.001,0.244,0.008,0.008,-46.809,0.008,-44.693,-46.013,-43.689,-0.824,-0.446,-0.003,-0.015,0.036,-0.029,-0.000,-0.001,-19.404,-0.004,-18.941,-19.352,-18.937
-4.880,-4.019,-0.001,0.970,-0.004,-0.001,0.243,0.008,0.008,-47.003,0.008,-44.882,-46.206,-43.878,-0.824,-0.446,-0.005,0.021,0.040,-0.027,-0.000,0.000,-19.421,-0.004,-18.962,-19.371,-18.886
-4.888,-4.024,-0.001,0.970,-0.004,-0.000,0.243,0.008,0.008,-47.197,0.008,-45.072,-46.400,-44.067,-0.823,-0.445,-0.006,0.053,0.040,-0.026,0.000,0.001,-19.431,-0.004,-18.996,-19.372,-18.851
-4.896,-4.028,-0.001,0.970,-0.003,-0.000,0.243,0.008,0.008,-47.391,0.008,-45.262,-46.594,-44.255,-0.823,-0.444,-0.008,0.077,0.035,-0.024,0.000,0.003,-19.431,-0.004,-19.040,-19.358,-18.833
-4.904,-4.032,-0.001,0.970,-0.003,0.000,0.243,0.008,0.008,-47.586,0.008,-45.453,-46.787,-44.444,-0.822,-0.444,-0.009,0.093,0.024,-0.023,0.001,0.004,-19.424,-0.003,-19.088,-19.332,-18.831
-4.912,-4.037,-0.001,0.970,-0.003,0.000,0.243,0.008,0.008,-47.780,0.008,-45.644,-46.981,-44.632,-0.820,-0.443,-0.009,0.101,0.008,-0.022,0.001,0.005,-19.406,-0.003,-19.137,-19.300,-18.845
-4.921,-4.041,-0.001,0.970,-0.002,0.001,0.243,0.008,0.008,-47.974,0.008,-45.836,-47.173,-44.821,-0.819,-0.442,-0.009,0.101,-0.011,-0.021,0.001,0.005,-19.379,-0.002,-19.180,-19.265,-18.875
-4.929,-4.046,-0.001,0.970,-0.002,0.001,0.243,0.008,0.008,-48.167,0.008,-46.028,-47.366,-45.009,-0.818,-0.441,-0.007,0.098,-0.030,-0.021,0.001,0.006,-19.343,-0.002,-19.216,-19.234,-18.918
-4.937,-4.050,-0.001,0.970,-0.001,0.000,0.243,0.008,0.008,-48.360,0.008,-46.220,-47.558,-45.199,-0.817,-0.441,-0.006,0.093,-0.047,-0.020,0.001,0.006,-19.297,-0.001,-19.243,-19.209,-18.973
-4.945,-4.055,-0.001,0.970,-0.000,0.000,0.243,0.008,0.008,-48.553,0.008,-46.413,-47.750,-45.389,-0.816,-0.440,-0.003,0.089,-0.058,-0.020,0.001,0.007,-19.243,-0.000,-19.261,-19.192,-19.037
-4.953,-4.059,-0.001,0.970,0.000,0.000,0.242,0.008,0.008,-48.745,0.008,-46.605,-47.942,-45.580,-0.816,-0.440,-0.000,0.087,-0.064,-0.020,0.001,0.007,-19.182,0.000,-19.274,-19.182,-19.107
-4.961,-4.063,-0.001,0.970,0.000,-0.000,0.242,0.008,0.008,-48.937,0.008,-46.798,-48.134,-45.771,-0.816,-0.439,0.003,0.086,-0.062,-0.020,0.001,0.007,-19.116,0.001,-19.283,-19.175,-19.180
-4.970,-4.068,-0.001,0.970,0.001,-0.000,0.242,0.008,0.008,-49.128,0.008,-46.991,-48.325,-45.963,-0.816,-0.439,0.006,0.087,-0.055,-0.020,0.001,0.007,-19.046,0.002,-19.294,-19.168,-19.251
-4.978,-4.072,-0.001,0.970,0.001,-0.000,0.242,0.008,0.008,-49.318,0.008,-47.184,-48.517,-46.156,-0.817,-0.440,0.008,0.088,-0.042,-0.020,0.002,0.007,-18.977,0.003,-19.307,-19.158,-19.318
-4.986,-4.076,-0.001,0.970,0.002,-0.000,0.242,0.008,0.008,-49.507,0.008,-47.377,-48.709,-46.350,-0.818,-0.440,0.010,0.089,-0.026,-0.021,0.002,0.007,-18.912,0.004,-19.326,-19.140,-19.380
-4.994,-4.081,-0.001,0.970,0.002,-0.000,0.242,0.008,0.008,-49.696,0.008,-47.570,-48.900,-46.544,-0.820,-0.441,0.011,0.088,-0.008,-0.021,0.001,0.006,-18.854,0.005,-19.350,-19.113,-19.434
-5.002,-4.085,-0.001,0.970,0.003,-0.000,0.242,0.008,0.008,-49.884,0.008,-47.764,-49.091,-46.738,-0.821,-0.441,0.011,0.082,0.008,-0.021,0.001,0.005,-18.806,0.005,-19.379,-19.076,-19.479
-5.011,-4.090,-0.001,0.970,0.003,-0.000,0.242,0.008,0.008,-50.072,0.008,-47.958,-49.281,-46.933,-0.823,-0.442,0.010,0.071,0.021,-0.022,0.001,0.003,-18.770,0.006,-19.409,-19.029,-19.516
-5.019,-4.094,-0.001,0.970,0.003,0.000,0.242,0.008,0.008,-50.260,0.008,-48.152,-49.471,-47.129,-0.824,-0.443,0.009,0.053,0.030,-0.023,0.001,0.002,-18.747,0.006,-19.436,-18.976,-19.545
-5.027,-4.099,-0.000,0.970,0.004,0.000,0.242,0.008,0.008,-50.447,0.008,-48.347,-49.661,-47.324,-0.825,-0.443,0.007,0.029,0.033,-0.023,0.000,-0.000,-18.738,0.006,-19.457,-18.921,-19.564
-5.035,-4.103,-0.000,0.970,0.004,0.000,0.241,0.008,0.008,-50.635,0.008,-48.541,-49.850,-47.520,-0.826,-0.443,0.005,-0.002,0.032,-0.024,-0.000,-0.002,-18.743,0.005,-19.465,-18.869,-19.574
-5.044,-4.107,-0.000,0.970,0.003,0.001,0.241,0.008,0.008,-50.822,0.008,-48.736,-50.038,-47.716,-0.827,-0.444,0.003,-0.037,0.026,-0.025,-0.001,-0.003,-18.762,0.004,-19.458,-18.827,-19.575
-5.052,-4.112,-0.000,0.970,0.003,0.001,0.241,0.008,0.008,-51.010,0.008,-48.930,-50.226,-47.911,-0.827,-0.444,0.002,-0.074,0.019,-0.026,-0.001,-0.005,-18.794,0.003,-19.434,-18.800,-19.567
-5.060,-4.116,-0.000,0.971,0.003,0.001,0.241,0.008,0.008,-51.198,0.008,-49.125,-50.414,-48.107,-0.828,-0.444,-0.000,-0.111,0.011,-0.028,-0.002,-0.006,-18.839,0.001,-19.395,-18.792,-19.549
-5.068,-4.121,-0.000,0.971,0.002,0.000,0.241,0.008,0.008,-51.387,0.008,-49.318,-50.602,-48.302,-0.828,-0.443,-0.001,-0.143,0.003,-0.029,-0.002,-0.007,-18.894,-0.000,-19.341,-18.806,-19.520
-5.077,-4.125,-0.000,0.971,0.001,0.000,0.241,0.008,0.008,-51.576,0.008,-49.511,-50.790,-48.497,-0.828,-0.443,-0.002,-0.168,-0.002,-0.030,-0.002,-0.007,-18.958,-0.002,-19.278,-18.842,-19.481
-5.085,-4.130,-0.000,0.971,0.000,0.000,0.241,0.008,0.008,-51.766,0.008,-49.704,-50.979,-48.692,-0.828,-0.443,-0.003,-0.182,-0.005,-0.031,-0.002,-0.008,-19.030,-0.003,-19.210,-18.898,-19.431
-5.093,-4.134,-0.000,0.971,-0.000,-0.000,0.240,0.008,0.008,-51.956,0.008,-49.896,-51.168,-48.886,-0.828,-0.442,-0.003,-0.185,-0.004,-0.032,-0.002,-0.008,-19.105,-0.003,-19.142,-18.968,-19.369
-5.102,-4.138,-0.000,0.971,-0.001,-0.000,0.240,0.008,0.008,-52.148,0.008,-50.087,-51.359,-49.079,-0.828,-0.442,-0.003,-0.174,-0.001,-0.033,-0.001,-0.008,-19.180,-0.003,-19.079,-19.048,-19.297
-5.110,-4.143,-0.000,0.971,-0.002,-0.001,0.240,0.008,0.008,-52.340,0.008,-50.277,-51.549,-49.272,-0.829,-0.441,-0.002,-0.151,0.004,-0.032,-0.001,-0.007,-19.249,-0.003,-19.024,-19.129,-19.218
-5.118,-4.147,-0.000,0.971,-0.003,-0.001,0.240,0.008,0.008,-52.533,0.008,-50.467,-51.741,-49.464,-0.828,-0.441,-0.002,-0.120,0.012,-0.032,-0.001,-0.006,-19.308,-0.003,-18.982,-19.206,-19.136
-5.126,-4.152,-0.000,0.971,-0.003,-0.001,0.240,0.015,0.013,-52.726,0.013,-50.657,-51.933,-49.655,-0.828,-0.441,-0.002,-0.084,0.021,-0.036,1.104,0.856,-19.334,0.846,-18.980,-19.262,-19.067
-5.135,-4.156,-0.000,0.971,-0.004,-0.001,0.240,0.024,0.021,-52.919,0.021,-50.847,-52.126,-49.845,-0.827,-0.443,-0.003,-0.047,0.030,-0.049,0.583,0.582,-19.344,0.565,-18.996,-19.285,-19.023
-5.143,-4.161,-0.001,0.971,-0.004,-0.001,0.239,0.025,0.023,-53.113,0.023,-51.037,-52.319,-50.035,-0.825,-0.444,-0.004,-0.008,0.036,-0.062,-0.298,-0.129,-19.351,-0.129,-19.024,-19.288,-18.991
-5.151,-4.165,-0.001,0.971,-0.004,-0.000,0.239,0.020,0.019,-53.307,0.019,-51.227,-52.512,-50.225,-0.825,-0.444,-0.005,0.030,0.039,-0.064,-0.625,-0.484,-19.361,-0.477,-19.055,-19.290,-18.956
-5.159,-4.169,-0.001,0.971,-0.004,-0.000,0.239,0.016,0.016,-53.500,0.016,-51.418,-52.705,-50.414,-0.825,-0.442,-0.007,0.063,0.038,-0.058,-0.205,-0.221,-19.368,-0.225,-19.089,-19.294,-18.920
-5.168,-4.174,-0.001,0.971,-0.003,0.000,0.238,0.016,0.015,-53.694,0.015,-51.609,-52.898,-50.603,-0.825,-0.440,-0.008,0.086,0.031,-0.052,0.207,0.092,-19.369,0.068,-19.128,-19.286,-18.899
-5.176,-4.178,-0.001,0.971,-0.003,0.000,0.238,0.018,0.017,-53.888,0.016,-51.801,-53.091,-50.792,-0.824,-0.439,-0.009,0.099,0.019,-0.050,0.237,0.192,-19.358,0.169,-19.175,-19.261,-18.901
-5.184,-4.183,-0.001,0.971,-0.002,0.000,0.238,0.020,0.018,-54.081,0.018,-51.993,-53.283,-50.981,-0.822,-0.439,-0.009,0.102,0.002,-0.051,0.070,0.088,-19.335,0.073,-19.225,-19.224,-18.923
-5.192,-4.187,-0.001,0.971,-0.002,0.001,0.238,0.020,0.019,-54.274,0.018,-52.185,-53.475,-51.171,-0.821,-0.438,-0.009,0.100,-0.017,-0.052,-0.019,0.031,-19.302,0.023,-19.271,-19.186,-18.962
-5.201,-4.191,-0.001,0.971,-0.001,0.001,0.237,0.020,0.019,-54.467,0.018,-52.378,-53.667,-51.361,-0.820,-0.437,-0.007,0.095,-0.035,-0.053,-0.041,0.010,-19.260,0.005,-19.307,-19.152,-19.012
-5.209,-4.196,-0.001,0.971,-0.001,0.000,0.237,0.019,0.019,-54.659,0.018,-52.571,-53.858,-51.551,-0.819,-0.436,-0.005,0.090,-0.050,-0.053,-0.035,0.005,-19.211,0.001,-19.333,-19.127,-19.073
-5.217,-4.200,-0.001,0.972,-0.000,0.000,0.237,0.019,0.019,-54.851,0.018,-52.765,-54.049,-51.742,-0.819,-0.435,-0.002,0.086,-0.059,-0.054,-0.020,0.005,-19.155,0.001,-19.350,-19.111,-19.140
-5.225,-4.204,-0.001,0.972,0.000,0.000,0.237,0.019,0.019,-55.042,0.018,-52.958,-54.240,-51.934,-0.818,-0.435,0.000,0.083,-0.063,-0.054,-0.007,0.006,-19.093,0.002,-19.361,-19.101,-19.210
-5.233,-4.209,-0.001,0.972,0.001,-0.000,0.236,0.019,0.019,-55.233,0.018,-53.152,-54.431,-52.126,-0.819,-0.434,0.003,0.082,-0.060,-0.054,0.002,0.007,-19.027,0.003,-19.370,-19.095,-19.282
-5.242,-4.213,-0.001,0.972,0.001,-0.000,0.236,0.019,0.019,-55.423,0.018,-53.346,-54.622,-52.319,-0.819,-0.434,0.006,0.083,-0.051,-0.054,0.005,0.008,-18.959,0.004,-19.380,-19.088,-19.350
-5.250,-4.217,-0.001,0.972,0.002,-0.000,0.236,0.019,0.019,-55.612,0.018,-53.540,-54.813,-52.513,-0.820,-0.434,0.008,0.085,-0.038,-0.055,0.005,0.008,-18.891,0.005,-19.394,-19.077,-19.415
-5.258,-4.222,-0.001,0.972,0.002,-0.000,0.236,0.019,0.019,-55.801,0.018,-53.734,-55.004,-52.708,-0.822,-0.434,0.010,0.087,-0.022,-0.055,0.004,0.007,-18.828,0.006,-19.413,-19.059,-19.473
-5.266,-4.226,-0.001,0.972,0.002,-0.000,0.235,0.019,0.019,-55.989,0.018,-53.928,-55.194,-52.903,-0.823,-0.435,0.011,0.085,-0.006,-0.055,0.003,0.006,-18.771,0.006,-19.437,-19.031,-19.523
-5.274,-4.231,-0.001,0.972,0.003,-0.000,0.235,0.019,0.020,-56.176,0.019,-54.122,-55.384,-53.098,-0.825,-0.435,0.011,0.080,0.009,-0.056,0.002,0.005,-18.725,0.007,-19.465,-18.992,-19.566
-5.283,-4.235,-0.001,0.972,0.003,-0.000,0.235,0.019,0.020,-56.363,0.019,-54.317,-55.574,-53.294,-0.826,-0.435,0.010,0.068,0.021,-0.056,0.001,0.003,-18.690,0.007,-19.494,-18.945,-19.601
-5.291,-4.239,-0.001,0.972,0.003,0.000,0.235,0.019,0.020,-56.550,0.019,-54.512,-55.763,-53.490,-0.828,-0.436,0.009,0.050,0.028,-0.057,0.001,0.001,-18.668,0.007,-19.519,-18.892,-19.628
-5.299,-4.244,-0.000,0.972,0.004,0.000,0.234,0.019,0.020,-56.737,0.019,-54.707,-55.952,-53.687,-0.829,-0.436,0.008,0.025,0.030,-0.058,0.000,-0.000,-18.660,0.007,-19.536,-18.838,-19.647
-5.307,-4.248,-0.000,0.972,0.004,0.000,0.234,0.019,0.020,-56.923,0.019,-54.903,-56.140,-53.883,-0.830,-0.436,0.006,-0.006,0.028,-0.059,-0.000,-0.002,-18.666,0.006,-19.540,-18.788,-19.657
-5.316,-4.252,-0.000,0.972,0.003,0.000,0.234,0.019,0.020,-57.110,0.019,-55.098,-56.328,-54.080,-0.831,-0.436,0.004,-0.042,0.023,-0.060,-0.001,-0.004,-18.685,0.005,-19.528,-18.748,-19.658
-5.324,-4.257,-0.000,0.972,0.003,0.001,0.233,0.019,0.020,-57.297,0.019,-55.293,-56.515,-54.276,-0.832,-0.436,0.002,-0.080,0.017,-0.061,-0.001,-0.005,-18.719,0.003,-19.500,-18.725,-19.649
-5.332,-4.261,-0.000,0.972,0.003,0.000,0.233,0.019,0.019,-57.485,0.019,-55.488,-56.702,-54.473,-0.833,-0.435,0.000,-0.117,0.010,-0.063,-0.002,-0.006,-18.765,0.001,-19.458,-18.720,-19.630
-5.341,-4.265,-0.000,0.973,0.002,0.000,0.233,0.019,0.019,-57.672,0.019,-55.682,-56.890,-54.669,-0.833,-0.435,-0.001,-0.148,0.005,-0.064,-0.002,-0.007,-18.822,-0.000,-19.403,-18.738,-19.600
-5.349,-4.270,-0.000,0.973,0.001,0.000,0.232,0.019,0.019,-57.861,0.019,-55.876,-57.077,-54.865,-0.833,-0.434,-0.002,-0.171,0.002,-0.065,-0.002,-0.008,-18.889,-0.001,-19.341,-18.776,-19.558
-5.357,-4.274,-0.000,0.973,0.000,-0.000,0.232,0.019,0.019,-58.050,0.019,-56.069,-57.265,-55.060,-0.834,-0.434,-0.003,-0.184,0.001,-0.066,-0.002,-0.008,-18.964,-0.002,-19.276,-18.834,-19.504
-5.366,-4.278,-0.000,0.973,-0.001,-0.000,0.232,0.019,0.019,-58.240,0.019,-56.262,-57.454,-55.255,-0.834,-0.433,-0.003,-0.184,0.003,-0.067,-0.001,-0.008,-19.042,-0.003,-19.212,-18.904,-19.437
-5.374,-4.283,-0.000,0.973,-0.001,-0.000,0.231,0.019,0.019,-58.431,0.019,-56.454,-57.643,-55.449,-0.834,-0.432,-0.003,-0.170,0.006,-0.067,-0.001,-0.008,-19.119,-0.003,-19.153,-18.982,-19.360
-5.382,-4.287,-0.000,0.973,-0.002,-0.001,0.231,0.019,0.019,-58.623,0.019,-56.645,-57.833,-55.642,-0.834,-0.432,-0.003,-0.144,0.011,-0.067,-0.001,-0.007,-19.189,-0.002,-19.105,-19.060,-19.277
-5.391,-4.291,-0.000,0.973,-0.003,-0.001,0.231,0.019,0.019,-58.815,0.019,-56.836,-58.024,-55.834,-0.835,-0.431,-0.002,-0.111,0.017,-0.066,-0.001,-0.006,-19.247,-0.003,-19.069,-19.133,-19.192
-5.399,-4.296,-0.000,0.973,-0.003,-0.001,0.231,0.019,0.019,-59.008,0.019,-57.026,-58.216,-56.026,-0.834,-0.430,-0.003,-0.073,0.024,-0.065,-0.000,-0.004,-19.293,-0.003,-19.049,-19.194,-19.113
-5.408,-4.300,-0.000,0.973,-0.004,-0.001,0.230,0.019,0.019,-59.201,0.019,-57.217,-58.408,-56.216,-0.834,-0.429,-0.004,-0.033,0.030,-0.064,-0.000,-0.003,-19.325,-0.003,-19.046,-19.240,-19.043
-5.416,-4.304,-0.001,0.973,-0.004,-0.000,0.230,0.019,0.019,-59.394,0.019,-57.407,-58.601,-56.407,-0.834,-0.428,-0.005,0.006,0.034,-0.063,-0.000,-0.002,-19.346,-0.003,-19.059,-19.269,-18.985
-5.424,-4.309,-0.001,0.973,-0.004,-0.000,0.230,0.019,0.019,-59.588,0.019,-57.598,-58.794,-56.596,-0.833,-0.427,-0.007,0.041,0.035,-0.061,-0.000,-0.000,-19.357,-0.003,-19.087,-19.280,-18.944
-5.433,-4.313,-0.001,0.973,-0.003,-0.000,0.229,0.019,0.019,-59.781,0.019,-57.789,-58.986,-56.785,-0.833,-0.426,-0.008,0.069,0.032,-0.060,0.000,0.001,-19.359,-0.003,-19.125,-19.275,-18.921
-5.441,-4.317,-0.001,0.973,-0.003,0.000,0.229,0.019,0.019,-59.975,0.019,-57.980,-59.179,-56.975,-0.832,-0.425,-0.009,0.089,0.024,-0.058,0.000,0.002,-19.352,-0.003,-19.170,-19.256,-18.915
-5.449,-4.321,-0.001,0.973,-0.003,0.000,0.229,0.019,0.019,-60.168,0.019,-58.172,-59.371,-57.164,-0.831,-0.424,-0.009,0.100,0.011,-0.057,0.001,0.003,-19.337,-0.002,-19.217,-19.228,-18.926
-5.457,-4.326,-0.001,0.974,-0.002,0.001,0.228,0.019,0.019,-60.361,0.019,-58.365,-59.564,-57.353,-0.830,-0.423,-0.009,0.102,-0.006,-0.056,0.001,0.004,-19.312,-0.002,-19.261,-19.195,-18.953
-5.466,-4.330,-0.001,0.974,-0.002,0.001,0.228,0.019,0.019,-60.554,0.019,-58.558,-59.755,-57.543,-0.829,-0.422,-0.008,0.097,-0.023,-0.055,0.001,0.005,-19.280,-0.001,-19.298,-19.163,-18.993
-5.474,-4.334,-0.001,0.974,-0.001,0.001,0.228,0.019,0.019,-60.747,0.019,-58.751,-59.947,-57.733,-0.828,-0.421,-0.006,0.091,-0.039,-0.055,0.001,0.005,-19.240,-0.001,-19.326,-19.136,-19.045
-5.482,-4.338,-0.001,0.974,-0.001,0.000,0.228,0.019,0.019,-60.939,0.019,-58.944,-60.138,-57.924,-0.827,-0.420,-0.004,0.084,-0.051,-0.055,0.001,0.006,-19.193,-0.000,-19.346,-19.116,-19.106
-5.491,-4.342,-0.001,0.974,-0.000,0.000,0.227,0.019,0.019,-61.131,0.019,-59.138,-60.329,-58.115,-0.827,-0.419,-0.002,0.079,-0.058,-0.055,0.001,0.006,-19.139,0.000,-19.358,-19.104,-19.172
-5.499,-4.347,-0.001,0.974,0.000,0.000,0.227,0.019,0.019,-61.322,0.019,-59.331,-60.520,-58.307,-0.826,-0.419,0.001,0.076,-0.060,-0.055,0.001,0.007,-19.080,0.001,-19.366,-19.097,-19.240
-5.507,-4.351,-0.001,0.974,0.001,-0.000,0.227,0.019,0.019,-61.512,0.019,-59.525,-60.711,-58.500,-0.827,-0.418,0.004,0.076,-0.056,-0.055,0.001,0.007,-19.017,0.002,-19.374,-19.093,-19.307
-5.515,-4.355,-0.001,0.974,0.001,-0.000,0.227,0.019,0.019,-61.702,0.019,-59.719,-60.902,-58.693,-0.828,-0.418,0.006,0.078,-0.047,-0.055,0.002,0.007,-18.951,0.003,-19.383,-19.088,-19.371
-5.524,-4.359,-0.001,0.974,0.002,-0.000,0.226,0.019,0.019,-61.891,0.019,-59.913,-61.093,-58.887,-0.829,-0.418,0.009,0.081,-0.034,-0.055,0.002,0.007,-18.887,0.004,-19.397,-19.078,-19.430
-5.532,-4.363,-0.001,0.974,0.002,-0.000,0.226,0.019,0.019,-62.080,0.019,-60.107,-61.284,-59.082,-0.830,-0.418,0.010,0.083,-0.019,-0.056,0.002,0.006,-18.825,0.005,-19.416,-19.060,-19.483
-5.540,-4.367,-0.001,0.974,0.002,-0.000,0.226,0.019,0.020,-62.268,0.019,-60.301,-61.474,-59.277,-0.831,-0.418,0.011,0.083,-0.004,-0.056,0.002,0.005,-18.771,0.005,-19.439,-19.032,-19.530
-5.549,-4.372,-0.001,0.974,0.003,-0.000,0.225,0.019,0.020,-62.455,0.019,-60.495,-61.664,-59.473,-0.833,-0.419,0.011,0.078,0.009,-0.056,0.001,0.004,-18.725,0.006,-19.466,-18.994,-19.570
-5.557,-4.376,-0.001,0.974,0.003,-0.000,0.225,0.019,0.020,-62.642,0.019,-60.690,-61.854,-59.668,-0.835,-0.419,0.011,0.067,0.019,-0.057,0.001,0.003,-18.691,0.006,-19.493,-18.947,-19.604
-5.565,-4.380,-0.000,0.974,0.003,-0.000,0.225,0.019,0.020,-62.829,0.019,-60.885,-62.043,-59.865,-0.836,-0.419,0.010,0.048,0.025,-0.058,0.001,0.001,-18.669,0.006,-19.515,-18.894,-19.630
-5.574,-4.384,-0.000,0.974,0.004,0.000,0.225,0.019,0.020,-63.016,0.019,-61.081,-62.232,-60.061,-0.838,-0.420,0.008,0.022,0.026,-0.058,-0.000,-0.001,-18.661,0.006,-19.527,-18.841,-19.649
-5.582,-4.388,-0.000,0.974,0.004,0.000,0.224,0.019,0.020,-63.203,0.019,-61.276,-62.420,-60.258,-0.839,-0.420,0.006,-0.010,0.024,-0.059,-0.001,-0.002,-18.667,0.005,-19.526,-18.793,-19.660
-5.590,-4.393,-0.000,0.975,0.003,0.000,0.224,0.019,0.020,-63.389,0.019,-61.471,-62.608,-60.454,-0.840,-0.420,0.004,-0.046,0.020,-0.060,-0.001,-0.004,-18.687,0.004,-19.510,-18.756,-19.661
-5.599,-4.397,-0.000,0.975,0.003,0.000,0.224,0.019,0.020,-63.576,0.019,-61.666,-62.795,-60.651,-0.841,-0.419,0.003,-0.085,0.016,-0.062,-0.001,-0.005,-18.721,0.002,-19.479,-18.735,-19.652
-5.607,-4.401,-0.000,0.975,0.003,0.000,0.223,0.019,0.020,-63.764,0.019,-61.861,-62.982,-60.847,-0.841,-0.419,0.001,-0.121,0.012,-0.063,-0.002,-0.006,-18.768,0.001,-19.435,-18.733,-19.631
-5.616,-4.405,-0.000,0.975,0.002,0.000,0.223,0.019,0.019,-63.952,0.019,-62.055,-63.170,-61.043,-0.842,-0.419,-0.001,-0.152,0.009,-0.064,-0.002,-0.007,-18.828,-0.001,-19.380,-18.753,-19.598
-5.624,-4.409,-0.000,0.975,0.001,0.000,0.223,0.019,0.019,-64.140,0.019,-62.248,-63.358,-61.239,-0.843,-0.418,-0.002,-0.174,0.008,-0.066,-0.002,-0.008,-18.898,-0.002,-19.320,-18.793,-19.552
-5.632,-4.414,-0.000,0.975,0.000,-0.000,0.223,0.019,0.019,-64.330,0.019,-62.441,-63.546,-61.434,-0.843,-0.418,-0.003,-0.185,0.009,-0.067,-0.002,-0.008,-18.975,-0.003,-19.259,-18.850,-19.493
-5.641,-4.418,-0.000,0.975,-0.001,-0.000,0.222,0.019,0.019,-64.520,0.019,-62.633,-63.735,-61.629,-0.843,-0.417,-0.003,-0.182,0.011,-0.067,-0.001,-0.008,-19.056,-0.003,-19.200,-18.920,-19.421
-5.649,-4.422,-0.000,0.975,-0.002,-0.000,0.222,0.019,0.019,-64.711,0.019,-62.825,-63.924,-61.823,-0.843,-0.416,-0.004,-0.165,0.013,-0.067,-0.001,-0.008,-19.135,-0.003,-19.148,-18.994,-19.339
-5.658,-4.426,-0.000,0.975,-0.002,-0.000,0.222,0.019,0.019,-64.903,0.019,-63.016,-64.115,-62.016,-0.843,-0.415,-0.003,-0.136,0.016,-0.067,-0.001,-0.007,-19.205,-0.003,-19.105,-19.068,-19.251
-5.666,-4.430,-0.000,0.975,-0.003,-0.001,0.221,0.019,0.019,-65.095,0.019,-63.207,-64.306,-62.208,-0.843,-0.414,-0.004,-0.101,0.021,-0.066,-0.001,-0.006,-19.263,-0.003,-19.075,-19.136,-19.165
-5.675,-4.434,-0.000,0.975,-0.003,-0.000,0.221,0.019,0.019,-65.288,0.019,-63.398,-64.497,-62.399,-0.843,-0.413,-0.004,-0.062,0.026,-0.065,-0.001,-0.004,-19.306,-0.003,-19.062,-19.193,-19.086
-5.683,-4.438,-0.000,0.975,-0.004,-0.000,0.221,0.019,0.019,-65.481,0.019,-63.588,-64.689,-62.590,-0.843,-0.413,-0.005,-0.022,0.030,-0.064,-0.000,-0.003,-19.336,-0.004,-19.064,-19.234,-19.019
-5.692,-4.443,-0.001,0.975,-0.004,-0.000,0.220,0.019,0.019,-65.674,0.019,-63.779,-64.882,-62.779,-0.842,-0.412,-0.006,0.017,0.031,-0.063,-0.000,-0.002,-19.353,-0.004,-19.081,-19.259,-18.967
-5.700,-4.447,-0.001,0.976,-0.004,-0.000,0.220,0.019,0.019,-65.868,0.019,-63.970,-65.074,-62.969,-0.841,-0.411,-0.008,0.050,0.030,-0.061,-0.000,-0.000,-19.360,-0.004,-19.111,-19.267,-18.932
-5.708,-4.451,-0.001,0.976,-0.003,0.000,0.220,0.019,0.019,-66.062,0.019,-64.161,-65.267,-63.158,-0.841,-0.410,-0.009,0.077,0.025,-0.060,0.000,0.001,-19.357,-0.004,-19.151,-19.259,-18.916
-5.717,-4.455,-0.001,0.976,-0.003,0.000,0.219,0.019,0.019,-66.255,0.019,-64.353,-65.460,-63.347,-0.840,-0.408,-0.009,0.094,0.016,-0.058,0.000,0.002,-19.346,-0.003,-19.195,-19.239,-18.919
-5.725,-4.459,-0.001,0.976,-0.002,0.000,0.219,0.019,0.019,-66.448,0.019,-64.545,-65.652,-63.537,-0.838,-0.407,-0.009,0.101,0.003,-0.057,0.001,0.003,-19.326,-0.003,-19.240,-19.211,-18.938
-5.734,-4.463,-0.001,0.976,-0.002,0.001,0.219,0.019,0.019,-66.642,0.019,-64.738,-65.844,-63.726,-0.837,-0.406,-0.009,0.100,-0.013,-0.056,0.001,0.004,-19.299,-0.002,-19.280,-19.180,-18.971
-5.742,-4.467,-0.001,0.976,-0.001,0.001,0.219,0.019,0.019,-66.834,0.019,-64.931,-66.035,-63.916,-0.836,-0.405,-0.008,0.093,-0.029,-0.055,0.001,0.005,-19.265,-0.002,-19.312,-19.150,-19.016
-5.750,-4.471,-0.001,0.976,-0.001,0.000,0.218,0.019,0.019,-67.027,0.019,-65.124,-66.227,-64.106,-0.835,-0.404,-0.006,0.085,-0.042,-0.055,0.001,0.005,-19.224,-0.001,-19.336,-19.126,-19.072
-5.759,-4.475,-0.001,0.976,-0.000,0.000,0.218,0.019,0.019,-67.219,0.019,-65.318,-66.418,-64.298,-0.835,-0.403,-0.004,0.078,-0.052,-0.055,0.001,0.006,-19.178,-0.000,-19.352,-19.109,-19.134
-5.767,-4.479,-0.001,0.976,-0.000,0.000,0.218,0.019,0.019,-67.410,0.019,-65.511,-66.609,-64.489,-0.834,-0.403,-0.001,0.072,-0.057,-0.055,0.001,0.006,-19.126,0.000,-19.361,-19.100,-19.199
-5.775,-4.483,-0.001,0.976,0.000,-0.000,0.217,0.019,0.019,-67.601,0.019,-65.705,-66.800,-64.682,-0.834,-0.402,0.002,0.070,-0.057,-0.055,0.001,0.006,-19.069,0.001,-19.368,-19.095,-19.265
-5.784,-4.487,-0.001,0.976,0.001,-0.000,0.217,0.019,0.019,-67.792,0.019,-65.899,-66.991,-64.874,-0.835,-0.402,0.004,0.070,-0.052,-0.055,0.001,0.007,-19.008,0.002,-19.374,-19.093,-19.328
-5.792,-4.491,-0.001,0.976,0.001,-0.000,0.217,0.019,0.019,-67.982,0.019,-66.092,-67.182,-65.068,-0.836,-0.402,0.007,0.073,-0.043,-0.055,0.001,0.007,-18.945,0.003,-19.383,-19.089,-19.387
-5.800,-4.495,-0.001,0.976,0.002,-0.000,0.217,0.019,0.019,-68.171,0.019,-66.286,-67.373,-65.262,-0.837,-0.402,0.009,0.077,-0.031,-0.056,0.002,0.007,-18.883,0.004,-19.397,-19.079,-19.441
-5.809,-4.499,-0.001,0.976,0.002,-0.001,0.216,0.019,0.019,-68.359,0.019,-66.480,-67.563,-65.457,-0.838,-0.402,0.011,0.081,-0.017,-0.056,0.002,0.006,-18.824,0.005,-19.416,-19.061,-19.489
-5.817,-4.503,-0.001,0.976,0.002,-0.000,0.216,0.019,0.020,-68.547,0.019,-66.675,-67.754,-65.652,-0.840,-0.402,0.011,0.081,-0.004,-0.056,0.002,0.005,-18.771,0.005,-19.439,-19.033,-19.533
-5.825,-4.507,-0.001,0.976,0.003,-0.000,0.216,0.019,0.020,-68.735,0.019,-66.869,-67.944,-65.847,-0.841,-0.402,0.012,0.076,0.008,-0.057,0.001,0.004,-18.726,0.006,-19.465,-18.995,-19.571
-5.834,-4.511,-0.001,0.976,0.003,-0.000,0.216,0.019,0.020,-68.922,0.019,-67.064,-68.134,-66.043,-0.843,-0.403,0.011,0.065,0.016,-0.057,0.001,0.003,-18.692,0.006,-19.488,-18.948,-19.603
-5.842,-4.515,-0.000,0.977,0.003,-0.000,0.215,0.019,0.020,-69.109,0.019,-67.259,-68.323,-66.240,-0.845,-0.403,0.010,0.045,0.021,-0.058,0.000,0.001,-18.670,0.006,-19.507,-18.897,-19.630
-5.851,-4.519,-0.000,0.977,0.003,0.000,0.215,0.019,0.020,-69.295,0.019,-67.454,-68.512,-66.436,-0.846,-0.403,0.009,0.019,0.022,-0.059,-0.000,-0.001,-18.662,0.006,-19.514,-18.845,-19.650
-5.859,-4.523,-0.000,0.977,0.003,0.000,0.215,0.019,0.020,-69.482,0.019,-67.649,-68.700,-66.633,-0.847,-0.403,0.007,-0.014,0.021,-0.060,-0.001,-0.002,-18.668,0.005,-19.509,-18.799,-19.661
-5.868,-4.527,-0.000,0.977,0.003,0.000,0.214,0.019,0.020,-69.669,0.019,-67.844,-68.888,-66.829,-0.848,-0.403,0.005,-0.051,0.019,-0.061,-0.001,-0.004,-18.688,0.003,-19.489,-18.764,-19.662
-5.876,-4.531,-0.000,0.977,0.003,0.000,0.214,0.019,0.020,-69.856,0.019,-68.039,-69.075,-67.026,-0.849,-0.403,0.003,-0.090,0.016,-0.062,-0.002,-0.005,-18.724,0.002,-19.455,-18.746,-19.652
-5.885,-4.536,-0.000,0.977,0.002,0.000,0.214,0.019,0.020,-70.043,0.019,-68.233,-69.263,-67.222,-0.850,-0.403,0.001,-0.126,0.014,-0.063,-0.002,-0.006,-18.773,-0.000,-19.410,-18.747,-19.630
-5.893,-4.540,-0.000,0.977,0.002,0.000,0.213,0.019,0.019,-70.231,0.019,-68.427,-69.450,-67.418,-0.851,-0.402,-0.000,-0.156,0.014,-0.065,-0.002,-0.007,-18.835,-0.001,-19.357,-18.768,-19.594
-5.902,-4.544,-0.000,0.977,0.001,0.000,0.213,0.019,0.019,-70.420,0.019,-68.620,-69.638,-67.614,-0.851,-0.402,-0.002,-0.176,0.015,-0.066,-0.002,-0.008,-18.907,-0.003,-19.300,-18.810,-19.543
-5.910,-4.548,-0.000,0.977,-0.000,-0.000,0.213,0.019,0.019,-70.609,0.019,-68.813,-69.827,-67.809,-0.852,-0.401,-0.003,-0.184,0.017,-0.067,-0.002,-0.008,-18.988,-0.003,-19.243,-18.867,-19.479
-5.919,-4.552,-0.000,0.977,-0.001,-0.000,0.213,0.019,0.019,-70.800,0.019,-69.005,-70.016,-68.003,-0.852,-0.400,-0.004,-0.178,0.019,-0.067,-0.001,-0.008,-19.072,-0.003,-19.190,-18.934,-19.401
-5.927,-4.556,-0.000,0.977,-0.002,-0.000,0.212,0.019,0.019,-70.991,0.019,-69.197,-70.205,-68.197,-0.852,-0.400,-0.004,-0.158,0.020,-0.067,-0.001,-0.007,-19.152,-0.003,-19.143,-19.005,-19.314
-5.936,-4.560,-0.000,0.977,-0.003,-0.000,0.212,0.019,0.019,-71.183,0.019,-69.388,-70.396,-68.390,-0.852,-0.399,-0.004,-0.127,0.021,-0.067,-0.001,-0.007,-19.221,-0.003,-19.107,-19.075,-19.223
-5.944,-4.564,-0.000,0.977,-0.003,-0.000,0.212,0.019,0.019,-71.375,0.019,-69.579,-70.587,-68.582,-0.852,-0.398,-0.005,-0.090,0.024,-0.066,-0.001,-0.006,-19.277,-0.004,-19.084,-19.138,-19.137
-5.953,-4.568,-0.000,0.977,-0.003,-0.000,0.211,0.019,0.019,-71.568,0.019,-69.770,-70.778,-68.773,-0.851,-0.397,-0.006,-0.050,0.026,-0.065,-0.001,-0.004,-19.318,-0.004,-19.076,-19.189,-19.060
-5.961,-4.572,-0.000,0.978,-0.004,-0.000,0.211,0.075,0.062,-71.760,0.060,-69.961,-70.970,-68.963,-0.847,-0.403,-0.006,-0.020,0.027,-0.111,8.908,7.312,-19.139,6.851,-19.252,-19.127,-19.074
-5.970,-4.576,-0.001,0.978,-0.004,-0.000,0.210,0.149,0.131,-71.951,0.123,-70.155,-71.160,-69.154,-0.837,-0.418,-0.007,-0.001,0.021,-0.221,4.622,5.028,-18.954,4.523,-19.445,-18.893,-19.215
-5.978,-4.580,-0.001,0.978,-0.004,-0.000,0.209,0.150,0.141,-72.140,0.134,-70.350,-71.348,-69.347,-0.827,-0.431,-0.008,0.040,0.022,-0.323,-3.932,-2.827,-18.860,-2.082,-19.626,-18.612,-19.354
-5.986,-4.584,-0.001,0.978,-0.003,0.000,0.207,0.092,0.091,-72.328,0.095,-70.547,-71.533,-69.541,-0.826,-0.427,-0.010,0.092,0.021,-0.330,-6.290,-5.833,-18.847,-4.725,-19.698,-18.521,-19.372
-5.995,-4.588,-0.001,0.979,-0.003,0.000,0.206,0.053,0.052,-72.517,0.063,-70.744,-71.719,-69.734,-0.831,-0.414,-0.011,0.126,0.014,-0.269,-0.841,-1.504,-18.836,-1.179,-19.653,-18.606,-19.299
-6.003,-4.592,-0.001,0.979,-0.002,0.001,0.204,0.076,0.066,-72.705,0.076,-70.940,-71.905,-69.927,-0.834,-0.406,-0.010,0.124,-0.001,-0.232,4.451,3.739,-18.780,3.286,-19.616,-18.665,-19.269
-6.011,-4.597,-0.001,0.979,-0.002,0.001,0.203,0.120,0.108,-72.892,0.111,-71.137,-72.091,-70.120,-0.830,-0.409,-0.009,0.103,-0.019,-0.263,3.506,3.718,-18.682,3.061,-19.697,-18.567,-19.346
-6.020,-4.601,-0.001,0.979,-0.001,0.001,0.202,0.132,0.125,-73.078,0.125,-71.334,-72.276,-70.314,-0.823,-0.414,-0.007,0.085,-0.035,-0.318,-1.185,-0.391,-18.580,-0.377,-19.850,-18.381,-19.465
-6.028,-4.605,-0.001,0.980,-0.001,0.000,0.200,0.104,0.105,-73.264,0.107,-71.533,-72.459,-70.509,-0.821,-0.413,-0.005,0.080,-0.045,-0.335,-3.539,-3.025,-18.510,-2.688,-19.934,-18.277,-19.544
-6.036,-4.609,-0.001,0.980,-0.000,0.000,0.199,0.078,0.080,-73.449,0.084,-71.732,-72.642,-70.705,-0.824,-0.405,-0.003,0.078,-0.050,-0.305,-1.384,-1.555,-18.485,-1.446,-19.878,-18.310,-19.565
-6.044,-4.613,-0.001,0.980,0.000,0.000,0.197,0.081,0.079,-73.634,0.083,-71.931,-72.826,-70.901,-0.828,-0.397,-0.001,0.071,-0.052,-0.272,1.799,1.243,-18.474,1.107,-19.772,-18.380,-19.577
-6.053,-4.617,-0.001,0.981,0.000,-0.000,0.196,0.104,0.098,-73.818,0.100,-72.128,-73.010,-71.097,-0.828,-0.395,0.002,0.059,-0.050,-0.274,2.172,2.095,-18.419,1.729,-19.748,-18.380,-19.630
-6.061,-4.621,-0.001,0.981,0.001,-0.000,0.194,0.116,0.112,-74.002,0.111,-72.326,-73.193,-71.293,-0.826,-0.397,0.004,0.053,-0.046,-0.302,0.161,0.537,-18.311,0.436,-19.817,-18.306,-19.717
-6.069,-4.625,-0.001,0.981,0.001,-0.000,0.193,0.108,0.108,-74.184,0.107,-72.525,-73.376,-71.491,-0.826,-0.398,0.007,0.056,-0.038,-0.323,-1.527,-1.145,-18.200,-1.052,-19.890,-18.238,-19.791
-6.077,-4.629,-0.001,0.982,0.001,-0.001,0.191,0.093,0.096,-74.366,0.096,-72.723,-73.558,-71.689,-0.828,-0.394,0.009,0.066,-0.028,-0.316,-1.132,-1.037,-18.140,-1.010,-19.889,-18.230,-19.824
-6.086,-4.633,-0.001,0.982,0.002,-0.001,0.190,0.089,0.091,-74.547,0.091,-72.922,-73.740,-71.887,-0.832,-0.389,0.010,0.073,-0.019,-0.298,0.295,0.089,-18.118,0.021,-19.844,-18.251,-19.831
-6.094,-4.637,-0.001,0.982,0.002,-0.001,0.188,0.097,0.097,-74.728,0.095,-73.120,-73.923,-72.086,-0.835,-0.385,0.011,0.074,-0.011,-0.291,1.040,0.927,-18.088,0.718,-19.821,-18.244,-19.846
-6.102,-4.640,-0.001,0.982,0.003,-0.001,0.187,0.105,0.105,-74.909,0.102,-73.319,-74.105,-72.284,-0.836,-0.385,0.012,0.068,-0.004,-0.300,0.490,0.578,-18.023,0.416,-19.848,-18.191,-19.885
-6.111,-4.644,-0.001,0.983,0.003,-0.000,0.185,0.106,0.107,-75.089,0.103,-73.517,-74.287,-72.483,-0.837,-0.385,0.012,0.057,0.001,-0.313,-0.307,-0.123,-17.951,-0.141,-19.886,-18.119,-19.930
-6.119,-4.648,-0.001,0.983,0.003,-0.000,0.184,0.101,0.104,-75.268,0.099,-73.716,-74.468,-72.683,-0.840,-0.384,0.012,0.043,0.004,-0.317,-0.568,-0.450,-17.904,-0.433,-19.899,-18.060,-19.961
-6.127,-4.652,-0.000,0.983,0.003,-0.000,0.182,0.097,0.100,-75.447,0.096,-73.915,-74.648,-72.883,-0.842,-0.381,0.011,0.021,0.007,-0.313,-0.195,-0.210,-17.894,-0.206,-19.880,-18.021,-19.973
-6.136,-4.656,-0.000,0.984,0.003,-0.000,0.181,0.097,0.100,-75.626,0.095,-74.114,-74.828,-73.082,-0.845,-0.378,0.010,-0.008,0.009,-0.308,0.152,0.048,-17.901,0.043,-19.847,-17.990,-19.975
-6.144,-4.659,-0.000,0.984,0.003,-0.000,0.179,0.099,0.101,-75.805,0.096,-74.312,-75.008,-73.282,-0.848,-0.375,0.009,-0.042,0.012,-0.307,0.205,0.159,-17.918,0.112,-19.810,-17.960,-19.971
-6.153,-4.663,-0.000,0.984,0.003,-0.000,0.178,0.100,0.102,-75.984,0.097,-74.510,-75.187,-73.482,-0.850,-0.374,0.007,-0.079,0.018,-0.310,0.074,0.078,-17.942,0.043,-19.773,-17.937,-19.962
-6.161,-4.667,-0.000,0.984,0.002,-0.000,0.176,0.100,0.103,-76.164,0.097,-74.708,-75.367,-73.681,-0.852,-0.372,0.005,-0.113,0.025,-0.313,-0.003,0.027,-17.981,0.008,-19.732,-17.927,-19.940
-6.170,-4.671,-0.000,0.985,0.002,-0.000,0.175,0.100,0.103,-76.344,0.097,-74.905,-75.546,-73.880,-0.854,-0.369,0.002,-0.141,0.033,-0.316,-0.030,0.006,-18.036,-0.011,-19.690,-17.935,-19.901
-6.178,-4.674,-0.000,0.985,0.001,-0.000,0.173,0.100,0.103,-76.525,0.097,-75.101,-75.725,-74.079,-0.856,-0.367,-0.000,-0.160,0.041,-0.318,-0.031,-0.002,-18.105,-0.019,-19.650,-17.958,-19.844
-6.187,-4.678,-0.000,0.985,0.000,-0.000,0.172,0.100,0.103,-76.706,0.097,-75.298,-75.905,-74.277,-0.857,-0.364,-0.003,-0.167,0.047,-0.319,-0.021,-0.003,-18.185,-0.017,-19.612,-17.995,-19.770
-6.196,-4.682,-0.000,0.985,-0.001,0.000,0.170,0.099,0.103,-76.888,0.097,-75.494,-76.085,-74.475,-0.858,-0.361,-0.005,-0.161,0.050,-0.319,-0.010,-0.003,-18.271,-0.014,-19.579,-18.040,-19.680
-6.204,-4.685,-0.000,0.986,-0.002,0.000,0.168,0.099,0.103,-77.072,0.097,-75.689,-76.266,-74.671,-0.859,-0.358,-0.007,-0.140,0.048,-0.318,-0.003,-0.003,-18.354,-0.012,-19.552,-18.088,-19.581
-6.213,-4.689,-0.000,0.986,-0.002,0.000,0.167,0.099,0.103,-77.256,0.097,-75.885,-76.447,-74.866,-0.860,-0.355,-0.008,-0.109,0.042,-0.317,-0.001,-0.003,-18.425,-0.011,-19.533,-18.134,-19.480
-6.221,-4.692,-0.000,0.986,-0.003,0.000,0.165,0.099,0.103,-77.440,0.096,-76.080,-76.629,-75.061,-0.859,-0.351,-0.009,-0.074,0.036,-0.316,-0.000,-0.002,-18.481,-0.010,-19.525,-18.175,-19.386
-6.230,-4.696,-0.000,0.987,-0.003,0.000,0.164,0.099,0.103,-77.625,0.096,-76.275,-76.810,-75.254,-0.859,-0.348,-0.010,-0.037,0.028,-0.315,-0.001,-0.002,-18.519,-0.010,-19.527,-18.210,-19.306
-6.239,-4.699,-0.000,0.987,-0.003,0.001,0.162,0.099,0.103,-77.810,0.096,-76.471,-76.993,-75.447,-0.858,-0.345,-0.011,-0.001,0.019,-0.313,-0.001,-0.001,-18.540,-0.009,-19.538,-18.235,-19.243
-6.247,-4.703,-0.001,0.987,-0.003,0.001,0.161,0.099,0.103,-77.996,0.096,-76.666,-77.175,-75.639,-0.858,-0.341,-0.012,0.032,0.009,-0.311,-0.001,-0.000,-18.544,-0.008,-19.558,-18.251,-19.202
-6.256,-4.706,-0.001,0.987,-0.003,0.001,0.159,0.099,0.103,-78.181,0.096,-76.862,-77.358,-75.831,-0.857,-0.338,-0.012,0.060,-0.001,-0.309,-0.001,0.000,-18.534,-0.007,-19.582,-18.256,-19.183
-6.264,-4.709,-0.001,0.988,-0.003,0.001,0.158,0.099,0.103,-78.366,0.096,-77.058,-77.540,-76.023,-0.856,-0.334,-0.011,0.079,-0.011,-0.307,-0.001,0.001,-18.513,-0.006,-19.609,-18.252,-19.186
-6.273,-4.713,-0.001,0.988,-0.002,0.001,0.156,0.099,0.103,-78.551,0.096,-77.254,-77.723,-76.215,-0.855,-0.331,-0.010,0.089,-0.021,-0.306,-0.000,0.002,-18.484,-0.005,-19.634,-18.240,-19.207
-6.281,-4.716,-0.001,0.988,-0.002,0.001,0.155,0.099,0.103,-78.736,0.096,-77.450,-77.905,-76.407,-0.854,-0.328,-0.009,0.089,-0.029,-0.304,0.000,0.003,-18.450,-0.005,-19.656,-18.223,-19.244
-6.290,-4.719,-0.001,0.988,-0.001,0.001,0.153,0.099,0.103,-78.920,0.096,-77.647,-78.087,-76.599,-0.854,-0.325,-0.007,0.083,-0.036,-0.303,0.001,0.003,-18.412,-0.004,-19.672,-18.204,-19.292
-6.298,-4.723,-0.001,0.988,-0.001,0.000,0.152,0.099,0.103,-79.104,0.096,-77.844,-78.269,-76.793,-0.853,-0.322,-0.006,0.073,-0.039,-0.303,0.001,0.004,-18.374,-0.003,-19.682,-18.186,-19.348
-6.307,-4.726,-0.001,0.989,-0.000,0.000,0.150,0.099,0.103,-79.288,0.096,-78.041,-78.451,-76.986,-0.853,-0.319,-0.004,0.060,-0.039,-0.302,0.001,0.004,-18.337,-0.002,-19.687,-18.171,-19.405
-6.315,-4.729,-0.001,0.989,-0.000,0.000,0.149,0.099,0.103,-79.471,0.096,-78.238,-78.633,-77.181,-0.853,-0.316,-0.002,0.048,-0.038,-0.302,0.001,0.005,-18.302,-0.001,-19.688,-18.161,-19.460
-6.324,-4.732,-0.001,0.989,0.000,0.000,0.147,0.099,0.103,-79.654,0.096,-78.434,-78.814,-77.376,-0.854,-0.313,-0.001,0.039,-0.035,-0.302,0.001,0.005,-18.266,-0.001,-19.687,-18.155,-19.510
-6.333,-4.735,-0.001,0.989,0.000,-0.000,0.146,0.099,0.103,-79.836,0.096,-78.631,-78.996,-77.571,-0.854,-0.310,0.001,0.033,-0.032,-0.302,0.001,0.005,-18.231,0.000,-19.687,-18.152,-19.553
-6.341,-4.738,-0.001,0.990,0.001,-0.000,0.144,0.099,0.103,-80.019,0.096,-78.828,-79.177,-77.767,-0.855,-0.308,0.003,0.032,-0.029,-0.302,0.001,0.005,-18.193,0.001,-19.686,-18.151,-19.589
-6.350,-4.741,-0.001,0.990,0.001,-0.000,0.143,0.099,0.103,-80.200,0.096,-79.025,-79.359,-77.963,-0.856,-0.305,0.005,0.035,-0.027,-0.303,0.001,0.006,-18.151,0.002,-19.688,-18.150,-19.619
-6.358,-4.744,-0.001,0.990,0.001,-0.000,0.141,0.099,0.103,-80.382,0.096,-79.222,-79.540,-78.159,-0.858,-0.303,0.007,0.041,-0.026,-0.303,0.001,0.006,-18.106,0.003,-19.690,-18.147,-19.645
-6.367,-4.747,-0.001,0.990,0.001,-0.001,0.140,0.099,0.103,-80.562,0.096,-79.419,-79.722,-78.356,-0.859,-0.301,0.009,0.048,-0.027,-0.303,0.001,0.006,-18.057,0.004,-19.693,-18.140,-19.669
-6.375,-4.750,-0.001,0.990,0.001,-0.001,0.138,0.099,0.103,-80.743,0.096,-79.616,-79.903,-78.552,-0.861,-0.298,0.011,0.054,-0.027,-0.304,0.001,0.005,-18.006,0.005,-19.695,-18.128,-19.695
-6.384,-4.753,-0.001,0.991,0.002,-0.001,0.137,0.099,0.103,-80.923,0.096,-79.813,-80.084,-78.750,-0.863,-0.296,0.012,0.056,-0.027,-0.305,0.001,0.005,-17.956,0.005,-19.694,-18.111,-19.724
-6.393,-4.756,-0.001,0.991,0.002,-0.001,0.135,0.099,0.103,-81.102,0.096,-80.010,-80.265,-78.947,-0.866,-0.294,0.013,0.053,-0.026,-0.305,0.001,0.004,-17.910,0.005,-19.689,-18.088,-19.755
-6.401,-4.759,-0.001,0.991,0.002,-0.001,0.134,0.099,0.103,-81.281,0.096,-80.207,-80.446,-79.145,-0.868,-0.292,0.014,0.044,-0.022,-0.306,0.001,0.003,-17.870,0.005,-19.678,-18.061,-19.788
-6.410,-4.762,-0.000,0.991,0.002,-0.001,0.132,0.099,0.103,-81.459,0.096,-80.403,-80.626,-79.343,-0.871,-0.290,0.015,0.028,-0.016,-0.307,0.001,0.002,-17.839,0.005,-19.660,-18.031,-19.818
-6.419,-4.765,-0.000,0.991,0.003,-0.001,0.130,0.099,0.103,-81.638,0.096,-80.600,-80.806,-79.541,-0.874,-0.288,0.015,0.007,-0.006,-0.308,0.000,0.001,-17.822,0.004,-19.636,-18.001,-19.843
-6.428,-4.768,-0.000,0.992,0.003,-0.001,0.129,0.099,0.103,-81.816,0.096,-80.796,-80.986,-79.739,-0.876,-0.286,0.014,-0.019,0.007,-0.309,-0.000,-0.000,-17.820,0.002,-19.609,-17.973,-19.857
-6.436,-4.771,-0.000,0.992,0.002,-0.001,0.127,0.099,0.103,-81.994,0.096,-80.992,-81.166,-79.938,-0.879,-0.284,0.012,-0.047,0.022,-0.310,-0.001,-0.001,-17.836,0.001,-19.581,-17.951,-19.858
-6.445,-4.774,0.000,0.992,0.002,-0.001,0.126,0.099,0.103,-82.173,0.096,-81.188,-81.345,-80.137,-0.882,-0.282,0.009,-0.075,0.040,-0.312,-0.001,-0.002,-17.870,-0.001,-19.555,-17.937,-19.842
-6.454,-4.776,0.000,0.992,0.002,-0.001,0.124,0.099,0.103,-82.351,0.096,-81.383,-81.525,-80.335,-0.885,-0.280,0.006,-0.101,0.058,-0.313,-0.001,-0.003,-17.921,-0.002,-19.535,-17.931,-19.807
-6.463,-4.779,0.000,0.992,0.001,-0.000,0.123,0.099,0.103,-82.531,0.096,-81.578,-81.704,-80.533,-0.887,-0.277,0.002,-0.120,0.073,-0.314,-0.002,-0.004,-17.988,-0.003,-19.522,-17.934,-19.752
-6.472,-4.782,0.000,0.993,0.000,-0.000,0.121,0.099,0.103,-82.711,0.096,-81.773,-81.883,-80.730,-0.889,-0.275,-0.002,-0.129,0.082,-0.315,-0.002,-0.005,-18.067,-0.004,-19.516,-17.944,-19.679
-6.481,-4.785,0.000,0.993,-0.000,0.000,0.120,0.099,0.103,-82.892,0.096,-81.969,-82.063,-80.926,-0.890,-0.272,-0.005,-0.127,0.084,-0.316,-0.002,-0.005,-18.152,-0.005,-19.516,-17.959,-19.591
-6.489,-4.787,0.000,0.993,-0.001,0.001,0.118,0.099,0.103,-83.074,0.096,-82.164,-82.243,-81.122,-0.890,-0.269,-0.009,-0.113,0.078,-0.316,-0.002,-0.005,-18.238,-0.005,-19.520,-17.976,-19.494
-6.498,-4.790,-0.000,0.993,-0.002,0.001,0.117,0.099,0.103,-83.257,0.096,-82.359,-82.422,-81.316,-0.890,-0.265,-0.011,-0.089,0.065,-0.315,-0.001,-0.005,-18.314,-0.006,-19.528,-17.994,-19.396
-6.507,-4.793,-0.000,0.993,-0.002,0.001,0.115,0.099,0.103,-83.441,0.096,-82.554,-82.603,-81.510,-0.889,-0.262,-0.013,-0.062,0.049,-0.314,-0.001,-0.005,-18.377,-0.006,-19.541,-18.014,-19.307
-6.516,-4.795,-0.000,0.994,-0.002,0.001,0.113,0.099,0.103,-83.625,0.096,-82.750,-82.783,-81.702,-0.888,-0.259,-0.015,-0.034,0.030,-0.313,-0.001,-0.004,-18.422,-0.006,-19.558,-18.033,-19.233
-6.525,-4.798,-0.000,0.994,-0.002,0.001,0.112,0.099,0.103,-83.809,0.096,-82.946,-82.963,-81.894,-0.887,-0.255,-0.015,-0.006,0.011,-0.311,-0.001,-0.004,-18.448,-0.006,-19.576,-18.051,-19.179
-6.534,-4.800,-0.001,0.994,-0.002,0.001,0.110,0.099,0.103,-83.993,0.096,-83.141,-83.144,-82.086,-0.885,-0.252,-0.015,0.020,-0.008,-0.310,-0.001,-0.003,-18.456,-0.005,-19.595,-18.067,-19.147
-6.543,-4.803,-0.001,0.994,-0.002,0.001,0.109,0.099,0.103,-84.178,0.096,-83.337,-83.325,-82.277,-0.883,-0.248,-0.015,0.041,-0.025,-0.308,-0.000,-0.002,-18.448,-0.005,-19.612,-18.081,-19.138
-6.552,-4.805,-0.001,0.994,-0.002,0.001,0.107,0.099,0.103,-84.362,0.096,-83.534,-83.505,-82.469,-0.882,-0.245,-0.013,0.057,-0.039,-0.307,-0.000,-0.002,-18.428,-0.004,-19.626,-18.093,-19.151
-6.560,-4.808,-0.001,0.994,-0.002,0.001,0.106,0.099,0.103,-84.547,0.096,-83.730,-83.686,-82.660,-0.880,-0.242,-0.011,0.065,-0.048,-0.305,-0.000,-0.001,-18.398,-0.004,-19.635,-18.101,-19.182
-6.569,-4.810,-0.001,0.995,-0.001,0.001,0.104,0.099,0.103,-84.730,0.096,-83.926,-83.867,-82.852,-0.879,-0.238,-0.009,0.067,-0.051,-0.304,0.000,-0.000,-18.364,-0.003,-19.640,-18.107,-19.229
-6.578,-4.813,-0.001,0.995,-0.001,0.001,0.103,0.099,0.103,-84.914,0.096,-84.123,-84.048,-83.045,-0.879,-0.235,-0.007,0.064,-0.050,-0.303,0.000,0.001,-18.329,-0.002,-19.642,-18.110,-19.284
-6.587,-4.815,-0.001,0.995,-0.001,0.000,0.101,0.099,0.103,-85.097,0.096,-84.319,-84.230,-83.238,-0.878,-0.233,-0.005,0.056,-0.044,-0.302,0.000,0.001,-18.295,-0.002,-19.640,-18.112,-19.343
-6.596,-4.817,-0.001,0.995,-0.000,0.000,0.100,0.099,0.103,-85.280,0.096,-84.515,-84.411,-83.432,-0.878,-0.230,-0.003,0.045,-0.036,-0.302,0.001,0.002,-18.265,-0.001,-19.637,-18.112,-19.400
-6.604,-4.820,-0.001,0.995,-0.000,-0.000,0.098,0.099,0.103,-85.462,0.096,-84.712,-84.592,-83.626,-0.878,-0.227,-0.002,0.035,-0.027,-0.301,0.001,0.003,-18.239,0.000,-19.635,-18.112,-19.451
-6.613,-4.822,-0.001,0.995,0.000,-0.000,0.097,0.099,0.103,-85.645,0.096,-84.908,-84.773,-83.821,-0.878,-0.224,-0.000,0.025,-0.019,-0.301,0.001,0.003,-18.217,0.001,-19.634,-18.111,-19.494
-6.622,-4.824,-0.001,0.995,0.000,-0.000,0.095,0.099,0.103,-85.827,0.096,-85.105,-84.954,-84.016,-0.879,-0.222,0.001,0.019,-0.014,-0.301,0.001,0.004,-18.197,0.002,-19.634,-18.111,-19.526
-6.631,-4.826,-0.001,0.996,0.000,-0.000,0.094,0.099,0.103,-86.008,0.096,-85.301,-85.135,-84.211,-0.880,-0.219,0.002,0.016,-0.012,-0.302,0.001,0.004,-18.177,0.003,-19.636,-18.111,-19.550
-6.639,-4.828,-0.001,0.996,0.000,-0.000,0.092,0.099,0.103,-86.190,0.096,-85.497,-85.316,-84.407,-0.880,-0.216,0.004,0.016,-0.015,-0.302,0.001,0.005,-18.153,0.003,-19.637,-18.111,-19.567
-6.648,-4.831,-0.001,0.996,0.001,-0.000,0.091,0.099,0.103,-86.372,0.096,-85.694,-85.497,-84.603,-0.881,-0.214,0.005,0.019,-0.021,-0.302,0.001,0.005,-18.124,0.004,-19.636,-18.112,-19.582
-6.657,-4.833,-0.001,0.996,0.001,-0.000,0.089,0.099,0.103,-86.553,0.096,-85.890,-85.679,-84.799,-0.883,-0.211,0.007,0.025,-0.029,-0.303,0.001,0.005,-18.090,0.005,-19.632,-18.112,-19.596
-6.666,-4.835,-0.001,0.996,0.001,-0.001,0.088,0.099,0.103,-86.733,0.096,-86.086,-85.860,-84.995,-0.884,-0.209,0.009,0.030,-0.037,-0.304,0.001,0.005,-18.049,0.005,-19.623,-18.111,-19.615
-6.675,-4.837,-0.001,0.996,0.001,-0.001,0.086,0.099,0.103,-86.914,0.096,-86.282,-86.041,-85.191,-0.886,-0.206,0.011,0.034,-0.045,-0.304,0.001,0.005,-18.004,0.005,-19.608,-18.110,-19.639
-6.684,-4.839,-0.001,0.996,0.001,-0.001,0.085,0.099,0.103,-87.093,0.096,-86.478,-86.222,-85.387,-0.888,-0.204,0.013,0.034,-0.048,-0.305,0.001,0.004,-17.957,0.005,-19.587,-18.107,-19.668
-6.693,-4.841,-0.001,0.997,0.001,-0.001,0.083,0.099,0.103,-87.273,0.096,-86.674,-86.403,-85.584,-0.890,-0.202,0.015,0.032,-0.046,-0.306,0.001,0.004,-17.913,0.005,-19.561,-18.102,-19.702
-6.701,-4.843,-0.001,0.997,0.002,-0.001,0.082,0.099,0.103,-87.452,0.096,-86.870,-86.584,-85.781,-0.893,-0.200,0.017,0.024,-0.038,-0.306,0.001,0.003,-17.874,0.005,-19.532,-18.095,-19.736
-6.710,-4.845,-0.000,0.997,0.002,-0.002,0.080,0.099,0.103,-87.630,0.096,-87.065,-86.765,-85.979,-0.896,-0.198,0.017,0.013,-0.024,-0.307,0.000,0.002,-17.846,0.004,-19.501,-18.084,-19.766
-6.719,-4.847,-0.000,0.997,0.002,-0.002,0.079,0.099,0.103,-87.809,0.096,-87.260,-86.946,-86.177,-0.899,-0.196,0.017,-0.001,-0.004,-0.308,-0.000,0.001,-17.831,0.003,-19.474,-18.071,-19.787
-6.728,-4.849,-0.000,0.997,0.002,-0.002,0.077,0.099,0.103,-87.987,0.096,-87.454,-87.126,-86.375,-0.902,-0.193,0.016,-0.018,0.020,-0.309,-0.000,-0.000,-17.833,0.002,-19.453,-18.055,-19.794
-6.737,-4.851,0.000,0.997,0.001,-0.001,0.075,0.099,0.103,-88.165,0.096,-87.649,-87.307,-86.573,-0.905,-0.191,0.013,-0.035,0.046,-0.310,-0.001,-0.001,-17.853,0.000,-19.442,-18.038,-19.785
-6.746,-4.853,0.000,0.997,0.001,-0.001,0.074,0.099,0.103,-88.344,0.096,-87.843,-87.487,-86.770,-0.908,-0.189,0.010,-0.052,0.071,-0.311,-0.001,-0.002,-17.890,-0.001,-19.442,-18.020,-19.756
-6.756,-4.855,0.000,0.997,0.001,-0.001,0.072,0.099,0.103,-88.523,0.096,-88.038,-87.667,-86.968,-0.911,-0.186,0.006,-0.066,0.092,-0.312,-0.001,-0.003,-17.943,-0.002,-19.454,-18.002,-19.708
-6.765,-4.856,0.000,0.997,0.001,-0.000,0.071,0.099,0.103,-88.703,0.096,-88.232,-87.847,-87.164,-0.913,-0.184,0.001,-0.075,0.105,-0.313,-0.001,-0.004,-18.009,-0.003,-19.475,-17.984,-19.642
-6.774,-4.858,0.000,0.998,0.000,0.000,0.069,0.099,0.103,-88.883,0.096,-88.427,-88.027,-87.360,-0.914,-0.181,-0.004,-0.076,0.110,-0.313,-0.002,-0.004,-18.083,-0.004,-19.504,-17.966,-19.562
-6.783,-4.860,0.000,0.998,-0.000,0.001,0.068,0.099,0.103,-89.065,0.096,-88.622,-88.206,-87.556,-0.914,-0.178,-0.008,-0.070,0.103,-0.313,-0.001,-0.005,-18.159,-0.005,-19.537,-17.949,-19.475
-6.792,-4.862,0.000,0.998,-0.001,0.001,0.066,0.099,0.103,-89.247,0.096,-88.818,-88.386,-87.750,-0.914,-0.174,-0.012,-0.057,0.088,-0.313,-0.001,-0.005,-18.231,-0.005,-19.572,-17.935,-19.387
-6.801,-4.863,0.000,0.998,-0.001,0.002,0.065,0.099,0.103,-89.429,0.096,-89.014,-88.565,-87.943,-0.913,-0.171,-0.015,-0.042,0.066,-0.312,-0.001,-0.005,-18.294,-0.005,-19.607,-17.924,-19.307
-6.810,-4.865,-0.000,0.998,-0.001,0.002,0.063,0.099,0.103,-89.612,0.096,-89.210,-88.744,-88.136,-0.911,-0.168,-0.017,-0.025,0.040,-0.311,-0.001,-0.004,-18.342,-0.006,-19.639,-17.919,-19.242
-6.819,-4.867,-0.000,0.998,-0.001,0.002,0.061,0.099,0.103,-89.796,0.096,-89.407,-88.923,-88.328,-0.909,-0.164,-0.018,-0.009,0.012,-0.310,-0.001,-0.004,-18.374,-0.005,-19.665,-17.920,-19.196
