5.000,5.000,0.001,1.000,0.000,0.000,0.000,-0.000,-0.000,0.000,-0.000,0.000,0.000,0.000,-0.000,-0.000,0.000,-0.000,-0.000,-0.000,0.000,0.000,-0.000,0.000,-0.000,-0.000,-0.000
5.000,5.000,0.000,1.000,0.000,0.000,-0.000,0.178,0.141,-0.005,0.131,-0.005,-0.002,-0.003,-0.022,-0.001,-0.000,0.000,0.011,-0.018,28.458,23.855,-0.882,21.702,-0.915,-0.475,-0.546
5.000,5.000,0.000,1.000,-0.000,0.000,-0.000,0.416,0.372,-0.016,0.327,-0.017,-0.010,-0.011,-0.051,-0.007,-0.000,-0.004,0.019,-0.039,14.950,17.379,-1.394,13.970,-1.482,-1.022,-1.178
4.999,5.000,0.000,1.000,-0.000,0.000,-0.000,0.434,0.413,-0.031,0.375,-0.034,-0.023,-0.026,-0.082,-0.016,-0.000,-0.008,0.021,-0.078,-10.383,-9.394,-1.551,-3.953,-1.926,-1.560,-1.876
4.998,5.000,0.000,1.000,-0.000,0.000,-0.001,0.258,0.229,-0.048,0.272,-0.056,-0.041,-0.049,-0.112,-0.019,-0.000,-0.002,0.018,-0.102,-21.084,-22.939,-1.834,-14.210,-2.391,-2.101,-2.530
4.997,4.999,0.000,1.000,-0.000,0.000,-0.001,0.106,0.056,-0.069,0.157,-0.082,-0.064,-0.076,-0.137,-0.015,-0.000,0.007,0.011,-0.098,-6.528,-8.862,-2.490,-6.398,-2.976,-2.603,-3.037
4.995,4.999,0.000,1.000,-0.000,0.000,-0.002,0.152,0.080,-0.098,0.177,-0.115,-0.093,-0.109,-0.157,-0.013,-0.000,0.007,0.004,-0.097,13.405,11.856,-3.243,9.041,-3.651,-3.026,-3.465
4.993,4.999,0.000,1.000,-0.000,0.000,-0.002,0.305,0.237,-0.133,0.288,-0.155,-0.125,-0.146,-0.180,-0.019,-0.001,-0.001,0.002,-0.125,13.821,16.090,-3.778,10.597,-4.231,-3.418,-3.966
4.992,4.999,0.000,1.000,-0.000,0.000,-0.003,0.373,0.336,-0.172,0.348,-0.200,-0.161,-0.189,-0.204,-0.029,-0.001,-0.007,0.001,-0.174,-0.677,2.451,-4.030,0.743,-4.707,-3.796,-4.540
4.989,4.999,0.000,1.000,-0.000,0.000,-0.004,0.302,0.285,-0.214,0.305,-0.249,-0.201,-0.237,-0.229,-0.034,-0.002,-0.002,0.001,-0.205,-11.709,-10.778,-4.255,-8.035,-5.143,-4.210,-5.103
4.987,4.998,0.000,1.000,-0.000,0.000,-0.005,0.191,0.176,-0.258,0.221,-0.303,-0.245,-0.290,-0.253,-0.032,-0.002,0.008,0.001,-0.204,-8.168,-8.607,-4.694,-7.138,-5.603,-4.663,-5.579
4.984,4.998,0.000,1.000,0.000,0.000,-0.006,0.172,0.150,-0.308,0.193,-0.361,-0.294,-0.348,-0.273,-0.029,-0.003,0.012,-0.002,-0.200,4.095,3.430,-5.263,1.597,-6.131,-5.075,-5.987
4.982,4.998,0.000,1.000,0.000,0.000,-0.007,0.249,0.228,-0.363,0.240,-0.425,-0.347,-0.410,-0.292,-0.032,-0.004,0.007,-0.003,-0.222,9.319,10.144,-5.749,6.375,-6.669,-5.421,-6.422
4.979,4.997,0.000,1.000,0.000,0.000,-0.008,0.317,0.310,-0.422,0.289,-0.494,-0.402,-0.477,-0.312,-0.039,-0.005,0.002,-0.002,-0.265,3.107,5.074,-6.060,2.661,-7.155,-5.731,-6.908
4.975,4.997,0.000,1.000,0.000,0.000,-0.010,0.303,0.313,-0.484,0.284,-0.568,-0.461,-0.548,-0.333,-0.044,-0.006,0.004,-0.001,-0.297,-5.121,-4.011,-6.302,-3.296,-7.587,-6.065,-7.394
4.972,4.996,0.000,1.000,0.000,0.000,-0.011,0.239,0.254,-0.549,0.238,-0.646,-0.524,-0.624,-0.353,-0.042,-0.007,0.012,-0.001,-0.304,-6.312,-6.397,-6.634,-4.963,-7.994,-6.448,-7.831
4.968,4.996,0.000,1.000,0.000,0.000,-0.013,0.203,0.214,-0.617,0.205,-0.728,-0.590,-0.705,-0.372,-0.039,-0.008,0.017,-0.001,-0.301,-0.351,-0.908,-7.063,-1.114,-8.415,-6.828,-8.218
4.964,4.996,0.000,1.000,0.000,0.000,-0.014,0.231,0.238,-0.690,0.218,-0.814,-0.660,-0.789,-0.389,-0.039,-0.009,0.015,-0.002,-0.313,4.902,4.868,-7.475,3.099,-8.862,-7.156,-8.604
4.960,4.995,-0.000,1.000,0.000,0.000,-0.016,0.278,0.289,-0.766,0.251,-0.905,-0.733,-0.877,-0.406,-0.043,-0.010,0.010,-0.002,-0.343,3.574,4.398,-7.796,2.785,-9.304,-7.436,-9.014
4.956,4.995,-0.000,1.000,0.000,0.000,-0.018,0.289,0.309,-0.846,0.263,-1.000,-0.809,-0.969,-0.422,-0.047,-0.011,0.009,-0.002,-0.373,-1.279,-0.493,-8.057,-0.430,-9.718,-7.709,-9.427
4.952,4.994,-0.000,1.000,0.000,0.000,-0.020,0.260,0.285,-0.928,0.246,-1.100,-0.887,-1.065,-0.439,-0.046,-0.011,0.012,-0.001,-0.386,-3.736,-3.619,-8.338,-2.637,-10.095,-8.013,-9.812
4.948,4.994,-0.000,1.000,0.001,0.000,-0.022,0.231,0.254,-1.013,0.223,-1.202,-0.969,-1.165,-0.455,-0.044,-0.012,0.014,-0.001,-0.387,-1.622,-2.013,-8.666,-1.545,-10.451,-8.337,-10.165
4.943,4.993,-0.000,1.000,0.001,0.000,-0.024,0.233,0.252,-1.101,0.220,-1.309,-1.054,-1.269,-0.470,-0.041,-0.012,0.012,-0.002,-0.392,1.679,1.413,-8.996,0.842,-10.803,-8.644,-10.506
4.938,4.993,-0.001,1.000,0.001,0.000,-0.026,0.256,0.275,-1.192,0.234,-1.418,-1.142,-1.375,-0.484,-0.042,-0.012,0.007,-0.002,-0.408,2.460,2.661,-9.289,1.705,-11.164,-8.910,-10.851
4.933,4.993,-0.001,1.000,0.001,0.000,-0.028,0.272,0.294,-1.287,0.247,-1.532,-1.232,-1.486,-0.497,-0.043,-0.012,0.001,-0.003,-0.431,0.493,0.922,-9.547,0.562,-11.529,-9.146,-11.194
4.928,4.992,-0.001,1.000,0.001,0.000,-0.030,0.265,0.291,-1.383,0.244,-1.649,-1.325,-1.599,-0.510,-0.043,-0.011,-0.002,-0.004,-0.449,-1.554,-1.335,-9.798,-0.898,-11.876,-9.382,-11.521
4.923,4.992,-0.001,0.999,0.001,0.000,-0.032,0.248,0.275,-1.483,0.233,-1.769,-1.420,-1.716,-0.523,-0.041,-0.010,-0.003,-0.003,-0.455,-1.471,-1.536,-10.059,-1.133,-12.187,-9.638,-11.826
4.918,4.991,-0.001,0.999,0.001,0.000,-0.034,0.241,0.266,-1.585,0.226,-1.893,-1.518,-1.836,-0.536,-0.038,-0.009,-0.005,-0.004,-0.457,0.034,-0.159,-10.322,-0.197,-12.470,-9.905,-12.115
4.912,4.991,-0.001,0.999,0.001,0.000,-0.037,0.248,0.271,-1.689,0.229,-2.019,-1.618,-1.958,-0.548,-0.036,-0.008,-0.010,-0.004,-0.464,1.195,1.081,-10.570,0.721,-12.746,-10.153,-12.398
4.907,4.991,-0.001,0.999,0.001,0.000,-0.039,0.259,0.282,-1.796,0.236,-2.148,-1.721,-2.084,-0.559,-0.035,-0.006,-0.015,-0.005,-0.478,0.741,0.852,-10.800,0.551,-13.034,-10.370,-12.674
4.901,4.990,-0.001,0.999,0.000,0.000,-0.042,0.261,0.286,-1.905,0.239,-2.279,-1.825,-2.212,-0.570,-0.034,-0.005,-0.018,-0.005,-0.494,-0.252,-0.099,-11.021,-0.047,-13.320,-10.567,-12.941
4.895,4.990,-0.001,0.999,0.000,0.000,-0.044,0.255,0.281,-2.016,0.236,-2.414,-1.932,-2.342,-0.580,-0.032,-0.004,-0.018,-0.005,-0.505,-0.716,-0.674,-11.238,-0.478,-13.588,-10.767,-13.193
4.890,4.990,-0.001,0.999,0.000,0.000,-0.047,0.250,0.276,-2.130,0.231,-2.551,-2.041,-2.476,-0.591,-0.029,-0.002,-0.017,-0.004,-0.511,-0.318,-0.397,-11.451,-0.288,-13.827,-10.979,-13.433
4.884,4.989,-0.001,0.999,0.000,0.000,-0.049,0.249,0.274,-2.245,0.230,-2.690,-2.152,-2.611,-0.601,-0.026,-0.001,-0.015,-0.003,-0.515,0.151,0.022,-11.656,0.013,-14.051,-11.190,-13.662
4.877,4.989,-0.001,0.999,0.000,0.000,-0.052,0.252,0.276,-2.363,0.231,-2.832,-2.264,-2.749,-0.611,-0.023,-0.000,-0.013,-0.003,-0.522,0.304,0.273,-11.853,0.153,-14.273,-11.388,-13.885
4.871,4.989,-0.001,0.999,0.000,0.000,-0.054,0.254,0.278,-2.482,0.232,-2.976,-2.379,-2.889,-0.621,-0.020,0.000,-0.010,-0.003,-0.531,0.131,0.159,-12.043,0.070,-14.496,-11.570,-14.102
4.865,4.989,-0.001,0.998,-0.000,0.000,-0.057,0.255,0.279,-2.604,0.233,-3.122,-2.496,-3.031,-0.630,-0.018,0.001,-0.006,-0.002,-0.541,0.001,0.054,-12.226,0.020,-14.717,-11.743,-14.315
4.859,4.989,-0.001,0.998,-0.000,0.000,-0.060,0.254,0.279,-2.727,0.233,-3.270,-2.614,-3.175,-0.640,-0.015,0.001,-0.002,-0.002,-0.550,-0.045,0.011,-12.403,0.001,-14.931,-11.911,-14.522
4.852,4.988,-0.001,0.998,-0.000,0.000,-0.063,0.254,0.279,-2.852,0.233,-3.420,-2.734,-3.321,-0.649,-0.012,0.001,0.002,-0.001,-0.559,-0.042,-0.001,-12.574,-0.004,-15.139,-12.075,-14.725
4.846,4.988,-0.001,0.998,-0.000,0.000,-0.065,0.254,0.279,-2.978,0.233,-3.573,-2.856,-3.469,-0.657,-0.008,0.001,0.004,-0.001,-0.567,-0.025,-0.002,-12.741,-0.006,-15.342,-12.235,-14.922
4.839,4.988,-0.001,0.998,0.000,0.000,-0.068,0.253,0.279,-3.107,0.233,-3.727,-2.979,-3.620,-0.666,-0.005,0.001,0.004,-0.001,-0.574,-0.009,-0.001,-12.904,-0.005,-15.540,-12.392,-15.115
4.832,4.988,-0.001,0.997,0.000,0.000,-0.071,0.253,0.279,-3.236,0.233,-3.884,-3.103,-3.772,-0.674,-0.001,0.001,0.002,-0.002,-0.581,0.000,0.000,-13.063,-0.004,-15.731,-12.545,-15.303
4.826,4.988,-0.001,0.997,0.000,0.000,-0.074,0.253,0.279,-3.368,0.233,-4.042,-3.230,-3.926,-0.683,0.003,0.001,-0.004,-0.002,-0.589,0.004,0.001,-13.219,-0.002,-15.917,-12.695,-15.485
4.819,4.988,-0.001,0.997,-0.000,0.000,-0.077,0.253,0.279,-3.501,0.233,-4.202,-3.357,-4.081,-0.691,0.007,0.002,-0.011,-0.003,-0.596,0.003,0.001,-13.372,-0.002,-16.095,-12.842,-15.661
4.812,4.988,-0.001,0.997,-0.000,0.000,-0.080,0.253,0.279,-3.635,0.233,-4.364,-3.486,-4.239,-0.699,0.011,0.003,-0.021,-0.004,-0.603,0.002,0.002,-13.522,-0.001,-16.265,-12.987,-15.830
4.805,4.989,-0.001,0.997,-0.000,0.000,-0.083,0.253,0.279,-3.771,0.233,-4.527,-3.617,-4.398,-0.706,0.015,0.004,-0.033,-0.005,-0.609,0.001,0.002,-13.669,-0.000,-16.424,-13.130,-15.989
4.798,4.989,-0.001,0.996,-0.000,0.000,-0.086,0.254,0.279,-3.909,0.233,-4.692,-3.749,-4.559,-0.714,0.020,0.006,-0.045,-0.006,-0.616,0.000,0.002,-13.814,-0.000,-16.572,-13.271,-16.140
4.791,4.989,-0.001,0.996,-0.001,0.000,-0.089,0.254,0.279,-4.047,0.233,-4.859,-3.882,-4.721,-0.722,0.024,0.008,-0.056,-0.007,-0.623,0.000,0.002,-13.955,0.000,-16.709,-13.410,-16.279
4.783,4.989,-0.001,0.996,-0.001,0.000,-0.092,0.254,0.279,-4.188,0.233,-5.026,-4.017,-4.884,-0.729,0.029,0.010,-0.064,-0.007,-0.630,0.000,0.002,-14.093,0.000,-16.834,-13.548,-16.408
4.776,4.990,-0.001,0.995,-0.001,0.000,-0.095,0.254,0.279,-4.329,0.233,-5.195,-4.153,-5.049,-0.737,0.034,0.012,-0.068,-0.006,-0.637,0.000,0.002,-14.227,0.000,-16.949,-13.681,-16.527
4.769,4.990,-0.001,0.995,-0.002,0.000,-0.099,0.254,0.279,-4.472,0.233,-5.365,-4.291,-5.215,-0.744,0.039,0.014,-0.066,-0.005,-0.644,0.000,0.002,-14.355,0.000,-17.055,-13.811,-16.637
4.761,4.990,-0.001,0.995,-0.002,0.000,-0.102,0.254,0.279,-4.616,0.233,-5.536,-4.430,-5.382,-0.751,0.044,0.015,-0.058,-0.003,-0.651,0.000,0.002,-14.476,0.000,-17.156,-13.935,-16.739
4.754,4.991,-0.000,0.994,-0.002,0.000,-0.105,0.254,0.279,-4.762,0.233,-5.708,-4.570,-5.549,-0.759,0.050,0.016,-0.042,-0.001,-0.657,0.000,0.003,-14.590,0.000,-17.253,-14.052,-16.836
4.746,4.991,-0.000,0.994,-0.002,0.000,-0.108,0.254,0.279,-4.908,0.233,-5.881,-4.711,-5.718,-0.766,0.055,0.016,-0.021,0.002,-0.663,0.000,0.003,-14.694,-0.000,-17.351,-14.159,-16.931
4.738,4.992,-0.000,0.994,-0.002,0.000,-0.112,0.254,0.279,-5.056,0.233,-6.055,-4.853,-5.888,-0.772,0.061,0.015,0.006,0.005,-0.669,0.000,0.003,-14.788,-0.000,-17.452,-14.257,-17.027
4.730,4.993,0.000,0.993,-0.002,0.000,-0.115,0.254,0.279,-5.204,0.233,-6.231,-4.996,-6.059,-0.779,0.067,0.013,0.036,0.008,-0.675,0.001,0.004,-14.872,-0.001,-17.560,-14.342,-17.126
4.723,4.993,0.000,0.993,-0.002,0.000,-0.118,0.254,0.279,-5.353,0.233,-6.407,-5.139,-6.231,-0.785,0.073,0.011,0.068,0.010,-0.680,0.001,0.005,-14.946,-0.001,-17.676,-14.416,-17.231
4.715,4.994,0.000,0.993,-0.002,0.000,-0.122,0.254,0.279,-5.503,0.233,-6.584,-5.284,-6.403,-0.790,0.079,0.008,0.098,0.012,-0.685,0.001,0.005,-15.009,-0.002,-17.803,-14.477,-17.343
4.707,4.995,0.000,0.992,-0.001,0.000,-0.125,0.254,0.280,-5.653,0.233,-6.763,-5.429,-6.577,-0.795,0.085,0.004,0.123,0.014,-0.689,0.000,0.006,-15.064,-0.002,-17.940,-14.527,-17.464
4.699,4.996,0.000,0.992,-0.000,0.000,-0.129,0.254,0.280,-5.804,0.233,-6.943,-5.574,-6.753,-0.800,0.091,0.000,0.143,0.014,-0.692,0.000,0.006,-15.112,-0.002,-18.087,-14.567,-17.593
4.691,4.997,0.000,0.991,0.000,0.000,-0.132,0.254,0.280,-5.955,0.233,-7.125,-5.720,-6.929,-0.804,0.097,-0.003,0.153,0.014,-0.696,0.000,0.006,-15.154,-0.003,-18.242,-14.598,-17.729
4.683,4.998,0.000,0.991,0.001,0.000,-0.135,0.254,0.280,-6.107,0.233,-7.308,-5.866,-7.107,-0.807,0.103,-0.007,0.154,0.012,-0.699,0.000,0.006,-15.193,-0.003,-18.403,-14.624,-17.871
4.675,4.999,0.000,0.990,0.002,-0.000,-0.139,0.254,0.280,-6.259,0.232,-7.493,-6.013,-7.287,-0.810,0.109,-0.009,0.144,0.010,-0.701,-0.000,0.005,-15.232,-0.003,-18.565,-14.648,-18.016
4.667,5.000,0.000,0.990,0.003,-0.000,-0.142,0.254,0.280,-6.412,0.232,-7.679,-6.159,-7.468,-0.812,0.115,-0.011,0.124,0.006,-0.704,-0.000,0.004,-15.272,-0.004,-18.724,-14.672,-18.161
4.658,5.001,-0.000,0.989,0.003,-0.000,-0.146,0.254,0.280,-6.565,0.232,-7.867,-6.306,-7.650,-0.814,0.121,-0.013,0.095,0.003,-0.706,-0.001,0.003,-15.317,-0.004,-18.875,-14.699,-18.302
4.650,5.002,-0.000,0.989,0.003,-0.000,-0.149,0.254,0.280,-6.718,0.232,-8.057,-6.453,-7.834,-0.815,0.127,-0.013,0.061,-0.000,-0.708,-0.001,0.002,-15.368,-0.005,-19.016,-14.734,-18.436
4.642,5.004,-0.000,0.988,0.004,-0.000,-0.153,0.254,0.280,-6.872,0.232,-8.247,-6.601,-8.019,-0.816,0.133,-0.013,0.024,-0.003,-0.710,-0.001,0.001,-15.427,-0.005,-19.143,-14.776,-18.560
4.634,5.005,-0.000,0.988,0.004,-0.000,-0.156,0.254,0.280,-7.027,0.232,-8.439,-6.749,-8.205,-0.817,0.140,-0.013,-0.013,-0.005,-0.713,-0.001,0.000,-15.495,-0.005,-19.254,-14.830,-18.672
4.626,5.006,-0.001,0.987,0.004,-0.000,-0.160,0.254,0.280,-7.182,0.232,-8.632,-6.898,-8.392,-0.818,0.146,-0.012,-0.046,-0.006,-0.715,-0.001,-0.001,-15.572,-0.006,-19.349,-14.893,-18.770
4.618,5.008,-0.001,0.987,0.003,-0.000,-0.163,0.254,0.280,-7.338,0.232,-8.826,-7.047,-8.580,-0.819,0.152,-0.011,-0.072,-0.007,-0.718,-0.001,-0.002,-15.658,-0.006,-19.429,-14.967,-18.854
4.609,5.009,-0.001,0.986,0.003,-0.000,-0.167,0.254,0.280,-7.495,0.232,-9.021,-7.197,-8.769,-0.820,0.158,-0.010,-0.090,-0.007,-0.721,-0.001,-0.002,-15.750,-0.005,-19.496,-15.050,-18.926
4.601,5.011,-0.001,0.985,0.002,-0.000,-0.171,0.253,0.280,-7.653,0.232,-9.216,-7.348,-8.959,-0.820,0.165,-0.009,-0.098,-0.008,-0.723,-0.001,-0.003,-15.845,-0.005,-19.553,-15.140,-18.986
4.593,5.013,-0.001,0.985,0.002,-0.000,-0.174,0.253,0.280,-7.812,0.232,-9.412,-7.500,-9.149,-0.821,0.171,-0.009,-0.097,-0.008,-0.726,-0.001,-0.004,-15.943,-0.004,-19.603,-15.233,-19.039
4.585,5.014,-0.001,0.984,0.001,0.000,-0.178,0.253,0.280,-7.972,0.232,-9.608,-7.653,-9.339,-0.822,0.177,-0.008,-0.089,-0.009,-0.728,-0.001,-0.004,-16.038,-0.003,-19.649,-15.328,-19.087
4.577,5.016,-0.001,0.983,0.001,0.000,-0.181,0.253,0.280,-8.133,0.232,-9.805,-7.806,-9.531,-0.822,0.184,-0.007,-0.076,-0.010,-0.730,-0.001,-0.004,-16.129,-0.002,-19.691,-15.422,-19.133
4.568,5.018,-0.001,0.983,0.001,0.000,-0.185,0.253,0.280,-8.295,0.232,-10.002,-7.961,-9.722,-0.823,0.190,-0.005,-0.061,-0.011,-0.732,-0.000,-0.004,-16.214,-0.000,-19.733,-15.512,-19.178
4.560,5.020,-0.001,0.982,0.000,0.000,-0.189,0.253,0.280,-8.457,0.232,-10.200,-8.117,-9.914,-0.824,0.197,-0.004,-0.048,-0.013,-0.734,-0.000,-0.004,-16.292,0.001,-19.773,-15.598,-19.224
4.552,5.022,-0.001,0.981,0.000,0.000,-0.192,0.253,0.280,-8.620,0.232,-10.397,-8.273,-10.107,-0.825,0.203,-0.002,-0.038,-0.015,-0.736,0.000,-0.004,-16.363,0.002,-19.812,-15.679,-19.272
4.544,5.024,-0.001,0.981,-0.000,-0.000,-0.196,0.253,0.280,-8.784,0.232,-10.596,-8.430,-10.300,-0.825,0.210,0.001,-0.035,-0.016,-0.738,0.000,-0.004,-16.428,0.003,-19.847,-15.754,-19.320
4.535,5.026,-0.001,0.980,-0.000,-0.000,-0.199,0.253,0.280,-8.949,0.232,-10.794,-8.588,-10.493,-0.826,0.216,0.003,-0.038,-0.016,-0.741,0.000,-0.003,-16.490,0.004,-19.876,-15.826,-19.366
4.527,5.028,-0.001,0.979,-0.000,-0.000,-0.203,0.253,0.280,-9.114,0.232,-10.993,-8.747,-10.687,-0.828,0.223,0.006,-0.048,-0.015,-0.743,0.000,-0.003,-16.549,0.004,-19.898,-15.895,-19.409
4.519,5.031,-0.001,0.978,-0.001,-0.000,-0.207,0.253,0.279,-9.280,0.232,-11.192,-8.906,-10.881,-0.829,0.230,0.009,-0.062,-0.013,-0.746,0.000,-0.002,-16.610,0.004,-19.912,-15.964,-19.444
4.511,5.033,-0.001,0.978,-0.001,-0.000,-0.210,0.253,0.279,-9.446,0.232,-11.391,-9.066,-11.076,-0.831,0.237,0.011,-0.079,-0.009,-0.749,0.000,-0.002,-16.672,0.004,-19.918,-16.033,-19.470
4.502,5.035,-0.001,0.977,-0.002,-0.000,-0.214,0.253,0.279,-9.613,0.232,-11.591,-9.227,-11.271,-0.833,0.244,0.012,-0.093,-0.004,-0.752,0.000,-0.001,-16.738,0.003,-19.917,-16.104,-19.486
4.494,5.038,-0.001,0.976,-0.002,0.000,-0.218,0.253,0.279,-9.781,0.232,-11.790,-9.388,-11.465,-0.835,0.251,0.013,-0.103,0.002,-0.755,0.000,-0.000,-16.807,0.003,-19.912,-16.175,-19.491
4.486,5.040,-0.001,0.975,-0.003,0.000,-0.221,0.253,0.279,-9.949,0.232,-11.989,-9.550,-11.660,-0.836,0.259,0.013,-0.104,0.008,-0.759,0.000,0.000,-16.877,0.002,-19.906,-16.247,-19.489
4.477,5.043,-0.001,0.974,-0.003,0.000,-0.225,0.253,0.279,-10.119,0.232,-12.188,-9.713,-11.855,-0.838,0.267,0.012,-0.095,0.013,-0.762,0.000,0.001,-16.948,0.001,-19.904,-16.317,-19.480
4.469,5.046,-0.000,0.973,-0.003,0.001,-0.229,0.253,0.279,-10.288,0.232,-12.387,-9.876,-12.050,-0.839,0.274,0.010,-0.074,0.018,-0.765,0.000,0.002,-17.014,0.000,-19.908,-16.383,-19.470
4.460,5.049,-0.000,0.973,-0.004,0.001,-0.232,0.253,0.279,-10.459,0.232,-12.586,-10.041,-12.245,-0.840,0.282,0.007,-0.043,0.020,-0.767,0.000,0.002,-17.073,-0.001,-19.924,-16.442,-19.463
4.452,5.051,-0.000,0.972,-0.004,0.001,-0.236,0.253,0.279,-10.630,0.232,-12.786,-10.205,-12.439,-0.841,0.289,0.004,-0.003,0.020,-0.769,0.000,0.003,-17.120,-0.001,-19.952,-16.490,-19.465
4.444,5.054,-0.000,0.971,-0.004,0.001,-0.240,0.253,0.280,-10.801,0.232,-12.985,-10.370,-12.634,-0.841,0.297,0.001,0.042,0.019,-0.770,0.000,0.004,-17.151,-0.002,-19.997,-16.525,-19.479
4.435,5.057,-0.000,0.970,-0.003,0.001,-0.244,0.253,0.280,-10.973,0.232,-13.186,-10.536,-12.829,-0.840,0.304,-0.001,0.089,0.015,-0.771,0.001,0.005,-17.165,-0.002,-20.058,-16.546,-19.510
4.427,5.060,-0.000,0.969,-0.003,0.001,-0.247,0.254,0.280,-11.144,0.232,-13.386,-10.701,-13.024,-0.839,0.311,-0.003,0.134,0.010,-0.771,0.001,0.006,-17.159,-0.002,-20.135,-16.550,-19.558
4.418,5.064,-0.000,0.968,-0.002,0.001,-0.251,0.254,0.280,-11.316,0.232,-13.588,-10.867,-13.220,-0.838,0.318,-0.005,0.171,0.005,-0.771,0.001,0.007,-17.136,-0.002,-20.226,-16.538,-19.625
4.410,5.067,-0.000,0.967,-0.001,0.000,-0.255,0.254,0.280,-11.487,0.232,-13.791,-11.032,-13.417,-0.836,0.324,-0.005,0.197,-0.001,-0.770,0.001,0.008,-17.096,-0.002,-20.327,-16.510,-19.709
4.402,5.070,-0.000,0.966,-0.000,0.000,-0.259,0.254,0.280,-11.658,0.232,-13.995,-11.197,-13.614,-0.834,0.331,-0.004,0.209,-0.008,-0.770,0.001,0.009,-17.044,-0.002,-20.434,-16.470,-19.807
4.393,5.073,-0.000,0.965,0.001,-0.000,-0.262,0.254,0.280,-11.828,0.232,-14.200,-11.361,-13.813,-0.831,0.337,-0.003,0.205,-0.012,-0.770,0.001,0.008,-16.984,-0.001,-20.542,-16.419,-19.913
4.385,5.077,-0.001,0.964,0.002,-0.001,-0.266,0.254,0.280,-11.997,0.232,-14.406,-11.525,-14.013,-0.829,0.343,-0.001,0.189,-0.015,-0.769,0.001,0.008,-16.924,-0.001,-20.646,-16.363,-20.023
4.377,5.080,-0.001,0.963,0.003,-0.001,-0.270,0.254,0.280,-12.166,0.232,-14.613,-11.688,-14.213,-0.827,0.350,0.001,0.161,-0.014,-0.770,0.001,0.006,-16.867,-0.001,-20.742,-16.308,-20.131
4.368,5.084,-0.000,0.962,0.003,-0.001,-0.273,0.254,0.280,-12.335,0.232,-14.820,-11.851,-14.415,-0.825,0.356,0.002,0.127,-0.010,-0.770,0.000,0.004,-16.821,-0.001,-20.827,-16.256,-20.232
4.360,5.087,-0.000,0.961,0.004,-0.001,-0.277,0.254,0.280,-12.503,0.232,-15.029,-12.014,-14.618,-0.823,0.363,0.002,0.088,-0.003,-0.772,0.000,0.003,-16.788,-0.001,-20.900,-16.211,-20.321
4.352,5.091,-0.000,0.960,0.004,-0.001,-0.281,0.054,0.093,-12.668,0.099,-15.240,-12.176,-14.821,-0.813,0.387,0.004,0.088,-0.004,-0.641,-33.079,-31.678,-16.442,-23.562,-21.067,-16.455,-20.173
4.344,5.095,-0.000,0.959,0.005,-0.002,-0.283,-0.236,-0.197,-12.834,-0.141,-15.447,-12.344,-15.020,-0.778,0.450,0.024,0.188,-0.087,-0.288,-19.215,-21.132,-16.831,-18.929,-20.343,-17.025,-19.576
4.336,5.100,0.000,0.959,0.005,-0.003,-0.284,-0.259,-0.273,-13.005,-0.180,-15.644,-12.517,-15.212,-0.752,0.494,0.040,0.098,-0.209,-0.019,13.516,5.340,-17.294,11.346,-19.120,-17.599,-18.999
4.329,5.105,0.000,0.959,0.005,-0.004,-0.283,-0.036,-0.129,-13.179,0.026,-15.832,-12.696,-15.402,-0.760,0.505,0.008,-0.102,-0.055,0.036,25.624,19.623,-17.380,24.512,-18.634,-18.057,-19.020
4.321,5.110,0.000,0.959,0.004,-0.003,-0.284,0.133,0.021,-13.353,0.197,-16.019,-12.876,-15.593,-0.776,0.480,-0.020,-0.257,0.080,-0.102,5.376,7.083,-17.441,7.290,-18.838,-17.950,-19.241
4.313,5.115,-0.000,0.959,0.003,-0.002,-0.284,0.058,-0.022,-13.528,0.157,-16.210,-13.054,-15.786,-0.784,0.456,-0.033,-0.303,0.164,-0.239,-17.317,-13.543,-17.483,-13.301,-19.256,-17.652,-19.381
4.306,5.119,-0.000,0.958,0.002,-0.001,-0.285,-0.125,-0.173,-13.703,-0.006,-16.403,-13.231,-15.979,-0.767,0.471,-0.022,-0.113,0.073,-0.153,-15.258,-13.050,-17.554,-15.756,-19.212,-17.749,-19.127
4.298,5.124,-0.000,0.958,0.002,-0.001,-0.286,-0.182,-0.229,-13.880,-0.087,-16.592,-13.410,-16.168,-0.744,0.502,-0.008,0.018,-0.015,0.035,4.028,2.107,-17.876,0.470,-18.661,-18.111,-18.680
4.291,5.129,-0.001,0.958,0.002,-0.001,-0.285,-0.071,-0.145,-14.060,-0.011,-16.776,-13.593,-16.353,-0.737,0.512,-0.007,-0.014,-0.031,0.119,15.070,12.679,-18.146,12.225,-18.284,-18.385,-18.451
4.283,5.134,-0.001,0.959,0.002,-0.001,-0.285,0.047,-0.031,-14.242,0.091,-16.959,-13.776,-16.538,-0.745,0.496,-0.006,-0.125,-0.042,0.047,6.465,7.848,-18.202,5.960,-18.333,-18.324,-18.516
4.276,5.139,-0.001,0.959,0.001,-0.001,-0.285,0.034,-0.019,-14.424,0.085,-17.143,-13.959,-16.724,-0.752,0.479,-0.002,-0.188,-0.059,-0.047,-7.999,-4.770,-18.184,-6.459,-18.487,-18.161,-18.629
4.268,5.144,-0.001,0.958,-0.000,-0.001,-0.285,-0.070,-0.094,-14.606,-0.009,-17.328,-14.140,-16.910,-0.752,0.481,-0.002,-0.140,-0.036,-0.047,-10.340,-8.144,-18.237,-10.286,-18.479,-18.225,-18.637
4.261,5.149,-0.001,0.959,-0.001,-0.001,-0.285,-0.127,-0.143,-14.789,-0.078,-17.512,-14.324,-17.096,-0.740,0.501,-0.002,-0.088,-0.014,0.076,-0.387,-0.834,-18.399,-2.455,-18.249,-18.554,-18.408
4.253,5.154,-0.001,0.959,-0.001,-0.001,-0.284,-0.081,-0.109,-14.974,-0.054,-17.694,-14.511,-17.279,-0.732,0.515,-0.001,-0.099,0.009,0.176,8.116,6.563,-18.579,6.096,-18.050,-18.860,-18.173
4.246,5.159,-0.001,0.959,-0.002,-0.001,-0.284,-0.005,-0.040,-15.160,0.009,-17.874,-14.700,-17.460,-0.738,0.509,-0.001,-0.143,0.032,0.144,5.665,5.785,-18.660,5.090,-18.027,-18.917,-18.179
4.239,5.164,-0.001,0.959,-0.002,-0.000,-0.283,0.009,-0.017,-15.347,0.025,-18.054,-14.889,-17.643,-0.748,0.496,0.004,-0.158,0.028,0.060,-2.834,-1.165,-18.694,-1.960,-18.025,-18.824,-18.294
4.231,5.169,-0.001,0.959,-0.003,-0.000,-0.283,-0.045,-0.053,-15.534,-0.020,-18.234,-15.077,-17.826,-0.751,0.494,0.007,-0.125,0.027,0.043,-6.397,-4.954,-18.796,-5.871,-17.979,-18.827,-18.291
4.224,5.174,-0.001,0.959,-0.003,0.000,-0.283,-0.089,-0.091,-15.723,-0.066,-18.413,-15.266,-18.008,-0.745,0.506,0.008,-0.081,0.026,0.116,-1.866,-1.873,-18.944,-2.654,-17.878,-18.995,-18.105
4.216,5.179,-0.000,0.959,-0.004,0.000,-0.282,-0.076,-0.084,-15.913,-0.064,-18.592,-15.457,-18.188,-0.740,0.515,0.008,-0.061,0.030,0.184,3.859,2.906,-19.061,2.703,-17.823,-19.171,-17.910
4.209,5.184,-0.000,0.960,-0.004,0.001,-0.281,-0.032,-0.047,-16.104,-0.028,-18.770,-15.649,-18.366,-0.745,0.513,0.006,-0.055,0.033,0.172,3.932,3.629,-19.096,3.450,-17.848,-19.214,-17.883
4.201,5.189,-0.000,0.960,-0.004,0.001,-0.280,-0.015,-0.026,-16.295,-0.011,-18.949,-15.841,-18.546,-0.753,0.505,0.004,-0.040,0.033,0.118,-0.502,0.235,-19.104,-0.127,-17.895,-19.162,-17.964
4.194,5.194,-0.000,0.960,-0.004,0.001,-0.280,-0.038,-0.041,-16.486,-0.029,-19.128,-16.033,-18.726,-0.757,0.502,0.001,-0.007,0.030,0.098,-3.473,-2.593,-19.152,-3.057,-17.911,-19.150,-18.004
4.186,5.199,-0.000,0.960,-0.004,0.001,-0.279,-0.067,-0.064,-16.678,-0.057,-19.307,-16.224,-18.905,-0.756,0.507,-0.002,0.035,0.024,0.129,-1.783,-1.677,-19.235,-2.034,-17.913,-19.220,-17.950
4.179,5.205,-0.000,0.960,-0.004,0.001,-0.278,-0.067,-0.068,-16.871,-0.063,-19.486,-16.417,-19.085,-0.753,0.511,-0.004,0.072,0.016,0.166,1.449,0.896,-19.308,0.834,-17.938,-19.301,-17.883
4.171,5.210,-0.000,0.961,-0.003,0.001,-0.278,-0.046,-0.052,-17.064,-0.047,-19.666,-16.610,-19.263,-0.755,0.511,-0.005,0.102,0.008,0.170,2.316,1.965,-19.324,1.955,-18.003,-19.324,-17.898
4.164,5.215,-0.000,0.961,-0.003,0.001,-0.277,-0.031,-0.037,-17.257,-0.033,-19.846,-16.803,-19.443,-0.759,0.506,-0.006,0.130,-0.000,0.148,0.484,0.718,-19.284,0.602,-18.098,-19.290,-17.992
4.156,5.220,-0.001,0.961,-0.002,0.001,-0.276,-0.037,-0.039,-17.450,-0.036,-20.028,-16.996,-19.623,-0.762,0.503,-0.005,0.160,-0.008,0.131,-1.463,-0.966,-19.225,-1.114,-18.200,-19.248,-18.100
4.148,5.225,-0.001,0.961,-0.001,0.000,-0.276,-0.053,-0.051,-17.642,-0.049,-20.210,-17.188,-19.805,-0.763,0.503,-0.004,0.186,-0.015,0.138,-1.249,-1.009,-19.193,-1.202,-18.280,-19.233,-18.176
4.141,5.230,-0.001,0.961,-0.000,0.000,-0.275,-0.058,-0.056,-17.834,-0.056,-20.394,-17.381,-19.987,-0.762,0.505,-0.002,0.200,-0.018,0.157,0.169,0.020,-19.178,-0.068,-18.343,-19.228,-18.233
4.133,5.235,-0.001,0.962,0.001,-0.000,-0.274,-0.051,-0.051,-18.025,-0.051,-20.577,-17.573,-20.169,-0.763,0.505,0.001,0.198,-0.019,0.165,1.092,0.791,-19.142,0.856,-18.414,-19.200,-18.314
4.125,5.240,-0.001,0.962,0.002,-0.001,-0.273,-0.042,-0.044,-18.216,-0.043,-20.762,-17.765,-20.353,-0.766,0.503,0.003,0.183,-0.016,0.158,0.547,0.527,-19.064,0.538,-18.511,-19.138,-18.430
4.118,5.245,-0.001,0.962,0.002,-0.001,-0.273,-0.041,-0.042,-18.406,-0.042,-20.948,-17.956,-20.538,-0.769,0.501,0.004,0.159,-0.010,0.147,-0.316,-0.129,-18.974,-0.153,-18.616,-19.063,-18.553
4.110,5.250,-0.001,0.962,0.003,-0.001,-0.272,-0.046,-0.045,-18.596,-0.045,-21.134,-18.146,-20.724,-0.771,0.500,0.005,0.129,-0.001,0.144,-0.621,-0.434,-18.909,-0.502,-18.701,-19.000,-18.653
4.102,5.255,-0.000,0.963,0.004,-0.001,-0.271,-0.050,-0.048,-18.785,-0.049,-21.321,-18.336,-20.911,-0.772,0.501,0.005,0.093,0.008,0.149,-0.213,-0.188,-18.882,-0.237,-18.754,-18.956,-18.724
4.095,5.260,-0.000,0.963,0.004,-0.001,-0.270,-0.050,-0.049,-18.974,-0.050,-21.509,-18.525,-21.099,-0.774,0.501,0.003,0.052,0.016,0.153,0.186,0.103,-18.877,0.085,-18.791,-18.922,-18.776
4.087,5.265,-0.000,0.963,0.004,-0.001,-0.270,-0.048,-0.047,-19.162,-0.048,-21.697,-18.714,-21.286,-0.775,0.501,0.001,0.010,0.023,0.153,0.270,0.182,-18.882,0.193,-18.828,-18.894,-18.818
4.079,5.270,-0.000,0.963,0.004,-0.001,-0.269,-0.046,-0.046,-19.351,-0.047,-21.886,-18.903,-21.475,-0.777,0.499,-0.002,-0.029,0.027,0.150,0.086,0.072,-18.896,0.077,-18.865,-18.874,-18.850
4.071,5.275,-0.000,0.963,0.004,-0.001,-0.268,-0.046,-0.045,-19.540,-0.047,-22.075,-19.092,-21.663,-0.779,0.498,-0.005,-0.062,0.028,0.147,-0.029,0.010,-18.926,0.016,-18.893,-18.869,-18.868
4.064,5.280,-0.001,0.964,0.004,-0.001,-0.268,-0.046,-0.045,-19.730,-0.047,-22.264,-19.280,-21.852,-0.779,0.497,-0.008,-0.088,0.025,0.144,-0.059,-0.013,-18.974,-0.012,-18.911,-18.882,-18.873
4.056,5.285,-0.001,0.964,0.003,-0.000,-0.267,-0.047,-0.046,-19.920,-0.047,-22.453,-19.469,-22.041,-0.780,0.496,-0.011,-0.106,0.019,0.142,-0.034,-0.011,-19.035,-0.013,-18.917,-18.912,-18.865
4.048,5.290,-0.001,0.964,0.003,-0.000,-0.266,-0.047,-0.046,-20.111,-0.047,-22.642,-19.659,-22.229,-0.780,0.494,-0.012,-0.116,0.009,0.141,-0.013,-0.009,-19.103,-0.010,-18.914,-18.957,-18.850
4.040,5.295,-0.001,0.964,0.002,-0.000,-0.266,-0.047,-0.046,-20.302,-0.047,-22.831,-19.848,-22.418,-0.780,0.493,-0.012,-0.119,-0.003,0.140,-0.001,-0.008,-19.173,-0.008,-18.901,-19.013,-18.832
4.032,5.300,-0.001,0.964,0.001,0.000,-0.265,-0.047,-0.046,-20.494,-0.047,-23.020,-20.039,-22.606,-0.780,0.491,-0.011,-0.118,-0.015,0.140,0.002,-0.008,-19.241,-0.007,-18.879,-19.080,-18.812
4.025,5.305,-0.001,0.964,0.001,0.000,-0.264,-0.047,-0.046,-20.687,-0.047,-23.209,-20.230,-22.794,-0.780,0.490,-0.008,-0.113,-0.025,0.139,0.002,-0.007,-19.303,-0.006,-18.848,-19.152,-18.793
4.017,5.310,-0.001,0.965,0.000,0.000,-0.264,-0.047,-0.046,-20.880,-0.047,-23.397,-20.422,-22.982,-0.780,0.489,-0.005,-0.108,-0.032,0.139,0.001,-0.007,-19.356,-0.005,-18.809,-19.228,-18.776
4.009,5.314,-0.001,0.965,-0.000,0.000,-0.263,-0.047,-0.046,-21.074,-0.047,-23.585,-20.615,-23.170,-0.781,0.487,-0.001,-0.104,-0.035,0.139,-0.001,-0.006,-19.403,-0.005,-18.763,-19.304,-18.758
4.001,5.319,-0.001,0.965,-0.001,0.000,-0.262,-0.047,-0.046,-21.268,-0.047,-23.772,-20.808,-23.357,-0.782,0.487,0.003,-0.100,-0.034,0.139,-0.001,-0.006,-19.443,-0.004,-18.712,-19.377,-18.740
3.993,5.324,-0.001,0.965,-0.001,0.000,-0.261,-0.047,-0.046,-21.463,-0.047,-23.959,-21.002,-23.544,-0.783,0.486,0.007,-0.098,-0.029,0.140,-0.002,-0.005,-19.478,-0.004,-18.658,-19.446,-18.718
3.986,5.329,-0.001,0.965,-0.002,0.000,-0.261,-0.047,-0.046,-21.658,-0.047,-24.145,-21.197,-23.731,-0.785,0.486,0.010,-0.098,-0.021,0.140,-0.001,-0.004,-19.512,-0.003,-18.603,-19.509,-18.691
3.978,5.334,-0.001,0.966,-0.002,0.000,-0.260,-0.047,-0.046,-21.853,-0.047,-24.331,-21.392,-23.918,-0.787,0.485,0.012,-0.096,-0.011,0.141,-0.001,-0.003,-19.547,-0.003,-18.550,-19.566,-18.659
3.970,5.339,-0.001,0.966,-0.003,0.000,-0.259,-0.047,-0.046,-22.049,-0.047,-24.516,-21.588,-24.105,-0.789,0.485,0.013,-0.093,-0.000,0.141,-0.001,-0.002,-19.584,-0.003,-18.501,-19.617,-18.621
3.962,5.344,-0.001,0.966,-0.003,0.000,-0.259,-0.047,-0.046,-22.245,-0.047,-24.701,-21.785,-24.291,-0.791,0.485,0.012,-0.086,0.010,0.142,-0.001,-0.001,-19.623,-0.003,-18.461,-19.662,-18.579
3.954,5.348,-0.001,0.966,-0.004,0.000,-0.258,-0.047,-0.046,-22.441,-0.047,-24.885,-21.981,-24.476,-0.794,0.485,0.010,-0.074,0.017,0.143,-0.001,-0.000,-19.664,-0.003,-18.430,-19.702,-18.536
3.946,5.353,-0.000,0.966,-0.004,0.001,-0.257,-0.047,-0.046,-22.638,-0.047,-25.070,-22.179,-24.661,-0.796,0.485,0.008,-0.054,0.022,0.144,-0.001,0.001,-19.705,-0.003,-18.410,-19.736,-18.494
3.938,5.358,-0.000,0.966,-0.004,0.001,-0.257,-0.047,-0.046,-22.835,-0.047,-25.254,-22.376,-24.846,-0.798,0.485,0.005,-0.028,0.022,0.145,-0.000,0.002,-19.741,-0.003,-18.404,-19.763,-18.457
3.930,5.363,-0.000,0.967,-0.004,0.001,-0.256,-0.047,-0.046,-23.033,-0.047,-25.438,-22.574,-25.031,-0.800,0.484,0.002,0.006,0.020,0.146,-0.000,0.003,-19.769,-0.004,-18.412,-19.784,-18.431
3.922,5.368,-0.000,0.967,-0.004,0.001,-0.255,-0.047,-0.046,-23.230,-0.048,-25.622,-22.772,-25.215,-0.801,0.484,-0.000,0.045,0.015,0.147,-0.000,0.004,-19.784,-0.004,-18.435,-19.796,-18.420
3.914,5.373,-0.000,0.967,-0.004,0.001,-0.255,-0.047,-0.046,-23.428,-0.048,-25.807,-22.970,-25.399,-0.802,0.483,-0.002,0.087,0.009,0.148,-0.000,0.005,-19.784,-0.005,-18.472,-19.798,-18.426
3.906,5.377,-0.000,0.967,-0.003,0.001,-0.254,-0.047,-0.046,-23.626,-0.048,-25.991,-23.168,-25.583,-0.803,0.482,-0.003,0.130,0.003,0.150,0.000,0.006,-19.765,-0.005,-18.524,-19.789,-18.451
3.898,5.382,-0.000,0.967,-0.002,0.001,-0.253,-0.047,-0.046,-23.824,-0.048,-26.177,-23.365,-25.768,-0.804,0.481,-0.004,0.167,-0.003,0.151,0.000,0.008,-19.728,-0.005,-18.589,-19.765,-18.497
3.890,5.387,-0.000,0.968,-0.001,0.000,-0.252,-0.047,-0.046,-24.021,-0.048,-26.363,-23.563,-25.953,-0.805,0.480,-0.003,0.196,-0.008,0.153,0.001,0.009,-19.674,-0.004,-18.664,-19.726,-18.561
3.882,5.392,-0.000,0.968,-0.000,0.000,-0.252,-0.047,-0.046,-24.217,-0.048,-26.550,-23.760,-26.139,-0.806,0.479,-0.002,0.211,-0.010,0.154,0.001,0.009,-19.606,-0.003,-18.747,-19.673,-18.641
3.874,5.397,-0.000,0.968,0.001,-0.000,-0.251,-0.047,-0.046,-24.413,-0.048,-26.738,-23.956,-26.326,-0.807,0.477,-0.000,0.212,-0.011,0.155,0.002,0.009,-19.529,-0.002,-18.833,-19.607,-18.730
3.866,5.401,-0.000,0.968,0.002,-0.000,-0.250,-0.047,-0.046,-24.608,-0.048,-26.927,-24.152,-26.514,-0.809,0.476,0.001,0.199,-0.009,0.155,0.002,0.008,-19.450,-0.002,-18.917,-19.533,-18.825
3.858,5.406,-0.000,0.968,0.002,-0.001,-0.249,-0.047,-0.046,-24.802,-0.048,-27.117,-24.347,-26.703,-0.810,0.475,0.002,0.172,-0.005,0.155,0.001,0.006,-19.376,-0.001,-18.995,-19.455,-18.917
3.850,5.411,-0.000,0.969,0.003,-0.001,-0.249,-0.047,-0.046,-24.995,-0.048,-27.307,-24.541,-26.892,-0.811,0.474,0.002,0.134,0.002,0.155,0.001,0.003,-19.313,-0.001,-19.064,-19.380,-19.002
3.841,5.416,-0.000,0.969,0.004,-0.001,-0.248,-0.047,-0.046,-25.188,-0.048,-27.498,-24.735,-27.083,-0.812,0.473,0.002,0.090,0.009,0.154,-0.000,0.001,-19.265,-0.001,-19.120,-19.312,-19.073
3.833,5.420,-0.000,0.969,0.004,-0.001,-0.247,-0.047,-0.046,-25.380,-0.048,-27.689,-24.927,-27.274,-0.813,0.472,0.000,0.042,0.016,0.153,-0.001,-0.002,-19.237,-0.001,-19.163,-19.256,-19.128
3.825,5.425,-0.000,0.969,0.004,-0.001,-0.246,-0.047,-0.046,-25.573,-0.048,-27.881,-25.120,-27.465,-0.814,0.471,-0.002,-0.004,0.021,0.152,-0.002,-0.004,-19.230,-0.002,-19.194,-19.216,-19.164
3.817,5.430,-0.000,0.969,0.004,-0.001,-0.246,-0.047,-0.046,-25.765,-0.048,-28.073,-25.312,-27.657,-0.815,0.469,-0.005,-0.046,0.024,0.150,-0.003,-0.006,-19.243,-0.002,-19.212,-19.194,-19.181
3.809,5.434,-0.001,0.970,0.004,-0.001,-0.245,-0.047,-0.046,-25.958,-0.048,-28.265,-25.504,-27.849,-0.815,0.468,-0.007,-0.081,0.024,0.149,-0.003,-0.008,-19.276,-0.003,-19.220,-19.191,-19.181
3.801,5.439,-0.001,0.970,0.003,-0.000,-0.244,-0.047,-0.046,-26.151,-0.048,-28.457,-25.696,-28.040,-0.815,0.466,-0.010,-0.105,0.020,0.147,-0.003,-0.008,-19.323,-0.003,-19.217,-19.207,-19.168
3.793,5.444,-0.001,0.970,0.003,-0.000,-0.244,-0.047,-0.046,-26.344,-0.048,-28.650,-25.888,-28.232,-0.815,0.465,-0.012,-0.119,0.013,0.146,-0.002,-0.009,-19.381,-0.003,-19.205,-19.238,-19.144
3.784,5.448,-0.001,0.970,0.002,-0.000,-0.243,-0.047,-0.046,-26.538,-0.048,-28.842,-26.081,-28.423,-0.814,0.463,-0.012,-0.122,0.003,0.145,-0.002,-0.009,-19.442,-0.002,-19.185,-19.283,-19.115
3.776,5.453,-0.001,0.970,0.002,0.000,-0.242,-0.047,-0.046,-26.733,-0.048,-29.033,-26.274,-28.614,-0.814,0.461,-0.012,-0.118,-0.008,0.144,-0.001,-0.008,-19.503,-0.002,-19.158,-19.338,-19.084
3.768,5.458,-0.001,0.970,0.001,0.000,-0.241,-0.047,-0.046,-26.928,-0.048,-29.225,-26.467,-28.805,-0.813,0.459,-0.010,-0.109,-0.019,0.143,-0.001,-0.008,-19.558,-0.001,-19.124,-19.399,-19.055
3.760,5.462,-0.001,0.971,0.001,0.000,-0.241,-0.047,-0.046,-27.124,-0.048,-29.416,-26.662,-28.995,-0.813,0.458,-0.007,-0.099,-0.027,0.143,-0.000,-0.007,-19.605,-0.000,-19.086,-19.464,-19.030
3.752,5.467,-0.001,0.971,0.000,0.000,-0.240,-0.047,-0.046,-27.320,-0.048,-29.606,-26.857,-29.186,-0.813,0.456,-0.004,-0.090,-0.033,0.143,-0.000,-0.006,-19.644,0.000,-19.042,-19.529,-19.008
3.744,5.471,-0.001,0.971,-0.000,0.000,-0.239,-0.047,-0.046,-27.517,-0.048,-29.797,-27.052,-29.376,-0.813,0.455,0.000,-0.083,-0.034,0.143,0.000,-0.005,-19.674,0.001,-18.993,-19.592,-18.988
3.736,5.476,-0.001,0.971,-0.001,-0.000,-0.239,-0.047,-0.046,-27.714,-0.048,-29.986,-27.248,-29.565,-0.814,0.454,0.004,-0.080,-0.032,0.143,0.000,-0.005,-19.699,0.001,-18.940,-19.650,-18.968
3.727,5.480,-0.001,0.971,-0.001,-0.000,-0.238,-0.047,-0.046,-27.911,-0.048,-30.175,-27.445,-29.755,-0.815,0.453,0.008,-0.081,-0.027,0.144,0.000,-0.004,-19.721,0.001,-18.885,-19.703,-18.946
3.719,5.485,-0.001,0.971,-0.002,-0.000,-0.237,-0.047,-0.046,-28.108,-0.048,-30.364,-27.642,-29.944,-0.816,0.452,0.011,-0.085,-0.019,0.144,0.000,-0.003,-19.743,0.001,-18.828,-19.751,-18.919
3.711,5.489,-0.001,0.972,-0.002,-0.000,-0.237,-0.047,-0.047,-28.306,-0.048,-30.552,-27.840,-30.133,-0.818,0.452,0.012,-0.090,-0.009,0.145,0.000,-0.002,-19.768,0.001,-18.772,-19.795,-18.886
3.703,5.494,-0.001,0.972,-0.003,0.000,-0.236,-0.047,-0.047,-28.504,-0.048,-30.739,-28.038,-30.322,-0.820,0.451,0.013,-0.093,0.000,0.145,0.000,-0.001,-19.796,0.001,-18.720,-19.835,-18.845
3.695,5.498,-0.001,0.972,-0.003,0.000,-0.235,-0.047,-0.047,-28.702,-0.048,-30.926,-28.237,-30.510,-0.822,0.451,0.012,-0.090,0.009,0.145,0.000,0.000,-19.829,0.000,-18.673,-19.871,-18.798
3.686,5.503,-0.001,0.972,-0.003,0.000,-0.234,-0.047,-0.047,-28.900,-0.048,-31.113,-28.436,-30.698,-0.825,0.451,0.011,-0.080,0.015,0.146,0.000,0.001,-19.864,0.000,-18.634,-19.905,-18.748
3.678,5.508,-0.000,0.972,-0.004,0.001,-0.234,-0.047,-0.047,-29.099,-0.048,-31.299,-28.635,-30.885,-0.827,0.450,0.009,-0.061,0.018,0.147,0.000,0.002,-19.898,-0.000,-18.605,-19.934,-18.699
3.670,5.512,-0.000,0.972,-0.004,0.001,-0.233,-0.047,-0.046,-29.298,-0.048,-31.485,-28.834,-31.072,-0.828,0.450,0.006,-0.033,0.019,0.147,0.000,0.003,-19.926,-0.001,-18.590,-19.959,-18.655
3.662,5.517,-0.000,0.973,-0.004,0.001,-0.232,-0.047,-0.046,-29.498,-0.048,-31.671,-29.034,-31.258,-0.830,0.449,0.004,0.004,0.016,0.148,0.000,0.004,-19.945,-0.001,-18.588,-19.976,-18.621
3.653,5.521,-0.000,0.973,-0.004,0.001,-0.232,-0.047,-0.046,-29.697,-0.048,-31.857,-29.234,-31.444,-0.832,0.448,0.002,0.048,0.012,0.149,0.000,0.005,-19.949,-0.002,-18.603,-19.983,-18.602
3.645,5.525,-0.000,0.973,-0.004,0.001,-0.231,-0.047,-0.046,-29.896,-0.048,-32.043,-29.434,-31.630,-0.833,0.448,0.000,0.095,0.008,0.151,0.001,0.006,-19.936,-0.002,-18.634,-19.978,-18.603
3.637,5.530,-0.000,0.973,-0.003,0.001,-0.230,-0.047,-0.046,-30.096,-0.048,-32.230,-29.633,-31.817,-0.834,0.447,-0.001,0.141,0.005,0.152,0.001,0.008,-19.905,-0.003,-18.682,-19.959,-18.624
3.628,5.534,-0.000,0.973,-0.002,0.000,-0.229,-0.047,-0.046,-30.295,-0.048,-32.417,-29.833,-32.003,-0.835,0.445,-0.002,0.181,0.002,0.154,0.001,0.009,-19.856,-0.003,-18.745,-19.922,-18.667
3.620,5.539,-0.000,0.974,-0.001,0.000,-0.229,-0.047,-0.046,-30.493,-0.048,-32.604,-30.032,-32.190,-0.836,0.444,-0.002,0.209,-0.001,0.155,0.001,0.010,-19.792,-0.002,-18.821,-19.869,-18.728
3.612,5.543,-0.000,0.974,-0.000,0.000,-0.228,-0.047,-0.046,-30.690,-0.048,-32.793,-30.230,-32.378,-0.837,0.443,-0.001,0.221,-0.002,0.156,0.001,0.010,-19.717,-0.002,-18.905,-19.800,-18.805
3.603,5.548,-0.000,0.974,0.001,-0.000,-0.227,-0.047,-0.046,-30.887,-0.048,-32.983,-30.428,-32.566,-0.838,0.442,-0.001,0.216,-0.002,0.157,0.002,0.009,-19.637,-0.001,-18.993,-19.719,-18.891
3.595,5.552,-0.000,0.974,0.002,-0.000,-0.226,-0.047,-0.046,-31.083,-0.048,-33.173,-30.625,-32.755,-0.839,0.440,-0.000,0.194,-0.000,0.158,0.001,0.008,-19.558,-0.000,-19.078,-19.632,-18.981
3.586,5.557,-0.000,0.974,0.003,-0.001,-0.226,-0.047,-0.046,-31.278,-0.048,-33.364,-30.820,-32.946,-0.840,0.439,-0.000,0.159,0.003,0.158,0.001,0.005,-19.487,-0.000,-19.155,-19.545,-19.067
3.578,5.561,-0.000,0.974,0.003,-0.001,-0.225,-0.047,-0.046,-31.473,-0.048,-33.556,-31.015,-33.137,-0.840,0.437,-0.001,0.114,0.007,0.157,0.000,0.002,-19.430,-0.000,-19.220,-19.465,-19.143
3.570,5.565,-0.000,0.975,0.004,-0.001,-0.224,-0.047,-0.046,-31.667,-0.048,-33.748,-31.210,-33.329,-0.841,0.436,-0.002,0.064,0.012,0.156,-0.001,-0.000,-19.391,-0.000,-19.270,-19.398,-19.205
3.561,5.570,-0.000,0.975,0.004,-0.001,-0.223,-0.044,-0.043,-31.861,-0.045,-33.941,-31.403,-33.521,-0.842,0.434,-0.004,0.013,0.016,0.152,0.570,0.414,-19.376,0.450,-19.305,-19.345,-19.257
3.553,5.574,-0.000,0.975,0.004,-0.001,-0.223,-0.039,-0.040,-32.054,-0.041,-34.135,-31.597,-33.714,-0.842,0.431,-0.006,-0.036,0.018,0.143,0.296,0.259,-19.365,0.293,-19.341,-19.303,-19.298
3.544,5.578,-0.001,0.975,0.004,-0.001,-0.222,-0.038,-0.038,-32.248,-0.040,-34.328,-31.790,-33.907,-0.843,0.429,-0.008,-0.076,0.019,0.134,-0.067,-0.004,-19.371,0.014,-19.368,-19.280,-19.322
3.536,5.583,-0.001,0.975,0.003,-0.000,-0.221,-0.040,-0.039,-32.442,-0.041,-34.522,-31.982,-34.100,-0.843,0.427,-0.010,-0.104,0.017,0.130,-0.263,-0.179,-19.401,-0.181,-19.376,-19.284,-19.322
3.528,5.587,-0.001,0.975,0.003,-0.000,-0.221,-0.042,-0.041,-32.636,-0.042,-34.716,-32.175,-34.293,-0.842,0.425,-0.011,-0.120,0.011,0.129,-0.124,-0.106,-19.454,-0.100,-19.362,-19.313,-19.302
3.519,5.591,-0.001,0.976,0.002,-0.000,-0.220,-0.042,-0.042,-32.831,-0.043,-34.909,-32.369,-34.486,-0.841,0.424,-0.012,-0.124,0.003,0.129,-0.000,-0.039,-19.516,-0.033,-19.336,-19.359,-19.270
3.511,5.595,-0.001,0.976,0.002,0.000,-0.219,-0.042,-0.042,-33.027,-0.043,-35.102,-32.563,-34.678,-0.840,0.423,-0.012,-0.118,-0.006,0.129,0.043,-0.012,-19.577,-0.006,-19.305,-19.415,-19.234
3.502,5.599,-0.001,0.976,0.001,0.000,-0.219,-0.042,-0.042,-33.223,-0.043,-35.295,-32.757,-34.871,-0.840,0.421,-0.010,-0.107,-0.015,0.130,0.031,-0.002,-19.633,0.003,-19.271,-19.477,-19.201
3.494,5.604,-0.001,0.976,0.001,0.000,-0.218,-0.042,-0.042,-33.419,-0.043,-35.488,-32.952,-35.063,-0.839,0.420,-0.008,-0.092,-0.023,0.129,0.014,0.002,-19.679,0.006,-19.234,-19.540,-19.174
3.486,5.608,-0.001,0.976,0.000,0.000,-0.217,-0.041,-0.042,-33.616,-0.043,-35.680,-33.148,-35.254,-0.838,0.418,-0.005,-0.078,-0.029,0.129,0.003,0.003,-19.715,0.007,-19.196,-19.601,-19.152
3.477,5.612,-0.001,0.976,-0.000,0.000,-0.217,-0.041,-0.042,-33.813,-0.043,-35.872,-33.344,-35.446,-0.838,0.417,-0.002,-0.067,-0.031,0.129,-0.000,0.003,-19.742,0.007,-19.155,-19.659,-19.135
3.469,5.616,-0.001,0.976,-0.001,-0.000,-0.216,-0.041,-0.042,-34.011,-0.043,-36.063,-33.541,-35.637,-0.839,0.415,0.002,-0.062,-0.031,0.130,-0.001,0.004,-19.762,0.008,-19.111,-19.711,-19.121
3.460,5.620,-0.001,0.976,-0.001,-0.000,-0.216,-0.041,-0.042,-34.209,-0.043,-36.254,-33.738,-35.828,-0.840,0.414,0.006,-0.063,-0.028,0.130,0.001,0.005,-19.779,0.008,-19.065,-19.757,-19.107
3.452,5.624,-0.001,0.977,-0.001,-0.000,-0.215,-0.041,-0.042,-34.407,-0.043,-36.444,-33.936,-36.019,-0.841,0.414,0.009,-0.069,-0.022,0.130,0.002,0.006,-19.795,0.008,-19.015,-19.799,-19.090
3.444,5.629,-0.001,0.977,-0.002,-0.000,-0.214,-0.041,-0.042,-34.605,-0.043,-36.634,-34.134,-36.210,-0.842,0.413,0.011,-0.078,-0.014,0.130,0.003,0.006,-19.814,0.007,-18.964,-19.838,-19.066
3.435,5.633,-0.001,0.977,-0.002,-0.000,-0.214,-0.041,-0.042,-34.803,-0.043,-36.824,-34.333,-36.400,-0.844,0.413,0.013,-0.088,-0.006,0.130,0.003,0.007,-19.837,0.006,-18.912,-19.874,-19.035
3.427,5.637,-0.001,0.977,-0.002,-0.000,-0.213,-0.041,-0.042,-35.001,-0.043,-37.012,-34.532,-36.590,-0.846,0.412,0.013,-0.093,0.001,0.130,0.003,0.007,-19.865,0.006,-18.862,-19.909,-18.995
3.418,5.641,-0.001,0.977,-0.003,0.000,-0.212,-0.041,-0.042,-35.200,-0.043,-37.201,-34.731,-36.780,-0.849,0.412,0.012,-0.092,0.008,0.130,0.003,0.007,-19.897,0.005,-18.816,-19.944,-18.949
3.410,5.645,-0.001,0.977,-0.003,0.000,-0.212,-0.041,-0.041,-35.399,-0.042,-37.389,-34.931,-36.969,-0.851,0.412,0.011,-0.081,0.012,0.131,0.003,0.007,-19.929,0.004,-18.777,-19.977,-18.898
3.401,5.649,-0.000,0.977,-0.004,0.000,-0.211,-0.041,-0.041,-35.599,-0.042,-37.576,-35.131,-37.158,-0.853,0.411,0.010,-0.059,0.014,0.131,0.003,0.008,-19.959,0.004,-18.748,-20.007,-18.849
3.393,5.653,-0.000,0.978,-0.004,0.000,-0.210,-0.041,-0.041,-35.798,-0.042,-37.764,-35.331,-37.346,-0.855,0.411,0.008,-0.026,0.014,0.131,0.003,0.008,-19.980,0.003,-18.732,-20.031,-18.806
3.384,5.657,-0.000,0.978,-0.004,0.001,-0.210,-0.041,-0.041,-35.998,-0.042,-37.951,-35.531,-37.534,-0.856,0.410,0.006,0.017,0.012,0.132,0.002,0.008,-19.989,0.003,-18.731,-20.046,-18.775
3.376,5.662,-0.000,0.978,-0.004,0.001,-0.209,-0.041,-0.041,-36.198,-0.042,-38.138,-35.732,-37.722,-0.858,0.410,0.004,0.065,0.010,0.133,0.002,0.009,-19.982,0.002,-18.748,-20.048,-18.760
3.367,5.666,-0.000,0.978,-0.003,0.001,-0.208,-0.041,-0.041,-36.398,-0.042,-38.326,-35.932,-37.910,-0.859,0.409,0.002,0.115,0.009,0.135,0.002,0.010,-19.957,0.001,-18.783,-20.035,-18.765
3.358,5.670,-0.000,0.978,-0.003,0.000,-0.208,-0.041,-0.041,-36.597,-0.042,-38.514,-36.132,-38.097,-0.860,0.408,0.001,0.161,0.008,0.136,0.002,0.011,-19.915,0.001,-18.836,-20.004,-18.792
3.350,5.674,-0.000,0.978,-0.002,0.000,-0.207,-0.041,-0.041,-36.796,-0.042,-38.703,-36.332,-38.285,-0.862,0.407,-0.000,0.197,0.008,0.138,0.002,0.011,-19.858,0.001,-18.905,-19.955,-18.839
3.341,5.678,-0.000,0.978,-0.001,0.000,-0.206,-0.041,-0.041,-36.994,-0.042,-38.892,-36.531,-38.474,-0.863,0.406,-0.001,0.218,0.008,0.139,0.002,0.012,-19.790,0.001,-18.987,-19.888,-18.905
3.332,5.682,-0.000,0.979,0.000,-0.000,-0.206,-0.041,-0.041,-37.192,-0.042,-39.083,-36.730,-38.664,-0.864,0.405,-0.001,0.222,0.008,0.140,0.001,0.011,-19.715,0.001,-19.077,-19.807,-18.983
3.324,5.686,-0.000,0.979,0.002,-0.000,-0.205,-0.041,-0.040,-37.389,-0.042,-39.274,-36.927,-38.854,-0.864,0.403,-0.002,0.206,0.007,0.141,0.001,0.010,-19.639,0.002,-19.168,-19.716,-19.068
3.315,5.690,-0.000,0.979,0.002,-0.000,-0.204,-0.041,-0.040,-37.585,-0.042,-39.466,-37.124,-39.045,-0.865,0.402,-0.003,0.174,0.007,0.141,0.001,0.008,-19.569,0.002,-19.253,-19.624,-19.153
3.307,5.694,-0.000,0.979,0.003,-0.001,-0.204,-0.041,-0.040,-37.780,-0.042,-39.659,-37.320,-39.237,-0.865,0.401,-0.004,0.131,0.009,0.140,0.000,0.006,-19.511,0.002,-19.328,-19.539,-19.232
3.298,5.698,-0.000,0.979,0.004,-0.001,-0.203,-0.041,-0.040,-37.975,-0.042,-39.852,-37.515,-39.430,-0.865,0.399,-0.005,0.080,0.011,0.139,-0.000,0.003,-19.469,0.002,-19.387,-19.465,-19.299
3.289,5.702,-0.000,0.979,0.004,-0.001,-0.202,-0.041,-0.040,-38.170,-0.042,-40.046,-37.709,-39.623,-0.865,0.397,-0.006,0.027,0.012,0.138,-0.001,0.000,-19.447,0.001,-19.428,-19.410,-19.350
3.281,5.706,-0.000,0.979,0.004,-0.001,-0.202,-0.041,-0.040,-38.364,-0.042,-40.241,-37.903,-39.817,-0.865,0.396,-0.008,-0.024,0.013,0.136,-0.001,-0.002,-19.445,0.000,-19.453,-19.374,-19.382
3.272,5.710,-0.001,0.980,0.004,-0.000,-0.201,-0.041,-0.040,-38.558,-0.042,-40.435,-38.097,-40.010,-0.864,0.394,-0.010,-0.068,0.013,0.134,-0.001,-0.004,-19.464,-0.001,-19.461,-19.361,-19.396
3.263,5.714,-0.001,0.980,0.003,-0.000,-0.200,-0.041,-0.040,-38.753,-0.042,-40.630,-38.291,-40.204,-0.864,0.393,-0.011,-0.101,0.011,0.132,-0.001,-0.006,-19.499,-0.001,-19.455,-19.370,-19.391
3.255,5.718,-0.001,0.980,0.003,-0.000,-0.200,-0.041,-0.040,-38.948,-0.042,-40.825,-38.484,-40.398,-0.863,0.391,-0.012,-0.121,0.007,0.130,-0.001,-0.007,-19.546,-0.001,-19.438,-19.397,-19.372
3.246,5.722,-0.001,0.980,0.002,-0.000,-0.199,-0.041,-0.040,-39.144,-0.042,-41.019,-38.678,-40.592,-0.862,0.389,-0.012,-0.127,0.001,0.129,-0.001,-0.007,-19.599,-0.001,-19.411,-19.438,-19.343
3.237,5.726,-0.001,0.980,0.002,0.000,-0.198,-0.041,-0.041,-39.340,-0.042,-41.213,-38.873,-40.785,-0.861,0.387,-0.011,-0.121,-0.007,0.128,-0.001,-0.007,-19.653,-0.001,-19.379,-19.490,-19.309
3.229,5.729,-0.001,0.980,0.001,0.000,-0.198,-0.041,-0.041,-39.537,-0.042,-41.406,-39.068,-40.978,-0.860,0.386,-0.010,-0.107,-0.015,0.127,-0.000,-0.007,-19.702,0.000,-19.344,-19.548,-19.276
3.220,5.733,-0.001,0.980,0.001,0.000,-0.197,-0.041,-0.041,-39.734,-0.042,-41.600,-39.264,-41.171,-0.859,0.384,-0.008,-0.089,-0.021,0.127,0.000,-0.006,-19.744,0.001,-19.308,-19.608,-19.246
3.212,5.737,-0.001,0.980,0.000,0.000,-0.197,-0.041,-0.041,-39.932,-0.042,-41.793,-39.460,-41.363,-0.858,0.383,-0.005,-0.070,-0.025,0.127,0.001,-0.005,-19.776,0.002,-19.271,-19.665,-19.222
3.203,5.741,-0.001,0.981,-0.000,0.000,-0.196,-0.041,-0.041,-40.130,-0.042,-41.985,-39.657,-41.555,-0.858,0.381,-0.002,-0.056,-0.028,0.127,0.001,-0.004,-19.799,0.003,-19.234,-19.717,-19.205
3.195,5.745,-0.001,0.981,-0.000,-0.000,-0.195,-0.041,-0.041,-40.328,-0.042,-42.177,-39.855,-41.747,-0.858,0.380,0.001,-0.047,-0.028,0.127,0.001,-0.002,-19.815,0.004,-19.196,-19.763,-19.192
3.186,5.748,-0.001,0.981,-0.001,-0.000,-0.195,-0.041,-0.041,-40.526,-0.042,-42.369,-40.053,-41.939,-0.859,0.379,0.004,-0.046,-0.026,0.128,0.001,-0.001,-19.826,0.004,-19.156,-19.803,-19.181
3.177,5.752,-0.001,0.981,-0.001,-0.000,-0.194,-0.041,-0.041,-40.725,-0.042,-42.560,-40.251,-42.131,-0.860,0.378,0.007,-0.053,-0.022,0.128,0.001,-0.001,-19.837,0.004,-19.113,-19.838,-19.169
3.169,5.756,-0.001,0.981,-0.001,-0.000,-0.193,-0.041,-0.041,-40.923,-0.042,-42.751,-40.449,-42.322,-0.861,0.377,0.010,-0.064,-0.016,0.128,0.001,0.000,-19.851,0.004,-19.066,-19.869,-19.152
3.160,5.760,-0.001,0.981,-0.002,-0.000,-0.193,-0.041,-0.041,-41.122,-0.042,-42.942,-40.648,-42.514,-0.863,0.377,0.012,-0.078,-0.010,0.128,0.001,0.001,-19.868,0.003,-19.017,-19.900,-19.128
3.151,5.764,-0.001,0.981,-0.002,-0.000,-0.192,-0.041,-0.041,-41.320,-0.042,-43.132,-40.847,-42.705,-0.865,0.376,0.013,-0.090,-0.004,0.128,0.001,0.002,-19.891,0.003,-18.966,-19.932,-19.094
3.143,5.767,-0.001,0.981,-0.002,-0.000,-0.192,-0.041,-0.041,-41.519,-0.042,-43.321,-41.047,-42.896,-0.867,0.376,0.013,-0.095,0.001,0.129,0.001,0.002,-19.919,0.002,-18.915,-19.965,-19.052
3.134,5.771,-0.001,0.982,-0.003,0.000,-0.191,-0.041,-0.041,-41.719,-0.042,-43.510,-41.247,-43.086,-0.869,0.375,0.013,-0.090,0.005,0.129,0.001,0.003,-19.948,0.002,-18.869,-19.999,-19.003
3.125,5.775,-0.001,0.982,-0.003,0.000,-0.190,-0.041,-0.041,-41.918,-0.042,-43.698,-41.447,-43.276,-0.871,0.375,0.012,-0.074,0.008,0.129,0.001,0.003,-19.975,0.002,-18.830,-20.031,-18.952
3.117,5.779,-0.000,0.982,-0.004,0.000,-0.190,-0.041,-0.041,-42.118,-0.042,-43.886,-41.647,-43.465,-0.873,0.375,0.010,-0.046,0.009,0.130,0.001,0.004,-19.996,0.001,-18.801,-20.059,-18.904
3.108,5.782,-0.000,0.982,-0.004,0.000,-0.189,-0.041,-0.041,-42.318,-0.042,-44.074,-41.848,-43.654,-0.875,0.374,0.009,-0.006,0.010,0.130,0.001,0.005,-20.006,0.001,-18.787,-20.079,-18.864
3.099,5.786,-0.000,0.982,-0.004,0.000,-0.188,-0.041,-0.041,-42.518,-0.042,-44.262,-42.049,-43.842,-0.876,0.374,0.008,0.041,0.010,0.131,0.001,0.006,-20.001,0.000,-18.790,-20.086,-18.837
3.090,5.790,-0.000,0.982,-0.003,0.000,-0.188,-0.041,-0.041,-42.718,-0.042,-44.450,-42.250,-44.030,-0.878,0.373,0.006,0.091,0.011,0.133,0.001,0.007,-19.980,-0.000,-18.812,-20.078,-18.829
3.082,5.794,-0.000,0.982,-0.003,0.000,-0.187,-0.041,-0.040,-42.918,-0.042,-44.639,-42.450,-44.219,-0.880,0.372,0.004,0.140,0.012,0.134,0.001,0.008,-19.943,-0.001,-18.854,-20.052,-18.842
3.073,5.797,-0.000,0.982,-0.002,0.000,-0.186,-0.041,-0.040,-43.117,-0.042,-44.827,-42.651,-44.407,-0.881,0.371,0.002,0.181,0.014,0.136,0.001,0.009,-19.892,-0.001,-18.914,-20.006,-18.875
3.064,5.801,-0.000,0.983,-0.001,0.000,-0.186,-0.041,-0.040,-43.316,-0.042,-45.017,-42.850,-44.596,-0.882,0.370,0.000,0.209,0.016,0.137,0.001,0.010,-19.830,-0.001,-18.990,-19.941,-18.928
3.055,5.805,-0.000,0.983,0.000,-0.000,-0.185,-0.041,-0.040,-43.514,-0.042,-45.207,-43.049,-44.786,-0.883,0.369,-0.001,0.218,0.017,0.139,0.001,0.010,-19.761,-0.001,-19.077,-19.861,-18.995
3.046,5.808,-0.000,0.983,0.001,-0.000,-0.184,-0.041,-0.040,-43.711,-0.042,-45.398,-43.248,-44.976,-0.884,0.368,-0.003,0.208,0.016,0.139,0.001,0.008,-19.691,-0.000,-19.169,-19.769,-19.071
3.038,5.812,-0.000,0.983,0.002,-0.000,-0.184,-0.041,-0.040,-43.907,-0.042,-45.591,-43.445,-45.167,-0.884,0.366,-0.004,0.181,0.014,0.140,0.001,0.006,-19.625,-0.000,-19.259,-19.675,-19.150
3.029,5.816,-0.000,0.983,0.003,-0.000,-0.183,-0.041,-0.040,-44.103,-0.042,-45.784,-43.641,-45.359,-0.884,0.365,-0.006,0.139,0.013,0.139,0.000,0.004,-19.570,-0.000,-19.339,-19.586,-19.226
3.020,5.819,-0.000,0.983,0.004,-0.000,-0.182,-0.041,-0.040,-44.299,-0.042,-45.977,-43.837,-45.552,-0.884,0.363,-0.007,0.090,0.012,0.138,-0.000,0.001,-19.529,-0.000,-19.403,-19.510,-19.294
3.011,5.823,-0.000,0.983,0.004,-0.000,-0.182,-0.041,-0.040,-44.494,-0.042,-46.172,-44.031,-45.745,-0.884,0.361,-0.009,0.037,0.011,0.137,-0.001,-0.001,-19.506,-0.001,-19.451,-19.451,-19.347
3.002,5.827,-0.000,0.983,0.004,-0.000,-0.181,-0.041,-0.040,-44.689,-0.042,-46.366,-44.226,-45.939,-0.883,0.360,-0.010,-0.015,0.009,0.136,-0.002,-0.004,-19.502,-0.001,-19.479,-19.413,-19.384
2.993,5.830,-0.001,0.984,0.004,-0.000,-0.180,-0.041,-0.040,-44.884,-0.042,-46.561,-44.420,-46.133,-0.882,0.358,-0.011,-0.061,0.008,0.134,-0.002,-0.006,-19.517,-0.002,-19.489,-19.398,-19.402
2.985,5.834,-0.001,0.984,0.003,-0.000,-0.180,-0.041,-0.040,-45.079,-0.042,-46.756,-44.614,-46.327,-0.881,0.356,-0.012,-0.097,0.005,0.132,-0.002,-0.007,-19.548,-0.003,-19.483,-19.405,-19.403
2.976,5.837,-0.001,0.984,0.003,-0.000,-0.179,-0.041,-0.040,-45.275,-0.042,-46.951,-44.808,-46.521,-0.880,0.354,-0.012,-0.118,0.002,0.130,-0.002,-0.008,-19.590,-0.003,-19.464,-19.432,-19.388
2.967,5.841,-0.001,0.984,0.002,0.000,-0.178,-0.041,-0.040,-45.471,-0.042,-47.145,-45.002,-46.715,-0.878,0.353,-0.012,-0.126,-0.004,0.129,-0.002,-0.008,-19.639,-0.003,-19.435,-19.474,-19.362
2.958,5.844,-0.001,0.984,0.002,0.000,-0.178,-0.041,-0.040,-45.668,-0.042,-47.339,-45.197,-46.908,-0.877,0.351,-0.011,-0.120,-0.010,0.128,-0.001,-0.008,-19.689,-0.002,-19.401,-19.526,-19.330
2.949,5.848,-0.001,0.984,0.001,0.000,-0.177,-0.041,-0.040,-45.865,-0.042,-47.533,-45.393,-47.101,-0.876,0.349,-0.010,-0.105,-0.015,0.127,-0.001,-0.007,-19.734,-0.001,-19.364,-19.583,-19.297
2.941,5.851,-0.001,0.984,0.001,0.000,-0.177,-0.041,-0.040,-46.063,-0.042,-47.727,-45.589,-47.294,-0.875,0.348,-0.008,-0.085,-0.020,0.126,-0.000,-0.006,-19.772,-0.000,-19.327,-19.641,-19.267
2.932,5.855,-0.001,0.984,0.000,0.000,-0.176,-0.041,-0.041,-46.261,-0.042,-47.920,-45.786,-47.486,-0.874,0.346,-0.005,-0.064,-0.022,0.126,0.000,-0.005,-19.801,0.001,-19.292,-19.696,-19.242
2.923,5.858,-0.001,0.985,-0.000,0.000,-0.175,-0.041,-0.041,-46.459,-0.042,-48.113,-45.983,-47.679,-0.874,0.345,-0.002,-0.046,-0.024,0.127,0.001,-0.004,-19.821,0.002,-19.259,-19.744,-19.225
2.914,5.862,-0.001,0.985,-0.000,-0.000,-0.175,-0.041,-0.041,-46.657,-0.042,-48.305,-46.181,-47.871,-0.874,0.344,0.000,-0.035,-0.024,0.127,0.001,-0.003,-19.834,0.003,-19.227,-19.785,-19.214
2.906,5.865,-0.001,0.985,-0.001,-0.000,-0.174,-0.041,-0.041,-46.855,-0.042,-48.497,-46.379,-48.063,-0.875,0.343,0.003,-0.032,-0.022,0.127,0.001,-0.002,-19.843,0.004,-19.194,-19.819,-19.206
2.897,5.869,-0.001,0.985,-0.001,-0.000,-0.173,-0.041,-0.041,-47.054,-0.042,-48.689,-46.577,-48.255,-0.875,0.341,0.006,-0.038,-0.020,0.128,0.001,-0.001,-19.850,0.004,-19.159,-19.848,-19.199
2.888,5.872,-0.001,0.985,-0.001,-0.000,-0.173,-0.041,-0.041,-47.252,-0.042,-48.880,-46.776,-48.447,-0.876,0.341,0.008,-0.050,-0.017,0.128,0.001,-0.000,-19.860,0.004,-19.119,-19.873,-19.188
2.879,5.875,-0.001,0.985,-0.001,-0.000,-0.172,-0.041,-0.041,-47.451,-0.042,-49.071,-46.974,-48.639,-0.878,0.340,0.010,-0.066,-0.013,0.128,0.001,0.001,-19.873,0.004,-19.076,-19.899,-19.171
2.871,5.879,-0.001,0.985,-0.002,-0.000,-0.172,-0.041,-0.041,-47.650,-0.042,-49.262,-47.173,-48.830,-0.880,0.339,0.012,-0.081,-0.009,0.128,0.001,0.001,-19.892,0.003,-19.028,-19.927,-19.145
2.862,5.882,-0.001,0.985,-0.002,-0.000,-0.171,-0.041,-0.041,-47.849,-0.042,-49.452,-47.373,-49.022,-0.881,0.339,0.013,-0.092,-0.005,0.128,0.000,0.002,-19.915,0.002,-18.978,-19.958,-19.109
2.853,5.886,-0.001,0.985,-0.003,-0.000,-0.170,-0.041,-0.041,-48.048,-0.042,-49.641,-47.573,-49.213,-0.883,0.338,0.013,-0.093,-0.002,0.129,0.000,0.002,-19.940,0.002,-18.928,-19.991,-19.066
2.844,5.889,-0.001,0.986,-0.003,-0.000,-0.170,-0.041,-0.041,-48.248,-0.042,-49.830,-47.773,-49.403,-0.885,0.338,0.013,-0.083,0.001,0.129,0.000,0.003,-19.965,0.002,-18.883,-20.025,-19.018
2.835,5.892,-0.000,0.986,-0.003,0.000,-0.169,-0.041,-0.041,-48.447,-0.042,-50.019,-47.973,-49.593,-0.888,0.337,0.013,-0.059,0.004,0.129,0.001,0.003,-19.983,0.001,-18.846,-20.056,-18.969
2.826,5.896,-0.000,0.986,-0.004,0.000,-0.168,-0.041,-0.041,-48.647,-0.042,-50.207,-48.174,-49.782,-0.890,0.337,0.012,-0.024,0.006,0.130,0.001,0.004,-19.993,0.001,-18.822,-20.080,-18.925
2.817,5.899,-0.000,0.986,-0.004,0.000,-0.168,-0.041,-0.040,-48.847,-0.042,-50.395,-48.375,-49.971,-0.892,0.337,0.011,0.020,0.008,0.131,0.001,0.005,-19.989,0.001,-18.813,-20.092,-18.892
2.809,5.902,-0.000,0.986,-0.003,0.000,-0.167,-0.041,-0.040,-49.047,-0.042,-50.584,-48.576,-50.160,-0.894,0.336,0.009,0.069,0.011,0.132,0.001,0.006,-19.970,0.000,-18.824,-20.088,-18.875
2.800,5.906,-0.000,0.986,-0.003,0.000,-0.166,-0.041,-0.040,-49.247,-0.042,-50.772,-48.776,-50.349,-0.896,0.335,0.007,0.118,0.015,0.133,0.001,0.007,-19.938,-0.000,-18.855,-20.066,-18.876
2.791,5.909,0.000,0.986,-0.002,0.000,-0.166,-0.041,-0.040,-49.446,-0.042,-50.961,-48.977,-50.538,-0.897,0.335,0.005,0.162,0.020,0.135,0.001,0.008,-19.893,-0.001,-18.906,-20.024,-18.897
2.782,5.912,0.000,0.986,-0.001,0.000,-0.165,-0.041,-0.040,-49.644,-0.042,-51.150,-49.177,-50.727,-0.899,0.334,0.002,0.193,0.024,0.136,0.001,0.009,-19.838,-0.001,-18.975,-19.963,-18.937
2.773,5.916,0.000,0.986,-0.000,0.000,-0.164,-0.041,-0.040,-49.842,-0.042,-51.340,-49.376,-50.917,-0.900,0.333,-0.001,0.208,0.026,0.138,0.001,0.008,-19.778,-0.001,-19.057,-19.886,-18.992
2.764,5.919,0.000,0.987,0.001,-0.000,-0.164,-0.041,-0.040,-50.040,-0.042,-51.531,-49.575,-51.107,-0.901,0.331,-0.003,0.203,0.025,0.139,0.001,0.007,-19.716,-0.001,-19.148,-19.796,-19.058
2.755,5.922,-0.000,0.987,0.002,-0.000,-0.163,-0.041,-0.040,-50.237,-0.042,-51.723,-49.772,-51.298,-0.901,0.330,-0.006,0.181,0.022,0.139,0.000,0.005,-19.657,-0.001,-19.239,-19.703,-19.129
2.746,5.926,-0.000,0.987,0.003,-0.000,-0.162,-0.041,-0.040,-50.433,-0.042,-51.916,-49.969,-51.489,-0.901,0.328,-0.008,0.143,0.018,0.139,-0.000,0.003,-19.607,-0.001,-19.323,-19.613,-19.200
2.737,5.929,-0.000,0.987,0.003,-0.000,-0.162,-0.041,-0.040,-50.629,-0.042,-52.110,-50.164,-51.682,-0.900,0.326,-0.010,0.096,0.014,0.138,-0.001,0.001,-19.571,-0.001,-19.393,-19.536,-19.264
2.728,5.932,-0.000,0.987,0.004,-0.000,-0.161,-0.041,-0.040,-50.825,-0.042,-52.304,-50.359,-51.875,-0.900,0.325,-0.012,0.045,0.011,0.137,-0.001,-0.002,-19.549,-0.002,-19.445,-19.476,-19.318
2.719,5.935,-0.000,0.987,0.004,-0.000,-0.160,-0.041,-0.040,-51.020,-0.042,-52.499,-50.554,-52.068,-0.898,0.323,-0.013,-0.006,0.007,0.136,-0.002,-0.004,-19.546,-0.002,-19.478,-19.437,-19.358
2.710,5.939,-0.001,0.987,0.004,-0.000,-0.160,-0.041,-0.040,-51.216,-0.042,-52.693,-50.748,-52.262,-0.897,0.321,-0.014,-0.052,0.003,0.134,-0.002,-0.006,-19.559,-0.003,-19.492,-19.422,-19.381
2.701,5.942,-0.001,0.987,0.003,0.000,-0.159,-0.041,-0.040,-51.411,-0.042,-52.888,-50.942,-52.456,-0.896,0.319,-0.014,-0.089,-0.001,0.132,-0.002,-0.007,-19.586,-0.003,-19.488,-19.428,-19.387
2.692,5.945,-0.001,0.987,0.003,0.000,-0.158,-0.007,-0.014,-51.607,-0.015,-53.083,-51.137,-52.650,-0.896,0.313,-0.013,-0.118,-0.005,0.099,5.475,4.318,-19.584,4.483,-19.446,-19.403,-19.447
2.683,5.948,-0.001,0.987,0.002,0.000,-0.158,0.039,0.026,-51.802,0.026,-53.278,-51.330,-52.845,-0.898,0.299,-0.012,-0.134,-0.010,0.027,2.931,2.979,-19.469,3.057,-19.562,-19.297,-19.564
2.674,5.951,-0.001,0.987,0.001,0.000,-0.158,0.041,0.033,-51.996,0.035,-53.474,-51.522,-53.041,-0.899,0.287,-0.011,-0.126,-0.015,-0.039,-2.360,-1.526,-19.350,-1.324,-19.734,-19.180,-19.658
2.665,5.954,-0.001,0.987,0.001,0.000,-0.158,0.005,0.005,-52.190,0.009,-53.672,-51.714,-53.238,-0.896,0.286,-0.009,-0.098,-0.018,-0.049,-3.868,-3.330,-19.343,-3.077,-19.767,-19.182,-19.654
2.656,5.957,-0.001,0.987,0.000,0.000,-0.159,-0.019,-0.019,-52.384,-0.012,-53.869,-51.907,-53.434,-0.893,0.293,-0.007,-0.068,-0.019,-0.014,-0.496,-1.005,-19.418,-0.737,-19.641,-19.297,-19.575
2.647,5.960,-0.001,0.987,0.000,0.000,-0.159,-0.005,-0.013,-52.578,-0.004,-54.065,-52.100,-53.629,-0.891,0.297,-0.005,-0.048,-0.020,0.011,2.609,1.935,-19.467,2.035,-19.515,-19.409,-19.511
2.638,5.963,-0.001,0.987,-0.000,0.000,-0.159,0.021,0.009,-52.773,0.018,-54.260,-52.294,-53.824,-0.891,0.294,-0.002,-0.038,-0.020,-0.004,2.043,1.982,-19.452,1.897,-19.504,-19.428,-19.518
2.629,5.966,-0.001,0.987,-0.000,-0.000,-0.159,0.028,0.019,-52.967,0.027,-54.455,-52.488,-54.020,-0.892,0.288,0.000,-0.030,-0.020,-0.038,-0.630,-0.139,-19.415,-0.176,-19.556,-19.383,-19.561
2.620,5.968,-0.001,0.987,-0.000,-0.000,-0.159,0.012,0.009,-53.161,0.017,-54.651,-52.682,-54.215,-0.892,0.286,0.003,-0.023,-0.019,-0.050,-1.973,-1.520,-19.406,-1.563,-19.567,-19.368,-19.577
2.611,5.971,-0.001,0.987,-0.001,-0.000,-0.159,-0.002,-0.003,-53.355,0.004,-54.846,-52.876,-54.411,-0.891,0.289,0.005,-0.022,-0.017,-0.033,-0.790,-0.742,-19.422,-0.855,-19.508,-19.414,-19.547
2.602,5.974,-0.001,0.987,-0.001,-0.000,-0.159,-0.001,-0.003,-53.550,0.003,-55.041,-53.070,-54.606,-0.891,0.293,0.007,-0.034,-0.015,-0.014,0.923,0.690,-19.440,0.577,-19.434,-19.475,-19.505
2.593,5.977,-0.001,0.987,-0.001,-0.000,-0.159,0.011,0.007,-53.744,0.012,-55.235,-53.265,-54.801,-0.892,0.293,0.009,-0.055,-0.013,-0.015,1.199,1.106,-19.441,0.987,-19.392,-19.499,-19.489
2.585,5.980,-0.001,0.987,-0.001,-0.000,-0.159,0.018,0.015,-53.938,0.019,-55.429,-53.460,-54.996,-0.893,0.290,0.011,-0.077,-0.011,-0.032,0.189,0.364,-19.434,0.319,-19.371,-19.489,-19.495
2.576,5.983,-0.001,0.987,-0.002,-0.000,-0.160,0.015,0.013,-54.133,0.017,-55.622,-53.655,-55.191,-0.895,0.289,0.012,-0.091,-0.008,-0.045,-0.747,-0.502,-19.438,-0.541,-19.340,-19.485,-19.488
2.567,5.986,-0.001,0.987,-0.002,-0.000,-0.160,0.007,0.008,-54.327,0.011,-55.816,-53.850,-55.386,-0.896,0.291,0.013,-0.094,-0.005,-0.043,-0.635,-0.525,-19.460,-0.591,-19.285,-19.515,-19.446
2.558,5.989,-0.001,0.987,-0.003,-0.000,-0.160,0.004,0.004,-54.522,0.007,-56.008,-54.046,-55.580,-0.897,0.293,0.014,-0.087,-0.002,-0.033,-0.017,-0.089,-19.493,-0.147,-19.219,-19.565,-19.379
2.549,5.992,-0.001,0.987,-0.003,-0.000,-0.160,0.006,0.006,-54.717,0.008,-56.200,-54.241,-55.773,-0.899,0.295,0.014,-0.069,0.001,-0.027,0.460,0.306,-19.519,0.291,-19.166,-19.609,-19.313
2.540,5.995,-0.000,0.987,-0.003,-0.000,-0.160,0.010,0.009,-54.912,0.011,-56.391,-54.438,-55.966,-0.900,0.296,0.013,-0.040,0.005,-0.028,0.282,0.246,-19.526,0.213,-19.132,-19.632,-19.265
2.531,5.998,-0.000,0.987,-0.003,-0.000,-0.160,0.012,0.010,-55.108,0.012,-56.583,-54.634,-56.159,-0.902,0.296,0.012,0.000,0.008,-0.032,0.002,0.063,-19.515,0.048,-19.118,-19.638,-19.232
2.522,6.001,-0.000,0.987,-0.003,0.000,-0.161,0.011,0.010,-55.303,0.012,-56.774,-54.830,-56.351,-0.904,0.296,0.011,0.048,0.012,-0.034,-0.153,-0.067,-19.493,-0.094,-19.121,-19.631,-19.210
2.513,6.004,-0.000,0.987,-0.003,0.000,-0.161,0.009,0.010,-55.497,0.011,-56.965,-55.027,-56.543,-0.905,0.297,0.009,0.098,0.016,-0.033,-0.107,-0.040,-19.461,-0.090,-19.140,-19.610,-19.199
2.504,6.007,0.000,0.987,-0.002,0.000,-0.161,0.009,0.009,-55.692,0.010,-57.157,-55.223,-56.735,-0.906,0.298,0.006,0.144,0.021,-0.031,-0.030,-0.011,-19.420,-0.040,-19.179,-19.573,-19.205
2.494,6.010,0.000,0.987,-0.001,0.000,-0.161,0.009,0.009,-55.886,0.010,-57.349,-55.418,-56.927,-0.907,0.299,0.003,0.180,0.025,-0.028,0.008,0.002,-19.369,-0.017,-19.236,-19.517,-19.230
2.485,6.013,0.000,0.987,-0.001,-0.000,-0.161,0.009,0.009,-56.079,0.010,-57.542,-55.613,-57.120,-0.908,0.299,-0.000,0.201,0.028,-0.026,0.018,0.007,-19.311,-0.008,-19.309,-19.443,-19.273
2.476,6.016,0.000,0.987,0.001,-0.000,-0.161,0.009,0.009,-56.272,0.010,-57.735,-55.807,-57.313,-0.908,0.299,-0.003,0.204,0.027,-0.025,0.015,0.007,-19.250,-0.005,-19.394,-19.355,-19.330
2.467,6.019,0.000,0.987,0.002,-0.000,-0.161,0.009,0.010,-56.464,0.010,-57.929,-56.000,-57.506,-0.907,0.299,-0.006,0.188,0.024,-0.024,0.008,0.006,-19.189,-0.004,-19.482,-19.261,-19.394
2.458,6.021,-0.000,0.987,0.002,-0.000,-0.161,0.009,0.010,-56.656,0.010,-58.125,-56.192,-57.701,-0.906,0.299,-0.008,0.156,0.019,-0.024,0.002,0.004,-19.135,-0.004,-19.567,-19.168,-19.461
2.449,6.024,-0.000,0.987,0.003,-0.000,-0.162,0.009,0.010,-56.847,0.009,-58.321,-56.383,-57.896,-0.905,0.299,-0.010,0.114,0.014,-0.024,-0.002,0.001,-19.091,-0.004,-19.640,-19.085,-19.525
2.440,6.027,-0.000,0.987,0.004,-0.000,-0.162,0.009,0.010,-57.038,0.009,-58.517,-56.574,-58.091,-0.904,0.299,-0.011,0.065,0.010,-0.025,-0.003,-0.001,-19.062,-0.005,-19.697,-19.017,-19.581
2.431,6.030,-0.000,0.987,0.004,-0.000,-0.162,0.009,0.010,-57.228,0.009,-58.715,-56.764,-58.287,-0.902,0.298,-0.013,0.014,0.006,-0.026,-0.003,-0.003,-19.050,-0.005,-19.735,-18.969,-19.625
2.422,6.033,-0.000,0.987,0.004,-0.000,-0.162,0.009,0.010,-57.419,0.009,-58.912,-56.953,-58.483,-0.900,0.298,-0.013,-0.034,0.002,-0.027,-0.003,-0.005,-19.054,-0.005,-19.755,-18.944,-19.654
2.413,6.036,-0.001,0.987,0.003,-0.000,-0.162,0.009,0.010,-57.609,0.009,-59.110,-57.143,-58.680,-0.898,0.298,-0.013,-0.074,-0.001,-0.028,-0.003,-0.006,-19.074,-0.006,-19.756,-18.941,-19.667
2.404,6.039,-0.001,0.987,0.003,0.000,-0.162,0.009,0.009,-57.800,0.009,-59.307,-57.332,-58.877,-0.896,0.297,-0.013,-0.103,-0.004,-0.030,-0.002,-0.007,-19.106,-0.006,-19.742,-18.958,-19.663
2.395,6.042,-0.001,0.987,0.002,0.000,-0.162,0.009,0.009,-57.991,0.009,-59.504,-57.522,-59.073,-0.894,0.297,-0.012,-0.117,-0.008,-0.031,-0.002,-0.008,-19.146,-0.006,-19.716,-18.992,-19.647
2.386,6.045,-0.001,0.987,0.002,0.000,-0.163,0.009,0.009,-58.183,0.009,-59.701,-57.712,-59.270,-0.892,0.297,-0.011,-0.118,-0.012,-0.032,-0.002,-0.008,-19.189,-0.005,-19.683,-19.038,-19.621
2.377,6.048,-0.001,0.987,0.001,0.000,-0.163,0.009,0.009,-58.375,0.009,-59.898,-57.903,-59.466,-0.890,0.297,-0.010,-0.108,-0.015,-0.033,-0.001,-0.007,-19.231,-0.004,-19.645,-19.092,-19.590
2.368,6.051,-0.001,0.987,0.001,0.000,-0.163,0.009,0.009,-58.568,0.009,-60.094,-58.094,-59.661,-0.889,0.297,-0.008,-0.090,-0.018,-0.033,-0.001,-0.007,-19.267,-0.003,-19.607,-19.147,-19.560
2.360,6.054,-0.001,0.987,0.000,0.000,-0.163,0.009,0.009,-58.761,0.009,-60.290,-58.286,-59.857,-0.887,0.297,-0.006,-0.069,-0.020,-0.033,-0.000,-0.006,-19.296,-0.002,-19.571,-19.200,-19.534
2.351,6.057,-0.001,0.987,0.000,0.000,-0.163,0.009,0.009,-58.954,0.009,-60.486,-58.478,-60.052,-0.886,0.297,-0.003,-0.049,-0.021,-0.033,0.000,-0.005,-19.316,-0.000,-19.537,-19.247,-19.513
2.342,6.060,-0.001,0.987,-0.000,-0.000,-0.163,0.009,0.009,-59.147,0.009,-60.681,-58.670,-60.247,-0.886,0.297,-0.001,-0.034,-0.021,-0.032,0.001,-0.004,-19.330,0.001,-19.507,-19.287,-19.499
2.333,6.063,-0.001,0.987,-0.000,-0.000,-0.164,0.009,0.009,-59.340,0.009,-60.876,-58.864,-60.442,-0.885,0.297,0.002,-0.026,-0.020,-0.032,0.001,-0.003,-19.338,0.002,-19.477,-19.319,-19.489
2.324,6.066,-0.001,0.987,-0.000,-0.000,-0.164,0.009,0.009,-59.534,0.009,-61.071,-59.057,-60.637,-0.885,0.297,0.004,-0.027,-0.019,-0.031,0.001,-0.002,-19.343,0.003,-19.446,-19.345,-19.483
2.315,6.069,-0.001,0.986,-0.001,-0.000,-0.164,0.009,0.009,-59.727,0.009,-61.265,-59.250,-60.832,-0.886,0.297,0.006,-0.036,-0.017,-0.031,0.001,-0.001,-19.349,0.003,-19.412,-19.368,-19.475
2.306,6.072,-0.001,0.986,-0.001,-0.000,-0.164,0.009,0.009,-59.921,0.009,-61.459,-59.444,-61.027,-0.886,0.298,0.008,-0.052,-0.015,-0.031,0.001,-0.000,-19.358,0.003,-19.373,-19.390,-19.464
2.298,6.075,-0.001,0.986,-0.001,-0.000,-0.164,0.009,0.009,-60.114,0.009,-61.652,-59.638,-61.221,-0.887,0.298,0.010,-0.069,-0.012,-0.031,0.000,0.001,-19.372,0.002,-19.328,-19.413,-19.445
2.289,6.078,-0.001,0.986,-0.002,-0.000,-0.164,0.009,0.009,-60.308,0.009,-61.845,-59.832,-61.415,-0.888,0.299,0.012,-0.085,-0.009,-0.031,0.000,0.001,-19.390,0.002,-19.279,-19.440,-19.416
2.280,6.081,-0.001,0.986,-0.002,-0.000,-0.164,0.009,0.009,-60.502,0.009,-62.038,-60.027,-61.609,-0.890,0.300,0.013,-0.094,-0.005,-0.031,0.000,0.002,-19.413,0.001,-19.227,-19.471,-19.378
2.271,6.084,-0.001,0.986,-0.003,-0.000,-0.165,0.009,0.009,-60.696,0.009,-62.230,-60.222,-61.803,-0.891,0.301,0.013,-0.093,-0.002,-0.031,0.000,0.002,-19.437,0.000,-19.176,-19.505,-19.333
2.262,6.087,-0.001,0.986,-0.003,-0.000,-0.165,0.009,0.009,-60.891,0.009,-62.421,-60.417,-61.996,-0.893,0.302,0.013,-0.080,0.001,-0.032,0.000,0.002,-19.458,0.000,-19.130,-19.538,-19.283
2.253,6.090,-0.000,0.986,-0.003,-0.000,-0.165,0.009,0.009,-61.085,0.009,-62.612,-60.613,-62.189,-0.895,0.303,0.013,-0.054,0.005,-0.031,0.000,0.003,-19.473,-0.000,-19.093,-19.567,-19.233
2.244,6.093,-0.000,0.986,-0.003,0.000,-0.165,0.009,0.009,-61.280,0.009,-62.803,-60.808,-62.381,-0.896,0.304,0.012,-0.017,0.008,-0.031,0.000,0.004,-19.478,-0.000,-19.069,-19.587,-19.189
2.235,6.096,-0.000,0.986,-0.003,0.000,-0.165,0.009,0.009,-61.475,0.009,-62.994,-61.004,-62.572,-0.898,0.305,0.011,0.029,0.010,-0.030,0.001,0.004,-19.469,-0.001,-19.062,-19.595,-19.156
2.226,6.099,-0.000,0.986,-0.003,0.000,-0.165,0.009,0.009,-61.670,0.009,-63.185,-61.200,-62.764,-0.899,0.306,0.009,0.078,0.014,-0.029,0.001,0.006,-19.447,-0.001,-19.074,-19.585,-19.138
2.217,6.102,-0.000,0.986,-0.003,0.000,-0.166,0.009,0.009,-61.864,0.009,-63.375,-61.396,-62.955,-0.900,0.306,0.007,0.126,0.018,-0.028,0.001,0.007,-19.410,-0.002,-19.107,-19.557,-19.140
2.208,6.105,0.000,0.986,-0.002,0.000,-0.166,0.009,0.009,-62.058,0.009,-63.567,-61.591,-63.147,-0.901,0.307,0.004,0.167,0.022,-0.026,0.001,0.008,-19.362,-0.002,-19.159,-19.509,-19.162
2.199,6.108,0.000,0.986,-0.001,0.000,-0.166,0.009,0.009,-62.251,0.009,-63.759,-61.786,-63.339,-0.902,0.307,0.001,0.196,0.025,-0.025,0.001,0.008,-19.305,-0.002,-19.229,-19.443,-19.202
2.190,6.111,0.000,0.986,0.000,-0.000,-0.166,0.009,0.009,-62.444,0.009,-63.951,-61.980,-63.531,-0.902,0.307,-0.002,0.207,0.026,-0.024,0.001,0.008,-19.243,-0.002,-19.312,-19.361,-19.257
2.181,6.115,0.000,0.986,0.001,-0.000,-0.166,0.009,0.009,-62.636,0.009,-64.145,-62.173,-63.724,-0.902,0.307,-0.004,0.200,0.024,-0.023,0.001,0.007,-19.180,-0.002,-19.401,-19.269,-19.322
2.172,6.118,-0.000,0.986,0.002,-0.000,-0.166,0.009,0.010,-62.827,0.009,-64.339,-62.366,-63.917,-0.902,0.307,-0.006,0.175,0.020,-0.023,0.000,0.005,-19.121,-0.002,-19.490,-19.175,-19.392
2.163,6.121,-0.000,0.986,0.003,-0.000,-0.166,0.009,0.010,-63.018,0.009,-64.535,-62.557,-64.112,-0.901,0.307,-0.008,0.136,0.015,-0.023,-0.000,0.002,-19.071,-0.002,-19.570,-19.087,-19.461
2.154,6.124,-0.000,0.986,0.003,-0.000,-0.166,0.009,0.010,-63.209,0.009,-64.731,-62.747,-64.306,-0.900,0.307,-0.010,0.089,0.011,-0.023,-0.001,0.000,-19.034,-0.002,-19.635,-19.012,-19.524
2.145,6.127,-0.000,0.986,0.004,-0.000,-0.166,0.009,0.010,-63.399,0.009,-64.927,-62.937,-64.502,-0.898,0.306,-0.011,0.039,0.008,-0.024,-0.001,-0.002,-19.013,-0.002,-19.684,-18.955,-19.576
2.136,6.130,-0.000,0.986,0.004,-0.000,-0.167,0.009,0.010,-63.589,0.009,-65.124,-63.126,-64.698,-0.896,0.306,-0.012,-0.011,0.005,-0.025,-0.002,-0.004,-19.010,-0.003,-19.713,-18.919,-19.613
2.127,6.133,-0.001,0.986,0.004,-0.000,-0.167,0.009,0.009,-63.779,0.009,-65.322,-63.316,-64.894,-0.895,0.306,-0.013,-0.056,0.002,-0.027,-0.002,-0.006,-19.023,-0.004,-19.724,-18.906,-19.634
2.118,6.136,-0.001,0.986,0.003,-0.000,-0.167,0.009,0.009,-63.970,0.009,-65.519,-63.505,-65.091,-0.893,0.306,-0.013,-0.091,-0.001,-0.028,-0.002,-0.007,-19.051,-0.004,-19.718,-18.914,-19.639
2.109,6.139,-0.001,0.986,0.003,0.000,-0.167,0.009,0.009,-64.160,0.009,-65.716,-63.694,-65.287,-0.891,0.305,-0.013,-0.113,-0.004,-0.030,-0.002,-0.008,-19.089,-0.004,-19.699,-18.941,-19.629
2.100,6.142,-0.001,0.986,0.002,0.000,-0.167,0.009,0.009,-64.351,0.009,-65.913,-63.884,-65.483,-0.889,0.305,-0.012,-0.120,-0.008,-0.031,-0.002,-0.008,-19.133,-0.004,-19.670,-18.982,-19.607
2.091,6.145,-0.001,0.986,0.002,0.000,-0.167,0.009,0.009,-64.543,0.009,-66.109,-64.074,-65.679,-0.887,0.305,-0.010,-0.115,-0.012,-0.032,-0.001,-0.008,-19.178,-0.003,-19.635,-19.032,-19.578
2.083,6.148,-0.001,0.986,0.001,0.000,-0.167,0.009,0.009,-64.735,0.009,-66.305,-64.264,-65.875,-0.885,0.305,-0.009,-0.101,-0.016,-0.032,-0.001,-0.007,-19.219,-0.002,-19.599,-19.088,-19.548
2.074,6.151,-0.001,0.986,0.001,0.000,-0.168,0.009,0.009,-64.927,0.009,-66.501,-64.455,-66.070,-0.884,0.305,-0.007,-0.081,-0.019,-0.032,-0.000,-0.006,-19.254,-0.001,-19.562,-19.143,-19.519
2.065,6.154,-0.001,0.986,0.000,0.000,-0.168,0.009,0.009,-65.120,0.009,-66.697,-64.647,-66.265,-0.883,0.305,-0.005,-0.061,-0.021,-0.032,0.000,-0.005,-19.280,0.000,-19.528,-19.195,-19.496
2.056,6.157,-0.001,0.986,-0.000,0.000,-0.168,0.009,0.009,-65.313,0.009,-66.892,-64.839,-66.460,-0.882,0.305,-0.002,-0.043,-0.022,-0.032,0.000,-0.004,-19.299,0.002,-19.496,-19.240,-19.479
2.047,6.160,-0.001,0.986,-0.000,-0.000,-0.168,0.009,0.009,-65.506,0.009,-67.087,-65.032,-66.655,-0.882,0.305,0.000,-0.031,-0.021,-0.031,0.001,-0.003,-19.311,0.003,-19.466,-19.278,-19.468
2.038,6.163,-0.001,0.986,-0.000,-0.000,-0.168,0.009,0.009,-65.699,0.009,-67.281,-65.225,-66.849,-0.881,0.305,0.003,-0.028,-0.020,-0.031,0.001,-0.002,-19.318,0.003,-19.436,-19.309,-19.461
2.030,6.166,-0.001,0.986,-0.001,-0.000,-0.168,0.009,0.009,-65.892,0.009,-67.475,-65.418,-67.044,-0.882,0.305,0.005,-0.033,-0.019,-0.031,0.001,-0.001,-19.325,0.004,-19.403,-19.335,-19.454
2.021,6.170,-0.001,0.986,-0.001,-0.000,-0.169,0.009,0.009,-66.086,0.009,-67.669,-65.611,-67.238,-0.882,0.306,0.008,-0.046,-0.016,-0.030,0.001,-0.000,-19.333,0.004,-19.365,-19.359,-19.445
2.012,6.173,-0.001,0.986,-0.001,-0.000,-0.169,0.009,0.009,-66.279,0.009,-67.863,-65.805,-67.433,-0.883,0.306,0.010,-0.062,-0.013,-0.030,0.001,0.000,-19.346,0.003,-19.323,-19.383,-19.429
2.003,6.176,-0.001,0.986,-0.001,-0.000,-0.169,0.009,0.009,-66.473,0.009,-68.056,-65.999,-67.627,-0.884,0.307,0.011,-0.079,-0.010,-0.031,0.000,0.001,-19.363,0.003,-19.276,-19.409,-19.405
1.994,6.179,-0.001,0.986,-0.002,-0.000,-0.169,0.009,0.009,-66.666,0.009,-68.248,-66.193,-67.821,-0.885,0.308,0.012,-0.092,-0.006,-0.031,0.000,0.001,-19.385,0.002,-19.225,-19.439,-19.371
1.985,6.182,-0.001,0.986,-0.002,-0.000,-0.169,0.009,0.009,-66.860,0.009,-68.440,-66.388,-68.014,-0.887,0.308,0.013,-0.096,-0.002,-0.031,0.000,0.002,-19.410,0.001,-19.174,-19.473,-19.329
1.977,6.185,-0.001,0.986,-0.003,-0.000,-0.169,0.009,0.009,-67.055,0.009,-68.632,-66.583,-68.207,-0.889,0.309,0.013,-0.088,0.001,-0.031,0.000,0.002,-19.434,0.001,-19.126,-19.507,-19.280
1.968,6.188,-0.000,0.986,-0.003,-0.000,-0.169,0.009,0.009,-67.249,0.009,-68.823,-66.778,-68.400,-0.890,0.310,0.013,-0.068,0.004,-0.031,0.000,0.003,-19.455,0.001,-19.085,-19.539,-19.229
1.959,6.191,-0.000,0.986,-0.003,0.000,-0.170,0.009,0.009,-67.444,0.009,-69.013,-66.974,-68.592,-0.892,0.311,0.012,-0.036,0.007,-0.031,0.001,0.003,-19.466,0.000,-19.056,-19.564,-19.182
1.950,6.194,-0.000,0.985,-0.004,0.000,-0.170,0.009,0.009,-67.638,0.009,-69.204,-67.169,-68.784,-0.893,0.312,0.011,0.007,0.010,-0.030,0.001,0.004,-19.466,0.000,-19.042,-19.579,-19.144
1.941,6.197,-0.000,0.985,-0.003,0.000,-0.170,0.009,0.009,-67.833,0.009,-69.394,-67.365,-68.975,-0.895,0.313,0.009,0.055,0.012,-0.029,0.001,0.005,-19.451,-0.000,-19.046,-19.578,-19.119
1.932,6.200,-0.000,0.985,-0.003,0.000,-0.170,0.009,0.009,-68.027,0.009,-69.585,-67.561,-69.166,-0.896,0.314,0.007,0.105,0.015,-0.028,0.001,0.006,-19.422,-0.001,-19.070,-19.560,-19.113
1.923,6.204,-0.000,0.985,-0.002,0.000,-0.170,0.009,0.009,-68.221,0.009,-69.776,-67.756,-69.357,-0.897,0.315,0.005,0.151,0.019,-0.027,0.001,0.008,-19.379,-0.001,-19.115,-19.522,-19.127
1.914,6.207,0.000,0.985,-0.001,0.000,-0.170,0.009,0.009,-68.415,0.009,-69.967,-67.951,-69.549,-0.898,0.315,0.002,0.186,0.022,-0.025,0.001,0.008,-19.326,-0.001,-19.177,-19.466,-19.161
1.905,6.210,0.000,0.985,-0.000,0.000,-0.170,0.009,0.009,-68.608,0.009,-70.159,-68.145,-69.740,-0.898,0.315,-0.000,0.206,0.024,-0.024,0.001,0.008,-19.264,-0.001,-19.255,-19.391,-19.211
1.896,6.213,0.000,0.985,0.001,-0.000,-0.171,0.009,0.009,-68.800,0.009,-70.352,-68.339,-69.933,-0.898,0.316,-0.003,0.208,0.023,-0.023,0.001,0.008,-19.200,-0.001,-19.343,-19.304,-19.274
1.887,6.216,-0.000,0.985,0.002,-0.000,-0.171,0.009,0.009,-68.992,0.009,-70.546,-68.532,-70.126,-0.898,0.315,-0.005,0.192,0.020,-0.022,0.001,0.006,-19.136,-0.001,-19.433,-19.211,-19.345
1.878,6.219,-0.000,0.985,0.002,-0.000,-0.171,0.009,0.010,-69.183,0.009,-70.741,-68.723,-70.320,-0.897,0.315,-0.007,0.159,0.016,-0.022,0.000,0.004,-19.079,-0.001,-19.519,-19.119,-19.417
1.869,6.223,-0.000,0.985,0.003,-0.000,-0.171,0.009,0.010,-69.373,0.009,-70.937,-68.914,-70.514,-0.896,0.315,-0.009,0.116,0.012,-0.023,-0.000,0.002,-19.034,-0.001,-19.592,-19.036,-19.485
1.860,6.226,-0.000,0.985,0.004,-0.000,-0.171,0.009,0.010,-69.564,0.009,-71.133,-69.104,-70.709,-0.895,0.315,-0.010,0.066,0.009,-0.023,-0.001,-0.001,-19.004,-0.002,-19.650,-18.969,-19.544
1.851,6.229,-0.000,0.985,0.004,-0.000,-0.171,0.009,0.010,-69.754,0.009,-71.329,-69.293,-70.905,-0.894,0.314,-0.011,0.014,0.007,-0.024,-0.002,-0.003,-18.990,-0.002,-19.689,-18.922,-19.590
1.842,6.232,-0.000,0.985,0.004,-0.000,-0.171,0.009,0.010,-69.943,0.009,-71.526,-69.482,-71.101,-0.892,0.314,-0.012,-0.034,0.004,-0.026,-0.002,-0.005,-18.995,-0.003,-19.710,-18.896,-19.620
1.833,6.235,-0.001,0.985,0.004,-0.000,-0.171,0.009,0.009,-70.133,0.009,-71.724,-69.671,-71.298,-0.890,0.314,-0.013,-0.075,0.002,-0.027,-0.002,-0.006,-19.015,-0.003,-19.713,-18.893,-19.633
1.824,6.238,-0.001,0.985,0.003,-0.000,-0.171,0.009,0.009,-70.324,0.009,-71.921,-69.860,-71.494,-0.888,0.314,-0.013,-0.104,-0.001,-0.029,-0.002,-0.007,-19.049,-0.004,-19.701,-18.910,-19.630
1.816,6.241,-0.001,0.985,0.003,0.000,-0.172,0.009,0.009,-70.514,0.009,-72.118,-70.050,-71.690,-0.887,0.313,-0.012,-0.119,-0.004,-0.030,-0.002,-0.008,-19.092,-0.004,-19.677,-18.944,-19.613
1.807,6.245,-0.001,0.985,0.002,0.000,-0.172,0.009,0.009,-70.706,0.009,-72.314,-70.239,-71.886,-0.885,0.313,-0.011,-0.120,-0.009,-0.031,-0.002,-0.008,-19.139,-0.003,-19.646,-18.990,-19.587
1.798,6.247,-0.001,0.985,0.001,0.000,-0.173,0.356,0.299,-70.895,0.258,-72.509,-70.428,-72.085,-0.900,0.271,-0.002,-0.188,-0.058,-0.315,50.273,43.899,-18.675,37.806,-19.471,-18.536,-20.105
1.789,6.250,-0.001,0.985,-0.000,-0.001,-0.175,0.720,0.651,-71.079,0.546,-72.705,-70.606,-72.287,-0.894,0.189,0.034,-0.273,-0.274,-0.741,16.715,17.406,-18.153,14.884,-19.816,-17.168,-20.387
1.780,6.251,-0.000,0.984,-0.002,-0.002,-0.180,0.742,0.680,-71.257,0.595,-72.904,-70.771,-72.493,-0.891,0.150,0.038,-0.174,-0.287,-1.002,-10.876,-12.092,-17.619,-4.505,-19.946,-16.250,-20.650
1.771,6.253,-0.000,0.983,-0.002,-0.003,-0.185,0.548,0.448,-71.433,0.483,-73.104,-70.934,-72.700,-0.897,0.165,-0.012,-0.016,0.039,-1.004,-24.511,-30.144,-17.595,-15.822,-19.971,-16.316,-20.889
1.762,6.255,-0.001,0.982,-0.002,-0.002,-0.190,0.341,0.193,-71.609,0.337,-73.304,-71.098,-72.910,-0.902,0.187,-0.050,0.117,0.295,-0.970,-13.237,-16.438,-17.599,-10.629,-19.982,-16.530,-21.052
1.753,6.257,-0.001,0.981,-0.001,-0.001,-0.194,0.339,0.183,-71.783,0.318,-73.504,-71.264,-73.119,-0.886,0.213,-0.026,0.133,0.154,-0.840,11.752,13.445,-17.252,6.432,-20.193,-16.704,-20.753
1.744,6.259,-0.001,0.980,-0.000,-0.000,-0.198,0.464,0.348,-71.954,0.393,-73.708,-71.430,-73.326,-0.875,0.205,-0.000,0.005,-0.003,-0.873,9.445,15.253,-16.999,6.348,-20.523,-16.433,-20.564
1.735,6.261,-0.001,0.979,-0.001,-0.001,-0.203,0.518,0.454,-72.124,0.430,-73.915,-71.591,-73.531,-0.870,0.180,0.014,-0.126,-0.072,-1.028,1.719,5.595,-16.903,1.659,-20.894,-15.844,-20.558
1.727,6.262,-0.001,0.978,-0.002,-0.001,-0.208,0.514,0.481,-72.292,0.434,-74.126,-71.747,-73.737,-0.866,0.164,0.018,-0.168,-0.078,-1.169,-1.932,0.637,-16.826,-0.717,-21.242,-15.307,-20.586
1.718,6.264,-0.001,0.977,-0.002,-0.001,-0.214,0.489,0.476,-72.460,0.422,-74.340,-71.898,-73.943,-0.864,0.161,0.016,-0.143,-0.041,-1.248,-2.670,-1.212,-16.773,-1.512,-21.498,-14.992,-20.590
1.710,6.266,-0.001,0.975,-0.003,-0.001,-0.220,0.465,0.461,-72.628,0.406,-74.555,-72.048,-74.149,-0.864,0.169,0.013,-0.104,0.002,-1.279,-2.131,-1.605,-16.756,-1.436,-21.593,-14.879,-20.576
1.701,6.267,-0.000,0.974,-0.003,-0.001,-0.227,0.448,0.446,-72.795,0.394,-74.771,-72.196,-74.355,-0.863,0.181,0.011,-0.075,0.033,-1.281,-1.287,-1.423,-16.762,-1.007,-21.593,-14.882,-20.537
1.692,6.269,-0.000,0.972,-0.004,-0.001,-0.233,0.439,0.433,-72.963,0.386,-74.987,-72.345,-74.560,-0.862,0.196,0.009,-0.055,0.047,-1.269,-0.579,-1.088,-16.781,-0.552,-21.542,-14.938,-20.473
1.684,6.271,-0.000,0.971,-0.004,-0.000,-0.239,0.435,0.424,-73.131,0.383,-75.202,-72.495,-74.764,-0.861,0.211,0.008,-0.040,0.049,-1.250,-0.153,-0.777,-16.806,-0.252,-21.467,-15.017,-20.396
1.675,6.273,-0.000,0.970,-0.004,-0.000,-0.245,0.435,0.418,-73.299,0.381,-75.416,-72.646,-74.968,-0.859,0.226,0.006,-0.022,0.045,-1.229,0.044,-0.538,-16.829,-0.103,-21.386,-15.102,-20.317
1.666,6.276,-0.000,0.968,-0.004,0.000,-0.251,0.436,0.413,-73.468,0.380,-75.630,-72.797,-75.170,-0.856,0.241,0.004,0.004,0.039,-1.207,0.100,-0.370,-16.846,-0.039,-21.309,-15.185,-20.244
1.658,6.278,-0.000,0.966,-0.004,0.000,-0.257,0.437,0.410,-73.636,0.380,-75.842,-72.949,-75.372,-0.853,0.256,0.001,0.037,0.033,-1.184,0.089,-0.255,-16.851,-0.019,-21.244,-15.264,-20.184
1.649,6.281,-0.000,0.965,-0.003,0.000,-0.262,0.437,0.408,-73.805,0.380,-76.055,-73.102,-75.574,-0.849,0.270,-0.002,0.074,0.028,-1.162,0.058,-0.178,-16.840,-0.042,-21.198,-15.331,-20.144
1.641,6.284,-0.000,0.963,-0.003,0.000,-0.268,0.438,0.406,-73.973,0.379,-76.267,-73.256,-75.775,-0.845,0.283,-0.005,0.111,0.022,-1.144,0.028,-0.124,-16.812,-0.041,-21.177,-15.375,-20.128
1.632,6.287,-0.000,0.962,-0.002,0.000,-0.273,0.438,0.405,-74.141,0.379,-76.478,-73.410,-75.977,-0.841,0.294,-0.007,0.145,0.013,-1.131,0.010,-0.087,-16.767,-0.034,-21.184,-15.384,-20.135
1.624,6.290,-0.000,0.960,-0.002,-0.000,-0.279,0.438,0.405,-74.308,0.379,-76.690,-73.564,-76.178,-0.836,0.304,-0.008,0.170,0.001,-1.123,0.001,-0.060,-16.704,-0.025,-21.215,-15.364,-20.165
1.616,6.293,-0.000,0.959,-0.001,-0.000,-0.284,0.438,0.404,-74.475,0.378,-76.903,-73.717,-76.380,-0.831,0.313,-0.007,0.184,-0.010,-1.117,-0.002,-0.041,-16.628,-0.016,-21.261,-15.322,-20.212
1.607,6.296,-0.000,0.957,0.000,-0.001,-0.290,0.438,0.404,-74.641,0.378,-77.116,-73.870,-76.582,-0.826,0.322,-0.005,0.182,-0.019,-1.114,-0.002,-0.028,-16.542,-0.009,-21.316,-15.261,-20.272
1.599,6.299,-0.000,0.956,0.001,-0.001,-0.295,0.438,0.404,-74.806,0.378,-77.329,-74.022,-76.786,-0.821,0.329,-0.003,0.169,-0.028,-1.115,-0.001,-0.019,-16.453,-0.002,-21.377,-15.179,-20.340
1.591,6.302,-0.000,0.954,0.002,-0.001,-0.300,0.438,0.403,-74.970,0.378,-77.543,-74.173,-76.989,-0.816,0.336,0.001,0.149,-0.033,-1.120,0.000,-0.012,-16.367,0.005,-21.441,-15.079,-20.410
1.583,6.306,-0.000,0.952,0.002,-0.002,-0.306,0.438,0.403,-75.133,0.378,-77.758,-74.324,-77.194,-0.811,0.343,0.004,0.124,-0.033,-1.127,0.002,-0.008,-16.289,0.016,-21.498,-14.975,-20.478
1.575,6.309,-0.000,0.950,0.003,-0.002,-0.311,0.438,0.403,-75.296,0.378,-77.973,-74.473,-77.399,-0.807,0.350,0.006,0.097,-0.027,-1.134,0.005,-0.004,-16.226,0.029,-21.547,-14.876,-20.540
1.567,6.313,-0.000,0.949,0.003,-0.002,-0.316,0.438,0.403,-75.458,0.379,-78.189,-74.621,-77.604,-0.803,0.357,0.006,0.069,-0.015,-1.141,0.007,-0.001,-16.179,0.038,-21.585,-14.786,-20.590
1.559,6.316,-0.000,0.947,0.003,-0.002,-0.322,0.438,0.403,-75.619,0.379,-78.405,-74.769,-77.811,-0.799,0.365,0.006,0.042,-0.000,-1.151,0.007,0.002,-16.150,0.040,-21.625,-14.699,-20.631
1.551,6.320,-0.000,0.945,0.004,-0.002,-0.327,0.438,0.403,-75.781,0.380,-78.621,-74.915,-78.017,-0.795,0.372,0.004,0.017,0.016,-1.164,0.006,0.004,-16.134,0.038,-21.677,-14.609,-20.661
1.543,6.324,-0.000,0.943,0.004,-0.002,-0.333,0.438,0.403,-75.942,0.380,-78.838,-75.061,-78.224,-0.792,0.379,0.001,-0.004,0.030,-1.180,0.005,0.006,-16.126,0.032,-21.740,-14.515,-20.680
1.535,6.328,-0.000,0.941,0.004,-0.002,-0.338,0.438,0.403,-76.103,0.380,-79.056,-75.206,-78.431,-0.788,0.385,-0.002,-0.019,0.036,-1.196,0.003,0.006,-16.126,0.018,-21.807,-14.425,-20.689
1.527,6.332,-0.000,0.939,0.004,-0.002,-0.344,0.438,0.403,-76.264,0.380,-79.274,-75.349,-78.638,-0.783,0.392,-0.004,-0.031,0.034,-1.211,0.001,0.006,-16.129,0.010,-21.869,-14.343,-20.687
1.519,6.336,-0.000,0.937,0.004,-0.002,-0.350,0.438,0.403,-76.426,0.380,-79.493,-75.492,-78.844,-0.778,0.399,-0.005,-0.040,0.025,-1.225,0.001,0.005,-16.136,0.007,-21.921,-14.276,-20.679
1.512,6.340,-0.000,0.935,0.003,-0.001,-0.356,0.438,0.404,-76.587,0.380,-79.713,-75.635,-79.051,-0.774,0.407,-0.005,-0.049,0.012,-1.236,0.001,0.005,-16.147,0.006,-21.960,-14.222,-20.669
1.504,6.344,-0.000,0.932,0.003,-0.001,-0.361,0.438,0.404,-76.749,0.381,-79.933,-75.777,-79.258,-0.769,0.414,-0.004,-0.062,-0.005,-1.247,0.001,0.003,-16.160,0.007,-21.981,-14.185,-20.658
1.496,6.348,-0.000,0.930,0.003,-0.001,-0.367,0.438,0.404,-76.910,0.381,-80.152,-75.919,-79.464,-0.764,0.423,-0.002,-0.079,-0.023,-1.256,0.000,0.002,-16.178,0.006,-21.975,-14.170,-20.648
1.489,6.352,-0.000,0.928,0.002,-0.001,-0.373,0.438,0.404,-77.072,0.381,-80.372,-76.060,-79.671,-0.759,0.431,0.000,-0.099,-0.038,-1.262,-0.000,-0.000,-16.202,0.006,-21.945,-14.178,-20.637
1.481,6.356,-0.000,0.925,0.002,-0.001,-0.379,0.438,0.404,-77.234,0.381,-80.592,-76.202,-79.877,-0.756,0.437,-0.003,-0.163,-0.013,-1.295,-0.001,-0.003,-16.247,0.001,-21.987,-14.148,-20.668
1.473,6.361,-0.000,0.923,0.001,-0.001,-0.385,0.438,0.404,-77.397,0.381,-80.811,-76.344,-80.084,-0.750,0.449,0.002,-0.154,-0.033,-1.283,-0.001,-0.003,-16.298,0.002,-21.880,-14.229,-20.619
1.466,6.365,-0.000,0.920,0.000,-0.001,-0.391,0.438,0.403,-77.560,0.381,-81.029,-76.487,-80.290,-0.744,0.460,0.005,-0.152,-0.035,-1.277,-0.001,-0.004,-16.358,0.002,-21.779,-14.316,-20.566
1.459,6.370,-0.000,0.918,-0.001,-0.000,-0.397,0.438,0.403,-77.724,0.381,-81.247,-76.630,-80.495,-0.739,0.472,0.006,-0.152,-0.023,-1.272,-0.001,-0.004,-16.427,0.000,-21.683,-14.410,-20.508
1.451,6.375,-0.000,0.915,-0.001,-0.000,-0.402,0.438,0.403,-77.889,0.381,-81.463,-76.775,-80.700,-0.733,0.483,0.005,-0.148,-0.005,-1.265,-0.001,-0.004,-16.505,-0.003,-21.581,-14.515,-20.443
1.444,6.380,-0.000,0.913,-0.002,0.000,-0.408,0.438,0.403,-78.054,0.381,-81.678,-76.921,-80.904,-0.727,0.495,0.004,-0.137,0.015,-1.253,-0.001,-0.004,-16.587,-0.007,-21.474,-14.630,-20.366
1.437,6.385,-0.000,0.910,-0.003,0.000,-0.414,0.438,0.403,-78.221,0.381,-81.892,-77.067,-81.107,-0.720,0.508,0.002,-0.118,0.027,-1.234,-0.002,-0.003,-16.666,-0.012,-21.375,-14.754,-20.272
1.430,6.390,-0.000,0.908,-0.003,0.001,-0.419,0.438,0.403,-78.388,0.380,-82.106,-77.216,-81.309,-0.711,0.521,0.001,-0.092,0.028,-1.206,-0.004,-0.003,-16.733,-0.038,-21.290,-14.885,-20.164
1.422,6.395,-0.000,0.905,-0.003,0.001,-0.425,0.438,0.403,-78.555,0.380,-82.318,-77.365,-81.510,-0.702,0.534,-0.001,-0.058,0.029,-1.177,-0.007,-0.002,-16.778,-0.060,-21.220,-15.017,-20.065
1.415,6.401,-0.000,0.903,-0.003,0.001,-0.430,0.438,0.403,-78.723,0.379,-82.530,-77.516,-81.711,-0.694,0.547,-0.005,-0.013,0.039,-1.148,-0.009,-0.002,-16.796,-0.054,-21.167,-15.146,-19.992
1.409,6.406,-0.000,0.900,-0.003,0.001,-0.435,0.438,0.403,-78.891,0.379,-82.742,-77.668,-81.910,-0.685,0.558,-0.009,0.033,0.046,-1.127,-0.007,-0.001,-16.803,-0.044,-21.133,-15.245,-19.947
1.402,6.412,-0.000,0.898,-0.003,0.001,-0.440,0.438,0.403,-79.059,0.378,-82.953,-77.821,-82.110,-0.677,0.567,-0.012,0.073,0.045,-1.114,-0.004,0.000,-16.806,-0.032,-21.124,-15.293,-19.926
1.395,6.417,-0.001,0.895,-0.002,0.001,-0.445,0.438,0.403,-79.227,0.378,-83.164,-77.974,-82.309,-0.669,0.574,-0.014,0.102,0.036,-1.108,-0.002,0.001,-16.797,-0.020,-21.135,-15.301,-19.927
1.388,6.423,-0.001,0.893,-0.002,0.001,-0.450,0.438,0.403,-79.395,0.378,-83.376,-78.127,-82.508,-0.662,0.580,-0.014,0.117,0.019,-1.104,-0.000,0.001,-16.774,-0.012,-21.161,-15.280,-19.946
1.382,6.429,-0.001,0.890,-0.001,0.001,-0.455,0.438,0.403,-79.563,0.378,-83.587,-78.279,-82.708,-0.654,0.584,-0.012,0.116,-0.006,-1.105,0.000,-0.000,-16.737,-0.007,-21.200,-15.231,-19.976
1.375,6.435,-0.001,0.888,-0.001,0.001,-0.460,0.438,0.403,-79.730,0.378,-83.800,-78.431,-82.908,-0.646,0.588,-0.008,0.106,-0.036,-1.109,0.001,-0.001,-16.692,-0.000,-21.245,-15.162,-20.014
1.369,6.441,-0.001,0.885,-0.001,0.000,-0.465,0.438,0.403,-79.897,0.378,-84.012,-78.582,-83.108,-0.639,0.592,-0.003,0.092,-0.060,-1.112,0.001,-0.003,-16.638,0.006,-21.283,-15.098,-20.062
1.363,6.447,-0.001,0.883,-0.000,-0.000,-0.470,0.438,0.403,-80.063,0.378,-84.225,-78.733,-83.309,-0.631,0.598,0.000,0.077,-0.075,-1.114,0.002,-0.004,-16.574,0.014,-21.307,-15.053,-20.118
1.356,6.453,-0.001,0.880,-0.000,-0.001,-0.475,0.438,0.403,-80.228,0.378,-84.438,-78.884,-83.511,-0.624,0.604,0.003,0.062,-0.078,-1.112,0.002,-0.005,-16.503,0.022,-21.317,-15.034,-20.180
1.350,6.459,-0.001,0.877,-0.000,-0.001,-0.480,0.438,0.403,-80.393,0.378,-84.652,-79.034,-83.713,-0.617,0.611,0.005,0.050,-0.072,-1.108,0.003,-0.006,-16.426,0.027,-21.315,-15.039,-20.242
1.344,6.465,-0.001,0.875,-0.000,-0.002,-0.484,0.438,0.403,-80.557,0.379,-84.865,-79.184,-83.915,-0.609,0.619,0.006,0.040,-0.059,-1.102,0.003,-0.006,-16.349,0.028,-21.306,-15.064,-20.301
1.338,6.471,-0.001,0.872,-0.000,-0.002,-0.489,0.438,0.403,-80.720,0.379,-85.078,-79.335,-84.119,-0.602,0.628,0.006,0.036,-0.044,-1.097,0.003,-0.005,-16.281,0.028,-21.295,-15.094,-20.353
1.332,6.478,-0.001,0.869,0.000,-0.002,-0.494,0.438,0.403,-80.882,0.379,-85.291,-79.486,-84.322,-0.596,0.635,0.006,0.035,-0.031,-1.094,0.003,-0.003,-16.226,0.028,-21.288,-15.116,-20.397
1.326,6.484,-0.001,0.867,0.000,-0.002,-0.499,0.438,0.403,-81.044,0.380,-85.504,-79.638,-84.527,-0.589,0.643,0.006,0.036,-0.019,-1.093,0.003,-0.002,-16.182,0.029,-21.286,-15.129,-20.435
1.320,6.490,-0.001,0.864,0.000,-0.003,-0.504,0.438,0.403,-81.206,0.380,-85.716,-79.789,-84.731,-0.583,0.650,0.006,0.036,-0.010,-1.093,0.004,-0.000,-16.147,0.034,-21.286,-15.132,-20.468
1.314,6.497,-0.001,0.861,0.000,-0.003,-0.508,0.438,0.403,-81.367,0.380,-85.929,-79.940,-84.936,-0.576,0.657,0.006,0.033,-0.002,-1.095,0.004,0.001,-16.121,0.032,-21.287,-15.123,-20.498
1.309,6.504,-0.001,0.858,0.001,-0.003,-0.513,0.438,0.403,-81.528,0.380,-86.142,-80.091,-85.141,-0.570,0.664,0.006,0.026,0.002,-1.098,0.002,0.002,-16.105,0.020,-21.288,-15.100,-20.523
1.303,6.510,-0.000,0.856,0.001,-0.003,-0.518,0.438,0.403,-81.689,0.381,-86.355,-80.242,-85.346,-0.565,0.669,0.008,0.016,-0.003,-1.109,0.002,0.003,-16.103,0.015,-21.292,-15.040,-20.542
1.297,6.517,-0.000,0.853,0.001,-0.003,-0.522,0.438,0.403,-81.850,0.381,-86.568,-80.392,-85.552,-0.560,0.673,0.011,0.009,-0.019,-1.131,0.002,0.005,-16.081,0.013,-21.310,-14.941,-20.561
1.292,6.524,-0.000,0.850,0.001,-0.003,-0.527,0.438,0.403,-82.011,0.381,-86.781,-80.541,-85.758,-0.556,0.676,0.014,0.006,-0.029,-1.158,0.002,0.007,-16.053,0.011,-21.339,-14.820,-20.586
1.286,6.530,-0.000,0.847,0.001,-0.003,-0.532,0.438,0.403,-82.171,0.381,-86.995,-80.688,-85.964,-0.554,0.679,0.015,-0.001,-0.020,-1.194,0.002,0.008,-16.037,0.008,-21.390,-14.680,-20.623
1.281,6.537,0.000,0.843,0.001,-0.003,-0.537,0.438,0.403,-82.332,0.381,-87.209,-80.834,-86.170,-0.550,0.683,0.013,-0.015,0.001,-1.229,0.002,0.008,-16.037,0.004,-21.462,-14.543,-20.654
1.275,6.544,0.000,0.840,0.000,-0.003,-0.543,0.438,0.403,-82.492,0.381,-87.424,-80.979,-86.377,-0.550,0.686,0.005,-0.089,0.065,-1.286,-0.000,0.004,-16.084,-0.005,-21.611,-14.371,-20.718
1.270,6.551,0.000,0.836,0.000,-0.002,-0.548,0.438,0.403,-82.653,0.381,-87.641,-81.122,-86.584,-0.546,0.691,-0.001,-0.140,0.117,-1.324,-0.002,0.001,-16.133,-0.012,-21.730,-14.254,-20.749
1.264,6.558,0.000,0.833,0.000,-0.001,-0.554,0.438,0.403,-82.815,0.381,-87.858,-81.265,-86.791,-0.534,0.702,0.003,-0.093,0.100,-1.304,-0.000,0.004,-16.182,-0.011,-21.682,-14.279,-20.663
1.259,6.565,0.000,0.829,0.000,-0.001,-0.559,0.438,0.403,-82.977,0.381,-88.075,-81.408,-86.997,-0.524,0.711,0.004,-0.060,0.092,-1.289,0.000,0.005,-16.248,-0.011,-21.643,-14.313,-20.558
1.254,6.572,0.000,0.826,0.000,-0.000,-0.564,0.438,0.403,-83.140,0.381,-88.291,-81.551,-87.203,-0.514,0.720,0.002,-0.043,0.095,-1.279,0.000,0.005,-16.320,-0.015,-21.634,-14.336,-20.458
1.249,6.579,0.000,0.822,0.000,0.000,-0.570,0.438,0.403,-83.304,0.380,-88.508,-81.694,-87.407,-0.503,0.728,-0.002,-0.033,0.100,-1.271,-0.003,0.004,-16.391,-0.043,-21.645,-14.352,-20.360
1.244,6.587,0.000,0.818,0.000,0.001,-0.575,0.438,0.403,-83.468,0.380,-88.724,-81.838,-87.610,-0.493,0.735,-0.007,-0.025,0.100,-1.261,-0.008,0.001,-16.454,-0.063,-21.669,-14.366,-20.262
1.239,6.594,0.000,0.815,0.001,0.001,-0.580,0.438,0.403,-83.633,0.379,-88.941,-81.982,-87.812,-0.481,0.742,-0.010,-0.017,0.088,-1.246,-0.012,-0.001,-16.507,-0.068,-21.690,-14.388,-20.163
1.234,6.602,0.000,0.811,0.001,0.002,-0.585,0.438,0.403,-83.798,0.378,-89.158,-82.126,-88.013,-0.468,0.748,-0.012,-0.006,0.059,-1.225,-0.012,-0.002,-16.550,-0.068,-21.691,-14.424,-20.066
1.229,6.609,-0.000,0.807,0.001,0.002,-0.590,0.438,0.403,-83.963,0.378,-89.375,-82.270,-88.213,-0.454,0.754,-0.011,0.007,0.018,-1.201,-0.009,-0.003,-16.579,-0.057,-21.670,-14.472,-19.980
1.225,6.617,-0.000,0.804,0.001,0.002,-0.595,0.438,0.403,-84.129,0.377,-89.591,-82.415,-88.413,-0.441,0.759,-0.011,0.017,-0.023,-1.181,-0.005,-0.003,-16.593,-0.036,-21.644,-14.519,-19.922
1.221,6.624,-0.000,0.800,0.001,0.002,-0.599,0.438,0.403,-84.295,0.377,-89.808,-82.560,-88.612,-0.429,0.764,-0.010,0.024,-0.055,-1.167,-0.001,-0.003,-16.592,-0.017,-21.620,-14.559,-19.899
1.216,6.632,-0.000,0.797,0.001,0.001,-0.604,0.438,0.403,-84.461,0.377,-90.024,-82.706,-88.811,-0.419,0.767,-0.011,0.028,-0.075,-1.158,0.001,-0.003,-16.577,-0.004,-21.602,-14.595,-19.908
1.212,6.640,-0.001,0.793,0.001,0.001,-0.609,0.438,0.403,-84.627,0.377,-90.240,-82.852,-89.010,-0.409,0.771,-0.011,0.031,-0.085,-1.154,0.002,-0.003,-16.553,0.005,-21.589,-14.624,-19.945
1.208,6.647,-0.001,0.790,0.000,0.000,-0.613,0.438,0.403,-84.792,0.377,-90.456,-82.999,-89.210,-0.399,0.773,-0.011,0.031,-0.086,-1.153,0.004,-0.002,-16.523,0.018,-21.580,-14.647,-20.002
1.204,6.655,-0.001,0.786,0.000,-0.000,-0.618,0.438,0.403,-84.957,0.377,-90.671,-83.145,-89.410,-0.390,0.776,-0.010,0.027,-0.081,-1.156,0.006,-0.001,-16.491,0.031,-21.576,-14.663,-20.070
1.200,6.663,-0.001,0.783,0.000,-0.000,-0.622,0.438,0.403,-85.122,0.378,-90.887,-83.292,-89.611,-0.382,0.779,-0.009,0.020,-0.070,-1.160,0.006,-0.001,-16.460,0.039,-21.576,-14.676,-20.142
1.197,6.671,-0.001,0.779,0.000,-0.001,-0.627,0.438,0.403,-85.286,0.378,-91.103,-83.439,-89.813,-0.373,0.781,-0.007,0.012,-0.055,-1.163,0.006,-0.000,-16.431,0.041,-21.577,-14.690,-20.211
1.193,6.678,-0.001,0.776,-0.000,-0.001,-0.631,0.438,0.403,-85.451,0.378,-91.319,-83.586,-90.015,-0.365,0.785,-0.006,0.003,-0.039,-1.165,0.005,-0.000,-16.404,0.039,-21.576,-14.708,-20.271
1.189,6.686,-0.001,0.772,-0.000,-0.001,-0.636,0.438,0.403,-85.615,0.379,-91.534,-83.733,-90.218,-0.355,0.788,-0.004,-0.004,-0.025,-1.165,0.004,-0.001,-16.381,0.035,-21.572,-14.731,-20.316
1.186,6.694,-0.001,0.768,-0.000,-0.001,-0.640,0.438,0.403,-85.778,0.379,-91.750,-83.880,-90.422,-0.346,0.792,-0.001,-0.008,-0.016,-1.162,0.003,-0.001,-16.360,0.033,-21.560,-14.758,-20.345
1.182,6.702,-0.001,0.764,-0.000,-0.001,-0.645,0.438,0.403,-85.942,0.379,-91.966,-84.028,-90.625,-0.336,0.796,0.001,-0.011,-0.014,-1.158,0.003,-0.002,-16.339,0.035,-21.540,-14.785,-20.361
1.179,6.710,-0.001,0.761,-0.000,-0.001,-0.649,0.438,0.403,-86.105,0.380,-92.181,-84.176,-90.829,-0.326,0.800,0.004,-0.011,-0.020,-1.154,0.004,-0.003,-16.318,0.042,-21.512,-14.810,-20.367
1.176,6.718,-0.001,0.757,-0.001,-0.001,-0.654,0.438,0.403,-86.268,0.380,-92.396,-84.324,-91.033,-0.317,0.804,0.007,-0.010,-0.032,-1.152,0.001,-0.004,-16.293,0.027,-21.478,-14.827,-20.369
1.173,6.726,-0.001,0.753,-0.001,-0.001,-0.658,0.438,0.403,-86.431,0.380,-92.610,-84.473,-91.236,-0.308,0.808,0.010,-0.008,-0.047,-1.152,-0.001,-0.005,-16.263,0.019,-21.439,-14.836,-20.372
1.170,6.734,-0.001,0.749,-0.001,-0.002,-0.662,0.438,0.403,-86.593,0.381,-92.825,-84.621,-91.440,-0.299,0.812,0.012,-0.007,-0.063,-1.156,-0.002,-0.006,-16.229,0.014,-21.396,-14.839,-20.383
1.167,6.742,-0.001,0.745,-0.001,-0.002,-0.667,0.438,0.403,-86.755,0.381,-93.038,-84.769,-91.644,-0.291,0.816,0.014,-0.008,-0.075,-1.162,-0.002,-0.007,-16.189,0.011,-21.350,-14.838,-20.401
1.164,6.751,-0.001,0.742,-0.001,-0.002,-0.671,0.438,0.403,-86.917,0.381,-93.252,-84.918,-91.848,-0.283,0.820,0.014,-0.012,-0.081,-1.169,-0.002,-0.006,-16.146,0.008,-21.303,-14.840,-20.429
1.161,6.759,-0.000,0.738,-0.002,-0.002,-0.675,0.438,0.403,-87.078,0.381,-93.464,-85.066,-92.052,-0.274,0.825,0.014,-0.019,-0.076,-1.176,-0.001,-0.006,-16.103,0.006,-21.256,-14.851,-20.462
1.158,6.767,-0.000,0.734,-0.002,-0.003,-0.680,0.438,0.403,-87.239,0.381,-93.677,-85.215,-92.257,-0.266,0.830,0.013,-0.029,-0.061,-1.180,-0.001,-0.005,-16.063,0.002,-21.210,-14.879,-20.495
