-3.000,7.000,0.001,1.000,0.000,0.000,0.000,-0.000,-0.000,0.000,-0.000,0.000,0.000,0.000,-0.000,-0.000,0.000,-0.000,-0.000,-0.000,0.000,0.000,-0.000,0.000,-0.000,-0.000,-0.000
-3.000,7.000,0.000,1.000,0.000,0.000,0.000,-0.223,-0.163,-0.001,-0.178,-0.001,-0.004,-0.004,-0.037,0.002,-0.000,0.003,0.019,0.025,-35.575,-26.848,-0.362,-30.165,-0.212,-0.806,-0.711
-3.001,7.000,0.000,1.000,0.000,0.000,0.000,-0.498,-0.388,-0.009,-0.446,-0.006,-0.015,-0.013,-0.060,0.008,-0.000,0.009,0.017,0.047,-15.588,-14.943,-1.090,-18.725,-0.838,-1.366,-1.178
-3.001,7.000,0.000,1.000,0.000,0.000,0.001,-0.518,-0.442,-0.023,-0.491,-0.018,-0.031,-0.026,-0.075,0.015,-0.000,0.010,0.010,0.079,10.843,3.628,-1.871,10.176,-1.667,-1.795,-1.472
-3.002,7.000,0.000,1.000,0.000,0.000,0.001,-0.330,-0.341,-0.046,-0.289,-0.039,-0.051,-0.043,-0.096,0.019,-0.000,0.005,0.008,0.101,22.670,14.602,-2.567,25.629,-2.365,-2.251,-1.824
-3.003,7.001,0.000,1.000,0.000,0.000,0.002,-0.161,-0.217,-0.074,-0.090,-0.064,-0.076,-0.064,-0.125,0.017,-0.000,-0.003,0.012,0.106,8.224,7.604,-3.052,10.859,-2.685,-2.822,-2.355
-3.005,7.001,0.000,1.000,0.000,0.000,0.002,-0.198,-0.228,-0.106,-0.108,-0.092,-0.108,-0.090,-0.156,0.017,-0.001,-0.004,0.012,0.114,-13.688,-8.603,-3.399,-12.720,-2.843,-3.442,-2.935
-3.006,7.001,0.000,1.000,0.000,0.000,0.003,-0.363,-0.340,-0.143,-0.285,-0.121,-0.145,-0.122,-0.180,0.024,-0.001,0.003,0.006,0.150,-15.598,-11.297,-3.917,-18.983,-3.152,-4.006,-3.358
-3.008,7.001,0.000,1.000,0.000,0.000,0.004,-0.450,-0.410,-0.185,-0.413,-0.156,-0.187,-0.157,-0.196,0.034,-0.001,0.010,-0.004,0.200,-0.930,-1.762,-4.577,-4.943,-3.687,-4.460,-3.601
-3.010,7.002,0.000,1.000,0.000,0.000,0.005,-0.387,-0.374,-0.234,-0.376,-0.195,-0.234,-0.194,-0.212,0.039,-0.001,0.004,-0.006,0.234,11.806,7.807,-5.195,10.906,-4.274,-4.870,-3.850
-3.013,7.002,0.000,1.000,0.000,0.000,0.006,-0.264,-0.284,-0.288,-0.251,-0.241,-0.285,-0.234,-0.235,0.038,-0.002,-0.008,-0.001,0.240,10.320,8.430,-5.674,11.081,-4.705,-5.321,-4.248
-3.015,7.002,0.000,1.000,0.000,0.000,0.007,-0.223,-0.241,-0.347,-0.203,-0.289,-0.341,-0.279,-0.261,0.036,-0.003,-0.013,0.003,0.241,-2.405,-0.074,-6.039,-1.762,-4.966,-5.823,-4.732
-3.018,7.003,0.000,1.000,0.000,0.000,0.008,-0.296,-0.280,-0.409,-0.277,-0.340,-0.402,-0.329,-0.284,0.039,-0.004,-0.009,0.002,0.267,-10.102,-6.482,-6.456,-11.215,-5.219,-6.334,-5.138
-3.021,7.003,0.000,1.000,0.000,0.000,0.010,-0.380,-0.338,-0.477,-0.380,-0.394,-0.467,-0.381,-0.301,0.046,-0.004,-0.004,-0.002,0.314,-5.218,-3.997,-6.991,-7.725,-5.590,-6.793,-5.401
-3.024,7.004,0.000,1.000,0.000,0.000,0.011,-0.384,-0.346,-0.549,-0.406,-0.452,-0.537,-0.436,-0.316,0.052,-0.005,-0.006,-0.003,0.354,3.950,2.230,-7.536,2.533,-6.040,-7.198,-5.623
-3.027,7.004,0.000,1.000,-0.000,0.000,0.013,-0.320,-0.303,-0.627,-0.347,-0.514,-0.611,-0.494,-0.334,0.052,-0.006,-0.014,-0.002,0.367,7.422,5.379,-7.995,7.634,-6.457,-7.591,-5.931
-3.030,7.005,0.000,1.000,-0.000,0.000,0.015,-0.267,-0.261,-0.709,-0.289,-0.581,-0.689,-0.555,-0.354,0.049,-0.007,-0.020,0.001,0.367,2.341,2.485,-8.368,3.038,-6.773,-8.004,-6.318
-3.034,7.005,0.000,1.000,-0.000,0.000,0.017,-0.280,-0.262,-0.794,-0.298,-0.650,-0.771,-0.620,-0.374,0.049,-0.008,-0.019,0.002,0.379,-4.350,-2.431,-8.737,-4.277,-7.035,-8.432,-6.685
-3.038,7.006,0.000,1.000,-0.000,0.000,0.019,-0.333,-0.296,-0.884,-0.355,-0.721,-0.858,-0.689,-0.390,0.052,-0.009,-0.014,-0.000,0.412,-4.952,-3.505,-9.167,-5.946,-7.322,-8.847,-6.960
-3.042,7.006,-0.000,1.000,-0.000,0.000,0.021,-0.360,-0.318,-0.978,-0.394,-0.796,-0.948,-0.759,-0.405,0.057,-0.010,-0.012,-0.002,0.448,-0.326,-0.637,-9.624,-1.410,-7.653,-9.231,-7.176
-3.046,7.007,-0.000,1.000,-0.000,0.000,0.023,-0.340,-0.308,-1.076,-0.380,-0.875,-1.042,-0.832,-0.419,0.058,-0.011,-0.014,-0.002,0.470,3.786,2.257,-10.038,3.577,-7.992,-9.591,-7.418
-3.050,7.007,-0.000,1.000,-0.001,0.000,0.026,-0.302,-0.282,-1.178,-0.341,-0.956,-1.140,-0.908,-0.435,0.055,-0.011,-0.018,-0.000,0.475,3.024,2.321,-10.395,3.521,-8.297,-9.942,-7.718
-3.055,7.008,-0.000,1.000,-0.001,0.000,0.028,-0.291,-0.271,-1.284,-0.323,-1.040,-1.241,-0.987,-0.451,0.053,-0.012,-0.018,0.000,0.479,-0.744,-0.107,-10.727,-0.213,-8.568,-10.291,-8.030
-3.059,7.008,-0.001,1.000,-0.001,0.000,0.031,-0.312,-0.282,-1.393,-0.342,-1.127,-1.346,-1.068,-0.465,0.052,-0.012,-0.012,-0.001,0.494,-2.820,-1.796,-11.077,-2.966,-8.827,-10.636,-8.299
-3.064,7.009,-0.001,0.999,-0.001,0.000,0.033,-0.335,-0.298,-1.506,-0.369,-1.217,-1.454,-1.153,-0.478,0.054,-0.011,-0.006,-0.002,0.519,-1.487,-1.206,-11.443,-2.041,-9.088,-10.972,-8.516
-3.069,7.009,-0.001,0.999,-0.001,0.000,0.036,-0.337,-0.302,-1.622,-0.377,-1.309,-1.565,-1.239,-0.490,0.054,-0.011,-0.002,-0.003,0.544,0.956,0.411,-11.797,0.578,-9.346,-11.294,-8.718
-3.074,7.010,-0.001,0.999,-0.001,0.000,0.039,-0.321,-0.292,-1.741,-0.362,-1.404,-1.680,-1.327,-0.503,0.053,-0.010,0.000,-0.003,0.557,1.885,1.307,-12.115,1.910,-9.597,-11.599,-8.943
-3.079,7.010,-0.001,0.999,-0.001,0.000,0.041,-0.307,-0.282,-1.864,-0.347,-1.501,-1.797,-1.418,-0.515,0.050,-0.009,0.002,-0.003,0.562,0.656,0.649,-12.406,0.923,-9.843,-11.888,-9.191
-3.084,7.011,-0.001,0.999,-0.001,0.000,0.044,-0.309,-0.281,-1.989,-0.346,-1.601,-1.917,-1.511,-0.527,0.047,-0.008,0.007,-0.003,0.568,-0.865,-0.413,-12.688,-0.665,-10.082,-12.163,-9.431
-3.089,7.011,-0.001,0.999,-0.001,0.000,0.047,-0.320,-0.287,-2.118,-0.357,-1.703,-2.040,-1.606,-0.538,0.045,-0.007,0.013,-0.004,0.581,-1.104,-0.721,-12.973,-1.233,-10.309,-12.433,-9.641
-3.095,7.012,-0.001,0.999,-0.001,0.000,0.050,-0.327,-0.293,-2.249,-0.366,-1.807,-2.166,-1.703,-0.549,0.044,-0.006,0.017,-0.005,0.599,-0.238,-0.273,-13.254,-0.468,-10.519,-12.698,-9.826
-3.100,7.012,-0.001,0.999,-0.000,0.000,0.053,-0.325,-0.292,-2.383,-0.366,-1.913,-2.294,-1.803,-0.560,0.043,-0.004,0.019,-0.005,0.616,0.561,0.275,-13.521,0.425,-10.720,-12.954,-10.006
-3.106,7.013,-0.001,0.998,-0.000,0.000,0.056,-0.319,-0.289,-2.519,-0.360,-2.021,-2.425,-1.904,-0.570,0.040,-0.003,0.019,-0.005,0.627,0.586,0.411,-13.768,0.581,-10.920,-13.196,-10.194
-3.112,7.013,-0.001,0.998,-0.000,0.000,0.059,-0.315,-0.286,-2.658,-0.356,-2.131,-2.558,-2.007,-0.580,0.036,-0.002,0.017,-0.004,0.634,0.107,0.147,-14.001,0.196,-11.121,-13.422,-10.388
-3.118,7.013,-0.001,0.998,-0.000,0.000,0.062,-0.316,-0.286,-2.799,-0.356,-2.244,-2.693,-2.111,-0.590,0.033,-0.001,0.015,-0.004,0.642,-0.271,-0.108,-14.227,-0.213,-11.316,-13.640,-10.575
-3.124,7.014,-0.001,0.998,-0.000,0.000,0.066,-0.319,-0.287,-2.943,-0.359,-2.358,-2.831,-2.218,-0.599,0.029,-0.000,0.012,-0.003,0.652,-0.262,-0.137,-14.449,-0.295,-11.500,-13.854,-10.748
-3.130,7.014,-0.001,0.998,-0.000,0.000,0.069,-0.321,-0.288,-3.088,-0.361,-2.474,-2.970,-2.326,-0.609,0.026,0.000,0.009,-0.003,0.664,-0.071,-0.050,-14.669,-0.129,-11.674,-14.065,-10.909
-3.136,7.014,-0.001,0.997,-0.000,0.000,0.072,-0.321,-0.288,-3.236,-0.362,-2.591,-3.112,-2.436,-0.618,0.023,0.000,0.004,-0.002,0.676,0.031,-0.009,-14.885,-0.037,-11.841,-14.271,-11.064
-3.142,7.014,-0.001,0.997,-0.000,0.000,0.076,-0.320,-0.288,-3.386,-0.362,-2.710,-3.256,-2.548,-0.626,0.019,0.001,0.000,-0.002,0.687,0.051,0.012,-15.095,-0.006,-12.004,-14.471,-11.215
-3.148,7.015,-0.001,0.997,-0.000,0.000,0.079,-0.320,-0.288,-3.538,-0.362,-2.831,-3.402,-2.660,-0.635,0.015,0.001,-0.003,-0.002,0.697,0.044,0.019,-15.299,0.000,-12.163,-14.667,-11.362
-3.155,7.015,-0.001,0.997,-0.000,0.000,0.083,-0.320,-0.288,-3.692,-0.362,-2.954,-3.549,-2.775,-0.643,0.011,0.001,-0.005,-0.002,0.706,0.025,0.015,-15.499,0.001,-12.318,-14.858,-11.507
-3.161,7.015,-0.001,0.996,-0.000,0.000,0.086,-0.319,-0.288,-3.848,-0.362,-3.078,-3.699,-2.891,-0.652,0.007,0.001,-0.004,-0.002,0.715,0.009,0.011,-15.693,0.000,-12.469,-15.044,-11.648
-3.168,7.015,-0.001,0.996,-0.000,0.000,0.090,-0.319,-0.288,-4.006,-0.362,-3.203,-3.850,-3.008,-0.660,0.002,0.001,0.000,-0.003,0.724,0.000,0.009,-15.881,0.000,-12.617,-15.226,-11.785
-3.174,7.015,-0.001,0.996,-0.000,0.000,0.093,-0.319,-0.288,-4.165,-0.362,-3.330,-4.003,-3.126,-0.667,-0.003,0.002,0.007,-0.004,0.732,-0.002,0.008,-16.062,0.000,-12.762,-15.402,-11.920
-3.181,7.015,-0.001,0.995,-0.000,0.000,0.097,-0.319,-0.287,-4.327,-0.362,-3.458,-4.158,-3.246,-0.675,-0.007,0.002,0.017,-0.005,0.741,-0.002,0.008,-16.236,0.001,-12.904,-15.572,-12.053
-3.188,7.015,-0.001,0.995,0.000,0.000,0.101,-0.319,-0.287,-4.490,-0.362,-3.588,-4.315,-3.367,-0.682,-0.013,0.004,0.029,-0.006,0.749,-0.000,0.008,-16.399,0.002,-13.045,-15.734,-12.185
-3.195,7.015,-0.001,0.995,0.000,0.000,0.104,-0.319,-0.287,-4.655,-0.362,-3.719,-4.473,-3.490,-0.690,-0.018,0.005,0.042,-0.007,0.757,0.001,0.008,-16.552,0.003,-13.184,-15.888,-12.316
-3.202,7.014,-0.001,0.994,0.001,0.000,0.108,-0.319,-0.287,-4.821,-0.362,-3.852,-4.632,-3.614,-0.697,-0.023,0.007,0.055,-0.008,0.765,0.002,0.008,-16.693,0.003,-13.321,-16.032,-12.446
-3.209,7.014,-0.001,0.994,0.001,0.000,0.112,-0.319,-0.287,-4.989,-0.362,-3.985,-4.793,-3.739,-0.704,-0.029,0.009,0.067,-0.008,0.774,0.003,0.008,-16.823,0.004,-13.456,-16.165,-12.576
-3.216,7.014,-0.001,0.993,0.001,0.000,0.116,-0.319,-0.287,-5.158,-0.362,-4.121,-4.956,-3.865,-0.711,-0.034,0.010,0.075,-0.008,0.782,0.003,0.007,-16.942,0.005,-13.589,-16.289,-12.704
-3.223,7.013,-0.001,0.993,0.002,0.000,0.120,-0.319,-0.287,-5.327,-0.362,-4.257,-5.119,-3.993,-0.718,-0.040,0.012,0.078,-0.007,0.790,0.003,0.007,-17.051,0.006,-13.719,-16.402,-12.831
-3.230,7.013,-0.001,0.992,0.002,0.000,0.124,-0.319,-0.287,-5.499,-0.362,-4.395,-5.284,-4.122,-0.725,-0.046,0.013,0.075,-0.005,0.798,0.003,0.007,-17.153,0.006,-13.844,-16.507,-12.956
-3.237,7.013,-0.001,0.992,0.002,0.000,0.128,-0.319,-0.287,-5.671,-0.362,-4.534,-5.449,-4.252,-0.731,-0.053,0.014,0.066,-0.003,0.806,0.003,0.006,-17.250,0.006,-13.963,-16.605,-13.075
-3.245,7.012,-0.000,0.991,0.003,0.000,0.132,-0.319,-0.287,-5.843,-0.362,-4.674,-5.616,-4.383,-0.738,-0.059,0.014,0.048,0.000,0.813,0.002,0.006,-17.345,0.007,-14.074,-16.698,-13.189
-3.252,7.011,-0.000,0.991,0.003,0.000,0.136,-0.319,-0.287,-6.017,-0.362,-4.816,-5.783,-4.516,-0.744,-0.066,0.013,0.025,0.004,0.820,0.002,0.005,-17.441,0.006,-14.177,-16.789,-13.295
-3.260,7.011,-0.000,0.990,0.003,0.000,0.140,-0.319,-0.287,-6.192,-0.362,-4.958,-5.951,-4.649,-0.750,-0.073,0.012,-0.005,0.007,0.827,0.002,0.004,-17.542,0.006,-14.270,-16.881,-13.391
-3.267,7.010,-0.000,0.990,0.003,0.000,0.144,-0.319,-0.287,-6.368,-0.362,-5.101,-6.121,-4.783,-0.755,-0.080,0.010,-0.037,0.010,0.833,0.001,0.003,-17.650,0.005,-14.351,-16.976,-13.476
-3.275,7.009,0.000,0.989,0.002,0.000,0.148,-0.319,-0.287,-6.545,-0.362,-5.245,-6.291,-4.919,-0.760,-0.087,0.008,-0.071,0.012,0.839,0.001,0.001,-17.766,0.004,-14.422,-17.076,-13.548
-3.282,7.008,0.000,0.988,0.002,0.000,0.152,-0.319,-0.287,-6.724,-0.362,-5.389,-6.462,-5.054,-0.765,-0.094,0.005,-0.104,0.014,0.844,0.000,-0.000,-17.892,0.003,-14.481,-17.184,-13.607
-3.290,7.007,0.000,0.988,0.001,0.000,0.157,-0.319,-0.287,-6.903,-0.362,-5.534,-6.635,-5.191,-0.769,-0.101,0.002,-0.133,0.016,0.848,-0.000,-0.002,-18.029,0.003,-14.531,-17.300,-13.655
-3.298,7.006,0.000,0.987,0.001,0.000,0.161,-0.319,-0.287,-7.084,-0.362,-5.680,-6.808,-5.327,-0.773,-0.108,-0.001,-0.155,0.016,0.852,-0.001,-0.003,-18.174,0.002,-14.572,-17.424,-13.691
-3.305,7.005,0.000,0.986,-0.000,0.000,0.165,-0.319,-0.287,-7.267,-0.362,-5.826,-6.983,-5.464,-0.776,-0.115,-0.003,-0.168,0.015,0.856,-0.001,-0.004,-18.326,0.002,-14.606,-17.554,-13.716
-3.313,7.004,0.000,0.986,-0.001,-0.000,0.169,-0.319,-0.287,-7.451,-0.361,-5.972,-7.159,-5.602,-0.778,-0.122,-0.005,-0.170,0.013,0.859,-0.001,-0.004,-18.483,0.001,-14.636,-17.689,-13.735
-3.321,7.003,0.000,0.985,-0.002,-0.000,0.173,-0.319,-0.287,-7.636,-0.361,-6.118,-7.337,-5.739,-0.780,-0.130,-0.007,-0.161,0.010,0.862,-0.001,-0.004,-18.638,0.001,-14.664,-17.827,-13.748
-3.329,7.001,-0.000,0.984,-0.003,-0.000,0.178,-0.319,-0.287,-7.824,-0.361,-6.265,-7.516,-5.877,-0.782,-0.137,-0.008,-0.142,0.006,0.865,-0.001,-0.004,-18.790,0.001,-14.693,-17.964,-13.761
-3.337,7.000,-0.000,0.983,-0.003,-0.000,0.182,-0.319,-0.287,-8.012,-0.361,-6.412,-7.696,-6.014,-0.783,-0.144,-0.009,-0.115,0.003,0.868,-0.000,-0.003,-18.934,0.001,-14.726,-18.098,-13.776
-3.344,6.998,-0.000,0.983,-0.004,-0.000,0.186,-0.319,-0.287,-8.202,-0.361,-6.560,-7.878,-6.152,-0.784,-0.151,-0.009,-0.082,0.001,0.871,-0.000,-0.002,-19.066,0.000,-14.765,-18.225,-13.796
-3.352,6.997,-0.000,0.982,-0.004,-0.000,0.190,-0.319,-0.287,-8.393,-0.361,-6.708,-8.061,-6.290,-0.785,-0.158,-0.009,-0.046,-0.001,0.874,-0.000,-0.001,-19.186,-0.000,-14.813,-18.342,-13.823
-3.360,6.995,-0.000,0.981,-0.004,-0.000,0.195,-0.319,-0.287,-8.586,-0.361,-6.856,-8.245,-6.429,-0.786,-0.166,-0.009,-0.009,-0.001,0.877,-0.000,0.000,-19.292,-0.001,-14.869,-18.448,-13.859
-3.368,6.994,-0.000,0.980,-0.004,-0.000,0.199,-0.319,-0.287,-8.779,-0.361,-7.005,-8.430,-6.568,-0.787,-0.173,-0.008,0.025,-0.001,0.880,-0.000,0.001,-19.384,-0.002,-14.935,-18.542,-13.904
-3.376,6.992,-0.001,0.979,-0.004,-0.000,0.203,-0.319,-0.287,-8.973,-0.361,-7.155,-8.615,-6.707,-0.788,-0.181,-0.008,0.054,-0.001,0.884,-0.000,0.002,-19.465,-0.002,-15.010,-18.623,-13.960
-3.384,6.990,-0.001,0.978,-0.004,-0.000,0.208,-0.319,-0.287,-9.169,-0.362,-7.305,-8.802,-6.847,-0.788,-0.188,-0.008,0.075,-0.000,0.887,0.000,0.003,-19.536,-0.003,-15.093,-18.693,-14.024
-3.392,6.988,-0.001,0.977,-0.003,-0.000,0.212,-0.319,-0.287,-9.364,-0.362,-7.457,-8.989,-6.987,-0.789,-0.196,-0.008,0.088,-0.000,0.891,0.000,0.003,-19.600,-0.003,-15.181,-18.753,-14.095
-3.400,6.986,-0.001,0.976,-0.003,-0.000,0.216,-0.319,-0.287,-9.560,-0.362,-7.609,-9.177,-7.129,-0.789,-0.203,-0.008,0.094,-0.002,0.894,0.000,0.004,-19.658,-0.003,-15.272,-18.806,-14.172
-3.407,6.984,-0.001,0.975,-0.002,0.000,0.221,-0.319,-0.287,-9.757,-0.362,-7.762,-9.365,-7.271,-0.789,-0.211,-0.008,0.092,-0.005,0.897,0.000,0.004,-19.711,-0.003,-15.363,-18.853,-14.252
-3.415,6.982,-0.001,0.974,-0.002,0.000,0.225,-0.319,-0.287,-9.955,-0.362,-7.916,-9.554,-7.414,-0.789,-0.219,-0.008,0.086,-0.009,0.900,0.000,0.005,-19.761,-0.003,-15.451,-18.898,-14.333
-3.423,6.980,-0.001,0.973,-0.001,0.000,0.230,-0.319,-0.287,-10.153,-0.362,-8.071,-9.743,-7.557,-0.789,-0.226,-0.007,0.077,-0.014,0.903,0.001,0.005,-19.808,-0.002,-15.534,-18.944,-14.415
-3.431,6.977,-0.001,0.972,-0.001,0.000,0.234,-0.319,-0.287,-10.351,-0.362,-8.227,-9.933,-7.702,-0.789,-0.234,-0.006,0.070,-0.020,0.906,0.001,0.005,-19.850,-0.001,-15.611,-18.990,-14.495
-3.439,6.975,-0.001,0.971,-0.001,0.000,0.238,-0.319,-0.287,-10.550,-0.362,-8.383,-10.123,-7.847,-0.789,-0.242,-0.004,0.065,-0.025,0.908,0.001,0.005,-19.888,-0.001,-15.682,-19.039,-14.574
-3.447,6.972,-0.001,0.970,-0.000,0.000,0.243,-0.319,-0.287,-10.749,-0.362,-8.541,-10.314,-7.993,-0.789,-0.249,-0.001,0.064,-0.029,0.911,0.001,0.006,-19.918,-0.000,-15.747,-19.087,-14.652
-3.455,6.970,-0.001,0.969,-0.000,0.000,0.247,-0.319,-0.287,-10.948,-0.362,-8.698,-10.505,-8.140,-0.789,-0.257,0.002,0.067,-0.031,0.914,0.001,0.006,-19.940,0.001,-15.808,-19.135,-14.728
-3.463,6.967,-0.001,0.968,0.000,-0.000,0.252,-0.319,-0.286,-11.147,-0.362,-8.857,-10.697,-8.288,-0.789,-0.265,0.005,0.074,-0.031,0.917,0.001,0.006,-19.953,0.001,-15.867,-19.179,-14.803
-3.471,6.965,-0.001,0.967,0.001,-0.000,0.256,-0.319,-0.286,-11.347,-0.362,-9.016,-10.889,-8.436,-0.790,-0.273,0.008,0.084,-0.027,0.920,0.001,0.006,-19.957,0.002,-15.925,-19.218,-14.878
-3.479,6.962,-0.001,0.965,0.001,-0.000,0.261,-0.319,-0.286,-11.546,-0.362,-9.175,-11.081,-8.586,-0.790,-0.281,0.010,0.093,-0.020,0.923,0.001,0.006,-19.955,0.002,-15.985,-19.249,-14.953
-3.486,6.959,-0.001,0.964,0.002,-0.000,0.265,-0.319,-0.286,-11.746,-0.362,-9.335,-11.273,-8.735,-0.791,-0.290,0.012,0.099,-0.010,0.927,0.001,0.006,-19.949,0.003,-16.047,-19.270,-15.026
-3.494,6.956,-0.001,0.963,0.002,0.000,0.269,-0.319,-0.286,-11.945,-0.362,-9.496,-11.466,-8.886,-0.792,-0.298,0.013,0.101,0.001,0.930,0.001,0.005,-19.943,0.003,-16.112,-19.281,-15.098
-3.502,6.953,-0.001,0.962,0.003,0.000,0.274,-0.319,-0.286,-12.145,-0.362,-9.658,-11.659,-9.037,-0.792,-0.307,0.012,0.095,0.013,0.934,0.001,0.005,-19.940,0.003,-16.179,-19.283,-15.166
-3.510,6.950,-0.001,0.960,0.003,0.000,0.278,-0.319,-0.286,-12.344,-0.362,-9.820,-11.852,-9.189,-0.793,-0.316,0.010,0.082,0.024,0.937,0.001,0.004,-19.945,0.003,-16.247,-19.278,-15.230
-3.518,6.947,-0.000,0.959,0.003,0.001,0.283,-0.319,-0.286,-12.544,-0.362,-9.982,-12.045,-9.342,-0.793,-0.325,0.008,0.061,0.033,0.940,0.001,0.002,-19.960,0.003,-16.312,-19.269,-15.287
-3.526,6.943,-0.000,0.958,0.004,0.001,0.287,-0.319,-0.286,-12.743,-0.361,-10.146,-12.237,-9.495,-0.792,-0.334,0.005,0.033,0.039,0.942,0.000,0.001,-19.986,0.003,-16.372,-19.262,-15.335
-3.534,6.940,-0.000,0.956,0.004,0.001,0.292,-0.319,-0.286,-12.944,-0.361,-10.310,-12.430,-9.649,-0.791,-0.342,0.001,0.000,0.040,0.944,-0.000,-0.001,-20.027,0.003,-16.423,-19.258,-15.373
-3.542,6.937,-0.000,0.955,0.003,0.001,0.296,-0.319,-0.286,-13.144,-0.361,-10.474,-12.622,-9.803,-0.789,-0.350,-0.002,-0.036,0.036,0.946,-0.000,-0.003,-20.080,0.002,-16.463,-19.264,-15.401
-3.550,6.933,-0.000,0.954,0.003,0.001,0.301,-0.319,-0.286,-13.345,-0.361,-10.639,-12.815,-9.957,-0.787,-0.358,-0.005,-0.072,0.029,0.946,-0.001,-0.005,-20.146,0.002,-16.487,-19.283,-15.418
-3.558,6.929,-0.000,0.952,0.003,0.001,0.306,-0.319,-0.286,-13.547,-0.361,-10.804,-13.008,-10.111,-0.784,-0.366,-0.008,-0.106,0.018,0.947,-0.001,-0.006,-20.221,0.001,-16.496,-19.316,-15.425
-3.565,6.926,-0.001,0.951,0.002,0.001,0.310,-0.319,-0.286,-13.750,-0.361,-10.969,-13.202,-10.265,-0.781,-0.374,-0.009,-0.134,0.005,0.946,-0.001,-0.007,-20.303,0.001,-16.487,-19.365,-15.423
-3.573,6.922,-0.001,0.949,0.001,0.001,0.315,-0.319,-0.286,-13.953,-0.361,-11.134,-13.395,-10.419,-0.777,-0.381,-0.009,-0.154,-0.010,0.946,-0.001,-0.008,-20.389,0.001,-16.463,-19.430,-15.413
-3.581,6.918,-0.001,0.948,0.001,0.000,0.319,-0.319,-0.286,-14.157,-0.361,-11.298,-13.590,-10.573,-0.773,-0.388,-0.007,-0.164,-0.024,0.946,-0.001,-0.008,-20.473,0.001,-16.425,-19.509,-15.396
-3.589,6.914,-0.001,0.946,0.000,0.000,0.323,-0.319,-0.286,-14.363,-0.361,-11.462,-13.786,-10.727,-0.770,-0.395,-0.005,-0.165,-0.036,0.945,-0.000,-0.007,-20.554,0.001,-16.377,-19.598,-15.376
-3.596,6.910,-0.001,0.945,-0.001,-0.000,0.328,-0.319,-0.287,-14.568,-0.361,-11.626,-13.982,-10.881,-0.766,-0.402,-0.002,-0.158,-0.042,0.945,-0.000,-0.006,-20.627,0.002,-16.325,-19.695,-15.354
-3.604,6.906,-0.001,0.943,-0.001,-0.001,0.332,-0.319,-0.287,-14.775,-0.361,-11.789,-14.180,-11.034,-0.763,-0.409,0.001,-0.145,-0.042,0.946,0.000,-0.005,-20.693,0.002,-16.272,-19.794,-15.332
-3.612,6.902,-0.001,0.942,-0.002,-0.001,0.337,-0.319,-0.287,-14.982,-0.361,-11.951,-14.378,-11.188,-0.760,-0.417,0.004,-0.127,-0.037,0.946,0.000,-0.004,-20.751,0.003,-16.223,-19.890,-15.310
-3.619,6.898,-0.001,0.940,-0.003,-0.002,0.341,0.345,0.196,-15.183,0.210,-12.119,-14.576,-11.340,-0.729,-0.451,0.041,-0.291,-0.185,0.732,95.852,74.156,-19.383,86.428,-17.223,-19.518,-15.411
-3.626,6.893,0.000,0.939,-0.003,-0.005,0.343,1.054,0.818,-15.369,0.849,-12.291,-14.762,-11.497,-0.624,-0.507,0.127,-0.334,-0.694,0.189,34.309,34.272,-18.121,32.476,-17.176,-17.781,-15.740
-3.632,6.888,0.001,0.939,-0.003,-0.008,0.344,1.160,0.938,-15.550,0.972,-12.463,-14.941,-11.654,-0.659,-0.492,0.068,-0.081,-0.380,0.358,-9.414,-10.376,-18.256,-6.833,-17.229,-18.144,-15.756
-3.639,6.883,0.002,0.938,-0.003,-0.009,0.346,0.913,0.622,-15.734,0.759,-12.636,-15.125,-11.812,-0.684,-0.488,0.005,0.078,-0.015,0.471,-36.946,-49.767,-18.384,-32.323,-17.294,-18.602,-15.798
-3.646,6.878,0.001,0.937,-0.003,-0.008,0.348,0.506,0.078,-15.918,0.417,-12.809,-15.313,-11.971,-0.696,-0.499,-0.054,0.134,0.363,0.467,-38.221,-50.069,-18.495,-31.658,-17.407,-18.902,-16.048
-3.653,6.873,0.001,0.937,-0.003,-0.005,0.350,0.303,-0.185,-16.103,0.227,-12.984,-15.502,-12.134,-0.695,-0.524,-0.110,0.081,0.725,0.352,0.716,0.730,-18.544,-3.932,-17.547,-18.963,-16.547
-3.660,6.868,-0.000,0.936,-0.004,-0.002,0.352,0.454,0.025,-16.287,0.309,-13.159,-15.691,-12.300,-0.673,-0.541,-0.066,0.004,0.476,0.212,22.911,32.745,-17.957,15.124,-17.486,-18.562,-16.717
-3.666,6.862,-0.001,0.936,-0.005,-0.001,0.352,0.626,0.325,-16.462,0.432,-13.335,-15.871,-12.469,-0.604,-0.591,0.003,-0.281,0.085,-0.203,11.162,25.466,-17.171,7.604,-17.801,-17.421,-17.011
-3.672,6.856,-0.000,0.937,-0.007,-0.001,0.350,0.679,0.499,-16.631,0.473,-13.516,-16.038,-12.641,-0.545,-0.622,0.032,-0.205,-0.150,-0.599,0.165,9.239,-16.659,1.483,-18.368,-16.123,-17.349
-3.677,6.850,-0.000,0.938,-0.007,-0.002,0.346,0.655,0.545,-16.796,0.473,-13.700,-16.195,-12.817,-0.517,-0.644,0.022,0.064,-0.181,-0.891,-4.171,1.148,-16.357,-1.064,-18.506,-15.231,-17.861
-3.682,6.843,-0.000,0.940,-0.006,-0.003,0.342,0.609,0.538,-16.958,0.458,-13.886,-16.344,-12.998,-0.503,-0.663,-0.001,0.227,-0.085,-1.100,-4.633,-1.857,-16.172,-1.737,-18.596,-14.660,-18.392
-3.687,6.836,-0.000,0.942,-0.004,-0.003,0.336,0.567,0.515,-17.120,0.441,-14.072,-16.489,-13.184,-0.502,-0.672,-0.021,0.318,0.028,-1.207,-3.532,-2.516,-16.094,-1.647,-18.689,-14.362,-18.856
-3.692,6.830,-0.000,0.944,-0.003,-0.002,0.330,0.539,0.491,-17.280,0.426,-14.260,-16.632,-13.375,-0.511,-0.672,-0.028,0.358,0.102,-1.231,-2.138,-2.249,-16.059,-1.304,-18.774,-14.290,-19.196
-3.697,6.823,-0.001,0.946,-0.001,-0.001,0.325,0.523,0.471,-17.440,0.415,-14.450,-16.774,-13.567,-0.513,-0.659,-0.020,0.293,0.060,-1.204,-1.020,-1.734,-15.888,-0.945,-19.442,-14.144,-19.215
-3.703,6.816,-0.001,0.948,-0.000,-0.000,0.319,0.517,0.456,-17.598,0.407,-14.648,-16.915,-13.759,-0.518,-0.648,-0.010,0.215,0.004,-1.181,-0.329,-1.248,-15.732,-0.650,-19.958,-14.017,-19.216
-3.708,6.810,-0.001,0.950,0.001,0.000,0.313,0.515,0.445,-17.755,0.402,-14.849,-17.055,-13.951,-0.525,-0.638,-0.001,0.156,-0.044,-1.169,0.011,-0.868,-15.629,-0.434,-20.271,-13.929,-19.251
-3.713,6.804,-0.001,0.951,0.001,-0.000,0.308,0.516,0.438,-17.911,0.398,-15.053,-17.194,-14.144,-0.533,-0.630,0.006,0.116,-0.070,-1.158,0.130,-0.595,-15.557,-0.286,-20.460,-13.892,-19.312
-3.718,6.797,-0.001,0.953,0.002,-0.000,0.302,0.518,0.433,-18.066,0.396,-15.258,-17.333,-14.338,-0.542,-0.623,0.010,0.089,-0.077,-1.149,0.135,-0.407,-15.504,-0.189,-20.571,-13.891,-19.394
-3.724,6.791,-0.001,0.955,0.003,-0.000,0.297,0.519,0.430,-18.221,0.394,-15.464,-17.472,-14.532,-0.552,-0.617,0.011,0.071,-0.067,-1.141,0.097,-0.279,-15.467,-0.125,-20.640,-13.911,-19.484
-3.729,6.785,-0.001,0.957,0.003,-0.001,0.291,0.520,0.427,-18.376,0.393,-15.671,-17.611,-14.727,-0.562,-0.611,0.011,0.060,-0.046,-1.135,0.058,-0.191,-15.442,-0.083,-20.685,-13.945,-19.577
-3.735,6.779,-0.000,0.958,0.003,-0.001,0.286,0.520,0.426,-18.530,0.392,-15.878,-17.751,-14.924,-0.573,-0.606,0.010,0.053,-0.020,-1.129,0.030,-0.128,-15.430,-0.055,-20.721,-13.983,-19.665
-3.741,6.773,-0.000,0.960,0.004,-0.001,0.281,0.520,0.425,-18.684,0.392,-16.085,-17.891,-15.121,-0.582,-0.601,0.007,0.047,0.006,-1.127,0.013,-0.085,-15.433,-0.036,-20.759,-14.010,-19.744
-3.747,6.767,-0.000,0.961,0.004,-0.000,0.275,0.520,0.424,-18.839,0.392,-16.293,-18.031,-15.318,-0.591,-0.596,0.005,0.038,0.025,-1.130,0.005,-0.054,-15.451,-0.023,-20.805,-14.016,-19.811
-3.753,6.761,-0.000,0.963,0.004,-0.000,0.270,0.520,0.424,-18.993,0.391,-16.501,-18.171,-15.517,-0.599,-0.592,0.004,0.028,0.031,-1.139,0.002,-0.032,-15.469,-0.014,-20.865,-13.993,-19.868
-3.759,6.755,-0.000,0.964,0.004,-0.000,0.264,0.520,0.423,-19.148,0.391,-16.710,-18.310,-15.716,-0.605,-0.588,0.003,0.019,0.026,-1.155,0.001,-0.017,-15.483,-0.008,-20.940,-13.938,-19.919
-3.765,6.749,-0.000,0.966,0.004,0.000,0.259,0.520,0.423,-19.303,0.391,-16.920,-18.449,-15.915,-0.610,-0.584,0.003,0.010,0.016,-1.179,0.001,-0.009,-15.495,-0.003,-21.030,-13.858,-19.968
-3.771,6.743,-0.000,0.967,0.004,0.000,0.253,0.520,0.423,-19.458,0.391,-17.131,-18.588,-16.115,-0.614,-0.581,0.003,-0.003,0.004,-1.207,0.001,-0.004,-15.510,0.000,-21.139,-13.761,-20.016
-3.777,6.738,-0.000,0.969,0.004,0.000,0.247,0.520,0.423,-19.613,0.391,-17.343,-18.725,-16.315,-0.619,-0.577,0.003,-0.020,-0.007,-1.233,0.001,-0.002,-15.530,0.002,-21.244,-13.675,-20.062
-3.783,6.732,-0.000,0.971,0.004,0.000,0.241,0.520,0.423,-19.769,0.391,-17.556,-18.861,-16.516,-0.625,-0.572,0.004,-0.041,-0.021,-1.254,0.001,-0.001,-15.559,0.002,-21.311,-13.620,-20.108
-3.790,6.726,-0.000,0.972,0.003,-0.000,0.235,0.520,0.423,-19.925,0.391,-17.769,-18.997,-16.718,-0.629,-0.570,-0.002,-0.118,0.009,-1.303,-0.002,-0.004,-15.642,-0.003,-21.447,-13.520,-20.197
-3.796,6.720,-0.000,0.974,0.003,-0.000,0.228,0.520,0.423,-20.081,0.391,-17.984,-19.132,-16.920,-0.635,-0.567,-0.006,-0.173,0.032,-1.338,-0.003,-0.006,-15.730,-0.007,-21.545,-13.471,-20.267
-3.802,6.715,-0.000,0.975,0.002,-0.000,0.222,0.520,0.423,-20.239,0.391,-18.199,-19.267,-17.123,-0.646,-0.558,-0.001,-0.155,0.010,-1.330,-0.002,-0.003,-15.791,-0.005,-21.506,-13.545,-20.260
-3.809,6.709,-0.000,0.977,0.001,-0.000,0.215,0.520,0.423,-20.397,0.391,-18.414,-19.403,-17.325,-0.657,-0.548,0.003,-0.126,-0.013,-1.313,-0.000,-0.001,-15.862,-0.003,-21.429,-13.662,-20.224
-3.815,6.704,-0.000,0.978,0.001,-0.000,0.209,0.520,0.423,-20.556,0.391,-18.628,-19.540,-17.527,-0.667,-0.541,0.002,-0.134,0.003,-1.314,-0.001,-0.001,-15.946,-0.004,-21.410,-13.756,-20.211
-3.822,6.698,-0.000,0.979,-0.000,-0.000,0.202,0.520,0.423,-20.716,0.391,-18.843,-19.678,-17.730,-0.676,-0.535,-0.003,-0.160,0.042,-1.325,-0.001,-0.002,-16.038,-0.006,-21.444,-13.836,-20.211
-3.829,6.693,-0.000,0.981,-0.001,-0.000,0.196,0.520,0.423,-20.877,0.391,-19.057,-19.817,-17.931,-0.687,-0.524,-0.003,-0.128,0.046,-1.302,-0.001,-0.002,-16.137,-0.008,-21.387,-13.979,-20.139
-3.836,6.688,-0.000,0.982,-0.001,-0.000,0.190,0.520,0.423,-21.039,0.391,-19.270,-19.958,-18.132,-0.698,-0.512,-0.004,-0.107,0.049,-1.278,-0.002,-0.002,-16.232,-0.011,-21.346,-14.125,-20.053
-3.843,6.683,-0.000,0.983,-0.002,-0.000,0.184,0.520,0.423,-21.202,0.391,-19.484,-20.100,-18.332,-0.709,-0.500,-0.003,-0.090,0.039,-1.246,-0.002,-0.003,-16.321,-0.014,-21.289,-14.289,-19.956
-3.850,6.678,-0.000,0.984,-0.002,-0.000,0.177,0.520,0.423,-21.365,0.391,-19.696,-20.243,-18.531,-0.719,-0.487,-0.003,-0.075,0.025,-1.212,-0.003,-0.003,-16.401,-0.015,-21.227,-14.455,-19.862
-3.857,6.673,-0.000,0.985,-0.003,-0.000,0.172,0.520,0.423,-21.530,0.391,-19.908,-20.389,-18.730,-0.729,-0.474,-0.004,-0.055,0.019,-1.181,-0.002,-0.003,-16.470,-0.014,-21.178,-14.617,-19.787
-3.865,6.668,-0.000,0.986,-0.003,-0.000,0.166,0.520,0.423,-21.695,0.390,-20.120,-20.536,-18.927,-0.738,-0.462,-0.007,-0.017,0.019,-1.159,-0.001,-0.002,-16.524,-0.010,-21.159,-14.747,-19.738
-3.872,6.664,-0.000,0.987,-0.003,0.000,0.160,0.520,0.423,-21.860,0.390,-20.331,-20.683,-19.124,-0.744,-0.452,-0.010,0.023,0.019,-1.147,-0.001,-0.001,-16.561,-0.007,-21.165,-14.836,-19.718
-3.880,6.659,-0.001,0.988,-0.003,0.000,0.154,0.520,0.423,-22.026,0.390,-20.543,-20.832,-19.322,-0.750,-0.442,-0.012,0.056,0.014,-1.140,0.000,-0.001,-16.581,-0.004,-21.190,-14.888,-19.723
-3.887,6.655,-0.001,0.989,-0.002,0.000,0.149,0.520,0.423,-22.192,0.390,-20.755,-20.981,-19.519,-0.754,-0.433,-0.013,0.079,0.006,-1.137,0.000,0.000,-16.587,-0.001,-21.228,-14.913,-19.748
-3.895,6.651,-0.001,0.990,-0.002,0.000,0.143,0.520,0.423,-22.358,0.390,-20.968,-21.130,-19.717,-0.758,-0.424,-0.013,0.089,-0.006,-1.136,0.001,0.000,-16.580,0.001,-21.274,-14.914,-19.790
-3.902,6.647,-0.001,0.990,-0.002,0.000,0.138,0.520,0.423,-22.523,0.390,-21.181,-21.279,-19.915,-0.760,-0.416,-0.011,0.085,-0.023,-1.138,0.001,0.001,-16.560,0.003,-21.321,-14.895,-19.843
-3.910,6.642,-0.001,0.991,-0.001,0.000,0.132,0.520,0.423,-22.689,0.390,-21.394,-21.428,-20.114,-0.762,-0.409,-0.006,0.078,-0.047,-1.147,0.001,0.000,-16.529,0.004,-21.370,-14.848,-19.907
-3.917,6.638,-0.001,0.992,-0.001,-0.000,0.126,0.520,0.423,-22.854,0.390,-21.608,-21.576,-20.313,-0.764,-0.401,-0.002,0.073,-0.065,-1.156,0.001,-0.000,-16.492,0.005,-21.414,-14.797,-19.982
-3.925,6.634,-0.001,0.993,-0.000,-0.000,0.120,0.520,0.423,-23.019,0.390,-21.822,-21.724,-20.513,-0.768,-0.393,0.001,0.068,-0.071,-1.164,0.000,-0.001,-16.453,0.006,-21.448,-14.764,-20.065
-3.933,6.631,-0.001,0.993,-0.000,-0.001,0.115,0.520,0.423,-23.183,0.390,-22.037,-21.872,-20.714,-0.772,-0.385,0.002,0.060,-0.066,-1.167,-0.000,-0.003,-16.414,0.006,-21.472,-14.755,-20.150
-3.941,6.627,-0.001,0.994,0.000,-0.001,0.109,0.520,0.423,-23.347,0.390,-22.252,-22.019,-20.916,-0.777,-0.376,0.003,0.048,-0.052,-1.167,-0.001,-0.004,-16.377,0.005,-21.490,-14.768,-20.232
-3.948,6.623,-0.001,0.995,0.001,-0.001,0.103,0.520,0.423,-23.510,0.391,-22.467,-22.167,-21.119,-0.783,-0.367,0.003,0.033,-0.035,-1.163,-0.001,-0.005,-16.340,0.005,-21.502,-14.798,-20.304
-3.956,6.619,-0.001,0.995,0.001,-0.001,0.097,0.520,0.423,-23.674,0.391,-22.682,-22.315,-21.322,-0.789,-0.357,0.003,0.019,-0.024,-1.157,-0.001,-0.006,-16.305,0.005,-21.504,-14.841,-20.361
-3.964,6.616,-0.001,0.996,0.001,-0.001,0.092,0.520,0.423,-23.837,0.391,-22.897,-22.464,-21.526,-0.794,-0.347,0.004,0.011,-0.024,-1.151,-0.001,-0.007,-16.282,0.005,-21.498,-14.879,-20.401
-3.972,6.612,-0.001,0.996,0.001,-0.002,0.086,0.520,0.423,-23.999,0.391,-23.112,-22.613,-21.730,-0.800,-0.338,0.006,0.005,-0.031,-1.148,-0.001,-0.007,-16.258,0.006,-21.487,-14.911,-20.434
-3.980,6.609,-0.001,0.997,0.001,-0.002,0.080,0.520,0.423,-24.162,0.391,-23.327,-22.762,-21.935,-0.805,-0.329,0.008,0.002,-0.039,-1.148,-0.000,-0.006,-16.231,0.008,-21.475,-14.934,-20.465
-3.988,6.606,-0.001,0.997,0.001,-0.002,0.074,0.520,0.422,-24.324,0.391,-23.541,-22.911,-22.140,-0.810,-0.320,0.010,-0.001,-0.048,-1.151,0.000,-0.005,-16.196,0.009,-21.462,-14.949,-20.499
-3.996,6.603,-0.001,0.998,0.001,-0.002,0.069,0.520,0.422,-24.486,0.391,-23.756,-23.061,-22.345,-0.815,-0.312,0.012,-0.003,-0.056,-1.157,0.001,-0.004,-16.153,0.011,-21.449,-14.953,-20.538
-4.004,6.600,-0.000,0.998,0.001,-0.002,0.063,0.520,0.422,-24.647,0.391,-23.970,-23.210,-22.550,-0.819,-0.305,0.014,-0.003,-0.063,-1.168,0.001,-0.002,-16.117,0.012,-21.436,-14.940,-20.580
-4.013,6.597,-0.000,0.998,0.001,-0.003,0.057,0.520,0.422,-24.808,0.391,-24.185,-23.360,-22.756,-0.823,-0.298,0.015,0.001,-0.065,-1.182,0.002,-0.000,-16.094,0.011,-21.425,-14.912,-20.626
-4.021,6.594,-0.000,0.999,0.001,-0.003,0.051,0.520,0.422,-24.969,0.391,-24.399,-23.509,-22.963,-0.828,-0.291,0.016,0.004,-0.055,-1.199,0.002,0.002,-16.084,0.009,-21.422,-14.874,-20.674
-4.029,6.591,0.000,0.999,0.001,-0.003,0.045,0.520,0.422,-25.130,0.391,-24.613,-23.657,-23.170,-0.832,-0.285,0.015,0.003,-0.029,-1.220,0.002,0.004,-16.084,0.006,-21.442,-14.826,-20.727
-4.038,6.588,0.000,0.999,0.001,-0.003,0.039,0.520,0.422,-25.291,0.391,-24.828,-23.805,-23.377,-0.837,-0.279,0.011,-0.005,0.011,-1.243,0.002,0.006,-16.095,0.002,-21.482,-14.769,-20.778
-4.046,6.585,0.000,0.999,0.001,-0.003,0.033,0.520,0.423,-25.452,0.391,-25.043,-23.953,-23.585,-0.842,-0.272,0.008,-0.015,0.055,-1.262,0.001,0.007,-16.117,-0.003,-21.531,-14.719,-20.813
-4.054,6.583,0.000,1.000,0.001,-0.003,0.026,0.520,0.423,-25.613,0.391,-25.258,-24.100,-23.794,-0.848,-0.263,0.004,-0.024,0.096,-1.275,0.000,0.008,-16.149,-0.008,-21.590,-14.679,-20.820
-4.063,6.580,0.000,1.000,0.001,-0.002,0.020,0.520,0.423,-25.775,0.391,-25.475,-24.246,-24.002,-0.853,-0.254,0.001,-0.031,0.131,-1.281,0.000,0.008,-16.191,-0.012,-21.660,-14.651,-20.794
-4.071,6.577,0.000,1.000,0.001,-0.001,0.013,0.520,0.423,-25.937,0.391,-25.692,-24.393,-24.209,-0.858,-0.243,-0.002,-0.034,0.157,-1.281,-0.000,0.009,-16.241,-0.015,-21.738,-14.630,-20.736
-4.080,6.575,0.000,1.000,0.000,-0.001,0.007,0.520,0.423,-26.099,0.391,-25.909,-24.539,-24.416,-0.862,-0.231,-0.005,-0.032,0.169,-1.275,-0.001,0.009,-16.297,-0.018,-21.820,-14.613,-20.651
-4.089,6.573,0.000,1.000,0.000,0.000,0.001,0.520,0.423,-26.263,0.391,-26.128,-24.685,-24.622,-0.866,-0.218,-0.007,-0.024,0.164,-1.264,-0.001,0.009,-16.359,-0.019,-21.895,-14.600,-20.543
-4.097,6.571,0.000,1.000,0.000,0.001,-0.006,0.520,0.423,-26.427,0.391,-26.347,-24.831,-24.827,-0.868,-0.204,-0.008,-0.011,0.142,-1.248,-0.000,0.008,-16.426,-0.018,-21.957,-14.587,-20.422
-4.106,6.569,0.000,1.000,0.000,0.002,-0.012,0.520,0.423,-26.591,0.390,-26.567,-24.977,-25.031,-0.870,-0.190,-0.008,0.002,0.108,-1.235,-0.000,0.007,-16.491,-0.015,-22.003,-14.569,-20.308
-4.115,6.567,-0.000,1.000,0.000,0.002,-0.018,0.520,0.423,-26.756,0.390,-26.787,-25.122,-25.233,-0.871,-0.178,-0.008,0.015,0.068,-1.226,-0.000,0.005,-16.545,-0.011,-22.044,-14.538,-20.214
-4.124,6.565,-0.000,1.000,0.000,0.002,-0.024,0.520,0.423,-26.922,0.390,-27.008,-25.267,-25.435,-0.871,-0.166,-0.008,0.027,0.028,-1.222,-0.000,0.003,-16.585,-0.007,-22.083,-14.496,-20.146
-4.132,6.564,-0.000,1.000,0.001,0.002,-0.030,0.520,0.423,-27.088,0.390,-27.229,-25.412,-25.636,-0.870,-0.156,-0.008,0.036,-0.012,-1.222,-0.000,0.000,-16.609,-0.003,-22.113,-14.449,-20.111
-4.141,6.562,-0.000,0.999,0.001,0.002,-0.036,0.520,0.423,-27.254,0.390,-27.450,-25.556,-25.837,-0.869,-0.146,-0.008,0.042,-0.048,-1.227,-0.000,-0.002,-16.621,0.001,-22.131,-14.403,-20.110
-4.150,6.561,-0.000,0.999,0.001,0.002,-0.042,0.520,0.423,-27.420,0.390,-27.671,-25.700,-26.039,-0.869,-0.136,-0.009,0.044,-0.074,-1.234,-0.000,-0.003,-16.619,0.004,-22.143,-14.364,-20.142
-4.158,6.559,-0.000,0.999,0.001,0.001,-0.049,0.520,0.423,-27.587,0.390,-27.893,-25.844,-26.240,-0.868,-0.127,-0.009,0.041,-0.088,-1.243,-0.000,-0.005,-16.607,0.005,-22.151,-14.336,-20.203
-4.167,6.558,-0.001,0.998,0.001,0.001,-0.055,0.520,0.423,-27.753,0.390,-28.114,-25.987,-26.443,-0.868,-0.117,-0.010,0.033,-0.091,-1.252,-0.000,-0.005,-16.587,0.006,-22.157,-14.324,-20.285
-4.176,6.557,-0.001,0.998,0.001,0.001,-0.061,0.520,0.423,-27.918,0.390,-28.336,-26.130,-26.646,-0.868,-0.108,-0.010,0.020,-0.085,-1.258,-0.000,-0.005,-16.561,0.006,-22.162,-14.331,-20.376
-4.184,6.556,-0.001,0.998,0.001,0.000,-0.067,0.520,0.423,-28.084,0.390,-28.558,-26.274,-26.850,-0.869,-0.097,-0.010,0.006,-0.072,-1.262,-0.000,-0.005,-16.534,0.006,-22.163,-14.358,-20.467
-4.193,6.555,-0.001,0.997,0.001,-0.000,-0.074,0.520,0.423,-28.249,0.390,-28.779,-26.417,-27.055,-0.870,-0.087,-0.009,-0.011,-0.058,-1.262,-0.000,-0.004,-16.507,0.006,-22.160,-14.401,-20.549
-4.202,6.554,-0.001,0.997,0.001,-0.000,-0.080,0.520,0.423,-28.414,0.391,-29.001,-26.562,-27.261,-0.871,-0.076,-0.008,-0.026,-0.045,-1.260,0.000,-0.003,-16.485,0.006,-22.149,-14.456,-20.615
-4.210,6.554,-0.001,0.996,0.001,-0.001,-0.086,0.520,0.423,-28.579,0.391,-29.222,-26.707,-27.468,-0.872,-0.064,-0.005,-0.040,-0.036,-1.256,0.000,-0.003,-16.472,0.006,-22.129,-14.516,-20.664
-4.219,6.553,-0.001,0.996,0.001,-0.001,-0.092,0.520,0.423,-28.743,0.391,-29.443,-26.852,-27.674,-0.872,-0.053,-0.002,-0.050,-0.034,-1.252,0.001,-0.002,-16.469,0.007,-22.096,-14.575,-20.696
-4.228,6.553,-0.001,0.995,0.001,-0.001,-0.099,0.520,0.423,-28.908,0.391,-29.664,-26.998,-27.882,-0.873,-0.042,0.001,-0.055,-0.038,-1.250,0.001,-0.001,-16.475,0.008,-22.052,-14.626,-20.715
-4.237,6.552,-0.001,0.994,0.000,-0.001,-0.105,0.520,0.423,-29.073,0.391,-29.884,-27.144,-28.089,-0.874,-0.031,0.004,-0.056,-0.045,-1.251,0.001,-0.001,-16.489,0.010,-22.000,-14.664,-20.729
-4.245,6.552,-0.001,0.994,-0.000,-0.001,-0.111,0.520,0.423,-29.238,0.391,-30.104,-27.291,-28.296,-0.874,-0.021,0.007,-0.053,-0.054,-1.257,0.001,-0.002,-16.504,0.011,-21.943,-14.688,-20.744
-4.254,6.552,-0.001,0.993,-0.000,-0.002,-0.117,0.520,0.423,-29.403,0.391,-30.323,-27.438,-28.504,-0.875,-0.011,0.009,-0.047,-0.061,-1.265,0.001,-0.002,-16.516,0.010,-21.884,-14.702,-20.765
-4.263,6.552,-0.001,0.992,-0.001,-0.002,-0.124,0.520,0.423,-29.568,0.391,-30.542,-27.585,-28.711,-0.876,-0.001,0.011,-0.039,-0.063,-1.275,0.000,-0.003,-16.519,0.009,-21.826,-14.713,-20.792
-4.272,6.552,-0.001,0.992,-0.001,-0.002,-0.130,0.520,0.423,-29.733,0.391,-30.760,-27.732,-28.920,-0.878,0.009,0.011,-0.031,-0.060,-1.284,-0.000,-0.004,-16.512,0.007,-21.772,-14.729,-20.824
-4.280,6.552,-0.001,0.991,-0.001,-0.002,-0.136,0.520,0.423,-29.898,0.391,-30.977,-27.880,-29.128,-0.880,0.020,0.010,-0.025,-0.050,-1.288,-0.001,-0.005,-16.490,0.003,-21.723,-14.760,-20.859
-4.289,6.552,-0.000,0.990,-0.001,-0.003,-0.143,0.520,0.423,-30.063,0.391,-31.194,-28.028,-29.337,-0.882,0.031,0.009,-0.021,-0.032,-1.288,-0.002,-0.006,-16.455,-0.000,-21.682,-14.812,-20.891
-4.298,6.553,-0.000,0.989,-0.001,-0.003,-0.149,0.520,0.423,-30.228,0.391,-31.411,-28.176,-29.546,-0.884,0.045,0.008,-0.018,-0.013,-1.281,-0.003,-0.007,-16.434,-0.004,-21.644,-14.879,-20.905
-4.307,6.553,-0.000,0.988,-0.001,-0.003,-0.155,0.520,0.423,-30.392,0.391,-31.627,-28.325,-29.755,-0.885,0.059,0.007,-0.014,0.005,-1.266,-0.003,-0.007,-16.427,-0.008,-21.602,-14.965,-20.895
-4.316,6.554,-0.000,0.987,-0.001,-0.003,-0.162,0.520,0.422,-30.556,0.391,-31.843,-28.476,-29.964,-0.886,0.075,0.007,-0.008,0.021,-1.243,-0.003,-0.007,-16.432,-0.011,-21.558,-15.070,-20.857
-4.325,6.555,-0.000,0.986,-0.001,-0.003,-0.168,0.520,0.422,-30.721,0.391,-32.058,-28.627,-30.172,-0.887,0.091,0.006,-0.005,0.039,-1.214,-0.003,-0.006,-16.449,-0.013,-21.509,-15.192,-20.799
-4.334,6.556,-0.000,0.985,-0.001,-0.002,-0.174,0.520,0.422,-30.885,0.391,-32.273,-28.779,-30.379,-0.888,0.107,0.005,-0.004,0.054,-1.189,-0.002,-0.002,-16.467,-0.013,-21.481,-15.302,-20.733
-4.342,6.557,-0.000,0.984,-0.001,-0.002,-0.179,0.520,0.422,-31.050,0.391,-32.488,-28.933,-30.586,-0.888,0.121,0.004,-0.006,0.063,-1.175,-0.000,0.002,-16.484,-0.011,-21.467,-15.376,-20.670
-4.351,6.558,-0.000,0.983,-0.001,-0.002,-0.185,0.520,0.422,-31.215,0.391,-32.703,-29.087,-30.793,-0.888,0.136,0.001,0.016,0.086,-1.160,0.002,0.005,-16.515,-0.006,-21.465,-15.448,-20.617
-4.360,6.559,-0.000,0.982,-0.001,-0.001,-0.191,0.520,0.422,-31.380,0.391,-32.917,-29.242,-30.999,-0.889,0.149,-0.004,0.053,0.115,-1.148,0.003,0.007,-16.561,-0.002,-21.468,-15.515,-20.577
-4.369,6.561,-0.000,0.981,-0.000,-0.001,-0.196,0.522,0.423,-31.546,0.391,-33.132,-29.397,-31.204,-0.887,0.159,-0.007,0.066,0.118,-1.143,0.244,0.064,-16.572,0.026,-21.447,-15.514,-20.504
-4.378,6.563,-0.000,0.979,-0.000,-0.000,-0.202,0.524,0.424,-31.711,0.391,-33.347,-29.552,-31.409,-0.882,0.166,-0.005,0.020,0.068,-1.147,0.258,0.069,-16.541,0.026,-21.531,-15.409,-20.399
-4.387,6.564,-0.000,0.978,0.000,0.000,-0.208,0.527,0.424,-31.877,0.391,-33.562,-29.705,-31.612,-0.877,0.175,-0.006,0.004,0.039,-1.148,0.186,0.053,-16.518,0.019,-21.611,-15.312,-20.319
-4.395,6.566,-0.000,0.977,0.000,0.000,-0.213,0.528,0.425,-32.042,0.391,-33.779,-29.858,-31.815,-0.872,0.183,-0.008,0.009,0.026,-1.150,0.107,0.034,-16.504,0.012,-21.668,-15.220,-20.267
-4.404,6.568,-0.000,0.976,0.000,0.000,-0.219,0.529,0.425,-32.207,0.391,-33.996,-30.010,-32.018,-0.868,0.192,-0.009,0.027,0.025,-1.152,0.051,0.021,-16.496,0.008,-21.701,-15.127,-20.243
-4.413,6.570,-0.000,0.974,0.000,0.000,-0.225,0.529,0.425,-32.372,0.392,-34.213,-30.160,-32.220,-0.863,0.200,-0.008,0.051,0.021,-1.161,0.019,0.013,-16.484,0.006,-21.731,-15.006,-20.238
-4.421,6.572,-0.001,0.973,0.001,0.000,-0.230,0.529,0.425,-32.537,0.392,-34.430,-30.310,-32.423,-0.857,0.205,-0.006,0.068,0.009,-1.177,0.003,0.010,-16.460,0.005,-21.767,-14.851,-20.243
-4.430,6.574,-0.001,0.972,0.001,0.000,-0.236,0.529,0.425,-32.701,0.392,-34.648,-30.457,-32.625,-0.852,0.211,-0.003,0.079,-0.005,-1.193,-0.003,0.008,-16.429,0.005,-21.800,-14.688,-20.257
-4.438,6.576,-0.001,0.970,0.001,0.000,-0.242,0.529,0.425,-32.865,0.392,-34.866,-30.603,-32.828,-0.847,0.217,-0.001,0.090,-0.017,-1.208,-0.004,0.005,-16.386,0.004,-21.826,-14.533,-20.281
-4.447,6.578,-0.001,0.969,0.002,-0.000,-0.248,0.529,0.425,-33.029,0.392,-35.085,-30.748,-33.031,-0.843,0.222,0.000,0.091,-0.018,-1.226,-0.004,0.002,-16.338,0.004,-21.863,-14.379,-20.319
-4.455,6.581,-0.001,0.967,0.002,-0.000,-0.254,0.529,0.425,-33.192,0.392,-35.304,-30.891,-33.234,-0.838,0.228,-0.000,0.080,-0.009,-1.248,-0.003,-0.000,-16.288,0.005,-21.919,-14.223,-20.367
-4.464,6.583,-0.001,0.966,0.003,-0.000,-0.260,0.529,0.425,-33.354,0.392,-35.523,-31.032,-33.438,-0.834,0.234,-0.000,0.062,-0.003,-1.267,-0.002,-0.002,-16.241,0.005,-21.967,-14.082,-20.408
-4.472,6.585,-0.001,0.964,0.003,-0.000,-0.266,0.529,0.425,-33.517,0.392,-35.743,-31.173,-33.642,-0.831,0.241,-0.000,0.028,0.003,-1.288,-0.001,-0.003,-16.211,0.006,-22.013,-13.950,-20.444
-4.480,6.588,-0.001,0.962,0.003,-0.000,-0.272,0.529,0.425,-33.679,0.392,-35.963,-31.311,-33.847,-0.827,0.247,-0.000,-0.013,0.006,-1.310,-0.001,-0.005,-16.202,0.005,-22.053,-13.826,-20.475
-4.488,6.590,-0.001,0.960,0.003,-0.000,-0.279,0.529,0.425,-33.841,0.392,-36.184,-31.449,-34.052,-0.823,0.256,0.001,-0.043,-0.005,-1.324,-0.001,-0.005,-16.192,0.004,-22.051,-13.744,-20.485
-4.497,6.593,-0.001,0.959,0.003,-0.000,-0.285,0.529,0.425,-34.002,0.392,-36.404,-31.587,-34.256,-0.818,0.268,0.006,-0.037,-0.043,-1.312,-0.001,-0.005,-16.148,0.005,-21.959,-13.745,-20.459
-4.505,6.596,-0.001,0.957,0.002,-0.000,-0.291,0.529,0.425,-34.164,0.392,-36.624,-31.724,-34.461,-0.815,0.276,0.005,-0.074,-0.046,-1.336,-0.001,-0.004,-16.149,0.003,-21.943,-13.683,-20.476
-4.513,6.598,-0.000,0.955,0.002,-0.000,-0.298,0.529,0.425,-34.326,0.392,-36.843,-31.860,-34.666,-0.813,0.283,0.001,-0.112,-0.038,-1.364,-0.001,-0.003,-16.174,-0.002,-21.941,-13.622,-20.507
-4.521,6.601,-0.000,0.953,0.001,-0.001,-0.304,0.529,0.425,-34.487,0.392,-37.062,-31.997,-34.871,-0.808,0.296,0.004,-0.086,-0.066,-1.351,-0.001,-0.003,-16.151,-0.000,-21.819,-13.680,-20.489
-4.529,6.604,-0.000,0.951,0.001,-0.001,-0.311,0.529,0.425,-34.649,0.392,-37.280,-32.134,-35.076,-0.805,0.307,0.001,-0.087,-0.062,-1.359,-0.001,-0.002,-16.158,-0.002,-21.757,-13.711,-20.501
-4.537,6.607,-0.000,0.948,0.000,-0.001,-0.317,0.529,0.425,-34.810,0.392,-37.497,-32.271,-35.281,-0.801,0.318,-0.001,-0.081,-0.052,-1.357,-0.000,-0.001,-16.163,-0.002,-21.686,-13.773,-20.511
-4.545,6.611,-0.000,0.946,-0.000,-0.001,-0.323,0.529,0.425,-34.972,0.392,-37.713,-32.409,-35.486,-0.797,0.331,-0.003,-0.064,-0.040,-1.346,-0.000,-0.001,-16.178,-0.003,-21.604,-13.866,-20.506
-4.553,6.614,-0.000,0.944,-0.001,-0.001,-0.330,0.529,0.425,-35.134,0.392,-37.929,-32.549,-35.691,-0.791,0.346,-0.003,-0.039,-0.028,-1.322,-0.001,-0.001,-16.211,-0.005,-21.502,-13.990,-20.474
-4.561,6.618,-0.000,0.942,-0.001,-0.001,-0.336,0.529,0.425,-35.296,0.392,-38.143,-32.689,-35.896,-0.786,0.359,-0.005,-0.038,0.003,-1.304,-0.001,-0.001,-16.267,-0.007,-21.437,-14.097,-20.439
-4.569,6.621,-0.001,0.940,-0.001,-0.001,-0.342,0.529,0.425,-35.459,0.392,-38.357,-32.831,-36.100,-0.781,0.372,-0.006,-0.048,0.036,-1.285,-0.001,-0.001,-16.326,-0.009,-21.384,-14.204,-20.391
-4.577,6.625,-0.001,0.937,-0.001,-0.001,-0.348,0.529,0.425,-35.623,0.392,-38.571,-32.973,-36.303,-0.774,0.385,-0.006,-0.053,0.057,-1.261,-0.002,-0.002,-16.359,-0.011,-21.328,-14.318,-20.318
-4.584,6.629,-0.001,0.935,-0.001,-0.000,-0.354,0.529,0.425,-35.786,0.392,-38.784,-33.117,-36.506,-0.767,0.400,-0.002,-0.054,0.052,-1.224,-0.002,-0.003,-16.366,-0.012,-21.273,-14.448,-20.203
-4.592,6.633,-0.001,0.933,-0.001,0.000,-0.359,0.529,0.425,-35.950,0.392,-38.996,-33.262,-36.707,-0.758,0.414,0.003,-0.057,0.035,-1.187,-0.002,-0.004,-16.350,-0.011,-21.241,-14.572,-20.064
-4.599,6.637,-0.001,0.931,-0.002,0.000,-0.365,0.529,0.425,-36.113,0.391,-39.209,-33.408,-36.907,-0.751,0.427,0.006,-0.053,0.026,-1.159,-0.002,-0.004,-16.326,-0.007,-21.218,-14.677,-19.936
-4.607,6.642,-0.001,0.929,-0.002,0.000,-0.370,0.529,0.425,-36.276,0.391,-39.421,-33.556,-37.106,-0.744,0.439,0.007,-0.035,0.021,-1.142,-0.000,-0.003,-16.302,-0.003,-21.198,-14.751,-19.827
-4.614,6.646,-0.000,0.927,-0.002,0.001,-0.376,0.529,0.425,-36.439,0.391,-39.633,-33.703,-37.304,-0.738,0.449,0.008,-0.016,0.012,-1.132,0.000,-0.002,-16.271,-0.000,-21.182,-14.794,-19.736
-4.622,6.650,-0.000,0.925,-0.002,0.001,-0.381,0.529,0.425,-36.602,0.391,-39.844,-33.852,-37.501,-0.732,0.461,0.003,0.046,0.030,-1.118,0.002,0.001,-16.248,0.003,-21.159,-14.858,-19.679
-4.629,6.655,-0.000,0.923,-0.001,0.001,-0.386,0.529,0.425,-36.764,0.391,-40.056,-34.000,-37.698,-0.726,0.471,-0.001,0.094,0.038,-1.111,0.002,0.003,-16.221,0.005,-21.135,-14.896,-19.646
-4.636,6.660,-0.000,0.920,-0.001,0.001,-0.391,0.529,0.425,-36.926,0.391,-40.267,-34.149,-37.894,-0.721,0.476,0.002,0.068,-0.014,-1.117,0.001,0.001,-16.161,0.005,-21.128,-14.854,-19.614
-4.643,6.665,-0.000,0.918,-0.001,0.000,-0.396,0.529,0.425,-37.088,0.392,-40.479,-34.297,-38.090,-0.715,0.482,0.003,0.049,-0.055,-1.119,0.000,-0.000,-16.094,0.005,-21.127,-14.815,-19.606
-4.651,6.670,-0.000,0.916,-0.001,-0.000,-0.401,0.529,0.425,-37.248,0.392,-40.690,-34.445,-38.286,-0.710,0.489,0.002,0.044,-0.077,-1.120,0.000,-0.000,-16.030,0.004,-21.122,-14.792,-19.627
-4.658,6.674,-0.000,0.914,-0.000,-0.001,-0.406,0.529,0.425,-37.408,0.392,-40.901,-34.594,-38.483,-0.703,0.499,-0.005,0.091,-0.048,-1.114,0.001,0.001,-15.990,0.004,-21.110,-14.821,-19.696
-4.665,6.680,-0.000,0.911,-0.000,-0.001,-0.411,0.529,0.425,-37.568,0.392,-41.112,-34.742,-38.680,-0.698,0.505,-0.005,0.071,-0.062,-1.119,0.001,0.001,-15.939,0.004,-21.096,-14.797,-19.760
-4.672,6.685,-0.000,0.909,0.000,-0.001,-0.417,0.529,0.425,-37.727,0.392,-41.323,-34.890,-38.878,-0.692,0.512,-0.006,0.060,-0.058,-1.121,0.001,0.002,-15.898,0.004,-21.084,-14.783,-19.839
-4.678,6.690,-0.001,0.907,0.000,-0.002,-0.422,0.529,0.425,-37.886,0.392,-41.534,-35.037,-39.077,-0.687,0.519,-0.007,0.051,-0.044,-1.123,0.001,0.003,-15.870,0.005,-21.071,-14.775,-19.924
-4.685,6.695,-0.001,0.904,0.000,-0.002,-0.427,0.529,0.425,-38.044,0.392,-41.744,-35.185,-39.276,-0.681,0.526,-0.008,0.039,-0.027,-1.125,0.002,0.004,-15.854,0.005,-21.056,-14.765,-20.004
-4.692,6.700,-0.001,0.902,0.000,-0.002,-0.432,0.529,0.425,-38.203,0.392,-41.955,-35.333,-39.477,-0.675,0.532,-0.007,0.020,-0.014,-1.130,0.002,0.005,-15.853,0.007,-21.043,-14.737,-20.071
-4.699,6.706,-0.001,0.899,0.000,-0.002,-0.437,0.529,0.425,-38.362,0.392,-42.165,-35.480,-39.678,-0.669,0.536,-0.003,-0.005,-0.013,-1.141,0.003,0.006,-15.868,0.009,-21.036,-14.673,-20.117
-4.705,6.711,-0.001,0.897,0.000,-0.002,-0.442,0.529,0.425,-38.520,0.392,-42.376,-35.626,-39.879,-0.664,0.539,0.002,-0.024,-0.021,-1.159,0.003,0.007,-15.861,0.011,-21.038,-14.584,-20.149
-4.712,6.716,-0.001,0.894,0.000,-0.002,-0.447,0.529,0.425,-38.679,0.392,-42.586,-35.771,-40.081,-0.659,0.543,0.006,-0.031,-0.030,-1.180,0.003,0.007,-15.834,0.012,-21.040,-14.486,-20.176
-4.719,6.722,-0.001,0.892,-0.000,-0.002,-0.453,0.529,0.425,-38.837,0.392,-42.796,-35.916,-40.283,-0.655,0.546,0.009,-0.033,-0.030,-1.205,0.002,0.005,-15.808,0.012,-21.057,-14.375,-20.202
-4.725,6.727,-0.001,0.889,-0.000,-0.002,-0.458,0.529,0.425,-38.995,0.392,-43.007,-36.059,-40.485,-0.651,0.550,0.010,-0.033,-0.019,-1.235,0.001,0.003,-15.792,0.009,-21.100,-14.249,-20.225
-4.732,6.733,-0.000,0.886,-0.000,-0.002,-0.464,0.529,0.425,-39.153,0.392,-43.218,-36.201,-40.687,-0.646,0.555,0.010,-0.027,-0.010,-1.259,0.000,0.001,-15.782,0.006,-21.123,-14.137,-20.244
-4.738,6.738,-0.000,0.883,-0.001,-0.002,-0.469,0.529,0.425,-39.311,0.392,-43.430,-36.341,-40.890,-0.644,0.558,0.004,-0.062,0.032,-1.306,-0.002,-0.003,-15.811,-0.002,-21.209,-13.979,-20.298
-4.745,6.744,-0.000,0.880,-0.001,-0.002,-0.475,0.529,0.425,-39.469,0.392,-43.642,-36.480,-41.093,-0.639,0.563,0.000,-0.071,0.061,-1.336,-0.003,-0.004,-15.843,-0.007,-21.268,-13.858,-20.334
-4.751,6.750,-0.000,0.877,-0.001,-0.001,-0.481,0.529,0.425,-39.628,0.392,-43.855,-36.619,-41.296,-0.633,0.571,-0.002,-0.058,0.079,-1.352,-0.003,-0.005,-15.872,-0.009,-21.306,-13.776,-20.346
-4.757,6.755,-0.000,0.873,-0.001,-0.001,-0.487,0.529,0.425,-39.786,0.392,-44.068,-36.756,-41.500,-0.625,0.580,-0.003,-0.018,0.079,-1.351,-0.002,-0.004,-15.898,-0.009,-21.311,-13.740,-20.328
-4.763,6.761,-0.000,0.870,-0.001,-0.001,-0.493,0.529,0.425,-39.946,0.392,-44.281,-36.894,-41.703,-0.614,0.591,0.003,0.070,0.040,-1.318,-0.002,-0.003,-15.917,-0.009,-21.222,-13.780,-20.251
-4.769,6.767,-0.000,0.867,-0.000,-0.001,-0.499,0.529,0.425,-40.105,0.392,-44.493,-37.031,-41.905,-0.607,0.599,-0.000,0.071,0.060,-1.321,-0.001,-0.002,-15.946,-0.008,-21.270,-13.748,-20.237
-4.776,6.773,-0.000,0.864,0.000,-0.001,-0.504,0.529,0.425,-40.264,0.392,-44.706,-37.169,-42.107,-0.599,0.608,-0.002,0.065,0.080,-1.317,-0.001,-0.002,-15.980,-0.008,-21.327,-13.727,-20.214
-4.781,6.779,-0.000,0.860,0.001,-0.001,-0.510,0.529,0.425,-40.424,0.392,-44.920,-37.306,-42.309,-0.588,0.618,-0.001,0.078,0.078,-1.292,-0.002,-0.002,-16.011,-0.011,-21.330,-13.749,-20.148
-4.787,6.786,-0.000,0.857,0.001,-0.000,-0.515,0.529,0.425,-40.585,0.392,-45.133,-37.444,-42.510,-0.578,0.627,-0.001,0.060,0.086,-1.276,-0.002,-0.002,-16.043,-0.012,-21.366,-13.754,-20.080
-4.793,6.792,-0.000,0.854,0.002,-0.000,-0.521,0.529,0.425,-40.745,0.392,-45.347,-37.581,-42.711,-0.569,0.636,-0.001,0.030,0.094,-1.264,-0.001,-0.001,-16.073,-0.011,-21.414,-13.750,-20.002
-4.799,6.798,-0.000,0.850,0.002,0.000,-0.526,0.529,0.425,-40.906,0.392,-45.561,-37.719,-42.910,-0.559,0.644,-0.001,-0.005,0.093,-1.252,-0.001,-0.000,-16.101,-0.010,-21.446,-13.749,-19.912
-4.804,6.805,-0.000,0.847,0.002,0.001,-0.531,0.529,0.425,-41.067,0.391,-45.776,-37.856,-43.109,-0.549,0.652,-0.000,-0.036,0.077,-1.235,-0.000,0.000,-16.125,-0.007,-21.455,-13.767,-19.803
-4.810,6.811,-0.000,0.844,0.002,0.001,-0.537,0.529,0.425,-41.229,0.391,-45.990,-37.994,-43.306,-0.537,0.661,0.002,-0.062,0.045,-1.213,0.000,0.001,-16.144,-0.005,-21.437,-13.808,-19.680
-4.815,6.818,-0.000,0.841,0.002,0.001,-0.542,0.529,0.425,-41.390,0.391,-46.205,-38.132,-43.503,-0.526,0.669,0.005,-0.082,0.011,-1.192,0.000,0.001,-16.159,-0.002,-21.399,-13.863,-19.563
-4.820,6.825,-0.000,0.837,0.002,0.002,-0.547,0.529,0.425,-41.552,0.391,-46.418,-38.271,-43.698,-0.516,0.677,0.005,-0.093,-0.021,-1.177,0.001,0.001,-16.169,0.000,-21.349,-13.922,-19.464
-4.825,6.832,-0.000,0.834,0.001,0.002,-0.552,0.529,0.425,-41.713,0.391,-46.632,-38.411,-43.892,-0.506,0.685,0.004,-0.093,-0.044,-1.164,0.001,0.000,-16.176,0.002,-21.289,-13.990,-19.390
-4.830,6.838,-0.000,0.831,0.001,0.002,-0.556,0.529,0.425,-41.875,0.391,-46.844,-38.551,-44.086,-0.496,0.693,0.001,-0.079,-0.053,-1.150,0.000,-0.001,-16.180,0.003,-21.221,-14.080,-19.342
-4.835,6.845,-0.000,0.828,0.000,0.002,-0.561,0.529,0.425,-42.037,0.391,-47.056,-38.692,-44.279,-0.486,0.700,-0.003,-0.048,-0.057,-1.138,0.000,-0.001,-16.169,0.003,-21.158,-14.172,-19.322
-4.840,6.852,-0.000,0.825,-0.000,0.002,-0.566,0.529,0.425,-42.199,0.391,-47.267,-38.835,-44.472,-0.476,0.707,-0.006,-0.011,-0.063,-1.131,-0.000,-0.002,-16.150,0.004,-21.103,-14.248,-19.326
-4.845,6.860,-0.000,0.821,-0.000,0.001,-0.570,0.529,0.425,-42.360,0.391,-47.478,-38.977,-44.665,-0.467,0.712,-0.008,0.023,-0.072,-1.127,-0.000,-0.003,-16.121,0.004,-21.059,-14.307,-19.353
-4.849,6.867,-0.000,0.818,-0.000,0.001,-0.575,0.529,0.425,-42.521,0.392,-47.688,-39.121,-44.859,-0.459,0.717,-0.008,0.049,-0.081,-1.124,-0.000,-0.003,-16.078,0.005,-21.023,-14.354,-19.400
-4.854,6.874,-0.001,0.815,-0.000,0.000,-0.580,0.529,0.425,-42.682,0.392,-47.899,-39.264,-45.053,-0.450,0.721,-0.007,0.066,-0.090,-1.123,-0.000,-0.004,-16.024,0.005,-20.993,-14.390,-19.464
-4.858,6.881,-0.001,0.812,-0.000,-0.000,-0.584,0.529,0.425,-42.841,0.392,-48.108,-39.408,-45.248,-0.442,0.725,-0.005,0.071,-0.096,-1.122,-0.000,-0.005,-15.961,0.006,-20.966,-14.419,-19.539
-4.863,6.888,-0.001,0.808,-0.000,-0.001,-0.589,0.529,0.425,-43.001,0.392,-48.318,-39.553,-45.444,-0.434,0.729,-0.002,0.065,-0.101,-1.122,-0.000,-0.005,-15.891,0.008,-20.937,-14.440,-19.620
-4.867,6.896,-0.001,0.805,-0.000,-0.001,-0.593,0.529,0.425,-43.159,0.392,-48.527,-39.697,-45.641,-0.426,0.732,0.001,0.048,-0.103,-1.123,-0.000,-0.005,-15.819,0.009,-20.902,-14.457,-19.701
-4.871,6.903,-0.001,0.802,-0.001,-0.002,-0.598,0.529,0.425,-43.317,0.392,-48.736,-39.842,-45.838,-0.419,0.736,0.005,0.026,-0.102,-1.125,0.000,-0.005,-15.750,0.011,-20.858,-14.470,-19.778
-4.875,6.910,-0.001,0.798,-0.001,-0.002,-0.602,0.529,0.425,-43.474,0.392,-48.944,-39.987,-46.036,-0.412,0.740,0.008,0.005,-0.100,-1.131,0.001,-0.004,-15.686,0.012,-20.808,-14.472,-19.848
-4.879,6.918,-0.000,0.795,-0.001,-0.003,-0.607,0.529,0.425,-43.631,0.392,-49.152,-40.131,-46.235,-0.405,0.744,0.011,-0.011,-0.096,-1.139,0.001,-0.002,-15.627,0.012,-20.756,-14.466,-19.910
-4.884,6.925,-0.000,0.791,-0.001,-0.003,-0.611,0.529,0.425,-43.787,0.392,-49.359,-40.276,-46.435,-0.398,0.748,0.012,-0.021,-0.086,-1.148,0.002,0.000,-15.579,0.011,-20.702,-14.460,-19.964
-4.887,6.933,-0.000,0.788,-0.002,-0.003,-0.616,0.529,0.425,-43.942,0.392,-49.566,-40.420,-46.634,-0.391,0.753,0.012,-0.028,-0.069,-1.159,0.002,0.002,-15.544,0.009,-20.653,-14.454,-20.013
-4.891,6.940,-0.000,0.784,-0.002,-0.003,-0.620,0.529,0.425,-44.098,0.392,-49.772,-40.565,-46.835,-0.384,0.757,0.009,-0.032,-0.044,-1.171,0.002,0.004,-15.523,0.006,-20.622,-14.441,-20.058
-4.895,6.948,-0.000,0.781,-0.002,-0.003,-0.625,0.529,0.425,-44.253,0.392,-49.979,-40.709,-47.036,-0.378,0.761,0.004,-0.034,-0.012,-1.187,0.001,0.006,-15.514,0.002,-20.614,-14.418,-20.099
-4.899,6.956,-0.000,0.777,-0.002,-0.003,-0.630,0.529,0.425,-44.408,0.392,-50.185,-40.853,-47.237,-0.371,0.765,-0.001,-0.032,0.019,-1.202,0.001,0.007,-15.515,-0.002,-20.626,-14.389,-20.131
-4.903,6.963,-0.000,0.773,-0.002,-0.003,-0.634,0.529,0.425,-44.563,0.392,-50.391,-40.997,-47.438,-0.363,0.769,-0.006,-0.026,0.044,-1.213,0.001,0.007,-15.526,-0.006,-20.652,-14.361,-20.150
-4.906,6.971,-0.000,0.769,-0.002,-0.003,-0.639,0.529,0.425,-44.719,0.392,-50.598,-41.141,-47.640,-0.355,0.773,-0.009,-0.020,0.063,-1.219,0.000,0.008,-15.545,-0.010,-20.684,-14.338,-20.154
-4.910,6.979,-0.000,0.765,-0.002,-0.003,-0.644,0.529,0.425,-44.874,0.392,-50.805,-41.284,-47.841,-0.346,0.777,-0.012,-0.015,0.079,-1.220,-0.000,0.007,-15.572,-0.013,-20.726,-14.324,-20.143
-4.913,6.986,-0.000,0.761,-0.002,-0.002,-0.648,0.529,0.425,-45.030,0.392,-51.012,-41.427,-48.043,-0.335,0.780,-0.013,-0.012,0.091,-1.216,-0.001,0.007,-15.607,-0.015,-20.771,-14.321,-20.117
-4.916,6.994,-0.001,0.757,-0.002,-0.002,-0.653,0.529,0.425,-45.186,0.392,-51.220,-41.570,-48.243,-0.324,0.784,-0.012,-0.014,0.098,-1.205,-0.001,0.006,-15.648,-0.016,-20.811,-14.330,-20.073
-4.920,7.002,-0.001,0.753,-0.001,-0.001,-0.658,0.529,0.425,-45.343,0.392,-51.429,-41.714,-48.444,-0.312,0.788,-0.010,-0.020,0.100,-1.190,-0.001,0.005,-15.696,-0.015,-20.840,-14.351,-20.012
-4.923,7.010,-0.001,0.750,-0.001,-0.001,-0.662,0.529,0.425,-45.500,0.392,-51.637,-41.857,-48.644,-0.300,0.793,-0.007,-0.030,0.101,-1.173,-0.001,0.004,-15.747,-0.012,-20.861,-14.379,-19.936
-4.926,7.018,-0.001,0.746,-0.001,-0.000,-0.666,0.529,0.425,-45.658,0.392,-51.846,-42.001,-48.843,-0.288,0.796,-0.004,-0.040,0.098,-1.156,-0.001,0.002,-15.807,-0.010,-20.875,-14.403,-19.845
-4.928,7.026,-0.001,0.742,-0.001,0.000,-0.671,0.529,0.425,-45.816,0.391,-52.055,-42.145,-49.041,-0.277,0.800,-0.000,-0.047,0.094,-1.142,-0.001,0.000,-15.877,-0.006,-20.883,-14.417,-19.744
-4.931,7.034,-0.001,0.738,-0.001,0.001,-0.675,0.529,0.425,-45.976,0.391,-52.263,-42.290,-49.237,-0.266,0.803,0.003,-0.048,0.091,-1.132,-0.000,-0.001,-15.945,-0.003,-20.890,-14.420,-19.637
-4.934,7.042,-0.001,0.734,-0.000,0.001,-0.679,0.529,0.425,-46.135,0.391,-52.472,-42.434,-49.433,-0.255,0.807,0.005,-0.044,0.087,-1.124,-0.000,-0.002,-16.006,-0.000,-20.899,-14.411,-19.531
-4.936,7.050,-0.001,0.730,-0.000,0.001,-0.683,0.529,0.425,-46.296,0.391,-52.681,-42.578,-49.628,-0.246,0.810,0.007,-0.033,0.082,-1.119,-0.000,-0.002,-16.055,0.002,-20.910,-14.389,-19.430
-4.939,7.058,-0.001,0.727,-0.000,0.002,-0.687,0.529,0.425,-46.456,0.391,-52.891,-42.721,-49.822,-0.236,0.813,0.007,-0.016,0.074,-1.117,-0.000,-0.003,-16.089,0.003,-20.924,-14.354,-19.338
-4.941,7.066,-0.001,0.723,0.000,0.002,-0.691,0.529,0.425,-46.617,0.391,-53.100,-42.865,-50.015,-0.227,0.815,0.007,0.006,0.063,-1.118,0.000,-0.002,-16.107,0.004,-20.943,-14.307,-19.260
-4.943,7.075,-0.000,0.719,0.000,0.002,-0.695,0.529,0.425,-46.779,0.391,-53.309,-43.008,-50.207,-0.218,0.817,0.006,0.031,0.050,-1.121,0.000,-0.002,-16.107,0.004,-20.969,-14.246,-19.201
-4.945,7.083,-0.000,0.715,0.001,0.002,-0.699,0.529,0.425,-46.940,0.392,-53.519,-43.150,-50.399,-0.210,0.819,0.005,0.055,0.034,-1.126,0.000,-0.002,-16.089,0.004,-21.003,-14.175,-19.162
-4.947,7.091,-0.000,0.711,0.001,0.002,-0.703,0.529,0.425,-47.100,0.392,-53.730,-43.291,-50.591,-0.202,0.820,0.003,0.079,0.014,-1.134,0.000,-0.001,-16.063,0.003,-21.043,-14.088,-19.144
-4.949,7.099,-0.000,0.707,0.001,0.002,-0.707,0.529,0.425,-47.261,0.392,-53.940,-43.431,-50.782,-0.195,0.821,0.002,0.102,-0.011,-1.147,0.000,-0.000,-16.042,0.004,-21.087,-13.982,-19.146
-4.951,7.107,-0.000,0.703,0.002,0.001,-0.711,0.529,0.425,-47.421,0.392,-54.151,-43.571,-50.974,-0.188,0.821,0.002,0.118,-0.037,-1.163,0.001,0.000,-16.024,0.004,-21.122,-13.866,-19.175
