362,357,3
362,349,4
362,298,3
362,297,5
362,266,5
362,263,5
362,121,4
362,110,4
362,95,3
362,81,3
362,28,2
362,27,2
362,0,4
362,31,3
362,39,4
362,42,5
362,55,5
362,151,4
362,215,5
362,229,4
362,242,5
362,340,4
362,89,5
362,294,5
362,136,5
362,216,5
362,11,5
362,140,5
362,363,2
362,369,5
356,125,3
356,107,5
356,78,4
356,12,4
356,197,3
356,222,2
356,327,5
356,308,3
356,299,5
356,270,5
356,257,2
356,70,4
356,1,5
356,154,4
356,180,4
356,185,4
356,196,2
356,233,5
356,265,4
356,130,5
356,164,5
356,67,5
356,364,3
356,372,5
345,50,4
345,138,3
345,198,2
343,290,4
343,47,2
343,55,3
343,231,4
340,337,5
340,318,3
340,309,3
340,298,3
340,102,4
340,97,5
340,95,4
340,81,4
340,73,5
340,0,3
340,11,5
340,39,5
340,134,4
340,139,2
340,201,4
340,209,4
340,242,5
340,266,4
340,27,5
340,216,5
340,344,4
340,357,5
340,362,4
340,363,5
340,367,2
339,315,4
339,311,5
339,103,2
339,78,5
339,76,4
339,18,4
339,2,4
339,12,5
339,155,3
339,180,4
339,246,5
339,275,2
339,233,5
339,261,5
339,197,5
339,351,3
339,366,5
339,372,4
337,120,5
321,184,5
320,313,4
320,292,3
320,268,4
320,267,4
320,108,5
320,92,4
320,84,5
320,74,5
320,68,3
320,62,4
320,127,3
320,141,5
320,184,4
320,191,5
320,195,3
320,225,2
320,248,4
320,287,4
320,284,5
320,272,5
320,166,4
320,113,5
320,46,5
320,135,5
320,7,5
320,52,5
320,334,5
320,353,2
320,360,2
313,25,4
313,144,3
313,287,2
306,273,4
306,260,2
306,42,3
306,336,4
302,262,3
302,96,2
302,94,2
302,90,3
302,79,4
302,66,5
302,2,5
302,48,4
302,167,4
302,169,4
302,179,3
302,238,4
302,106,5
302,9,5
302,50,5
302,156,5
302,289,5
302,193,5
302,316,5
302,329,3
302,330,5
301,161,2
301,178,5
301,264,3
301,102,4
301,65,4
301,131,4
301,148,4
301,160,4
301,190,2
301,192,5
301,72,4
301,297,5
301,123,5
301,100,5
301,134,5
301,201,5
301,309,5
301,337,3
300,263,2
300,260,4
300,121,3
300,67,4
300,357,5
300,369,4
298,297,5
297,100,5
295,107,4
295,145,3
295,202,2
294,36,3
294,140,4
294,146,5
294,271,2
294,132,4
294,296,4
289,262,3
289,96,4
289,94,4
289,90,5
289,18,4
289,9,5
289,33,5
289,167,2
289,179,4
289,193,5
289,232,5
289,238,2
289,66,3
289,2,4
289,169,5
289,103,5
289,153,5
289,156,5
289,351,4
287,115,5
287,127,5
287,135,2
287,144,2
287,170,5
287,113,3
287,68,4
287,166,3
287,191,4
287,92,5
287,62,5
287,252,5
287,313,2
287,320,4
287,353,5
287,360,5
287,368,5
278,135,5
278,170,2
278,227,4
278,274,2
278,50,4
278,198,4
278,210,5
278,223,5
278,113,5
278,25,5
278,191,5
278,186,5
278,331,2
278,368,4
272,174,3
272,181,2
272,267,4
272,321,4
267,68,4
267,7,2
267,46,2
267,165,3
267,181,4
267,191,4
267,224,4
267,248,5
267,115,2
267,92,3
267,25,4
267,171,5
267,174,5
267,184,3
267,195,4
267,111,4
267,106,5
267,74,5
267,223,5
267,61,5
267,268,3
267,272,5
267,284,5
267,305,4
267,320,4
267,330,5
267,368,5
265,260,2
265,257,5
265,125,4
265,107,4
265,78,3
265,19,4
265,42,5
265,47,4
265,155,5
265,180,5
265,231,2
265,246,4
265,263,5
265,152,5
265,222,5
265,67,5
265,273,3
265,275,5
265,300,5
265,306,3
265,308,5
265,311,4
265,327,5
265,356,4
265,364,4
265,366,2
263,121,2
263,110,5
263,107,2
263,89,5
263,23,4
263,13,3
263,130,4
263,140,5
263,145,4
263,188,5
263,222,5
263,260,4
263,125,5
263,58,5
263,152,4
263,154,5
263,231,5
263,202,5
263,265,5
263,295,4
263,300,2
263,306,4
263,349,5
263,357,4
263,363,4
263,365,5
263,369,3
262,90,5
261,1,2
261,257,3
261,308,4
260,125,4
260,19,4
260,42,2
260,55,4
260,152,3
260,222,4
260,231,3
260,246,5
260,121,5
260,107,5
260,13,5
260,31,5
260,67,5
260,263,4
260,265,2
260,273,3
260,295,5
260,300,5
260,306,2
260,311,5
260,336,4
260,343,4
260,356,5
260,357,5
260,363,5
260,364,5
260,366,5
255,178,2
255,161,5
255,34,3
255,60,4
255,100,3
255,209,5
255,134,4
255,72,5
255,97,4
255,224,5
255,181,4
255,61,5
255,229,5
255,0,5
255,73,5
255,264,5
255,269,4
255,272,4
255,284,4
255,337,5
255,344,5
252,62,2
252,338,3
252,353,4
250,247,4
250,237,4
250,192,4
250,168,2
250,160,5
250,54,2
250,77,3
250,84,5
250,108,5
250,109,4
250,282,3
250,291,5
250,304,4
250,310,5
250,334,5
250,338,5
250,341,4
248,184,3
248,181,4
248,174,5
248,148,5
248,141,3
248,34,5
248,7,2
248,65,5
248,68,5
248,74,2
248,84,2
248,92,3
248,108,4
248,127,4
248,123,5
248,225,5
248,61,5
248,87,5
248,267,5
248,268,5
248,284,4
248,292,3
248,305,5
248,320,4
248,321,4
248,334,4
248,341,5
248,353,4
247,148,4
247,54,4
247,192,4
247,310,2
246,196,5
246,193,4
246,180,4
246,155,3
246,47,5
246,2,5
246,18,4
246,19,3
246,78,4
246,153,4
246,231,5
246,233,5
246,232,5
246,260,5
246,265,4
246,275,2
246,290,4
246,306,5
246,311,2
246,315,5
246,332,5
246,336,2
246,339,5
246,343,5
246,366,5
307,278,3
307,331,2
11,242,4
11,266,2
11,340,4
242,146,4
242,136,3
242,89,4
242,151,2
242,362,4
239,238,5
239,210,3
239,171,5
239,169,3
239,138,4
239,50,4
239,48,2
239,66,5
239,79,2
239,90,3
239,94,4
239,96,4
239,106,5
239,186,5
239,262,4
239,302,5
239,316,5
239,329,5
239,345,4
238,167,3
238,179,5
238,289,2
237,52,4
237,109,2
237,226,3
233,180,2
233,12,3
233,76,5
233,103,4
233,197,5
233,196,5
233,78,5
233,257,4
233,261,4
233,275,4
233,315,3
233,351,5
233,356,5
233,366,5
233,372,2
232,193,3
232,179,5
232,155,5
232,33,5
232,2,2
232,18,2
232,76,3
232,103,4
232,167,4
232,153,5
232,238,4
232,246,5
232,262,5
232,275,4
232,311,5
232,339,5
232,351,3
232,372,5
231,196,4
231,246,4
231,260,3
231,265,2
231,273,4
230,171,4
230,156,4
230,61,3
230,111,2
230,268,5
230,305,4
229,152,4
229,39,2
229,297,5
229,298,4
227,138,2
227,48,4
227,50,4
227,331,4
227,368,3
226,168,4
226,77,4
226,109,2
226,54,4
226,108,5
226,237,3
226,247,5
226,250,5
226,304,2
226,334,5
226,338,5
225,224,5
225,195,3
225,171,5
225,170,5
225,144,4
225,135,4
225,127,5
225,46,4
225,7,4
225,25,3
225,68,2
225,92,5
225,113,4
225,115,4
225,191,2
225,74,5
225,248,5
225,267,5
225,268,4
225,272,5
225,292,5
225,313,4
225,320,2
225,353,3
225,360,5
225,368,5
224,181,3
224,46,4
224,61,2
224,184,5
224,305,4
224,321,4
223,210,4
223,191,3
223,278,4
223,368,2
222,196,3
222,180,5
222,164,4
222,130,4
222,58,4
222,12,5
222,67,5
222,70,5
222,78,4
222,107,2
222,125,3
222,202,5
222,154,5
222,231,4
222,257,5
222,260,4
222,263,5
222,273,4
222,295,5
222,300,5
222,308,5
222,327,4
222,356,2
222,364,3
222,366,4
222,369,5
216,136,2
216,27,4
216,146,4
216,294,4
215,39,3
215,55,2
215,269,5
215,306,4
210,171,3
210,79,2
210,94,4
210,198,4
210,169,4
209,134,2
209,72,3
209,229,4
209,255,4
209,297,4
209,337,5
366,364,4
366,356,5
366,336,4
366,327,5
366,308,4
366,275,4
366,265,2
366,260,5
366,257,4
366,107,5
366,103,5
366,78,2
366,12,3
366,155,4
366,180,2
366,185,5
366,196,4
366,222,4
366,231,3
366,233,5
366,339,5
366,315,5
366,311,4
366,1,5
366,273,5
366,306,5
109,87,5
109,62,5
109,108,4
109,168,5
109,226,2
109,237,2
109,247,5
109,250,4
109,282,4
109,291,3
109,292,5
109,304,3
109,334,4
109,338,2
109,360,5
365,349,4
365,312,5
365,300,5
365,296,5
365,294,3
365,263,5
365,121,4
365,110,3
365,95,5
365,89,2
365,85,4
365,14,3
365,13,4
365,36,5
365,132,3
365,145,2
365,151,4
365,188,3
365,202,5
365,271,2
108,54,2
108,87,5
108,77,5
108,52,2
108,62,4
108,7,5
108,109,4
108,123,5
108,127,3
108,141,4
108,144,5
108,148,5
108,166,5
108,168,5
108,184,5
108,195,5
108,247,5
108,248,4
108,250,5
108,252,4
108,282,3
108,291,4
108,292,3
108,310,5
108,320,5
108,334,3
108,341,4
108,360,2
104,70,3
104,270,4
104,299,2
104,308,5
360,341,5
360,334,3
360,320,2
360,292,3
360,284,5
360,108,2
360,87,5
360,84,4
360,184,4
360,195,3
360,225,5
360,353,3
360,338,4
360,313,5
360,287,5
360,268,5
360,267,5
360,74,4
360,7,4
360,52,3
360,54,5
360,127,2
360,141,5
360,144,4
360,166,4
360,252,4
360,282,5
360,123,5
360,248,5
103,76,5
103,275,3
103,339,2
100,60,5
97,73,2
97,100,5
97,134,3
97,215,4
97,269,4
97,297,4
291,127,4
291,109,3
291,338,2
34,97,4
34,100,4
34,120,5
34,161,3
34,174,4
34,178,2
34,337,4
161,148,4
161,139,5
161,133,4
161,131,5
161,34,3
161,100,3
161,120,3
161,123,4
161,134,4
161,73,5
161,72,5
161,174,5
161,178,2
161,190,3
161,192,5
161,201,4
161,255,5
161,264,2
161,269,5
161,284,5
161,297,4
161,301,2
161,309,5
161,337,3
161,344,4
353,292,4
353,287,4
353,115,4
353,320,2
353,195,4
353,360,3
96,9,4
96,94,3
96,66,4
96,48,4
96,50,5
96,106,2
96,111,5
96,153,5
96,156,5
96,167,5
96,169,3
96,171,4
96,179,3
96,193,5
96,210,4
96,230,5
96,239,4
96,262,3
96,289,4
96,302,2
96,316,3
96,323,5
96,329,2
96,330,3
94,96,3
94,169,5
94,179,4
94,262,4
94,302,2
85,95,5
89,85,5
89,14,4
89,121,4
89,132,4
89,271,3
89,365,2
338,109,2
338,62,2
338,52,4
338,54,4
338,226,5
338,252,3
338,237,3
338,334,4
338,320,5
338,304,5
338,292,4
338,291,2
338,282,5
338,144,5
338,168,5
338,195,5
338,250,5
338,87,5
338,141,5
338,360,4
81,27,2
81,95,4
81,266,3
81,318,5
81,349,4
336,275,5
336,260,4
336,42,5
336,47,2
336,152,5
336,246,2
336,332,5
336,311,3
336,55,5
336,147,4
336,153,4
336,306,5
336,265,5
336,19,2
336,18,5
336,33,4
336,180,5
336,193,5
336,231,4
336,215,5
336,343,3
336,366,4
79,66,5
79,48,3
79,50,3
79,90,3
79,96,5
79,106,4
79,111,5
79,156,5
79,165,5
79,169,3
79,171,2
79,179,4
79,186,3
79,198,4
79,210,2
79,227,4
79,230,5
79,239,2
79,262,4
79,302,4
79,316,5
79,329,4
79,345,4
79,368,4
331,278,2
331,138,4
331,170,5
331,307,2
331,274,3
331,223,5
331,227,5
331,48,5
331,345,4
331,368,5
74,84,3
74,248,2
74,272,4
74,320,4
74,334,5
201,161,4
201,134,5
201,131,2
201,34,5
201,11,5
201,72,2
201,102,3
201,190,4
201,178,5
201,264,4
201,297,5
201,298,5
201,309,4
201,318,4
201,340,4
201,344,3
201,367,5
271,95,5
271,89,3
271,85,3
271,14,3
271,13,5
271,36,2
271,132,3
271,136,4
271,140,4
271,145,5
271,146,4
271,121,5
271,242,4
271,294,2
271,296,3
271,312,3
271,349,4
271,365,2
14,110,5
141,84,2
141,284,4
141,341,3
141,360,4
73,0,5
73,31,5
73,47,5
73,55,4
73,72,5
73,60,5
73,28,5
73,100,4
73,134,2
73,139,5
73,178,4
73,209,3
73,229,4
73,269,3
73,297,3
73,340,5
73,344,5
327,23,4
327,130,3
327,154,2
327,58,4
327,356,4
70,58,5
70,154,5
70,164,2
70,185,3
70,197,4
70,261,4
70,270,3
70,299,2
70,308,3
70,327,5
70,356,4
70,364,4
197,104,4
197,233,4
197,257,2
197,308,4
197,356,3
197,364,4
67,23,4
67,130,2
67,202,3
67,222,4
67,369,5
65,60,3
65,77,5
65,84,4
65,100,4
65,120,3
65,131,5
65,133,2
65,141,4
65,148,2
65,160,3
65,161,5
65,174,5
65,178,4
65,192,4
65,248,5
65,255,5
65,264,4
65,301,4
65,310,4
65,337,4
65,344,5
192,77,5
36,14,5
36,132,3
36,140,5
36,146,3
36,151,4
36,216,4
36,242,4
36,271,2
36,294,3
36,296,3
36,312,2
36,349,5
36,365,5
323,316,4
323,305,4
323,290,5
323,106,4
323,96,5
323,76,5
323,61,4
323,19,5
323,18,5
323,9,2
323,33,4
323,147,4
323,156,3
323,167,5
323,230,4
323,268,5
323,329,5
323,332,3
323,343,5
66,2,4
66,9,3
66,167,2
66,302,4
66,330,5
193,33,3
193,18,2
193,103,4
193,289,4
264,161,2
264,209,4
264,301,3
264,337,4
7,25,5
7,46,5
7,61,4
7,68,4
7,74,3
7,84,5
7,111,5
7,123,5
7,141,5
7,174,4
7,181,5
7,184,3
7,191,5
7,195,3
7,225,4
7,248,2
7,267,2
7,268,3
7,272,4
7,284,5
7,292,4
7,305,4
7,321,4
7,353,4
7,360,4
134,34,4
134,0,4
134,28,5
134,60,5
134,72,2
134,73,2
134,81,5
134,97,3
134,100,3
134,102,5
134,120,5
134,131,5
134,55,5
134,39,4
134,139,5
134,161,4
134,201,5
134,209,2
134,255,4
134,269,3
134,297,3
134,298,4
134,309,5
134,337,4
134,340,4
134,344,3
134,367,5
284,60,4
284,7,4
284,174,2
27,0,4
27,11,3
27,28,3
27,39,5
27,85,4
27,95,3
27,102,5
27,110,4
27,121,5
27,136,4
27,139,4
27,140,4
27,151,5
27,216,5
27,229,5
27,242,4
27,266,2
27,294,5
27,312,5
27,318,4
27,357,5
27,362,2
27,363,5
27,367,4
154,58,3
154,23,3
154,67,3
154,70,5
154,107,4
154,125,3
154,130,2
154,164,2
154,185,3
154,196,4
154,202,5
154,257,5
154,273,5
154,295,5
154,327,2
154,356,4
12,180,2
12,261,4
12,339,4
12,366,3
139,28,4
139,102,5
139,134,4
139,318,4
139,340,2
139,367,3
341,282,4
341,120,4
341,108,4
341,87,2
341,84,2
341,77,4
341,60,4
341,52,4
341,127,5
341,133,4
341,141,3
341,160,5
341,174,5
341,192,3
341,247,3
341,248,5
341,250,4
341,310,2
341,148,4
341,264,5
341,190,5
341,65,5
341,360,5
84,65,4
84,7,5
84,34,5
84,74,3
84,60,4
84,52,4
84,54,4
84,87,3
84,123,4
84,127,4
84,133,5
84,141,2
84,148,5
84,160,5
84,174,4
84,181,5
84,184,5
84,192,5
84,247,5
84,248,2
84,264,5
84,310,5
84,320,5
84,321,5
84,334,3
84,341,2
84,353,5
84,360,4
282,77,4
282,54,2
282,141,4
282,250,3
282,338,4
25,170,4
25,186,4
25,191,2
25,225,3
152,47,4
152,42,2
152,357,4
152,363,3
311,18,4
311,12,4
311,246,2
311,336,3
54,62,5
54,77,3
54,84,4
54,108,2
54,148,5
54,160,5
54,168,3
54,226,4
54,237,4
54,247,5
54,248,5
54,250,2
54,252,5
54,282,2
54,291,4
54,292,5
54,310,4
54,334,3
54,338,4
54,341,5
54,360,5
181,174,2
181,165,5
181,46,5
181,61,2
181,92,4
181,111,5
181,115,4
181,178,5
181,34,5
181,60,5
181,123,5
181,97,5
181,184,3
181,195,5
181,224,3
181,248,4
181,255,4
181,267,4
181,272,2
181,284,3
181,292,5
181,305,3
181,321,3
181,323,5
181,332,5
274,170,3
274,278,2
274,345,4
144,127,5
144,52,5
144,62,2
144,74,5
144,92,5
144,108,5
144,135,5
144,166,2
144,191,5
144,195,4
144,225,4
144,252,3
144,287,2
144,291,5
144,313,3
144,320,5
144,338,5
144,353,4
144,360,4
46,25,4
46,61,4
46,79,5
46,92,5
46,96,5
46,106,4
46,111,5
46,115,3
46,138,5
46,169,5
46,171,2
46,179,5
46,181,5
46,184,5
46,186,3
46,223,4
46,224,5
46,225,4
46,227,5
46,230,4
46,267,2
46,268,3
46,272,5
46,330,4
46,368,4
349,95,5
349,140,2
349,151,3
349,188,4
349,85,4
349,110,4
349,363,4
92,7,2
92,184,4
92,224,4
92,225,4
92,248,3
92,292,5
290,19,4
290,9,4
290,33,2
290,47,4
290,55,5
290,147,2
290,153,3
290,156,4
290,215,5
290,231,5
290,246,4
290,18,5
290,275,5
290,76,5
290,66,5
290,167,5
290,305,5
290,306,5
290,332,3
290,336,5
290,343,5
33,18,2
33,19,5
33,47,5
33,66,4
33,76,3
33,78,5
33,147,3
33,156,4
33,167,4
33,193,3
33,231,5
33,232,5
33,238,5
33,246,5
33,275,4
33,289,5
33,290,2
33,311,4
33,323,4
33,330,5
33,332,4
33,336,4
33,339,5
33,343,5
33,351,5
160,133,2
160,264,4
160,341,4
62,52,5
62,74,5
62,108,4
62,109,5
62,127,4
62,141,5
62,144,2
62,166,3
62,195,4
62,225,5
62,237,5
62,282,5
62,287,5
62,291,3
62,292,4
62,320,4
62,338,2
62,360,5
275,103,3
275,78,5
275,76,3
275,2,4
275,12,4
275,33,4
275,155,2
275,193,4
275,232,4
275,233,4
275,246,2
275,265,5
275,197,5
275,231,5
275,180,5
275,196,5
275,19,5
275,311,3
275,315,4
275,336,5
275,339,2
275,366,4
18,12,5
18,2,3
18,19,5
18,33,2
18,66,4
18,76,3
18,78,5
18,147,5
18,153,3
18,179,5
18,193,2
18,232,2
18,238,4
18,246,4
18,275,5
18,289,4
18,290,5
18,311,5
18,330,5
18,336,5
18,339,4
18,351,3
145,130,5
145,13,4
145,14,3
145,23,5
145,89,3
145,107,5
145,110,4
145,140,4
145,132,5
145,188,2
145,202,2
145,263,4
145,271,5
145,294,5
145,295,3
145,300,4
145,357,5
145,365,2
363,357,3
363,349,5
363,343,5
363,298,4
363,297,5
363,273,5
363,269,5
363,263,4
363,260,5
363,107,5
363,95,5
363,81,5
363,28,3
363,27,5
363,31,2
363,42,2
363,47,5
363,55,4
363,140,4
363,151,5
363,152,3
363,215,4
363,229,4
363,242,5
363,362,2
363,121,5
363,89,5
363,13,4
363,188,5
363,369,4
106,79,4
106,61,5
106,46,4
106,48,5
106,96,2
106,111,2
106,147,5
106,153,5
106,156,4
106,167,4
106,179,3
106,186,4
106,210,4
106,224,5
106,230,3
106,239,5
106,262,5
106,289,5
106,302,5
106,305,5
106,316,2
106,323,4
106,329,3
106,330,3
304,282,4
304,226,2
47,39,5
47,33,5
47,19,3
47,42,4
47,31,5
47,55,2
47,147,4
47,152,5
47,153,5
47,215,3
47,229,5
47,246,5
47,260,5
47,265,4
47,273,4
47,290,4
47,300,5
47,306,4
47,336,2
47,343,2
47,363,5
47,366,5
174,34,5
174,7,4
174,60,3
174,61,5
174,65,5
174,74,4
174,84,4
174,92,4
174,115,5
174,123,3
174,161,5
174,120,5
174,97,5
174,178,4
174,181,2
174,209,5
174,255,5
174,264,5
174,267,5
174,272,3
174,284,2
174,292,5
174,305,5
174,321,3
174,334,5
344,72,2
344,0,4
344,178,4
344,201,3
344,102,4
87,77,5
87,108,4
87,123,4
87,192,4
87,310,3
87,341,2
28,13,4
28,39,4
28,95,4
28,362,2
155,232,4
155,246,3
155,275,2
155,372,4
31,55,4
31,298,5
31,300,4
31,357,4
31,362,3
31,363,2
1,70,4
1,104,4
1,164,5
1,180,4
1,185,5
1,196,5
1,197,3
1,257,2
1,261,2
1,270,4
1,299,5
1,308,3
1,315,3
1,356,5
1,364,5
1,372,4
266,95,3
266,85,4
266,27,2
266,110,5
266,102,5
266,81,3
266,0,5
266,11,2
266,139,4
266,140,5
266,146,4
266,151,4
266,216,4
266,309,4
266,312,5
266,318,3
266,340,4
266,362,5
9,18,4
9,19,5
9,33,5
9,66,3
9,76,4
9,94,5
9,96,4
9,111,4
9,153,4
9,156,2
9,167,2
9,232,5
9,289,5
9,290,4
9,302,5
9,311,5
9,316,4
9,323,2
9,329,4
9,330,3
9,332,3
9,351,5
136,132,4
136,81,4
136,85,3
136,140,5
136,146,3
136,151,2
136,216,2
136,242,3
136,271,4
136,296,4
136,312,4
136,318,5
136,362,5
136,365,5
316,111,3
316,106,2
316,79,4
316,66,4
316,330,4
186,138,4
186,46,3
186,171,2
186,329,4
257,222,5
257,197,2
257,196,3
257,185,5
257,164,4
257,154,5
257,1,2
257,125,5
257,233,4
257,12,4
257,70,5
257,261,3
257,270,4
257,299,4
257,308,3
257,327,5
257,356,2
257,364,3
257,366,4
257,372,4
0,31,4
0,73,4
0,298,4
0,340,3
127,92,4
127,108,3
127,144,4
127,292,4
127,334,4
127,360,2
296,146,5
39,31,4
39,0,3
39,28,5
39,42,4
39,47,5
39,55,2
39,81,5
39,97,4
39,100,5
39,134,4
39,139,5
39,215,3
39,229,2
39,260,5
39,269,3
39,273,5
39,297,4
39,298,3
39,340,5
39,349,5
39,357,4
39,362,4
39,363,5
166,62,3
166,68,4
166,144,2
299,270,3
299,104,2
299,70,2
299,164,5
299,261,4
299,257,4
299,185,5
299,308,4
299,315,5
42,31,3
42,13,5
42,19,5
42,47,4
42,107,4
42,121,4
42,125,5
42,140,5
42,152,2
42,188,5
42,215,4
42,222,5
42,260,2
42,263,5
42,265,5
42,269,5
42,273,3
42,295,5
42,300,4
42,306,3
42,336,5
42,343,4
42,349,5
42,357,3
42,362,5
42,363,2
42,369,4
169,50,5
329,106,3
329,96,2
329,179,4
329,239,4
329,238,4
329,330,4
72,11,5
72,34,4
72,39,5
72,73,5
72,81,5
72,102,3
72,120,5
72,134,2
72,139,4
72,178,4
72,201,2
72,209,3
72,255,5
72,264,4
72,269,5
72,297,3
72,298,4
72,301,4
72,309,5
72,337,3
72,340,5
72,344,2
72,367,4
13,42,4
13,110,4
13,121,2
13,140,3
13,295,4
140,42,5
140,31,4
140,13,3
140,14,4
140,27,4
140,28,4
140,85,3
140,89,4
140,95,4
140,110,3
140,121,2
140,136,5
140,36,5
140,145,4
140,146,5
140,151,2
140,152,5
140,202,5
140,216,5
140,242,3
140,263,5
140,271,4
140,294,5
140,298,5
140,312,5
140,349,2
140,363,4
140,365,5
140,369,5
78,197,4
78,265,3
78,275,4
78,366,2
19,47,3
19,78,4
19,336,2
107,78,5
107,67,4
107,23,4
107,58,4
107,121,5
107,125,3
107,130,5
107,145,5
107,154,4
107,164,5
107,188,5
107,202,4
107,222,2
107,231,4
107,263,2
107,265,4
107,273,3
107,295,5
107,300,3
107,306,4
107,356,5
107,364,5
107,366,5
107,369,3
305,268,5
48,50,5
48,79,3
48,90,4
48,169,4
48,239,2
309,81,4
309,72,4
309,318,4
309,367,2
52,54,3
52,74,4
52,108,2
52,334,4
179,169,5
312,36,2
312,151,4
312,296,4
55,39,2
55,31,5
55,0,5
55,13,5
55,47,2
55,28,5
55,73,4
55,147,5
55,152,4
55,215,2
55,229,3
55,260,4
55,265,5
55,269,4
55,273,4
55,290,5
55,298,5
55,300,5
55,336,5
55,343,3
55,362,5
55,363,4
2,18,3
2,76,4
2,232,2
2,351,4
318,102,5
61,9,5
61,46,4
61,7,4
61,106,5
61,111,2
61,115,4
61,165,4
61,171,5
61,174,5
61,181,2
61,184,4
61,186,5
61,195,5
61,224,2
61,230,3
61,255,5
61,268,3
61,272,3
61,284,5
61,305,3
61,321,3
61,323,4
61,330,5
61,332,4
188,14,4
188,110,5
188,145,2
188,263,4
188,365,3
368,316,5
368,307,5
368,278,4
368,274,4
368,267,5
368,115,5
368,90,5
368,79,4
368,25,3
368,46,4
368,50,3
368,135,4
368,138,2
368,169,4
368,171,5
368,186,4
368,191,2
368,198,5
368,223,2
368,225,5
368,227,3
368,230,5
368,331,5
368,165,5
368,239,5
368,68,5
111,96,5
111,79,5
111,61,2
111,9,4
111,106,2
111,147,5
111,165,4
111,167,5
111,171,4
111,179,5
111,181,5
111,186,4
111,210,5
111,224,3
111,230,2
111,267,4
111,268,4
111,272,5
111,305,3
111,316,3
111,321,5
111,323,5
111,330,3
111,332,4
113,135,2
113,223,4
113,287,3
372,315,4
372,180,3
372,233,2
115,7,3
115,184,4
115,191,4
115,195,5
115,230,4
115,267,2
115,268,4
121,110,3
121,89,5
121,85,5
121,13,2
121,31,4
121,42,4
121,107,5
121,23,5
121,130,5
121,140,2
121,145,5
121,151,5
121,152,4
121,188,4
121,202,4
121,242,5
121,260,5
121,263,2
121,271,5
121,294,5
121,298,5
121,300,3
121,306,5
121,349,3
121,357,3
121,362,4
121,365,4
121,369,3
310,282,4
310,120,4
310,87,3
310,84,5
310,77,3
310,65,4
310,60,5
310,52,5
310,54,4
310,133,5
310,160,4
310,190,5
310,192,3
310,247,2
310,168,4
310,108,5
310,341,2
180,155,4
180,12,2
180,76,5
180,78,3
180,103,4
180,185,5
180,196,5
180,197,4
180,222,5
180,231,5
180,233,2
180,246,4
180,257,5
180,265,5
180,308,4
180,315,3
180,339,4
180,356,4
180,366,2
180,372,3
123,120,4
123,65,3
123,60,4
123,248,4
58,125,5
185,164,2
185,154,3
185,58,4
185,125,5
185,257,4
68,165,4
68,195,4
68,225,2
68,320,3
130,58,3
130,23,3
130,67,2
130,145,5
130,154,2
130,164,5
130,188,5
130,196,5
130,202,2
130,222,4
130,263,4
130,273,5
130,295,3
130,327,3
130,356,5
130,369,4
131,102,4
131,139,4
131,161,4
131,201,2
132,85,5
133,131,5
133,60,5
133,77,5
133,84,5
133,87,4
133,100,5
133,120,3
133,65,2
133,141,5
133,148,3
133,161,4
133,178,5
133,190,4
133,192,3
133,247,4
133,301,5
133,337,4
133,341,4
135,25,4
135,138,5
135,144,5
135,165,5
135,166,5
135,170,2
135,191,5
135,225,4
135,278,5
135,287,2
135,313,3
135,320,5
135,353,5
135,368,4
138,50,3
138,46,5
138,79,5
138,90,4
138,165,5
138,169,4
138,170,4
138,171,4
138,186,5
138,191,5
138,198,2
138,210,4
138,223,3
138,227,2
138,239,4
138,274,4
138,307,4
138,316,5
138,329,5
138,331,4
138,345,3
138,368,2
147,9,4
147,290,2
147,311,4
148,34,4
148,65,2
148,84,4
148,133,3
148,120,4
148,192,5
367,362,5
367,344,4
367,318,3
367,309,2
367,298,5
367,102,3
367,95,4
367,72,4
367,27,4
367,11,4
367,134,5
367,139,3
367,209,5
367,216,5
367,340,2
367,131,4
367,266,5
151,146,3
151,145,5
151,136,2
151,132,4
151,36,4
151,31,5
151,14,4
151,28,4
151,85,3
151,95,3
151,110,3
151,121,5
151,140,2
151,81,4
151,216,3
151,242,2
151,266,4
151,271,5
151,294,4
151,312,5
151,318,5
151,349,3
151,362,4
151,363,5
151,365,4
153,33,2
153,155,4
153,167,4
153,290,3
153,332,5
156,9,2
156,96,4
156,193,4
156,323,3
156,332,4
164,130,5
164,58,3
164,1,5
164,23,5
164,67,5
164,70,2
164,125,4
164,154,2
164,185,2
164,196,4
164,197,4
164,222,4
164,257,4
164,261,5
164,270,5
164,299,5
164,327,3
164,364,3
165,46,2
165,267,3
165,268,4
165,316,4
165,368,4
167,156,3
167,9,2
167,94,4
167,155,5
167,153,5
167,66,2
167,76,4
167,106,4
167,147,5
167,33,4
167,18,5
167,169,5
167,179,3
167,193,4
167,232,4
167,289,2
167,290,5
167,302,4
167,311,5
167,323,5
167,329,4
167,330,4
167,332,5
167,351,4
168,87,4
168,109,4
168,250,2
170,165,5
170,135,2
170,50,4
170,25,5
170,68,5
170,113,3
170,138,4
170,186,5
170,191,4
170,198,5
170,223,4
170,225,5
170,278,2
170,287,5
170,313,5
170,331,5
170,368,5
171,169,3
171,165,3
171,46,2
171,61,5
171,79,2
171,96,4
171,111,4
171,138,4
171,90,5
171,115,5
171,156,5
171,179,4
171,186,2
171,191,4
171,198,5
171,210,3
171,223,4
171,224,5
171,227,4
171,230,5
171,239,5
171,262,5
171,267,5
171,268,5
171,302,5
171,316,4
171,330,4
171,345,5
178,161,2
178,131,5
178,34,2
178,60,3
178,65,4
178,72,4
178,73,4
178,100,3
178,120,4
178,174,4
178,123,4
178,134,5
178,0,5
178,139,5
178,181,5
178,190,5
178,201,5
178,209,4
178,255,2
178,264,3
178,269,4
178,272,5
178,284,4
178,297,4
178,301,5
178,337,3
178,344,5
190,65,4
190,301,2
190,344,4
191,170,4
191,165,4
191,138,5
191,7,5
191,25,2
191,68,3
191,92,5
191,113,4
191,115,5
191,171,4
191,169,5
191,50,5
191,46,5
191,79,5
191,195,5
191,223,3
191,224,5
191,225,2
191,230,5
191,267,4
191,274,5
191,278,5
191,287,4
191,320,5
191,353,5
191,368,2
184,195,5
196,180,4
196,125,4
196,222,3
196,356,2
196,364,4
198,138,2
198,50,3
198,48,4
198,79,4
198,90,4
198,171,5
198,186,5
198,94,5
198,210,5
198,223,5
198,227,3
198,239,5
198,278,4
198,307,4
198,329,5
198,345,2
198,368,5
202,188,3
202,145,2
202,130,2
202,14,5
202,23,3
202,67,3
202,107,4
202,121,4
202,154,5
202,58,5
202,89,5
202,222,5
202,295,2
202,300,4
202,357,5
202,365,5
202,369,3

