372,-9.0000,5.0000,0.0005,0.7071,0.0000,0.0000,0.7071,-0.0000,-0.0000,0.0001,-0.0000,0.0001,0.0001,0.0001,-0.0000,-0.0000,0.0000,-0.0000,-0.0000,-0.0000,0.0000,0.0000,-0.0000,0.0000,-0.0000,-0.0000,-0.0000
369,1.0000,7.0000,0.0005,-0.7071,0.0000,0.0000,0.7071,-0.0000,-0.0000,0.0001,-0.0000,0.0001,0.0001,0.0001,-0.0000,-0.0000,0.0000,-0.0000,-0.0000,-0.0000,0.0000,0.0000,-0.0000,0.0000,-0.0000,-0.0000,-0.0000
368,-5.0000,-7.0000,0.0005,1.0000,0.0000,0.0000,0.0000,-0.0000,-0.0000,0.0001,-0.0000,0.0001,0.0001,0.0001,-0.0000,-0.0000,0.0000,-0.0000,-0.0000,-0.0000,0.0000,0.0000,-0.0000,0.0000,-0.0000,-0.0000,-0.0000
367,9.0000,3.0000,0.0005,1.0000,0.0000,0.0000,0.0000,-0.0000,-0.0000,0.0001,-0.0000,0.0001,0.0001,0.0001,-0.0000,-0.0000,0.0000,-0.0000,-0.0000,-0.0000,0.0000,0.0000,-0.0000,0.0000,-0.0000,-0.0000,-0.0000
366,-5.0000,5.0000,0.0005,1.0000,0.0000,0.0000,0.0000,-0.0000,-0.0000,0.0001,-0.0000,0.0001,0.0001,0.0001,-0.0000,-0.0000,0.0000,-0.0000,-0.0000,-0.0000,0.0000,0.0000,-0.0000,0.0000,-0.0000,-0.0000,-0.0000
365,5.0000,9.0000,0.0005,1.0000,0.0000,0.0000,0.0000,-0.0000,-0.0000,0.0001,-0.0000,0.0001,0.0001,0.0001,-0.0000,-0.0000,0.0000,-0.0000,-0.0000,-0.0000,0.0000,0.0000,-0.0000,0.0000,-0.0000,-0.0000,-0.0000
364,-5.0000,7.0000,0.0005,-0.7071,0.0000,0.0000,0.7071,-0.0000,-0.0000,0.0001,-0.0000,0.0001,0.0001,0.0001,-0.0000,-0.0000,0.0000,-0.0000,-0.0000,-0.0000,0.0000,0.0000,-0.0000,0.0000,-0.0000,-0.0000,-0.0000
363,3.0000,5.0000,0.0005,1.0000,0.0000,0.0000,0.0000,-0.0000,-0.0000,0.0001,-0.0000,0.0001,0.0001,0.0001,-0.0000,-0.0000,0.0000,-0.0000,-0.0000,-0.0000,0.0000,0.0000,-0.0000,0.0000,-0.0000,-0.0000,-0.0000
362,5.0000,5.0000,0.0005,1.0000,0.0000,0.0000,0.0000,-0.0000,-0.0000,0.0001,-0.0000,0.0001,0.0001,0.0001,-0.0000,-0.0000,0.0000,-0.0000,-0.0000,-0.0000,0.0000,0.0000,-0.0000,0.0000,-0.0000,-0.0000,-0.0000
360,3.0000,-7.0000,0.0005,1.0000,0.0000,0.0000,0.0000,-0.0000,-0.0000,0.0001,-0.0000,0.0001,0.0001,0.0001,-0.0000,-0.0000,0.0000,-0.0000,-0.0000,-0.0000,0.0000,0.0000,-0.0000,0.0000,-0.0000,-0.0000,-0.0000
357,3.0000,5.0000,0.0005,-0.7071,0.0000,0.0000,0.7071,-0.0000,-0.0000,0.0001,-0.0000,0.0001,0.0001,0.0001,-0.0000,-0.0000,0.0000,-0.0000,-0.0000,-0.0000,0.0000,0.0000,-0.0000,0.0000,-0.0000,-0.0000,-0.0000
356,-5.0000,7.0000,0.0005,1.0000,0.0000,0.0000,0.0000,-0.0000,-0.0000,0.0001,-0.0000,0.0001,0.0001,0.0001,-0.0000,-0.0000,0.0000,-0.0000,-0.0000,-0.0000,0.0000,0.0000,-0.0000,0.0000,-0.0000,-0.0000,-0.0000
353,1.0000,-7.0000,0.0005,0.7071,0.0000,0.0000,0.7071,-0.0000,-0.0000,0.0001,-0.0000,0.0001,0.0001,0.0001,-0.0000,-0.0000,0.0000,-0.0000,-0.0000,-0.0000,0.0000,0.0000,-0.0000,0.0000,-0.0000,-0.0000,-0.0000
351,-9.0000,1.0000,0.0005,-0.7071,0.0000,0.0000,0.7071,-0.0000,-0.0000,0.0001,-0.0000,0.0001,0.0001,0.0001,-0.0000,-0.0000,0.0000,-0.0000,-0.0000,-0.0000,0.0000,0.0000,-0.0000,0.0000,-0.0000,-0.0000,-0.0000
349,5.0000,7.0000,0.0005,0.7071,0.0000,0.0000,0.7071,-0.0000,-0.0000,0.0001,-0.0000,0.0001,0.0001,0.0001,-0.0000,-0.0000,0.0000,-0.0000,-0.0000,-0.0000,0.0000,0.0000,-0.0000,0.0000,-0.0000,-0.0000,-0.0000
345,-9.0000,-7.0000,0.0005,0.7071,0.0000,0.0000,0.7071,-0.0000,-0.0000,0.0001,-0.0000,0.0001,0.0001,0.0001,-0.0000,-0.0000,0.0000,-0.0000,-0.0000,-0.0000,0.0000,0.0000,-0.0000,0.0000,-0.0000,-0.0000,-0.0000
344,7.0000,1.0000,0.0005,0.7071,0.0000,0.0000,0.7071,-0.0000,-0.0000,0.0001,-0.0000,0.0001,0.0001,0.0001,-0.0000,-0.0000,0.0000,-0.0000,-0.0000,-0.0000,0.0000,0.0000,-0.0000,0.0000,-0.0000,-0.0000,-0.0000
343,-1.0000,3.0000,0.0005,0.7071,0.0000,0.0000,0.7071,-0.0000,-0.0000,0.0001,-0.0000,0.0001,0.0001,0.0001,-0.0000,-0.0000,0.0000,-0.0000,-0.0000,-0.0000,0.0000,0.0000,-0.0000,0.0000,-0.0000,-0.0000,-0.0000
341,7.0000,-5.0000,0.0005,1.0000,0.0000,0.0000,0.0000,-0.0000,-0.0000,0.0001,-0.0000,0.0001,0.0001,0.0001,-0.0000,-0.0000,0.0000,-0.0000,-0.0000,-0.0000,0.0000,0.0000,-0.0000,0.0000,-0.0000,-0.0000,-0.0000
340,7.0000,3.0000,0.0005,1.0000,0.0000,0.0000,0.0000,-0.0000,-0.0000,0.0001,-0.0000,0.0001,0.0001,0.0001,-0.0000,-0.0000,0.0000,-0.0000,-0.0000,-0.0000,0.0000,0.0000,-0.0000,0.0000,-0.0000,-0.0000,-0.0000
339,-9.0000,3.0000,0.0005,1.0000,0.0000,0.0000,0.0000,-0.0000,-0.0000,0.0001,-0.0000,0.0001,0.0001,0.0001,-0.0000,-0.0000,0.0000,-0.0000,-0.0000,-0.0000,0.0000,0.0000,-0.0000,0.0000,-0.0000,-0.0000,-0.0000
338,5.0000,-9.0000,0.0005,1.0000,0.0000,0.0000,0.0000,-0.0000,-0.0000,0.0001,-0.0000,0.0001,0.0001,0.0001,-0.0000,-0.0000,0.0000,-0.0000,-0.0000,-0.0000,0.0000,0.0000,-0.0000,0.0000,-0.0000,-0.0000,-0.0000
337,7.0000,-1.0000,0.0005,-0.7071,0.0000,0.0000,0.7071,-0.0000,-0.0000,0.0001,-0.0000,0.0001,0.0001,0.0001,-0.0000,-0.0000,0.0000,-0.0000,-0.0000,-0.0000,0.0000,0.0000,-0.0000,0.0000,-0.0000,-0.0000,-0.0000
336,-3.0000,3.0000,0.0005,1.0000,0.0000,0.0000,0.0000,-0.0000,-0.0000,0.0001,-0.0000,0.0001,0.0001,0.0001,-0.0000,-0.0000,0.0000,-0.0000,-0.0000,-0.0000,0.0000,0.0000,-0.0000,0.0000,-0.0000,-0.0000,-0.0000
334,5.0000,-7.0000,0.0005,-0.7071,0.0000,0.0000,0.7071,-0.0000,-0.0000,0.0001,-0.0000,0.0001,0.0001,0.0001,-0.0000,-0.0000,0.0000,-0.0000,-0.0000,-0.0000,0.0000,0.0000,-0.0000,0.0000,-0.0000,-0.0000,-0.0000
332,-3.0000,-1.0000,0.0005,-0.7071,0.0000,0.0000,0.7071,-0.0000,-0.0000,0.0001,-0.0000,0.0001,0.0001,0.0001,-0.0000,-0.0000,0.0000,-0.0000,-0.0000,-0.0000,0.0000,0.0000,-0.0000,0.0000,-0.0000,-0.0000,-0.0000
331,-9.0000,-9.0000,0.0005,1.0000,0.0000,0.0000,0.0000,-0.0000,-0.0000,0.0001,-0.0000,0.0001,0.0001,0.0001,-0.0000,-0.0000,0.0000,-0.0000,-0.0000,-0.0000,0.0000,0.0000,-0.0000,0.0000,-0.0000,-0.0000,-0.0000
330,-5.0000,-3.0000,0.0005,-0.7071,0.0000,0.0000,0.7071,-0.0000,-0.0000,0.0001,-0.0000,0.0001,0.0001,0.0001,-0.0000,-0.0000,0.0000,-0.0000,-0.0000,-0.0000,0.0000,0.0000,-0.0000,0.0000,-0.0000,-0.0000,-0.0000
329,-7.0000,-3.0000,0.0005,0.7071,0.0000,0.0000,0.7071,-0.0000,-0.0000,0.0001,-0.0000,0.0001,0.0001,0.0001,-0.0000,-0.0000,0.0000,-0.0000,-0.0000,-0.0000,0.0000,0.0000,-0.0000,0.0000,-0.0000,-0.0000,-0.0000
327,-3.0000,9.0000,0.0005,0.7071,0.0000,0.0000,0.7071,-0.0000,-0.0000,0.0001,-0.0000,0.0001,0.0001,0.0001,-0.0000,-0.0000,0.0000,-0.0000,-0.0000,-0.0000,0.0000,0.0000,-0.0000,0.0000,-0.0000,-0.0000,-0.0000
323,-3.0000,-1.0000,0.0005,1.0000,0.0000,0.0000,0.0000,-0.0000,-0.0000,0.0001,-0.0000,0.0001,0.0001,0.0001,-0.0000,-0.0000,0.0000,-0.0000,-0.0000,-0.0000,0.0000,0.0000,-0.0000,0.0000,-0.0000,-0.0000,-0.0000
321,1.0000,-3.0000,0.0005,-0.7071,0.0000,0.0000,0.7071,-0.0000,-0.0000,0.0001,-0.0000,0.0001,0.0001,0.0001,-0.0000,-0.0000,0.0000,-0.0000,-0.0000,-0.0000,0.0000,0.0000,-0.0000,0.0000,-0.0000,-0.0000,-0.0000
320,1.0000,-7.0000,0.0005,1.0000,0.0000,0.0000,0.0000,-0.0000,-0.0000,0.0001,-0.0000,0.0001,0.0001,0.0001,-0.0000,-0.0000,0.0000,-0.0000,-0.0000,-0.0000,0.0000,0.0000,-0.0000,0.0000,-0.0000,-0.0000,-0.0000
318,9.0000,3.0000,0.0005,-0.7071,0.0000,0.0000,0.7071,-0.0000,-0.0000,0.0001,-0.0000,0.0001,0.0001,0.0001,-0.0000,-0.0000,0.0000,-0.0000,-0.0000,-0.0000,0.0000,0.0000,-0.0000,0.0000,-0.0000,-0.0000,-0.0000
316,-5.0000,-3.0000,0.0005,0.7071,0.0000,0.0000,0.7071,-0.0000,-0.0000,0.0001,-0.0000,0.0001,0.0001,0.0001,-0.0000,-0.0000,0.0000,-0.0000,-0.0000,-0.0000,0.0000,0.0000,-0.0000,0.0000,-0.0000,-0.0000,-0.0000
315,-9.0000,5.0000,0.0005,-0.7071,0.0000,0.0000,0.7071,-0.0000,-0.0000,0.0001,-0.0000,0.0001,0.0001,0.0001,-0.0000,-0.0000,0.0000,-0.0000,-0.0000,-0.0000,0.0000,0.0000,-0.0000,0.0000,-0.0000,-0.0000,-0.0000
313,-1.0000,-9.0000,0.0005,0.7071,0.0000,0.0000,0.7071,-0.0000,-0.0000,0.0001,-0.0000,0.0001,0.0001,0.0001,-0.0000,-0.0000,0.0000,-0.0000,-0.0000,-0.0000,0.0000,0.0000,-0.0000,0.0000,-0.0000,-0.0000,-0.0000
312,9.0000,9.0000,0.0005,0.7071,0.0000,0.0000,0.7071,-0.0000,-0.0000,0.0001,-0.0000,0.0001,0.0001,0.0001,-0.0000,-0.0000,0.0000,-0.0000,-0.0000,-0.0000,0.0000,0.0000,-0.0000,0.0000,-0.0000,-0.0000,-0.0000
311,-5.0000,3.0000,0.0005,0.7071,0.0000,0.0000,0.7071,-0.0000,-0.0000,0.0001,-0.0000,0.0001,0.0001,0.0001,-0.0000,-0.0000,0.0000,-0.0000,-0.0000,-0.0000,0.0000,0.0000,-0.0000,0.0000,-0.0000,-0.0000,-0.0000
310,9.0000,-5.0000,0.0005,1.0000,0.0000,0.0000,0.0000,-0.0000,-0.0000,0.0001,-0.0000,0.0001,0.0001,0.0001,-0.0000,-0.0000,0.0000,-0.0000,-0.0000,-0.0000,0.0000,0.0000,-0.0000,0.0000,-0.0000,-0.0000,-0.0000
309,9.0000,3.0000,0.0005,0.7071,0.0000,0.0000,0.7071,-0.0000,-0.0000,0.0001,-0.0000,0.0001,0.0001,0.0001,-0.0000,-0.0000,0.0000,-0.0000,-0.0000,-0.0000,0.0000,0.0000,-0.0000,0.0000,-0.0000,-0.0000,-0.0000
308,-7.0000,7.0000,0.0005,-0.7071,0.0000,0.0000,0.7071,-0.0000,-0.0000,0.0001,-0.0000,0.0001,0.0001,0.0001,-0.0000,-0.0000,0.0000,-0.0000,-0.0000,-0.0000,0.0000,0.0000,-0.0000,0.0000,-0.0000,-0.0000,-0.0000
307,-9.0000,-9.0000,0.0005,0.7071,0.0000,0.0000,0.7071,-0.0000,-0.0000,0.0001,-0.0000,0.0001,0.0001,0.0001,-0.0000,-0.0000,0.0000,-0.0000,-0.0000,-0.0000,0.0000,0.0000,-0.0000,0.0000,-0.0000,-0.0000,-0.0000
306,-1.0000,5.0000,0.0005,0.7071,0.0000,0.0000,0.7071,-0.0000,-0.0000,0.0001,-0.0000,0.0001,0.0001,0.0001,-0.0000,-0.0000,0.0000,-0.0000,-0.0000,-0.0000,0.0000,0.0000,-0.0000,0.0000,-0.0000,-0.0000,-0.0000
305,-1.0000,-3.0000,0.0005,-0.7071,0.0000,0.0000,0.7071,-0.0000,-0.0000,0.0001,-0.0000,0.0001,0.0001,0.0001,-0.0000,-0.0000,0.0000,-0.0000,-0.0000,-0.0000,0.0000,0.0000,-0.0000,0.0000,-0.0000,-0.0000,-0.0000
304,9.0000,-9.0000,0.0005,0.7071,0.0000,0.0000,0.7071,-0.0000,-0.0000,0.0001,-0.0000,0.0001,0.0001,0.0001,-0.0000,-0.0000,0.0000,-0.0000,-0.0000,-0.0000,0.0000,0.0000,-0.0000,0.0000,-0.0000,-0.0000,-0.0000
302,-9.0000,-3.0000,0.0005,1.0000,0.0000,0.0000,0.0000,-0.0000,-0.0000,0.0001,-0.0000,0.0001,0.0001,0.0001,-0.0000,-0.0000,0.0000,-0.0000,-0.0000,-0.0000,0.0000,0.0000,-0.0000,0.0000,-0.0000,-0.0000,-0.0000
301,9.0000,-1.0000,0.0005,1.0000,0.0000,0.0000,0.0000,-0.0000,-0.0000,0.0001,-0.0000,0.0001,0.0001,0.0001,-0.0000,-0.0000,0.0000,-0.0000,-0.0000,-0.0000,0.0000,0.0000,-0.0000,0.0000,-0.0000,-0.0000,-0.0000
300,1.0000,7.0000,0.0005,0.7071,0.0000,0.0000,0.7071,-0.0000,-0.0000,0.0001,-0.0000,0.0001,0.0001,0.0001,-0.0000,-0.0000,0.0000,-0.0000,-0.0000,-0.0000,0.0000,0.0000,-0.0000,0.0000,-0.0000,-0.0000,-0.0000
299,-9.0000,9.0000,0.0005,1.0000,0.0000,0.0000,0.0000,-0.0000,-0.0000,0.0001,-0.0000,0.0001,0.0001,0.0001,-0.0000,-0.0000,0.0000,-0.0000,-0.0000,-0.0000,0.0000,0.0000,-0.0000,0.0000,-0.0000,-0.0000,-0.0000
298,5.0000,3.0000,0.0005,-0.7071,0.0000,0.0000,0.7071,-0.0000,-0.0000,0.0001,-0.0000,0.0001,0.0001,0.0001,-0.0000,-0.0000,0.0000,-0.0000,-0.0000,-0.0000,0.0000,0.0000,-0.0000,0.0000,-0.0000,-0.0000,-0.0000
297,5.0000,1.0000,0.0005,-0.7071,0.0000,0.0000,0.7071,-0.0000,-0.0000,0.0001,-0.0000,0.0001,0.0001,0.0001,-0.0000,-0.0000,0.0000,-0.0000,-0.0000,-0.0000,0.0000,0.0000,-0.0000,0.0000,-0.0000,-0.0000,-0.0000
296,9.0000,9.0000,0.0005,-0.7071,0.0000,0.0000,0.7071,-0.0000,-0.0000,0.0001,-0.0000,0.0001,0.0001,0.0001,-0.0000,-0.0000,0.0000,-0.0000,-0.0000,-0.0000,0.0000,0.0000,-0.0000,0.0000,-0.0000,-0.0000,-0.0000
295,1.0000,9.0000,0.0005,0.7071,0.0000,0.0000,0.7071,-0.0000,-0.0000,0.0001,-0.0000,0.0001,0.0001,0.0001,-0.0000,-0.0000,0.0000,-0.0000,-0.0000,-0.0000,0.0000,0.0000,-0.0000,0.0000,-0.0000,-0.0000,-0.0000
294,7.0000,9.0000,0.0005,0.7071,0.0000,0.0000,0.7071,-0.0000,-0.0000,0.0001,-0.0000,0.0001,0.0001,0.0001,-0.0000,-0.0000,0.0000,-0.0000,-0.0000,-0.0000,0.0000,0.0000,-0.0000,0.0000,-0.0000,-0.0000,-0.0000
292,3.0000,-7.0000,0.0005,-0.7071,0.0000,0.0000,0.7071,-0.0000,-0.0000,0.0001,-0.0000,0.0001,0.0001,0.0001,-0.0000,-0.0000,0.0000,-0.0000,-0.0000,-0.0000,0.0000,0.0000,-0.0000,0.0000,-0.0000,-0.0000,-0.0000
291,5.0000,-9.0000,0.0005,0.7071,0.0000,0.0000,0.7071,-0.0000,-0.0000,0.0001,-0.0000,0.0001,0.0001,0.0001,-0.0000,-0.0000,0.0000,-0.0000,-0.0000,-0.0000,0.0000,0.0000,-0.0000,0.0000,-0.0000,-0.0000,-0.0000
290,-3.0000,1.0000,0.0005,1.0000,0.0000,0.0000,0.0000,-0.0000,-0.0000,0.0001,-0.0000,0.0001,0.0001,0.0001,-0.0000,-0.0000,0.0000,-0.0000,-0.0000,-0.0000,0.0000,0.0000,-0.0000,0.0000,-0.0000,-0.0000,-0.0000
289,-9.0000,-1.0000,0.0005,1.0000,0.0000,0.0000,0.0000,-0.0000,-0.0000,0.0001,-0.0000,0.0001,0.0001,0.0001,-0.0000,-0.0000,0.0000,-0.0000,-0.0000,-0.0000,0.0000,0.0000,-0.0000,0.0000,-0.0000,-0.0000,-0.0000
287,-1.0000,-9.0000,0.0005,1.0000,0.0000,0.0000,0.0000,-0.0000,-0.0000,0.0001,-0.0000,0.0001,0.0001,0.0001,-0.0000,-0.0000,0.0000,-0.0000,-0.0000,-0.0000,0.0000,0.0000,-0.0000,0.0000,-0.0000,-0.0000,-0.0000
284,3.0000,-3.0000,0.0005,0.7071,0.0000,0.0000,0.7071,-0.0000,-0.0000,0.0001,-0.0000,0.0001,0.0001,0.0001,-0.0000,-0.0000,0.0000,-0.0000,-0.0000,-0.0000,0.0000,0.0000,-0.0000,0.0000,-0.0000,-0.0000,-0.0000
282,7.0000,-7.0000,0.0005,0.7071,0.0000,0.0000,0.7071,-0.0000,-0.0000,0.0001,-0.0000,0.0001,0.0001,0.0001,-0.0000,-0.0000,0.0000,-0.0000,-0.0000,-0.0000,0.0000,0.0000,-0.0000,0.0000,-0.0000,-0.0000,-0.0000
278,-7.0000,-9.0000,0.0005,1.0000,0.0000,0.0000,0.0000,-0.0000,-0.0000,0.0001,-0.0000,0.0001,0.0001,0.0001,-0.0000,-0.0000,0.0000,-0.0000,-0.0000,-0.0000,0.0000,0.0000,-0.0000,0.0000,-0.0000,-0.0000,-0.0000
275,-7.0000,3.0000,0.0005,1.0000,0.0000,0.0000,0.0000,-0.0000,-0.0000,0.0001,-0.0000,0.0001,0.0001,0.0001,-0.0000,-0.0000,0.0000,-0.0000,-0.0000,-0.0000,0.0000,0.0000,-0.0000,0.0000,-0.0000,-0.0000,-0.0000
274,-7.0000,-9.0000,0.0005,0.7071,0.0000,0.0000,0.7071,-0.0000,-0.0000,0.0001,-0.0000,0.0001,0.0001,0.0001,-0.0000,-0.0000,0.0000,-0.0000,-0.0000,-0.0000,0.0000,0.0000,-0.0000,0.0000,-0.0000,-0.0000,-0.0000
273,-1.0000,5.0000,0.0005,-0.7071,0.0000,0.0000,0.7071,-0.0000,-0.0000,0.0001,-0.0000,0.0001,0.0001,0.0001,-0.0000,-0.0000,0.0000,-0.0000,-0.0000,-0.0000,0.0000,0.0000,-0.0000,0.0000,-0.0000,-0.0000,-0.0000
272,1.0000,-3.0000,0.0005,0.7071,0.0000,0.0000,0.7071,-0.0000,-0.0000,0.0001,-0.0000,0.0001,0.0001,0.0001,-0.0000,-0.0000,0.0000,-0.0000,-0.0000,-0.0000,0.0000,0.0000,-0.0000,0.0000,-0.0000,-0.0000,-0.0000
271,7.0000,9.0000,0.0005,1.0000,0.0000,0.0000,0.0000,-0.0000,-0.0000,0.0001,-0.0000,0.0001,0.0001,0.0001,-0.0000,-0.0000,0.0000,-0.0000,-0.0000,-0.0000,0.0000,0.0000,-0.0000,0.0000,-0.0000,-0.0000,-0.0000
270,-9.0000,9.0000,0.0005,-0.7071,0.0000,0.0000,0.7071,-0.0000,-0.0000,0.0001,-0.0000,0.0001,0.0001,0.0001,-0.0000,-0.0000,0.0000,-0.0000,-0.0000,-0.0000,0.0000,0.0000,-0.0000,0.0000,-0.0000,-0.0000,-0.0000
269,3.0000,1.0000,0.0005,-0.7071,0.0000,0.0000,0.7071,-0.0000,-0.0000,0.0001,-0.0000,0.0001,0.0001,0.0001,-0.0000,-0.0000,0.0000,-0.0000,-0.0000,-0.0000,0.0000,0.0000,-0.0000,0.0000,-0.0000,-0.0000,-0.0000
268,-1.0000,-5.0000,0.0005,-0.7071,0.0000,0.0000,0.7071,-0.0000,-0.0000,0.0001,-0.0000,0.0001,0.0001,0.0001,-0.0000,-0.0000,0.0000,-0.0000,-0.0000,-0.0000,0.0000,0.0000,-0.0000,0.0000,-0.0000,-0.0000,-0.0000
267,-1.0000,-5.0000,0.0005,1.0000,0.0000,0.0000,0.0000,-0.0000,-0.0000,0.0001,-0.0000,0.0001,0.0001,0.0001,-0.0000,-0.0000,0.0000,-0.0000,-0.0000,-0.0000,0.0000,0.0000,-0.0000,0.0000,-0.0000,-0.0000,-0.0000
266,9.0000,5.0000,0.0005,1.0000,0.0000,0.0000,0.0000,-0.0000,-0.0000,0.0001,-0.0000,0.0001,0.0001,0.0001,-0.0000,-0.0000,0.0000,-0.0000,-0.0000,-0.0000,0.0000,0.0000,-0.0000,0.0000,-0.0000,-0.0000,-0.0000
265,-3.0000,5.0000,0.0005,1.0000,0.0000,0.0000,0.0000,-0.0000,-0.0000,0.0001,-0.0000,0.0001,0.0001,0.0001,-0.0000,-0.0000,0.0000,-0.0000,-0.0000,-0.0000,0.0000,0.0000,-0.0000,0.0000,-0.0000,-0.0000,-0.0000
264,7.0000,-1.0000,0.0005,0.7071,0.0000,0.0000,0.7071,-0.0000,-0.0000,0.0001,-0.0000,0.0001,0.0001,0.0001,-0.0000,-0.0000,0.0000,-0.0000,-0.0000,-0.0000,0.0000,0.0000,-0.0000,0.0000,-0.0000,-0.0000,-0.0000
263,1.0000,7.0000,0.0005,1.0000,0.0000,0.0000,0.0000,-0.0000,-0.0000,0.0001,-0.0000,0.0001,0.0001,0.0001,-0.0000,-0.0000,0.0000,-0.0000,-0.0000,-0.0000,0.0000,0.0000,-0.0000,0.0000,-0.0000,-0.0000,-0.0000
262,-9.0000,-3.0000,0.0005,-0.7071,0.0000,0.0000,0.7071,-0.0000,-0.0000,0.0001,-0.0000,0.0001,0.0001,0.0001,-0.0000,-0.0000,0.0000,-0.0000,-0.0000,-0.0000,0.0000,0.0000,-0.0000,0.0000,-0.0000,-0.0000,-0.0000
261,-9.0000,7.0000,0.0005,0.7071,0.0000,0.0000,0.7071,-0.0000,-0.0000,0.0001,-0.0000,0.0001,0.0001,0.0001,-0.0000,-0.0000,0.0000,-0.0000,-0.0000,-0.0000,0.0000,0.0000,-0.0000,0.0000,-0.0000,-0.0000,-0.0000
260,-1.0000,5.0000,0.0005,1.0000,0.0000,0.0000,0.0000,-0.0000,-0.0000,0.0001,-0.0000,0.0001,0.0001,0.0001,-0.0000,-0.0000,0.0000,-0.0000,-0.0000,-0.0000,0.0000,0.0000,-0.0000,0.0000,-0.0000,-0.0000,-0.0000
257,-7.0000,7.0000,0.0005,1.0000,0.0000,0.0000,0.0000,-0.0000,-0.0000,0.0001,-0.0000,0.0001,0.0001,0.0001,-0.0000,-0.0000,0.0000,-0.0000,-0.0000,-0.0000,0.0000,0.0000,-0.0000,0.0000,-0.0000,-0.0000,-0.0000
125,-3.0000,7.0000,0.0005,-0.7071,0.0000,0.0000,0.7071,-0.0000,-0.0000,0.0001,-0.0000,0.0001,0.0001,0.0001,-0.0000,-0.0000,0.0000,-0.0000,-0.0000,-0.0000,0.0000,0.0000,-0.0000,0.0000,-0.0000,-0.0000,-0.0000
123,5.0000,-3.0000,0.0005,0.7071,0.0000,0.0000,0.7071,-0.0000,-0.0000,0.0001,-0.0000,0.0001,0.0001,0.0001,-0.0000,-0.0000,0.0000,-0.0000,-0.0000,-0.0000,0.0000,0.0000,-0.0000,0.0000,-0.0000,-0.0000,-0.0000
121,3.0000,7.0000,0.0005,1.0000,0.0000,0.0000,0.0000,-0.0000,-0.0000,0.0001,-0.0000,0.0001,0.0001,0.0001,-0.0000,-0.0000,0.0000,-0.0000,-0.0000,-0.0000,0.0000,0.0000,-0.0000,0.0000,-0.0000,-0.0000,-0.0000
120,7.0000,-3.0000,0.0005,-0.7071,0.0000,0.0000,0.7071,-0.0000,-0.0000,0.0001,-0.0000,0.0001,0.0001,0.0001,-0.0000,-0.0000,0.0000,-0.0000,-0.0000,-0.0000,0.0000,0.0000,-0.0000,0.0000,-0.0000,-0.0000,-0.0000
115,-1.0000,-5.0000,0.0005,0.7071,0.0000,0.0000,0.7071,-0.0000,-0.0000,0.0001,-0.0000,0.0001,0.0001,0.0001,-0.0000,-0.0000,0.0000,-0.0000,-0.0000,-0.0000,0.0000,0.0000,-0.0000,0.0000,-0.0000,-0.0000,-0.0000
113,-3.0000,-9.0000,0.0005,0.7071,0.0000,0.0000,0.7071,-0.0000,-0.0000,0.0001,-0.0000,0.0001,0.0001,0.0001,-0.0000,-0.0000,0.0000,-0.0000,-0.0000,-0.0000,0.0000,0.0000,-0.0000,0.0000,-0.0000,-0.0000,-0.0000
111,-3.0000,-3.0000,0.0005,1.0000,0.0000,0.0000,0.0000,-0.0000,-0.0000,0.0001,-0.0000,0.0001,0.0001,0.0001,-0.0000,-0.0000,0.0000,-0.0000,-0.0000,-0.0000,0.0000,0.0000,-0.0000,0.0000,-0.0000,-0.0000,-0.0000
110,5.0000,7.0000,0.0005,-0.7071,0.0000,0.0000,0.7071,-0.0000,-0.0000,0.0001,-0.0000,0.0001,0.0001,0.0001,-0.0000,-0.0000,0.0000,-0.0000,-0.0000,-0.0000,0.0000,0.0000,-0.0000,0.0000,-0.0000,-0.0000,-0.0000
109,7.0000,-9.0000,0.0005,1.0000,0.0000,0.0000,0.0000,-0.0000,-0.0000,0.0001,-0.0000,0.0001,0.0001,0.0001,-0.0000,-0.0000,0.0000,-0.0000,-0.0000,-0.0000,0.0000,0.0000,-0.0000,0.0000,-0.0000,-0.0000,-0.0000
108,5.0000,-7.0000,0.0005,1.0000,0.0000,0.0000,0.0000,-0.0000,-0.0000,0.0001,-0.0000,0.0001,0.0001,0.0001,-0.0000,-0.0000,0.0000,-0.0000,-0.0000,-0.0000,0.0000,0.0000,-0.0000,0.0000,-0.0000,-0.0000,-0.0000
107,-1.0000,7.0000,0.0005,1.0000,0.0000,0.0000,0.0000,-0.0000,-0.0000,0.0001,-0.0000,0.0001,0.0001,0.0001,-0.0000,-0.0000,0.0000,-0.0000,-0.0000,-0.0000,0.0000,0.0000,-0.0000,0.0000,-0.0000,-0.0000,-0.0000
106,-5.0000,-3.0000,0.0005,1.0000,0.0000,0.0000,0.0000,-0.0000,-0.0000,0.0001,-0.0000,0.0001,0.0001,0.0001,-0.0000,-0.0000,0.0000,-0.0000,-0.0000,-0.0000,0.0000,0.0000,-0.0000,0.0000,-0.0000,-0.0000,-0.0000
104,-9.0000,9.0000,0.0005,0.7071,0.0000,0.0000,0.7071,-0.0000,-0.0000,0.0001,-0.0000,0.0001,0.0001,0.0001,-0.0000,-0.0000,0.0000,-0.0000,-0.0000,-0.0000,0.0000,0.0000,-0.0000,0.0000,-0.0000,-0.0000,-0.0000
103,-9.0000,3.0000,0.0005,0.7071,0.0000,0.0000,0.7071,-0.0000,-0.0000,0.0001,-0.0000,0.0001,0.0001,0.0001,-0.0000,-0.0000,0.0000,-0.0000,-0.0000,-0.0000,0.0000,0.0000,-0.0000,0.0000,-0.0000,-0.0000,-0.0000
102,9.0000,1.0000,0.0005,-0.7071,0.0000,0.0000,0.7071,-0.0000,-0.0000,0.0001,-0.0000,0.0001,0.0001,0.0001,-0.0000,-0.0000,0.0000,-0.0000,-0.0000,-0.0000,0.0000,0.0000,-0.0000,0.0000,-0.0000,-0.0000,-0.0000
100,5.0000,-1.0000,0.0005,-0.7071,0.0000,0.0000,0.7071,-0.0000,-0.0000,0.0001,-0.0000,0.0001,0.0001,0.0001,-0.0000,-0.0000,0.0000,-0.0000,-0.0000,-0.0000,0.0000,0.0000,-0.0000,0.0000,-0.0000,-0.0000,-0.0000
97,3.0000,1.0000,0.0005,0.7071,0.0000,0.0000,0.7071,-0.0000,-0.0000,0.0001,-0.0000,0.0001,0.0001,0.0001,-0.0000,-0.0000,0.0000,-0.0000,-0.0000,-0.0000,0.0000,0.0000,-0.0000,0.0000,-0.0000,-0.0000,-0.0000
96,-7.0000,-3.0000,0.0005,1.0000,0.0000,0.0000,0.0000,-0.0000,-0.0000,0.0001,-0.0000,0.0001,0.0001,0.0001,-0.0000,-0.0000,0.0000,-0.0000,-0.0000,-0.0000,0.0000,0.0000,-0.0000,0.0000,-0.0000,-0.0000,-0.0000
95,7.0000,5.0000,0.0005,-0.7071,0.0000,0.0000,0.7071,-0.0000,-0.0000,0.0001,-0.0000,0.0001,0.0001,0.0001,-0.0000,-0.0000,0.0000,-0.0000,-0.0000,-0.0000,0.0000,0.0000,-0.0000,0.0000,-0.0000,-0.0000,-0.0000
94,-9.0000,-3.0000,0.0005,0.7071,0.0000,0.0000,0.7071,-0.0000,-0.0000,0.0001,-0.0000,0.0001,0.0001,0.0001,-0.0000,-0.0000,0.0000,-0.0000,-0.0000,-0.0000,0.0000,0.0000,-0.0000,0.0000,-0.0000,-0.0000,-0.0000
92,1.0000,-5.0000,0.0005,0.7071,0.0000,0.0000,0.7071,-0.0000,-0.0000,0.0001,-0.0000,0.0001,0.0001,0.0001,-0.0000,-0.0000,0.0000,-0.0000,-0.0000,-0.0000,0.0000,0.0000,-0.0000,0.0000,-0.0000,-0.0000,-0.0000
90,-9.0000,-5.0000,0.0005,-0.7071,0.0000,0.0000,0.7071,-0.0000,-0.0000,0.0001,-0.0000,0.0001,0.0001,0.0001,-0.0000,-0.0000,0.0000,-0.0000,-0.0000,-0.0000,0.0000,0.0000,-0.0000,0.0000,-0.0000,-0.0000,-0.0000
89,5.0000,9.0000,0.0005,0.7071,0.0000,0.0000,0.7071,-0.0000,-0.0000,0.0001,-0.0000,0.0001,0.0001,0.0001,-0.0000,-0.0000,0.0000,-0.0000,-0.0000,-0.0000,0.0000,0.0000,-0.0000,0.0000,-0.0000,-0.0000,-0.0000
87,7.0000,-5.0000,0.0005,0.7071,0.0000,0.0000,0.7071,-0.0000,-0.0000,0.0001,-0.0000,0.0001,0.0001,0.0001,-0.0000,-0.0000,0.0000,-0.0000,-0.0000,-0.0000,0.0000,0.0000,-0.0000,0.0000,-0.0000,-0.0000,-0.0000
85,7.0000,7.0000,0.0005,-0.7071,0.0000,0.0000,0.7071,-0.0000,-0.0000,0.0001,-0.0000,0.0001,0.0001,0.0001,-0.0000,-0.0000,0.0000,-0.0000,-0.0000,-0.0000,0.0000,0.0000,-0.0000,0.0000,-0.0000,-0.0000,-0.0000
84,5.0000,-5.0000,0.0005,1.0000,0.0000,0.0000,0.0000,-0.0000,-0.0000,0.0001,-0.0000,0.0001,0.0001,0.0001,-0.0000,-0.0000,0.0000,-0.0000,-0.0000,-0.0000,0.0000,0.0000,-0.0000,0.0000,-0.0000,-0.0000,-0.0000
81,7.0000,5.0000,0.0005,0.7071,0.0000,0.0000,0.7071,-0.0000,-0.0000,0.0001,-0.0000,0.0001,0.0001,0.0001,-0.0000,-0.0000,0.0000,-0.0000,-0.0000,-0.0000,0.0000,0.0000,-0.0000,0.0000,-0.0000,-0.0000,-0.0000
79,-7.0000,-5.0000,0.0005,1.0000,0.0000,0.0000,0.0000,-0.0000,-0.0000,0.0001,-0.0000,0.0001,0.0001,0.0001,-0.0000,-0.0000,0.0000,-0.0000,-0.0000,-0.0000,0.0000,0.0000,-0.0000,0.0000,-0.0000,-0.0000,-0.0000
78,-5.0000,5.0000,0.0005,0.7071,0.0000,0.0000,0.7071,-0.0000,-0.0000,0.0001,-0.0000,0.0001,0.0001,0.0001,-0.0000,-0.0000,0.0000,-0.0000,-0.0000,-0.0000,0.0000,0.0000,-0.0000,0.0000,-0.0000,-0.0000,-0.0000
77,9.0000,-7.0000,0.0005,-0.7071,0.0000,0.0000,0.7071,-0.0000,-0.0000,0.0001,-0.0000,0.0001,0.0001,0.0001,-0.0000,-0.0000,0.0000,-0.0000,-0.0000,-0.0000,0.0000,0.0000,-0.0000,0.0000,-0.0000,-0.0000,-0.0000
76,-7.0000,1.0000,0.0005,-0.7071,0.0000,0.0000,0.7071,-0.0000,-0.0000,0.0001,-0.0000,0.0001,0.0001,0.0001,-0.0000,-0.0000,0.0000,-0.0000,-0.0000,-0.0000,0.0000,0.0000,-0.0000,0.0000,-0.0000,-0.0000,-0.0000
74,3.0000,-5.0000,0.0005,0.7071,0.0000,0.0000,0.7071,-0.0000,-0.0000,0.0001,-0.0000,0.0001,0.0001,0.0001,-0.0000,-0.0000,0.0000,-0.0000,-0.0000,-0.0000,0.0000,0.0000,-0.0000,0.0000,-0.0000,-0.0000,-0.0000
73,3.0000,1.0000,0.0005,1.0000,0.0000,0.0000,0.0000,-0.0000,-0.0000,0.0001,-0.0000,0.0001,0.0001,0.0001,-0.0000,-0.0000,0.0000,-0.0000,-0.0000,-0.0000,0.0000,0.0000,-0.0000,0.0000,-0.0000,-0.0000,-0.0000
72,7.0000,1.0000,0.0005,1.0000,0.0000,0.0000,0.0000,-0.0000,-0.0000,0.0001,-0.0000,0.0001,0.0001,0.0001,-0.0000,-0.0000,0.0000,-0.0000,-0.0000,-0.0000,0.0000,0.0000,-0.0000,0.0000,-0.0000,-0.0000,-0.0000
70,-7.0000,9.0000,0.0005,1.0000,0.0000,0.0000,0.0000,-0.0000,-0.0000,0.0001,-0.0000,0.0001,0.0001,0.0001,-0.0000,-0.0000,0.0000,-0.0000,-0.0000,-0.0000,0.0000,0.0000,-0.0000,0.0000,-0.0000,-0.0000,-0.0000
68,-1.0000,-7.0000,0.0005,0.7071,0.0000,0.0000,0.7071,-0.0000,-0.0000,0.0001,-0.0000,0.0001,0.0001,0.0001,-0.0000,-0.0000,0.0000,-0.0000,-0.0000,-0.0000,0.0000,0.0000,-0.0000,0.0000,-0.0000,-0.0000,-0.0000
67,-1.0000,9.0000,0.0005,0.7071,0.0000,0.0000,0.7071,-0.0000,-0.0000,0.0001,-0.0000,0.0001,0.0001,0.0001,-0.0000,-0.0000,0.0000,-0.0000,-0.0000,-0.0000,0.0000,0.0000,-0.0000,0.0000,-0.0000,-0.0000,-0.0000
66,-7.0000,-1.0000,0.0005,0.7071,0.0000,0.0000,0.7071,-0.0000,-0.0000,0.0001,-0.0000,0.0001,0.0001,0.0001,-0.0000,-0.0000,0.0000,-0.0000,-0.0000,-0.0000,0.0000,0.0000,-0.0000,0.0000,-0.0000,-0.0000,-0.0000
65,7.0000,-3.0000,0.0005,1.0000,0.0000,0.0000,0.0000,-0.0000,-0.0000,0.0001,-0.0000,0.0001,0.0001,0.0001,-0.0000,-0.0000,0.0000,-0.0000,-0.0000,-0.0000,0.0000,0.0000,-0.0000,0.0000,-0.0000,-0.0000,-0.0000
62,3.0000,-9.0000,0.0005,1.0000,0.0000,0.0000,0.0000,-0.0000,-0.0000,0.0001,-0.0000,0.0001,0.0001,0.0001,-0.0000,-0.0000,0.0000,-0.0000,-0.0000,-0.0000,0.0000,0.0000,-0.0000,0.0000,-0.0000,-0.0000,-0.0000
61,-1.0000,-3.0000,0.0005,1.0000,0.0000,0.0000,0.0000,-0.0000,-0.0000,0.0001,-0.0000,0.0001,0.0001,0.0001,-0.0000,-0.0000,0.0000,-0.0000,-0.0000,-0.0000,0.0000,0.0000,-0.0000,0.0000,-0.0000,-0.0000,-0.0000
60,5.0000,-3.0000,0.0005,-0.7071,0.0000,0.0000,0.7071,-0.0000,-0.0000,0.0001,-0.0000,0.0001,0.0001,0.0001,-0.0000,-0.0000,0.0000,-0.0000,-0.0000,-0.0000,0.0000,0.0000,-0.0000,0.0000,-0.0000,-0.0000,-0.0000
28,5.0000,5.0000,0.0005,0.7071,0.0000,0.0000,0.7071,-0.0000,-0.0000,0.0001,-0.0000,0.0001,0.0001,0.0001,-0.0000,-0.0000,0.0000,-0.0000,-0.0000,-0.0000,0.0000,0.0000,-0.0000,0.0000,-0.0000,-0.0000,-0.0000
27,7.0000,5.0000,0.0005,1.0000,0.0000,0.0000,0.0000,-0.0000,-0.0000,0.0001,-0.0000,0.0001,0.0001,0.0001,-0.0000,-0.0000,0.0000,-0.0000,-0.0000,-0.0000,0.0000,0.0000,-0.0000,0.0000,-0.0000,-0.0000,-0.0000
25,-3.0000,-7.0000,0.0005,0.7071,0.0000,0.0000,0.7071,-0.0000,-0.0000,0.0001,-0.0000,0.0001,0.0001,0.0001,-0.0000,-0.0000,0.0000,-0.0000,-0.0000,-0.0000,0.0000,0.0000,-0.0000,0.0000,-0.0000,-0.0000,-0.0000
23,-1.0000,9.0000,0.0005,-0.7071,0.0000,0.0000,0.7071,-0.0000,-0.0000,0.0001,-0.0000,0.0001,0.0001,0.0001,-0.0000,-0.0000,0.0000,-0.0000,-0.0000,-0.0000,0.0000,0.0000,-0.0000,0.0000,-0.0000,-0.0000,-0.0000
19,-3.0000,3.0000,0.0005,0.7071,0.0000,0.0000,0.7071,-0.0000,-0.0000,0.0001,-0.0000,0.0001,0.0001,0.0001,-0.0000,-0.0000,0.0000,-0.0000,-0.0000,-0.0000,0.0000,0.0000,-0.0000,0.0000,-0.0000,-0.0000,-0.0000
18,-7.0000,1.0000,0.0005,1.0000,0.0000,0.0000,0.0000,-0.0000,-0.0000,0.0001,-0.0000,0.0001,0.0001,0.0001,-0.0000,-0.0000,0.0000,-0.0000,-0.0000,-0.0000,0.0000,0.0000,-0.0000,0.0000,-0.0000,-0.0000,-0.0000
14,5.0000,9.0000,0.0005,-0.7071,0.0000,0.0000,0.7071,-0.0000,-0.0000,0.0001,-0.0000,0.0001,0.0001,0.0001,-0.0000,-0.0000,0.0000,-0.0000,-0.0000,-0.0000,0.0000,0.0000,-0.0000,0.0000,-0.0000,-0.0000,-0.0000
13,3.0000,7.0000,0.0005,0.7071,0.0000,0.0000,0.7071,-0.0000,-0.0000,0.0001,-0.0000,0.0001,0.0001,0.0001,-0.0000,-0.0000,0.0000,-0.0000,-0.0000,-0.0000,0.0000,0.0000,-0.0000,0.0000,-0.0000,-0.0000,-0.0000
0,5.0000,3.0000,0.0005,0.7071,0.0000,0.0000,0.7071,-0.0000,-0.0000,0.0001,-0.0000,0.0001,0.0001,0.0001,-0.0000,-0.0000,0.0000,-0.0000,-0.0000,-0.0000,0.0000,0.0000,-0.0000,0.0000,-0.0000,-0.0000,-0.0000
1,-9.0000,7.0000,0.0005,1.0000,0.0000,0.0000,0.0000,-0.0000,-0.0000,0.0001,-0.0000,0.0001,0.0001,0.0001,-0.0000,-0.0000,0.0000,-0.0000,-0.0000,-0.0000,0.0000,0.0000,-0.0000,0.0000,-0.0000,-0.0000,-0.0000
2,-9.0000,1.0000,0.0005,0.7071,0.0000,0.0000,0.7071,-0.0000,-0.0000,0.0001,-0.0000,0.0001,0.0001,0.0001,-0.0000,-0.0000,0.0000,-0.0000,-0.0000,-0.0000,0.0000,0.0000,-0.0000,0.0000,-0.0000,-0.0000,-0.0000
7,1.0000,-5.0000,0.0005,1.0000,0.0000,0.0000,0.0000,-0.0000,-0.0000,0.0001,-0.0000,0.0001,0.0001,0.0001,-0.0000,-0.0000,0.0000,-0.0000,-0.0000,-0.0000,0.0000,0.0000,-0.0000,0.0000,-0.0000,-0.0000,-0.0000
9,-5.0000,-1.0000,0.0005,1.0000,0.0000,0.0000,0.0000,-0.0000,-0.0000,0.0001,-0.0000,0.0001,0.0001,0.0001,-0.0000,-0.0000,0.0000,-0.0000,-0.0000,-0.0000,0.0000,0.0000,-0.0000,0.0000,-0.0000,-0.0000,-0.0000
11,9.0000,5.0000,0.0005,0.7071,0.0000,0.0000,0.7071,-0.0000,-0.0000,0.0001,-0.0000,0.0001,0.0001,0.0001,-0.0000,-0.0000,0.0000,-0.0000,-0.0000,-0.0000,0.0000,0.0000,-0.0000,0.0000,-0.0000,-0.0000,-0.0000
12,-7.0000,5.0000,0.0005,0.7071,0.0000,0.0000,0.7071,-0.0000,-0.0000,0.0001,-0.0000,0.0001,0.0001,0.0001,-0.0000,-0.0000,0.0000,-0.0000,-0.0000,-0.0000,0.0000,0.0000,-0.0000,0.0000,-0.0000,-0.0000,-0.0000
31,3.0000,5.0000,0.0005,0.7071,0.0000,0.0000,0.7071,-0.0000,-0.0000,0.0001,-0.0000,0.0001,0.0001,0.0001,-0.0000,-0.0000,0.0000,-0.0000,-0.0000,-0.0000,0.0000,0.0000,-0.0000,0.0000,-0.0000,-0.0000,-0.0000
33,-5.0000,1.0000,0.0005,1.0000,0.0000,0.0000,0.0000,-0.0000,-0.0000,0.0001,-0.0000,0.0001,0.0001,0.0001,-0.0000,-0.0000,0.0000,-0.0000,-0.0000,-0.0000,0.0000,0.0000,-0.0000,0.0000,-0.0000,-0.0000,-0.0000
34,5.0000,-1.0000,0.0005,0.7071,0.0000,0.0000,0.7071,-0.0000,-0.0000,0.0001,-0.0000,0.0001,0.0001,0.0001,-0.0000,-0.0000,0.0000,-0.0000,-0.0000,-0.0000,0.0000,0.0000,-0.0000,0.0000,-0.0000,-0.0000,-0.0000
36,9.0000,9.0000,0.0005,1.0000,0.0000,0.0000,0.0000,-0.0000,-0.0000,0.0001,-0.0000,0.0001,0.0001,0.0001,-0.0000,-0.0000,0.0000,-0.0000,-0.0000,-0.0000,0.0000,0.0000,-0.0000,0.0000,-0.0000,-0.0000,-0.0000
39,3.0000,3.0000,0.0005,1.0000,0.0000,0.0000,0.0000,-0.0000,-0.0000,0.0001,-0.0000,0.0001,0.0001,0.0001,-0.0000,-0.0000,0.0000,-0.0000,-0.0000,-0.0000,0.0000,0.0000,-0.0000,0.0000,-0.0000,-0.0000,-0.0000
42,1.0000,5.0000,0.0005,1.0000,0.0000,0.0000,0.0000,-0.0000,-0.0000,0.0001,-0.0000,0.0001,0.0001,0.0001,-0.0000,-0.0000,0.0000,-0.0000,-0.0000,-0.0000,0.0000,0.0000,-0.0000,0.0000,-0.0000,-0.0000,-0.0000
46,-3.0000,-5.0000,0.0005,1.0000,0.0000,0.0000,0.0000,-0.0000,-0.0000,0.0001,-0.0000,0.0001,0.0001,0.0001,-0.0000,-0.0000,0.0000,-0.0000,-0.0000,-0.0000,0.0000,0.0000,-0.0000,0.0000,-0.0000,-0.0000,-0.0000
47,-1.0000,3.0000,0.0005,1.0000,0.0000,0.0000,0.0000,-0.0000,-0.0000,0.0001,-0.0000,0.0001,0.0001,0.0001,-0.0000,-0.0000,0.0000,-0.0000,-0.0000,-0.0000,0.0000,0.0000,-0.0000,0.0000,-0.0000,-0.0000,-0.0000
48,-9.0000,-5.0000,0.0005,0.7071,0.0000,0.0000,0.7071,-0.0000,-0.0000,0.0001,-0.0000,0.0001,0.0001,0.0001,-0.0000,-0.0000,0.0000,-0.0000,-0.0000,-0.0000,0.0000,0.0000,-0.0000,0.0000,-0.0000,-0.0000,-0.0000
50,-7.0000,-7.0000,0.0005,-0.7071,0.0000,0.0000,0.7071,-0.0000,-0.0000,0.0001,-0.0000,0.0001,0.0001,0.0001,-0.0000,-0.0000,0.0000,-0.0000,-0.0000,-0.0000,0.0000,0.0000,-0.0000,0.0000,-0.0000,-0.0000,-0.0000
52,5.0000,-7.0000,0.0005,0.7071,0.0000,0.0000,0.7071,-0.0000,-0.0000,0.0001,-0.0000,0.0001,0.0001,0.0001,-0.0000,-0.0000,0.0000,-0.0000,-0.0000,-0.0000,0.0000,0.0000,-0.0000,0.0000,-0.0000,-0.0000,-0.0000
54,7.0000,-7.0000,0.0005,1.0000,0.0000,0.0000,0.0000,-0.0000,-0.0000,0.0001,-0.0000,0.0001,0.0001,0.0001,-0.0000,-0.0000,0.0000,-0.0000,-0.0000,-0.0000,0.0000,0.0000,-0.0000,0.0000,-0.0000,-0.0000,-0.0000
55,1.0000,3.0000,0.0005,1.0000,0.0000,0.0000,0.0000,-0.0000,-0.0000,0.0001,-0.0000,0.0001,0.0001,0.0001,-0.0000,-0.0000,0.0000,-0.0000,-0.0000,-0.0000,0.0000,0.0000,-0.0000,0.0000,-0.0000,-0.0000,-0.0000
58,-3.0000,9.0000,0.0005,-0.7071,0.0000,0.0000,0.7071,-0.0000,-0.0000,0.0001,-0.0000,0.0001,0.0001,0.0001,-0.0000,-0.0000,0.0000,-0.0000,-0.0000,-0.0000,0.0000,0.0000,-0.0000,0.0000,-0.0000,-0.0000,-0.0000
127,3.0000,-7.0000,0.0005,0.7071,0.0000,0.0000,0.7071,-0.0000,-0.0000,0.0001,-0.0000,0.0001,0.0001,0.0001,-0.0000,-0.0000,0.0000,-0.0000,-0.0000,-0.0000,0.0000,0.0000,-0.0000,0.0000,-0.0000,-0.0000,-0.0000
130,-1.0000,9.0000,0.0005,1.0000,0.0000,0.0000,0.0000,-0.0000,-0.0000,0.0001,-0.0000,0.0001,0.0001,0.0001,-0.0000,-0.0000,0.0000,-0.0000,-0.0000,-0.0000,0.0000,0.0000,-0.0000,0.0000,-0.0000,-0.0000,-0.0000
131,9.0000,1.0000,0.0005,0.7071,0.0000,0.0000,0.7071,-0.0000,-0.0000,0.0001,-0.0000,0.0001,0.0001,0.0001,-0.0000,-0.0000,0.0000,-0.0000,-0.0000,-0.0000,0.0000,0.0000,-0.0000,0.0000,-0.0000,-0.0000,-0.0000
132,7.0000,9.0000,0.0005,-0.7071,0.0000,0.0000,0.7071,-0.0000,-0.0000,0.0001,-0.0000,0.0001,0.0001,0.0001,-0.0000,-0.0000,0.0000,-0.0000,-0.0000,-0.0000,0.0000,0.0000,-0.0000,0.0000,-0.0000,-0.0000,-0.0000
133,9.0000,-3.0000,0.0005,1.0000,0.0000,0.0000,0.0000,-0.0000,-0.0000,0.0001,-0.0000,0.0001,0.0001,0.0001,-0.0000,-0.0000,0.0000,-0.0000,-0.0000,-0.0000,0.0000,0.0000,-0.0000,0.0000,-0.0000,-0.0000,-0.0000
134,5.0000,1.0000,0.0005,1.0000,0.0000,0.0000,0.0000,-0.0000,-0.0000,0.0001,-0.0000,0.0001,0.0001,0.0001,-0.0000,-0.0000,0.0000,-0.0000,-0.0000,-0.0000,0.0000,0.0000,-0.0000,0.0000,-0.0000,-0.0000,-0.0000
135,-3.0000,-9.0000,0.0005,1.0000,0.0000,0.0000,0.0000,-0.0000,-0.0000,0.0001,-0.0000,0.0001,0.0001,0.0001,-0.0000,-0.0000,0.0000,-0.0000,-0.0000,-0.0000,0.0000,0.0000,-0.0000,0.0000,-0.0000,-0.0000,-0.0000
136,9.0000,7.0000,0.0005,1.0000,0.0000,0.0000,0.0000,-0.0000,-0.0000,0.0001,-0.0000,0.0001,0.0001,0.0001,-0.0000,-0.0000,0.0000,-0.0000,-0.0000,-0.0000,0.0000,0.0000,-0.0000,0.0000,-0.0000,-0.0000,-0.0000
138,-7.0000,-7.0000,0.0005,1.0000,0.0000,0.0000,0.0000,-0.0000,-0.0000,0.0001,-0.0000,0.0001,0.0001,0.0001,-0.0000,-0.0000,0.0000,-0.0000,-0.0000,-0.0000,0.0000,0.0000,-0.0000,0.0000,-0.0000,-0.0000,-0.0000
139,7.0000,3.0000,0.0005,0.7071,0.0000,0.0000,0.7071,-0.0000,-0.0000,0.0001,-0.0000,0.0001,0.0001,0.0001,-0.0000,-0.0000,0.0000,-0.0000,-0.0000,-0.0000,0.0000,0.0000,-0.0000,0.0000,-0.0000,-0.0000,-0.0000
140,5.0000,7.0000,0.0005,1.0000,0.0000,0.0000,0.0000,-0.0000,-0.0000,0.0001,-0.0000,0.0001,0.0001,0.0001,-0.0000,-0.0000,0.0000,-0.0000,-0.0000,-0.0000,0.0000,0.0000,-0.0000,0.0000,-0.0000,-0.0000,-0.0000
141,5.0000,-5.0000,0.0005,0.7071,0.0000,0.0000,0.7071,-0.0000,-0.0000,0.0001,-0.0000,0.0001,0.0001,0.0001,-0.0000,-0.0000,0.0000,-0.0000,-0.0000,-0.0000,0.0000,0.0000,-0.0000,0.0000,-0.0000,-0.0000,-0.0000
144,1.0000,-9.0000,0.0005,1.0000,0.0000,0.0000,0.0000,-0.0000,-0.0000,0.0001,-0.0000,0.0001,0.0001,0.0001,-0.0000,-0.0000,0.0000,-0.0000,-0.0000,-0.0000,0.0000,0.0000,-0.0000,0.0000,-0.0000,-0.0000,-0.0000
145,3.0000,9.0000,0.0005,1.0000,0.0000,0.0000,0.0000,-0.0000,-0.0000,0.0001,-0.0000,0.0001,0.0001,0.0001,-0.0000,-0.0000,0.0000,-0.0000,-0.0000,-0.0000,0.0000,0.0000,-0.0000,0.0000,-0.0000,-0.0000,-0.0000
146,9.0000,7.0000,0.0005,-0.7071,0.0000,0.0000,0.7071,-0.0000,-0.0000,0.0001,-0.0000,0.0001,0.0001,0.0001,-0.0000,-0.0000,0.0000,-0.0000,-0.0000,-0.0000,0.0000,0.0000,-0.0000,0.0000,-0.0000,-0.0000,-0.0000
147,-3.0000,1.0000,0.0005,0.7071,0.0000,0.0000,0.7071,-0.0000,-0.0000,0.0001,-0.0000,0.0001,0.0001,0.0001,-0.0000,-0.0000,0.0000,-0.0000,-0.0000,-0.0000,0.0000,0.0000,-0.0000,0.0000,-0.0000,-0.0000,-0.0000
148,7.0000,-3.0000,0.0005,0.7071,0.0000,0.0000,0.7071,-0.0000,-0.0000,0.0001,-0.0000,0.0001,0.0001,0.0001,-0.0000,-0.0000,0.0000,-0.0000,-0.0000,-0.0000,0.0000,0.0000,-0.0000,0.0000,-0.0000,-0.0000,-0.0000
151,7.0000,7.0000,0.0005,1.0000,0.0000,0.0000,0.0000,-0.0000,-0.0000,0.0001,-0.0000,0.0001,0.0001,0.0001,-0.0000,-0.0000,0.0000,-0.0000,-0.0000,-0.0000,0.0000,0.0000,-0.0000,0.0000,-0.0000,-0.0000,-0.0000
152,1.0000,5.0000,0.0005,0.7071,0.0000,0.0000,0.7071,-0.0000,-0.0000,0.0001,-0.0000,0.0001,0.0001,0.0001,-0.0000,-0.0000,0.0000,-0.0000,-0.0000,-0.0000,0.0000,0.0000,-0.0000,0.0000,-0.0000,-0.0000,-0.0000
153,-5.0000,1.0000,0.0005,0.7071,0.0000,0.0000,0.7071,-0.0000,-0.0000,0.0001,-0.0000,0.0001,0.0001,0.0001,-0.0000,-0.0000,0.0000,-0.0000,-0.0000,-0.0000,0.0000,0.0000,-0.0000,0.0000,-0.0000,-0.0000,-0.0000
154,-3.0000,9.0000,0.0005,1.0000,0.0000,0.0000,0.0000,-0.0000,-0.0000,0.0001,-0.0000,0.0001,0.0001,0.0001,-0.0000,-0.0000,0.0000,-0.0000,-0.0000,-0.0000,0.0000,0.0000,-0.0000,0.0000,-0.0000,-0.0000,-0.0000
155,-7.0000,3.0000,0.0005,0.7071,0.0000,0.0000,0.7071,-0.0000,-0.0000,0.0001,-0.0000,0.0001,0.0001,0.0001,-0.0000,-0.0000,0.0000,-0.0000,-0.0000,-0.0000,0.0000,0.0000,-0.0000,0.0000,-0.0000,-0.0000,-0.0000
156,-5.0000,-1.0000,0.0005,0.7071,0.0000,0.0000,0.7071,-0.0000,-0.0000,0.0001,-0.0000,0.0001,0.0001,0.0001,-0.0000,-0.0000,0.0000,-0.0000,-0.0000,-0.0000,0.0000,0.0000,-0.0000,0.0000,-0.0000,-0.0000,-0.0000
160,9.0000,-3.0000,0.0005,0.7071,0.0000,0.0000,0.7071,-0.0000,-0.0000,0.0001,-0.0000,0.0001,0.0001,0.0001,-0.0000,-0.0000,0.0000,-0.0000,-0.0000,-0.0000,0.0000,0.0000,-0.0000,0.0000,-0.0000,-0.0000,-0.0000
161,7.0000,-1.0000,0.0005,1.0000,0.0000,0.0000,0.0000,-0.0000,-0.0000,0.0001,-0.0000,0.0001,0.0001,0.0001,-0.0000,-0.0000,0.0000,-0.0000,-0.0000,-0.0000,0.0000,0.0000,-0.0000,0.0000,-0.0000,-0.0000,-0.0000
164,-5.0000,9.0000,0.0005,1.0000,0.0000,0.0000,0.0000,-0.0000,-0.0000,0.0001,-0.0000,0.0001,0.0001,0.0001,-0.0000,-0.0000,0.0000,-0.0000,-0.0000,-0.0000,0.0000,0.0000,-0.0000,0.0000,-0.0000,-0.0000,-0.0000
165,-3.0000,-5.0000,0.0005,0.7071,0.0000,0.0000,0.7071,-0.0000,-0.0000,0.0001,-0.0000,0.0001,0.0001,0.0001,-0.0000,-0.0000,0.0000,-0.0000,-0.0000,-0.0000,0.0000,0.0000,-0.0000,0.0000,-0.0000,-0.0000,-0.0000
166,1.0000,-9.0000,0.0005,0.7071,0.0000,0.0000,0.7071,-0.0000,-0.0000,0.0001,-0.0000,0.0001,0.0001,0.0001,-0.0000,-0.0000,0.0000,-0.0000,-0.0000,-0.0000,0.0000,0.0000,-0.0000,0.0000,-0.0000,-0.0000,-0.0000
167,-7.0000,-1.0000,0.0005,1.0000,0.0000,0.0000,0.0000,-0.0000,-0.0000,0.0001,-0.0000,0.0001,0.0001,0.0001,-0.0000,-0.0000,0.0000,-0.0000,-0.0000,-0.0000,0.0000,0.0000,-0.0000,0.0000,-0.0000,-0.0000,-0.0000
168,9.0000,-7.0000,0.0005,0.7071,0.0000,0.0000,0.7071,-0.0000,-0.0000,0.0001,-0.0000,0.0001,0.0001,0.0001,-0.0000,-0.0000,0.0000,-0.0000,-0.0000,-0.0000,0.0000,0.0000,-0.0000,0.0000,-0.0000,-0.0000,-0.0000
169,-7.0000,-5.0000,0.0005,-0.7071,0.0000,0.0000,0.7071,-0.0000,-0.0000,0.0001,-0.0000,0.0001,0.0001,0.0001,-0.0000,-0.0000,0.0000,-0.0000,-0.0000,-0.0000,0.0000,0.0000,-0.0000,0.0000,-0.0000,-0.0000,-0.0000
170,-5.0000,-9.0000,0.0005,1.0000,0.0000,0.0000,0.0000,-0.0000,-0.0000,0.0001,-0.0000,0.0001,0.0001,0.0001,-0.0000,-0.0000,0.0000,-0.0000,-0.0000,-0.0000,0.0000,0.0000,-0.0000,0.0000,-0.0000,-0.0000,-0.0000
171,-5.0000,-5.0000,0.0005,1.0000,0.0000,0.0000,0.0000,-0.0000,-0.0000,0.0001,-0.0000,0.0001,0.0001,0.0001,-0.0000,-0.0000,0.0000,-0.0000,-0.0000,-0.0000,0.0000,0.0000,-0.0000,0.0000,-0.0000,-0.0000,-0.0000
174,3.0000,-3.0000,0.0005,1.0000,0.0000,0.0000,0.0000,-0.0000,-0.0000,0.0001,-0.0000,0.0001,0.0001,0.0001,-0.0000,-0.0000,0.0000,-0.0000,-0.0000,-0.0000,0.0000,0.0000,-0.0000,0.0000,-0.0000,-0.0000,-0.0000
178,5.0000,-1.0000,0.0005,1.0000,0.0000,0.0000,0.0000,-0.0000,-0.0000,0.0001,-0.0000,0.0001,0.0001,0.0001,-0.0000,-0.0000,0.0000,-0.0000,-0.0000,-0.0000,0.0000,0.0000,-0.0000,0.0000,-0.0000,-0.0000,-0.0000
179,-7.0000,-3.0000,0.0005,-0.7071,0.0000,0.0000,0.7071,-0.0000,-0.0000,0.0001,-0.0000,0.0001,0.0001,0.0001,-0.0000,-0.0000,0.0000,-0.0000,-0.0000,-0.0000,0.0000,0.0000,-0.0000,0.0000,-0.0000,-0.0000,-0.0000
180,-7.0000,5.0000,0.0005,1.0000,0.0000,0.0000,0.0000,-0.0000,-0.0000,0.0001,-0.0000,0.0001,0.0001,0.0001,-0.0000,-0.0000,0.0000,-0.0000,-0.0000,-0.0000,0.0000,0.0000,-0.0000,0.0000,-0.0000,-0.0000,-0.0000
181,1.0000,-3.0000,0.0005,1.0000,0.0000,0.0000,0.0000,-0.0000,-0.0000,0.0001,-0.0000,0.0001,0.0001,0.0001,-0.0000,-0.0000,0.0000,-0.0000,-0.0000,-0.0000,0.0000,0.0000,-0.0000,0.0000,-0.0000,-0.0000,-0.0000
184,1.0000,-5.0000,0.0005,-0.7071,0.0000,0.0000,0.7071,-0.0000,-0.0000,0.0001,-0.0000,0.0001,0.0001,0.0001,-0.0000,-0.0000,0.0000,-0.0000,-0.0000,-0.0000,0.0000,0.0000,-0.0000,0.0000,-0.0000,-0.0000,-0.0000
185,-5.0000,9.0000,0.0005,0.7071,0.0000,0.0000,0.7071,-0.0000,-0.0000,0.0001,-0.0000,0.0001,0.0001,0.0001,-0.0000,-0.0000,0.0000,-0.0000,-0.0000,-0.0000,0.0000,0.0000,-0.0000,0.0000,-0.0000,-0.0000,-0.0000
186,-5.0000,-5.0000,0.0005,0.7071,0.0000,0.0000,0.7071,-0.0000,-0.0000,0.0001,-0.0000,0.0001,0.0001,0.0001,-0.0000,-0.0000,0.0000,-0.0000,-0.0000,-0.0000,0.0000,0.0000,-0.0000,0.0000,-0.0000,-0.0000,-0.0000
188,3.0000,9.0000,0.0005,0.7071,0.0000,0.0000,0.7071,-0.0000,-0.0000,0.0001,-0.0000,0.0001,0.0001,0.0001,-0.0000,-0.0000,0.0000,-0.0000,-0.0000,-0.0000,0.0000,0.0000,-0.0000,0.0000,-0.0000,-0.0000,-0.0000
190,9.0000,-1.0000,0.0005,0.7071,0.0000,0.0000,0.7071,-0.0000,-0.0000,0.0001,-0.0000,0.0001,0.0001,0.0001,-0.0000,-0.0000,0.0000,-0.0000,-0.0000,-0.0000,0.0000,0.0000,-0.0000,0.0000,-0.0000,-0.0000,-0.0000
191,-3.0000,-7.0000,0.0005,1.0000,0.0000,0.0000,0.0000,-0.0000,-0.0000,0.0001,-0.0000,0.0001,0.0001,0.0001,-0.0000,-0.0000,0.0000,-0.0000,-0.0000,-0.0000,0.0000,0.0000,-0.0000,0.0000,-0.0000,-0.0000,-0.0000
192,9.0000,-5.0000,0.0005,-0.7071,0.0000,0.0000,0.7071,-0.0000,-0.0000,0.0001,-0.0000,0.0001,0.0001,0.0001,-0.0000,-0.0000,0.0000,-0.0000,-0.0000,-0.0000,0.0000,0.0000,-0.0000,0.0000,-0.0000,-0.0000,-0.0000
193,-7.0000,1.0000,0.0005,0.7071,0.0000,0.0000,0.7071,-0.0000,-0.0000,0.0001,-0.0000,0.0001,0.0001,0.0001,-0.0000,-0.0000,0.0000,-0.0000,-0.0000,-0.0000,0.0000,0.0000,-0.0000,0.0000,-0.0000,-0.0000,-0.0000
195,1.0000,-7.0000,0.0005,-0.7071,0.0000,0.0000,0.7071,-0.0000,-0.0000,0.0001,-0.0000,0.0001,0.0001,0.0001,-0.0000,-0.0000,0.0000,-0.0000,-0.0000,-0.0000,0.0000,0.0000,-0.0000,0.0000,-0.0000,-0.0000,-0.0000
196,-5.0000,7.0000,0.0005,0.7071,0.0000,0.0000,0.7071,-0.0000,-0.0000,0.0001,-0.0000,0.0001,0.0001,0.0001,-0.0000,-0.0000,0.0000,-0.0000,-0.0000,-0.0000,0.0000,0.0000,-0.0000,0.0000,-0.0000,-0.0000,-0.0000
197,-7.0000,7.0000,0.0005,0.7071,0.0000,0.0000,0.7071,-0.0000,-0.0000,0.0001,-0.0000,0.0001,0.0001,0.0001,-0.0000,-0.0000,0.0000,-0.0000,-0.0000,-0.0000,0.0000,0.0000,-0.0000,0.0000,-0.0000,-0.0000,-0.0000
198,-9.0000,-7.0000,0.0005,1.0000,0.0000,0.0000,0.0000,-0.0000,-0.0000,0.0001,-0.0000,0.0001,0.0001,0.0001,-0.0000,-0.0000,0.0000,-0.0000,-0.0000,-0.0000,0.0000,0.0000,-0.0000,0.0000,-0.0000,-0.0000,-0.0000
201,9.0000,1.0000,0.0005,1.0000,0.0000,0.0000,0.0000,-0.0000,-0.0000,0.0001,-0.0000,0.0001,0.0001,0.0001,-0.0000,-0.0000,0.0000,-0.0000,-0.0000,-0.0000,0.0000,0.0000,-0.0000,0.0000,-0.0000,-0.0000,-0.0000
202,1.0000,9.0000,0.0005,1.0000,0.0000,0.0000,0.0000,-0.0000,-0.0000,0.0001,-0.0000,0.0001,0.0001,0.0001,-0.0000,-0.0000,0.0000,-0.0000,-0.0000,-0.0000,0.0000,0.0000,-0.0000,0.0000,-0.0000,-0.0000,-0.0000
209,5.0000,1.0000,0.0005,0.7071,0.0000,0.0000,0.7071,-0.0000,-0.0000,0.0001,-0.0000,0.0001,0.0001,0.0001,-0.0000,-0.0000,0.0000,-0.0000,-0.0000,-0.0000,0.0000,0.0000,-0.0000,0.0000,-0.0000,-0.0000,-0.0000
210,-7.0000,-5.0000,0.0005,0.7071,0.0000,0.0000,0.7071,-0.0000,-0.0000,0.0001,-0.0000,0.0001,0.0001,0.0001,-0.0000,-0.0000,0.0000,-0.0000,-0.0000,-0.0000,0.0000,0.0000,-0.0000,0.0000,-0.0000,-0.0000,-0.0000
215,1.0000,3.0000,0.0005,0.7071,0.0000,0.0000,0.7071,-0.0000,-0.0000,0.0001,-0.0000,0.0001,0.0001,0.0001,-0.0000,-0.0000,0.0000,-0.0000,-0.0000,-0.0000,0.0000,0.0000,-0.0000,0.0000,-0.0000,-0.0000,-0.0000
216,9.0000,7.0000,0.0005,0.7071,0.0000,0.0000,0.7071,-0.0000,-0.0000,0.0001,-0.0000,0.0001,0.0001,0.0001,-0.0000,-0.0000,0.0000,-0.0000,-0.0000,-0.0000,0.0000,0.0000,-0.0000,0.0000,-0.0000,-0.0000,-0.0000
222,-3.0000,7.0000,0.0005,1.0000,0.0000,0.0000,0.0000,-0.0000,-0.0000,0.0001,-0.0000,0.0001,0.0001,0.0001,-0.0000,-0.0000,0.0000,-0.0000,-0.0000,-0.0000,0.0000,0.0000,-0.0000,0.0000,-0.0000,-0.0000,-0.0000
223,-5.0000,-7.0000,0.0005,0.7071,0.0000,0.0000,0.7071,-0.0000,-0.0000,0.0001,-0.0000,0.0001,0.0001,0.0001,-0.0000,-0.0000,0.0000,-0.0000,-0.0000,-0.0000,0.0000,0.0000,-0.0000,0.0000,-0.0000,-0.0000,-0.0000
224,-1.0000,-3.0000,0.0005,0.7071,0.0000,0.0000,0.7071,-0.0000,-0.0000,0.0001,-0.0000,0.0001,0.0001,0.0001,-0.0000,-0.0000,0.0000,-0.0000,-0.0000,-0.0000,0.0000,0.0000,-0.0000,0.0000,-0.0000,-0.0000,-0.0000
225,-1.0000,-7.0000,0.0005,1.0000,0.0000,0.0000,0.0000,-0.0000,-0.0000,0.0001,-0.0000,0.0001,0.0001,0.0001,-0.0000,-0.0000,0.0000,-0.0000,-0.0000,-0.0000,0.0000,0.0000,-0.0000,0.0000,-0.0000,-0.0000,-0.0000
226,9.0000,-9.0000,0.0005,1.0000,0.0000,0.0000,0.0000,-0.0000,-0.0000,0.0001,-0.0000,0.0001,0.0001,0.0001,-0.0000,-0.0000,0.0000,-0.0000,-0.0000,-0.0000,0.0000,0.0000,-0.0000,0.0000,-0.0000,-0.0000,-0.0000
227,-7.0000,-7.0000,0.0005,0.7071,0.0000,0.0000,0.7071,-0.0000,-0.0000,0.0001,-0.0000,0.0001,0.0001,0.0001,-0.0000,-0.0000,0.0000,-0.0000,-0.0000,-0.0000,0.0000,0.0000,-0.0000,0.0000,-0.0000,-0.0000,-0.0000
229,3.0000,3.0000,0.0005,0.7071,0.0000,0.0000,0.7071,-0.0000,-0.0000,0.0001,-0.0000,0.0001,0.0001,0.0001,-0.0000,-0.0000,0.0000,-0.0000,-0.0000,-0.0000,0.0000,0.0000,-0.0000,0.0000,-0.0000,-0.0000,-0.0000
230,-3.0000,-3.0000,0.0005,0.7071,0.0000,0.0000,0.7071,-0.0000,-0.0000,0.0001,-0.0000,0.0001,0.0001,0.0001,-0.0000,-0.0000,0.0000,-0.0000,-0.0000,-0.0000,0.0000,0.0000,-0.0000,0.0000,-0.0000,-0.0000,-0.0000
231,-3.0000,5.0000,0.0005,0.7071,0.0000,0.0000,0.7071,-0.0000,-0.0000,0.0001,-0.0000,0.0001,0.0001,0.0001,-0.0000,-0.0000,0.0000,-0.0000,-0.0000,-0.0000,0.0000,0.0000,-0.0000,0.0000,-0.0000,-0.0000,-0.0000
232,-9.0000,1.0000,0.0005,1.0000,0.0000,0.0000,0.0000,-0.0000,-0.0000,0.0001,-0.0000,0.0001,0.0001,0.0001,-0.0000,-0.0000,0.0000,-0.0000,-0.0000,-0.0000,0.0000,0.0000,-0.0000,0.0000,-0.0000,-0.0000,-0.0000
233,-9.0000,5.0000,0.0005,1.0000,0.0000,0.0000,0.0000,-0.0000,-0.0000,0.0001,-0.0000,0.0001,0.0001,0.0001,-0.0000,-0.0000,0.0000,-0.0000,-0.0000,-0.0000,0.0000,0.0000,-0.0000,0.0000,-0.0000,-0.0000,-0.0000
237,7.0000,-9.0000,0.0005,0.7071,0.0000,0.0000,0.7071,-0.0000,-0.0000,0.0001,-0.0000,0.0001,0.0001,0.0001,-0.0000,-0.0000,0.0000,-0.0000,-0.0000,-0.0000,0.0000,0.0000,-0.0000,0.0000,-0.0000,-0.0000,-0.0000
238,-9.0000,-1.0000,0.0005,0.7071,0.0000,0.0000,0.7071,-0.0000,-0.0000,0.0001,-0.0000,0.0001,0.0001,0.0001,-0.0000,-0.0000,0.0000,-0.0000,-0.0000,-0.0000,0.0000,0.0000,-0.0000,0.0000,-0.0000,-0.0000,-0.0000
239,-9.0000,-5.0000,0.0005,1.0000,0.0000,0.0000,0.0000,-0.0000,-0.0000,0.0001,-0.0000,0.0001,0.0001,0.0001,-0.0000,-0.0000,0.0000,-0.0000,-0.0000,-0.0000,0.0000,0.0000,-0.0000,0.0000,-0.0000,-0.0000,-0.0000
242,7.0000,7.0000,0.0005,0.7071,0.0000,0.0000,0.7071,-0.0000,-0.0000,0.0001,-0.0000,0.0001,0.0001,0.0001,-0.0000,-0.0000,0.0000,-0.0000,-0.0000,-0.0000,0.0000,0.0000,-0.0000,0.0000,-0.0000,-0.0000,-0.0000
246,-5.0000,3.0000,0.0005,1.0000,0.0000,0.0000,0.0000,-0.0000,-0.0000,0.0001,-0.0000,0.0001,0.0001,0.0001,-0.0000,-0.0000,0.0000,-0.0000,-0.0000,-0.0000,0.0000,0.0000,-0.0000,0.0000,-0.0000,-0.0000,-0.0000
247,9.0000,-5.0000,0.0005,0.7071,0.0000,0.0000,0.7071,-0.0000,-0.0000,0.0001,-0.0000,0.0001,0.0001,0.0001,-0.0000,-0.0000,0.0000,-0.0000,-0.0000,-0.0000,0.0000,0.0000,-0.0000,0.0000,-0.0000,-0.0000,-0.0000
248,3.0000,-5.0000,0.0005,1.0000,0.0000,0.0000,0.0000,-0.0000,-0.0000,0.0001,-0.0000,0.0001,0.0001,0.0001,-0.0000,-0.0000,0.0000,-0.0000,-0.0000,-0.0000,0.0000,0.0000,-0.0000,0.0000,-0.0000,-0.0000,-0.0000
250,9.0000,-7.0000,0.0005,1.0000,0.0000,0.0000,0.0000,-0.0000,-0.0000,0.0001,-0.0000,0.0001,0.0001,0.0001,-0.0000,-0.0000,0.0000,-0.0000,-0.0000,-0.0000,0.0000,0.0000,-0.0000,0.0000,-0.0000,-0.0000,-0.0000
252,3.0000,-9.0000,0.0005,0.7071,0.0000,0.0000,0.7071,-0.0000,-0.0000,0.0001,-0.0000,0.0001,0.0001,0.0001,-0.0000,-0.0000,0.0000,-0.0000,-0.0000,-0.0000,0.0000,0.0000,-0.0000,0.0000,-0.0000,-0.0000,-0.0000
255,3.0000,-1.0000,0.0005,1.0000,0.0000,0.0000,0.0000,-0.0000,-0.0000,0.0001,-0.0000,0.0001,0.0001,0.0001,-0.0000,-0.0000,0.0000,-0.0000,-0.0000,-0.0000,0.0000,0.0000,-0.0000,0.0000,-0.0000,-0.0000,-0.0000

